-0.043954 -0.015421 -0.463705 1.000000
0.247749 -0.036340 -0.281127 1.000000
-0.019629 0.003414 0.525680 1.000000
0.192877 0.081090 -0.089624 0.000000
0.037439 -0.101910 -0.169384 1.000000
0.022292 -0.046841 0.270606 1.000000
-0.776576 0.083934 -0.083599 2.000000
-0.014758 -0.029301 0.309965 1.000000
-0.520882 0.012592 0.080313 0.000000
-0.288612 -0.034228 0.089886 0.000000
0.076038 0.116311 -0.044634 0.000000
-0.895188 0.103529 0.374578 2.000000
-0.118815 0.009157 0.667773 1.000000
0.243216 -0.100615 -0.299680 3.000000
-0.124418 -0.069674 -0.104771 0.000000
0.037777 -0.014915 0.531874 1.000000
-0.618745 0.114227 0.008239 2.000000
0.262079 -0.057286 0.159876 1.000000
0.227000 -0.084680 -0.052855 0.000000
0.306140 -0.078036 -0.301398 3.000000
-0.077260 -0.107316 0.059423 0.000000
0.543619 0.063888 -0.101139 0.000000
0.869726 0.034636 0.044896 0.000000
-0.727926 0.161216 0.004410 2.000000
-0.021515 -0.005399 -0.473672 1.000000
-0.049331 0.019123 0.769719 1.000000
0.448768 -0.052162 0.084930 0.000000
-0.453678 0.029034 0.092701 0.000000
0.607613 0.021038 0.107003 0.000000
-0.676122 0.202659 0.006775 2.000000
0.146395 -0.084708 0.047204 0.000000
-0.165860 -0.095266 -0.037905 0.000000
0.661415 -0.204109 0.015137 3.000000
-0.694986 0.084328 -0.111781 2.000000
-0.910532 0.100207 -0.310520 2.000000
0.360872 -0.107682 -0.066341 0.000000
-0.755601 0.081315 0.044614 2.000000
0.756378 -0.056808 0.076090 0.000000
-0.148546 -0.005962 -0.687445 1.000000
0.002951 0.001978 -0.509230 1.000000
-0.390304 -0.066436 -0.051053 0.000000
0.107908 -0.044702 -0.315390 1.000000
0.489422 0.104542 -0.063891 0.000000
-0.132132 -0.038761 -0.100153 0.000000
-0.047839 -0.016688 0.412304 1.000000
0.022855 0.023431 -0.112682 0.000000
0.253943 -0.074460 0.341328 3.000000
0.070886 -0.166214 -0.223637 3.000000
-0.137003 0.017885 -0.752874 1.000000
-0.133540 0.010931 -0.653575 1.000000
0.699591 0.115635 0.021331 0.000000
-0.622151 0.033060 0.068292 0.000000
0.723156 -0.086764 -0.047646 0.000000
0.692863 -0.051430 -0.091257 0.000000
0.261910 -0.065620 0.075612 0.000000
0.153208 -0.115255 0.306136 3.000000
-0.122419 -0.085243 -0.053165 0.000000
0.380354 0.076445 -0.092777 0.000000
-0.514209 0.107302 -0.051672 0.000000
0.083724 -0.082822 -0.115244 0.000000
0.117002 -0.017420 0.263539 1.000000
0.382691 0.102628 0.060324 0.000000
0.345133 -0.099320 0.094503 0.000000
-0.154543 -0.041154 0.092138 0.000000
-0.173124 0.011015 0.691845 1.000000
0.483116 0.115776 0.040644 0.000000
-0.103837 0.001471 0.566982 1.000000
0.039917 -0.154615 -0.197622 3.000000
-0.580793 0.045278 -0.083120 0.000000
0.364982 0.070476 0.091209 0.000000
0.074349 -0.084173 0.326576 1.000000
0.254731 -0.050783 -0.201057 1.000000
-0.083454 0.077402 0.085268 0.000000
0.028627 -0.112524 -0.041312 0.000000
-0.168225 -0.092817 -0.055192 0.000000
-0.769988 0.071884 -0.084275 2.000000
0.211881 -0.019335 -0.182447 1.000000
0.779605 0.087594 -0.054966 0.000000
-0.014589 -0.020743 0.108889 1.000000
0.658121 -0.095801 -0.023575 0.000000
0.161316 -0.009819 0.403070 1.000000
-0.174504 0.043082 0.102330 0.000000
0.366587 -0.026796 -0.115216 0.000000
0.328100 -0.110582 0.056016 0.000000
-0.219719 0.006933 -0.113330 0.000000
0.244596 -0.095998 -0.359676 3.000000
-0.127402 0.118591 0.026793 0.000000
0.310842 -0.093126 -0.029938 0.000000
0.394262 -0.157543 0.353547 3.000000
-0.135060 0.046264 -0.914957 1.000000
0.091776 -0.031666 0.402028 1.000000
0.082739 -0.045096 -0.295851 1.000000
-0.715594 0.086608 0.164437 2.000000
0.016521 -0.176884 0.216860 3.000000
0.068183 0.007440 0.547246 1.000000
0.464394 -0.097997 -0.000235 0.000000
-0.231009 0.122730 0.005199 0.000000
0.443841 -0.083695 0.048781 0.000000
0.378777 -0.058863 0.329194 3.000000
0.106219 0.001274 -0.543578 1.000000
-0.167662 -0.023868 0.099458 0.000000
0.039522 -0.067422 0.212017 1.000000
0.129052 -0.011846 0.312020 1.000000
-0.049022 -0.015478 -0.427190 1.000000
0.262502 -0.081499 -0.331776 1.000000
0.654855 -0.096477 0.012350 0.000000
-0.610101 0.158148 0.006240 2.000000
0.260390 -0.020714 0.150811 1.000000
0.049545 -0.147238 -0.242218 3.000000
-0.758726 0.090494 -0.236024 2.000000
0.602686 0.057019 -0.105728 0.000000
-0.759599 0.353648 -0.010624 2.000000
-0.447062 -0.054133 0.045628 0.000000
-0.069011 0.010677 0.603582 1.000000
0.053965 -0.110582 -0.081572 0.000000
0.026656 -0.015478 -0.366912 1.000000
0.286320 -0.110948 0.067053 0.000000
0.159852 -0.015619 0.244676 1.000000
-0.422540 0.072165 -0.088385 0.000000
-0.211892 -0.081048 0.052807 0.000000
0.288713 -0.123899 -0.274314 3.000000
0.024742 0.010790 -0.570493 1.000000
0.105065 0.103388 -0.064792 0.000000
0.034455 -0.051627 -0.236756 1.000000
0.074884 -0.016210 0.311992 1.000000
-0.124164 -0.038508 0.093883 0.000000
-0.826661 0.331998 -0.006513 2.000000
-0.065661 -0.110863 0.000159 0.000000
0.328100 0.065915 -0.099816 0.000000
-0.011718 -0.070322 0.256754 1.000000
0.453808 0.103726 0.058691 0.000000
0.224156 -0.082709 -0.326173 1.000000
0.581767 0.047249 0.101738 0.000000
-0.168169 0.034242 0.895679 1.000000
-0.853689 0.086130 -0.200663 2.000000
-0.162566 -0.091296 0.057931 0.000000
0.031245 -0.017139 0.340090 1.000000
0.146958 -0.054133 -0.339068 1.000000
-0.541293 0.006736 0.076034 0.000000
-0.141592 0.032891 0.900043 1.000000
0.331957 -0.094224 0.102808 0.000000
0.359942 -0.040394 0.114830 1.000000
0.305436 -0.068689 0.328012 3.000000
0.386604 -0.113679 0.265341 3.000000
-0.709344 0.373919 -0.005049 2.000000
-0.759430 0.088354 0.118940 2.000000
0.112948 0.121463 -0.018789 0.000000
0.026149 -0.174519 0.239467 3.000000
-0.890402 0.106654 -0.352976 2.000000
-0.041476 0.122364 -0.014312 0.000000
-0.413080 0.100826 -0.064454 0.000000
-0.025682 -0.055372 0.330208 1.000000
-0.174053 0.029456 0.844833 1.000000
-0.117182 -0.094421 0.017248 0.000000
0.016211 -0.011367 0.556593 1.000000
0.285053 -0.026317 -0.239149 1.000000
-0.118140 0.031483 0.772928 1.000000
0.818880 -0.088734 0.013279 0.000000
0.252000 -0.056892 0.081693 0.000000
-0.021487 -0.053964 -0.172228 1.000000
0.165427 -0.139271 -0.332874 3.000000
-0.189594 0.029878 0.808121 1.000000
0.073166 0.123490 0.002355 0.000000
0.074715 -0.097180 -0.243175 1.000000
-0.312486 0.118535 0.022119 0.000000
0.333196 0.121435 -0.021266 0.000000
-0.748928 0.106344 -0.024785 0.000000
0.179870 -0.011621 -0.346275 1.000000
-0.111101 0.034552 0.789595 1.000000
-0.447287 0.063522 -0.092721 0.000000
-0.031566 -0.025782 0.367061 1.000000
0.010355 0.015154 -0.611513 1.000000
0.588862 0.018504 0.107482 0.000000
-0.304659 -0.070491 -0.060597 0.000000
0.468532 0.057891 0.098698 0.000000
0.005456 -0.048108 0.108833 1.000000
0.021898 -0.153010 -0.185235 3.000000
0.084541 -0.079190 -0.334310 1.000000
0.071702 -0.087298 0.235864 1.000000
-0.549965 -0.009143 0.064181 0.000000
0.125110 -0.051824 0.109340 1.000000
0.125026 -0.002161 0.505466 1.000000
0.046082 -0.067760 0.263117 1.000000
0.339615 -0.066999 0.356306 3.000000
-0.164115 0.118056 -0.035934 0.000000
0.403750 -0.126798 -0.284224 3.000000
0.265852 -0.043744 0.218099 1.000000
0.142313 -0.065057 0.174432 1.000000
-0.047248 -0.000275 -0.523307 1.000000
-0.284276 0.023403 0.103033 0.000000
-0.746704 0.010931 0.008605 0.000000
0.273454 -0.023333 -0.225101 1.000000
-0.819848 0.074249 -0.081628 2.000000
-0.693888 0.109188 -0.012876 2.000000
-0.184329 0.032834 0.873860 1.000000
0.778789 -0.087158 -0.042382 0.000000
0.186458 -0.095435 0.327111 1.000000
-0.096658 0.006848 -0.661824 1.000000
-0.067237 0.009438 -0.715458 1.000000
0.039466 -0.131388 -0.197369 1.000000
0.094535 0.002034 0.489531 1.000000
0.060131 0.000429 -0.473052 1.000000
-0.465897 -0.060918 -0.027629 0.000000
0.688696 -0.193270 -0.009807 3.000000
-0.043954 -0.046644 0.235160 1.000000
-0.189763 0.041928 0.962376 1.000000
-0.715960 0.073038 -0.109698 2.000000
0.816036 0.011325 -0.090919 0.000000
-0.799127 0.095308 -0.291994 2.000000
-0.043250 0.028358 -0.735926 1.000000
0.932931 -0.022432 -0.050546 0.000000
0.499727 0.122111 -0.017775 0.000000
-0.028469 0.011043 -0.588765 1.000000
0.066297 0.102178 -0.066594 0.000000
-0.245846 0.122955 -0.009498 0.000000
-0.132780 0.013239 -0.669004 1.000000
-0.253081 -0.077501 0.052047 0.000000
0.384127 -0.090029 -0.095846 0.000000
0.059089 -0.032032 0.221928 1.000000
0.005034 -0.048953 -0.177943 1.000000
0.772229 0.058314 0.080313 0.000000
-0.841836 0.081372 0.076541 2.000000
0.491393 0.024501 0.106299 0.000000
-0.646110 0.297678 -0.004796 2.000000
-0.771846 0.085398 -0.043677 0.000000
0.074405 -0.020011 -0.108177 0.000000
0.083499 -0.042140 -0.333831 1.000000
0.301776 -0.043153 -0.203338 1.000000
0.168468 -0.137103 0.315596 3.000000
-0.120589 -0.021897 -0.107811 0.000000
-0.382421 -0.044110 -0.080727 0.000000
0.292401 -0.076825 -0.352525 3.000000
0.275931 -0.057315 0.334205 1.000000
0.132994 -0.028344 0.400677 1.000000
-0.186582 -0.000275 0.105680 0.000000
-0.254658 0.043420 -0.966056 1.000000
-0.026780 -0.043744 -0.264432 1.000000
0.335280 -0.018603 -0.115216 0.000000
0.053318 -0.150926 -0.223186 3.000000
-0.142549 0.044856 0.884615 1.000000
0.603361 0.112257 -0.052320 0.000000
0.000501 0.009101 0.552427 1.000000
0.154165 -0.011705 0.314723 1.000000
0.017900 -0.013197 -0.397234 1.000000
-0.200687 -0.095801 0.009928 0.000000
0.032597 -0.105542 -0.097113 0.000000
-0.511788 -0.049685 -0.028445 0.000000
-0.069461 -0.004892 -0.508498 1.000000
-0.790709 0.085229 0.215283 2.000000
-0.181458 -0.046278 0.091462 0.000000
-0.591970 -0.008552 0.054890 0.000000
0.313151 -0.093718 -0.109444 0.000000
0.061032 -0.072687 0.111142 1.000000
-0.052175 0.091592 0.075752 0.000000
0.527486 -0.093633 -0.028445 0.000000
0.328523 -0.054443 0.120151 1.000000
-0.674123 0.073798 -0.095508 2.000000
-0.739469 0.322116 0.004523 2.000000
0.846020 -0.033581 -0.081403 0.000000
-0.103584 -0.107795 0.001060 0.000000
-0.868357 0.084919 0.127246 2.000000
0.028514 0.015745 0.657272 1.000000
0.409859 -0.073728 -0.354130 3.000000
0.013677 -0.000556 0.479452 1.000000
0.028430 -0.066267 -0.326286 1.000000
0.053346 -0.076994 0.233161 1.000000
0.069844 -0.074685 -0.213952 1.000000
-0.052203 -0.004526 -0.574041 1.000000
-0.330814 0.066535 -0.095255 0.000000
-0.839134 0.097588 -0.330537 2.000000
-0.124530 0.114509 -0.048209 0.000000
0.242653 -0.096814 -0.370628 3.000000
-0.352155 -0.041126 -0.086048 0.000000
-0.068701 -0.048390 -0.093706 0.000000
0.201042 -0.113679 -0.008484 0.000000
0.006442 0.014309 -0.712389 1.000000
-0.145111 0.118732 -0.032556 0.000000
-0.285599 0.034045 -0.107276 0.000000
-0.005355 -0.054189 -0.218456 1.000000
0.008722 -0.052922 -0.115160 1.000000
0.384549 0.019687 0.107257 0.000000
-0.864895 0.090775 -0.189120 2.000000
0.083330 -0.030062 0.210356 1.000000
-0.028160 0.026415 0.740861 1.000000
-0.747774 0.070476 -0.079348 2.000000
-0.104513 0.003104 -0.620354 1.000000
-0.375298 0.110483 0.044135 0.000000
-0.289344 -0.083188 0.037012 0.000000
-0.148489 0.005919 0.697138 1.000000
-0.038182 -0.009875 -0.527784 1.000000
-0.554694 0.138552 -0.011750 2.000000
0.100082 -0.038986 0.348226 1.000000
0.390743 -0.177504 -0.346810 3.000000
0.300087 -0.179080 0.323986 3.000000
0.319542 -0.055879 -0.127097 1.000000
0.264698 0.121801 0.012997 0.000000
0.051741 -0.110723 0.071839 0.000000
0.131558 0.014506 0.108073 0.000000
0.179842 -0.133274 0.310810 3.000000
0.401160 -0.078008 -0.307282 3.000000
0.176914 -0.043857 -0.293233 1.000000
0.311658 -0.100728 0.382855 3.000000
-0.048656 0.023318 0.682019 1.000000
-0.885475 0.061608 -0.024842 0.000000
-0.151981 0.014619 -0.701522 1.000000
0.054444 -0.112806 0.028960 0.000000
-0.411672 0.097701 0.062745 0.000000
0.375455 -0.161878 0.370074 3.000000
0.100082 -0.055231 0.222660 1.000000
-0.827196 0.095139 -0.308436 2.000000
-0.725167 0.380620 -0.007217 2.000000
-0.082694 -0.023896 -0.107389 0.000000
-0.178727 -0.087608 -0.049645 0.000000
-0.021318 0.016956 -0.746990 1.000000
-0.093111 -0.004160 -0.535019 1.000000
-0.103302 0.040070 0.842046 1.000000
-0.797184 0.095167 0.198701 2.000000
0.912548 0.011663 0.036759 0.000000
0.132430 -0.027274 0.179584 1.000000
0.369064 -0.119788 -0.269612 3.000000
-0.105217 -0.051627 -0.109979 0.000000
0.718286 0.100094 -0.059809 0.000000
-0.010113 -0.057990 -0.326230 1.000000
-0.352042 0.068618 0.086873 0.000000
0.302114 -0.084230 0.288765 3.000000
-0.831729 0.086890 0.123530 2.000000
0.388659 -0.120098 -0.379356 3.000000
-0.061944 -0.012156 0.470611 1.000000
0.263572 0.028245 -0.111978 0.000000
0.472108 -0.060693 0.079187 0.000000
0.004893 -0.090733 -0.043057 0.000000
0.185810 -0.124687 0.299379 3.000000
0.347695 -0.073700 0.365034 3.000000
0.647394 0.114396 -0.048350 0.000000
-0.051753 -0.001147 0.513602 1.000000
-0.221746 0.108597 -0.056853 0.000000
-0.391880 0.046264 0.093715 0.000000
-0.363163 -0.055625 0.067306 0.000000
-0.301112 0.047080 0.097572 0.000000
0.355579 -0.109793 -0.029543 0.000000
-0.114423 0.005441 -0.606136 1.000000
-0.132385 0.040295 0.935236 1.000000
-0.124221 -0.050417 0.101232 0.000000
0.215879 -0.016688 -0.341039 1.000000
-0.164256 0.028611 -0.789925 1.000000
-0.762527 0.013267 -0.002910 0.000000
-0.828294 0.321609 -0.006260 2.000000
-0.806531 0.086721 -0.234560 2.000000
0.120212 0.029512 0.105032 0.000000
-0.257164 0.121913 0.007732 0.000000
0.439449 0.010705 0.108073 0.000000
-0.068532 0.016730 0.768198 1.000000
0.235530 -0.112215 0.039828 0.000000
0.972150 -0.031131 0.008155 0.000000
0.066043 -0.072095 -0.121494 1.000000
0.307463 -0.059285 -0.335154 3.000000
0.886618 0.005356 -0.064877 0.000000
-0.430310 -0.004075 0.089154 0.000000
-0.098516 -0.078402 -0.103419 0.000000
0.674760 0.118957 0.015024 0.000000
0.865052 -0.080767 -0.028642 0.000000
-0.054878 -0.014605 0.102808 0.000000
0.148394 0.108737 0.050639 0.000000
0.034539 -0.051036 0.130286 1.000000
0.145466 0.088861 0.077695 0.000000
0.167341 -0.111989 0.044811 0.000000
0.151885 -0.027246 -0.401316 1.000000
0.403356 -0.073165 -0.319332 3.000000
-0.756614 0.267019 -0.010962 2.000000
-0.827365 0.279519 -0.005584 2.000000
0.204251 -0.074685 0.110691 1.000000
0.358000 -0.039465 -0.099872 0.000000
0.087159 -0.010861 -0.361140 1.000000
0.211515 -0.071251 0.316975 1.000000
0.219651 -0.052388 -0.090666 0.000000
-0.050232 0.024050 -0.695300 1.000000
0.210248 -0.041745 -0.098070 0.000000
-0.006791 -0.015281 0.391471 1.000000
0.249607 -0.111455 -0.061583 0.000000
0.220975 -0.040647 0.092617 0.000000
-0.043560 0.088804 -0.084078 0.000000
0.884478 0.010846 0.057959 0.000000
0.309828 -0.153629 0.310894 3.000000
0.584132 -0.060214 -0.085964 0.000000
0.400850 -0.165679 -0.318656 3.000000
-0.007298 -0.033130 0.458111 1.000000
-0.011802 -0.008355 0.563604 1.000000
-0.661004 0.077515 -0.094100 2.000000
0.348822 -0.165510 -0.290699 3.000000
0.193440 -0.076600 -0.324484 1.000000
-0.785191 0.094717 0.197265 2.000000
-0.070925 0.034242 0.798379 1.000000
-0.562465 -0.021615 -0.056599 0.000000
-0.105893 0.016758 0.107594 0.000000
0.212388 -0.066718 -0.163303 1.000000
0.405721 -0.056301 -0.107699 0.000000
-0.787809 0.085004 0.089689 2.000000
-0.766159 0.142550 -0.008006 2.000000
-0.197055 0.048319 0.934250 1.000000
0.829156 0.082808 0.023217 0.000000
0.754717 -0.091606 0.022260 0.000000
0.224916 -0.050867 0.217817 1.000000
0.043154 -0.019813 0.487813 1.000000
0.625152 0.124419 -0.006204 0.000000
0.240401 -0.018997 0.182118 1.000000
0.137611 -0.011480 0.484716 1.000000
0.104051 -0.113144 0.018318 0.000000
0.145494 0.105556 -0.061752 0.000000
0.333647 0.123884 0.002552 0.000000
-0.270030 -0.057033 -0.082811 0.000000
0.062975 -0.020968 -0.291516 1.000000
0.819781 0.076220 0.041939 0.000000
0.016690 -0.173562 0.168660 3.000000
-0.867738 0.092915 0.203768 2.000000
0.664990 0.112341 0.042981 0.000000
0.257941 -0.070997 0.331334 3.000000
0.156812 -0.008327 -0.438620 1.000000
-0.565224 0.161864 0.003087 2.000000
0.309293 -0.029358 0.189494 1.000000
0.029134 -0.184880 0.237666 3.000000
-0.824268 0.095533 0.210610 2.000000
0.042310 -0.174350 0.232767 3.000000
0.048307 -0.031413 -0.379018 1.000000
0.124942 -0.100137 0.325534 1.000000
0.001881 -0.056780 0.257514 1.000000
-0.024978 -0.052613 -0.338645 1.000000
0.066325 -0.045602 0.274716 1.000000
0.516816 0.066957 -0.099112 0.000000
0.398992 -0.064128 -0.323133 3.000000
0.053909 -0.031244 0.377703 1.000000
0.012776 0.009185 0.548851 1.000000
-0.687581 0.163863 0.007085 2.000000
0.122548 -0.111821 -0.055220 0.000000
-0.836403 0.077627 0.097346 2.000000
0.250170 -0.073841 0.313343 3.000000
0.610344 0.113749 0.043657 0.000000
-0.031763 -0.097856 -0.005753 0.000000
0.217821 -0.016013 0.297239 1.000000
-0.634877 -0.012944 -0.038609 0.000000
0.384098 -0.174688 -0.357931 3.000000
-0.810980 0.421021 0.002411 2.000000
-0.901410 0.104937 -0.347401 2.000000
-0.599797 0.184359 -0.010990 2.000000
-0.706923 0.083061 0.070656 2.000000
0.044731 -0.028372 -0.115216 0.000000
-0.027315 -0.030118 0.345129 1.000000
0.850159 -0.081893 0.027018 0.000000
-0.039506 0.028442 -0.756281 1.000000
0.146930 -0.022347 -0.115216 0.000000
0.060497 -0.112440 -0.042917 0.000000
-0.480227 0.105274 0.002946 2.000000
0.251071 0.001612 -0.112682 0.000000
0.407663 -0.150194 0.288596 3.000000
-0.045080 0.002231 -0.656306 1.000000
0.381339 -0.113369 0.317116 3.000000
-0.785472 0.432648 -0.008203 2.000000
0.203941 -0.015872 0.239073 1.000000
-0.355562 0.063944 -0.096353 0.000000
0.332408 -0.097941 -0.105587 0.000000
-0.041702 -0.065845 -0.131066 1.000000
0.218469 -0.017871 0.202586 1.000000
0.038622 -0.018378 -0.505852 1.000000
0.141552 -0.052641 -0.115666 1.000000
0.047265 -0.059088 -0.236700 1.000000
-0.880661 0.089818 0.202276 2.000000
-0.456240 0.068055 0.083269 0.000000
0.034624 -0.028766 0.265341 1.000000
-0.711822 0.026753 0.045374 0.000000
-0.175602 0.041815 -0.883621 1.000000
-0.549402 -0.021812 0.055115 0.000000
-0.023092 0.114312 0.042024 0.000000
0.327706 -0.175730 -0.307873 3.000000
-0.057918 -0.032736 0.097769 0.000000
0.117988 0.117606 0.031635 0.000000
-0.885447 0.094463 -0.268796 2.000000
0.897232 0.009185 0.052385 0.000000
0.144565 -0.093915 0.020402 0.000000
-0.577668 0.092605 -0.064848 0.000000
0.051037 -0.047038 0.138592 1.000000
-0.284614 -0.012240 0.098867 0.000000
-0.057327 0.004709 -0.693385 1.000000
-0.711174 0.085285 -0.109078 2.000000
-0.807686 0.315331 0.000891 2.000000
0.043211 -0.183979 0.237243 3.000000
0.105206 -0.022882 -0.238952 1.000000
0.148112 -0.053908 -0.322851 1.000000
0.641369 -0.049769 0.086507 0.000000
0.026825 0.012901 -0.590257 1.000000
0.252423 -0.085046 -0.314377 3.000000
0.655700 -0.044420 -0.096409 0.000000
0.306422 -0.027302 -0.163078 1.000000
0.350426 -0.041689 0.092448 0.000000
-0.272226 0.035256 0.101260 0.000000
-0.699124 0.006088 0.030058 0.000000
-0.129908 0.042041 0.858066 1.000000
0.087074 -0.036030 0.362444 1.000000
0.184093 -0.113679 -0.008231 0.000000
-0.802871 0.416488 -0.009329 2.000000
0.437591 -0.091831 -0.036751 0.000000
0.189808 -0.121731 -0.347739 3.000000
0.259348 -0.150335 0.298253 3.000000
0.566874 -0.018068 0.102330 0.000000
-0.886573 0.089593 0.189269 2.000000
-0.002849 0.114875 -0.047646 0.000000
-0.223576 0.034918 0.863640 1.000000
-0.159638 0.026584 -0.773511 1.000000
0.022574 -0.015647 -0.521083 1.000000
0.295695 -0.156670 -0.376428 3.000000
-0.085312 -0.108048 0.031297 0.000000
0.567662 -0.097744 0.001510 0.000000
0.113145 -0.072968 -0.121804 1.000000
-0.070053 0.004652 0.653133 1.000000
0.154925 0.119520 0.022936 0.000000
0.061060 -0.029217 0.400086 1.000000
-0.089873 0.040830 -0.109219 0.000000
0.269934 0.010396 0.108045 0.000000
-0.176277 0.025711 0.806122 1.000000
0.106135 -0.040507 -0.131151 1.000000
0.244934 -0.019982 0.164099 1.000000
-0.675024 -0.009481 -0.017296 0.000000
-0.075205 0.037592 -0.109838 0.000000
0.042310 -0.055541 0.212721 1.000000
0.026797 -0.142142 -0.251312 1.000000
0.062862 -0.104078 -0.243682 1.000000
0.048701 -0.082118 -0.215050 1.000000
-0.815231 0.089508 -0.260687 2.000000
-0.882829 0.098377 -0.330002 2.000000
0.324750 -0.115706 0.385755 3.000000
0.190118 -0.024628 0.384685 1.000000
0.023165 -0.008918 0.103456 0.000000
-0.800140 0.471529 -0.000235 2.000000
0.536974 0.062593 0.095573 0.000000
0.313010 -0.068097 0.357601 3.000000
-0.116450 0.025993 0.847086 1.000000
-0.753996 0.072729 -0.102181 2.000000
-0.312993 0.091451 0.072599 0.000000
-0.865007 0.082667 0.103231 2.000000
0.309828 -0.072011 -0.315700 3.000000
-0.733444 0.075966 -0.136725 2.000000
0.352116 -0.018800 -0.108769 0.000000
0.031217 -0.161174 -0.223186 3.000000
-0.022726 0.012986 -0.598703 1.000000
0.288657 -0.040310 0.222941 1.000000
0.059793 -0.056357 -0.212994 1.000000
0.452034 -0.030737 -0.105700 0.000000
-0.863318 0.053584 0.019642 0.000000
-0.401256 0.025627 0.097149 0.000000
0.310757 0.119971 0.022232 0.000000
-0.347003 -0.080851 -0.027404 0.000000
0.777522 -0.080147 -0.053052 0.000000
-0.061719 0.081372 0.082622 0.000000
-0.163974 0.049670 -0.936128 1.000000
0.001768 -0.018434 0.463939 1.000000
0.309828 -0.158978 -0.299145 3.000000
0.374920 -0.180629 0.316440 3.000000
0.579036 -0.033919 0.097121 0.000000
-0.057862 0.023009 -0.802284 1.000000
0.766992 0.039873 -0.098718 0.000000
-0.723674 0.025120 -0.047280 0.000000
-0.509367 -0.046306 -0.040777 0.000000
-0.733078 0.393627 -0.000123 2.000000
-0.842090 0.087312 0.217367 2.000000
-0.050401 -0.071054 -0.276819 1.000000
0.146705 -0.039352 -0.324512 1.000000
0.422050 -0.086623 -0.050997 0.000000
0.253689 -0.034341 -0.289038 1.000000
-0.042603 -0.090367 0.101935 0.000000
0.282069 0.085341 -0.086865 0.000000
0.038706 -0.176124 -0.190612 3.000000
-0.861629 0.102206 -0.004036 0.000000
0.040958 -0.070716 0.120545 1.000000
0.326693 -0.061875 0.344256 3.000000
0.296624 -0.130712 0.276715 3.000000
-0.840457 0.084666 0.107285 2.000000
-0.013013 -0.018997 -0.377047 1.000000
-0.636369 0.007468 -0.060654 0.000000
0.218356 -0.092056 -0.034696 0.000000
0.173901 -0.034172 -0.339715 1.000000
0.400090 -0.175617 -0.328454 3.000000
-0.809994 0.085426 -0.218879 2.000000
-0.064197 -0.008693 -0.521336 1.000000
0.133923 -0.051402 0.269761 1.000000
-0.076303 0.030188 -0.752790 1.000000
0.608823 0.116733 -0.044803 0.000000
0.018294 -0.084004 0.048443 0.000000
0.261009 -0.140312 0.278855 3.000000
-0.524908 0.120027 0.014884 0.000000
0.025952 -0.093239 0.103540 0.000000
0.251353 -0.030456 -0.105953 0.000000
-0.133681 0.045673 -0.925430 1.000000
-0.158006 0.045729 -0.899134 1.000000
-0.570601 0.186499 0.001820 2.000000
0.186458 -0.089860 -0.328397 1.000000
-0.012309 -0.070941 -0.119411 1.000000
-0.770776 0.093281 -0.192724 2.000000
0.248256 -0.094478 -0.291910 3.000000
0.024291 0.078359 -0.091060 0.000000
0.012776 -0.047883 -0.257421 1.000000
0.708882 0.115522 -0.023265 0.000000
0.463127 0.012282 0.108383 0.000000
-0.563985 0.115607 -0.036666 0.000000
0.423064 0.123800 0.002974 0.000000
0.087947 0.003273 0.499666 1.000000
0.489676 -0.095069 0.015334 0.000000
0.286658 0.000120 -0.112372 0.000000
0.309828 -0.078458 0.319425 3.000000
0.162245 -0.071617 -0.072816 0.000000
-0.027934 -0.009903 -0.537271 1.000000
-0.817709 0.087115 -0.125802 2.000000
-0.038408 -0.111229 0.043432 0.000000
0.869416 0.034073 -0.050828 0.000000
0.068324 -0.037466 -0.186220 1.000000
-0.843357 0.077205 -0.035568 0.000000
0.389814 -0.177898 0.339386 3.000000
0.128236 -0.047798 0.294283 1.000000
0.017478 -0.035129 -0.249679 1.000000
0.037777 -0.049966 -0.248018 1.000000
0.456567 -0.061341 0.074091 0.000000
-0.295537 0.118085 0.024400 0.000000
0.177730 -0.059285 0.215874 1.000000
0.871584 0.047024 -0.036075 0.000000
-0.003609 -0.041520 0.225024 1.000000
0.418137 0.084750 -0.087259 0.000000
0.209685 -0.022629 -0.139259 1.000000
0.411070 -0.112919 -0.284139 3.000000
-0.707120 0.199590 -0.013130 2.000000
-0.826859 0.091817 0.274181 2.000000
0.045322 -0.178095 0.217141 3.000000
0.017872 -0.128178 -0.249200 1.000000
-0.046797 -0.090677 0.036478 0.000000
-0.090183 0.121322 0.013222 0.000000
-0.822354 0.229743 -0.000855 2.000000
0.389279 -0.167087 0.322578 3.000000
0.332042 0.121153 0.016291 0.000000
-0.114029 0.096885 -0.074421 0.000000
-0.134863 -0.027697 -0.108374 0.000000
-0.827084 0.052430 0.029242 0.000000
0.016521 -0.158725 0.182146 3.000000
0.344120 0.030413 0.105117 0.000000
0.271060 -0.078317 0.329842 1.000000
0.163400 -0.107203 0.085747 0.000000
-0.064534 0.016956 0.643533 1.000000
0.132571 -0.059651 -0.115188 0.000000
-0.161159 0.043730 -0.887056 1.000000
-0.856476 0.085426 0.178261 2.000000
0.098674 0.002710 -0.537750 1.000000
-0.529863 -0.049685 -0.006373 0.000000
-0.000456 -0.021390 0.429056 1.000000
0.094901 -0.089720 -0.329524 1.000000
-0.677051 0.103247 0.035886 0.000000
0.146367 -0.011649 0.469936 1.000000
0.416842 -0.055006 -0.089230 0.000000
-0.690931 0.334504 -0.007921 2.000000
0.022855 -0.057793 0.109340 1.000000
0.790050 -0.090339 0.019951 0.000000
0.199352 -0.111342 -0.064032 0.000000
0.436014 0.107780 0.052582 0.000000
0.201211 -0.014689 0.346171 1.000000
0.168130 -0.039944 -0.099450 0.000000
-0.328478 0.116029 0.034591 0.000000
0.584104 -0.079444 -0.061752 0.000000
-0.179374 -0.013141 -0.103645 0.000000
0.408029 -0.071870 0.322634 3.000000
-0.025119 0.066929 0.092279 0.000000
0.380551 -0.175561 0.298788 3.000000
0.404538 -0.161935 0.346818 3.000000
0.039551 -0.110216 0.077104 0.000000
0.037524 -0.064550 0.156160 1.000000
-0.579977 0.171042 0.003453 2.000000
0.325651 -0.086510 0.044304 0.000000
-0.091562 0.037733 0.819270 1.000000
-0.778377 0.075825 0.117336 2.000000
0.167989 0.116677 0.037519 0.000000
0.382043 -0.072152 0.320551 3.000000
-0.209584 0.059130 -0.103926 0.000000
-0.870385 0.091986 -0.259167 2.000000
0.330578 -0.090846 -0.040692 0.000000
0.852636 -0.086961 -0.006316 0.000000
-0.119857 0.007524 0.650937 1.000000
-0.820862 0.313276 -0.006654 2.000000
-0.042068 -0.006131 -0.110936 0.000000
0.328607 0.076980 -0.092439 0.000000
0.016324 -0.112919 0.239327 1.000000
0.282688 -0.069618 0.108889 1.000000
-0.421808 -0.073193 -0.007921 0.000000
0.171311 0.018617 0.107341 0.000000
0.047490 -0.208755 0.221393 3.000000
-0.752054 0.092718 -0.202240 2.000000
0.068803 -0.025106 0.254473 1.000000
0.308111 -0.130599 -0.390787 3.000000
0.801875 0.078359 -0.056318 0.000000
0.298201 -0.041295 0.210610 1.000000
0.498995 0.072025 -0.095733 0.000000
0.751930 0.088157 0.060718 0.000000
0.328860 -0.049966 0.108889 1.000000
0.126208 -0.029048 -0.181321 1.000000
0.078206 -0.034820 -0.372261 1.000000
-0.792652 0.081456 0.174882 2.000000
0.008863 0.106992 0.053004 0.000000
0.309828 -0.089072 -0.324400 3.000000
0.372950 -0.085778 -0.382200 3.000000
0.289361 0.049924 -0.107642 0.000000
0.399020 -0.072630 -0.071211 0.000000
-0.827140 0.394387 -0.007133 2.000000
-0.073459 -0.007623 0.515798 1.000000
0.381339 -0.106809 0.337584 3.000000
-0.571108 0.127009 0.006550 2.000000
0.086202 0.044293 0.102076 0.000000
-0.852141 0.098292 -0.341573 2.000000
-0.670323 0.071180 0.059113 0.000000
-0.889980 0.100657 0.345045 2.000000
-0.166705 0.020024 0.746942 1.000000
0.151857 -0.134006 0.338429 3.000000
-0.158906 -0.013451 0.103062 0.000000
0.814797 0.071180 -0.058091 0.000000
-0.802984 0.073489 0.081017 2.000000
0.046223 -0.106105 -0.203478 1.000000
0.820653 0.059384 0.060887 0.000000
0.199747 0.047953 -0.108008 0.000000
0.743540 -0.059877 0.075105 0.000000
0.063819 -0.200393 0.217902 3.000000
0.196143 -0.113679 0.001567 0.000000
0.415265 -0.078177 -0.307057 3.000000
0.026515 -0.191806 0.168660 3.000000
-0.189144 0.121041 0.014546 0.000000
0.277620 -0.021869 -0.136331 1.000000
0.786503 0.058933 -0.082754 0.000000
-0.110341 -0.104557 0.033775 0.000000
-0.141761 0.022474 -0.796654 1.000000
-0.104569 0.078500 -0.090919 0.000000
0.124012 -0.018237 0.249490 1.000000
0.100448 -0.019842 0.255712 1.000000
0.385506 -0.075051 -0.348161 3.000000
0.295695 -0.083751 0.108889 0.000000
-0.058847 0.031258 0.756712 1.000000
0.804296 -0.041689 0.080454 0.000000
-0.418289 -0.072377 0.008915 0.000000
0.236600 0.073798 -0.094551 0.000000
0.877440 -0.075812 0.028031 0.000000
-0.128951 -0.096082 0.008633 0.000000
0.065114 -0.003456 -0.436509 1.000000
0.677688 -0.154783 -0.009807 0.000000
-0.080160 0.031962 -0.769570 1.000000
0.008778 -0.011058 -0.417786 1.000000
-0.144041 0.023684 0.801504 1.000000
0.623435 0.013211 -0.114991 0.000000
0.158219 -0.010804 0.330996 1.000000
0.505808 0.021376 0.106919 0.000000
-0.109524 0.023037 -0.717062 1.000000
-0.840936 0.097757 -0.244639 2.000000
0.084766 -0.068351 0.108833 1.000000
-0.792257 0.456720 -0.007133 2.000000
0.276522 0.114678 0.042277 0.000000
0.234320 -0.036818 -0.287518 1.000000
0.167707 -0.041492 0.333502 1.000000
-0.820468 0.094238 0.292481 2.000000
0.072688 -0.061256 0.179415 1.000000
-0.153050 0.035256 -0.921685 1.000000
-0.056623 -0.109540 0.047683 0.000000
-0.584904 0.153024 -0.012032 2.000000
-0.005327 0.020756 0.106778 0.000000
-0.766863 0.270566 -0.010455 2.000000
0.012438 -0.082428 -0.240811 1.000000
0.302593 -0.075755 -0.290868 3.000000
-0.143675 0.025317 -0.754564 1.000000
0.385056 0.116620 0.038927 0.000000
-0.089479 0.000908 0.694097 1.000000
0.065030 -0.068238 0.137719 1.000000
-0.325071 0.011128 -0.107558 0.000000
0.274749 -0.070293 0.318214 1.000000
0.265570 -0.091324 0.367990 3.000000
-0.570489 0.060369 -0.081178 0.000000
-0.020192 -0.040957 0.243888 1.000000
0.435536 -0.063171 0.077442 0.000000
0.298511 -0.087946 -0.112907 0.000000
-0.762020 0.085004 0.085578 2.000000
0.338011 -0.059905 -0.323386 1.000000
0.040677 -0.021390 -0.474347 1.000000
0.385084 -0.096167 -0.015889 0.000000
-0.085256 -0.011959 -0.109641 0.000000
-0.105104 -0.100643 0.069840 0.000000
-0.623165 -0.025388 -0.010258 0.000000
0.679461 0.054766 -0.104799 0.000000
-0.165438 -0.095857 0.009844 0.000000
0.036932 -0.162948 0.208442 1.000000
0.239500 -0.090987 -0.111134 0.000000
-0.363417 -0.026430 0.088506 0.000000
0.008609 -0.105007 0.092082 0.000000
0.270638 -0.024994 0.109340 1.000000
0.109372 -0.019250 -0.108318 0.000000
0.236093 0.119689 -0.029909 0.000000
0.178800 -0.034397 0.328912 1.000000
0.116749 -0.023727 -0.222595 1.000000
0.181981 0.119774 0.022429 0.000000
-0.141141 0.117916 0.030199 0.000000
0.746721 -0.010382 -0.104377 0.000000
-0.153557 -0.078177 0.081327 0.000000
-0.719085 0.313107 -0.011103 2.000000
-0.541012 -0.042111 0.024400 0.000000
0.033047 -0.172605 -0.243570 3.000000
0.283899 -0.058694 0.136368 1.000000
-0.183063 0.052767 0.959054 1.000000
0.626814 0.114903 0.041911 0.000000
0.300735 -0.043688 0.194506 1.000000
0.254647 -0.019194 -0.115216 0.000000
-0.646110 0.003582 -0.055501 0.000000
-0.632118 0.266033 -0.007837 2.000000
-0.266004 0.108681 -0.055220 0.000000
0.168834 -0.091015 -0.111134 0.000000
0.404932 0.034636 -0.110711 0.000000
0.305183 -0.029104 0.202389 1.000000
0.091354 -0.023530 -0.248412 1.000000
-0.020896 -0.033862 0.287498 1.000000
0.160415 -0.009622 -0.411958 1.000000
0.363096 -0.050670 -0.115948 1.000000
0.170664 -0.039437 -0.317924 1.000000
-0.696112 0.076220 -0.059950 0.000000
-0.747436 0.303647 -0.012482 2.000000
0.201351 -0.034707 -0.115666 1.000000
-0.798676 0.403819 -0.009385 2.000000
0.542155 -0.095491 0.012603 0.000000
0.375624 -0.158725 0.277503 3.000000
0.292655 -0.057765 0.081102 0.000000
0.130150 -0.015337 -0.279325 1.000000
0.239669 0.103360 -0.065665 0.000000
0.015057 0.016421 -0.623394 1.000000
-0.225659 0.063015 -0.100998 0.000000
0.421149 -0.011395 0.103653 0.000000
0.127194 -0.062551 0.077470 0.000000
0.176801 -0.016773 -0.228986 1.000000
0.082401 0.005525 0.549583 1.000000
0.119339 -0.016519 -0.276988 1.000000
0.079529 -0.062298 0.319509 1.000000
0.195692 -0.063931 -0.322879 1.000000
-0.865176 0.083258 -0.116426 2.000000
0.489985 0.010649 0.108045 0.000000
0.154672 -0.002724 -0.111697 0.000000
0.161598 -0.039437 0.108889 1.000000
-0.387798 0.062509 -0.096296 0.000000
0.181700 -0.131388 0.347494 3.000000
0.623069 0.122899 0.007563 0.000000
-0.480621 0.101080 -0.062652 0.000000
0.153293 0.120984 -0.022054 0.000000
-0.742143 0.353705 0.005593 2.000000
0.042732 -0.061622 -0.266065 1.000000
0.239218 -0.089973 0.038308 0.000000
0.037411 -0.059708 0.230571 1.000000
-0.534902 0.163609 -0.005528 2.000000
-0.854393 0.284868 -0.003276 2.000000
0.097379 -0.112355 0.037547 0.000000
0.096928 -0.049994 0.260977 1.000000
-0.040407 -0.056104 -0.179970 1.000000
0.089890 -0.075812 0.321395 1.000000
-0.207472 -0.048474 0.087211 0.000000
0.022658 0.000007 0.621939 1.000000
0.088229 -0.053232 -0.236559 1.000000
-0.642535 0.112060 0.029580 0.000000
0.579008 0.099700 -0.071155 0.000000
0.266753 -0.125081 -0.289770 3.000000
-0.647687 0.179826 0.007226 2.000000
0.756153 0.080583 -0.076617 0.000000
0.038734 -0.053795 0.109509 1.000000
0.031358 0.006342 -0.657038 1.000000
-0.164706 0.044180 0.102104 0.000000
-0.696844 0.083427 -0.146607 2.000000
-0.237343 0.108878 0.049428 0.000000
-0.199251 0.027401 0.796606 1.000000
-0.672519 -0.002105 -0.037061 0.000000
-0.069180 -0.034172 -0.114005 0.000000
0.072575 -0.026683 0.439220 1.000000
0.444770 0.122533 0.009309 0.000000
-0.073290 -0.038789 0.470808 1.000000
0.265092 -0.073475 -0.309450 3.000000
-0.738117 0.047700 0.047598 0.000000
-0.095757 0.011522 -0.632038 1.000000
0.056922 -0.033215 -0.370713 1.000000
0.705504 0.071884 -0.091060 0.000000
0.912041 -0.070603 0.021556 0.000000
-0.149953 0.026387 -0.112091 0.000000
-0.376931 -0.033919 -0.088554 0.000000
-0.079456 -0.071701 -0.110965 0.000000
0.515408 0.116677 0.038702 0.000000
0.174070 -0.011086 -0.360634 1.000000
0.328579 -0.063705 -0.307592 3.000000
0.749002 0.062452 0.084001 0.000000
-0.167156 0.079345 0.083973 0.000000
-0.112734 -0.103797 -0.044662 0.000000
-0.031932 -0.000950 0.627006 1.000000
0.049433 -0.065958 -0.131179 1.000000
0.157656 -0.020940 0.425424 1.000000
0.335336 -0.031863 -0.132024 1.000000
0.022377 -0.025106 -0.415449 1.000000
-0.814161 0.406465 0.001792 2.000000
0.765359 0.031765 0.094137 0.000000
0.275650 -0.089269 0.040138 0.000000
0.322329 -0.178039 -0.349006 3.000000
0.038988 -0.020123 -0.319951 1.000000
-0.039759 -0.050304 0.206921 1.000000
0.049771 -0.154502 0.210047 1.000000
0.063679 -0.187273 0.216860 3.000000
0.425794 -0.027640 0.100809 0.000000
-0.611819 0.181684 -0.011666 2.000000
-0.207303 0.033397 0.867159 1.000000
0.080909 0.004793 -0.524377 1.000000
-0.185427 0.044715 -0.909354 1.000000
0.381339 -0.120098 0.360839 3.000000
-0.592111 0.068815 -0.077095 0.000000
0.310307 -0.144986 -0.386366 3.000000
0.107880 0.122983 0.004945 0.000000
-0.005665 -0.020123 -0.363224 1.000000
0.280210 -0.096561 0.007057 0.000000
-0.151305 0.111243 0.046613 0.000000
0.095943 -0.016801 0.287892 1.000000
0.717188 -0.092760 0.024484 0.000000
0.245722 0.119577 0.024090 0.000000
0.346260 0.113692 0.043741 0.000000
0.233193 -0.112102 0.290792 3.000000
-0.043137 0.111468 0.046275 0.000000
-0.142605 0.020756 0.772619 1.000000
0.754661 0.109047 0.008943 0.000000
-0.427777 0.117775 0.027722 0.000000
-0.267215 -0.087862 0.024597 0.000000
-0.728770 0.084046 0.070600 2.000000
0.229252 -0.031497 0.318383 1.000000
0.001289 -0.027584 0.304869 1.000000
0.250564 -0.084202 0.338851 3.000000
0.057203 0.001752 0.479198 1.000000
-0.025795 -0.032567 0.331869 1.000000
-0.073882 0.008819 -0.600308 1.000000
0.209966 -0.094140 -0.109275 0.000000
-0.137678 0.084609 0.080454 0.000000
-0.775281 0.070730 0.061619 2.000000
-0.626121 0.003160 -0.060372 0.000000
0.223537 -0.050051 0.334149 1.000000
-0.876466 0.094970 -0.292839 2.000000
0.298032 -0.103037 -0.100435 0.000000
0.061680 -0.046757 -0.269415 1.000000
0.302142 -0.114383 -0.381496 3.000000
-0.342076 -0.065141 0.056354 0.000000
0.766626 0.092746 0.047739 0.000000
-0.423525 -0.071054 -0.017212 0.000000
0.091861 0.100714 -0.068762 0.000000
0.326439 -0.111764 -0.040157 0.000000
-0.173378 0.036382 -0.921010 1.000000
-0.784346 0.090381 -0.153899 2.000000
0.238909 0.047728 0.101654 0.000000
0.309828 -0.091831 0.282937 3.000000
0.073589 -0.175561 0.177810 3.000000
0.177646 -0.121393 -0.312012 3.000000
-0.838036 0.258066 -0.001558 2.000000
-0.734598 0.185907 -0.011074 2.000000
0.462085 0.122702 0.008493 0.000000
-0.519727 0.074333 -0.081262 0.000000
-0.279518 0.114931 -0.045394 0.000000
-0.321974 0.007806 0.100640 0.000000
0.814262 0.089508 0.013786 0.000000
-0.368118 0.121097 -0.015804 0.000000
0.145494 0.067098 0.092251 0.000000
0.257575 -0.112975 -0.028474 0.000000
-0.381801 -0.055456 0.063674 0.000000
-0.099558 0.057244 -0.105193 0.000000
-0.143788 -0.089185 -0.047309 0.000000
-0.570967 0.119492 0.014912 0.000000
0.398091 -0.117508 -0.283520 3.000000
0.331873 0.011691 -0.114681 0.000000
0.129446 -0.016857 0.464952 1.000000
0.410620 0.099334 0.065251 0.000000
-0.705318 0.003582 -0.029740 0.000000
0.214809 -0.055710 -0.322851 1.000000
-0.799972 0.079148 0.145011 2.000000
-0.004285 -0.112862 -0.034667 0.000000
0.100476 -0.067872 -0.115160 0.000000
0.381734 -0.095407 0.012997 0.000000
0.367938 0.072053 -0.096043 0.000000
-0.006819 0.011043 -0.576293 1.000000
0.352848 -0.009706 0.103991 0.000000
0.299975 -0.165989 0.305038 3.000000
0.060610 -0.139665 -0.211249 1.000000
0.100814 -0.010016 0.519627 1.000000
0.562313 0.119014 0.026990 0.000000
-0.837754 0.437238 -0.007105 2.000000
0.340404 -0.097941 -0.007020 0.000000
-0.376001 0.109554 -0.051926 0.000000
0.267766 -0.172605 0.324295 3.000000
-0.137284 0.036072 0.815075 1.000000
-0.052963 0.030864 -0.791755 1.000000
0.247270 0.116818 0.037913 0.000000
0.114440 -0.069027 -0.337181 1.000000
-0.799746 0.259896 0.000807 2.000000
-0.766159 0.206178 -0.008822 2.000000
0.359576 0.102262 -0.067298 0.000000
-0.267186 0.119605 0.018544 0.000000
0.372781 -0.175505 -0.305339 3.000000
0.142087 -0.072208 -0.337716 1.000000
-0.663509 0.079063 0.085156 2.000000
0.248537 -0.033356 -0.298498 1.000000
0.057907 -0.051515 0.269620 1.000000
-0.511084 0.147562 -0.000038 2.000000
0.707278 -0.077416 -0.004036 0.000000
-0.691860 0.107499 0.026483 0.000000
0.160218 -0.052050 -0.269894 1.000000
0.673099 -0.090818 -0.043536 0.000000
-0.868470 0.465757 -0.005472 2.000000
0.285869 -0.043632 -0.115666 0.000000
0.598969 0.076191 0.088337 0.000000
-0.747296 0.345991 -0.000320 2.000000
0.243470 -0.060074 -0.168399 1.000000
-0.828942 0.044321 0.023302 0.000000
-0.072755 0.011128 0.722758 1.000000
0.754379 -0.091662 -0.028530 0.000000
-0.805996 0.070279 0.038702 2.000000
0.679180 -0.172605 -0.009807 3.000000
0.260306 -0.019870 0.196814 1.000000
0.170861 -0.092394 -0.032584 0.000000
0.108500 -0.092085 -0.110542 0.000000
0.113567 -0.095407 -0.332874 1.000000
0.084006 -0.048896 0.260977 1.000000
0.842022 -0.087805 0.002214 0.000000
0.336124 -0.036621 0.109340 1.000000
-0.578935 0.195254 0.001848 2.000000
-0.138945 -0.101066 -0.037201 0.000000
0.036707 -0.077107 -0.239656 1.000000
0.423908 -0.085666 -0.077884 0.000000
0.138540 -0.039155 -0.344473 1.000000
