0.297223 0.076693 0.031381 0.000000
0.576164 0.064100 0.046053 0.000000
0.167108 -0.066541 0.192274 3.000000
0.250769 -0.064820 0.196600 3.000000
0.201232 0.065964 0.044189 0.000000
0.350512 -0.064629 0.000268 0.000000
-0.869704 0.047588 0.180302 2.000000
-0.469059 -0.043027 0.041871 0.000000
0.245177 -0.100354 -0.206602 3.000000
-0.439834 0.082883 0.016900 0.000000
0.672227 0.086634 0.006791 0.000000
0.011185 -0.034257 0.131458 1.000000
0.310486 -0.055453 -0.049221 0.000000
-0.278271 0.068449 0.041752 0.000000
0.176499 -0.006489 0.166060 1.000000
-0.010633 -0.023026 0.177650 1.000000
-0.875367 0.039487 0.009611 2.000000
-0.144476 0.027993 0.066771 0.000000
0.231317 -0.054425 -0.074026 0.000000
-0.819976 0.201074 -0.002361 2.000000
0.195783 -0.034281 0.217939 3.000000
-0.085834 -0.024890 0.059029 0.000000
0.425785 -0.015666 -0.077515 0.000000
-0.071879 0.017383 0.428871 1.000000
0.081033 -0.080879 0.384592 3.000000
0.234519 -0.032154 0.236674 3.000000
-0.016941 -0.041474 -0.084373 1.000000
0.098072 0.004790 0.275792 1.000000
-0.074579 -0.006513 -0.327828 1.000000
0.041485 -0.041426 0.085888 1.000000
-0.312467 -0.048810 -0.054120 0.000000
-0.186533 -0.055453 -0.044299 0.000000
0.059861 -0.029287 0.183218 1.000000
0.168374 -0.049933 0.183026 3.000000
0.817302 0.064841 -0.046163 0.000000
-0.226129 0.055951 0.054082 0.000000
0.070662 -0.049264 0.045575 1.000000
0.543331 -0.051438 -0.051515 0.000000
-0.055223 -0.010886 0.290608 1.000000
0.036921 -0.026969 0.108064 1.000000
-0.510256 0.071460 0.039243 0.000000
0.059383 -0.004841 0.071216 1.000000
0.566176 -0.061021 -0.030941 0.000000
-0.788218 0.031338 -0.063105 2.000000
0.017517 -0.021879 0.077978 0.000000
0.144215 -0.006657 -0.406829 3.000000
0.462681 0.081927 0.018811 0.000000
-0.015221 0.012651 -0.082294 0.000000
0.112481 0.001301 -0.296237 1.000000
0.448295 -0.043266 -0.059592 0.000000
0.037805 -0.016239 0.175451 1.000000
0.160082 -0.025798 0.079651 1.000000
0.098669 -0.044700 -0.087288 1.000000
-0.023035 -0.034185 -0.134985 1.000000
0.136186 -0.020517 -0.429077 3.000000
-0.046214 0.078318 -0.042172 0.000000
0.949926 -0.008784 -0.004129 0.000000
-0.445019 0.038364 0.062995 0.000000
0.466839 0.047253 -0.073548 0.000000
0.118383 0.015615 -0.082294 0.000000
0.048009 -0.066230 0.395512 3.000000
0.065907 0.008350 -0.407474 3.000000
0.159461 -0.018557 0.232994 1.000000
0.192175 -0.052968 -0.186267 3.000000
0.234185 -0.081739 0.174806 3.000000
-0.017252 0.007562 0.446340 1.000000
0.821507 -0.108837 -0.022219 0.000000
-0.815650 0.031362 -0.038468 2.000000
0.350655 -0.012392 0.064166 0.000000
-0.259465 -0.001041 0.067607 0.000000
-0.824468 0.045724 -0.200628 2.000000
0.101728 -0.051319 -0.406112 3.000000
-0.027121 -0.065346 0.028728 0.000000
0.863660 -0.061212 -0.017224 0.000000
0.690795 -0.010719 0.064859 0.000000
0.325684 0.073229 0.037020 0.000000
0.062657 -0.063841 0.411570 3.000000
0.352997 -0.044293 -0.058565 0.000000
0.094487 -0.013252 -0.159001 1.000000
-0.754261 0.025747 -0.060668 2.000000
0.453218 0.076048 0.032982 0.000000
-0.732683 0.078414 -0.014691 0.000000
0.061677 -0.093878 -0.120504 3.000000
0.037638 -0.085968 0.103332 3.000000
0.014243 -0.045225 0.051238 1.000000
0.037566 0.019940 -0.082294 0.000000
0.814888 0.075905 0.016087 0.000000
-0.051304 -0.008162 0.315484 1.000000
0.126651 -0.004936 -0.292055 1.000000
-0.778348 0.138274 -0.010247 2.000000
-0.144667 0.039702 -0.629782 1.000000
0.580800 -0.029000 -0.072019 0.000000
0.119698 -0.071129 -0.406853 3.000000
-0.178098 0.026177 0.554590 1.000000
0.249096 -0.091943 -0.228587 3.000000
-0.035939 0.023978 -0.458995 1.000000
0.175878 -0.043003 0.237701 3.000000
-0.327975 -0.018796 -0.076248 0.000000
0.115898 -0.041617 -0.368261 3.000000
-0.620609 0.055999 -0.064515 0.000000
0.902516 -0.001376 0.027987 0.000000
0.458403 0.046345 0.059220 0.000000
0.098741 -0.016239 0.217365 1.000000
-0.577357 0.079131 0.023782 0.000000
0.080986 -0.067616 0.379358 3.000000
0.037136 -0.088406 0.113369 3.000000
-0.179436 0.035377 0.642671 1.000000
0.575758 -0.045775 -0.057107 0.000000
-0.764082 0.163987 -0.009840 2.000000
0.141300 -0.009405 -0.221514 1.000000
-0.806211 0.042020 0.030568 2.000000
0.818329 -0.096244 0.006242 0.000000
0.004087 -0.045440 -0.058876 1.000000
0.250864 -0.029478 0.075541 1.000000
-0.049823 0.018912 0.420245 1.000000
0.099577 -0.002021 -0.328545 1.000000
0.085287 -0.045154 -0.436222 3.000000
0.086338 -0.021998 -0.264694 1.000000
0.274354 0.013727 -0.082294 0.000000
0.443683 0.051459 0.057117 0.000000
0.154921 -0.004888 -0.227822 1.000000
-0.094437 0.008326 0.401080 1.000000
-0.008100 0.000010 -0.417750 1.000000
0.575256 0.062881 -0.061934 0.000000
-0.042391 -0.013037 -0.289188 1.000000
0.378542 0.073444 0.036805 0.000000
-0.054411 0.024934 -0.519572 1.000000
0.457997 -0.009046 -0.080239 0.000000
0.459240 0.060348 0.049757 0.000000
0.098263 -0.087139 0.070618 3.000000
0.839884 -0.066350 0.005286 0.000000
0.002773 0.005005 -0.082294 0.000000
0.819644 0.047110 -0.058899 0.000000
-0.105119 0.002376 -0.392324 1.000000
0.733306 0.078008 0.028250 0.000000
-0.878952 0.195721 -0.009004 2.000000
0.046503 -0.064916 -0.394475 3.000000
-0.577046 -0.012989 -0.074432 0.000000
0.231054 -0.061642 -0.193507 3.000000
0.077043 -0.068500 -0.050966 0.000000
-0.090016 0.084818 0.011905 0.000000
-0.796868 0.174238 -0.002026 2.000000
-0.728740 0.036189 0.083690 2.000000
0.386356 0.083050 0.016159 0.000000
0.278775 0.028758 -0.081147 0.000000
0.010229 -0.068070 -0.047525 0.000000
0.049873 -0.027208 0.195572 1.000000
0.058977 -0.066326 0.040175 1.000000
-0.875845 0.099228 -0.005109 2.000000
0.193752 -0.033086 0.202502 3.000000
-0.813285 0.056095 -0.038277 2.000000
-0.168109 0.035664 -0.654538 1.000000
-0.611194 -0.047448 0.012527 0.000000
-0.605554 -0.039371 0.033555 0.000000
-0.131213 0.051961 0.056926 0.000000
0.151145 -0.006728 0.384783 3.000000
-0.168515 -0.056648 0.026721 0.000000
0.084498 0.006486 -0.269569 1.000000
-0.080410 0.009354 0.454297 1.000000
-0.035604 0.004790 0.340670 1.000000
-0.469441 0.083791 0.014629 0.000000
-0.001504 0.014468 0.392047 1.000000
-0.427384 0.068186 -0.057131 0.000000
0.073387 0.059321 -0.065447 0.000000
0.069635 -0.030983 -0.067884 1.000000
0.447889 -0.059587 0.019672 0.000000
-0.813094 0.039726 -0.109631 2.000000
0.030397 -0.030481 -0.176517 1.000000
-0.043586 -0.013921 0.064142 0.000000
0.563906 -0.035022 0.053055 0.000000
0.229238 0.012436 0.067607 0.000000
-0.580941 0.047062 -0.072353 0.000000
-0.924259 0.231924 -0.006447 2.000000
-0.291271 0.086634 -0.021884 0.000000
0.001531 -0.037626 0.066914 1.000000
0.246228 -0.016598 0.058431 1.000000
-0.022079 0.003284 -0.440690 1.000000
0.042298 -0.074928 -0.009625 0.000000
0.070328 -0.065035 0.394126 3.000000
-0.478785 0.070122 -0.055267 0.000000
0.135923 -0.003670 -0.085377 1.000000
-0.046907 0.025555 -0.472592 1.000000
-0.549518 -0.009333 0.063880 0.000000
0.378781 0.059990 -0.064778 0.000000
0.406357 -0.064629 -0.001548 0.000000
0.199702 -0.010528 0.208213 1.000000
0.043325 -0.111753 -0.124949 3.000000
0.389965 0.024886 0.067607 0.000000
0.127918 -0.039992 -0.130230 1.000000
-0.183044 0.086634 -0.007642 0.000000
0.101560 -0.012464 0.146035 1.000000
-0.798875 0.042904 -0.132691 2.000000
0.192844 0.065797 0.044356 0.000000
-0.542540 0.027133 -0.082294 0.000000
0.201280 -0.080090 -0.244048 3.000000
0.184050 0.074710 0.035563 0.000000
-0.810967 0.043310 0.127993 2.000000
0.183548 -0.015044 -0.079833 1.000000
-0.846835 0.059799 -0.028790 2.000000
-0.620752 0.065916 0.039505 0.000000
0.175256 -0.021616 0.078982 1.000000
0.144167 0.009330 0.067607 0.000000
-0.063969 0.026248 -0.532643 1.000000
-0.226536 0.040801 0.652875 1.000000
0.830206 -0.094977 -0.013114 0.000000
-0.203022 0.020561 -0.082294 0.000000
-0.883516 0.050312 -0.219052 2.000000
-0.815101 0.241817 -0.008861 2.000000
0.140798 -0.027566 -0.229328 1.000000
0.256910 -0.074379 0.248478 3.000000
0.017565 -0.015594 -0.291554 1.000000
-0.782602 0.042092 0.109378 2.000000
0.102851 -0.005749 -0.228754 1.000000
0.080269 -0.009046 -0.230427 1.000000
-0.480386 0.007824 -0.082294 0.000000
0.326639 0.050025 0.057714 0.000000
0.704272 -0.006800 0.066460 0.000000
-0.757248 0.046202 -0.055984 2.000000
-0.779615 0.038459 0.127324 2.000000
0.069038 -0.098490 -0.075268 3.000000
-0.482250 0.080421 0.023065 0.000000
-0.215448 -0.056982 0.025932 0.000000
0.065692 -0.032178 0.162786 1.000000
-0.408028 -0.062048 -0.023700 0.000000
0.884737 0.031123 -0.026472 0.000000
0.772305 -0.013395 0.063760 0.000000
-0.395793 -0.062956 -0.009339 0.000000
0.151050 0.032557 -0.079594 0.000000
-0.486312 0.072990 0.037642 0.000000
0.744131 -0.060758 0.016852 0.000000
0.077497 -0.091178 0.113632 3.000000
0.160369 -0.049192 -0.069199 1.000000
-0.683552 -0.035523 -0.024202 0.000000
0.168900 -0.062502 -0.248827 3.000000
0.166319 -0.075191 -0.006782 0.000000
0.247041 -0.074689 0.237199 3.000000
-0.071473 0.041327 -0.075985 0.000000
-0.129684 0.032700 0.547445 1.000000
-0.956495 0.291688 -0.005921 2.000000
-0.204193 0.036882 0.637916 1.000000
-0.031972 -0.005414 0.346334 1.000000
0.503209 -0.030911 0.056543 0.000000
0.111095 -0.073614 -0.370626 3.000000
-0.807454 0.103362 -0.000975 2.000000
-0.341835 -0.048810 -0.053833 0.000000
0.229477 -0.059491 -0.065471 0.000000
0.074295 -0.024101 -0.108126 1.000000
-0.132145 0.025149 0.511194 1.000000
0.261570 -0.045918 -0.088507 1.000000
-0.157141 0.035425 0.579944 1.000000
0.081703 -0.046396 0.423949 3.000000
0.189427 -0.058225 -0.068840 1.000000
-0.178719 0.024982 0.541638 1.000000
-0.007120 -0.009405 0.322509 1.000000
-0.361573 0.075140 0.035204 0.000000
-0.102108 0.033322 -0.544759 1.000000
0.618413 -0.053350 0.034654 0.000000
-0.172482 0.040491 0.619564 1.000000
0.067102 0.006821 -0.364772 1.000000
0.224602 -0.041378 0.224391 3.000000
0.883948 0.029212 0.019098 0.000000
0.115516 -0.029884 0.197388 1.000000
0.208138 -0.072419 -0.025708 0.000000
-0.833692 0.196963 -0.002289 2.000000
0.590191 0.086634 -0.005420 0.000000
-0.087842 0.025078 0.480057 1.000000
-0.079143 -0.058751 -0.036365 0.000000
0.190383 -0.076028 -0.189230 3.000000
0.004541 -0.024914 0.198679 1.000000
0.639537 -0.048212 -0.054718 0.000000
0.151002 -0.057030 -0.425683 3.000000
0.059144 -0.023719 -0.426950 3.000000
-0.301044 -0.054545 -0.046497 0.000000
0.073578 -0.030553 -0.189779 1.000000
0.832763 -0.114740 -0.001740 0.000000
0.149855 -0.041689 0.111887 1.000000
0.105432 -0.035356 0.345975 3.000000
0.166056 0.051411 0.057141 0.000000
0.880173 -0.056863 0.005095 0.000000
-0.122061 -0.024794 0.059053 0.000000
0.408747 0.057648 -0.067120 0.000000
0.147011 -0.018820 -0.412636 3.000000
0.101728 -0.038033 -0.396315 3.000000
0.258296 0.073181 0.037068 0.000000
0.254449 -0.085730 -0.240989 3.000000
0.224602 -0.039514 0.214331 3.000000
-0.829988 0.225281 -0.002695 2.000000
0.708191 0.078438 -0.041933 0.000000
0.098430 -0.047830 0.052624 1.000000
-0.649810 0.076741 0.019767 0.000000
0.193943 -0.002332 -0.084755 1.000000
0.248092 -0.072849 0.000005 0.000000
-0.141130 0.039129 -0.603974 1.000000
0.135899 -0.078728 0.403326 3.000000
0.072526 0.012484 0.389681 1.000000
0.090664 -0.001591 0.327718 1.000000
0.834555 -0.108096 0.003804 0.000000
-0.438543 0.020346 -0.082294 0.000000
0.026765 -0.037841 0.396301 3.000000
-0.037205 0.059847 0.050235 0.000000
0.510211 -0.064151 0.008727 0.000000
0.022416 0.012436 -0.423867 1.000000
-0.679705 0.003595 -0.067335 0.000000
-0.823560 0.042928 -0.172239 2.000000
0.149783 0.056621 0.053437 0.000000
0.031305 -0.069647 0.028441 0.000000
0.048893 0.086634 -0.011752 0.000000
0.174802 -0.008425 0.072889 1.000000
-0.076156 0.014181 0.416398 1.000000
-0.899479 0.321344 -0.007857 2.000000
0.059766 -0.007756 0.396444 3.000000
0.267974 -0.062431 0.239756 3.000000
0.638749 -0.011842 -0.079092 0.000000
0.177455 -0.084798 -0.228898 3.000000
0.089899 0.003690 -0.333515 1.000000
0.332709 0.027204 -0.081792 0.000000
0.000049 0.018888 -0.418992 1.000000
0.585436 0.057099 -0.067645 0.000000
0.199320 -0.073280 0.005525 0.000000
-0.899048 0.045485 -0.017726 2.000000
-0.719062 0.039033 -0.085568 2.000000
-0.056227 0.000751 0.388869 1.000000
-0.495799 -0.055023 -0.035338 0.000000
0.458093 0.086634 -0.018371 0.000000
0.114034 -0.010169 0.148425 1.000000
-0.135945 -0.005988 0.066795 0.000000
-0.750438 0.077506 -0.009386 2.000000
0.677556 -0.061977 -0.028647 0.000000
0.061223 -0.025774 0.210913 1.000000
-0.490470 -0.047926 0.036518 0.000000
-0.367834 0.073013 -0.052065 0.000000
-0.147845 0.027802 -0.598931 1.000000
-0.354381 -0.062359 -0.026257 0.000000
0.127894 -0.029549 -0.409410 3.000000
0.082109 0.011839 -0.082294 0.000000
-0.137570 0.016499 -0.499618 1.000000
-0.743173 0.145586 -0.010079 2.000000
0.235332 -0.058034 0.170744 3.000000
0.198077 -0.009692 0.123477 1.000000
0.083638 -0.011269 0.393457 3.000000
-0.455462 -0.038917 -0.061002 0.000000
-0.086981 0.001253 -0.392444 1.000000
0.701548 -0.064629 0.001964 0.000000
0.614231 0.001683 0.067607 0.000000
-0.177930 0.028041 0.571938 1.000000
0.346306 -0.061642 -0.029411 0.000000
-0.932766 0.226284 -0.005802 2.000000
0.547871 -0.064629 -0.018897 0.000000
0.863063 -0.048523 -0.042411 0.000000
0.754120 -0.048212 0.040007 0.000000
-0.566460 -0.055262 0.013028 0.000000
0.106244 -0.019107 -0.414022 3.000000
-0.026452 0.022568 0.427963 1.000000
0.078381 0.007418 0.382178 3.000000
0.018664 -0.055405 0.057571 1.000000
-0.445091 -0.039658 0.045766 0.000000
0.152388 -0.022476 0.359453 3.000000
0.250769 -0.043839 0.191988 3.000000
-0.086456 0.002137 0.388511 1.000000
0.100987 -0.018318 -0.092139 1.000000
0.256265 -0.022524 0.076592 1.000000
0.779737 -0.024555 -0.072664 0.000000
-0.113195 -0.064629 0.002944 0.000000
-0.302741 0.082094 -0.033139 0.000000
0.541610 0.034660 0.064023 0.000000
-0.646513 -0.031150 -0.047859 0.000000
0.106053 -0.031318 -0.091805 1.000000
-0.103637 0.033656 0.536070 1.000000
0.095515 -0.027184 -0.224333 1.000000
0.252131 -0.083340 0.176001 3.000000
0.201829 -0.035069 -0.194487 3.000000
0.152077 -0.007636 0.132820 1.000000
0.176141 -0.068620 0.185297 3.000000
0.119578 -0.072873 0.358091 3.000000
0.008962 0.065940 -0.058899 0.000000
0.007887 0.010644 0.334601 1.000000
0.047770 -0.016024 0.076377 1.000000
0.085645 0.006415 -0.279582 1.000000
-0.278199 0.072990 -0.051946 0.000000
0.216979 -0.012535 0.078934 1.000000
-0.802030 0.032270 0.056472 2.000000
0.190837 -0.031748 0.210579 3.000000
0.126245 -0.047830 -0.070943 1.000000
-0.036321 -0.023838 0.070403 0.000000
0.913914 0.010859 0.015514 0.000000
-0.783629 0.113087 -0.010605 2.000000
-0.862439 0.049977 0.219420 2.000000
-0.063443 0.004264 -0.427715 1.000000
0.597623 0.082811 -0.031419 0.000000
0.852142 0.054279 0.027462 0.000000
-0.108129 -0.049909 0.038335 0.000000
-0.514127 0.031052 -0.080980 0.000000
0.073578 -0.096220 0.100011 3.000000
-0.107747 0.009425 0.416111 1.000000
-0.774453 0.030191 0.043520 2.000000
0.156617 -0.032871 0.187567 1.000000
-0.253252 0.086348 0.008201 0.000000
-0.192866 0.032366 -0.599146 1.000000
-0.849607 0.041900 0.126153 2.000000
0.047388 -0.044031 0.068205 1.000000
-0.607299 -0.050435 -0.013927 0.000000
-0.014647 -0.033444 -0.142584 1.000000
-0.242881 -0.048093 0.040127 0.000000
0.053959 -0.093018 0.066006 3.000000
-0.802914 0.041877 -0.167293 2.000000
0.561898 0.062977 -0.061839 0.000000
-0.797872 0.030645 -0.027309 2.000000
-0.154679 0.012962 -0.082294 0.000000
0.259610 -0.073614 0.183146 3.000000
0.051115 -0.003431 0.361866 1.000000
0.138408 -0.029836 -0.218670 1.000000
-0.016965 -0.069886 -0.022936 0.000000
0.219273 -0.014399 0.146704 1.000000
0.645822 0.076096 -0.047549 0.000000
0.837422 0.065080 0.024546 0.000000
0.352017 -0.055429 0.029708 0.000000
0.097235 -0.077438 0.104073 3.000000
0.080579 -0.091369 -0.094266 3.000000
0.047889 0.010262 0.372643 1.000000
0.912600 -0.015737 -0.040380 0.000000
-0.142516 0.029618 0.540682 1.000000
-0.655617 0.039344 0.054632 0.000000
0.086673 -0.033636 0.346979 3.000000
0.069874 -0.045154 0.085434 1.000000
0.200778 0.081186 -0.035314 0.000000
0.277270 -0.051510 -0.057322 1.000000
0.085693 -0.028068 -0.212576 1.000000
-0.083158 -0.064629 -0.014715 0.000000
-0.827933 0.047636 -0.181511 2.000000
-0.114868 0.006056 0.405142 1.000000
0.059599 -0.091465 0.090189 3.000000
-0.100889 -0.004315 -0.082151 0.000000
-0.036727 -0.038893 -0.078590 1.000000
0.179797 -0.006824 -0.194224 1.000000
0.024041 0.007108 -0.316812 1.000000
0.139149 -0.021138 0.404091 3.000000
0.276266 0.085702 -0.024441 0.000000
0.098980 -0.019513 -0.117852 1.000000
-0.515609 0.040777 -0.076846 0.000000
0.077975 -0.096316 -0.102654 3.000000
0.007433 0.013870 -0.398466 1.000000
0.049180 -0.015188 0.295889 1.000000
-0.312586 0.034827 -0.078662 0.000000
-0.825185 0.031267 -0.040380 2.000000
-0.174442 0.031816 0.065194 0.000000
0.106985 0.003571 0.270128 1.000000
0.046886 -0.054975 -0.375931 3.000000
0.152890 -0.009405 -0.386948 3.000000
-0.034744 0.078725 0.026554 0.000000
-0.258174 -0.017936 -0.076607 0.000000
0.135111 -0.007828 -0.156253 1.000000
0.421077 -0.062526 0.012622 0.000000
0.784970 -0.051821 -0.049747 0.000000
0.135135 -0.069886 0.372476 3.000000
-0.025640 0.001205 -0.419399 1.000000
-0.480362 -0.052299 -0.043056 0.000000
0.168494 0.073802 -0.051157 0.000000
-0.572649 -0.044580 0.035419 0.000000
-0.529994 -0.059539 -0.020904 0.000000
0.403585 -0.064629 -0.014691 0.000000
0.610455 -0.056003 0.028322 0.000000
-0.139195 0.030263 -0.553409 1.000000
0.624339 -0.064629 0.002347 0.000000
-0.426595 0.080182 -0.038205 0.000000
0.149544 -0.080329 -0.400090 3.000000
0.275262 -0.021998 -0.080526 1.000000
-0.748526 0.040586 -0.127099 2.000000
0.016896 -0.028761 0.379095 3.000000
-0.647755 0.082429 0.000053 0.000000
-0.026763 0.064482 -0.060357 0.000000
-0.718058 0.100829 -0.001070 2.000000
0.709028 0.005100 0.067607 0.000000
-0.019665 0.021636 -0.434597 1.000000
-0.306851 -0.016430 -0.077204 0.000000
0.706471 -0.029980 -0.071612 0.000000
0.066051 -0.019919 -0.141748 1.000000
0.443205 0.003165 -0.082294 0.000000
-0.395841 0.053084 0.056615 0.000000
-0.507651 -0.049455 -0.048528 0.000000
0.143403 -0.026634 0.219898 1.000000
0.002893 -0.003718 -0.389003 1.000000
0.080340 -0.037865 -0.088770 1.000000
0.036180 -0.070962 -0.035075 0.000000
0.224602 -0.088191 0.203147 3.000000
0.130355 -0.060973 0.361938 3.000000
0.059646 -0.111442 -0.108819 3.000000
0.191124 -0.008616 -0.154962 1.000000
0.524883 0.076909 0.030879 0.000000
-0.495058 -0.057747 0.014008 0.000000
0.055202 0.009688 -0.305963 1.000000
-0.448962 0.051650 0.057332 0.000000
0.830182 -0.056815 0.021750 0.000000
0.081631 -0.022022 0.250964 1.000000
0.050948 -0.044580 -0.076678 1.000000
0.096996 -0.033612 0.161353 1.000000
0.045428 -0.113832 0.109211 3.000000
0.149903 -0.015833 0.088899 1.000000
0.100127 -0.052585 -0.423294 3.000000
-0.101295 0.010429 0.453126 1.000000
0.134537 -0.038176 0.414103 3.000000
0.360477 0.025125 -0.082294 0.000000
-0.869274 0.120663 -0.003962 2.000000
-0.031996 -0.028163 0.164196 1.000000
0.279301 -0.050817 0.056233 0.000000
-0.840933 0.039511 -0.115103 2.000000
-0.875582 0.134499 -0.007594 2.000000
0.016251 0.004813 0.411570 1.000000
0.230314 -0.043338 -0.085329 1.000000
0.250769 -0.091393 0.209695 3.000000
-0.257338 0.072512 -0.052424 0.000000
-0.058712 0.027587 -0.081625 0.000000
0.180179 0.082309 0.017903 0.000000
-0.047122 0.055163 0.054847 0.000000
0.128396 0.070289 -0.054622 0.000000
-0.254542 -0.064629 -0.001477 0.000000
-0.547104 0.074041 -0.051396 0.000000
-0.867434 0.045389 -0.178907 2.000000
-0.231171 0.010644 -0.082294 0.000000
0.078811 -0.106352 0.067823 3.000000
0.217768 -0.020612 0.165869 1.000000
-0.028268 -0.009811 -0.314614 1.000000
0.795962 -0.010193 0.061299 0.000000
0.251964 0.085368 -0.025277 0.000000
-0.056227 0.081879 -0.033665 0.000000
-0.590810 0.055736 -0.067335 0.000000
0.324106 0.086634 -0.003388 0.000000
-0.377082 -0.050052 -0.051778 0.000000
-0.329791 0.024169 -0.082294 0.000000
-0.482441 0.049022 0.058551 0.000000
-0.042510 0.010931 -0.386541 1.000000
0.147513 -0.018342 -0.424990 3.000000
-0.095751 0.014061 0.430329 1.000000
-0.714952 -0.025272 0.021344 0.000000
0.099075 0.004622 -0.281135 1.000000
0.115205 -0.073686 -0.423389 3.000000
-0.086456 0.031338 -0.539812 1.000000
0.361552 -0.019059 -0.076129 0.000000
0.673566 0.070552 -0.054359 0.000000
0.274307 -0.098036 -0.231168 3.000000
-0.106457 0.024337 -0.574940 1.000000
0.114393 -0.100641 -0.088196 3.000000
-0.160486 0.035233 -0.648612 1.000000
-0.476873 -0.013467 -0.077371 0.000000
-0.851925 0.046417 0.186014 2.000000
-0.075200 0.000847 0.377948 1.000000
0.213491 -0.065394 -0.194248 3.000000
-0.917998 0.205471 -0.006256 2.000000
0.140201 -0.049670 0.049088 1.000000
0.565053 0.070170 0.040031 0.000000
0.167538 -0.042764 -0.199672 3.000000
0.637410 -0.001734 0.067607 0.000000
0.866934 0.038555 -0.042172 0.000000
-0.512144 0.085129 0.011260 0.000000
-0.056322 -0.009046 -0.317338 1.000000
0.128778 -0.019537 -0.093692 1.000000
-0.831541 0.041231 -0.151306 2.000000
0.139412 -0.048881 0.216457 1.000000
0.271104 -0.090389 -0.210736 3.000000
0.106507 -0.076075 -0.420450 3.000000
0.237721 -0.018175 0.132366 1.000000
0.132673 0.086634 -0.009267 0.000000
-0.835771 0.177584 -0.002002 2.000000
0.260112 -0.043624 0.244368 3.000000
0.392904 0.052558 -0.071349 0.000000
0.078787 -0.013061 -0.089702 1.000000
-0.859811 0.043454 0.150026 2.000000
0.115349 -0.014614 -0.090419 1.000000
0.836729 0.044792 -0.055124 0.000000
0.019214 0.061376 0.048729 0.000000
0.201781 0.010142 0.067607 0.000000
0.069969 -0.027136 0.202741 1.000000
0.294236 0.050742 0.057428 0.000000
-0.445712 -0.054832 -0.038803 0.000000
0.598890 -0.042358 -0.060477 0.000000
0.573273 0.086634 0.007341 0.000000
0.169832 -0.017864 -0.220773 1.000000
-0.055558 0.002496 0.403876 1.000000
-0.094771 0.031362 0.516810 1.000000
0.098836 -0.020540 0.099700 1.000000
0.028940 -0.015164 -0.202875 1.000000
-0.053933 0.024647 0.509187 1.000000
-0.018686 -0.035882 -0.123921 1.000000
0.083351 -0.033922 -0.165740 1.000000
-0.192818 -0.064629 0.003064 0.000000
0.165268 -0.076649 0.215812 3.000000
-0.724223 0.037743 -0.067144 2.000000
0.063063 0.009927 -0.347973 1.000000
-0.578695 0.085702 -0.021550 0.000000
-0.173319 0.032533 0.616839 1.000000
0.120104 -0.001662 0.384090 3.000000
0.616143 0.078438 -0.041909 0.000000
0.467269 -0.039180 0.048921 0.000000
0.036515 -0.101214 0.081013 3.000000
-0.488152 -0.001830 0.067512 0.000000
0.070041 0.008756 -0.316119 1.000000
0.053840 -0.032178 0.406313 3.000000
-0.386808 0.078701 -0.041551 0.000000
0.100461 -0.113808 -0.093907 3.000000
0.071117 0.008732 0.329319 1.000000
0.436084 -0.022715 -0.074623 0.000000
0.070400 -0.026323 0.085147 1.000000
0.872096 -0.036479 0.036471 0.000000
0.044424 -0.018055 0.269770 1.000000
-0.783797 0.090123 -0.010940 2.000000
0.220181 -0.051940 0.051860 1.000000
0.091930 -0.030123 -0.198382 1.000000
0.061845 -0.112732 0.097167 3.000000
0.898597 -0.031509 -0.042435 0.000000
-0.010848 0.086539 0.007723 0.000000
-0.136040 0.080469 -0.037034 0.000000
0.681929 0.027969 0.066795 0.000000
-0.893648 0.302800 -0.003675 2.000000
0.048367 -0.024197 0.116762 1.000000
0.083495 -0.092803 -0.127697 3.000000
-0.799234 0.030550 0.015203 2.000000
0.352495 0.023978 0.067607 0.000000
0.025976 -0.022333 0.390136 3.000000
0.265465 0.042355 0.060869 0.000000
0.103687 -0.065298 0.418907 3.000000
0.709147 0.051817 -0.071660 0.000000
0.253206 -0.067998 0.029780 0.000000
-0.006284 -0.001184 0.289723 1.000000
-0.520006 -0.030792 0.053246 0.000000
0.048678 0.018100 -0.082294 0.000000
-0.931643 0.258807 -0.005109 2.000000
-0.177572 0.019486 -0.082294 0.000000
0.036013 -0.103102 -0.080502 3.000000
-0.718464 -0.018533 0.030449 0.000000
0.218772 -0.060615 -0.182204 3.000000
0.607731 -0.046779 -0.056127 0.000000
-0.315191 0.047229 0.058861 0.000000
0.206178 -0.088263 -0.219506 3.000000
0.109446 0.079657 0.024260 0.000000
-0.784633 0.035496 -0.106859 2.000000
0.228426 -0.041498 0.113058 1.000000
0.568589 -0.022189 0.060152 0.000000
-0.759494 0.035616 -0.059019 2.000000
0.814291 -0.009859 -0.073213 0.000000
-0.344344 0.086634 0.007413 0.000000
0.439095 -0.020493 0.060845 0.000000
0.071236 -0.024149 -0.240511 1.000000
-0.329839 0.048711 -0.072950 0.000000
0.336771 0.086634 -0.000808 0.000000
-0.460910 0.023500 0.067607 0.000000
0.152125 -0.034711 0.350515 3.000000
-0.013022 -0.052012 0.059124 0.000000
0.045667 -0.078967 0.072004 3.000000
-0.015818 -0.023719 -0.213078 1.000000
0.124764 0.000249 -0.205408 1.000000
0.045213 -0.113855 -0.085950 3.000000
0.263577 -0.026610 0.198177 3.000000
0.136282 -0.000563 0.241716 1.000000
-0.024325 -0.016669 0.230723 1.000000
0.236957 0.057146 -0.067598 0.000000
0.076111 -0.022548 0.418214 3.000000
0.215689 -0.047400 0.069686 1.000000
0.132817 -0.004721 0.383325 3.000000
0.267424 0.079083 0.025646 0.000000
0.286398 -0.036384 -0.087001 1.000000
0.189116 -0.046444 0.234953 3.000000
-0.157380 0.041494 0.619755 1.000000
0.227948 0.080039 0.023352 0.000000
0.239800 -0.068381 -0.045804 0.000000
0.702384 -0.054521 0.031859 0.000000
0.717200 0.072798 0.037426 0.000000
-0.910017 0.065462 -0.003508 2.000000
-0.152600 0.017168 -0.497253 1.000000
0.234089 -0.032775 -0.089941 1.000000
0.041724 -0.019680 0.151268 1.000000
0.232201 -0.050315 0.184436 3.000000
-0.075774 0.058413 0.051669 0.000000
0.014530 -0.064032 0.042277 1.000000
0.496160 0.010644 0.067607 0.000000
-0.744344 0.032151 -0.084253 2.000000
0.816800 0.058437 -0.052686 0.000000
0.171648 -0.017028 0.222001 1.000000
-0.274017 0.086634 0.001797 0.000000
0.235881 -0.064725 0.239159 3.000000
0.400407 -0.018772 0.061562 0.000000
-0.217168 -0.010002 -0.079833 0.000000
0.889492 -0.025726 -0.048409 0.000000
0.049753 -0.071368 -0.032446 0.000000
-0.789030 0.038866 -0.140338 2.000000
0.011256 -0.034066 -0.094457 1.000000
-0.043323 -0.067521 0.000698 0.000000
-0.607872 -0.050339 -0.003269 0.000000
0.177718 -0.048380 -0.201465 3.000000
0.843134 -0.101621 0.002395 0.000000
-0.032832 0.005984 0.448490 1.000000
-0.783940 0.060444 0.026817 2.000000
0.357155 0.086634 0.002681 0.000000
0.081774 -0.058392 0.053843 1.000000
0.109279 -0.106041 0.082614 3.000000
0.565602 -0.012177 -0.078948 0.000000
0.138671 0.077554 -0.044012 0.000000
0.198292 -0.060806 0.180326 3.000000
0.100366 -0.033588 -0.436007 3.000000
0.783034 -0.063697 0.009085 0.000000
0.226920 -0.013850 0.083044 1.000000
0.756749 -0.059037 0.021010 0.000000
0.088107 -0.023480 -0.431849 3.000000
0.725444 -0.061642 -0.029435 0.000000
-0.752540 0.108523 -0.001118 2.000000
0.045834 -0.058703 -0.067980 1.000000
-0.687829 0.074710 -0.034501 0.000000
-0.781001 0.003786 -0.043725 2.000000
0.819285 -0.094906 -0.004989 0.000000
0.079409 -0.013587 -0.389003 3.000000
0.208425 -0.097295 0.192107 3.000000
-0.414934 -0.039681 -0.061122 0.000000
0.127894 -0.063864 -0.413735 3.000000
0.776774 -0.045632 -0.056653 0.000000
0.845906 -0.058894 0.016326 0.000000
0.549735 0.072249 0.037976 0.000000
0.046527 -0.025081 -0.124112 1.000000
-0.360618 -0.053207 0.033197 0.000000
-0.854840 0.045676 -0.171905 2.000000
-0.526983 -0.024531 0.057523 0.000000
0.039334 -0.020086 0.250653 1.000000
0.117619 -0.048810 -0.061671 1.000000
0.164408 -0.020803 0.048490 1.000000
0.125552 -0.024316 0.420818 3.000000
-0.165003 0.001301 0.067607 0.000000
-0.787787 -0.011078 -0.004105 2.000000
0.105288 -0.020684 -0.430606 3.000000
-0.768073 0.173904 -0.009697 2.000000
-0.023561 0.019127 -0.082294 0.000000
-0.252821 0.020322 0.067607 0.000000
0.488322 -0.061045 0.016159 0.000000
-0.350509 0.071556 -0.053475 0.000000
-0.011899 0.062141 -0.062651 0.000000
-0.803081 0.006462 0.019863 2.000000
0.168852 -0.005558 0.151603 1.000000
-0.001074 0.065749 -0.059091 0.000000
-0.819785 0.034254 0.069495 2.000000
-0.513506 -0.059969 -0.012947 0.000000
0.109972 0.048472 -0.073046 0.000000
-0.070015 0.007514 -0.391082 1.000000
0.071953 -0.022524 0.242958 1.000000
0.096399 -0.006107 0.217987 1.000000
-0.252702 0.058030 0.052027 0.000000
-0.778874 0.039176 -0.146408 2.000000
0.689361 -0.020588 0.060821 0.000000
0.101728 -0.043935 -0.379659 3.000000
0.264461 -0.084989 0.230317 3.000000
0.070662 -0.058918 -0.072425 1.000000
0.604553 0.069142 -0.055745 0.000000
-0.377847 0.032175 0.065266 0.000000
0.113461 -0.044819 0.078504 1.000000
-0.564763 0.000249 -0.081720 0.000000
0.446885 0.083289 0.015561 0.000000
-0.617933 0.082046 -0.025516 0.000000
0.070949 -0.065011 -0.104661 1.000000
0.174683 -0.080664 -0.206794 3.000000
-0.865187 0.053156 0.228429 2.000000
-0.903374 0.043812 0.001080 2.000000
0.063804 -0.024292 -0.236401 1.000000
-0.780762 -0.012033 0.005047 2.000000
0.742387 0.068306 -0.056558 0.000000
0.014100 -0.021090 0.232109 1.000000
0.234734 -0.097128 -0.243809 3.000000
-0.056418 -0.006728 0.324684 1.000000
-0.003081 -0.037841 -0.081266 1.000000
-0.187895 -0.064629 -0.019399 0.000000
-0.784322 0.075427 -0.012804 2.000000
-0.176377 0.025555 -0.554484 1.000000
-0.825567 0.071890 -0.016460 2.000000
0.021078 -0.043338 -0.078494 1.000000
0.490544 -0.019035 -0.076153 0.000000
0.144000 -0.006513 -0.156325 1.000000
-0.748526 0.038149 0.107801 2.000000
-0.670027 -0.018820 -0.055626 0.000000
-0.572673 -0.004482 0.063999 0.000000
0.883901 -0.006322 -0.053164 0.000000
0.838044 -0.101549 -0.022075 0.000000
0.054341 -0.051223 -0.426878 3.000000
-0.029248 -0.021042 0.215979 1.000000
0.263983 0.086634 0.002944 0.000000
0.026550 -0.070125 -0.038803 0.000000
-0.692991 -0.030314 0.018524 0.000000
-0.115131 0.014491 -0.495222 1.000000
0.029059 -0.053517 -0.400377 3.000000
-0.681449 0.107687 -0.010557 2.000000
-0.880099 0.062117 0.005286 2.000000
-0.289263 -0.064629 -0.006017 0.000000
0.037829 -0.047519 -0.084301 1.000000
0.255476 -0.058966 -0.219960 3.000000
-0.092501 0.008924 -0.446330 1.000000
0.620946 0.086634 0.001797 0.000000
0.089397 -0.021974 0.079149 1.000000
0.101728 -0.048141 0.401677 3.000000
0.753714 0.065797 0.044380 0.000000
0.270316 -0.035571 -0.247465 3.000000
-0.441052 -0.023360 -0.073404 0.000000
0.002725 0.000966 -0.406662 3.000000
0.132912 -0.041760 0.388463 3.000000
-0.001576 -0.006418 -0.361498 1.000000
-0.849344 0.063192 0.010902 2.000000
-0.631577 0.040467 -0.070848 0.000000
0.018019 -0.029525 0.392716 3.000000
-0.871496 0.050169 -0.215420 2.000000
0.226992 -0.013897 -0.089296 1.000000
0.275693 0.031171 0.065457 0.000000
0.486123 0.086634 0.007054 0.000000
0.029680 0.053777 0.056161 0.000000
0.345948 0.016116 0.067607 0.000000
0.015534 -0.025893 0.132438 1.000000
-0.862272 0.049476 -0.225815 2.000000
0.128898 0.028232 0.066675 0.000000
0.690866 0.036954 0.063091 0.000000
0.198842 -0.012631 -0.082748 1.000000
0.637100 -0.032608 -0.070131 0.000000
0.247638 -0.045799 -0.245362 3.000000
-0.009008 -0.012941 -0.303550 1.000000
-0.445330 0.079776 0.024594 0.000000
-0.589185 0.070552 -0.052280 0.000000
-0.047146 -0.003240 -0.370387 1.000000
-0.317628 -0.053924 -0.047955 0.000000
0.109422 -0.013276 0.220759 1.000000
0.798424 0.055904 -0.060811 0.000000
0.716985 0.034230 -0.078901 0.000000
0.359043 -0.039323 -0.063488 0.000000
-0.004587 0.061854 0.048251 0.000000
0.416418 0.084723 0.012120 0.000000
0.194684 -0.092062 0.189885 3.000000
-0.834433 0.010453 -0.022553 2.000000
0.096781 -0.065059 -0.363481 3.000000
-0.222163 0.038220 -0.649854 1.000000
0.141682 -0.036766 -0.358869 3.000000
-0.443107 0.067517 0.043138 0.000000
0.031712 0.013392 -0.082294 0.000000
0.088083 0.003404 0.237845 1.000000
0.055273 -0.037674 0.352857 3.000000
-0.091713 0.000178 -0.380902 1.000000
0.255548 -0.072204 -0.016818 0.000000
0.296889 0.010692 0.067607 0.000000
0.097163 0.083695 0.014582 0.000000
-0.256740 0.059082 -0.065686 0.000000
-0.887196 0.052869 0.231058 2.000000
-0.103756 0.004742 0.403231 1.000000
-0.668187 0.055665 0.046125 0.000000
0.094200 -0.037650 0.126679 1.000000
-0.490733 0.020728 -0.082294 0.000000
0.079170 -0.040637 -0.390532 3.000000
0.224602 -0.048810 0.216386 3.000000
0.146055 -0.045464 -0.367854 3.000000
0.105623 -0.044771 -0.368643 3.000000
0.072096 0.008278 0.275840 1.000000
0.050590 -0.069265 -0.046067 0.000000
0.752232 0.033274 0.064597 0.000000
-0.857445 0.031434 -0.027595 2.000000
0.400192 0.031004 0.065528 0.000000
-0.050133 0.023644 -0.082294 0.000000
0.061964 0.003021 0.256412 1.000000
0.212224 0.061567 0.048538 0.000000
-0.020789 -0.005366 0.280906 1.000000
0.220349 -0.025941 0.158867 1.000000
0.239203 -0.072610 0.004043 0.000000
0.233994 -0.088095 -0.253678 3.000000
0.140750 -0.041474 -0.122344 1.000000
-0.708977 0.035998 0.036160 2.000000
0.113795 -0.003431 0.183170 1.000000
0.182234 -0.069647 0.235622 3.000000
0.305921 0.077100 0.030449 0.000000
0.177598 -0.053900 -0.076296 1.000000
-0.911857 0.272452 -0.008239 2.000000
0.261809 -0.096794 0.190148 3.000000
0.198292 -0.094930 -0.204452 3.000000
-0.097687 0.018841 0.532748 1.000000
-0.034099 0.005196 -0.082294 0.000000
0.129949 -0.027566 0.223387 1.000000
-0.479669 0.056501 -0.068960 0.000000
0.139269 -0.076673 0.364686 3.000000
0.027984 -0.035141 0.061848 1.000000
-0.105142 -0.009094 0.065505 0.000000
0.053887 -0.059133 -0.414834 3.000000
0.061582 -0.033062 -0.090992 1.000000
0.004231 -0.025822 -0.203639 1.000000
-0.040288 -0.014925 0.251035 1.000000
0.025403 0.026344 -0.082151 0.000000
0.047889 -0.064581 -0.383244 3.000000
0.221305 -0.072754 -0.022673 0.000000
0.725373 0.035783 0.063569 0.000000
0.186894 -0.035786 0.195978 3.000000
0.749006 0.057720 -0.067024 0.000000
0.250769 -0.052442 -0.205742 3.000000
0.110569 -0.014208 0.380338 3.000000
-0.810417 0.048090 -0.180866 2.000000
-0.074173 0.005124 0.418596 1.000000
0.909876 -0.038319 0.019433 0.000000
0.109613 -0.014471 0.284849 1.000000
0.027912 0.072320 0.037904 0.000000
-0.036058 -0.007565 0.318710 1.000000
-0.020789 -0.017888 0.245205 1.000000
-0.730365 0.011337 -0.063655 0.000000
-0.076180 0.013942 -0.510874 1.000000
-0.083707 0.003834 -0.415766 1.000000
-0.577978 0.026463 -0.080358 0.000000
-0.741214 0.035066 0.037498 2.000000
-0.729648 0.030000 -0.066379 2.000000
-0.867888 0.070361 -0.010151 2.000000
-0.003727 -0.005749 0.266305 1.000000
-0.113195 0.020872 0.541901 1.000000
0.166869 -0.054760 -0.074790 1.000000
-0.802985 -0.005486 -0.009745 2.000000
0.380167 0.053920 -0.070776 0.000000
0.121657 -0.061308 -0.374474 3.000000
0.012571 -0.009190 0.237462 1.000000
0.540535 -0.018724 -0.076272 0.000000
-0.075081 0.013990 0.500345 1.000000
0.127966 0.000512 0.235718 1.000000
-0.168157 0.028734 -0.595036 1.000000
-0.069824 0.007012 0.067607 0.000000
0.578411 -0.050937 0.037331 0.000000
0.187037 -0.073686 0.002968 0.000000
0.669264 0.012628 -0.082294 0.000000
0.101608 -0.025798 0.065170 1.000000
-0.604766 0.029092 -0.077610 0.000000
0.024495 -0.049861 0.387698 3.000000
0.460028 0.077984 0.028274 0.000000
0.141969 -0.009572 0.130526 1.000000
0.250769 -0.072491 0.201546 3.000000
0.236957 -0.091608 0.202741 3.000000
0.420504 -0.043051 0.045097 0.000000
0.726137 -0.062598 0.012407 0.000000
-0.071114 -0.001949 -0.369933 1.000000
-0.843561 0.250897 -0.008717 2.000000
0.042728 -0.004626 0.235455 1.000000
0.144717 -0.003168 -0.252125 1.000000
0.057830 -0.100904 -0.092737 3.000000
0.218676 -0.045369 0.102998 1.000000
-0.002317 -0.037125 0.107920 1.000000
-0.126577 0.075977 0.033149 0.000000
-0.024612 -0.049359 0.059985 0.000000
0.241115 -0.090700 -0.214727 3.000000
-0.745778 0.031960 0.070140 2.000000
0.604027 0.012580 -0.082294 0.000000
0.206895 -0.026754 -0.219100 1.000000
-0.443514 -0.056074 0.021153 0.000000
-0.023322 -0.016908 -0.264264 1.000000
-0.353449 0.077076 -0.045302 0.000000
-0.748335 0.034971 0.097549 2.000000
0.051593 -0.037172 0.119797 1.000000
-0.030586 0.081138 -0.035409 0.000000
0.061008 -0.049001 0.068946 1.000000
0.066122 -0.111418 0.075732 3.000000
0.048941 0.011696 -0.331508 1.000000
0.410539 -0.048571 -0.054335 0.000000
0.125935 -0.073399 0.004808 0.000000
0.085980 -0.020636 -0.121149 1.000000
0.540750 0.067087 0.043090 0.000000
0.152292 0.041231 0.061323 0.000000
-0.037803 -0.066947 0.009229 0.000000
-0.186438 -0.042764 -0.060094 0.000000
0.079170 -0.027327 0.356059 3.000000
0.886171 -0.038630 -0.043439 0.000000
-0.129947 0.036380 -0.078016 0.000000
-0.310889 0.086634 -0.011011 0.000000
-0.939457 0.285643 -0.006710 2.000000
-0.681831 0.042020 0.051238 0.000000
0.474557 -0.044078 0.044094 0.000000
-0.865522 0.311164 -0.003723 2.000000
0.838139 -0.092922 -0.020426 0.000000
-0.787190 0.183008 -0.009601 2.000000
0.199941 -0.041999 -0.138140 1.000000
0.103376 -0.020517 -0.363625 3.000000
-0.835747 0.033800 -0.067980 2.000000
-0.152911 0.030789 0.614713 1.000000
0.829871 -0.017076 0.053102 0.000000
-0.301689 0.086276 -0.023079 0.000000
0.289600 0.072512 0.037713 0.000000
-0.131237 0.017933 -0.486189 1.000000
0.197576 -0.087928 -0.219028 3.000000
-0.538716 -0.012105 -0.077467 0.000000
0.267807 -0.094523 -0.244287 3.000000
-0.013524 -0.002905 -0.387784 1.000000
0.101298 -0.007493 0.171747 1.000000
-0.804634 0.123267 -0.001262 2.000000
0.049395 -0.004148 0.070905 1.000000
0.245368 -0.027662 -0.202851 3.000000
-0.372900 0.079824 -0.038779 0.000000
0.108610 0.036022 -0.078160 0.000000
0.060339 -0.025248 -0.111925 1.000000
0.110306 -0.081333 -0.410461 3.000000
-0.087149 0.083074 -0.030750 0.000000
-0.104641 -0.036288 0.051788 0.000000
0.236574 -0.028928 0.217079 3.000000
-0.137259 0.030167 -0.615396 1.000000
0.269408 -0.040422 0.228668 3.000000
0.454102 -0.058870 -0.036102 0.000000
0.100270 -0.003240 0.393075 3.000000
0.235451 -0.039658 -0.127721 1.000000
0.050422 -0.087044 -0.092737 3.000000
0.182903 -0.012057 0.206086 1.000000
-0.305298 0.077578 -0.043964 0.000000
0.081225 -0.024244 -0.243809 1.000000
0.171624 -0.032943 -0.229447 3.000000
-0.498905 0.024695 -0.082294 0.000000
-0.145049 -0.062932 0.011618 0.000000
0.004087 0.073611 -0.051324 0.000000
-0.176903 -0.044198 0.043974 0.000000
0.094368 -0.025248 0.228788 1.000000
0.210002 -0.098203 0.227617 3.000000
-0.077423 -0.054330 -0.046999 0.000000
-0.806642 0.096121 -0.010892 2.000000
0.270101 -0.056337 0.173468 3.000000
0.303149 0.013225 -0.082294 0.000000
-0.835150 0.048711 0.216601 2.000000
0.153152 -0.038988 0.135664 1.000000
-0.130568 0.086634 0.002610 0.000000
0.252943 -0.070197 -0.030511 0.000000
-0.126171 0.020920 0.535473 1.000000
-0.553389 0.083767 0.014701 0.000000
0.079170 -0.055764 0.365857 3.000000
0.812905 -0.064534 0.006313 0.000000
0.451760 -0.063888 -0.024035 0.000000
-0.860528 0.232426 -0.008980 2.000000
0.309219 0.075379 -0.049245 0.000000
-0.847361 0.046536 0.166036 2.000000
0.074797 0.085678 -0.024489 0.000000
-0.834433 0.210441 -0.002480 2.000000
-0.091713 0.022401 0.547301 1.000000
-0.037444 0.002711 0.332330 1.000000
-0.438663 0.003212 -0.082294 0.000000
