0.817231 -0.066058 -0.026003 0.000000
0.014408 0.005275 -0.502592 1.000000
-0.103392 -0.074810 0.037311 0.000000
-0.498657 -0.026218 -0.060329 0.000000
-0.411540 -0.061404 0.044849 0.000000
0.917324 -0.042204 0.050667 0.000000
-0.808727 0.241154 0.012092 2.000000
0.242369 -0.018427 0.140769 1.000000
0.234073 -0.018275 0.175525 1.000000
-0.422265 0.095908 0.020540 0.000000
0.157225 -0.080173 0.279235 3.000000
-0.705623 0.090849 0.030835 2.000000
-0.902749 0.079213 0.215011 2.000000
0.045572 -0.129220 -0.180760 3.000000
0.046483 -0.136834 -0.129183 3.000000
-0.010685 -0.043368 -0.058811 0.000000
-0.831846 0.060849 -0.027040 2.000000
0.189401 -0.063807 0.260163 3.000000
0.167546 -0.027584 0.234842 1.000000
-0.810396 0.071498 -0.095843 2.000000
-0.734687 0.106507 -0.002908 2.000000
0.001937 -0.068613 -0.022158 0.000000
-0.372104 0.015191 0.092177 0.000000
-0.010002 0.015595 0.585511 1.000000
0.268373 -0.137846 -0.252725 3.000000
-0.005601 -0.085485 0.026282 0.000000
0.315625 -0.113107 0.300585 3.000000
0.494361 0.079415 -0.047428 0.000000
0.000344 -0.019616 -0.238787 1.000000
-0.809334 0.072434 0.122556 2.000000
0.315220 -0.130131 -0.226013 3.000000
-0.190079 0.053968 -0.068474 0.000000
-0.000466 -0.034363 0.204260 1.000000
0.964778 -0.031176 0.041156 0.000000
0.204401 -0.116269 -0.232438 3.000000
0.040842 -0.032693 0.218678 1.000000
-0.006031 -0.039447 -0.161662 1.000000
0.629160 -0.018680 -0.074595 0.000000
0.044813 -0.002314 0.337516 1.000000
-0.137136 -0.016504 -0.072268 0.000000
0.117259 -0.053815 -0.091341 1.000000
0.429453 0.091254 0.041763 0.000000
-0.089834 -0.004540 -0.077251 0.000000
-0.764839 0.077417 0.039967 2.000000
-0.864579 0.027661 0.003390 2.000000
0.212926 -0.095856 -0.280373 3.000000
-0.173283 0.043294 0.756558 1.000000
0.150016 -0.078200 -0.240912 3.000000
0.060496 -0.120746 0.190803 3.000000
0.418172 0.074331 0.067084 0.000000
0.090749 -0.003831 0.305467 1.000000
0.234781 -0.038031 0.133256 1.000000
0.947299 -0.058039 0.004452 0.000000
0.040310 -0.013823 0.368503 1.000000
-0.883196 0.061430 0.047986 2.000000
0.515736 -0.071724 0.018567 0.000000
0.017469 -0.015644 0.335138 1.000000
0.028801 -0.143993 0.157186 3.000000
-0.066486 -0.034034 0.090229 0.000000
-0.595057 0.044078 -0.062960 0.000000
-0.025584 -0.010433 -0.315533 1.000000
-0.849452 0.328043 0.010523 2.000000
-0.641196 0.008209 -0.055927 0.000000
-0.828533 0.056903 0.050060 2.000000
0.075901 -0.061454 -0.036349 0.000000
-0.886560 0.070081 -0.156704 2.000000
-0.460790 -0.058368 0.041358 0.000000
-0.595209 0.074483 0.059318 0.000000
0.223474 -0.057457 -0.257101 3.000000
0.087309 -0.012862 -0.195558 1.000000
0.134763 -0.092947 -0.232387 3.000000
-0.712427 0.134079 0.013913 2.000000
0.193423 -0.011496 -0.191890 1.000000
0.547583 -0.072356 -0.003819 0.000000
-0.075719 0.011396 -0.538233 1.000000
0.065808 -0.050906 0.114816 1.000000
-0.091858 0.097628 0.013913 0.000000
0.161020 -0.035375 -0.080995 1.000000
0.091129 -0.045645 0.256141 1.000000
0.052629 -0.004514 -0.426150 1.000000
0.163802 -0.039574 0.182456 1.000000
0.212723 -0.030442 0.093138 1.000000
-0.891392 0.066641 -0.075759 2.000000
0.439698 -0.028722 0.080819 0.000000
-0.016427 -0.017238 -0.266966 1.000000
-0.714021 0.094238 0.014899 2.000000
-0.712377 0.016810 -0.045480 2.000000
0.000116 0.013243 0.470063 1.000000
-0.847100 0.035604 0.031316 2.000000
0.383720 0.061987 0.075355 0.000000
0.728267 0.098969 0.009031 0.000000
-0.262070 -0.052854 -0.049098 0.000000
0.055538 -0.037348 -0.180861 1.000000
0.107647 -0.034085 0.241900 1.000000
-0.223621 0.082198 0.054689 0.000000
-0.307551 -0.046682 -0.056585 0.000000
-0.855219 0.137063 0.007640 2.000000
-0.925060 0.082957 -0.254091 2.000000
0.227825 0.083893 0.052134 0.000000
0.203440 -0.091809 -0.278931 3.000000
-0.827293 0.083539 0.021552 2.000000
-0.033299 -0.005678 0.362988 1.000000
0.038616 -0.014025 0.247819 1.000000
-0.850919 0.058673 0.058913 2.000000
0.031938 0.087383 0.046949 0.000000
0.074105 -0.015037 -0.075152 1.000000
0.076913 -0.008840 0.399970 1.000000
-0.205611 -0.040611 0.072725 0.000000
-0.075643 0.002872 -0.434320 1.000000
0.068742 -0.056623 0.055600 0.000000
0.263364 0.078960 0.059520 0.000000
-0.788718 0.065680 0.136595 2.000000
0.179789 -0.049388 0.065819 0.000000
0.093962 -0.022904 -0.301292 1.000000
-0.745261 0.113387 -0.002681 2.000000
0.120320 -0.019059 0.138113 1.000000
-0.066512 0.004718 0.453141 1.000000
-0.108047 0.018530 -0.594110 1.000000
0.070387 -0.003781 -0.299850 1.000000
-0.014783 -0.016783 -0.074823 0.000000
0.235388 -0.037879 -0.121392 1.000000
0.101727 -0.072331 0.014925 0.000000
0.296527 -0.127070 0.292035 3.000000
0.916236 0.019491 0.055625 0.000000
0.171467 -0.085131 0.032733 0.000000
0.379521 -0.065046 0.042724 0.000000
0.362699 0.088674 0.045229 0.000000
-0.339524 -0.044329 -0.058179 0.000000
0.214064 -0.015644 -0.196418 1.000000
-0.327736 -0.018073 -0.074545 0.000000
-0.751939 0.058876 0.052640 2.000000
0.764490 0.046177 0.084639 0.000000
0.459707 0.059204 -0.065312 0.000000
-0.050399 -0.082778 -0.008043 0.000000
-0.824182 0.075444 0.159867 2.000000
-0.549804 0.002720 0.079251 0.000000
-0.619239 0.070866 -0.047934 0.000000
-0.330493 -0.003300 0.089571 0.000000
-0.077287 -0.046100 0.069031 0.000000
0.011170 0.001531 -0.370930 1.000000
-0.724974 0.009069 -0.037007 2.000000
0.005352 -0.018933 0.250298 1.000000
0.046862 -0.050881 0.112185 1.000000
0.024349 -0.125755 -0.145043 3.000000
0.232024 -0.036488 -0.256039 1.000000
0.547077 -0.067171 0.039512 0.000000
-0.021309 -0.069017 -0.020033 0.000000
0.072790 0.089989 -0.030961 0.000000
0.563392 -0.059253 -0.039334 0.000000
-0.002692 0.018428 0.518959 1.000000
0.680889 -0.041749 -0.060051 0.000000
-0.313647 -0.055105 0.057851 0.000000
-0.537131 -0.051715 0.035920 0.000000
-0.345291 0.093227 -0.023828 0.000000
0.357615 -0.068613 0.020945 0.000000
0.009450 0.037830 -0.075582 0.000000
-0.193823 0.038386 0.756280 1.000000
0.249376 -0.069953 0.232262 3.000000
0.048810 -0.159296 0.146637 3.000000
0.872577 0.072510 -0.011585 0.000000
0.848496 0.064921 -0.043280 0.000000
-0.024066 -0.008663 -0.325348 1.000000
0.607861 0.080326 -0.046062 0.000000
0.088346 -0.008511 0.249463 1.000000
0.175312 -0.068613 -0.239167 3.000000
-0.892960 0.037172 0.015178 2.000000
-0.886358 0.074407 0.158729 2.000000
0.051668 -0.105594 0.168746 3.000000
-0.025027 0.009524 0.458225 1.000000
-0.017768 -0.005577 0.089116 0.000000
0.045572 -0.107264 0.197709 1.000000
0.102056 -0.009523 -0.215389 1.000000
-0.073417 -0.080729 0.020515 0.000000
-0.259338 -0.027533 -0.069435 0.000000
0.230405 -0.041724 0.268207 3.000000
0.062849 -0.140553 -0.164900 3.000000
-0.607401 0.056321 -0.058533 0.000000
0.884997 0.018100 0.070448 0.000000
0.324453 0.053994 -0.068449 0.000000
-0.849199 0.070132 0.099715 2.000000
0.892813 -0.058596 0.037286 0.000000
0.197597 0.039120 0.087396 0.000000
-0.151757 0.034617 -0.734550 1.000000
0.291417 -0.042078 0.255711 3.000000
0.306695 -0.097196 0.297575 3.000000
0.080404 0.040891 -0.074975 0.000000
0.036263 -0.046656 0.188147 1.000000
0.845991 0.052021 -0.055978 0.000000
0.230809 -0.127121 -0.247135 3.000000
0.112655 -0.001378 0.351909 1.000000
0.880899 0.052274 0.053045 0.000000
-0.081385 0.019693 -0.622896 1.000000
-0.817555 0.080453 -0.015531 2.000000
0.173010 -0.037778 -0.170945 1.000000
0.664826 0.094163 0.032986 0.000000
-0.278638 0.068614 0.070726 0.000000
-0.778018 0.132333 0.010346 2.000000
-0.115837 0.040587 -0.075051 0.000000
0.249376 -0.086522 -0.240937 3.000000
-0.844570 0.077619 0.178687 2.000000
0.774886 -0.084802 0.005692 0.000000
0.257926 -0.057963 -0.214478 3.000000
-0.120568 0.021110 -0.613942 1.000000
-0.167111 0.039752 0.748640 1.000000
-0.061124 0.001506 0.090532 0.000000
-0.820514 0.066110 -0.039359 2.000000
0.309048 -0.081943 0.001872 0.000000
0.323643 0.014786 0.092253 0.000000
-0.469390 0.003226 0.085878 0.000000
0.578316 0.078555 0.060785 0.000000
-0.021309 -0.001833 -0.367110 1.000000
0.325136 -0.126665 0.253181 3.000000
-0.906544 0.079162 -0.252421 2.000000
-0.004361 -0.034439 0.165609 1.000000
-0.845936 0.025106 -0.007462 2.000000
0.179460 -0.051791 -0.080995 1.000000
0.434690 0.078732 -0.048440 0.000000
-0.220636 0.093075 0.036729 0.000000
0.798993 -0.047643 0.006628 0.000000
0.691968 -0.073065 0.011990 0.000000
-0.826889 0.314788 0.010852 2.000000
0.189426 -0.053840 0.254547 1.000000
-0.204270 0.048580 -0.072066 0.000000
-0.000213 -0.021133 -0.269521 1.000000
-0.785632 0.044989 -0.036627 2.000000
-0.333630 0.002543 -0.078668 0.000000
0.211003 -0.061024 -0.258998 3.000000
0.201922 0.060596 -0.064022 0.000000
-0.047490 -0.083309 0.001594 0.000000
0.169367 -0.011521 -0.282624 1.000000
-0.471515 0.066565 -0.057319 0.000000
0.591394 -0.068512 -0.022285 0.000000
0.189780 -0.032617 0.192903 1.000000
0.736286 -0.070940 0.022286 0.000000
0.058321 -0.032769 0.223080 1.000000
-0.604948 0.029331 -0.064857 0.000000
-0.093982 0.093176 -0.024106 0.000000
0.754119 -0.145080 0.011510 3.000000
0.057284 -0.012381 0.239724 1.000000
0.898783 -0.046176 -0.041054 0.000000
0.021643 -0.129296 0.157186 3.000000
-0.726618 0.074685 -0.036197 2.000000
-0.077540 -0.073394 0.002353 0.000000
0.160640 0.092114 -0.027799 0.000000
-0.461953 0.083033 -0.039157 0.000000
-0.003223 -0.084220 0.053272 0.000000
0.798209 0.050680 -0.066602 0.000000
-0.000693 0.016177 -0.079933 0.000000
-0.121301 -0.052828 0.072649 0.000000
0.151003 -0.024371 0.265500 1.000000
0.119890 -0.047567 0.149167 1.000000
-0.814671 0.177232 0.001291 2.000000
0.021921 -0.035400 -0.242506 1.000000
0.047418 -0.073166 -0.074191 0.000000
-0.053763 0.002720 -0.418789 1.000000
0.104055 0.097653 0.013812 0.000000
0.598881 0.052855 -0.069511 0.000000
0.517684 0.041270 0.087168 0.000000
0.029661 0.093277 0.035692 0.000000
-0.032034 -0.082980 -0.033996 0.000000
-0.144750 0.083564 -0.040573 0.000000
-0.845228 0.065781 -0.130296 2.000000
0.199924 -0.071016 0.282524 3.000000
-0.428993 0.023032 -0.076695 0.000000
0.274444 -0.089380 0.308654 3.000000
0.067554 -0.034110 -0.080995 1.000000
0.875536 -0.011420 -0.063465 0.000000
-0.017413 -0.013772 0.300939 1.000000
-0.613700 0.035174 0.074824 0.000000
-0.855826 0.231390 0.008727 2.000000
-0.797799 0.127932 0.000709 2.000000
-0.873078 0.232351 0.004655 2.000000
-0.845557 0.079137 0.202489 2.000000
-0.041469 0.001961 0.475401 1.000000
-0.925110 0.379645 0.006350 2.000000
0.667179 -0.074051 0.004528 0.000000
0.055994 -0.008410 -0.265929 1.000000
-0.207229 -0.007145 0.088787 0.000000
0.655619 -0.068436 0.034832 0.000000
-0.579956 0.098260 0.003137 2.000000
0.944542 0.000545 0.051299 0.000000
-0.026444 -0.014835 -0.289757 1.000000
-0.578109 0.060368 0.069765 0.000000
-0.707090 0.061810 0.058989 2.000000
-0.511987 -0.012761 0.080263 0.000000
-0.785961 0.065048 -0.119975 2.000000
-0.649771 0.128741 0.001417 2.000000
-0.094817 -0.058191 -0.041180 0.000000
0.057739 -0.060923 0.258519 1.000000
0.362219 -0.045720 0.066755 0.000000
-0.903888 0.084955 0.269370 2.000000
-0.870852 0.072687 -0.196063 2.000000
-0.557266 -0.032896 0.057952 0.000000
0.315043 -0.119077 -0.284218 3.000000
0.216214 -0.014354 -0.157969 1.000000
-0.887850 0.069500 0.112641 2.000000
0.059459 -0.029304 0.250576 1.000000
0.843538 0.042029 0.075052 0.000000
-0.135568 0.041397 -0.725950 1.000000
0.270042 -0.115637 0.220601 3.000000
0.220742 -0.085687 0.227886 3.000000
-0.913955 0.080933 0.280222 2.000000
-0.501844 -0.012988 0.080819 0.000000
-0.083915 0.038412 -0.075481 0.000000
0.099805 -0.004489 0.293274 1.000000
-0.018324 -0.032491 -0.192851 1.000000
-0.270265 -0.068259 -0.023929 0.000000
0.214899 -0.033149 0.170794 1.000000
0.707196 0.050250 0.083323 0.000000
-0.204143 -0.039270 -0.061568 0.000000
0.047140 -0.013874 -0.370778 1.000000
0.152141 -0.042179 0.179951 1.000000
0.036010 -0.017896 -0.315457 1.000000
0.030192 -0.051665 -0.050843 0.000000
-0.014302 -0.021159 -0.362962 1.000000
0.156112 -0.100485 -0.247135 3.000000
0.012309 0.017619 -0.509523 1.000000
-0.843457 0.065452 -0.024258 2.000000
0.065429 -0.041319 0.170845 1.000000
0.151585 0.083033 -0.041357 0.000000
0.106584 -0.016150 -0.156856 1.000000
0.078405 -0.038840 0.189437 1.000000
-0.634290 0.052476 0.069208 0.000000
-0.586988 0.035908 -0.065413 0.000000
-0.760337 0.081338 -0.023828 2.000000
0.048354 0.077797 -0.049174 0.000000
0.116222 -0.055181 -0.080970 1.000000
-0.653211 0.066237 0.060659 0.000000
0.112276 -0.036513 0.225281 1.000000
0.907206 -0.057356 0.035414 0.000000
-0.814064 0.267031 0.000051 2.000000
-0.552409 -0.004818 -0.065413 0.000000
-0.487400 0.034491 0.084057 0.000000
-0.694645 0.090925 -0.003263 2.000000
0.179991 -0.085738 -0.004097 0.000000
0.558333 -0.038587 -0.061922 0.000000
-0.075491 0.015697 0.596110 1.000000
0.076255 -0.006816 -0.399109 1.000000
0.061381 -0.026749 0.082033 1.000000
0.750856 0.051236 -0.070042 0.000000
-0.055053 0.006236 0.510156 1.000000
-0.054142 0.017214 0.621152 1.000000
0.052351 -0.018579 0.335492 1.000000
0.081289 -0.072230 -0.248728 1.000000
0.351342 0.098058 0.012142 0.000000
0.236526 -0.025585 0.093138 1.000000
0.823048 0.056245 0.070979 0.000000
-0.524888 0.053134 -0.064806 0.000000
0.093026 -0.050021 -0.053271 0.000000
-0.698085 0.075824 -0.003389 2.000000
0.138026 -0.038562 -0.081374 1.000000
-0.853019 0.064264 -0.029393 2.000000
-0.032009 -0.023612 -0.363544 1.000000
0.305608 -0.017896 0.091468 0.000000
0.387438 0.086473 -0.036627 0.000000
0.708056 -0.036311 0.075760 0.000000
-0.877125 0.075090 -0.221005 2.000000
0.236880 -0.095249 0.298435 3.000000
-0.034260 -0.034236 -0.064958 0.000000
0.240902 -0.109363 0.295247 3.000000
0.322075 -0.072761 0.055068 0.000000
-0.170627 -0.000922 -0.077985 0.000000
-0.109918 0.036641 0.690942 1.000000
0.585070 0.024170 0.090583 0.000000
0.405954 -0.030113 0.079883 0.000000
0.089232 -0.008385 -0.237725 1.000000
0.315700 -0.045720 -0.249841 3.000000
0.896531 -0.006563 -0.059418 0.000000
0.056651 -0.085004 -0.024536 0.000000
0.000243 -0.002997 0.358814 1.000000
0.349546 -0.071800 0.018087 0.000000
-0.887547 0.063353 -0.057445 2.000000
-0.376708 0.056245 -0.066931 0.000000
0.145311 -0.083992 0.274379 3.000000
-0.110374 0.013015 -0.524295 1.000000
-0.716980 -0.008283 0.031974 2.000000
-0.683388 0.093505 -0.015253 2.000000
0.011120 0.004541 0.512812 1.000000
0.767677 -0.138681 0.005110 3.000000
0.024501 -0.153883 -0.181342 3.000000
0.012131 0.098235 0.001189 0.000000
-0.054294 0.016708 0.523740 1.000000
-0.885498 0.072712 -0.189891 2.000000
-0.016427 -0.051184 0.220120 1.000000
-0.024091 -0.054776 -0.046239 0.000000
0.217251 -0.060215 0.272557 3.000000
0.046204 -0.014152 -0.227505 1.000000
0.774178 -0.051513 0.063391 0.000000
-0.126057 0.041801 0.738927 1.000000
-0.823170 0.059761 0.040675 2.000000
0.040058 -0.160258 -0.128525 3.000000
0.388829 -0.060771 0.048871 0.000000
0.483838 0.034870 -0.076391 0.000000
-0.052372 0.016051 -0.601648 1.000000
-0.014176 -0.041977 -0.250651 1.000000
0.005631 -0.007550 0.324919 1.000000
-0.827470 0.323566 0.004807 2.000000
0.871641 0.067754 0.037868 0.000000
0.064113 -0.030923 0.120634 1.000000
0.111163 -0.080906 0.075279 0.000000
-0.032135 -0.043292 -0.206434 1.000000
-0.841712 0.065984 0.146081 2.000000
0.039096 0.098235 0.001240 0.000000
0.935107 -0.048984 0.037893 0.000000
0.024627 -0.041066 -0.085093 1.000000
-0.311750 -0.073368 0.002151 0.000000
0.137267 -0.039574 0.203299 1.000000
-0.917016 0.052653 -0.010219 2.000000
0.487582 -0.073697 0.009082 0.000000
0.291316 -0.108605 -0.204917 3.000000
0.826438 -0.050046 0.061443 0.000000
0.045142 -0.035223 -0.243062 1.000000
0.746353 0.029660 -0.077277 0.000000
0.241914 -0.085459 -0.011888 0.000000
0.467624 -0.061808 -0.034932 0.000000
0.174603 -0.049742 0.128475 1.000000
0.471595 -0.071496 0.019503 0.000000
-0.660193 0.051489 -0.054663 0.000000
0.194232 -0.019388 0.093517 1.000000
0.108481 0.049491 -0.071459 0.000000
-0.121630 0.047594 0.084790 0.000000
-0.861872 0.066768 0.070271 2.000000
0.764515 -0.071623 0.024562 0.000000
0.083439 -0.013899 0.368578 1.000000
-0.622098 0.014963 0.072219 0.000000
0.007401 -0.053258 -0.198998 1.000000
0.003278 -0.036134 -0.208660 1.000000
-0.707191 0.198784 0.009537 2.000000
0.626175 0.090368 -0.031012 0.000000
0.830182 0.034845 0.081527 0.000000
0.722828 0.089584 0.044242 0.000000
-0.091250 0.026346 0.693168 1.000000
0.127605 -0.040383 -0.254875 1.000000
-0.780978 0.068311 -0.129410 2.000000
0.319495 -0.059355 0.230668 3.000000
0.136534 -0.067854 0.258999 3.000000
0.124772 -0.019034 -0.121796 1.000000
-0.855422 0.073294 -0.123086 2.000000
-0.181251 0.006590 0.091544 0.000000
-0.125374 0.009322 0.092075 0.000000
0.055488 -0.006032 -0.416183 1.000000
-0.261513 0.093024 -0.024890 0.000000
-0.784190 0.084854 0.025979 2.000000
0.637482 0.062189 -0.063314 0.000000
0.375650 0.014659 0.092379 0.000000
-0.739746 0.117004 0.014368 2.000000
0.646462 -0.027938 0.081376 0.000000
-0.671651 0.043547 0.067109 0.000000
-0.622199 0.095402 -0.000126 2.000000
0.340515 -0.065931 -0.030050 0.000000
0.320835 0.098488 0.002429 0.000000
0.033658 0.031582 -0.076847 0.000000
0.402413 -0.059683 0.050591 0.000000
0.063835 -0.019034 -0.329117 1.000000
0.103751 -0.029253 -0.249791 1.000000
0.304950 -0.078402 0.273519 3.000000
-0.245046 0.016835 0.091848 0.000000
0.786117 -0.063351 0.045203 0.000000
0.178119 -0.011344 -0.156780 1.000000
0.664548 -0.063528 0.045254 0.000000
0.211585 -0.052019 0.265298 3.000000
-0.040027 -0.083309 0.027927 0.000000
-0.008130 0.008513 -0.533933 1.000000
0.722424 -0.072028 -0.004881 0.000000
-0.672233 0.153885 0.009992 2.000000
-0.090112 0.076355 0.063416 0.000000
0.066415 -0.042280 -0.205195 1.000000
0.433830 -0.071041 0.021704 0.000000
-0.009572 -0.058191 -0.041180 0.000000
-0.842319 0.129753 0.008424 2.000000
-0.058468 0.026725 -0.584827 1.000000
0.775417 0.049618 -0.069612 0.000000
0.794566 0.069626 -0.054384 0.000000
0.113566 -0.000695 0.387727 1.000000
0.165320 -0.021892 0.085296 1.000000
0.263339 -0.121075 -0.285078 3.000000
0.392927 -0.061176 -0.036146 0.000000
0.178524 -0.035956 -0.256039 1.000000
-0.044834 0.023412 -0.553638 1.000000
0.312286 -0.055965 -0.235752 3.000000
0.202352 -0.068284 0.241824 3.000000
-0.032464 -0.010054 0.342878 1.000000
-0.014960 -0.009422 -0.313560 1.000000
-0.005019 -0.018503 0.374472 1.000000
-0.396641 -0.047441 -0.055447 0.000000
0.414808 -0.070409 -0.012546 0.000000
0.221071 -0.108453 -0.277868 3.000000
0.073017 -0.017516 0.355475 1.000000
0.326704 -0.061555 -0.225988 3.000000
0.107470 -0.058014 0.053551 0.000000
-0.192229 0.072864 0.067868 0.000000
0.497270 0.064567 0.073787 0.000000
0.229393 -0.043924 -0.099081 1.000000
-0.814494 0.028901 -0.024207 2.000000
-0.181125 -0.055889 -0.044595 0.000000
0.213153 0.020047 0.091215 0.000000
-0.793296 0.256811 -0.000126 2.000000
0.154924 -0.069953 0.027142 0.000000
0.003835 0.096110 0.021527 0.000000
0.057081 -0.023182 -0.162142 1.000000
0.089636 -0.017541 0.177068 1.000000
0.289317 -0.086851 -0.201552 3.000000
0.299967 -0.086395 0.308477 3.000000
0.160109 -0.081235 -0.062099 0.000000
0.109721 -0.083183 -0.056433 0.000000
-0.430334 -0.056572 -0.036905 0.000000
-0.005196 -0.014481 0.087320 0.000000
0.301788 -0.135089 -0.231249 3.000000
0.069527 -0.007727 0.273392 1.000000
0.130185 -0.009725 -0.189057 1.000000
-0.879073 0.063049 -0.066223 2.000000
-0.092996 0.037273 -0.713352 1.000000
-0.839233 0.244316 0.002075 2.000000
-0.899967 0.078707 -0.197126 2.000000
0.046533 0.002872 0.372575 1.000000
0.234983 0.005148 0.091266 0.000000
0.323871 -0.115333 -0.276477 3.000000
0.238094 -0.101648 0.224395 3.000000
0.026777 -0.011951 0.385071 1.000000
-0.039167 0.018934 -0.609389 1.000000
0.037047 -0.065501 0.152632 1.000000
0.019138 -0.146902 0.142970 3.000000
0.710737 -0.045341 0.069714 0.000000
0.230936 -0.068992 0.232363 3.000000
0.011929 -0.011648 -0.357827 1.000000
-0.013316 0.049921 -0.071180 0.000000
-0.888736 0.061127 0.031873 2.000000
0.040184 -0.085839 0.015127 0.000000
0.197723 -0.013267 -0.218247 1.000000
0.241433 -0.064262 0.223611 3.000000
0.083591 -0.031530 0.097995 1.000000
-0.067473 -0.068107 0.036856 0.000000
-0.055533 0.027661 0.605722 1.000000
0.116854 0.093707 -0.021500 0.000000
-0.159168 -0.013418 0.087548 0.000000
0.102309 -0.049363 -0.054283 0.000000
0.105016 -0.019464 0.325172 1.000000
0.321367 -0.076707 -0.208838 3.000000
-0.714603 0.054145 -0.047681 2.000000
-0.912817 0.077797 -0.197126 2.000000
0.105142 -0.047491 -0.081374 1.000000
-0.068788 -0.043697 0.089091 0.000000
0.088953 -0.042559 -0.155363 1.000000
-0.053232 0.010056 -0.542154 1.000000
0.009931 -0.053360 -0.081906 1.000000
-0.518539 -0.055383 -0.023221 0.000000
-0.106503 -0.029506 -0.068120 0.000000
0.095252 -0.011319 0.215491 1.000000
-0.897513 0.071802 -0.162927 2.000000
0.105218 -0.004211 -0.390483 1.000000
-0.071722 0.006793 -0.493992 1.000000
0.756724 0.094997 0.023550 0.000000
-0.768836 0.186440 0.009360 2.000000
-0.889545 0.067350 0.092935 2.000000
0.825907 -0.011951 -0.071180 0.000000
-0.829798 0.116650 0.003061 2.000000
-0.922277 0.077417 0.001215 2.000000
0.027966 -0.028722 0.080718 0.000000
0.025639 -0.010459 -0.388409 1.000000
0.306898 0.025359 -0.078086 0.000000
-0.108578 0.030343 -0.713277 1.000000
-0.804882 0.018985 -0.018389 2.000000
-0.822740 0.016936 -0.003414 2.000000
0.683798 -0.013874 0.087598 0.000000
-0.043721 -0.068790 0.033340 0.000000
0.711091 0.095731 -0.013128 0.000000
-0.060871 0.031708 -0.640325 1.000000
-0.805236 0.099525 0.001695 2.000000
0.725510 0.015747 -0.080211 0.000000
-0.025154 -0.024447 0.244126 1.000000
0.232555 -0.022196 -0.080995 1.000000
-0.000390 -0.081564 0.073509 0.000000
0.250236 -0.066260 0.220297 3.000000
-0.002337 0.000115 -0.369235 1.000000
0.755535 -0.003629 -0.077277 0.000000
-0.733068 0.057459 0.056384 2.000000
0.066466 0.090191 0.042750 0.000000
0.231973 -0.017567 -0.157589 1.000000
-0.772023 0.069525 0.113703 2.000000
-0.806298 0.088269 0.009385 2.000000
-0.810017 0.072055 -0.104823 2.000000
0.685088 0.095503 -0.014165 0.000000
0.249376 -0.078781 -0.263475 3.000000
0.395963 0.082856 0.054234 0.000000
0.029509 0.016101 -0.079933 0.000000
-0.646154 -0.028418 0.031721 0.000000
0.759507 -0.018882 -0.074140 0.000000
0.152672 0.083716 0.052387 0.000000
0.019847 -0.143057 -0.127463 3.000000
-0.475410 0.036717 -0.072015 0.000000
-0.847808 0.070866 -0.095995 2.000000
0.120623 -0.071623 -0.006804 0.000000
0.219502 -0.062188 -0.231730 3.000000
0.057435 -0.104810 0.197860 1.000000
-0.007700 -0.086041 0.002302 0.000000
-0.928297 0.079340 -0.221890 2.000000
0.042891 -0.098689 -0.139984 1.000000
0.852290 0.028344 0.078391 0.000000
-0.537966 0.056296 0.074166 0.000000
-0.105062 -0.011445 -0.536134 1.000000
0.119788 -0.013671 -0.335188 1.000000
0.184291 -0.098562 0.236006 3.000000
0.452700 0.078201 -0.049249 0.000000
-0.329608 0.075343 -0.052841 0.000000
0.412303 -0.040434 0.072952 0.000000
-0.005575 -0.038284 -0.131105 1.000000
0.467042 0.075849 0.064832 0.000000
0.053565 -0.084625 0.044293 0.000000
-0.659940 0.067957 -0.046922 0.000000
-0.036031 -0.039498 0.260112 1.000000
0.197243 -0.013646 -0.114967 1.000000
0.076660 -0.058596 -0.246325 1.000000
-0.593438 -0.017567 0.062657 0.000000
0.162639 -0.016530 -0.100371 1.000000
-0.307804 0.073724 0.067286 0.000000
0.228482 -0.080375 0.077075 0.000000
0.044813 -0.063452 -0.147421 1.000000
-0.124337 0.093404 -0.022968 0.000000
-0.030491 -0.005703 -0.388510 1.000000
0.304950 -0.070712 0.282625 3.000000
-0.741239 0.218894 0.000936 2.000000
0.072638 -0.012078 -0.215187 1.000000
-0.792816 0.071169 -0.103128 2.000000
0.363989 -0.062871 0.040625 0.000000
-0.133772 0.063125 0.074394 0.000000
0.482650 -0.066665 -0.027900 0.000000
0.020226 -0.040358 -0.159233 1.000000
0.082301 0.093733 0.033340 0.000000
-0.654172 -0.003477 -0.046138 0.000000
0.101955 -0.035881 0.227785 1.000000
0.193929 -0.057154 0.093138 1.000000
-0.187701 -0.059076 0.051982 0.000000
-0.265510 0.097830 -0.000784 0.000000
-0.120138 0.016632 -0.559304 1.000000
-0.398588 -0.068259 0.031316 0.000000
0.238777 -0.097778 -0.204158 3.000000
0.239916 -0.034186 -0.080995 1.000000
-0.335325 0.030899 0.089040 0.000000
-0.348883 0.033353 -0.076492 0.000000
0.778959 -0.148344 -0.007892 3.000000
-0.068232 0.002695 0.539625 1.000000
-0.817403 0.075798 0.169909 2.000000
0.651369 0.029052 -0.077555 0.000000
0.275026 -0.035906 0.093138 1.000000
0.058220 0.006818 0.409785 1.000000
-0.238241 -0.038537 -0.062074 0.000000
0.279225 -0.024118 0.099183 1.000000
0.029838 -0.014329 -0.349302 1.000000
-0.157170 -0.069473 -0.017731 0.000000
0.230000 -0.083309 0.068222 0.000000
0.196711 -0.022929 -0.230617 1.000000
-0.906974 0.087940 0.298738 2.000000
0.201619 -0.044658 -0.242379 1.000000
0.833976 0.005022 -0.073659 0.000000
-0.195669 0.008336 0.091898 0.000000
0.321164 -0.122568 0.233097 3.000000
0.328045 0.060798 -0.063895 0.000000
0.701226 0.035326 -0.076290 0.000000
0.351898 0.086093 0.048972 0.000000
0.296248 -0.053916 -0.278880 3.000000
0.050757 -0.065097 0.091924 1.000000
0.057056 -0.109363 -0.186552 1.000000
0.246088 -0.032997 -0.136341 1.000000
-0.002565 -0.046176 0.134799 1.000000
0.131576 -0.062491 -0.081020 1.000000
0.070513 -0.042559 0.212178 1.000000
0.230405 -0.073697 0.292870 3.000000
0.216492 -0.038157 0.147194 1.000000
0.184721 -0.069574 0.029090 0.000000
-0.697275 0.140352 -0.000708 2.000000
-0.727756 0.082324 0.014647 2.000000
-0.421911 0.093480 -0.020615 0.000000
0.148524 -0.098714 0.273974 3.000000
-0.840219 0.028572 0.027471 2.000000
0.241459 -0.017390 0.121873 1.000000
0.033885 -0.030872 0.228569 1.000000
0.024830 -0.034262 0.268156 1.000000
-0.129320 -0.055662 -0.053069 0.000000
0.180826 -0.011622 0.271697 1.000000
0.213583 -0.054852 0.255989 3.000000
0.203035 -0.072786 -0.281309 3.000000
0.329562 -0.070307 -0.042268 0.000000
0.589851 -0.059076 0.051805 0.000000
0.185708 -0.038056 -0.159714 1.000000
-0.252027 -0.064262 0.044318 0.000000
-0.059808 0.076785 0.062758 0.000000
0.080404 -0.027660 0.124631 1.000000
0.193195 -0.106581 0.284092 3.000000
0.708309 -0.010332 0.088306 0.000000
0.496891 0.022071 -0.078946 0.000000
0.037224 -0.084776 0.041384 0.000000
0.046381 -0.014759 0.235753 1.000000
0.514598 0.097223 0.017733 0.000000
0.086399 0.078480 -0.048111 0.000000
0.176374 -0.053790 -0.095262 1.000000
-0.341927 0.077847 0.061165 0.000000
0.059029 -0.054953 -0.177092 1.000000
-0.651643 0.147156 0.005540 2.000000
-0.049286 -0.004995 -0.373181 1.000000
-0.338082 0.046987 -0.073154 0.000000
0.066946 -0.078503 0.193611 1.000000
0.489049 0.097072 -0.006349 0.000000
-0.677823 0.112122 -0.001669 2.000000
0.119181 -0.042533 0.184125 1.000000
0.792568 0.079390 -0.040877 0.000000
-0.893719 0.077797 0.195786 2.000000
-0.058999 -0.071319 -0.064604 0.000000
-0.806829 0.063985 0.132523 2.000000
0.690653 -0.027255 0.081806 0.000000
-0.095955 0.082957 0.053551 0.000000
0.617448 0.093758 -0.022942 0.000000
-0.060542 -0.071471 -0.007512 0.000000
-0.015668 -0.054447 -0.206080 1.000000
-0.308689 0.086903 -0.035565 0.000000
0.245177 -0.003553 -0.076240 1.000000
0.676791 0.078252 0.061215 0.000000
0.078759 -0.019666 -0.162598 1.000000
-0.042051 0.098539 0.002783 0.000000
-0.020752 0.008993 -0.439885 1.000000
-0.616052 0.052501 -0.059064 0.000000
0.249376 -0.091429 0.299902 3.000000
0.457127 0.095529 -0.014114 0.000000
-0.849857 0.057813 0.048289 2.000000
0.343399 -0.037297 0.084158 0.000000
0.256206 -0.054397 -0.279310 3.000000
-0.040103 -0.006032 0.388916 1.000000
0.098388 -0.028773 0.100398 1.000000
-0.042355 -0.001302 -0.529607 1.000000
0.976869 -0.026420 0.035793 0.000000
0.219300 0.098134 0.011459 0.000000
0.896734 0.056017 0.039082 0.000000
0.255270 -0.084574 0.044849 0.000000
-0.916181 0.073673 0.171250 2.000000
0.068135 -0.048022 -0.055674 1.000000
-0.598168 -0.045341 0.005565 0.000000
0.198381 -0.078554 -0.275010 3.000000
-0.101116 0.023563 -0.648192 1.000000
-0.549627 0.093404 0.032556 0.000000
0.939483 0.023007 0.032050 0.000000
-0.142220 -0.070965 0.022083 0.000000
0.947274 -0.055535 0.022842 0.000000
-0.558278 -0.025585 0.063770 0.000000
0.164561 -0.037398 0.267751 1.000000
0.628907 0.094744 0.030102 0.000000
-0.166934 0.037501 0.733843 1.000000
-0.173814 -0.051007 -0.051830 0.000000
-0.094336 -0.014481 -0.075632 0.000000
0.761960 0.093353 -0.017731 0.000000
-0.519753 0.007147 -0.071408 0.000000
-0.475613 -0.062011 0.024714 0.000000
0.159755 -0.036538 0.093517 1.000000
0.585551 0.097476 0.016417 0.000000
0.031381 -0.016909 -0.225153 1.000000
-0.873685 0.078910 0.264842 2.000000
0.121331 -0.030543 0.254471 1.000000
0.267311 -0.043570 -0.253256 3.000000
0.230405 -0.025965 0.259682 1.000000
-0.044656 -0.042204 -0.078643 0.000000
-0.388091 0.039980 0.087219 0.000000
0.303862 -0.129777 -0.276553 3.000000
0.015723 -0.022828 -0.353274 1.000000
-0.903407 0.081186 -0.277059 2.000000
0.267134 -0.046580 0.093138 1.000000
0.309275 -0.049616 -0.270887 3.000000
-0.014783 0.023007 -0.581412 1.000000
0.730847 0.002644 -0.078845 0.000000
0.284258 0.094846 -0.015758 0.000000
0.200050 0.077847 -0.049123 0.000000
0.033936 -0.009017 0.291200 1.000000
-0.171765 0.118218 0.006957 0.000000
0.015850 0.095124 0.026485 0.000000
-0.443311 0.096414 -0.004629 0.000000
0.019796 -0.034338 0.093113 1.000000
0.172200 0.059989 0.076494 0.000000
0.052705 -0.083436 0.167329 3.000000
-0.007928 -0.027027 -0.233070 1.000000
-0.177406 0.096085 -0.009536 0.000000
0.727382 -0.072356 0.015203 0.000000
-0.142220 -0.061100 -0.038398 0.000000
0.058700 -0.069979 0.027193 0.000000
0.885503 -0.066893 0.013483 0.000000
0.296223 -0.066665 -0.072774 0.000000
-0.876594 0.181710 0.006780 2.000000
0.133473 -0.079262 0.080010 0.000000
0.616917 0.074660 0.066603 0.000000
0.025538 0.073294 -0.055523 0.000000
0.773191 -0.060670 0.049630 0.000000
-0.006891 0.025435 0.090128 0.000000
0.079695 -0.033326 0.232844 1.000000
0.077798 -0.035501 -0.202539 1.000000
0.787483 0.039424 0.085524 0.000000
-0.146495 0.041928 0.086839 0.000000
0.054855 -0.136252 0.157186 3.000000
-0.095475 0.028395 0.706878 1.000000
-0.167086 0.034440 0.713708 1.000000
0.138987 -0.051842 0.120710 1.000000
0.481182 0.060039 -0.064730 0.000000
-0.829241 0.069854 -0.081830 2.000000
0.187175 -0.021968 -0.080995 1.000000
-0.162608 0.030014 -0.668377 1.000000
0.106053 -0.040484 0.194876 1.000000
0.084552 -0.065223 0.091848 1.000000
-0.794207 0.175032 0.012471 2.000000
0.969002 -0.043393 -0.016264 0.000000
0.080277 -0.047491 0.093113 1.000000
-0.109868 0.034795 0.678345 1.000000
0.210093 -0.033199 -0.162142 1.000000
-0.172145 0.033201 -0.707383 1.000000
0.612339 -0.071977 -0.005539 0.000000
0.044079 0.012307 -0.480459 1.000000
-0.146597 -0.047871 0.067843 0.000000
0.152343 0.094643 -0.016720 0.000000
0.899061 0.064820 -0.000860 0.000000
0.419259 -0.050122 0.065009 0.000000
-0.033729 -0.007828 -0.337945 1.000000
-0.011191 -0.013545 0.331217 1.000000
0.118802 -0.040510 -0.081374 1.000000
0.182647 -0.084878 -0.026180 0.000000
0.764768 -0.107340 0.006830 0.000000
0.893344 -0.051538 0.047657 0.000000
0.323542 -0.113967 0.227329 3.000000
-0.783988 0.171212 0.013129 2.000000
-0.209632 0.008563 0.091949 0.000000
0.546545 -0.040889 0.072826 0.000000
-0.153275 0.041827 -0.740798 1.000000
0.209334 -0.002213 -0.077732 1.000000
-0.342256 -0.026294 0.082337 0.000000
-0.865945 0.072130 0.124504 2.000000
-0.032565 -0.024017 -0.350668 1.000000
-0.288276 0.096945 0.017378 0.000000
0.366595 -0.028368 -0.068929 0.000000
-0.041849 0.021413 -0.624515 1.000000
0.061761 -0.122770 -0.129107 3.000000
-0.409820 -0.067323 -0.018870 0.000000
0.761024 -0.029810 -0.067867 0.000000
-0.313470 0.054702 -0.067968 0.000000
0.031482 -0.007423 0.435434 1.000000
-0.836071 0.206322 0.002302 2.000000
0.957240 0.018783 0.020490 0.000000
-0.513631 0.073294 -0.051804 0.000000
0.300903 -0.017744 -0.074621 0.000000
0.125202 -0.013950 0.087446 1.000000
0.125986 -0.005501 -0.262666 1.000000
-0.009926 -0.047516 -0.081374 1.000000
0.137950 -0.034616 -0.255229 1.000000
0.016280 0.037577 0.087699 0.000000
-0.787327 0.068640 -0.030227 2.000000
-0.016275 -0.031833 0.210382 1.000000
-0.017565 -0.042432 -0.118559 1.000000
-0.100483 -0.072736 0.054866 0.000000
0.552186 -0.014051 0.087725 0.000000
0.692929 0.030646 0.089293 0.000000
0.266122 -0.061530 0.093138 1.000000
0.197015 -0.040990 -0.137707 1.000000
0.226332 0.096085 0.021653 0.000000
-0.078375 -0.071547 0.019073 0.000000
0.062166 -0.024093 -0.280626 1.000000
0.245607 -0.118470 0.223864 3.000000
-0.651415 0.037906 0.070347 0.000000
-0.808474 0.066793 0.056687 2.000000
0.165522 -0.098436 -0.270153 3.000000
0.240068 -0.062188 -0.213365 3.000000
-0.645218 0.082830 0.013432 2.000000
0.278946 -0.071825 -0.072875 0.000000
0.654303 -0.060518 0.049782 0.000000
0.043169 -0.137517 -0.173019 3.000000
-0.585748 -0.035805 -0.032732 0.000000
-0.105542 0.018960 -0.559304 1.000000
0.098490 0.002088 0.411960 1.000000
-0.066512 0.006843 0.509144 1.000000
0.062798 -0.042179 0.187161 1.000000
-0.736104 0.091178 0.026055 2.000000
0.032899 0.065225 0.072977 0.000000
-0.614003 -0.031833 -0.027420 0.000000
0.488670 0.087383 0.047530 0.000000
0.141694 -0.048781 0.067134 0.000000
0.614539 0.093631 0.035692 0.000000
0.662954 0.055941 -0.067462 0.000000
-0.768254 0.057737 -0.063415 2.000000
0.245683 0.094441 -0.017757 0.000000
-0.183376 0.093404 -0.022993 0.000000
-0.761753 0.056371 -0.051248 2.000000
0.006541 -0.066969 0.090836 1.000000
-0.634771 -0.030240 -0.021450 0.000000
0.003354 -0.081463 -0.061644 0.000000
0.040412 -0.133166 -0.147598 3.000000
0.111719 -0.031808 -0.245162 1.000000
0.186543 -0.025965 0.231554 1.000000
-0.703321 0.172755 0.005743 2.000000
0.587220 0.089053 -0.032985 0.000000
0.109594 -0.022499 -0.072825 1.000000
0.846902 -0.026951 0.076038 0.000000
0.152950 -0.085308 0.029191 0.000000
-0.859798 0.082856 0.016341 2.000000
0.917855 0.006843 -0.048921 0.000000
0.209359 -0.121809 0.257026 3.000000
-0.396362 0.013698 -0.080110 0.000000
0.075471 -0.022297 0.315964 1.000000
0.618587 0.015697 0.092278 0.000000
-0.255240 -0.073773 0.004225 0.000000
0.693967 0.078606 -0.048617 0.000000
0.737146 0.087282 0.047682 0.000000
0.191804 -0.115358 0.247996 3.000000
0.437320 0.056751 0.078998 0.000000
-0.050474 0.017417 -0.514127 1.000000
0.345018 0.020275 -0.079123 0.000000
0.320507 -0.117534 -0.223509 3.000000
0.338745 0.040359 0.087143 0.000000
-0.884941 0.266070 0.007437 2.000000
0.474682 0.097957 -0.001871 0.000000
0.269967 0.037273 -0.075708 0.000000
0.482548 -0.071041 0.021628 0.000000
0.191146 0.002745 -0.078718 1.000000
0.012157 -0.000619 0.367921 1.000000
-0.029075 -0.048984 0.066881 0.000000
0.624101 0.036439 0.088129 0.000000
0.276872 -0.118824 -0.210811 3.000000
0.225750 -0.106151 0.301394 3.000000
-0.374735 0.039575 -0.075253 0.000000
-0.097726 0.029963 0.638631 1.000000
0.029256 -0.018224 -0.359926 1.000000
0.320152 -0.055687 0.273544 3.000000
-0.900979 0.277124 0.006451 2.000000
-0.569939 -0.025535 -0.049755 0.000000
-0.327332 0.095984 -0.010016 0.000000
-0.061098 0.004491 -0.475931 1.000000
0.009551 -0.040586 -0.060683 0.000000
0.286940 -0.071142 -0.292186 3.000000
-0.058063 0.098210 0.011080 0.000000
-0.688169 0.022400 0.063492 2.000000
0.367404 0.075368 0.065136 0.000000
0.050960 -0.077921 0.192978 1.000000
0.045319 -0.067980 0.037539 0.000000
0.353062 -0.027508 -0.069486 0.000000
0.187124 -0.110932 0.278603 3.000000
0.094746 -0.004363 -0.283484 1.000000
-0.886813 0.076304 -0.229352 2.000000
0.004745 -0.042837 -0.093643 1.000000
-0.003425 -0.035779 0.221157 1.000000
-0.132229 0.033454 -0.732299 1.000000
0.118296 -0.037221 -0.208332 1.000000
-0.866425 0.070259 -0.170945 2.000000
0.045825 0.007855 0.419447 1.000000
-0.688194 0.053994 -0.051020 2.000000
0.865519 -0.051412 -0.043507 0.000000
-0.188030 0.056903 0.078568 0.000000
-0.806020 0.066186 -0.138213 2.000000
0.089333 -0.030822 0.261099 1.000000
0.575534 -0.034717 0.076772 0.000000
-0.832732 0.071953 0.116030 2.000000
0.007047 0.015722 0.568285 1.000000
0.425153 -0.035071 -0.064224 0.000000
-0.137440 0.048580 -0.072066 0.000000
0.621976 0.047619 0.085069 0.000000
0.268879 -0.027558 0.129993 1.000000
-0.879806 0.084399 -0.249765 2.000000
-0.533362 0.082805 -0.038625 0.000000
-0.016300 0.021363 0.546506 1.000000
-0.025230 -0.034135 0.187540 1.000000
-0.001958 -0.050780 0.107784 1.000000
0.029636 0.052982 0.081198 0.000000
-0.182516 0.034896 -0.715528 1.000000
-0.795092 0.069095 0.040928 2.000000
0.507161 0.044407 0.086536 0.000000
0.879027 0.038968 -0.051475 0.000000
-0.772731 0.000368 0.005743 2.000000
0.778681 -0.134153 -0.007892 3.000000
-0.560276 0.014406 -0.068347 0.000000
0.271434 0.072409 -0.056130 0.000000
0.182065 -0.045847 -0.127842 1.000000
0.078683 0.055866 -0.067159 0.000000
-0.073367 -0.008840 -0.530518 1.000000
0.058903 0.095857 -0.010699 0.000000
0.737854 0.038564 -0.075658 0.000000
-0.092591 -0.073773 0.004275 0.000000
-0.684729 0.069221 0.056207 2.000000
0.188895 -0.026243 -0.216072 1.000000
0.108507 -0.085409 -0.014645 0.000000
0.175008 0.031607 0.088888 0.000000
0.254739 -0.082576 -0.058356 0.000000
-0.060947 0.011422 0.562239 1.000000
0.882594 -0.006386 0.074875 0.000000
0.038818 -0.084195 0.053374 0.000000
-0.084395 0.017442 0.607012 1.000000
-0.025786 -0.009017 -0.076366 0.000000
0.084324 -0.042989 -0.059064 1.000000
0.281855 0.073547 -0.055346 0.000000
-0.759300 0.063429 -0.038221 2.000000
0.039501 0.000039 -0.344370 1.000000
0.249376 -0.093326 0.258670 3.000000
0.771927 -0.075240 0.001544 0.000000
-0.863946 0.074205 -0.214959 2.000000
-0.043973 0.014331 -0.489514 1.000000
0.227040 -0.078073 0.228316 3.000000
-0.576389 0.023589 0.080440 0.000000
0.376561 0.041017 -0.075076 0.000000
0.072891 -0.044430 0.153467 1.000000
0.230987 -0.055156 -0.274681 3.000000
-0.758338 0.007374 -0.023651 2.000000
0.061989 -0.018047 -0.080995 1.000000
0.289292 0.087510 0.046746 0.000000
0.040133 -0.032162 -0.209470 1.000000
0.039349 -0.123706 -0.145043 3.000000
-0.048046 0.007804 -0.531606 1.000000
-0.066588 0.026346 0.678471 1.000000
-0.875380 0.032063 0.015254 2.000000
-0.601027 0.091304 -0.024409 0.000000
0.025386 -0.039270 0.107506 1.000000
0.484344 0.091481 -0.029342 0.000000
-0.874064 0.084399 -0.262843 2.000000
0.053034 -0.114144 -0.173930 3.000000
0.232049 -0.035324 0.147599 1.000000
0.513004 0.061835 0.075608 0.000000
0.243078 -0.054624 0.232262 3.000000
0.708334 0.074407 0.066982 0.000000
0.141998 -0.049616 0.093138 1.000000
-0.112195 0.072307 0.068247 0.000000
0.558991 -0.040459 0.073079 0.000000
0.262302 -0.137517 0.266562 3.000000
0.329486 -0.070282 0.293983 3.000000
-0.577325 -0.017921 -0.053575 0.000000
0.850570 -0.071800 0.007286 0.000000
0.012233 -0.012558 0.282271 1.000000
0.190210 -0.087028 0.234109 3.000000
