-0.343982 0.052206 -0.902159 0.000000
-0.061029 -0.000609 0.558120 1.000000
-0.205332 0.006206 0.696689 1.000000
0.144174 -0.038497 0.101089 1.000000
-0.038394 -0.012914 0.450974 1.000000
-0.073091 -0.008992 -0.584348 1.000000
0.156912 -0.063106 -0.147627 1.000000
0.246154 -0.017673 -0.099896 1.000000
0.288342 -0.061591 -0.327140 3.000000
0.740639 -0.087418 -0.006380 0.000000
0.081002 -0.068812 0.620211 3.000000
-0.287300 -0.047962 0.059172 0.000000
0.062152 -0.129578 0.054413 3.000000
-0.120281 -0.001069 -0.666343 1.000000
-0.742870 0.070920 -0.063820 2.000000
0.070563 0.004232 0.085053 0.000000
0.234282 -0.012292 -0.248714 1.000000
0.029836 0.037765 -0.094379 0.000000
0.864254 -0.038064 -0.057654 0.000000
0.190418 -0.009290 -0.331656 1.000000
-0.345497 -0.064539 0.016525 0.000000
-0.258959 0.015455 -0.810456 1.000000
-0.330948 0.047095 0.886478 0.000000
0.538248 -0.085957 -0.048946 0.000000
-0.333679 -0.002502 0.077805 0.000000
-0.026333 0.105373 -0.028312 0.000000
0.089682 -0.005720 0.415548 1.000000
0.208159 -0.038253 -0.346557 1.000000
0.844539 0.093528 0.020095 0.000000
-0.336059 0.105563 -0.027501 0.000000
-0.036447 -0.018701 -0.422846 1.000000
0.001224 -0.029626 -0.376385 1.000000
0.712055 0.049664 0.070395 0.000000
0.029647 -0.036820 0.582485 3.000000
0.356977 -0.120032 0.304860 3.000000
-0.423327 -0.048124 -0.024391 0.000000
0.121702 -0.010047 0.342261 1.000000
0.267573 -0.071435 0.099764 1.000000
0.787695 -0.073112 -0.045323 0.000000
0.210322 -0.041498 -0.262155 1.000000
0.092874 0.063781 -0.082967 0.000000
0.077783 0.088688 0.050113 0.000000
0.484270 -0.097099 -0.019388 0.000000
-0.004915 -0.036171 -0.593650 3.000000
-0.087694 -0.008046 0.594628 1.000000
0.106774 -0.027463 0.217646 1.000000
-0.664904 0.136338 -0.020713 2.000000
0.075025 -0.033872 -0.601439 3.000000
0.206644 -0.098505 -0.000431 0.000000
0.021317 -0.097505 -0.597626 3.000000
-0.242543 0.013102 0.810514 1.000000
0.831018 -0.072652 -0.013709 0.000000
-0.780595 0.245998 -0.015169 2.000000
-0.766370 0.289078 -0.014547 2.000000
-0.004482 -0.063214 0.078995 0.000000
0.311112 -0.053235 0.328712 3.000000
0.366821 -0.069299 -0.304261 3.000000
0.498603 -0.096288 -0.013979 0.000000
0.095010 0.084983 0.053899 0.000000
-0.626043 0.201214 0.002274 2.000000
0.208213 -0.015321 0.211317 1.000000
-0.738245 0.063375 -0.086563 2.000000
-0.633236 0.072299 0.066474 2.000000
-0.186618 0.001203 -0.660042 1.000000
-0.150867 -0.091014 -0.023904 0.000000
0.020749 -0.046447 -0.099003 0.000000
0.660024 -0.076871 0.038457 0.000000
0.027835 -0.044744 -0.592758 3.000000
0.169379 -0.095260 -0.061981 0.000000
-0.573065 0.048393 -0.067849 0.000000
0.033378 -0.035846 0.607365 3.000000
-0.355313 0.091122 -0.060413 0.000000
-0.792494 0.301139 -0.014034 2.000000
0.306028 -0.096937 -0.057303 0.000000
0.213838 -0.022730 -0.136864 1.000000
-0.087964 -0.006450 0.532969 1.000000
0.251211 -0.107781 0.335824 3.000000
-0.464081 0.044769 0.070395 0.000000
0.225629 0.053802 -0.088375 0.000000
-0.626557 0.072976 0.085242 2.000000
0.190148 -0.059130 0.143520 1.000000
0.565264 0.127819 -0.030773 0.000000
-0.710580 0.164246 -0.018550 2.000000
-0.395094 0.082982 0.054791 0.000000
0.547686 0.128495 -0.028123 0.000000
-0.029010 0.000689 -0.563957 1.000000
0.247263 -0.034954 0.273895 1.000000
0.688852 -0.029707 0.074830 0.000000
0.360818 -0.089608 0.061363 1.000000
0.620081 0.124953 0.023962 0.000000
0.075890 -0.098424 -0.030259 0.000000
0.022832 -0.001258 0.555686 1.000000
-0.045777 -0.062538 0.065663 0.000000
-0.838035 0.072299 0.013605 2.000000
0.999740 0.022756 0.001246 0.000000
0.349459 0.080656 -0.071744 0.000000
0.187011 -0.027625 -0.136701 1.000000
0.215190 -0.098262 -0.029746 0.000000
0.127651 -0.098073 0.579159 3.000000
-0.097078 -0.000041 0.585541 1.000000
-0.009728 -0.068271 -0.088402 0.000000
0.436647 0.010641 0.084891 0.000000
-0.088613 -0.010372 -0.568527 1.000000
0.897517 -0.050368 -0.038913 0.000000
0.126759 -0.129713 -0.129156 3.000000
0.266058 -0.115353 -0.339580 3.000000
0.185415 -0.065999 0.328901 3.000000
-0.300010 0.081792 0.056035 0.000000
-0.056026 -0.076763 -0.059412 0.000000
-0.013920 -0.051207 0.585487 3.000000
0.037219 -0.013455 0.518934 1.000000
0.230253 -0.071165 -0.338660 3.000000
-0.855964 0.090337 0.248502 2.000000
0.393486 0.046041 0.077994 0.000000
0.054012 -0.074897 0.001219 3.000000
0.049199 -0.080738 0.615316 3.000000
0.723115 0.089012 0.049734 0.000000
-0.397717 0.056425 0.072288 0.000000
-0.044317 -0.014780 0.514796 1.000000
0.468801 -0.098046 0.002896 0.000000
-0.197949 0.052720 0.075020 0.000000
-0.408129 -0.051640 -0.019307 0.000000
0.817280 0.057047 0.047571 0.000000
0.041221 -0.003557 -0.475472 1.000000
0.108964 -0.058887 0.227516 1.000000
0.551553 0.057696 -0.086645 0.000000
-0.672963 0.054748 0.013659 2.000000
0.039490 -0.001826 0.499138 1.000000
0.108018 -0.042066 0.266188 1.000000
-0.296738 0.061239 0.070639 0.000000
0.322930 -0.098316 -0.026555 0.000000
0.279742 -0.014617 0.139031 1.000000
-0.100188 -0.018620 0.590977 1.000000
0.080596 -0.074680 0.163803 1.000000
0.697073 -0.044581 0.067826 0.000000
0.658725 0.025569 -0.094487 0.000000
0.053580 -0.048908 0.204827 1.000000
-0.814777 0.069135 -0.088781 2.000000
0.259757 -0.058644 0.306861 3.000000
-0.822404 0.068676 -0.030963 2.000000
-0.403018 0.045959 -0.088483 0.000000
-0.735216 0.144965 -0.008436 2.000000
-0.361615 0.038685 0.077886 0.000000
0.383588 -0.073923 0.070909 1.000000
0.209240 -0.092177 0.314406 3.000000
-0.456212 -0.036522 -0.046107 0.000000
0.781258 0.034250 0.064906 0.000000
-0.432657 -0.044906 -0.041726 0.000000
-0.343712 0.108321 -0.010545 0.000000
0.048631 -0.039605 -0.295337 1.000000
-0.759799 0.141855 -0.016413 2.000000
-0.646515 0.232152 -0.000296 2.000000
-0.215122 0.009181 -0.773163 1.000000
-0.035933 -0.015753 0.428961 1.000000
0.848352 0.118435 -0.009815 0.000000
-0.637374 0.063078 0.040053 2.000000
0.028727 -0.048881 0.087351 0.000000
0.011122 -0.053857 0.166534 1.000000
-0.453021 0.099667 0.031805 0.000000
-0.742897 0.080494 0.134515 2.000000
0.396623 -0.019188 0.084377 1.000000
0.561586 0.110025 -0.055166 0.000000
-0.170906 -0.000014 0.660262 1.000000
-0.844065 0.085199 0.236251 2.000000
0.870879 0.102939 0.002598 0.000000
0.663783 -0.084578 -0.038318 0.000000
0.187606 -0.000284 0.084945 1.000000
-0.062300 0.108510 -0.008679 0.000000
0.079541 -0.141666 -0.043889 3.000000
0.062910 -0.097018 -0.579372 3.000000
0.492166 0.104129 0.045137 0.000000
-0.257038 -0.052559 0.058523 0.000000
-0.194974 0.007450 -0.711748 1.000000
0.060584 -0.038902 -0.259613 1.000000
0.035866 -0.016970 -0.497187 1.000000
0.066074 -0.017403 0.083349 0.000000
0.226332 -0.098262 0.016742 0.000000
0.091494 -0.028004 0.374848 1.000000
0.194286 0.107591 0.003869 0.000000
0.123838 -0.063782 -0.119394 1.000000
-0.448721 0.104805 -0.030827 0.000000
0.052850 -0.060861 -0.057519 3.000000
0.145689 -0.042580 -0.269186 1.000000
-0.646596 0.135581 0.007412 2.000000
-0.415701 -0.049774 0.010008 0.000000
-0.807368 0.076870 -0.181593 2.000000
0.118321 -0.032547 0.335338 1.000000
0.098147 -0.064755 0.233872 1.000000
-0.777945 0.318014 -0.000566 2.000000
0.085491 -0.034710 0.192360 1.000000
0.069589 -0.053938 -0.173021 1.000000
-0.117874 0.033276 -0.095758 0.000000
-0.265260 -0.030816 0.072505 0.000000
0.131545 -0.036009 -0.143922 1.000000
0.114265 -0.044176 0.551521 3.000000
0.874638 0.063267 0.026937 0.000000
-0.299523 0.016266 0.840883 1.000000
0.213243 -0.013427 -0.236004 1.000000
-0.036393 -0.030681 0.345073 1.000000
0.503443 -0.029978 -0.093216 0.000000
0.506364 0.057263 -0.086834 0.000000
0.072104 -0.018539 0.317976 1.000000
0.207861 -0.098397 -0.022417 0.000000
0.166215 -0.008911 0.372684 1.000000
-0.857398 0.229150 -0.006705 2.000000
-0.103054 -0.050693 -0.082615 0.000000
0.277876 -0.014401 -0.153928 1.000000
0.077243 -0.032926 -0.349423 1.000000
-0.545806 0.076897 -0.064036 2.000000
0.121188 -0.149779 0.122102 3.000000
0.815333 -0.076817 0.006627 0.000000
0.630033 0.100857 0.046597 0.000000
-0.180101 0.015455 -0.818298 1.000000
0.069238 -0.042174 -0.200956 1.000000
0.221329 -0.075627 -0.354237 3.000000
0.133655 -0.044527 0.245933 1.000000
-0.564709 -0.008668 -0.043213 0.000000
0.042249 0.053396 0.074722 0.000000
0.112047 -0.055371 -0.182621 1.000000
-0.760421 0.068162 0.033373 2.000000
-0.106164 0.009613 -0.098787 0.000000
-0.160116 0.001690 -0.647385 1.000000
0.095037 -0.040038 -0.609985 3.000000
0.379640 -0.073382 -0.098408 1.000000
-0.685349 0.054803 0.008385 2.000000
-0.605896 0.056236 -0.048189 2.000000
-0.001940 -0.006856 -0.606875 1.000000
0.659753 0.130280 0.009819 0.000000
0.171759 -0.146588 0.153418 3.000000
-0.112898 -0.005882 -0.564119 1.000000
0.897869 -0.027301 0.040918 0.000000
0.218246 -0.027220 -0.085292 1.000000
0.125406 0.036521 0.080915 0.000000
0.060638 -0.087769 -0.568068 3.000000
0.512124 0.105860 0.044109 0.000000
0.212377 -0.087120 -0.333333 3.000000
-0.530770 0.091608 0.040188 2.000000
-0.027604 -0.058995 0.063067 0.000000
-0.184671 0.005286 0.678056 1.000000
0.740450 0.130172 0.009007 0.000000
0.101527 -0.025516 0.397348 1.000000
0.817280 -0.013725 -0.076747 0.000000
-0.003481 -0.025976 -0.404673 1.000000
-0.694381 0.074625 -0.090404 2.000000
0.143390 -0.042093 0.142465 1.000000
-0.661848 0.028354 -0.047026 2.000000
0.065911 0.021080 -0.097976 0.000000
-0.817536 0.278152 -0.001864 2.000000
-0.572227 0.066431 -0.029286 2.000000
0.960095 -0.019566 -0.037020 0.000000
-0.686349 0.129956 0.006492 2.000000
-0.818185 0.074977 0.136083 2.000000
-0.047832 -0.059266 -0.609985 3.000000
-0.134181 -0.071165 -0.064875 0.000000
-0.760231 0.071326 0.059335 2.000000
-0.728456 0.138339 -0.018658 2.000000
0.026537 0.009343 0.084972 0.000000
-0.450560 0.107888 0.000867 0.000000
-0.787491 0.087011 0.200284 2.000000
0.570484 -0.070732 -0.065389 0.000000
0.546658 -0.010669 0.083565 0.000000
0.298456 -0.013779 -0.188381 1.000000
0.315574 0.113892 0.028370 0.000000
-0.076768 -0.026084 0.585433 1.000000
0.177248 -0.008830 0.337717 1.000000
0.025806 -0.006531 -0.575315 1.000000
0.582707 -0.005720 -0.098192 0.000000
0.140821 -0.027138 0.377173 1.000000
0.019046 -0.148454 0.052330 3.000000
0.281662 -0.080711 0.296504 3.000000
0.297104 -0.016916 0.237090 1.000000
-0.476737 0.087525 0.048139 0.000000
0.141010 -0.052424 -0.195223 1.000000
-0.142727 0.006152 -0.744308 1.000000
0.110803 -0.082144 0.072532 1.000000
-0.474709 0.083441 -0.065902 0.000000
0.041816 -0.043824 -0.086726 0.000000
-0.751578 0.168276 0.003247 2.000000
0.001549 0.106969 0.007304 0.000000
0.539600 0.115109 0.035996 0.000000
0.206969 -0.026273 0.107228 1.000000
0.216758 -0.026381 -0.099030 1.000000
-0.237892 -0.004855 -0.096732 0.000000
0.343294 0.101966 0.043379 0.000000
0.126056 -0.029680 -0.366352 1.000000
-0.267910 0.106022 -0.025365 0.000000
-0.314235 0.031599 0.877716 0.000000
-0.656845 0.096179 -0.037183 2.000000
0.228766 -0.012562 0.237090 1.000000
-0.212634 0.007828 -0.756910 1.000000
0.142173 0.049529 -0.090268 0.000000
0.718761 -0.088526 -0.001053 0.000000
0.561343 -0.079521 0.038052 0.000000
-0.182345 0.015779 0.797290 1.000000
0.116374 -0.134473 -0.153901 3.000000
-0.421001 0.096611 -0.052841 0.000000
0.260731 -0.098424 0.348102 3.000000
0.746697 -0.080089 -0.035695 0.000000
-0.120984 0.010235 0.699853 1.000000
-0.106895 0.008586 0.675244 1.000000
0.327987 -0.059401 -0.363161 3.000000
-0.094076 0.108402 -0.004217 0.000000
0.448356 -0.096504 -0.059520 0.000000
-0.797551 0.359552 -0.003189 2.000000
0.116861 -0.118544 0.147847 3.000000
0.008986 -0.013536 -0.419519 1.000000
0.043898 0.098558 0.034671 0.000000
0.034244 -0.056453 0.560797 3.000000
0.126001 -0.136474 -0.168531 3.000000
0.993034 0.030896 -0.004298 0.000000
0.063045 -0.046609 -0.628644 3.000000
0.739558 0.122438 0.026072 0.000000
0.275145 -0.054290 0.154310 1.000000
0.311058 0.061671 0.070422 0.000000
0.053255 -0.099019 0.592843 3.000000
-0.716854 0.077979 -0.204499 2.000000
0.211701 0.045878 -0.091891 0.000000
-0.294737 -0.062295 0.044515 0.000000
0.038138 -0.128794 0.031480 3.000000
-0.696220 0.070082 0.140113 2.000000
-0.172231 0.015211 -0.794636 1.000000
-0.788005 0.274988 -0.014845 2.000000
-0.515166 -0.027950 -0.022579 0.000000
0.207753 -0.027517 0.095708 1.000000
-0.280052 -0.053587 0.055792 0.000000
0.107964 -0.146047 0.126077 3.000000
-0.222288 0.013805 0.821899 1.000000
0.279282 -0.015212 -0.136215 1.000000
0.205535 -0.026300 -0.346665 1.000000
-0.823458 0.094502 0.289635 2.000000
-0.812262 0.065755 -0.053652 2.000000
-0.724426 0.075896 0.184166 2.000000
0.884104 0.078844 -0.030746 0.000000
-0.118280 -0.001447 0.652338 1.000000
0.494032 0.058832 0.072153 0.000000
0.882833 -0.057048 -0.037155 0.000000
-0.316479 -0.015672 -0.088132 0.000000
0.162834 -0.034927 0.323466 1.000000
0.048090 -0.016456 -0.500973 1.000000
0.827042 -0.015915 0.061147 0.000000
-0.204629 -0.064918 0.051925 0.000000
-0.561707 0.054126 -0.029773 2.000000
-0.012838 0.003231 -0.098733 0.000000
0.577352 -0.087904 0.020203 0.000000
-0.150272 0.005368 0.660045 1.000000
0.119700 -0.027760 -0.347395 1.000000
0.307191 -0.014942 0.210236 1.000000
0.509393 0.013967 0.084701 0.000000
0.275550 -0.114758 0.314001 3.000000
0.336722 -0.052721 0.308673 3.000000
0.307434 -0.096261 -0.365730 3.000000
0.326689 -0.120654 0.340665 3.000000
-0.214527 -0.083929 -0.032639 0.000000
0.514558 -0.049260 -0.083508 0.000000
-0.761665 0.084550 0.175458 2.000000
0.008391 -0.000501 -0.534832 1.000000
0.291479 -0.067865 0.294340 3.000000
0.281689 -0.052180 -0.353101 3.000000
0.263624 -0.053262 0.337772 3.000000
-0.094536 -0.024623 0.516879 1.000000
0.373961 -0.092475 0.357838 3.000000
0.041113 -0.096910 -0.051164 0.000000
-0.713555 0.076626 0.095194 2.000000
0.012663 -0.004449 0.475178 1.000000
0.239961 -0.039173 0.252261 1.000000
-0.030687 -0.020161 0.082267 0.000000
0.189255 -0.037198 -0.293822 1.000000
0.025509 -0.031844 -0.307209 1.000000
-0.011108 -0.034494 -0.332170 1.000000
0.002549 -0.039659 -0.285710 1.000000
0.047955 -0.108836 -0.048784 3.000000
0.299592 -0.014239 -0.175779 1.000000
-0.127853 -0.054182 -0.080506 0.000000
0.423017 0.130551 -0.007489 0.000000
-0.757500 0.245511 0.002003 2.000000
-0.839657 0.087227 0.245689 2.000000
-0.033959 -0.020891 -0.407025 1.000000
-0.440175 0.014752 -0.084102 0.000000
0.159914 -0.049097 0.209208 1.000000
0.212377 -0.020810 -0.155010 1.000000
0.147393 -0.022514 -0.100139 1.000000
0.034568 -0.089662 0.560013 3.000000
-0.588750 0.187449 -0.013087 2.000000
-0.002697 0.062402 -0.083805 0.000000
-0.692596 0.149183 0.005654 2.000000
-0.327324 0.056236 -0.905972 0.000000
0.301025 -0.096423 0.047273 0.000000
0.039247 -0.027977 -0.390232 1.000000
0.093063 -0.040633 0.566449 3.000000
0.036515 -0.098208 0.581133 3.000000
-0.646434 0.074814 -0.108144 2.000000
0.300457 -0.050152 0.168670 1.000000
0.343321 -0.098289 -0.028150 0.000000
-0.842010 0.084334 -0.206608 2.000000
-0.065951 -0.083875 0.029317 0.000000
0.199099 -0.009993 -0.344204 1.000000
-0.106651 -0.088689 0.018175 0.000000
-0.098592 -0.078845 -0.053111 0.000000
-0.680211 0.078330 0.125672 2.000000
0.289964 -0.014077 -0.135403 1.000000
0.364306 0.123276 -0.030638 0.000000
0.090818 -0.029356 0.594330 3.000000
-0.055540 -0.025840 -0.399751 1.000000
0.024130 -0.029410 -0.587755 3.000000
-0.625746 0.105806 0.004058 2.000000
0.111344 -0.047664 0.222324 1.000000
0.156804 -0.041796 -0.273053 1.000000
0.288342 -0.098181 -0.037642 0.000000
-0.010323 -0.077195 0.601172 3.000000
0.051524 -0.057805 -0.083994 1.000000
-0.867593 0.356875 -0.011140 2.000000
-0.686376 0.075166 -0.097949 2.000000
-0.038070 -0.018593 0.413790 1.000000
-0.178965 -0.047069 0.068935 0.000000
0.571592 -0.040957 -0.088024 0.000000
-0.076065 0.075193 0.061363 0.000000
-0.772293 0.069162 -0.059493 2.000000
0.260082 -0.105672 -0.323786 3.000000
-0.086720 -0.017781 0.476287 1.000000
-0.608492 0.059427 -0.071636 2.000000
-0.108193 0.009613 0.712698 1.000000
0.306028 -0.118382 0.333309 3.000000
0.090223 -0.004287 0.451299 1.000000
0.324985 -0.123737 0.320139 3.000000
0.289478 0.109619 -0.045972 0.000000
-0.764721 0.074625 0.172294 2.000000
-0.352176 0.084550 -0.067471 0.000000
0.016639 -0.036712 -0.576532 3.000000
0.068562 -0.015402 0.341882 1.000000
0.087871 -0.092583 -0.607740 3.000000
-0.203006 -0.071246 -0.058979 0.000000
-0.083421 -0.069272 0.053304 0.000000
0.185767 -0.028707 0.119100 1.000000
0.093928 -0.048935 -0.088646 1.000000
0.275334 -0.067649 0.354403 3.000000
0.158345 -0.038037 0.069043 1.000000
0.308949 -0.071111 -0.115256 1.000000
0.251211 0.115433 -0.017711 0.000000
0.479754 -0.081306 0.069692 0.000000
-0.812695 0.369369 -0.010491 2.000000
0.282257 -0.057941 -0.314808 3.000000
0.243071 -0.012048 -0.253014 1.000000
-0.581638 -0.011913 -0.027907 0.000000
0.344078 -0.117409 0.317219 3.000000
0.062477 -0.041309 0.607338 3.000000
-0.092345 -0.017295 -0.487912 1.000000
-0.198490 -0.080116 0.031318 0.000000
-0.578826 0.068838 0.047679 2.000000
0.867824 0.033465 -0.062279 0.000000
0.019397 -0.093854 0.584351 3.000000
0.269330 -0.048638 0.330794 3.000000
0.377449 -0.018728 0.139085 1.000000
0.304838 -0.074707 -0.086482 1.000000
0.196963 -0.073788 0.328577 3.000000
0.289775 -0.076005 0.360569 3.000000
0.214108 -0.043013 0.240686 1.000000
-0.502591 -0.017917 -0.052354 0.000000
0.109154 -0.038280 -0.153955 1.000000
-0.104948 0.084171 0.054710 0.000000
0.242666 0.106266 0.029290 0.000000
-0.005915 -0.017781 -0.605631 1.000000
-0.219151 -0.057292 -0.072095 0.000000
0.711730 -0.043905 0.066420 0.000000
0.081056 -0.098478 0.014200 0.000000
0.206157 -0.083415 0.342180 3.000000
-0.336059 0.028571 -0.092486 0.000000
-0.088830 -0.004909 -0.626183 1.000000
0.615213 -0.037442 0.075317 0.000000
0.675682 -0.030600 0.075209 0.000000
0.094090 -0.020080 -0.099544 0.000000
-0.027766 0.078222 -0.072934 0.000000
-0.599162 0.138447 -0.020875 2.000000
0.612455 0.009776 -0.098489 0.000000
0.739044 -0.065540 -0.060467 0.000000
0.260595 -0.023163 -0.306668 1.000000
-0.031309 -0.036144 -0.419925 1.000000
0.039625 -0.055561 0.619345 3.000000
0.004848 -0.062132 0.243283 1.000000
-0.797064 0.080845 0.147658 2.000000
-0.692704 0.120788 0.007033 2.000000
0.733311 -0.047881 -0.074367 0.000000
-0.136453 0.099613 -0.046188 0.000000
-0.597972 0.078276 0.045191 2.000000
-0.516545 0.005422 -0.066470 0.000000
-0.204412 0.004610 0.684033 1.000000
0.875179 -0.053127 0.031020 0.000000
-0.772374 0.143342 0.000867 2.000000
0.489597 -0.089689 0.051546 0.000000
0.360277 -0.098424 0.003463 0.000000
0.195178 -0.090095 0.339124 3.000000
0.118483 -0.065972 -0.098895 1.000000
0.156155 -0.037685 0.085864 1.000000
0.088574 -0.036171 -0.589351 3.000000
-0.064599 -0.024542 -0.412326 1.000000
0.650721 -0.048151 0.067853 0.000000
0.503119 -0.030384 0.078671 0.000000
-0.713906 0.071083 -0.058006 2.000000
0.152260 0.108916 -0.007029 0.000000
0.114102 -0.102183 0.576536 3.000000
-0.304175 0.103994 0.020041 0.000000
-0.298955 0.017023 -0.862162 1.000000
0.253672 -0.045447 -0.223862 1.000000
-0.713609 0.065268 -0.114526 2.000000
0.504796 0.064349 0.068800 0.000000
-0.034797 -0.078710 0.039485 0.000000
-0.633372 0.065647 -0.111335 2.000000
0.145581 -0.094476 0.120398 1.000000
-0.011513 -0.009182 -0.467629 1.000000
-0.078148 -0.009209 0.572209 1.000000
0.204859 -0.021649 -0.367623 1.000000
-0.059407 -0.011156 -0.489750 1.000000
-0.045101 -0.062808 -0.079613 0.000000
0.290127 0.082468 0.056684 0.000000
0.811655 -0.030032 -0.072230 0.000000
0.041735 -0.036982 -0.318540 1.000000
0.112831 -0.051126 -0.139189 1.000000
-0.552999 -0.020269 -0.001485 0.000000
-0.019951 -0.032439 0.337339 1.000000
0.913905 -0.054073 -0.018306 0.000000
0.212296 -0.071516 -0.341716 3.000000
-0.313018 -0.019350 0.073127 0.000000
0.263976 -0.016402 0.279385 1.000000
0.787640 -0.059563 -0.057411 0.000000
-0.779811 0.191208 -0.014574 2.000000
0.291154 -0.088608 0.288796 3.000000
0.179033 -0.055777 0.150038 1.000000
0.086681 -0.041634 0.145467 1.000000
-0.093806 -0.007911 -0.594110 1.000000
0.108586 -0.065540 -0.104060 1.000000
0.016476 -0.062213 0.558796 3.000000
0.006200 -0.032358 -0.301935 1.000000
0.360520 -0.078115 0.080807 1.000000
-0.700817 0.079168 0.029885 2.000000
0.283582 0.120545 -0.014926 0.000000
-0.471004 0.027732 -0.081506 0.000000
-0.752416 0.066134 0.014632 2.000000
-0.125446 0.059508 0.071720 0.000000
0.236446 -0.019837 0.125401 1.000000
-0.018950 -0.023542 0.421146 1.000000
0.447843 -0.086525 0.066258 0.000000
0.052714 -0.040173 -0.030584 3.000000
-0.290383 -0.002042 0.082403 0.000000
-0.841009 0.090229 0.010522 2.000000
-0.631884 0.005097 -0.038616 2.000000
0.011203 -0.025597 0.404027 1.000000
-0.145512 0.054478 0.074235 0.000000
0.034893 -0.116192 -0.054598 3.000000
-0.655520 0.070569 0.037457 2.000000
0.349270 -0.117517 -0.330736 3.000000
-0.551079 0.095367 0.033644 2.000000
0.068264 -0.012129 -0.097840 0.000000
-0.837440 0.299922 -0.012330 2.000000
0.285692 -0.114028 0.313270 3.000000
-0.004293 0.056560 0.073316 0.000000
0.409901 -0.055426 0.117018 1.000000
0.691718 0.027381 -0.092459 0.000000
0.044601 -0.056507 0.135083 1.000000
-0.820916 0.179607 -0.011005 2.000000
0.002766 -0.094936 -0.052516 0.000000
0.137549 -0.063106 0.139193 1.000000
0.832208 -0.005666 0.062364 0.000000
-0.356585 -0.053587 -0.054463 0.000000
-0.558137 0.051044 0.056225 0.000000
-0.730322 0.082468 -0.171966 2.000000
0.135521 -0.040687 0.273138 1.000000
0.361791 -0.096234 0.048707 0.000000
0.344024 -0.050044 0.318490 3.000000
-0.331191 0.036738 0.882449 0.000000
0.163132 -0.149347 -0.138189 3.000000
-0.042613 -0.002232 -0.542836 1.000000
0.084788 -0.136447 -0.064334 3.000000
0.247858 -0.098532 -0.005326 0.000000
0.816982 0.032627 0.059903 0.000000
-0.752010 0.099180 -0.026500 2.000000
-0.692542 0.154430 -0.019361 2.000000
0.014610 -0.145371 -0.034045 3.000000
0.102041 -0.035900 0.313351 1.000000
0.147393 -0.059942 0.136651 1.000000
-0.267612 0.075328 -0.074962 0.000000
0.277146 -0.017727 0.089921 1.000000
0.063099 -0.043229 -0.565607 3.000000
0.332693 -0.090609 -0.299123 3.000000
-0.780703 0.069081 0.048031 2.000000
-0.712960 0.070244 -0.155551 2.000000
0.906171 0.054018 -0.036885 0.000000
-0.198571 0.107997 -0.000052 0.000000
0.043601 -0.001853 0.513606 1.000000
-0.717801 0.221984 0.003680 2.000000
0.489787 0.071515 0.064473 0.000000
0.024833 -0.097775 -0.039021 0.000000
-0.830814 0.072137 0.091083 2.000000
0.142173 -0.076222 0.114936 1.000000
-0.298739 -0.071516 0.027829 0.000000
-0.839414 0.094664 -0.292200 2.000000
-0.099106 -0.014104 -0.517091 1.000000
0.619594 0.042173 0.078535 0.000000
0.233660 -0.069191 -0.113417 1.000000
0.065316 -0.079846 -0.089782 1.000000
0.516965 0.003366 -0.098733 0.000000
-0.769480 0.083495 -0.179430 2.000000
-0.700087 0.048258 0.034888 2.000000
0.118592 -0.064999 0.149497 1.000000
-0.643053 0.096801 -0.037750 2.000000
-0.124527 0.001527 -0.694359 1.000000
-0.073037 0.073922 -0.076125 0.000000
0.166161 -0.061781 -0.135025 1.000000
-0.055350 -0.022352 -0.515252 1.000000
-0.140590 0.000013 0.612612 1.000000
-0.540722 0.045770 -0.072744 0.000000
0.381262 -0.069326 -0.115229 1.000000
0.113075 -0.141234 -0.141380 3.000000
0.174463 -0.076276 -0.094866 1.000000
0.280337 0.115866 0.017499 0.000000
0.516668 0.095340 0.050356 0.000000
0.138847 -0.055290 0.161477 1.000000
0.259757 -0.019269 0.083836 1.000000
0.182387 -0.025299 0.148767 1.000000
-0.839387 0.205244 -0.004460 2.000000
-0.506810 -0.019458 0.035347 0.000000
0.793969 0.035142 -0.075908 0.000000
-0.266450 0.015130 0.084485 0.000000
0.878857 0.092582 0.007871 0.000000
0.951657 0.054505 0.005032 0.000000
-0.381518 -0.056913 -0.028096 0.000000
-0.602488 0.097206 0.026423 2.000000
0.183739 -0.023433 0.161071 1.000000
0.357789 -0.067379 -0.314673 3.000000
0.791832 -0.044094 0.054034 0.000000
-0.830219 0.072651 0.101171 2.000000
0.103691 -0.098614 -0.022850 0.000000
0.115752 -0.027355 -0.388095 1.000000
0.055554 -0.057319 -0.097191 1.000000
0.523104 -0.048232 0.075642 0.000000
0.174923 -0.097748 0.032373 0.000000
0.739179 -0.037685 -0.079289 0.000000
0.463825 -0.060131 0.062147 0.000000
0.336533 -0.106240 0.291311 3.000000
-0.134695 0.083766 0.055035 0.000000
-0.117604 -0.003881 0.625836 1.000000
-0.247222 0.012264 0.796046 1.000000
-0.343225 0.104048 0.019879 0.000000
0.083300 -0.012427 0.349021 1.000000
0.285692 0.083225 -0.069986 0.000000
-0.181182 0.001149 -0.681081 1.000000
0.699912 -0.037604 -0.084860 0.000000
0.120944 -0.072192 -0.167612 1.000000
-0.810532 0.085253 -0.201172 2.000000
0.158534 -0.086038 -0.151927 1.000000
-0.720505 0.069244 -0.043294 2.000000
-0.164307 0.003177 -0.661394 1.000000
-0.074524 -0.020837 -0.453486 1.000000
-0.682347 0.056425 -0.042131 2.000000
0.088303 -0.006937 0.487618 1.000000
0.346593 -0.070867 -0.359781 3.000000
-0.059028 -0.093421 -0.007651 0.000000
0.356896 -0.050963 -0.343339 3.000000
-0.099025 -0.013995 0.514959 1.000000
-0.040639 0.000419 0.557525 1.000000
0.140091 -0.066351 0.167210 1.000000
-0.144566 -0.005179 -0.611851 1.000000
0.713299 0.008450 0.078589 0.000000
0.569483 0.099018 -0.062008 0.000000
0.517722 0.073435 0.063337 0.000000
0.692529 0.057615 -0.083048 0.000000
-0.006970 -0.024001 -0.427876 1.000000
0.287936 -0.064215 -0.367867 3.000000
-0.760880 0.074247 -0.096678 2.000000
0.842403 -0.071489 0.012442 0.000000
0.293047 -0.058319 -0.153252 1.000000
0.190527 -0.098235 0.023989 0.000000
0.154884 -0.014104 -0.286007 1.000000
0.278092 -0.055047 0.332687 3.000000
0.076918 -0.135987 -0.033396 3.000000
-0.012649 -0.017998 -0.491833 1.000000
-0.610655 0.070623 -0.089998 2.000000
-0.029632 -0.002827 0.517717 1.000000
0.573864 -0.089284 -0.030368 0.000000
0.073159 -0.058860 0.130215 1.000000
0.627626 0.053559 0.073641 0.000000
0.811438 0.076951 -0.052246 0.000000
-0.386738 -0.055642 0.015687 0.000000
-0.196354 0.105590 0.013551 0.000000
0.612725 -0.091339 0.009088 0.000000
-0.130639 -0.009371 0.556821 1.000000
-0.703305 0.072137 -0.066227 2.000000
0.429345 0.042525 -0.092919 0.000000
0.094875 -0.041228 -0.283925 1.000000
-0.025927 0.101344 -0.042348 0.000000
-0.076660 0.035683 -0.095028 0.000000
-0.176666 -0.000582 0.651310 1.000000
0.527025 -0.035711 -0.090376 0.000000
-0.429168 0.060482 -0.083724 0.000000
-0.371648 0.106131 -0.024932 0.000000
-0.815589 0.088039 0.212534 2.000000
-0.069440 -0.006775 0.594763 1.000000
-0.823512 0.083009 0.015606 2.000000
0.159346 -0.031925 -0.137053 1.000000
-0.388604 0.106563 0.009088 0.000000
0.033541 -0.067325 -0.164015 1.000000
-0.071225 -0.027192 -0.515550 1.000000
0.423504 0.117489 0.031994 0.000000
0.055500 -0.052424 -0.129995 1.000000
0.090034 -0.050477 0.246041 1.000000
-0.270533 -0.078520 0.011252 0.000000
-0.678290 0.105644 -0.017171 2.000000
0.073213 -0.007911 -0.409405 1.000000
-0.203358 0.027408 -0.096840 0.000000
-0.808639 0.326316 -0.012979 2.000000
0.080325 0.011587 0.084836 0.000000
0.080650 -0.063187 -0.083913 1.000000
0.962853 -0.033385 0.011522 0.000000
0.501388 -0.050882 0.080618 0.000000
0.326716 -0.075113 -0.084184 1.000000
0.250211 -0.055750 -0.166016 1.000000
0.109830 -0.005396 0.426095 1.000000
0.382533 -0.098451 0.001976 0.000000
0.204724 -0.016483 -0.097543 1.000000
0.208132 -0.015564 0.084160 1.000000
0.023427 -0.011399 0.540271 1.000000
-0.457861 -0.040822 -0.022823 0.000000
-0.658170 0.072408 -0.072555 2.000000
0.298104 -0.013725 0.183896 1.000000
0.648476 -0.078088 0.037349 0.000000
-0.208280 0.018213 -0.839581 1.000000
0.701670 0.132903 -0.008949 0.000000
0.083408 -0.022406 0.280034 1.000000
0.180493 0.015076 -0.098462 0.000000
-0.335869 -0.067270 0.009278 0.000000
-0.710634 0.073895 0.069773 2.000000
0.067074 -0.039578 -0.189057 1.000000
0.361899 0.041687 0.079347 0.000000
-0.743086 0.066674 -0.029773 2.000000
0.003739 -0.045014 -0.228405 1.000000
-0.802635 0.354739 -0.011383 2.000000
0.251130 0.018456 -0.098246 0.000000
-0.065437 -0.015158 -0.514171 1.000000
0.217624 -0.073382 -0.103844 1.000000
-0.833735 0.101804 0.004410 2.000000
0.257404 0.028111 0.082862 0.000000
-0.037880 -0.053830 -0.597707 3.000000
0.166431 -0.041039 -0.276731 1.000000
-0.471599 0.011425 0.064257 0.000000
-0.792061 0.082116 -0.169965 2.000000
-0.642810 0.055154 -0.037967 2.000000
0.140983 -0.098289 0.022204 0.000000
0.336587 -0.044798 -0.193654 1.000000
-0.166363 -0.091014 -0.018496 0.000000
-0.283433 0.031572 0.877716 0.000000
-0.803906 0.074084 0.137706 2.000000
0.495601 -0.088986 -0.065253 0.000000
0.346566 -0.095098 0.344586 3.000000
-0.535854 0.130794 -0.017414 2.000000
-0.719396 0.072164 0.028127 2.000000
-0.557543 0.168600 -0.004298 2.000000
0.266815 -0.119653 0.330145 3.000000
0.306948 -0.070164 0.310296 3.000000
-0.090398 -0.025056 -0.515036 1.000000
-0.107354 0.009722 0.696391 1.000000
-0.787356 0.072327 0.076399 2.000000
0.152666 -0.011048 -0.315727 1.000000
-0.301903 -0.075573 -0.006651 0.000000
0.030701 -0.076303 0.556199 3.000000
-0.865808 0.063943 -0.012492 2.000000
-0.125311 0.009505 0.688522 1.000000
0.304405 -0.084335 -0.085373 0.000000
-0.747548 0.060887 -0.050569 2.000000
0.128192 -0.040633 0.089326 1.000000
-0.723317 0.125872 -0.019469 2.000000
-0.029443 -0.009587 -0.478230 1.000000
-0.249764 -0.009425 -0.095893 0.000000
-0.288895 -0.035251 -0.081939 0.000000
-0.241299 0.018024 -0.829062 1.000000
-0.730835 0.186151 -0.017468 2.000000
-0.086098 -0.004855 0.616722 1.000000
-0.156194 0.000283 -0.678052 1.000000
0.014502 -0.030492 -0.588837 3.000000
0.117023 -0.052478 -0.129211 1.000000
0.116834 0.073408 -0.076503 0.000000
-0.058785 -0.022433 0.432801 1.000000
0.222437 -0.071327 0.318219 3.000000
-0.052943 -0.010940 0.594114 1.000000
0.201100 -0.068487 0.098223 1.000000
0.130085 -0.144695 -0.139568 3.000000
0.099770 -0.016537 -0.478392 1.000000
0.328339 -0.013590 0.103902 1.000000
0.863632 -0.010831 -0.067931 0.000000
0.413146 -0.030951 -0.135268 1.000000
-0.637888 0.103643 0.013551 2.000000
0.021615 -0.118923 0.061174 3.000000
-0.120200 -0.089040 -0.031017 0.000000
-0.083746 -0.031898 -0.521580 1.000000
-0.131666 -0.002637 0.638249 1.000000
0.934539 -0.030329 0.026585 0.000000
0.164105 -0.010020 0.311999 1.000000
0.083435 -0.005017 -0.437719 1.000000
-0.109761 -0.000447 -0.600898 1.000000
0.421665 -0.022352 -0.110902 1.000000
0.011501 -0.026030 -0.604711 3.000000
-0.638861 0.108159 -0.023688 2.000000
0.725576 -0.070813 0.041973 0.000000
-0.024683 -0.009993 0.562446 1.000000
0.140361 -0.091745 -0.072312 1.000000
0.215596 -0.073734 0.338366 3.000000
-0.783083 0.095043 -0.028880 2.000000
-0.212174 0.008667 0.757942 1.000000
-0.061083 -0.001015 -0.662611 1.000000
0.304081 -0.041850 -0.223889 1.000000
0.057961 -0.054290 0.224542 1.000000
0.268952 -0.074194 -0.311968 3.000000
0.202669 -0.044960 0.232790 1.000000
0.034514 -0.044554 0.568991 3.000000
-0.039557 -0.073355 -0.596842 3.000000
0.142065 -0.028977 -0.178645 1.000000
0.253213 -0.067514 0.113286 1.000000
0.025698 -0.084091 0.565583 3.000000
0.247047 -0.011237 -0.273648 1.000000
0.485216 -0.056048 -0.096245 0.000000
0.033243 -0.027057 -0.399643 1.000000
-0.031904 -0.020945 -0.525961 1.000000
-0.017111 -0.095909 0.009251 0.000000
0.335776 -0.058049 -0.332413 3.000000
0.227386 -0.011291 0.272489 1.000000
-0.063382 -0.011291 0.550953 1.000000
0.230442 0.015455 0.084593 0.000000
-0.201411 0.085875 -0.066633 0.000000
-0.123039 0.008640 0.676488 1.000000
-0.792494 0.342164 -0.012140 2.000000
0.111398 -0.029004 -0.212422 1.000000
0.446869 -0.059725 0.072234 1.000000
0.250481 -0.012346 -0.242630 1.000000
0.069968 -0.023569 -0.296148 1.000000
-0.273183 0.022459 -0.884852 0.000000
0.307542 -0.014563 0.086756 1.000000
0.100770 -0.062322 -0.624372 3.000000
-0.102027 -0.016456 -0.491860 1.000000
-0.771373 0.089715 0.235007 2.000000
0.712460 -0.030140 0.072478 0.000000
-0.043695 -0.008343 0.582729 1.000000
-0.222802 0.105806 -0.026392 0.000000
0.185902 -0.098749 -0.002459 0.000000
0.424450 0.125520 -0.029286 0.000000
-0.430169 -0.009425 0.062850 0.000000
-0.819970 0.067837 0.051763 2.000000
0.285800 -0.067892 -0.317458 3.000000
0.097471 -0.053884 -0.558900 3.000000
0.754945 -0.084497 -0.020172 0.000000
0.107315 -0.051207 -0.127372 1.000000
-0.759420 0.077275 0.107012 2.000000
-0.467786 0.005719 -0.076693 0.000000
-0.637347 0.057345 -0.056302 2.000000
0.124514 -0.046420 -0.242873 1.000000
0.136954 0.028111 -0.096705 0.000000
-0.005591 -0.031790 -0.092107 0.000000
0.322551 -0.052099 -0.322461 3.000000
0.105530 -0.030600 -0.363215 1.000000
0.037354 -0.038388 -0.228730 1.000000
0.329366 -0.091096 0.286416 3.000000
0.107423 -0.138854 -0.128210 3.000000
0.407467 -0.017403 -0.109794 1.000000
-0.822863 0.068919 0.066204 2.000000
0.183090 0.092447 -0.059601 0.000000
-0.768723 0.105157 0.005059 2.000000
0.601800 -0.021054 -0.095325 0.000000
0.004713 -0.002799 -0.507680 1.000000
0.346241 -0.067838 0.334716 3.000000
0.309922 -0.075167 0.079860 1.000000
0.351515 -0.054425 0.137273 1.000000
0.458714 0.088850 0.054196 0.000000
0.027645 -0.063566 -0.563470 3.000000
0.100013 -0.090528 0.588192 3.000000
-0.366077 0.015644 -0.090485 0.000000
0.481917 -0.046609 0.071261 0.000000
-0.740490 0.216791 -0.017035 2.000000
0.954308 -0.011021 0.029831 0.000000
-0.107246 -0.005044 0.555415 1.000000
0.339805 -0.098019 0.034239 0.000000
0.911525 0.072732 0.010116 0.000000
0.473425 -0.057183 -0.078315 0.000000
-0.012947 -0.051829 0.229869 1.000000
-0.708011 0.062023 -0.086185 2.000000
0.728091 0.074896 -0.071068 0.000000
-0.761016 0.232314 0.001976 2.000000
-0.070170 -0.039713 -0.088565 0.000000
0.043979 -0.059915 0.090434 1.000000
0.644474 0.097260 -0.063036 0.000000
-0.746710 0.037928 0.021718 2.000000
-0.851205 0.082819 0.195524 2.000000
-0.286002 0.033871 -0.095569 0.000000
-0.729078 0.097774 0.016255 2.000000
-0.047021 0.005097 -0.635892 1.000000
0.040869 -0.112649 0.035374 3.000000
-0.818131 0.103048 0.004275 2.000000
0.484513 -0.025840 -0.095596 0.000000
0.337804 -0.074843 -0.084535 1.000000
0.142498 0.099640 0.032264 0.000000
-0.784570 0.079709 -0.226269 2.000000
0.066804 -0.041931 0.162099 1.000000
0.156452 -0.068244 -0.100653 1.000000
-0.012270 -0.026381 -0.356806 1.000000
0.024427 -0.010318 0.418063 1.000000
-0.267964 0.013508 -0.098246 0.000000
0.133411 -0.024921 0.398051 1.000000
0.087411 -0.056345 0.545707 3.000000
0.766330 0.116380 -0.041888 0.000000
0.027240 -0.044500 0.611773 3.000000
0.314195 -0.073382 0.359325 3.000000
0.013339 -0.032385 0.282955 1.000000
0.033216 -0.123358 0.062580 3.000000
-0.040287 -0.066973 -0.605252 3.000000
-0.570442 0.043363 0.054413 2.000000
0.624759 0.127873 -0.030638 0.000000
0.060016 -0.077898 -0.588675 3.000000
0.594200 0.016293 -0.098381 0.000000
-0.156303 -0.004341 0.608474 1.000000
0.050335 -0.034413 -0.337660 1.000000
-0.013055 -0.000852 0.528588 1.000000
-0.251630 0.107456 0.005005 0.000000
0.199667 -0.058400 -0.344799 3.000000
0.219544 -0.010858 -0.098084 1.000000
-0.188024 0.094421 0.042568 0.000000
-0.754769 0.069676 -0.110497 2.000000
0.025833 -0.035954 -0.257639 1.000000
0.101176 -0.008884 0.474962 1.000000
0.169595 -0.057048 -0.160797 1.000000
-0.760853 0.059833 -0.027555 2.000000
0.132384 -0.012751 -0.097786 1.000000
-0.067817 -0.014861 0.460737 1.000000
-0.089371 -0.013076 -0.536616 1.000000
-0.463135 -0.022893 0.044921 0.000000
0.062829 0.076275 -0.074394 0.000000
-0.672043 0.123763 -0.021443 2.000000
-0.330731 -0.068704 -0.019631 0.000000
0.532299 0.050205 0.076129 0.000000
-0.670015 0.195265 0.004707 2.000000
0.004496 -0.020107 0.367438 1.000000
0.909389 0.019836 -0.055815 0.000000
-0.672909 0.076410 0.103280 2.000000
-0.413646 0.044472 0.074776 0.000000
0.004361 -0.023650 0.424039 1.000000
0.329096 -0.075897 -0.099652 0.000000
0.429156 -0.016916 -0.100869 0.000000
0.217299 -0.091528 0.320680 3.000000
-0.323727 0.007152 -0.094487 0.000000
0.137197 -0.079494 -0.089349 1.000000
-0.174800 -0.001988 -0.640733 1.000000
0.075809 -0.097288 -0.577370 3.000000
0.072348 -0.057319 -0.151116 1.000000
-0.011378 0.081656 -0.070419 0.000000
0.149259 -0.021919 0.407245 1.000000
-0.767208 0.209895 -0.015791 2.000000
-0.259851 0.022378 -0.885257 0.000000
0.077080 -0.050423 0.195200 1.000000
-0.037448 0.017672 0.084458 0.000000
-0.436173 0.099207 -0.047107 0.000000
0.144229 -0.009587 -0.337173 1.000000
0.181088 -0.014239 -0.394613 1.000000
0.347350 -0.088608 0.285713 3.000000
0.056230 -0.038578 0.196336 1.000000
0.774552 0.098531 -0.052381 0.000000
0.285610 -0.057400 0.302480 3.000000
-0.843227 0.344273 -0.011978 2.000000
0.122919 -0.142856 0.114963 3.000000
0.319279 0.120301 0.017066 0.000000
0.093550 -0.054182 -0.258369 1.000000
-0.321509 0.027137 -0.889882 0.000000
0.082381 0.047988 -0.090971 0.000000
0.247452 -0.075870 -0.318648 3.000000
-0.220449 -0.032844 -0.087807 0.000000
0.423287 -0.017971 -0.090431 0.000000
-0.836628 0.080764 -0.175265 2.000000
0.226873 -0.020134 -0.143354 1.000000
0.046332 -0.054993 -0.560901 3.000000
0.327852 -0.014266 0.137057 1.000000
0.299646 -0.067974 -0.365514 3.000000
0.733770 0.061428 -0.076233 0.000000
0.235418 -0.104725 0.335419 3.000000
-0.094455 -0.011616 0.501789 1.000000
0.208618 -0.052343 -0.190220 1.000000
0.023129 -0.049963 -0.175508 1.000000
-0.028929 -0.080495 -0.070337 0.000000
0.261839 -0.015807 0.150038 1.000000
-0.268478 0.056101 0.073532 0.000000
0.054364 -0.041201 0.271624 1.000000
-0.186483 -0.019593 0.080834 0.000000
0.049821 0.073003 0.062986 0.000000
-0.078932 0.050313 0.076101 0.000000
-0.027117 -0.020756 0.451677 1.000000
0.816468 0.000824 0.064906 0.000000
-0.736596 0.080737 -0.150899 2.000000
-0.744114 0.295622 0.000218 2.000000
-0.772022 0.066593 -0.095163 2.000000
-0.544616 0.062510 0.008007 2.000000
-0.124310 -0.008181 0.573128 1.000000
0.477184 -0.097153 0.031697 0.000000
-0.630235 -0.001664 0.006844 2.000000
-0.705036 0.077979 0.112393 2.000000
0.385021 -0.016132 0.084512 1.000000
-0.046183 0.001960 -0.586917 1.000000
0.272143 -0.046691 0.198959 1.000000
-0.490043 0.071705 0.058226 0.000000
-0.039827 -0.000690 0.084891 0.000000
-0.848554 0.080926 0.171050 2.000000
0.493978 0.091689 0.052493 0.000000
-0.092129 -0.093638 -0.004298 0.000000
0.466719 0.090256 -0.067200 0.000000
0.269601 -0.066108 -0.319216 3.000000
-0.251305 0.017185 -0.098192 0.000000
0.033216 -0.034656 0.246825 1.000000
-0.008998 -0.013752 0.083619 0.000000
-0.683537 0.009938 0.002896 2.000000
0.048982 -0.029113 0.269542 1.000000
-0.776376 0.161488 -0.014899 2.000000
0.173625 -0.138502 0.146711 3.000000
0.047225 -0.032250 -0.039941 3.000000
0.728767 0.107239 -0.055491 0.000000
-0.626557 0.054884 0.023259 2.000000
0.394135 -0.072463 0.072315 1.000000
-0.492395 -0.028923 0.029317 0.000000
0.169676 -0.097288 -0.048568 0.000000
-0.412807 -0.048827 0.031615 0.000000
-0.276942 0.055127 -0.087780 0.000000
-0.734621 0.077194 0.103145 2.000000
0.863118 0.013616 0.055008 0.000000
0.411172 0.041254 -0.093324 0.000000
