0.010496 0.028213 -0.075116 1.000000
-0.031039 0.034181 -0.122619 1.000000
-0.121016 -0.060801 0.061474 0.000000
0.117029 0.034301 0.159151 1.000000
-0.689681 -0.001844 -0.145889 2.000000
0.000726 0.031510 0.257598 1.000000
0.173412 -0.018592 -0.240895 3.000000
0.037039 0.029368 0.271869 1.000000
0.834893 0.035937 -0.038851 0.000000
0.677993 -0.004370 -0.072156 0.000000
0.174182 0.040173 -0.224844 3.000000
0.260404 -0.080197 -0.054805 0.000000
0.230083 -0.074133 -0.163336 3.000000
0.097320 0.042531 -0.057164 1.000000
0.030999 0.041881 0.220900 3.000000
-0.352154 0.043446 -0.028840 0.000000
-0.403075 -0.100893 0.013682 0.000000
-0.053467 0.018996 -0.052688 0.000000
-0.383727 0.007181 -0.067559 0.000000
-0.747316 0.012836 -0.267029 2.000000
0.387151 -0.037050 0.068404 0.000000
-0.748110 0.139174 0.000831 2.000000
-0.632047 -0.019074 0.067129 2.000000
0.226209 -0.022371 -0.189229 3.000000
0.734352 -0.047710 0.066672 0.000000
0.641825 0.047224 0.012094 0.000000
-0.062347 0.062095 0.047950 0.000000
-0.001994 0.029416 0.087560 1.000000
0.025007 0.055550 0.557007 1.000000
-0.670550 0.097446 -0.009492 2.000000
-0.062492 -0.022587 -0.033966 0.000000
-0.678708 -0.004202 0.119276 2.000000
0.322250 0.048956 0.002805 0.000000
0.096045 -0.004202 -0.072084 0.000000
0.007608 0.053817 -0.596134 1.000000
-0.671007 0.008119 -0.243639 2.000000
0.093903 0.024290 -0.213486 1.000000
-0.697647 0.028694 -0.006219 2.000000
-0.077700 0.059882 0.047228 0.000000
0.063413 0.048307 0.316195 1.000000
0.135149 0.003402 0.013995 0.000000
0.025151 0.052373 -0.696554 1.000000
0.022287 0.035119 -0.189686 3.000000
0.087093 0.049462 0.412020 1.000000
-0.063623 0.030234 0.200975 3.000000
0.064328 0.035625 -0.043134 0.000000
-0.680753 0.004148 -0.182563 2.000000
-0.604349 0.011969 -0.046166 0.000000
0.078237 -0.071029 0.055217 0.000000
0.078718 0.021595 -0.053626 0.000000
0.227749 -0.000977 0.207424 3.000000
0.325691 0.046574 -0.021885 0.000000
-0.685229 0.008504 -0.214737 2.000000
0.047820 0.032617 -0.347813 1.000000
0.542126 -0.097596 0.022562 0.000000
-0.758554 0.020512 0.003118 0.000000
-0.551913 0.033651 0.006607 2.000000
0.045269 0.073045 0.035797 0.000000
-0.020427 -0.037603 0.222152 3.000000
-0.797081 0.016421 -0.001334 0.000000
0.659320 0.021812 -0.057910 0.000000
-0.025962 0.031774 -0.183839 1.000000
-0.009165 0.002247 0.032500 0.000000
0.000268 -0.036304 0.229130 3.000000
0.448058 -0.088981 -0.044097 0.000000
0.086828 0.046165 0.016690 0.000000
0.350574 -0.010796 0.067586 0.000000
0.076071 0.057042 -0.717490 1.000000
-0.709462 -0.005886 -0.132148 2.000000
0.227147 -0.055411 -0.170964 3.000000
0.806233 0.048571 0.003406 0.000000
0.892359 0.024916 -0.019719 0.000000
0.000990 -0.031419 -0.190528 3.000000
-0.606082 0.005448 0.042439 0.000000
-0.522482 0.034566 0.027326 0.000000
0.067673 0.025277 0.201023 1.000000
0.143115 -0.034643 0.193298 3.000000
0.713368 0.004702 -0.068546 0.000000
0.350068 -0.089053 0.037698 0.000000
-0.422278 -0.086358 0.038083 0.000000
-0.238835 -0.022587 -0.005257 0.000000
-0.676157 0.078796 0.002925 2.000000
0.005370 0.047007 -0.562732 1.000000
0.124994 0.003306 -0.028142 0.000000
0.131949 0.020440 -0.189686 3.000000
-0.023796 -0.022587 -0.004246 0.000000
0.082472 0.042122 -0.535347 1.000000
0.007632 0.040774 -0.190240 1.000000
-0.123856 0.040606 -0.034904 0.000000
-0.372561 0.025445 0.048960 0.000000
-0.670021 -0.016282 -0.072806 2.000000
0.039590 0.011825 0.233895 3.000000
-0.133578 0.049077 0.002155 0.000000
0.449334 0.040389 -0.035409 0.000000
-0.615780 0.036274 -0.014112 0.000000
-0.815923 0.225204 -0.001527 2.000000
0.212179 0.036804 0.209638 3.000000
0.354400 0.016325 0.055602 0.000000
0.810877 0.019862 0.052377 0.000000
0.007319 0.051892 -0.542085 1.000000
0.831717 0.045635 -0.013655 0.000000
0.776609 0.044913 -0.025663 0.000000
0.997544 -0.067948 0.016979 0.000000
0.077347 -0.042849 -0.203692 3.000000
-0.505228 -0.048962 0.055289 0.000000
0.062836 0.038320 0.458584 1.000000
-0.175666 -0.102048 -0.014834 0.000000
0.113612 0.072684 0.014163 0.000000
-0.655895 0.003884 0.168801 2.000000
-0.818498 0.260675 -0.001310 2.000000
0.099606 -0.025403 -0.059329 0.000000
0.191388 0.015122 -0.062795 0.000000
0.149155 -0.100893 -0.021043 0.000000
-0.041700 -0.073748 -0.059546 0.000000
-0.090166 0.019213 -0.202416 3.000000
-0.288263 -0.004707 0.065974 0.000000
0.033742 0.036852 -0.416661 1.000000
-0.151265 0.043662 0.022032 0.000000
-0.679719 -0.015993 0.063375 2.000000
-0.124433 0.001309 0.019530 0.000000
0.026908 0.047897 0.056300 0.000000
-0.119717 -0.041454 -0.074129 0.000000
0.157722 -0.083879 -0.050329 0.000000
-0.711387 0.037574 0.002035 2.000000
0.376298 0.024627 0.049538 0.000000
-0.118008 -0.025138 -0.216374 3.000000
-0.455487 0.004822 0.059067 0.000000
0.819203 -0.024873 0.068645 0.000000
0.112553 0.036443 0.273433 1.000000
0.589172 0.046911 -0.020105 0.000000
0.900733 -0.117497 -0.023209 0.000000
0.938370 -0.051561 0.051198 0.000000
0.010688 -0.022587 0.019337 0.000000
0.024405 0.030764 -0.290588 1.000000
0.020988 -0.061740 -0.216013 3.000000
0.169561 -0.051007 0.065372 0.000000
0.050298 0.054852 0.509023 1.000000
0.144101 -0.055676 0.063519 0.000000
-0.645162 -0.009833 -0.075284 2.000000
0.231864 -0.103780 -0.000757 0.000000
-0.722409 0.008624 -0.253890 2.000000
0.574998 0.046045 -0.023233 0.000000
-0.655366 -0.025066 -0.043495 0.000000
-0.037104 0.032857 0.084215 1.000000
0.799952 -0.016908 0.068356 0.000000
-0.610871 0.044143 0.005211 2.000000
0.042622 -0.098077 -0.211128 3.000000
0.108895 0.003306 -0.034760 0.000000
-0.015398 0.044841 0.443760 1.000000
-0.583317 -0.002132 0.048238 0.000000
0.103601 0.042627 0.286788 1.000000
-0.538750 -0.029590 0.055289 0.000000
0.109424 0.039836 0.193298 1.000000
-0.114182 0.024338 -0.056081 0.000000
0.193120 0.040438 -0.213197 3.000000
-0.637582 -0.009689 -0.073576 2.000000
0.670750 -0.096850 0.024174 0.000000
0.851016 -0.045761 0.065204 0.000000
0.030108 0.026697 0.201986 1.000000
0.006212 0.040510 0.137349 1.000000
-0.772824 0.103318 -0.006027 2.000000
0.005202 0.034638 0.049442 1.000000
0.548696 0.022582 0.051054 0.000000
-0.437246 0.018467 -0.058222 0.000000
-0.088192 -0.022587 0.036158 0.000000
0.608207 -0.060248 -0.067993 0.000000
-0.023603 0.039740 0.338623 1.000000
0.745638 -0.096056 -0.032185 0.000000
-0.168351 -0.003480 -0.071795 0.000000
0.094192 0.042892 0.117472 1.000000
-0.577253 0.033435 -0.013078 2.000000
-0.051398 -0.022635 0.043257 0.000000
0.585755 -0.070668 -0.061784 0.000000
-0.100441 0.001501 0.016281 0.000000
-0.444610 0.029921 0.040802 0.000000
0.084205 0.047994 -0.367161 1.000000
0.120975 0.029970 0.183119 3.000000
0.184529 0.009082 -0.240895 3.000000
-0.719569 0.014039 0.256804 2.000000
0.430636 -0.096320 0.025329 0.000000
-0.001416 0.039282 0.399217 1.000000
0.428326 -0.050045 -0.072060 0.000000
0.072702 -0.057023 -0.193248 3.000000
-0.678130 -0.006560 -0.151713 2.000000
-0.597804 -0.014309 -0.054180 0.000000
0.789532 -0.000087 0.064145 0.000000
0.104515 0.023087 -0.056995 0.000000
-0.015373 -0.016932 0.182686 3.000000
-0.425864 -0.045593 0.065541 0.000000
-0.460589 -0.096802 0.005909 0.000000
0.542559 -0.065831 -0.065321 0.000000
-0.557544 0.018659 0.007642 2.000000
0.145858 -0.009039 -0.189686 3.000000
0.048060 0.035095 -0.394570 1.000000
0.083796 0.051459 -0.481058 1.000000
0.064833 -0.067515 -0.222101 3.000000
0.099053 -0.032357 0.232355 3.000000
0.706991 -0.049299 0.066046 0.000000
0.055472 0.050448 0.681131 1.000000
0.087213 0.034253 0.399073 1.000000
0.663988 -0.069777 -0.062434 0.000000
0.048614 0.072178 -0.035650 0.000000
-0.041916 0.001983 0.000061 0.000000
-0.720147 -0.006993 -0.034278 0.000000
0.363761 -0.103131 0.002757 0.000000
-0.840397 0.282742 -0.004511 2.000000
-0.737810 0.019309 0.000422 2.000000
0.834821 -0.072448 0.053581 0.000000
0.743545 -0.102673 0.005235 0.000000
-0.705756 -0.000279 -0.035843 0.000000
0.035378 -0.098101 -0.027805 0.000000
-0.071660 -0.000664 0.229660 3.000000
0.703815 -0.081545 0.046843 0.000000
-0.731048 0.018130 -0.295112 2.000000
0.012686 0.055454 -0.619933 1.000000
0.779521 -0.048841 0.066238 0.000000
-0.003871 0.029970 0.065107 1.000000
0.719577 0.014255 0.057118 0.000000
0.015886 0.042194 0.114439 1.000000
0.188500 -0.036472 -0.074779 0.000000
0.014731 0.041978 0.049562 1.000000
0.155171 -0.015729 0.233895 3.000000
0.225944 -0.005886 0.238708 3.000000
0.182364 -0.032550 0.211587 3.000000
-0.554752 -0.020277 0.059091 2.000000
0.045485 0.044721 -0.198494 1.000000
0.106176 0.029151 -0.283393 1.000000
0.047194 0.032544 0.339008 1.000000
0.637758 0.040895 -0.034278 0.000000
-0.106216 -0.075408 0.052016 0.000000
0.099558 0.039595 -0.425565 1.000000
0.097152 -0.064628 0.059885 0.000000
-0.701690 0.057571 -0.009011 2.000000
-0.358868 -0.038421 0.068212 0.000000
0.072822 0.033098 -0.190986 3.000000
0.407269 -0.082459 0.045736 0.000000
0.153294 0.041978 0.047877 0.000000
-0.212653 -0.022635 0.027904 0.000000
0.068563 0.049510 -0.006123 0.000000
-0.486097 0.024555 0.044171 0.000000
0.004793 0.073646 0.026147 0.000000
0.714740 0.019718 -0.059426 0.000000
-0.675291 0.132628 -0.008939 2.000000
-0.031376 0.073358 -0.019094 0.000000
-0.607694 -0.017750 -0.086763 2.000000
0.164917 0.011584 -0.240895 3.000000
0.027076 0.014472 0.233895 3.000000
0.916568 -0.073098 0.050548 0.000000
0.014972 0.030523 0.061835 1.000000
0.268634 -0.101037 0.013995 0.000000
-0.140292 -0.027785 -0.062097 0.000000
-0.179180 0.001838 -0.069677 0.000000
0.569728 -0.092590 -0.039597 0.000000
-0.117623 -0.079692 0.048888 0.000000
0.032467 -0.128158 0.211900 3.000000
0.015140 0.057475 -0.665824 1.000000
0.145810 0.048788 0.003743 0.000000
0.053234 0.028790 -0.279374 1.000000
-0.075823 -0.034210 0.206799 3.000000
0.242789 -0.036208 -0.074803 0.000000
0.183976 -0.027039 -0.046311 0.000000
-0.665569 -0.045857 -0.026554 0.000000
0.192904 -0.027785 -0.075862 0.000000
0.059876 0.046093 0.252810 1.000000
0.659632 0.005496 -0.068233 0.000000
-0.012365 0.037309 -0.193440 1.000000
-0.231038 0.024796 -0.055744 0.000000
0.165543 0.058173 -0.007711 0.000000
0.131780 -0.000568 -0.240895 3.000000
-0.644970 -0.005020 -0.170242 2.000000
0.498281 -0.088475 0.038420 0.000000
-0.019440 0.039667 -0.195462 3.000000
-0.658855 -0.030143 0.034425 0.000000
-0.694831 -0.013130 0.070017 2.000000
-0.651587 0.136839 -0.000829 2.000000
-0.734393 0.015290 0.270377 2.000000
0.872602 -0.103636 0.000085 0.000000
-0.122003 -0.024199 0.050404 0.000000
-0.809329 0.110128 -0.002971 2.000000
-0.015470 -0.061620 -0.067463 0.000000
0.143981 -0.047085 -0.073215 0.000000
0.101700 -0.009424 -0.073720 0.000000
0.007825 0.040798 0.098533 1.000000
0.030758 0.026673 -0.078749 1.000000
0.094384 0.042868 0.195440 1.000000
-0.011090 0.044697 -0.426215 1.000000
-0.094545 -0.079331 0.049153 0.000000
0.176949 -0.067515 0.057768 0.000000
0.055424 0.055430 -0.531882 1.000000
0.023105 0.051098 0.437407 1.000000
0.071547 0.052446 0.703102 1.000000
-0.033590 0.033772 0.167261 1.000000
0.821537 -0.016427 -0.073768 0.000000
0.027413 -0.128567 0.183913 3.000000
-0.554151 -0.016403 -0.071578 2.000000
-0.401294 0.042700 0.024078 0.000000
-0.479479 0.043686 -0.020826 0.000000
-0.064417 0.029970 0.223620 3.000000
-0.051302 -0.036039 0.199050 3.000000
-0.225913 -0.039167 0.068115 0.000000
0.654362 -0.051825 -0.071338 0.000000
-0.012125 0.046670 0.519539 1.000000
-0.770225 0.027346 -0.001623 2.000000
-0.007456 0.029970 -0.092586 1.000000
-0.658999 -0.002084 -0.132846 2.000000
-0.088000 0.065994 0.027976 0.000000
0.023948 0.043590 -0.168293 1.000000
0.058288 0.020464 0.233895 3.000000
-0.515792 0.023665 -0.014401 2.000000
-0.722962 0.015507 -0.304545 2.000000
-0.778647 0.128056 -0.006003 2.000000
-0.541565 -0.079740 -0.018420 0.000000
0.262835 -0.007523 0.067105 0.000000
-0.666844 -0.006368 -0.106640 2.000000
-0.621050 -0.062414 -0.011802 0.000000
-0.205650 -0.096898 -0.030356 0.000000
-0.438714 0.011103 -0.063517 0.000000
-0.708283 0.171203 -0.008217 2.000000
0.128243 0.017889 -0.060773 0.000000
0.039854 0.029970 -0.292537 1.000000
0.504634 0.005472 0.061931 0.000000
-0.654451 -0.020036 0.038420 0.000000
-0.200284 -0.022707 0.032163 0.000000
-0.766711 0.060724 -0.005762 2.000000
-0.017635 -0.038662 -0.072974 0.000000
-0.005507 -0.071630 0.054784 0.000000
0.019207 -0.134871 0.216015 3.000000
-0.009791 0.037068 -0.073407 1.000000
-0.077556 0.022750 0.227157 3.000000
0.041033 0.037983 0.185044 3.000000
-0.638376 -0.007378 0.149357 2.000000
0.020194 0.034879 -0.360423 1.000000
0.113347 0.028165 -0.240895 3.000000
-0.010176 0.030234 -0.138405 1.000000
0.870918 -0.003167 -0.063565 0.000000
0.830177 0.012571 -0.062434 0.000000
-0.551480 -0.033705 0.052859 0.000000
-0.648555 -0.003287 -0.121295 2.000000
-0.081430 -0.001242 -0.235529 3.000000
0.101772 0.018058 0.233895 3.000000
0.059996 0.025566 0.103586 1.000000
-0.334202 -0.065422 -0.065610 0.000000
0.410349 -0.067973 0.057431 0.000000
0.153799 -0.017943 -0.074803 0.000000
-0.050026 0.043349 0.022730 0.000000
-0.717933 0.006410 -0.238032 2.000000
0.176757 -0.017895 -0.189686 3.000000
0.195238 0.023304 0.028096 0.000000
0.153703 -0.022587 0.011492 0.000000
0.081606 0.044384 0.110661 1.000000
0.193529 0.040991 -0.034086 0.000000
-0.020186 0.031197 -0.069918 1.000000
0.233043 0.039692 -0.165405 3.000000
-0.399898 -0.081088 -0.053698 0.000000
0.693130 0.015459 0.056252 0.000000
-0.465907 0.040654 -0.028671 0.000000
0.432922 -0.085780 -0.048019 0.000000
0.026643 0.035601 0.056492 0.000000
-0.070264 -0.026221 -0.193777 3.000000
0.928624 -0.081256 0.042198 0.000000
-0.165246 -0.041237 -0.066934 0.000000
-0.814118 0.314459 -0.004415 2.000000
0.068395 0.042290 0.537178 1.000000
-0.289298 0.040654 0.028506 0.000000
0.076408 0.009731 -0.048356 0.000000
0.105430 0.003234 0.036904 0.000000
0.610349 -0.017389 -0.074731 0.000000
0.014996 0.047825 0.587329 1.000000
0.354496 -0.100580 0.016136 0.000000
-0.175859 -0.022587 -0.015244 0.000000
0.028881 0.056801 0.711019 1.000000
0.742823 -0.018761 0.068597 0.000000
0.010039 -0.038975 0.189304 3.000000
0.022384 0.058486 0.654613 1.000000
0.798869 -0.097596 -0.028888 0.000000
-0.105037 0.049750 -0.004872 0.000000
0.839321 0.010477 0.056877 0.000000
-0.709318 0.135299 -0.008602 2.000000
0.208979 0.049919 -0.003861 0.000000
0.602431 -0.016980 0.068380 0.000000
0.005081 0.040149 -0.433819 1.000000
0.168262 -0.022587 -0.026818 0.000000
0.624065 0.048162 -0.013391 0.000000
0.455566 -0.101759 -0.016423 0.000000
0.856936 -0.102336 -0.013318 0.000000
0.017210 0.043373 0.243641 1.000000
0.874551 -0.096393 0.024800 0.000000
0.914233 -0.110037 -0.001118 0.000000
0.234006 -0.081761 -0.052880 0.000000
-0.153431 -0.069537 0.056324 0.000000
-0.701184 0.007734 -0.253529 2.000000
0.685887 -0.035365 0.068621 0.000000
0.062066 0.020103 -0.189686 3.000000
0.246375 -0.021432 -0.075236 0.000000
0.951654 -0.060296 0.043883 0.000000
-0.010849 0.045948 -0.515181 1.000000
-0.591162 0.039282 -0.006051 0.000000
-0.155813 -0.027135 0.052931 0.000000
-0.547292 -0.024921 0.054615 0.000000
-0.699909 -0.001627 0.145194 2.000000
-0.068700 -0.089294 0.037433 0.000000
-0.733671 0.007349 -0.234085 2.000000
0.034849 -0.013659 0.233895 3.000000
0.900902 -0.058563 -0.064600 0.000000
-0.691246 -0.009809 0.110493 2.000000
-0.311678 -0.006921 -0.073166 0.000000
-0.021510 0.023183 0.233895 3.000000
0.001327 0.045154 0.372458 1.000000
-0.689248 -0.005044 -0.158138 2.000000
-0.015157 0.041954 -0.367787 1.000000
0.194275 0.028453 -0.051845 0.000000
0.489473 0.048860 -0.009661 0.000000
-0.296421 0.033772 -0.045372 0.000000
-0.012630 0.037742 -0.358041 1.000000
-0.241001 -0.093866 0.030551 0.000000
0.090726 0.026745 0.260438 1.000000
0.346338 -0.056638 0.063134 0.000000
-0.081093 0.023015 -0.205472 3.000000
0.040985 0.027996 0.337588 1.000000
-0.103257 -0.015440 -0.229802 3.000000
0.067961 0.048090 0.645829 1.000000
0.042044 0.026240 0.081399 1.000000
0.066036 0.051940 -0.433940 1.000000
-0.687106 -0.015199 0.052907 2.000000
-0.685759 -0.002517 0.033126 0.000000
0.066903 0.004991 0.182686 3.000000
-0.024614 0.031895 0.220756 1.000000
0.901191 -0.000809 -0.051845 0.000000
0.007440 0.049341 -0.007086 0.000000
-0.328379 0.047488 -0.017024 0.000000
0.236942 -0.047566 -0.073046 0.000000
-0.650841 -0.012745 -0.082191 2.000000
-0.101524 0.061831 -0.005305 0.000000
0.910792 -0.139035 0.010602 0.000000
-0.220907 -0.056109 -0.069629 0.000000
0.499051 -0.096537 -0.031126 0.000000
-0.605408 -0.004202 0.100025 2.000000
0.410807 -0.093168 -0.038369 0.000000
-0.772703 0.170361 -0.006725 2.000000
-0.055417 0.024651 -0.191178 3.000000
-0.227068 -0.023911 -0.075549 0.000000
0.782842 -0.093625 -0.037359 0.000000
-0.685278 -0.008582 0.126231 2.000000
0.060959 -0.006055 0.182686 3.000000
0.109737 0.039788 0.055434 0.000000
-0.827787 -0.018328 0.000350 0.000000
0.220939 0.011416 -0.200178 3.000000
0.592300 -0.093529 0.031297 0.000000
-0.056981 -0.026052 -0.061688 0.000000
0.063125 -0.037026 -0.074707 0.000000
-0.158147 -0.094708 0.028770 0.000000
0.518759 0.047536 -0.016687 0.000000
-0.660275 -0.003480 -0.123509 2.000000
0.435882 -0.062293 0.060872 0.000000
-0.163899 -0.094323 -0.035891 0.000000
0.127352 -0.103780 -0.000805 0.000000
0.133152 0.009852 -0.240895 3.000000
-0.689176 0.012499 0.239454 2.000000
-0.205338 -0.070620 0.055506 0.000000
0.206115 0.027154 0.000591 0.000000
0.229193 -0.099208 0.019120 0.000000
0.108197 0.041159 0.222464 3.000000
0.204984 -0.049371 0.066022 0.000000
0.034295 0.052133 0.434568 1.000000
-0.817776 0.300670 -0.005546 2.000000
0.112071 -0.001988 0.064915 0.000000
0.016825 0.027972 0.188510 1.000000
0.021204 -0.019748 0.182686 3.000000
-0.656088 0.035625 -0.011104 2.000000
0.023250 0.045419 0.272157 1.000000
-0.003702 0.042964 -0.341990 1.000000
-0.197950 -0.103371 0.001481 0.000000
-0.059459 0.047440 0.054976 0.000000
0.955359 -0.066023 0.040417 0.000000
-0.077435 0.009033 -0.046527 0.000000
0.216703 -0.015584 -0.206820 3.000000
-0.224180 -0.081328 -0.053434 0.000000
-0.803073 -0.029806 -0.003019 0.000000
-0.023748 -0.051224 0.065276 0.000000
0.227340 0.048643 -0.010768 0.000000
0.739911 -0.103299 -0.008120 0.000000
0.130384 -0.093890 0.030527 0.000000
0.072077 0.025108 -0.151568 1.000000
0.535893 -0.021745 -0.075284 0.000000
0.227195 0.060916 -0.242893 3.000000
0.029651 0.049558 0.644337 1.000000
-0.226514 -0.022587 -0.003067 0.000000
0.343980 0.049173 -0.007904 0.000000
0.168166 0.046935 -0.019936 0.000000
0.040745 0.029031 -0.051124 0.000000
0.022817 -0.154460 -0.226288 3.000000
0.036918 0.028478 -0.262192 1.000000
-0.011643 0.044913 0.427758 1.000000
0.044114 0.044721 0.189592 1.000000
0.031336 0.028309 0.248213 1.000000
-0.678828 0.004245 -0.230836 2.000000
0.419614 0.040341 0.029179 0.000000
-0.594362 0.018154 -0.042845 0.000000
0.120999 0.014352 0.057046 0.000000
0.733678 -0.038903 0.068164 0.000000
-0.137548 -0.036159 -0.074803 0.000000
-0.718053 0.002199 -0.200780 2.000000
-0.116179 0.019862 -0.039645 0.000000
0.364579 -0.052644 0.064722 0.000000
-0.281405 0.017865 0.054495 0.000000
0.223032 -0.076371 0.051319 0.000000
0.025536 0.027274 0.056492 0.000000
-0.498875 -0.038662 -0.066332 0.000000
0.848345 -0.101663 0.010698 0.000000
0.065579 0.047657 -0.303414 1.000000
0.487259 0.042363 0.024848 0.000000
-0.761995 0.020560 -0.323195 2.000000
0.120422 0.071962 -0.012452 0.000000
0.004865 0.040293 0.201023 1.000000
0.793286 -0.101975 -0.015292 0.000000
0.370980 -0.099256 -0.025278 0.000000
0.009581 -0.111962 -0.234277 3.000000
-0.411473 -0.096898 -0.028094 0.000000
-0.786805 0.166583 -0.006027 2.000000
0.025319 0.047296 -0.323580 1.000000
0.068972 0.052734 0.468282 1.000000
0.007560 -0.123441 -0.240534 3.000000
0.181979 0.013245 0.035845 0.000000
0.028039 0.046502 0.584224 1.000000
-0.095965 0.017095 -0.210598 3.000000
0.052681 0.048186 0.315209 1.000000
-0.614721 0.003475 0.042150 0.000000
-0.423938 0.047320 0.006679 0.000000
-0.714179 0.003330 0.183600 2.000000
0.013023 0.041689 -0.154047 1.000000
-0.524889 0.035649 -0.030933 0.000000
0.076577 0.032761 -0.370698 1.000000
0.049504 -0.025956 0.069511 0.000000
0.029964 0.045780 0.250981 1.000000
0.738539 0.047994 -0.014209 0.000000
0.394996 -0.020830 0.068861 0.000000
-0.730759 0.008985 -0.251820 2.000000
0.044354 -0.082796 -0.222101 3.000000
0.164845 -0.022587 0.007786 0.000000
0.106007 -0.022130 -0.075332 0.000000
0.548407 0.001068 0.063688 0.000000
0.030710 0.059136 -0.645802 1.000000
-0.552972 -0.009713 0.052931 2.000000
0.227845 -0.011036 0.067634 0.000000
0.042405 0.044697 -0.083057 1.000000
0.048157 0.050593 -0.685196 1.000000
0.800674 0.038175 -0.040030 0.000000
-0.454548 -0.056614 0.058851 0.000000
-0.224445 0.003956 0.062533 0.000000
0.952592 -0.068333 -0.046623 0.000000
0.114141 0.027346 0.171496 1.000000
0.139529 0.032135 0.184780 3.000000
-0.562838 -0.007691 -0.079808 2.000000
-0.153720 0.005713 0.008821 0.000000
-0.691751 0.065994 -0.009324 2.000000
0.090534 0.032328 -0.372287 1.000000
-0.215998 -0.093697 0.030936 0.000000
-0.427187 -0.096681 -0.025134 0.000000
0.877415 0.021066 -0.041113 0.000000
-0.096134 -0.030769 -0.202849 3.000000
0.009726 -0.022611 0.043233 0.000000
-0.285544 -0.084818 0.042872 0.000000
0.003517 0.047994 0.442220 1.000000
-0.141543 0.018972 -0.026265 0.000000
0.063606 -0.023405 -0.075501 0.000000
-0.698272 0.003739 -0.186028 2.000000
0.163521 0.016927 0.182686 3.000000
-0.680441 0.105171 0.002588 2.000000
-0.710184 0.142831 0.001842 2.000000
0.140828 -0.018520 0.068573 0.000000
0.770208 -0.096681 0.024511 0.000000
-0.014940 -0.022587 0.016786 0.000000
-0.388419 0.025036 0.049249 0.000000
-0.149147 -0.095983 -0.032329 0.000000
0.914763 -0.109123 -0.020995 0.000000
-0.113436 0.003066 0.219504 3.000000
0.054726 0.045178 -0.234663 1.000000
-0.180214 -0.022587 -0.006412 0.000000
0.419013 -0.020181 0.068789 0.000000
-0.088529 -0.007234 -0.233676 3.000000
-0.645523 -0.000905 0.131260 2.000000
-0.593520 -0.054713 0.032500 0.000000
0.557960 -0.064555 -0.066236 0.000000
0.075590 0.051266 0.442653 1.000000
-0.183511 -0.025499 0.045639 0.000000
0.080499 0.044504 0.184539 1.000000
-0.775302 0.189228 0.000037 2.000000
0.438769 0.047512 -0.016856 0.000000
-0.235177 -0.025042 -0.075693 0.000000
-0.731192 -0.027689 0.020011 0.000000
0.068467 0.025518 0.048912 0.000000
-0.038547 0.025421 -0.055287 0.000000
0.943303 -0.085058 -0.037335 0.000000
-0.031545 0.032304 -0.141172 1.000000
-0.032652 -0.000352 -0.189686 3.000000
0.725593 -0.038734 -0.074490 0.000000
0.528313 -0.101542 -0.017602 0.000000
0.578872 -0.017076 0.068380 0.000000
-0.800546 0.247175 -0.006051 2.000000
0.018509 0.027804 -0.094728 1.000000
0.031769 -0.117617 0.194189 3.000000
-0.105807 -0.058587 -0.068666 0.000000
0.027293 0.026961 0.164084 1.000000
-0.168904 0.040389 -0.035409 0.000000
-0.651178 0.126444 0.001385 2.000000
0.747419 0.043662 0.022056 0.000000
0.101652 -0.054713 -0.070207 0.000000
-0.659890 -0.054930 0.000759 0.000000
0.034753 -0.120746 0.215678 3.000000
-0.729532 0.124687 0.001433 2.000000
-0.712807 0.009683 -0.231173 2.000000
0.099799 0.034277 -0.373442 1.000000
0.597209 -0.038109 0.068260 0.000000
0.067480 0.026600 -0.248331 1.000000
-0.134661 0.014207 -0.030669 0.000000
0.006958 0.044889 -0.025712 0.000000
0.009654 0.023953 -0.189686 3.000000
0.388066 -0.083879 0.044003 0.000000
0.063534 -0.089919 0.036663 0.000000
0.753580 -0.089534 -0.043423 0.000000
0.026667 -0.052451 0.064795 0.000000
-0.250916 0.001309 -0.069894 0.000000
0.584407 -0.046291 0.067225 0.000000
0.541958 0.040726 0.028337 0.000000
0.056387 0.044817 0.206558 1.000000
0.369199 -0.101494 -0.017794 0.000000
0.145689 0.027611 0.233895 3.000000
-0.214410 -0.102866 -0.010479 0.000000
-0.694302 0.008865 0.213416 2.000000
-0.691799 0.172070 -0.007880 2.000000
-0.812650 0.156644 -0.004318 2.000000
-0.212485 0.046646 -0.021548 0.000000
-0.797466 0.275065 -0.006099 2.000000
-0.572608 -0.073074 -0.015123 0.000000
-0.076256 0.039956 -0.036324 0.000000
0.086467 0.037935 0.458753 1.000000
-0.558194 0.003547 -0.055407 0.000000
-0.758698 0.165091 0.000543 2.000000
0.016199 0.045130 -0.305749 1.000000
0.026932 0.041809 -0.032353 0.000000
0.240455 0.043542 0.022297 0.000000
0.023659 0.042315 0.498723 1.000000
0.059972 0.025205 0.182686 3.000000
0.070344 -0.069079 -0.191274 3.000000
0.060141 -0.039817 -0.196087 3.000000
0.110435 0.039692 -0.266500 1.000000
0.122010 0.019501 -0.189686 3.000000
-0.044708 0.003258 0.043064 0.000000
-0.670021 0.022221 0.021527 0.000000
0.110507 0.021403 -0.052519 0.000000
0.206163 0.021764 -0.014329 0.000000
0.681098 -0.057095 0.062942 0.000000
0.068924 0.044938 -0.132076 1.000000
0.020699 0.044962 0.542906 1.000000
-0.047957 0.035625 -0.195630 3.000000
0.861942 -0.000279 0.057936 0.000000
0.352017 -0.103275 0.001914 0.000000
0.004022 0.032304 0.278005 1.000000
0.658213 -0.000592 0.064337 0.000000
-0.239100 -0.022587 0.015559 0.000000
-0.011379 0.045948 -0.463106 1.000000
0.531008 0.013052 -0.064311 0.000000
0.551559 -0.030360 -0.075549 0.000000
-0.460179 -0.086983 -0.038442 0.000000
0.590880 0.039306 -0.037720 0.000000
0.879653 0.031534 -0.015869 0.000000
0.189342 -0.032165 -0.218900 3.000000
0.004841 -0.044197 0.067490 0.000000
0.196393 -0.011854 0.067730 0.000000
0.561353 -0.051152 0.065300 0.000000
-0.664390 -0.015536 0.039383 2.000000
0.179500 0.050376 0.006655 0.000000
0.965057 -0.090593 -0.014834 0.000000
0.821128 -0.046291 0.066575 0.000000
-0.727390 0.002440 0.190627 2.000000
0.204262 -0.013828 -0.238802 3.000000
0.339841 -0.102577 -0.012043 0.000000
0.070897 0.025157 -0.070664 1.000000
-0.717885 0.002849 0.203309 2.000000
0.098644 -0.027978 0.182686 3.000000
-0.016793 0.036563 -0.126878 1.000000
-0.560191 -0.023694 -0.059089 0.000000
0.404622 -0.035389 0.068597 0.000000
-0.041146 0.010429 -0.066212 0.000000
0.036052 0.044649 0.138817 1.000000
-0.776626 0.071962 -0.005329 2.000000
-0.007456 0.036948 0.074637 1.000000
-0.655895 0.078700 0.003262 2.000000
-0.597515 -0.002445 -0.119418 2.000000
0.389534 -0.085612 -0.048212 0.000000
-0.168014 0.048355 0.006078 0.000000
-0.566279 0.036371 -0.022800 0.000000
-0.116035 0.005664 -0.205111 3.000000
-0.087230 -0.009111 0.227013 3.000000
0.094192 0.024290 -0.182924 1.000000
-0.297023 0.000755 0.063808 0.000000
-0.672523 -0.009376 -0.131523 2.000000
-0.055152 -0.035750 0.220395 3.000000
0.094071 -0.022587 0.001120 0.000000
0.113539 0.026600 -0.066958 1.000000
-0.439604 -0.063521 -0.063132 0.000000
-0.726789 0.009274 -0.028647 0.000000
0.100424 0.031750 0.330634 1.000000
-0.651876 -0.007042 -0.156213 2.000000
0.974924 -0.069128 0.030310 0.000000
-0.584761 -0.028892 0.048359 0.000000
0.129494 0.033748 -0.237791 3.000000
0.875562 -0.093866 -0.036661 0.000000
-0.755714 -0.014477 0.020227 0.000000
0.925207 -0.133644 0.002660 0.000000
-0.634574 -0.015392 0.094298 2.000000
0.987774 -0.037868 -0.028696 0.000000
0.054052 -0.014405 0.182686 3.000000
-0.326406 -0.002566 0.065132 0.000000
0.159815 0.003691 0.030960 0.000000
-0.733286 0.016951 0.308446 2.000000
0.103264 0.059472 0.052329 0.000000
-0.660732 0.025662 0.019169 0.000000
-0.617464 -0.013611 0.108736 2.000000
0.540441 -0.090521 -0.042244 0.000000
0.086299 -0.102385 -0.013102 0.000000
0.051694 0.044023 0.557681 1.000000
-0.599753 -0.007667 0.072519 2.000000
0.047892 0.036467 0.413295 1.000000
-0.151193 -0.081978 0.046337 0.000000
0.300688 -0.095310 -0.033749 0.000000
-0.704337 0.091767 -0.008866 2.000000
-0.262491 0.018611 -0.060244 0.000000
0.930116 -0.143198 0.010048 0.000000
0.170981 -0.009761 -0.073768 0.000000
-0.571309 -0.054015 0.038588 0.000000
0.195888 -0.041478 0.067827 0.000000
0.023394 -0.021408 -0.075236 0.000000
-0.114591 0.009009 -0.218299 3.000000
-0.698080 -0.001555 0.178378 2.000000
-0.719930 0.000539 0.027062 0.000000
0.193890 -0.095911 0.026147 0.000000
0.517701 0.002151 0.063254 0.000000
-0.640301 -0.011060 0.124402 2.000000
-0.616550 -0.018568 0.074805 2.000000
0.143042 -0.003336 0.233895 3.000000
0.091063 0.044769 -0.279182 1.000000
-0.006061 -0.009785 0.067466 0.000000
0.019664 0.020777 -0.347404 1.000000
-0.006879 -0.133524 0.200999 3.000000
0.220891 0.017913 0.211250 3.000000
-0.596215 -0.031948 0.045543 0.000000
0.649092 -0.101687 -0.016760 0.000000
-0.682558 -0.011686 0.100602 2.000000
-0.007408 0.015507 -0.240895 3.000000
-0.009670 0.056440 0.054062 0.000000
0.709662 -0.097235 -0.029634 0.000000
0.433548 -0.047061 0.066936 0.000000
0.452342 0.043277 0.022899 0.000000
-0.587408 -0.052403 -0.042316 0.000000
-0.039077 0.002007 0.036206 0.000000
0.079416 0.055237 -0.659327 1.000000
0.115104 0.028502 0.215486 1.000000
0.099919 0.024074 -0.084308 1.000000
0.379210 -0.039336 -0.074418 0.000000
-0.058449 -0.021215 0.185453 3.000000
-0.635585 -0.007330 0.082939 2.000000
-0.118441 0.039980 0.029973 0.000000
0.443294 -0.091411 0.034859 0.000000
0.098908 0.042339 0.125100 1.000000
0.309062 0.014977 0.056589 0.000000
0.942726 -0.010194 0.024078 0.000000
0.098812 0.044865 -0.346417 1.000000
0.077972 0.031630 -0.350436 1.000000
0.087020 -0.069007 -0.062987 0.000000
-0.009478 0.037670 0.354915 1.000000
-0.652574 -0.017269 0.072519 2.000000
-0.796648 0.010213 -0.013439 0.000000
0.224957 0.000082 0.199507 3.000000
-0.071323 -0.028603 -0.065394 0.000000
0.233284 -0.011205 0.262676 3.000000
0.009365 -0.146013 0.233943 3.000000
-0.655871 0.071240 -0.010094 2.000000
-0.739182 -0.000761 0.024078 0.000000
0.044330 -0.052860 0.186994 3.000000
-0.027430 -0.037675 0.199603 3.000000
-0.727053 0.210308 0.000783 2.000000
0.013167 0.031293 -0.124977 1.000000
-0.539592 -0.014141 -0.061952 0.000000
-0.001536 0.073598 0.010409 0.000000
-0.450987 -0.096368 0.013177 0.000000
-0.022641 0.042507 0.411659 1.000000
0.018028 0.042555 -0.071867 1.000000
0.487524 -0.032670 0.068958 0.000000
-0.696877 0.011392 0.026027 0.000000
0.015549 0.002584 0.063086 0.000000
0.091881 0.049173 0.468691 1.000000
0.008306 0.022317 0.337588 1.000000
0.004793 0.033820 -0.314484 1.000000
0.880640 0.027106 -0.027974 0.000000
0.355386 -0.017630 0.068452 0.000000
0.930525 -0.012432 0.039142 0.000000
-0.693002 0.011151 0.002901 2.000000
0.028279 0.042555 -0.518069 1.000000
0.854217 0.008721 -0.061423 0.000000
0.596848 -0.053726 -0.070592 0.000000
0.782938 0.011993 0.058754 0.000000
-0.808656 0.012763 -0.008746 0.000000
-0.009766 0.051170 0.595534 1.000000
0.146965 0.013534 0.182686 3.000000
0.143427 -0.030697 -0.061038 0.000000
-0.194100 0.012451 0.058442 0.000000
-0.024927 0.035216 -0.094006 1.000000
0.800192 -0.016691 -0.074634 0.000000
-0.186303 -0.100098 0.017171 0.000000
-0.100995 -0.012769 -0.074153 0.000000
-0.448508 0.046333 0.006824 0.000000
-0.002571 0.029488 -0.170242 1.000000
-0.304050 0.003884 0.062581 0.000000
0.898640 -0.025042 0.060391 0.000000
0.619469 -0.076299 -0.057669 0.000000
0.612370 0.011897 -0.065129 0.000000
-0.077219 0.020825 0.187306 3.000000
-0.059989 0.031750 -0.212475 3.000000
0.028712 -0.036063 -0.194740 3.000000
0.317124 0.010165 -0.066380 0.000000
0.138735 0.038897 -0.038562 0.000000
-0.373572 0.004967 0.062148 0.000000
0.107235 0.007951 0.048335 0.000000
0.005996 0.040486 -0.089506 1.000000
0.969774 -0.015368 0.000182 0.000000
-0.465738 0.034253 0.034137 0.000000
-0.428222 -0.046339 -0.071338 0.000000
-0.652526 0.021186 -0.011489 2.000000
-0.772824 0.011464 0.011540 0.000000
-0.347943 -0.006464 -0.072974 0.000000
-0.516875 0.040534 0.015439 0.000000
0.202217 -0.104165 -0.003476 0.000000
0.085601 0.006603 -0.240895 3.000000
-0.143588 0.027539 -0.052952 0.000000
-0.706310 0.004774 0.225809 2.000000
-0.603868 -0.059213 0.023524 0.000000
-0.108719 -0.046435 -0.073479 0.000000
0.067191 0.058510 -0.650639 1.000000
0.617664 0.030884 -0.048910 0.000000
0.047338 0.056922 0.570243 1.000000
0.764746 -0.086430 0.040923 0.000000
0.756443 -0.100363 -0.022896 0.000000
-0.000333 0.029897 0.043786 0.000000
0.094649 0.047536 0.424389 1.000000
0.910792 0.016373 0.012479 0.000000
-0.675532 0.001935 -0.215844 2.000000
-0.189215 0.019357 0.053388 0.000000
0.266974 -0.101157 -0.019719 0.000000
-0.632047 -0.004515 0.102022 2.000000
0.041587 0.040125 0.524256 1.000000
0.098764 0.069387 0.044027 0.000000
-0.168615 -0.070211 -0.062121 0.000000
-0.326285 -0.094179 -0.036180 0.000000
-0.026876 -0.022587 -0.048813 0.000000
0.989603 -0.059959 0.025618 0.000000
0.923041 -0.120096 0.005404 0.000000
0.032442 0.048884 0.340572 1.000000
-0.114615 0.008841 -0.037888 0.000000
-0.835247 0.308250 -0.001671 2.000000
0.657683 -0.097163 0.023500 0.000000
0.276552 -0.088331 0.038613 0.000000
0.412684 0.003956 -0.068859 0.000000
0.910239 -0.027159 -0.064359 0.000000
0.073617 0.031606 0.339730 1.000000
-0.484027 -0.073531 -0.050714 0.000000
0.056001 -0.040924 0.067899 0.000000
0.849693 -0.057865 -0.067535 0.000000
0.083964 0.045780 0.277837 1.000000
0.131010 0.029248 0.233727 3.000000
0.051381 -0.095791 -0.209852 3.000000
0.210206 -0.022587 -0.025423 0.000000
0.118761 -0.022587 -0.041618 0.000000
-0.309536 -0.102529 -0.012332 0.000000
-0.016529 0.041785 -0.216205 3.000000
0.034777 0.050352 -0.389300 1.000000
0.086563 0.051435 -0.522593 1.000000
0.663964 -0.043932 -0.073816 0.000000
0.029988 -0.026967 0.069656 0.000000
0.165615 -0.034355 0.068741 0.000000
-0.398286 -0.016138 0.068284 0.000000
-0.286747 0.024868 -0.055672 0.000000
0.029675 -0.152222 -0.234013 3.000000
0.004143 0.034855 -0.053795 0.000000
-0.572368 -0.008582 -0.098410 2.000000
0.026547 -0.151019 0.213103 3.000000
-0.584063 0.006820 -0.050907 0.000000
0.048903 0.002392 0.233895 3.000000
0.793093 0.025301 0.049057 0.000000
0.553292 -0.005261 -0.072493 0.000000
0.187802 -0.087032 0.040177 0.000000
-0.482439 -0.094227 0.006414 0.000000
0.008691 -0.132489 -0.223015 3.000000
-0.770899 0.258004 -0.000131 2.000000
0.071595 0.034325 0.389640 1.000000
-0.612940 -0.009809 -0.065490 2.000000
0.397403 -0.075481 -0.058271 0.000000
0.068707 0.051315 0.694944 1.000000
0.060983 0.047849 0.303249 1.000000
0.084542 0.044023 -0.098915 1.000000
-0.107179 -0.014622 0.068091 0.000000
0.113539 -0.008750 -0.189686 3.000000
0.027100 0.058462 -0.638318 1.000000
0.052801 0.025830 -0.116362 1.000000
0.181882 -0.075962 0.051607 0.000000
0.048229 0.050039 -0.002995 0.000000
0.003180 0.048860 0.003310 0.000000
0.696595 0.049077 0.002155 0.000000
0.677560 0.045274 0.018591 0.000000
-0.448797 -0.068574 0.052209 0.000000
-0.227645 -0.085949 0.041500 0.000000
-0.689056 0.001309 0.159753 2.000000
-0.115674 0.037213 0.042222 0.000000
-0.658686 -0.006055 -0.162157 2.000000
0.013576 -0.022587 -0.036685 0.000000
0.698256 -0.005574 -0.072637 0.000000
0.255712 -0.047133 0.066912 0.000000
-0.026684 -0.013058 -0.189686 3.000000
0.077178 0.002921 0.029877 0.000000
0.185444 0.038320 -0.201045 3.000000
-0.077628 -0.022587 0.006342 0.000000
0.220818 0.026191 -0.212427 3.000000
0.109448 0.025518 0.204488 1.000000
0.081125 0.051531 -0.470084 1.000000
-0.210271 -0.031202 0.069126 0.000000
0.515342 -0.077430 0.050548 0.000000
0.118328 0.042459 -0.222630 3.000000
-0.085256 0.019092 0.053581 0.000000
0.224548 0.031919 0.222464 3.000000
0.085528 0.052494 0.551593 1.000000
0.476166 0.033868 -0.045276 0.000000
-0.488383 -0.001651 -0.065562 0.000000
0.266228 -0.040130 -0.074297 0.000000
-0.487444 0.024964 0.007305 2.000000
-0.710810 0.056392 -0.008650 2.000000
-0.216431 -0.022587 -0.000685 0.000000
0.096237 -0.026606 -0.189686 3.000000
0.318760 -0.099064 -0.025736 0.000000
-0.083163 -0.022587 -0.035024 0.000000
0.500519 0.047946 -0.014522 0.000000
0.358876 0.043807 -0.028046 0.000000
-0.033711 -0.022587 -0.015965 0.000000
-0.551768 -0.053101 -0.050113 0.000000
0.068154 -0.023285 -0.054637 0.000000
0.103601 0.073719 0.012238 0.000000
0.848153 -0.092831 -0.038803 0.000000
0.028761 0.071505 -0.037046 0.000000
0.970039 -0.027232 -0.032474 0.000000
-0.784038 0.195316 -0.006412 2.000000
0.032587 0.038801 -0.452614 1.000000
-0.249424 -0.066697 -0.064672 0.000000
0.218171 -0.064459 0.060006 0.000000
-0.058280 0.030667 -0.235986 3.000000
-0.725995 0.183789 -0.007904 2.000000
0.067986 0.046550 0.617072 1.000000
-0.074981 -0.034258 0.222657 3.000000
-0.674978 0.010237 0.240657 2.000000
0.116307 0.040630 -0.034856 0.000000
-0.730543 0.019141 0.321104 2.000000
-0.049497 -0.017822 -0.191443 3.000000
-0.141904 0.001164 0.016642 0.000000
0.091184 0.024411 -0.173491 1.000000
-0.233204 -0.035221 -0.074923 0.000000
0.163208 -0.016764 -0.189686 3.000000
0.472989 -0.073965 -0.059378 0.000000
0.209725 0.011873 -0.237695 3.000000
-0.251421 0.015074 0.056516 0.000000
-0.374606 0.044721 -0.026072 0.000000
-0.006397 0.053504 0.657115 1.000000
0.073328 -0.027111 0.057070 0.000000
-0.019898 0.037068 0.245566 1.000000
0.082978 0.035865 0.426819 1.000000
-0.020499 0.043734 -0.443565 1.000000
-0.704529 -0.038951 0.016401 0.000000
0.677657 -0.089991 0.036591 0.000000
0.914426 -0.131647 -0.003885 3.000000
0.086515 0.045106 -0.271144 1.000000
0.472676 -0.096489 0.024968 0.000000
0.513297 -0.063136 0.060559 0.000000
0.772687 -0.087850 0.039190 0.000000
0.022359 -0.101735 -0.016543 0.000000
0.072317 0.058678 0.691503 1.000000
0.550115 0.048595 -0.011056 0.000000
-0.817896 -0.026798 -0.005907 0.000000
0.251621 0.048499 -0.011610 0.000000
0.833353 -0.077334 -0.056345 0.000000
0.399063 -0.090280 -0.042533 0.000000
-0.073032 0.026312 0.220491 3.000000
-0.068171 -0.010170 -0.193176 3.000000
0.009870 -0.029494 0.060054 0.000000
-0.746281 0.015747 0.278366 2.000000
-0.679406 -0.009231 -0.093525 2.000000
0.029001 0.002440 -0.189686 3.000000
-0.684483 -0.003191 0.151595 2.000000
-0.694542 0.014640 -0.278412 2.000000
-0.153792 0.016349 -0.011417 0.000000
0.895824 -0.100315 0.015896 0.000000
0.075710 0.028574 0.284575 1.000000
-0.823888 0.274006 -0.005257 2.000000
0.061440 0.044865 -0.214930 1.000000
0.836193 0.026432 -0.050426 0.000000
-0.003173 -0.140334 0.183961 3.000000
0.157625 -0.022828 -0.240895 3.000000
0.017210 0.047007 -0.353950 1.000000
0.039710 0.040702 -0.493379 1.000000
0.408472 0.021018 0.052185 0.000000
-0.217827 0.047753 0.009254 0.000000
0.709590 -0.071606 -0.061110 0.000000
-0.003630 0.036732 0.130153 1.000000
-0.280274 -0.050598 0.065541 0.000000
0.368646 -0.061403 0.061233 0.000000
-0.118465 0.014977 0.056589 0.000000
0.368742 0.009202 -0.066765 0.000000
-0.516249 -0.045737 0.054591 0.000000
0.080355 0.066403 -0.045059 0.000000
-0.084029 -0.095069 0.027952 0.000000
0.038242 -0.013467 -0.240895 3.000000
0.031432 0.036371 -0.406169 1.000000
0.074363 0.056079 -0.600176 1.000000
0.092315 -0.011253 0.067658 0.000000
0.038964 0.027876 0.245181 1.000000
-0.087374 0.049125 -0.008169 0.000000
-0.023122 0.040606 0.360618 1.000000
0.231840 0.002151 -0.243927 3.000000
