0.030745 -0.106788 -0.039871 3.000000
0.648451 0.101106 -0.035512 0.000000
-0.030664 -0.061224 0.065819 0.000000
0.150512 -0.063404 0.131946 1.000000
-0.790727 0.064824 -0.029461 0.000000
0.086641 -0.042558 -0.566835 3.000000
0.025412 0.016338 -0.548605 3.000000
0.283074 -0.079557 -0.287200 3.000000
0.005464 -0.013918 -0.395711 1.000000
-0.561269 0.046979 -0.026077 2.000000
0.237818 -0.102352 0.308225 3.000000
0.047463 -0.010789 -0.407915 1.000000
0.037001 -0.086429 -0.023282 3.000000
-0.132765 0.014005 0.483734 1.000000
0.244100 -0.025020 0.142228 1.000000
0.126256 -0.036917 0.075537 0.000000
-0.668216 0.008954 -0.039692 0.000000
0.640964 0.089593 0.031820 0.000000
0.232818 -0.103685 -0.298969 3.000000
-0.007357 0.008287 0.468119 1.000000
0.065078 -0.088942 0.058153 0.000000
0.034207 -0.065096 0.058230 1.000000
0.101590 -0.042686 0.131767 1.000000
-0.821264 0.272231 -0.014025 2.000000
0.258433 -0.095916 -0.331712 3.000000
0.882088 -0.067045 -0.026923 0.000000
0.006105 -0.021507 -0.373916 1.000000
-0.369837 0.085465 -0.013154 0.000000
0.127512 0.041286 -0.080050 0.000000
0.039617 -0.059250 0.149510 1.000000
-0.664883 0.229462 -0.012000 2.000000
-0.215789 -0.085993 0.023025 0.000000
0.413892 0.084798 -0.054127 0.000000
0.027053 -0.130633 -0.068589 0.000000
0.751347 0.085722 0.033358 0.000000
-0.144559 -0.047891 -0.082383 0.000000
0.575427 -0.036404 0.068588 0.000000
0.091718 -0.093685 0.050614 0.000000
0.079872 -0.010841 0.304686 1.000000
-0.573936 0.037876 -0.040820 2.000000
-0.610730 0.036133 -0.026794 2.000000
0.711527 0.107593 -0.011410 0.000000
0.139717 -0.066686 -0.149972 1.000000
0.107744 -0.025943 0.225611 1.000000
0.045591 0.007031 -0.421377 1.000000
0.048309 -0.145941 0.015461 0.000000
0.089513 0.052004 0.054973 0.000000
-0.814547 0.178438 -0.011667 2.000000
0.860191 0.020774 -0.059358 0.000000
-0.303967 -0.063378 -0.062717 0.000000
-0.402324 -0.030763 0.052230 0.000000
-0.732574 0.066542 -0.205432 2.000000
-0.627524 0.043030 -0.080793 2.000000
0.277612 -0.074916 0.263046 3.000000
0.332047 -0.026046 -0.118408 1.000000
-0.043305 -0.091019 0.014769 0.000000
0.575709 0.018672 -0.088819 0.000000
0.001771 0.019518 0.504529 1.000000
-0.112150 0.037210 -0.589938 1.000000
0.727629 0.072747 0.040897 0.000000
0.179435 -0.055942 -0.313917 1.000000
-0.633088 0.042004 -0.050845 0.000000
0.283945 -0.024764 0.123998 1.000000
0.682143 0.024825 -0.084486 0.000000
-0.684729 0.021954 0.024205 0.000000
0.693502 -0.092378 -0.020384 0.000000
0.775962 0.090465 0.024974 0.000000
0.033925 -0.066917 -0.004128 3.000000
0.916113 0.030876 0.017615 0.000000
-0.852648 0.319461 -0.012564 2.000000
0.877908 -0.080686 -0.033025 0.000000
0.559325 -0.009584 -0.091639 0.000000
0.550761 -0.096096 -0.010564 0.000000
0.138410 -0.007866 -0.322943 1.000000
0.947599 -0.027661 -0.038563 0.000000
-0.660062 0.101849 0.002923 2.000000
-0.231711 0.060825 0.653372 1.000000
0.007310 -0.051353 -0.561323 3.000000
0.204767 -0.059660 0.149023 1.000000
0.064693 0.006313 0.401172 1.000000
-0.738497 0.087568 -0.001692 2.000000
0.010361 -0.022123 -0.090921 0.000000
0.531402 0.106695 -0.018974 0.000000
-0.087022 -0.062788 0.055383 0.000000
0.315458 -0.024046 0.086255 1.000000
0.671477 -0.093173 0.002410 0.000000
-0.291839 0.028030 0.067640 0.000000
-0.041997 -0.096378 0.003154 0.000000
0.935625 -0.041968 0.015589 0.000000
0.046283 0.067158 0.042845 0.000000
-0.537398 0.084824 -0.001385 0.000000
-0.061920 0.020056 0.511734 1.000000
-0.204225 0.067235 0.682936 1.000000
-0.706626 0.044056 -0.077768 2.000000
0.229434 -0.051994 0.313250 3.000000
-0.607679 0.078414 0.015461 0.000000
-0.813572 0.216565 -0.013256 2.000000
-0.047766 -0.024251 0.322635 1.000000
0.533505 0.026082 -0.086537 0.000000
0.096616 -0.117403 0.110536 3.000000
-0.046843 -0.009969 0.529092 1.000000
-0.128508 0.031005 0.532092 1.000000
-0.240916 0.091952 -0.779755 1.000000
0.093077 -0.035456 -0.517939 3.000000
0.094282 -0.039302 0.162484 1.000000
-0.355914 -0.057199 0.040281 0.000000
0.013438 -0.013584 0.073383 0.000000
-0.559372 0.082209 0.009718 0.000000
0.615554 -0.040250 0.067409 0.000000
0.293176 -0.061891 -0.315507 3.000000
0.115051 -0.059378 -0.084152 1.000000
0.333252 -0.024482 -0.075050 1.000000
-0.819367 0.044286 0.004487 0.000000
-0.862007 0.308563 -0.011590 2.000000
0.019694 -0.066840 -0.148920 1.000000
0.423558 -0.080327 0.036230 0.000000
0.049950 -0.038789 -0.286584 1.000000
-0.738317 0.262154 -0.003667 2.000000
-0.611473 -0.015328 0.005231 0.000000
-0.816418 0.067312 0.239329 2.000000
0.037950 -0.020225 0.501503 3.000000
0.049078 -0.008713 -0.417402 1.000000
0.033591 -0.062481 -0.109434 1.000000
-0.583884 0.075158 0.022615 0.000000
0.193921 -0.049378 0.213227 1.000000
0.790141 -0.084711 0.005949 0.000000
-0.850879 0.278461 -0.011743 2.000000
-0.644473 0.042594 0.057999 2.000000
0.093667 -0.044353 0.245585 1.000000
0.748757 0.022338 -0.078870 0.000000
-0.161815 0.045645 -0.619552 1.000000
0.073770 -0.014764 0.540169 3.000000
-0.134072 -0.089942 0.017692 0.000000
0.773116 -0.072993 -0.052102 0.000000
-0.788009 0.053312 -0.032179 0.000000
-0.045433 0.022364 -0.498401 1.000000
-0.286992 -0.083993 0.009461 0.000000
0.674553 -0.094788 -0.009769 0.000000
0.847806 0.057850 -0.040410 0.000000
-0.780547 0.270539 -0.015718 2.000000
-0.280685 -0.086557 -0.002026 0.000000
0.388764 -0.100326 -0.019025 0.000000
0.021027 -0.052943 0.206432 1.000000
-0.107714 0.006723 0.458196 1.000000
0.781987 -0.026712 0.058460 0.000000
-0.000613 -0.013841 -0.547528 3.000000
0.141025 -0.034045 0.148279 1.000000
-0.253224 -0.016533 0.071947 0.000000
0.242382 -0.023379 0.210637 1.000000
-0.624166 0.193796 -0.006282 2.000000
0.013745 -0.014046 0.324404 1.000000
-0.077586 0.020620 0.513657 1.000000
-0.780701 0.221668 -0.004051 2.000000
-0.646011 -0.007302 -0.025846 0.000000
0.173178 -0.033815 0.109511 1.000000
0.076411 -0.023071 -0.272585 1.000000
-0.786034 0.241180 -0.016000 2.000000
-0.496886 -0.042097 0.001615 0.000000
-0.044766 0.085106 -0.016513 0.000000
0.269100 -0.062737 -0.284995 3.000000
-0.065509 -0.089839 0.017923 0.000000
0.040514 -0.140864 0.014871 0.000000
0.554966 -0.058840 0.058024 0.000000
0.105641 -0.039225 0.264944 1.000000
0.413302 -0.088275 -0.074845 0.000000
0.466557 -0.089762 -0.036461 0.000000
-0.379016 0.083978 0.005154 0.000000
0.023232 -0.017687 -0.577169 3.000000
0.229818 -0.083583 -0.288020 3.000000
0.194716 -0.005533 0.073563 0.000000
0.246844 -0.024866 -0.150023 1.000000
-0.567603 0.007518 0.040794 0.000000
-0.127354 0.066927 -0.061384 0.000000
0.726937 0.104413 -0.026153 0.000000
-0.468758 -0.047148 0.016359 0.000000
0.614375 0.091593 -0.048230 0.000000
0.856191 -0.011072 0.048794 0.000000
0.823371 -0.074532 0.021974 0.000000
-0.729933 0.195360 -0.018589 2.000000
0.009438 -0.004969 0.505016 3.000000
0.010669 -0.024610 -0.516247 3.000000
-0.233788 0.089593 0.767524 1.000000
0.416481 0.031851 0.066127 0.000000
-0.127124 0.026030 0.068255 0.000000
0.245254 -0.067147 0.322763 3.000000
0.257202 -0.056609 -0.339635 3.000000
0.575581 0.043620 0.060332 0.000000
0.154999 -0.049378 0.304225 3.000000
-0.396349 0.006903 -0.084255 0.000000
0.110026 -0.129274 0.138561 3.000000
-0.557116 0.074440 -0.044307 0.000000
0.083590 -0.053968 -0.086229 1.000000
-0.753650 0.053748 0.117254 2.000000
-0.198969 0.085927 0.745986 1.000000
-0.069663 0.084568 0.002461 0.000000
0.058924 -0.057224 0.512811 3.000000
0.211101 -0.022584 -0.090434 0.000000
0.027796 -0.016482 0.548554 3.000000
0.883806 -0.062096 0.018897 0.000000
-0.231429 0.075850 -0.731191 1.000000
0.758834 0.047594 0.049486 0.000000
-0.200020 0.051876 0.624501 1.000000
-0.217712 0.008005 0.072511 0.000000
0.379508 -0.099454 -0.050794 0.000000
0.236305 -0.058891 0.316558 3.000000
0.135025 -0.035071 0.277200 1.000000
0.522249 0.058594 0.051358 0.000000
0.283279 -0.100172 0.011795 0.000000
0.103282 -0.009251 -0.319225 1.000000
0.375585 0.044517 -0.078076 0.000000
-0.164585 0.079209 -0.041076 0.000000
0.184101 -0.084403 -0.084588 0.000000
-0.790778 0.062363 0.202150 2.000000
0.305817 -0.062994 -0.293302 3.000000
0.822781 -0.026328 -0.071435 0.000000
-0.123124 -0.006533 -0.484452 1.000000
-0.807444 0.059645 -0.180227 2.000000
-0.024331 0.028441 -0.520375 1.000000
-0.312787 0.104978 0.811523 1.000000
-0.454989 -0.051199 -0.019461 0.000000
0.289766 -0.057455 -0.299559 3.000000
0.241639 -0.047507 -0.324712 3.000000
0.240382 -0.026302 -0.111152 1.000000
0.062770 0.005108 -0.408582 1.000000
0.740168 0.100337 0.016948 0.000000
0.128436 -0.065019 0.118690 1.000000
0.113231 -0.091301 0.124074 1.000000
-0.387170 -0.009738 -0.082768 0.000000
-0.742317 0.291589 -0.012590 2.000000
-0.024280 -0.037661 0.261277 1.000000
-0.273736 0.084055 -0.754832 1.000000
-0.068253 -0.085327 0.027615 0.000000
0.583888 0.100465 0.018589 0.000000
-0.003613 -0.002456 0.379352 1.000000
-0.078535 -0.010328 0.386993 1.000000
0.409199 -0.014251 -0.091280 0.000000
-0.071048 0.085157 -0.016051 0.000000
-0.449989 0.001236 0.060281 0.000000
0.104718 -0.021661 -0.091306 0.000000
-0.027997 0.016518 -0.473658 1.000000
-0.058510 0.000262 -0.431607 1.000000
-0.004126 -0.007174 0.360839 1.000000
0.003130 -0.008661 -0.531682 3.000000
0.533043 -0.079557 0.037512 0.000000
0.556761 -0.026661 0.071229 0.000000
0.042309 -0.075737 -0.090665 0.000000
0.230485 -0.075711 -0.104896 1.000000
-0.604730 0.118567 -0.022179 2.000000
0.219177 -0.083993 0.066742 0.000000
0.040360 -0.100454 0.006128 0.000000
0.008104 0.011261 0.477452 1.000000
-0.097765 0.038004 -0.562861 1.000000
-0.553808 0.127849 -0.016461 2.000000
0.280535 -0.054814 -0.337917 3.000000
-0.015049 0.006364 -0.478145 1.000000
-0.128688 0.024620 -0.548067 3.000000
-0.168482 0.066030 0.679679 1.000000
0.091411 -0.052814 0.072281 1.000000
0.200973 -0.026687 -0.164869 1.000000
0.218972 0.092824 -0.015102 0.000000
0.114692 -0.040994 -0.070281 1.000000
-0.659293 0.021005 -0.046845 0.000000
0.220203 -0.064224 0.128177 1.000000
-0.748420 0.060696 -0.142433 2.000000
0.224588 -0.064096 -0.313148 1.000000
0.009335 -0.042584 -0.268226 1.000000
0.243690 -0.027789 0.068947 0.000000
-0.043202 0.028235 -0.519144 1.000000
0.093872 -0.058071 -0.184894 1.000000
-0.713369 0.066030 -0.037512 0.000000
-0.169610 0.062850 0.667449 1.000000
0.065565 -0.010738 -0.407069 1.000000
0.888831 -0.067070 -0.005359 0.000000
0.121820 -0.040866 -0.273354 1.000000
0.857268 0.077747 -0.028282 0.000000
0.989881 -0.008559 0.008513 0.000000
-0.689062 0.083850 -0.015949 0.000000
-0.099663 0.084619 -0.020589 0.000000
0.426250 -0.098865 0.016846 0.000000
0.245023 -0.100121 0.014512 0.000000
0.522915 -0.000918 0.073281 0.000000
-0.782265 0.325102 -0.007641 2.000000
0.379431 0.103080 -0.022512 0.000000
0.277638 -0.079352 -0.348404 3.000000
0.111359 -0.051814 0.214483 1.000000
-0.222019 0.083491 0.744678 1.000000
0.035104 -0.016559 -0.381916 1.000000
-0.157380 0.049286 0.618245 1.000000
0.147999 -0.131326 -0.119511 3.000000
0.212383 -0.018815 0.237431 1.000000
0.877678 0.068081 0.007307 0.000000
0.111282 -0.047584 0.077229 0.000000
-0.221353 0.060953 -0.673808 1.000000
-0.256685 0.055517 -0.070691 0.000000
0.017412 0.085747 -0.007923 0.000000
0.545197 0.105849 -0.022487 0.000000
0.023771 -0.135685 -0.031666 0.000000
-0.747291 0.058184 -0.125895 2.000000
0.229075 -0.073506 0.327789 3.000000
-0.134790 0.063466 -0.664398 1.000000
-0.488963 0.064286 -0.061025 0.000000
0.157512 -0.063045 -0.317481 1.000000
0.779654 -0.080455 -0.039076 0.000000
0.362354 -0.074045 -0.081511 1.000000
0.288304 -0.024123 0.095947 1.000000
0.197896 -0.078147 -0.305712 3.000000
-0.031690 0.036030 0.543938 1.000000
-0.266301 0.084901 -0.765063 1.000000
-0.515296 0.017287 0.052127 0.000000
0.643862 0.101003 0.017410 0.000000
-0.018767 -0.043327 0.536067 3.000000
-0.027279 0.038440 -0.081511 0.000000
0.293586 -0.081045 -0.327353 3.000000
0.800577 -0.031456 -0.072922 0.000000
0.564479 -0.095942 -0.005795 0.000000
0.356739 -0.098301 -0.059614 0.000000
0.016233 -0.016507 -0.330122 1.000000
0.427379 -0.061763 0.071229 0.000000
0.125641 -0.038097 -0.151433 1.000000
0.037950 -0.054301 0.536092 3.000000
0.037309 -0.034276 -0.516401 3.000000
0.676912 -0.001533 -0.089383 0.000000
0.892267 0.027594 -0.045820 0.000000
0.312945 -0.102634 -0.329019 3.000000
0.176845 -0.066070 -0.138844 1.000000
-0.613499 0.044825 0.068896 2.000000
0.207434 -0.055071 0.177176 1.000000
0.856114 -0.034968 0.043922 0.000000
-0.090355 -0.077737 -0.058768 0.000000
0.206306 -0.025969 0.152459 1.000000
0.685579 0.104772 0.007384 0.000000
-0.704959 0.205796 -0.001180 2.000000
-0.344530 -0.075198 -0.002513 0.000000
0.072514 -0.005302 0.333429 1.000000
0.243228 -0.076198 0.089280 1.000000
0.809551 -0.121018 -0.023897 0.000000
0.788628 0.086157 -0.045076 0.000000
-0.749035 0.280102 -0.004718 2.000000
-0.769599 0.295538 -0.005103 2.000000
-0.213532 -0.092198 -0.025512 0.000000
0.097103 -0.007559 -0.329840 1.000000
0.260971 -0.045763 -0.224970 1.000000
0.704194 0.039774 0.059589 0.000000
-0.218609 -0.035558 0.067896 0.000000
0.013515 0.062184 -0.065742 0.000000
0.914831 -0.009277 -0.053563 0.000000
0.807859 0.006595 0.056204 0.000000
-0.676524 0.141515 -0.021077 2.000000
0.026771 -0.029917 -0.275021 1.000000
0.457609 -0.094378 -0.043897 0.000000
-0.759778 0.087568 -0.005590 2.000000
0.212998 -0.094121 -0.303276 3.000000
0.143204 -0.035071 0.138125 1.000000
0.151897 -0.009302 0.297251 1.000000
0.141256 -0.074019 -0.096178 0.000000
0.171871 -0.068840 0.109075 1.000000
0.711963 -0.089480 0.011384 0.000000
-0.760676 0.057953 0.105690 2.000000
0.120102 -0.089865 0.117177 1.000000
-0.684908 0.171694 -0.020051 2.000000
0.065103 -0.050327 -0.520683 3.000000
0.215536 -0.023661 -0.199919 1.000000
0.303919 -0.009943 0.073486 0.000000
-0.202379 0.080106 -0.748883 1.000000
0.254587 -0.046891 0.289687 3.000000
-0.200558 -0.059558 0.056717 0.000000
-0.191533 0.046184 0.596373 1.000000
-0.549911 0.093850 -0.024307 2.000000
-0.096150 0.034364 0.533862 1.000000
0.431404 -0.098813 -0.014000 0.000000
-0.573423 0.048979 -0.060512 0.000000
0.278920 0.031005 -0.084819 0.000000
0.137102 -0.043968 -0.092152 1.000000
0.029078 -0.069609 0.076768 0.000000
-0.157149 -0.033045 0.069614 0.000000
0.038489 -0.100352 -0.028743 0.000000
-0.863828 0.327307 -0.011743 2.000000
0.061565 -0.000200 -0.377660 1.000000
0.004002 -0.144018 -0.034974 0.000000
-0.162046 0.065542 -0.694628 1.000000
0.706809 -0.036251 -0.083306 0.000000
0.090103 -0.051584 -0.232483 1.000000
-0.634319 0.036953 0.011307 2.000000
0.731039 0.077286 -0.056409 0.000000
0.025796 -0.037943 0.548528 3.000000
-0.094586 0.012697 0.071665 0.000000
-0.785675 0.142438 -0.006026 2.000000
0.723604 0.030620 0.061871 0.000000
-0.765830 0.146669 -0.004103 2.000000
-0.712574 0.213001 -0.001487 2.000000
0.200126 -0.024917 0.169740 1.000000
-0.759753 0.060722 0.195586 2.000000
0.149384 -0.058224 0.166638 1.000000
-0.781598 0.052620 -0.119664 2.000000
0.161050 -0.099634 -0.046204 0.000000
-0.614063 0.046415 -0.095280 2.000000
-0.741163 0.047517 0.073486 2.000000
-0.719728 0.041107 0.023974 0.000000
-0.710472 0.052799 0.044999 2.000000
-0.238840 0.076004 0.703910 1.000000
-0.656293 -0.004559 -0.028000 0.000000
-0.686677 0.046261 0.083998 2.000000
0.489352 -0.039507 0.067640 0.000000
0.067257 -0.040891 0.260867 1.000000
-0.154585 0.085542 -0.006000 0.000000
-0.834059 0.235949 -0.007820 2.000000
0.217101 -0.095147 -0.065409 0.000000
-0.244301 0.076619 0.028512 0.000000
0.755603 -0.034533 -0.077845 0.000000
-0.630909 0.036517 -0.028128 2.000000
0.307458 -0.080378 -0.092101 0.000000
0.127461 -0.086993 -0.079024 0.000000
0.260382 -0.059148 -0.150664 1.000000
-0.690575 0.090952 0.002538 2.000000
0.011874 0.078004 -0.043743 0.000000
0.016668 -0.060071 -0.094793 0.000000
0.304766 -0.112582 -0.308687 3.000000
-0.155328 0.082311 -0.031051 0.000000
0.630990 -0.051891 -0.080537 0.000000
0.706399 -0.069917 0.045102 0.000000
-0.828957 0.041774 -0.018179 0.000000
-0.276326 0.077542 -0.044768 0.000000
0.060180 -0.098660 -0.050871 0.000000
0.015412 -0.058455 -0.146433 1.000000
-0.090714 0.010236 0.457299 1.000000
-0.726292 0.045415 0.055153 2.000000
-0.776778 0.046697 -0.054409 2.000000
-0.480399 0.081952 -0.031589 0.000000
-0.044151 0.007826 0.461478 1.000000
-0.551680 -0.021917 0.024230 0.000000
-0.654550 0.074491 -0.035769 0.000000
0.276587 -0.068301 0.328968 3.000000
-0.618345 0.166002 -0.018384 2.000000
-0.363299 -0.068224 -0.043179 0.000000
0.196024 -0.066891 0.307738 3.000000
-0.067125 -0.018225 0.355685 1.000000
-0.660191 0.093439 -0.023128 2.000000
-0.093970 -0.000328 0.467965 1.000000
-0.150277 0.036799 0.556066 1.000000
-0.017177 0.010082 -0.552733 3.000000
0.132897 -0.035122 -0.165202 1.000000
0.427404 -0.011174 0.073229 0.000000
-0.264942 0.098183 0.794498 1.000000
0.969317 -0.036661 -0.001744 0.000000
-0.602474 0.084850 -0.010487 0.000000
-0.117124 -0.080301 0.036281 0.000000
0.439327 -0.062250 0.055794 0.000000
-0.754317 0.066542 0.227996 2.000000
0.569017 0.065081 -0.065819 0.000000
-0.574602 0.115439 0.001487 2.000000
0.082513 -0.066660 -0.123562 1.000000
-0.786880 0.056286 0.101203 2.000000
0.015720 -0.079839 0.139664 1.000000
-0.025356 0.083183 0.008795 0.000000
0.254228 -0.071455 0.329583 3.000000
0.043976 -0.023584 0.272636 1.000000
0.187537 -0.074763 -0.098639 1.000000
0.019694 -0.026456 -0.088716 0.000000
0.143999 -0.039712 0.102767 1.000000
0.258972 -0.075634 0.091178 1.000000
0.049668 0.023338 0.069076 0.000000
-0.688882 0.062158 -0.168740 2.000000
0.655502 -0.020994 -0.089409 0.000000
0.035976 -0.031661 0.299866 1.000000
0.923549 -0.015482 0.032897 0.000000
0.978676 0.002056 -0.030051 0.000000
0.095436 -0.001533 0.349686 1.000000
0.035873 -0.082711 0.029743 0.000000
0.066283 -0.007969 0.499478 3.000000
0.056745 -0.050455 -0.145587 1.000000
0.215998 -0.020943 0.073204 0.000000
-0.055561 0.029697 0.510349 1.000000
-0.746138 0.061517 -0.222047 2.000000
0.075154 -0.031225 -0.240303 1.000000
-0.622935 0.053773 -0.105665 2.000000
-0.749548 0.095593 -0.003077 2.000000
0.290073 -0.038148 0.186022 1.000000
-0.347837 -0.072968 -0.024461 0.000000
-0.774214 0.055902 -0.113665 2.000000
-0.656242 0.055568 -0.094742 2.000000
-0.692010 0.137515 0.000641 2.000000
0.235972 -0.067276 -0.135177 1.000000
-0.592294 0.084798 -0.026333 2.000000
-0.024485 -0.004508 -0.550579 3.000000
-0.159149 -0.032199 -0.088178 0.000000
-0.640934 0.083414 -0.017256 0.000000
-0.170072 0.037081 -0.579220 1.000000
0.005335 -0.015584 -0.381454 1.000000
-0.745599 0.165720 -0.009359 2.000000
0.483762 -0.095942 -0.012615 0.000000
0.393841 -0.053840 -0.079332 0.000000
-0.199327 0.058389 -0.666218 1.000000
0.108359 -0.044738 0.242867 1.000000
-0.633268 0.054979 0.096921 2.000000
0.053873 -0.051481 -0.522554 3.000000
0.065514 -0.007456 -0.091819 0.000000
-0.461246 -0.050148 -0.003590 0.000000
-0.296377 0.019005 0.070409 0.000000
-0.500322 0.097337 -0.006128 2.000000
0.023643 -0.030840 -0.514657 3.000000
0.071719 0.020389 -0.088280 0.000000
0.294458 -0.105018 0.307404 3.000000
-0.244224 -0.014687 0.072460 0.000000
0.047719 -0.049173 0.552451 3.000000
0.664502 0.089388 0.032025 0.000000
-0.338915 -0.018610 0.067050 0.000000
0.130641 -0.060789 0.148330 1.000000
-0.437554 -0.011713 0.057845 0.000000
-0.241301 0.027800 -0.086024 0.000000
0.525069 -0.046353 -0.083075 0.000000
-0.386606 -0.062635 0.028563 0.000000
-0.684164 0.002210 -0.029692 0.000000
0.150307 -0.025123 -0.329276 1.000000
-0.135047 0.059927 0.633680 1.000000
0.453917 -0.096967 0.010179 0.000000
0.009592 0.004851 -0.419197 1.000000
0.763167 0.006005 -0.080717 0.000000
-0.737010 0.054363 0.145613 2.000000
0.809064 0.026492 -0.068460 0.000000
0.078872 -0.076455 0.134459 1.000000
0.275074 -0.076583 0.087255 1.000000
0.248100 0.034261 0.065050 0.000000
0.621016 0.070594 0.044230 0.000000
-0.492578 0.073312 -0.050409 0.000000
0.113308 -0.115198 0.125305 1.000000
0.022591 -0.037584 -0.569989 3.000000
0.462609 0.009902 0.072178 0.000000
0.012130 -0.062506 -0.244329 1.000000
0.060770 -0.016687 -0.379788 1.000000
0.133564 -0.058814 -0.135357 1.000000
-0.119867 0.056799 0.645911 1.000000
0.601914 0.104337 0.008641 0.000000
0.042386 -0.065994 0.101357 1.000000
0.024104 -0.006123 -0.520759 3.000000
0.359329 0.018441 0.070563 0.000000
0.014258 -0.045096 0.207791 1.000000
0.293432 -0.092583 -0.323250 3.000000
-0.054843 0.001697 -0.091409 0.000000
0.058975 0.064414 -0.063948 0.000000
0.626324 0.033338 0.065460 0.000000
0.090359 -0.033097 -0.223586 1.000000
0.158384 -0.008841 -0.326789 1.000000
-0.306915 0.104055 -0.825292 1.000000
-0.178430 0.072542 0.704448 1.000000
0.287612 0.068824 0.043486 0.000000
-0.132995 -0.094403 -0.023025 0.000000
0.166281 -0.061199 0.143279 1.000000
0.600939 -0.095147 -0.020718 0.000000
0.328124 -0.040122 0.139228 1.000000
-0.095611 0.002544 0.446453 1.000000
-0.475989 0.010005 -0.076076 0.000000
-0.769778 0.123285 -0.016256 2.000000
0.005335 -0.044584 0.553707 3.000000
0.269792 0.023338 -0.087383 0.000000
0.270946 -0.100224 -0.025923 0.000000
-0.055458 0.043517 -0.595245 1.000000
0.768552 0.037158 0.052563 0.000000
0.335842 -0.025584 -0.110152 1.000000
-0.066868 -0.024943 -0.372762 1.000000
-0.637550 0.141797 0.001513 2.000000
-0.807367 0.299923 -0.014436 2.000000
-0.597987 0.039312 -0.052538 2.000000
0.015720 -0.028840 0.553989 3.000000
-0.276223 0.081132 0.728704 1.000000
-0.346376 -0.041763 0.053666 0.000000
-0.000177 0.007082 -0.090998 0.000000
0.321073 -0.024635 0.094998 1.000000
-0.059407 0.032466 0.554784 1.000000
0.117795 -0.027687 0.296815 3.000000
-0.678857 0.053979 -0.072101 2.000000
0.040976 -0.095557 0.047820 0.000000
0.189460 -0.075737 0.070024 1.000000
0.604503 0.074773 -0.060025 0.000000
-0.801367 0.059491 0.133613 2.000000
0.036155 -0.004405 -0.367583 1.000000
0.527607 0.104131 -0.027487 0.000000
-0.260044 0.017800 -0.089050 0.000000
-0.262762 0.091491 0.762242 1.000000
0.254356 -0.024610 -0.139715 1.000000
0.182178 -0.053430 0.199176 1.000000
0.423866 -0.054301 -0.090947 0.000000
0.018950 -0.006251 -0.530528 3.000000
-0.663216 0.163848 -0.020307 2.000000
0.382379 0.080440 0.038409 0.000000
0.785013 0.058799 0.040948 0.000000
0.375123 0.033312 -0.083793 0.000000
0.358252 -0.019251 -0.091870 0.000000
0.417661 -0.076891 -0.059948 0.000000
0.592709 -0.011354 -0.091537 0.000000
0.078231 -0.067558 0.214919 1.000000
-0.123047 -0.008943 0.459273 1.000000
-0.724779 0.064363 -0.180253 2.000000
-0.592858 0.036235 -0.027974 2.000000
0.080077 0.053594 0.053794 0.000000
-0.795624 0.164412 -0.006462 2.000000
-0.027331 0.077235 -0.045435 0.000000
0.047668 -0.060506 -0.049691 0.000000
0.785756 -0.006097 -0.078717 0.000000
-0.806367 0.060158 0.167304 2.000000
-0.341991 0.071286 0.037589 0.000000
0.808064 0.040645 -0.061717 0.000000
-0.465117 0.019979 -0.079511 0.000000
-0.059792 -0.084019 -0.051102 0.000000
0.072206 -0.061301 -0.154561 1.000000
-0.512039 -0.039507 -0.008538 0.000000
0.053052 0.043261 -0.078845 0.000000
0.511121 0.107413 -0.012949 0.000000
0.014951 -0.132813 0.031666 0.000000
-0.174072 0.025005 -0.086819 0.000000
0.102154 0.046056 -0.077152 0.000000
-0.048125 -0.004174 0.392659 1.000000
-0.642191 0.002031 0.023410 0.000000
0.337457 -0.032225 0.122459 1.000000
-0.024100 -0.006584 0.414966 1.000000
0.016233 -0.052122 0.163894 1.000000
0.632734 -0.045866 0.064973 0.000000
-0.522270 0.080850 0.015307 0.000000
0.030950 -0.098942 -0.054922 0.000000
0.136948 -0.140787 -0.158407 3.000000
0.179153 -0.100301 -0.021025 0.000000
0.755372 0.080952 -0.053486 0.000000
0.095026 -0.046122 0.499478 3.000000
-0.277454 0.054312 -0.071563 0.000000
-0.539142 0.082773 -0.026359 0.000000
-0.079073 0.015133 -0.089537 0.000000
0.391584 0.092824 -0.045615 0.000000
0.529120 -0.075275 -0.061871 0.000000
0.633118 -0.085634 0.027076 0.000000
-0.680241 0.013184 -0.039204 0.000000
0.199639 -0.048302 -0.231996 1.000000
0.254741 -0.051353 0.180843 1.000000
-0.650139 0.063594 0.026846 0.000000
-0.122867 -0.076173 -0.060794 0.000000
0.095616 -0.043686 -0.264636 1.000000
0.612298 -0.090044 -0.035640 0.000000
0.758706 0.019082 -0.078332 0.000000
0.559684 0.082106 0.037409 0.000000
-0.195661 -0.085224 -0.045256 0.000000
-0.025562 -0.018507 0.520887 3.000000
-0.248788 0.080209 -0.038256 0.000000
0.120461 -0.057942 0.118049 1.000000
0.173178 -0.027763 -0.181894 1.000000
0.072744 -0.007584 -0.529246 3.000000
0.503710 -0.065224 -0.071742 0.000000
0.269407 -0.106839 0.278251 3.000000
-0.656755 0.037697 -0.035717 2.000000
0.630503 -0.090480 0.016128 0.000000
-0.042074 -0.037097 -0.079127 0.000000
-0.738651 0.047491 -0.031435 2.000000
0.187793 -0.076198 0.060358 1.000000
-0.782368 0.072670 0.246482 2.000000
0.082488 -0.062455 0.132382 1.000000
0.744219 -0.017174 -0.083665 0.000000
-0.436067 -0.048507 0.030871 0.000000
0.573735 -0.095480 0.000846 0.000000
-0.189353 0.006774 0.072742 0.000000
0.088667 -0.010995 -0.572630 3.000000
0.399302 0.102362 0.008872 0.000000
-0.050100 -0.077301 0.041153 0.000000
0.892959 -0.055507 0.021538 0.000000
-0.043920 0.027389 0.535015 1.000000
-0.000177 -0.039917 0.262969 1.000000
-0.234378 -0.085506 -0.039204 0.000000
0.292791 -0.104531 -0.304584 3.000000
0.289715 -0.028712 -0.189407 1.000000
0.036822 -0.089352 0.005923 0.000000
-0.570218 0.067440 -0.051717 0.000000
-0.282787 0.047338 -0.076383 0.000000
-0.001972 -0.054789 -0.540990 3.000000
-0.188687 0.064542 -0.690141 1.000000
0.030181 -0.006200 0.347250 1.000000
0.181152 -0.012738 -0.306840 1.000000
-0.787932 0.061440 -0.214586 2.000000
-0.178533 -0.095224 0.002231 0.000000
-0.056074 0.084465 0.003000 0.000000
0.393200 -0.053917 0.075434 1.000000
0.259638 -0.061891 -0.331660 3.000000
0.086565 -0.035302 0.200458 1.000000
-0.484194 0.022646 0.058383 0.000000
-0.750958 0.067722 0.192842 2.000000
0.039668 0.005415 0.525272 3.000000
0.445378 -0.094249 -0.053820 0.000000
0.843140 -0.091147 0.015410 0.000000
-0.062535 0.074055 0.033640 0.000000
0.098718 -0.024764 -0.340071 1.000000
-0.638883 0.031825 0.033512 0.000000
0.038335 -0.043943 0.536733 3.000000
0.193280 -0.015148 -0.281456 1.000000
-0.195840 0.066158 0.662987 1.000000
-0.112534 -0.009020 0.459504 1.000000
0.366713 -0.054096 0.102254 1.000000
0.475916 -0.082788 -0.060025 0.000000
0.234203 -0.036353 0.292379 3.000000
-0.266608 -0.067147 -0.062460 0.000000
-0.326479 0.105337 -0.831625 1.000000
0.053078 -0.059814 -0.076717 1.000000
0.228613 0.085927 0.023666 0.000000
0.036950 -0.100070 -0.040281 0.000000
-0.657703 -0.004482 0.008307 0.000000
-0.526808 -0.034020 -0.034333 0.000000
-0.116791 0.047415 -0.599630 1.000000
-0.809957 0.058671 0.008846 0.000000
-0.194046 0.046902 -0.620732 1.000000
-0.049484 0.024851 0.491632 1.000000
0.069898 -0.057071 -0.559707 3.000000
0.127307 -0.043148 0.097562 1.000000
0.000130 -0.050635 0.213150 1.000000
-0.391837 0.051312 0.055178 0.000000
0.313894 -0.012789 -0.091742 0.000000
0.261356 -0.060917 0.129254 1.000000
-0.753753 0.074850 -0.028435 0.000000
0.552838 0.010082 -0.090434 0.000000
0.470019 0.031517 0.066281 0.000000
0.770270 -0.074275 0.032769 0.000000
-0.805983 0.053953 0.091357 2.000000
0.241741 -0.045584 -0.230560 1.000000
-0.010870 0.085722 -0.010590 0.000000
-0.456605 0.054312 -0.070614 0.000000
0.357841 -0.087403 0.061281 0.000000
-0.727471 0.095003 -0.014205 2.000000
0.872575 -0.060583 0.024794 0.000000
0.294791 -0.054019 -0.165920 1.000000
-0.048048 -0.091403 -0.045435 0.000000
-0.249327 -0.063737 -0.067614 0.000000
-0.787060 0.071183 0.009077 0.000000
0.468583 -0.096044 -0.016718 0.000000
-0.023844 0.027518 0.525323 1.000000
0.302535 -0.086814 0.322173 3.000000
-0.570859 0.049107 0.040768 2.000000
-0.792624 0.071978 0.233483 2.000000
-0.794855 0.270974 -0.015513 2.000000
-0.302967 0.068337 -0.059332 0.000000
0.127666 -0.119044 -0.128690 3.000000
0.054206 -0.019405 -0.299584 1.000000
0.071360 -0.037763 -0.290379 1.000000
0.027386 -0.023276 0.555989 3.000000
-0.460758 0.084978 -0.000564 0.000000
0.160614 0.073645 -0.052614 0.000000
0.622298 0.015466 0.071178 0.000000
0.010848 -0.024994 0.504862 3.000000
0.482429 -0.089019 -0.039974 0.000000
0.932677 -0.010072 -0.048486 0.000000
0.227741 -0.091634 0.271559 3.000000
0.137743 -0.069814 0.095460 1.000000
-0.131611 -0.070327 0.049409 0.000000
0.467711 -0.016328 -0.091229 0.000000
-0.040382 -0.056250 0.219893 1.000000
0.013874 -0.053866 -0.207201 1.000000
0.046770 -0.041558 -0.274303 1.000000
-0.663473 0.058491 -0.130562 2.000000
0.066924 -0.028712 -0.092050 0.000000
-0.017280 -0.091352 0.045255 0.000000
0.083180 0.053491 -0.072178 0.000000
0.382533 -0.034635 -0.090537 1.000000
0.073334 -0.035738 0.527785 3.000000
0.330150 -0.024456 0.076614 1.000000
0.025591 -0.008533 0.403300 1.000000
0.232485 -0.032917 -0.265867 1.000000
-0.381914 -0.065506 0.010795 0.000000
-0.113586 0.016800 -0.513939 1.000000
0.010028 0.011954 -0.448504 1.000000
0.091180 -0.006943 0.399659 1.000000
-0.134329 0.078029 0.025384 0.000000
0.238536 -0.096403 -0.333840 3.000000
-0.748189 0.055004 0.147561 2.000000
0.848037 -0.071301 -0.033666 0.000000
0.021104 -0.036866 0.504811 3.000000
-0.056869 0.005441 -0.447735 1.000000
0.467275 -0.095326 0.009359 0.000000
0.732911 -0.031199 0.063768 0.000000
-0.141918 0.066722 -0.697192 1.000000
-0.627319 0.051543 -0.115024 2.000000
0.383149 0.072260 0.043255 0.000000
-0.531501 -0.014123 -0.055973 0.000000
0.020386 -0.032328 -0.313071 1.000000
0.708835 -0.083250 0.025692 0.000000
-0.023946 -0.018174 -0.532169 3.000000
0.003669 -0.028763 0.310686 1.000000
0.015771 -0.035302 0.284712 1.000000
0.219075 -0.085968 0.319558 3.000000
0.074231 -0.025251 0.553015 3.000000
0.168281 -0.010943 0.295405 1.000000
-0.597474 0.101465 0.003769 2.000000
0.101564 -0.033661 -0.303840 1.000000
-0.146534 0.053876 0.635219 1.000000
-0.032074 -0.096352 0.019820 0.000000
0.634811 0.004441 0.072896 0.000000
0.047258 -0.124351 -0.031897 0.000000
0.037565 -0.023815 -0.513170 3.000000
0.004976 -0.046609 -0.537041 3.000000
-0.466707 0.033184 0.060460 0.000000
0.699784 0.069183 -0.062409 0.000000
0.036232 -0.127018 -0.069024 0.000000
0.482070 0.091542 -0.047974 0.000000
-0.434631 -0.054917 -0.030461 0.000000
-0.232122 -0.073378 0.040871 0.000000
0.221408 -0.035379 -0.320994 1.000000
0.067437 -0.057789 0.541272 3.000000
-0.007434 -0.037712 -0.288687 1.000000
0.089206 -0.006866 0.319737 1.000000
-0.549039 0.011518 0.045332 0.000000
0.105282 -0.060019 0.224560 1.000000
-0.091073 0.048389 0.613040 1.000000
0.140461 -0.100685 -0.015641 0.000000
0.607042 -0.032533 0.069768 0.000000
0.064206 -0.052019 -0.567246 3.000000
0.801859 0.048132 0.027615 0.000000
-0.121662 0.061337 -0.675269 1.000000
0.799166 0.071004 -0.031487 0.000000
0.029514 -0.111275 -0.052076 3.000000
0.034489 -0.050250 0.037999 0.000000
0.173127 -0.058994 0.157894 1.000000
-0.210738 0.083055 0.009307 0.000000
-0.310274 0.016390 -0.089306 0.000000
-0.168431 0.036799 -0.082229 0.000000
0.371149 -0.038456 0.092793 1.000000
-0.037613 -0.034353 0.069434 0.000000
0.857499 0.047491 0.024384 0.000000
0.005181 -0.004431 0.422812 1.000000
-0.016434 -0.079045 0.061896 0.000000
-0.132893 0.047081 -0.625988 1.000000
0.108590 -0.039686 -0.279328 1.000000
-0.088996 -0.088737 -0.039179 0.000000
0.202973 -0.100095 -0.036281 0.000000
0.048642 -0.027917 -0.090204 0.000000
-0.824393 0.073183 -0.267841 2.000000
0.194204 -0.098711 0.037333 0.000000
0.059052 -0.069250 -0.237970 1.000000
-0.171097 -0.082583 -0.050897 0.000000
0.186537 0.037748 -0.081819 0.000000
-0.687677 0.060799 -0.149997 2.000000
0.038104 0.011979 -0.447171 1.000000
0.016386 -0.100070 0.017282 0.000000
-0.574372 0.131208 -0.000615 2.000000
0.188845 0.054645 0.053025 0.000000
-0.559987 0.016082 0.044230 0.000000
0.756347 0.103465 0.009128 0.000000
0.342842 -0.069070 -0.112588 1.000000
-0.587423 0.037235 0.015794 2.000000
-0.710549 0.043851 0.022051 0.000000
0.423302 0.101080 -0.031512 0.000000
0.258151 -0.079224 -0.306046 3.000000
-0.003229 -0.047584 -0.240047 1.000000
-0.544629 0.068106 -0.053384 0.000000
0.117410 -0.109993 0.116049 1.000000
-0.040946 -0.014200 0.377172 1.000000
0.147102 -0.042250 -0.090845 1.000000
0.063950 0.046850 -0.076665 0.000000
-0.314274 0.083850 0.005743 0.000000
0.076257 -0.096454 -0.064563 0.000000
-0.054894 0.010031 -0.461402 1.000000
-0.053971 0.017287 -0.483914 1.000000
-0.747112 0.238719 -0.002564 2.000000
0.239792 -0.025199 -0.130844 1.000000
-0.346196 0.022338 -0.086691 0.000000
-0.502450 0.047543 -0.069204 0.000000
0.596401 -0.043635 -0.084281 0.000000
-0.800547 0.052004 0.075204 2.000000
0.258125 -0.106429 0.314661 3.000000
-0.774855 0.050517 -0.100537 2.000000
-0.686139 0.123721 -0.020897 2.000000
0.406507 -0.099506 -0.049486 0.000000
0.233228 -0.022174 -0.250662 1.000000
0.083667 -0.046250 0.128869 1.000000
0.403764 0.089645 -0.049332 0.000000
-0.107637 0.026518 0.068101 0.000000
-0.141867 -0.005995 -0.477581 1.000000
-0.011357 -0.039353 0.246175 1.000000
0.027437 0.006979 -0.551323 3.000000
-0.316915 0.076235 -0.047692 0.000000
0.012284 -0.138992 -0.061435 0.000000
0.170717 -0.038609 0.255021 1.000000
-0.597679 0.037748 -0.040871 2.000000
-0.017818 -0.039533 0.517477 3.000000
0.555094 0.028979 0.067358 0.000000
0.246946 -0.082968 0.324737 3.000000
0.237305 -0.089762 0.327301 3.000000
-0.278531 0.091901 -0.782985 1.000000
0.878396 -0.050507 0.030333 0.000000
0.040027 0.001313 0.539887 3.000000
-0.746189 0.025056 0.015769 0.000000
0.164666 -0.093531 0.050358 0.000000
-0.735933 0.041851 0.023051 2.000000
0.002771 -0.054609 0.165740 1.000000
-0.606012 0.050363 -0.091255 2.000000
-0.820264 0.233334 -0.006744 2.000000
0.289586 -0.088326 -0.078563 0.000000
-0.023433 -0.071224 0.063819 0.000000
-0.671011 0.046056 0.083896 2.000000
0.999881 -0.007123 -0.013718 0.000000
0.292407 -0.069583 0.273764 3.000000
-0.648627 0.051158 0.025564 2.000000
-0.033177 -0.029533 -0.386198 1.000000
0.136487 -0.005687 0.352224 1.000000
-0.634140 -0.009943 0.008051 0.000000
0.216742 -0.052507 0.294789 3.000000
-0.787701 0.299282 -0.014487 2.000000
0.303253 -0.047250 0.302199 3.000000
-0.108278 -0.065583 0.053178 0.000000
-0.635806 0.053850 -0.081332 2.000000
-0.700626 0.039389 -0.031538 2.000000
0.277279 -0.110480 0.283584 3.000000
-0.186379 0.066953 0.663526 1.000000
-0.611243 0.062927 -0.050999 0.000000
-0.056407 -0.018712 0.345891 1.000000
0.009540 0.005313 0.537349 3.000000
-0.053279 -0.014661 -0.391531 1.000000
-0.062202 0.041799 0.585220 1.000000
-0.272275 -0.024020 0.069922 0.000000
-0.254147 0.087927 0.748293 1.000000
-0.712574 0.105208 -0.009205 2.000000
-0.080407 0.034825 0.564040 1.000000
0.266356 -0.111403 0.290071 3.000000
0.040745 -0.106890 0.033820 3.000000
-0.011357 0.014749 0.491042 1.000000
-0.382529 -0.065558 -0.025718 0.000000
-0.557654 0.141772 -0.010846 2.000000
0.475711 0.026159 -0.086511 0.000000
0.643964 0.051107 0.055537 0.000000
-0.334556 -0.051917 -0.066768 0.000000
0.224049 -0.024020 0.177279 1.000000
0.205793 -0.031251 -0.096716 1.000000
-0.028408 -0.088096 -0.040820 0.000000
-0.765676 0.052927 0.116459 2.000000
-0.239096 0.083747 0.745806 1.000000
-0.043818 0.010646 0.477529 1.000000
-0.801316 0.056235 -0.126408 2.000000
0.073437 -0.004354 -0.548990 3.000000
0.005181 -0.007251 -0.426377 1.000000
-0.210866 0.053825 0.630629 1.000000
-0.142380 -0.076660 0.041922 0.000000
-0.038613 -0.024507 0.525605 3.000000
0.092180 -0.120275 -0.157484 1.000000
-0.733138 0.046466 0.067896 2.000000
0.007438 -0.037815 0.068281 0.000000
0.384251 -0.099121 0.034999 0.000000
0.581376 0.057235 0.052153 0.000000
-0.755496 0.234155 -0.002821 2.000000
0.142538 -0.023533 -0.235098 1.000000
-0.798855 0.063978 -0.235098 2.000000
0.101436 0.078106 0.025230 0.000000
0.305560 0.078106 0.037615 0.000000
0.080488 -0.043276 -0.522067 3.000000
-0.532090 0.009902 -0.066204 0.000000
0.293176 -0.100249 0.296533 3.000000
-0.006562 -0.026815 0.368172 1.000000
-0.342709 0.072183 -0.054717 0.000000
-0.063535 0.036158 -0.551656 1.000000
0.081026 -0.028738 0.499965 3.000000
0.845883 -0.067660 -0.043410 0.000000
0.109308 -0.077096 -0.158356 1.000000
0.313535 0.101080 -0.019154 0.000000
0.114461 -0.099070 0.029845 0.000000
0.646836 0.061414 0.049358 0.000000
0.054463 -0.060378 0.526862 3.000000
0.610426 -0.056942 -0.077460 0.000000
-0.050433 0.066748 -0.061589 0.000000
-0.210020 0.055620 0.052307 0.000000
-0.656703 0.188361 -0.000795 2.000000
0.362354 -0.088352 -0.078204 0.000000
0.208255 -0.100224 -0.024512 0.000000
0.808166 -0.048455 -0.064127 0.000000
-0.063561 0.008185 -0.482324 1.000000
-0.621525 0.041594 -0.070050 2.000000
-0.080381 0.045158 -0.617578 1.000000
-0.025664 -0.018200 0.355429 1.000000
-0.021818 -0.036302 -0.292841 1.000000
-0.349222 0.034594 -0.082845 0.000000
-0.012357 -0.016225 -0.377403 1.000000
0.519685 -0.095480 -0.019051 0.000000
0.768218 -0.018764 -0.080229 0.000000
0.264177 -0.037661 -0.317250 1.000000
0.058693 -0.042763 -0.194868 1.000000
0.074385 -0.100121 0.020102 0.000000
-0.282223 0.011390 -0.090204 0.000000
-0.739933 0.048697 -0.041692 2.000000
0.067642 -0.019661 0.349224 1.000000
0.006746 0.022492 -0.495914 1.000000
-0.691959 0.080465 0.006666 0.000000
-0.788470 0.051363 -0.098767 2.000000
-0.218250 0.063850 0.659731 1.000000
-0.667985 0.039235 0.026333 2.000000
-0.773060 0.046081 0.010743 2.000000
-0.627960 0.080773 0.010846 0.000000
-0.217609 -0.062788 -0.071101 0.000000
0.206511 -0.067481 0.116357 1.000000
-0.717395 0.065055 -0.206586 2.000000
0.027207 0.015159 0.071229 0.000000
0.037668 0.015313 0.472529 1.000000
-0.591602 0.021415 -0.058461 0.000000
0.811371 -0.134300 -0.003897 0.000000
0.247228 -0.098711 0.038102 0.000000
0.917497 0.051568 -0.015025 0.000000
-0.007639 -0.045558 0.235329 1.000000
0.083231 -0.053635 0.084819 1.000000
-0.092047 0.041261 -0.573810 1.000000
0.466557 0.039569 0.062691 0.000000
0.805679 -0.076711 -0.042256 0.000000
0.347739 0.042389 0.061076 0.000000
0.394354 0.090157 0.030435 0.000000
-0.053228 0.050850 -0.074127 0.000000
0.316278 -0.081891 0.328173 3.000000
0.086616 -0.060660 0.524067 3.000000
0.123820 -0.029379 0.201252 1.000000
0.112872 -0.058558 0.148433 1.000000
-0.617243 0.051491 -0.052153 0.000000
0.137666 -0.124813 -0.119023 3.000000
0.382097 -0.068891 -0.077101 1.000000
-0.255070 0.038799 0.063050 0.000000
0.049078 0.003851 -0.401275 1.000000
-0.740727 0.157643 -0.017948 2.000000
0.093000 -0.037276 -0.193766 1.000000
-0.273634 -0.000379 0.073101 0.000000
-0.014434 -0.045455 -0.243047 1.000000
-0.039510 0.034235 0.557194 1.000000
-0.667088 0.057543 -0.116049 2.000000
0.063488 -0.129890 -0.032025 0.000000
0.983624 -0.017148 0.011154 0.000000
-0.227814 -0.077942 -0.054307 0.000000
0.004797 -0.070558 -0.090050 0.000000
-0.073868 0.024851 0.497708 1.000000
0.647118 -0.049584 -0.080947 0.000000
0.216716 -0.100301 -0.018359 0.000000
0.714681 0.061850 -0.066332 0.000000
