0.492171 0.066276 0.099193 0.000000
0.439560 -0.080580 -0.044068 0.000000
-0.551751 0.116616 0.038255 0.000000
0.265722 -0.053031 -0.101140 0.000000
0.501823 0.036402 -0.103870 0.000000
0.318387 -0.071442 0.298959 3.000000
0.107537 -0.076796 0.065940 1.000000
0.046653 -0.116403 -0.160077 1.000000
-0.769684 0.076252 0.104141 2.000000
0.702777 -0.083798 0.039391 0.000000
-0.132457 0.126025 0.002974 0.000000
0.043490 -0.047462 0.138962 1.000000
0.775530 -0.073146 0.056504 0.000000
-0.119751 0.068655 -0.093029 0.000000
0.402494 0.014693 -0.106114 0.000000
-0.085199 0.078226 -0.086730 0.000000
0.024457 -0.054897 -0.208930 1.000000
-0.358582 -0.077634 0.044960 0.000000
0.271183 -0.052680 -0.279790 3.000000
0.308735 -0.083879 0.267570 3.000000
0.061387 -0.046867 0.323047 1.000000
0.005018 -0.030078 -0.099274 0.000000
-0.828919 0.084255 0.160456 2.000000
-0.159331 0.117373 0.042824 0.000000
0.061847 -0.050733 0.107547 0.000000
0.348667 -0.024563 0.016329 0.000000
0.499011 -0.022887 0.103005 0.000000
0.740816 0.068872 0.093299 0.000000
0.232225 -0.048273 0.296715 1.000000
0.199512 -0.014695 -0.101221 0.000000
-0.859739 0.322384 0.009219 2.000000
-0.524796 0.115535 -0.038715 0.000000
-0.826945 0.072765 0.096003 2.000000
-0.311594 0.124430 0.015194 0.000000
-0.790123 0.078172 0.193763 2.000000
-0.064787 -0.038730 -0.093948 0.000000
0.250960 -0.157037 0.283846 3.000000
0.376162 -0.087177 0.064047 0.000000
0.130247 -0.114861 -0.258892 3.000000
-0.104557 0.016477 0.111494 0.000000
0.101021 -0.053464 0.289361 1.000000
-0.672275 0.092393 0.059992 0.000000
0.241741 -0.154387 0.278033 3.000000
0.007668 -0.047840 0.279439 1.000000
-0.024748 -0.112645 0.039310 0.000000
-0.009365 0.011394 -0.653043 1.000000
-0.769522 0.068115 -0.137611 2.000000
0.049140 -0.048381 0.280034 1.000000
0.464135 -0.067063 -0.065291 0.000000
0.062496 -0.158416 -0.162456 1.000000
0.364212 -0.147088 -0.318397 3.000000
0.310303 0.065655 -0.094273 0.000000
-0.825837 0.219000 -0.006029 2.000000
0.241417 -0.080580 0.275411 1.000000
0.511528 0.119320 -0.033037 0.000000
0.435477 0.106289 -0.058694 0.000000
0.072688 -0.032728 0.450330 1.000000
-0.849304 0.064789 -0.051313 2.000000
0.020510 -0.000474 -0.526219 1.000000
-0.000146 -0.056870 0.125445 1.000000
0.047815 -0.156658 0.199711 1.000000
-0.394621 -0.037891 -0.083783 0.000000
-0.877880 0.089608 -0.200874 2.000000
0.339934 -0.074579 -0.306718 3.000000
0.588363 0.105397 -0.059830 0.000000
-0.031263 -0.008531 -0.504401 1.000000
0.398574 0.095826 -0.072320 0.000000
0.074013 -0.049409 0.308745 1.000000
0.191158 -0.029375 0.268327 1.000000
0.071309 -0.057330 -0.023818 1.000000
-0.445528 -0.027077 -0.084216 0.000000
0.145360 -0.046516 0.107547 0.000000
0.607991 -0.077093 0.057369 0.000000
-0.788636 0.141084 0.014085 2.000000
-0.833542 0.069331 -0.109305 2.000000
0.254583 -0.060033 -0.162105 1.000000
0.429016 0.087986 0.084405 0.000000
-0.355906 -0.086718 -0.004163 0.000000
0.165204 -0.034782 -0.127716 1.000000
0.938554 -0.058790 0.020817 0.000000
-0.004687 -0.034999 0.329482 1.000000
-0.477538 0.055949 0.096517 0.000000
0.631728 0.101639 0.069914 0.000000
-0.838246 0.305378 -0.005786 2.000000
-0.225135 0.091771 -0.076348 0.000000
0.832467 0.031238 0.091975 0.000000
0.915331 -0.069469 0.004893 0.000000
0.197105 -0.029808 0.236452 1.000000
0.254907 -0.116538 -0.326346 3.000000
-0.885099 0.105099 0.315234 2.000000
0.054980 -0.057330 -0.051908 1.000000
0.043219 -0.000231 -0.535871 1.000000
-0.237031 0.097070 0.075862 0.000000
0.198890 -0.005395 -0.103465 0.000000
-0.834245 0.066330 -0.053341 2.000000
0.085070 -0.056492 -0.249484 1.000000
0.290594 -0.112645 -0.051800 0.000000
0.643867 -0.019805 0.104276 0.000000
0.195159 -0.091719 0.297877 1.000000
0.012075 -0.045218 -0.207660 1.000000
0.776125 0.093988 -0.059181 0.000000
0.016941 -0.022833 -0.097842 0.000000
0.062577 -0.101073 -0.162970 1.000000
0.048924 -0.176854 -0.132852 3.000000
0.591986 0.124754 -0.007462 0.000000
-0.712991 0.044945 -0.066048 0.000000
-0.718154 0.110831 -0.028306 0.000000
0.645084 -0.035242 -0.092705 0.000000
-0.871554 0.200616 0.001595 2.000000
-0.902509 0.425443 -0.001081 2.000000
0.307789 -0.096883 -0.276411 3.000000
0.805134 -0.028672 -0.086595 0.000000
0.346909 -0.101290 0.288171 3.000000
0.274887 -0.157794 0.319073 3.000000
0.296137 -0.031322 -0.099464 0.000000
0.141277 0.039755 -0.103438 0.000000
-0.004417 -0.051031 0.188356 1.000000
-0.020476 -0.030916 -0.396422 1.000000
-0.143217 -0.082743 -0.077565 0.000000
0.138709 -0.091962 0.298959 3.000000
0.029026 -0.013559 0.575586 1.000000
0.098183 -0.060547 -0.093164 1.000000
0.006289 0.024452 0.110629 0.000000
0.157471 -0.110509 -0.252809 3.000000
-0.127753 0.016126 -0.742746 1.000000
0.886024 0.025912 -0.065994 0.000000
0.225925 0.045648 -0.102573 0.000000
-0.025532 0.014017 0.672643 1.000000
0.305464 -0.132975 -0.247510 3.000000
0.851689 0.056219 0.070968 0.000000
0.127354 -0.112645 0.007137 0.000000
0.304463 -0.141951 0.288928 3.000000
0.355534 -0.012721 0.107196 0.000000
0.130193 -0.108778 0.070130 0.000000
-0.842085 0.285696 -0.005299 2.000000
-0.093878 0.015369 0.711818 1.000000
0.409388 0.023236 -0.105601 0.000000
0.125137 -0.080472 0.095895 1.000000
-0.093553 -0.019778 0.104303 0.000000
-0.825891 0.098503 -0.238751 2.000000
0.253015 -0.157064 -0.284170 3.000000
-0.299753 0.087337 -0.079728 0.000000
-0.131917 -0.103561 -0.057261 0.000000
0.498443 0.051921 -0.099977 0.000000
-0.281234 0.125673 0.005704 0.000000
0.573656 -0.078201 0.054963 0.000000
0.020374 -0.025266 -0.355922 1.000000
0.104671 -0.073362 0.120443 1.000000
-0.431145 0.117617 0.041148 0.000000
-0.364233 0.124024 -0.013004 0.000000
-0.750759 0.009421 -0.044257 0.000000
0.740925 -0.195941 -0.004623 3.000000
0.288756 0.094583 -0.073942 0.000000
-0.137378 0.027940 0.827340 1.000000
0.759038 -0.066928 -0.061019 0.000000
0.036379 -0.020751 -0.531031 1.000000
-0.285586 -0.073038 -0.057505 0.000000
-0.902915 0.415683 -0.000811 2.000000
0.862071 0.062329 0.060316 0.000000
-0.868228 0.313570 0.008002 2.000000
0.067930 -0.014992 -0.392015 1.000000
-0.809832 0.397975 0.006272 2.000000
0.252636 -0.165905 0.298066 3.000000
-0.068356 -0.001204 -0.662640 1.000000
0.157607 -0.051166 0.277006 1.000000
0.065956 -0.145763 -0.199360 3.000000
0.104049 0.065168 -0.094462 0.000000
-0.489677 -0.067279 -0.008003 0.000000
0.248581 -0.035891 -0.090866 1.000000
0.071255 -0.031133 0.460550 1.000000
0.727785 -0.050220 -0.079593 0.000000
-0.457586 0.064573 -0.088947 0.000000
-0.537179 -0.018912 0.078078 0.000000
0.538429 -0.088529 0.028333 0.000000
0.056169 -0.042244 -0.165674 1.000000
0.321847 -0.167986 0.273275 3.000000
0.379081 -0.091881 -0.019330 0.000000
0.076095 -0.045948 0.341810 1.000000
-0.455856 -0.030403 0.084973 0.000000
0.000071 -0.056113 0.172405 1.000000
0.020969 -0.014533 -0.423565 1.000000
0.121244 -0.016696 -0.383472 1.000000
0.508419 -0.084230 0.040418 0.000000
0.285593 0.122483 -0.024765 0.000000
0.833251 -0.050679 -0.067670 0.000000
0.224060 -0.154063 0.256053 3.000000
-0.018340 0.000445 0.557445 1.000000
0.002747 -0.010288 0.611192 1.000000
-0.939737 0.049487 0.012599 0.000000
0.027133 0.125538 0.006705 0.000000
-0.386780 0.023804 -0.102519 0.000000
-0.602334 0.064276 0.082053 0.000000
-0.242870 -0.089800 0.018654 0.000000
0.977864 -0.005557 0.019438 0.000000
-0.766791 0.258904 -0.008408 2.000000
0.005208 -0.081365 -0.098166 0.000000
0.066821 -0.057330 0.028658 1.000000
0.231981 -0.152630 -0.275248 3.000000
0.321171 -0.077742 -0.245077 3.000000
-0.002984 -0.074957 -0.210309 1.000000
-0.063273 -0.110698 -0.055747 0.000000
-0.863146 0.086688 0.184517 2.000000
-0.948091 0.084796 0.011355 2.000000
0.034865 0.025074 0.110548 0.000000
0.499552 -0.089502 -0.015654 0.000000
0.919575 -0.049544 0.047312 0.000000
-0.737431 0.319518 -0.000541 2.000000
-0.930518 0.066979 -0.009868 2.000000
0.261450 -0.078066 0.103681 1.000000
-0.030777 -0.019805 0.512728 1.000000
0.765013 0.063924 0.093272 0.000000
0.229791 -0.042758 0.272437 1.000000
-0.602578 0.071467 -0.073888 0.000000
-0.153788 0.036429 0.858999 1.000000
0.500633 -0.043515 0.092299 0.000000
0.009344 -0.050625 -0.230613 1.000000
-0.865714 0.104640 0.322696 2.000000
0.038975 -0.157415 -0.131230 3.000000
0.057359 -0.057330 0.065885 1.000000
0.140304 -0.028483 -0.223178 1.000000
-0.339414 0.040674 -0.102059 0.000000
0.088531 -0.027942 -0.271761 1.000000
0.616886 -0.060980 0.078376 0.000000
-0.857658 0.099449 -0.248051 2.000000
-0.219458 0.122375 -0.025522 0.000000
0.182858 -0.083095 -0.093813 1.000000
0.247446 -0.083744 0.100518 0.000000
0.804269 -0.082203 0.032497 0.000000
0.136330 -0.093071 -0.265435 3.000000
0.064172 -0.037053 0.210579 1.000000
0.363022 -0.128677 0.322615 3.000000
0.901570 -0.026861 0.068211 0.000000
0.214814 -0.061926 -0.294119 3.000000
-0.113532 0.008366 -0.716089 1.000000
-0.190475 0.089121 0.083513 0.000000
0.323253 -0.054221 0.300121 3.000000
0.321198 -0.086555 0.322696 3.000000
0.301868 0.120780 -0.029496 0.000000
-0.017070 -0.018507 -0.596538 1.000000
0.855366 -0.071145 0.042202 0.000000
0.212056 -0.081635 -0.100734 1.000000
0.598447 0.083417 -0.082756 0.000000
-0.044916 -0.112618 -0.027657 0.000000
0.079312 -0.081932 0.103059 1.000000
0.142683 -0.037756 0.115577 1.000000
-0.571135 0.074225 -0.075943 0.000000
-0.027424 -0.016101 -0.548983 1.000000
0.139277 -0.061007 -0.237939 1.000000
0.117891 -0.027158 -0.254972 1.000000
-0.518632 0.055814 0.094084 0.000000
-0.515280 -0.017371 0.084351 0.000000
0.375783 -0.098721 0.325832 3.000000
-0.041158 0.010475 -0.638362 1.000000
-0.623503 -0.016750 0.059046 0.000000
0.002801 -0.041325 -0.309611 1.000000
0.721459 -0.090475 0.017357 0.000000
0.133572 0.106262 0.063912 0.000000
-0.618664 -0.033512 -0.029766 0.000000
-0.025099 -0.092719 0.094327 0.000000
-0.054244 -0.036431 -0.418131 1.000000
0.027944 -0.073200 -0.218906 1.000000
0.272724 -0.090881 0.230667 3.000000
0.206595 -0.135517 0.325832 3.000000
0.357399 -0.102506 0.054341 0.000000
-0.202479 0.000418 0.109386 0.000000
0.868208 0.053218 -0.058775 0.000000
0.000639 0.103288 -0.062587 0.000000
0.447833 0.088202 -0.079079 0.000000
-0.083009 0.115697 -0.041743 0.000000
-0.589465 0.058139 0.085378 0.000000
0.181425 -0.054545 -0.289280 1.000000
-0.768576 0.263068 0.013437 2.000000
0.080528 -0.190993 -0.138557 3.000000
0.507906 -0.088745 -0.021601 0.000000
-0.231921 0.004527 -0.104763 0.000000
-0.133268 0.116157 -0.040661 0.000000
0.191834 0.083228 0.088055 0.000000
-0.007553 -0.034863 0.374631 1.000000
0.368835 -0.078039 0.313368 3.000000
0.322604 -0.073038 -0.254188 3.000000
0.396573 -0.045056 -0.085973 0.000000
-0.696553 0.185097 -0.009571 2.000000
0.730408 -0.156821 -0.010895 3.000000
-0.747569 0.071792 0.149182 2.000000
-0.871392 0.101747 0.302311 2.000000
-0.867012 0.103558 0.022737 0.000000
-0.068410 0.018694 0.719009 1.000000
-0.625531 -0.036702 -0.017816 0.000000
0.328336 -0.086231 -0.294173 3.000000
0.326092 -0.120106 -0.266300 3.000000
0.312439 -0.107210 0.070941 0.000000
0.757984 -0.042893 -0.018763 0.000000
-0.153166 0.022398 0.826097 1.000000
-0.652945 0.198615 0.008976 2.000000
-0.073520 0.096475 0.076646 0.000000
-0.873419 0.085201 0.188221 2.000000
0.109321 -0.013722 0.439814 1.000000
-0.218836 0.174148 0.878870 1.000000
0.242904 -0.142330 -0.311719 3.000000
0.035244 -0.032619 -0.435163 1.000000
0.728461 -0.060277 -0.029442 0.000000
-0.699338 0.082606 -0.059424 0.000000
-0.247845 0.075171 -0.089082 0.000000
0.330336 -0.055248 -0.290659 1.000000
0.348667 -0.069658 -0.317965 3.000000
0.066173 -0.022968 -0.334943 1.000000
0.202918 -0.053599 0.294822 1.000000
-0.797774 0.083741 -0.146776 2.000000
-0.772333 0.073873 -0.084837 2.000000
-0.474537 0.065195 -0.087703 0.000000
0.442885 0.111480 0.057099 0.000000
0.336014 -0.099965 0.295065 3.000000
0.007803 0.121402 0.033145 0.000000
-0.232272 0.109776 0.059289 0.000000
-0.861767 0.018586 0.001595 0.000000
0.178532 -0.104642 0.083026 0.000000
-0.002254 -0.015317 0.575234 1.000000
-0.753165 0.106505 -0.032280 0.000000
0.016725 0.048730 0.106466 0.000000
0.065091 -0.092665 -0.172000 1.000000
-0.265553 0.101287 -0.065183 0.000000
0.088369 -0.032836 -0.102708 0.000000
-0.857874 0.159603 0.000730 2.000000
-0.835543 0.195128 0.009435 2.000000
-0.122130 0.008339 -0.702896 1.000000
0.748900 -0.045164 0.034605 0.000000
0.093532 -0.060763 -0.167161 1.000000
0.460134 0.118617 -0.034714 0.000000
0.759931 -0.008720 -0.098626 0.000000
-0.004633 -0.051977 -0.174920 1.000000
-0.567513 -0.050138 0.020060 0.000000
-0.776091 0.215593 0.014734 2.000000
0.209163 -0.028375 -0.102708 0.000000
0.162581 -0.033458 0.278979 1.000000
0.200917 -0.091368 0.278087 1.000000
0.747278 0.021749 0.106871 0.000000
0.147252 -0.126784 0.265921 3.000000
-0.124563 0.043458 0.853051 1.000000
-0.148408 0.114291 -0.045176 0.000000
0.197187 -0.075903 -0.276627 3.000000
0.960561 -0.047597 0.017952 0.000000
0.518909 0.017883 -0.106304 0.000000
0.306816 -0.109860 -0.245320 3.000000
-0.036454 -0.003178 0.665587 1.000000
0.051168 -0.049138 0.111062 1.000000
0.790751 0.012124 0.103167 0.000000
-0.687739 0.170201 0.015248 2.000000
0.265154 -0.040514 -0.142207 1.000000
0.098940 -0.031998 0.222124 1.000000
0.617805 0.020505 0.111143 0.000000
-0.451071 0.047973 0.100410 0.000000
0.042165 -0.029456 -0.466335 1.000000
-0.261849 -0.090584 0.012626 0.000000
0.786452 0.081822 -0.070806 0.000000
0.051087 -0.206728 0.186383 1.000000
0.012940 -0.006449 0.108493 0.000000
0.259044 -0.054410 -0.287441 3.000000
0.592554 -0.081256 -0.042419 0.000000
-0.034129 -0.015614 0.470039 1.000000
-0.825891 0.329088 0.011328 2.000000
-0.044186 -0.023536 -0.446302 1.000000
0.302679 -0.061331 0.102843 0.000000
0.110889 -0.039730 0.391771 1.000000
0.126813 -0.100046 -0.298310 3.000000
-0.381130 0.118969 -0.033281 0.000000
0.669199 -0.082284 -0.039904 0.000000
-0.037941 -0.112645 0.008678 0.000000
0.567951 0.023101 0.110791 0.000000
-0.426306 0.090095 -0.074726 0.000000
0.250068 -0.073605 0.326994 1.000000
0.131923 -0.082689 -0.086784 1.000000
0.759363 0.015612 0.106817 0.000000
0.571277 0.052867 -0.099572 0.000000
0.769826 0.024885 -0.099085 0.000000
0.274860 -0.077471 -0.327508 3.000000
-0.213023 0.164091 -0.871030 1.000000
0.112268 0.120942 0.034254 0.000000
-0.841707 0.427011 -0.001352 2.000000
0.456998 -0.075714 -0.054017 0.000000
-0.823647 0.087580 -0.042986 0.000000
-0.335710 0.105316 0.064696 0.000000
-0.216700 0.139489 -0.867813 1.000000
0.161473 0.122537 -0.024467 0.000000
0.031108 -0.036999 -0.254215 1.000000
0.271913 -0.058574 -0.304771 3.000000
-0.801991 0.003040 0.019330 0.000000
0.261044 -0.061142 -0.150912 1.000000
0.188643 -0.077958 0.123471 1.000000
0.004478 -0.063332 0.110467 1.000000
0.082502 -0.025158 0.313558 1.000000
-0.030155 -0.022346 0.485936 1.000000
-0.639616 0.116292 0.029144 0.000000
-0.385672 -0.021886 0.098328 0.000000
-0.721966 0.177068 -0.011112 2.000000
0.894432 -0.007882 0.074023 0.000000
0.790805 0.060166 0.090785 0.000000
0.129219 -0.022535 -0.309421 1.000000
0.341421 0.043134 0.108142 0.000000
0.096236 -0.047381 0.090839 1.000000
0.516692 0.101179 -0.065345 0.000000
-0.111261 0.024669 -0.781299 1.000000
-0.883855 0.371723 -0.002190 2.000000
-0.038671 0.071332 -0.091921 0.000000
0.029702 -0.064386 0.131690 1.000000
0.357507 -0.154414 0.286630 3.000000
0.244499 0.006339 0.110170 0.000000
0.737680 0.037943 0.105276 0.000000
0.074878 -0.006422 -0.504942 1.000000
-0.028046 0.004230 -0.585346 1.000000
0.252880 -0.166175 -0.291308 3.000000
0.042679 -0.034972 0.423079 1.000000
-0.465859 -0.045218 0.071049 0.000000
-0.717911 0.233869 0.012653 2.000000
-0.803884 0.262689 0.013112 2.000000
0.381974 0.078983 0.091299 0.000000
0.106672 -0.015560 0.384039 1.000000
0.769988 0.115319 0.015302 0.000000
-0.147624 0.019910 -0.106060 0.000000
0.152335 0.124159 0.017222 0.000000
-0.611932 0.074603 -0.071644 0.000000
0.204567 -0.112645 -0.010138 0.000000
0.073256 -0.072713 0.182814 1.000000
0.146657 -0.033458 0.290442 1.000000
0.325659 -0.088123 0.269192 3.000000
-0.365909 0.085282 0.085216 0.000000
-0.184636 -0.047002 0.089623 0.000000
-0.083874 -0.011883 0.594592 1.000000
-0.002200 -0.019805 -0.530977 1.000000
-0.103151 0.007799 -0.669886 1.000000
0.017779 -0.048922 -0.214554 1.000000
-0.104800 -0.021400 -0.593619 1.000000
0.290297 0.111399 0.057207 0.000000
-0.192530 -0.062413 0.076510 0.000000
-0.479890 -0.055627 0.053855 0.000000
0.127543 0.044188 0.108007 0.000000
-0.341036 -0.071821 -0.054612 0.000000
0.089072 -0.112645 0.033335 1.000000
-0.628964 -0.004746 -0.062128 0.000000
-0.046322 -0.012289 0.107385 0.000000
-0.129943 0.016207 -0.106304 0.000000
0.124110 0.113940 -0.045987 0.000000
0.738518 -0.056546 0.034605 0.000000
-0.819835 0.067142 0.058505 2.000000
-0.800721 0.000445 0.005731 0.000000
0.047842 -0.042785 0.352191 1.000000
-0.812670 0.329170 0.011409 2.000000
-0.879259 0.087283 -0.191790 2.000000
0.068525 -0.143060 -0.143153 3.000000
-0.006445 -0.000907 -0.104060 0.000000
0.656547 0.037646 0.108872 0.000000
-0.820403 0.069250 -0.119010 2.000000
0.107537 -0.067279 0.041554 1.000000
0.266587 -0.112645 0.031929 0.000000
0.221843 -0.151089 0.284332 3.000000
0.183993 -0.030321 -0.178164 1.000000
0.820193 -0.057844 -0.029442 0.000000
0.355561 -0.059574 -0.086514 0.000000
-0.209806 0.116292 -0.865460 1.000000
0.117864 -0.086231 -0.095598 0.000000
0.812109 -0.084149 -0.015518 0.000000
-0.058001 -0.017939 0.482719 1.000000
-0.163494 -0.037540 0.096895 0.000000
0.048167 -0.203132 -0.151885 3.000000
0.223546 0.062627 0.100680 0.000000
-0.590276 0.129999 -0.010409 2.000000
-0.387754 0.046378 -0.099518 0.000000
0.152957 -0.073173 -0.144775 1.000000
-0.186420 0.049731 -0.100869 0.000000
0.196646 -0.031078 0.173027 1.000000
0.489630 -0.039676 0.095246 0.000000
0.768906 -0.015046 -0.096165 0.000000
-0.050242 0.013638 -0.751398 1.000000
-0.801829 0.034239 0.054612 0.000000
-0.423467 0.062654 0.096895 0.000000
-0.776875 0.239114 -0.009165 2.000000
-0.846465 0.081416 0.149858 2.000000
0.293839 -0.112645 0.024792 0.000000
0.303247 -0.112645 -0.038012 0.000000
-0.766305 0.071683 0.077186 2.000000
0.339583 -0.108319 0.020952 0.000000
0.082421 -0.043407 0.367358 1.000000
-0.533313 0.093907 -0.066399 0.000000
0.371971 -0.150819 -0.254377 3.000000
-0.015015 -0.036513 -0.413941 1.000000
0.080610 0.068980 0.098058 0.000000
-0.012257 -0.024725 -0.475663 1.000000
0.070633 -0.054924 0.162835 1.000000
0.585795 -0.063845 -0.069454 0.000000
0.490197 -0.089610 0.020060 0.000000
0.004964 -0.082365 0.102735 0.000000
0.487305 -0.005233 0.108656 0.000000
0.704886 -0.057249 -0.012004 0.000000
-0.623719 -0.006098 0.067508 0.000000
-0.337467 0.113534 -0.046690 0.000000
-0.549994 -0.055302 0.010760 0.000000
-0.299483 -0.067928 0.069319 0.000000
-0.007932 -0.036729 0.105033 0.000000
0.744412 0.068574 -0.088055 0.000000
0.366402 -0.006449 0.108493 0.000000
0.675309 0.018559 -0.106141 0.000000
-0.619718 -0.039243 -0.008435 0.000000
0.414579 0.050704 -0.100464 0.000000
-0.006066 0.031184 0.109737 0.000000
-0.200830 0.078037 -0.086865 0.000000
-0.766629 0.212079 0.015086 2.000000
-0.743054 -0.012208 0.008138 0.000000
-0.168198 0.036943 0.108980 0.000000
0.329120 -0.143330 -0.256053 3.000000
0.669821 -0.090665 0.012166 0.000000
0.901434 -0.035972 0.064236 0.000000
-0.351066 -0.069036 -0.056964 0.000000
0.206027 -0.103939 -0.232668 3.000000
0.049681 -0.179206 -0.152318 1.000000
-0.791907 0.004798 -0.024089 0.000000
0.324280 -0.068955 -0.295931 3.000000
-0.337846 -0.059249 0.076537 0.000000
0.056818 -0.024238 0.337727 1.000000
-0.675087 -0.026509 0.015762 0.000000
0.822247 -0.078282 -0.031388 0.000000
0.311168 -0.068360 0.098734 1.000000
0.712700 -0.042893 -0.006570 0.000000
0.019266 0.003121 0.563825 1.000000
-0.219079 -0.055600 0.083026 0.000000
-0.735565 0.068277 -0.043419 2.000000
0.307843 -0.049544 -0.098923 0.000000
-0.337170 0.042918 0.107006 0.000000
0.170989 0.017667 -0.106358 0.000000
0.002342 0.125052 0.010490 0.000000
0.191266 -0.120917 0.252566 3.000000
0.314440 -0.100695 0.082485 0.000000
-0.300861 -0.085068 0.038363 0.000000
-0.712666 0.089932 -0.053017 0.000000
0.028242 -0.035269 0.280088 1.000000
0.895081 0.037132 -0.051232 0.000000
0.010939 -0.040973 -0.249700 1.000000
0.323686 -0.111455 0.031415 0.000000
0.594906 -0.026807 -0.096219 0.000000
0.021348 -0.112645 -0.018141 0.000000
-0.199586 -0.041785 -0.088460 0.000000
0.391950 0.122754 0.027982 0.000000
-0.530149 0.130540 0.001027 2.000000
0.007181 -0.042785 0.420753 1.000000
0.118730 -0.112645 -0.028577 0.000000
0.074283 0.095096 0.078430 0.000000
0.961859 0.014612 -0.009030 0.000000
-0.827918 0.100557 -0.251322 2.000000
-0.418114 0.022019 0.106277 0.000000
0.211137 -0.072199 0.296012 1.000000
-0.372100 0.027021 -0.102654 0.000000
-0.288777 0.110074 -0.053747 0.000000
0.075770 -0.077607 0.091137 1.000000
0.032946 -0.024428 0.103708 0.000000
-0.134863 0.030103 0.839371 1.000000
-0.849871 0.090987 -0.198549 2.000000
-0.216186 0.125079 -0.005083 0.000000
0.158931 -0.135003 -0.292659 3.000000
-0.043808 -0.008233 -0.517865 1.000000
0.094587 -0.040622 -0.102708 0.000000
0.525668 -0.080635 0.049042 0.000000
-0.665949 0.109641 0.041337 0.000000
-0.569540 0.094285 -0.062776 0.000000
0.213867 -0.070091 0.169864 1.000000
0.147901 -0.035350 0.138746 1.000000
0.252177 -0.036107 0.095976 1.000000
-0.866796 0.089987 -0.198468 2.000000
-0.843842 0.065222 0.068589 2.000000
0.083178 -0.020508 -0.342729 1.000000
0.027971 -0.026807 -0.483584 1.000000
-0.798342 0.348230 0.009814 2.000000
-0.190205 0.014260 0.111224 0.000000
-0.645726 -0.022481 0.044095 0.000000
0.318711 0.006744 0.110224 0.000000
0.723189 -0.180179 0.013707 3.000000
0.357264 -0.150467 0.300743 3.000000
0.484114 -0.086988 0.033740 0.000000
0.941068 0.026318 -0.013220 0.000000
-0.091228 -0.003124 -0.615193 1.000000
-0.779849 0.150384 0.014897 2.000000
-0.187853 -0.090259 0.056991 0.000000
-0.781417 0.373237 0.005272 2.000000
-0.191232 0.134784 -0.869570 1.000000
0.059954 -0.106751 0.160104 1.000000
-0.735727 0.052732 -0.043743 2.000000
-0.114046 0.024939 -0.842724 1.000000
-0.076034 -0.032322 -0.420997 1.000000
-0.583085 -0.009585 -0.069238 0.000000
0.040327 -0.038459 0.230910 1.000000
0.027323 -0.054707 0.290821 1.000000
-0.179202 0.119699 0.872219 1.000000
-0.738323 0.074468 -0.058829 0.000000
0.063875 -0.113996 0.167647 1.000000
0.728678 -0.174583 0.002352 0.000000
0.054574 -0.199077 -0.200576 3.000000
0.107537 -0.098045 0.064561 1.000000
-0.240410 0.088094 -0.079160 0.000000
0.077095 -0.045353 -0.105520 1.000000
0.300760 -0.057465 -0.099545 1.000000
0.107537 -0.100695 -0.048312 1.000000
0.053493 -0.057330 -0.035957 1.000000
-0.036130 -0.014289 0.564745 1.000000
0.080772 -0.048462 0.094246 1.000000
-0.078603 0.123997 0.018438 0.000000
-0.865309 0.109614 0.314098 2.000000
-0.265310 0.076550 -0.088028 0.000000
-0.815212 0.355664 0.010246 2.000000
0.121487 -0.052788 -0.102708 0.000000
0.317981 -0.155334 -0.273707 3.000000
0.283889 -0.051436 -0.121525 1.000000
0.077825 -0.152765 -0.197305 3.000000
0.583767 -0.070875 -0.060289 0.000000
0.805999 -0.034863 0.089028 0.000000
-0.823512 0.074711 0.157995 2.000000
0.122406 -0.016506 -0.404803 1.000000
0.093370 -0.062061 0.211742 1.000000
0.067741 -0.095666 0.163240 1.000000
0.372782 -0.001339 -0.104006 0.000000
0.156660 -0.071902 0.161564 1.000000
-0.000984 -0.044110 -0.278763 1.000000
0.715322 -0.080202 -0.029442 0.000000
-0.225216 0.067682 -0.093435 0.000000
-0.566566 0.050136 -0.083972 0.000000
-0.815698 0.100206 0.038715 0.000000
0.304247 -0.050571 -0.268327 1.000000
-0.787446 0.205861 0.014302 2.000000
0.142196 -0.066441 0.200441 1.000000
0.032838 0.123051 -0.020493 0.000000
0.646030 0.101639 -0.064750 0.000000
-0.786230 0.266907 -0.008246 2.000000
0.070715 -0.121215 0.162078 1.000000
0.032730 -0.079986 0.080917 1.000000
0.327308 -0.137031 -0.291037 3.000000
-0.095554 0.017667 0.816607 1.000000
-0.253144 -0.089962 0.017411 0.000000
0.086882 -0.093017 0.095219 1.000000
0.020591 -0.036269 -0.277979 1.000000
-0.044511 0.016315 0.691541 1.000000
0.763851 -0.061385 -0.029442 0.000000
-0.546560 0.107803 0.054585 0.000000
-0.793340 0.090798 0.236182 2.000000
0.040246 -0.017236 -0.545252 1.000000
-0.668355 0.157386 0.015518 2.000000
0.737031 0.099990 -0.059289 0.000000
0.167664 -0.029051 -0.201198 1.000000
-0.512658 0.069521 0.088839 0.000000
-0.765683 0.271962 -0.007732 2.000000
-0.875988 0.376968 -0.003109 2.000000
-0.015015 -0.037351 0.332104 1.000000
-0.859199 0.100098 0.257270 2.000000
0.309627 -0.074011 0.330509 3.000000
0.307167 -0.146628 0.268868 3.000000
-0.796801 0.071521 -0.075537 2.000000
0.257962 -0.153847 0.322425 3.000000
0.077825 -0.048597 0.318208 1.000000
0.383191 0.014530 0.111251 0.000000
-0.006850 -0.046381 -0.249619 1.000000
-0.089282 0.026561 0.790734 1.000000
0.559949 0.112615 0.054341 0.000000
-0.744135 0.196615 0.015681 2.000000
-0.099879 -0.029078 -0.095273 0.000000
0.113025 -0.043190 -0.092894 1.000000
-0.862740 0.078956 0.142910 2.000000
0.016292 0.055138 -0.098626 0.000000
-0.643699 0.024615 0.078484 0.000000
0.765905 0.117076 -0.002839 0.000000
0.825654 0.081362 0.061127 0.000000
-0.884396 0.104342 0.015221 0.000000
-0.492651 -0.067171 0.009976 0.000000
-0.577191 -0.047327 0.024954 0.000000
0.044787 -0.049084 0.288550 1.000000
0.468136 0.113399 0.052476 0.000000
-0.302862 -0.086231 -0.030388 0.000000
-0.156194 0.023912 0.839398 1.000000
-0.326707 0.111128 -0.052070 0.000000
0.421068 -0.035161 0.097923 0.000000
0.017968 -0.074011 -0.100410 0.000000
-0.775605 0.137975 0.015356 2.000000
-0.091309 -0.046624 -0.091569 0.000000
0.232495 -0.081419 -0.310530 3.000000
0.418121 0.093961 -0.074645 0.000000
0.351938 -0.162633 -0.260866 3.000000
0.134897 -0.052950 0.304149 1.000000
0.149577 -0.024914 0.274383 1.000000
0.065307 -0.036675 0.418455 1.000000
0.691152 -0.064116 -0.068238 0.000000
-0.582815 0.112723 0.044149 0.000000
-0.291534 -0.089151 -0.018384 0.000000
-0.874528 0.389648 0.008516 2.000000
0.181641 -0.064684 -0.212796 1.000000
0.238794 0.020667 0.111116 0.000000
0.133058 -0.057817 0.266354 1.000000
0.231846 -0.140653 0.254891 3.000000
-0.028776 -0.013019 -0.475149 1.000000
-0.782607 0.054327 0.062479 0.000000
-0.854900 0.129242 0.003569 2.000000
-0.857982 0.204509 -0.001081 2.000000
-0.437283 0.058139 0.097950 0.000000
0.178370 -0.064062 -0.272275 1.000000
-0.390376 0.065087 0.097301 0.000000
0.233063 -0.086501 0.292578 1.000000
0.832467 0.096556 -0.023467 0.000000
0.592283 -0.091557 -0.000270 0.000000
0.256448 -0.045975 -0.267084 1.000000
0.232306 -0.133219 -0.244131 3.000000
0.092667 -0.016182 -0.373252 1.000000
-0.136702 -0.072632 -0.084053 0.000000
-0.099177 0.104856 -0.060560 0.000000
0.139222 -0.022697 -0.101302 0.000000
-0.915297 0.077388 -0.028685 0.000000
-0.798369 0.061221 0.085513 2.000000
0.198241 -0.094963 0.316559 3.000000
-0.328059 0.103018 -0.062614 0.000000
0.930606 -0.036296 0.051340 0.000000
0.070147 -0.040325 -0.165106 1.000000
0.037163 -0.046867 0.301662 1.000000
-0.485162 -0.060061 -0.037417 0.000000
0.307708 -0.097775 0.316532 3.000000
0.263153 -0.022779 0.105628 0.000000
-0.008391 0.125944 0.003596 0.000000
-0.645915 0.094501 -0.055639 0.000000
0.170232 -0.096694 0.292092 1.000000
0.357859 -0.150143 0.268381 3.000000
-0.038563 -0.087799 0.096814 0.000000
-0.189962 0.137677 0.874058 1.000000
-0.020179 -0.021319 0.507916 1.000000
0.271048 0.099746 0.072374 0.000000
0.096209 -0.112645 0.049123 1.000000
-0.767792 -0.001448 -0.022683 0.000000
0.309141 -0.078418 0.310746 3.000000
0.083637 -0.184640 0.138692 3.000000
0.026106 -0.060493 0.163592 1.000000
0.850148 -0.079391 -0.017168 0.000000
0.099021 -0.027050 -0.271842 1.000000
0.160175 -0.110536 -0.059776 0.000000
-0.457073 -0.039838 -0.072374 0.000000
-0.487893 -0.015641 -0.083783 0.000000
0.516233 -0.070307 0.066210 0.000000
0.664576 0.028319 0.110116 0.000000
0.738059 -0.162038 -0.016113 3.000000
0.465460 0.083390 0.087919 0.000000
-0.028235 -0.104750 -0.077024 0.000000
-0.482026 0.100584 -0.062587 0.000000
-0.313893 -0.081094 0.046041 0.000000
0.154498 -0.052464 0.298823 1.000000
-0.155167 0.094528 0.079187 0.000000
0.077582 -0.007287 -0.473851 1.000000
0.235144 -0.107967 0.339106 3.000000
-0.475673 0.110615 0.054828 0.000000
0.086584 -0.112645 0.002974 0.000000
0.138601 -0.082257 0.094084 1.000000
0.053520 -0.037648 -0.214527 1.000000
0.067227 -0.101911 -0.172000 1.000000
0.498200 -0.052977 0.085027 0.000000
-0.126455 -0.106183 -0.013491 0.000000
0.157526 -0.076741 0.122255 1.000000
-0.069248 0.014179 -0.774432 1.000000
0.913736 0.012124 0.059154 0.000000
0.287377 -0.053329 0.271653 3.000000
0.064280 -0.201402 -0.179894 3.000000
0.142845 -0.042217 -0.084946 1.000000
-0.072844 0.020532 0.735230 1.000000
-0.864498 0.359449 -0.004001 2.000000
-0.214726 0.142219 0.872733 1.000000
-0.141568 -0.100262 0.064453 0.000000
0.053844 -0.002691 -0.510484 1.000000
-0.754166 0.089148 -0.049799 0.000000
0.803512 0.048514 -0.087838 0.000000
0.376783 0.103072 -0.062885 0.000000
0.220843 0.108992 -0.055152 0.000000
0.048275 -0.036945 -0.228964 1.000000
0.437262 0.086174 -0.080620 0.000000
0.207785 -0.067685 0.261325 3.000000
-0.575326 0.098205 0.064426 0.000000
0.193429 -0.033133 -0.132988 1.000000
-0.239653 -0.075660 0.059262 0.000000
-0.262201 -0.009856 0.108034 0.000000
0.060684 -0.015100 0.399666 1.000000
0.034784 -0.101614 0.160861 1.000000
0.189454 -0.036999 0.096679 1.000000
-0.371613 -0.085906 -0.000135 0.000000
0.018752 -0.033322 0.421781 1.000000
-0.096933 0.007123 -0.659720 1.000000
0.320955 -0.075336 0.264299 3.000000
0.693937 -0.084176 -0.033930 0.000000
0.127868 -0.073227 -0.131825 1.000000
0.325037 -0.108670 0.063371 0.000000
-0.080333 -0.043515 -0.092759 0.000000
-0.149841 0.003040 0.109737 0.000000
-0.012960 -0.016533 -0.554904 1.000000
0.726325 0.088635 0.079403 0.000000
0.159851 -0.037324 -0.101545 1.000000
0.230440 -0.059168 0.300662 3.000000
0.023186 -0.038405 -0.368818 1.000000
-0.125942 0.019370 -0.818256 1.000000
-0.057974 -0.004340 -0.554390 1.000000
-0.033697 0.008204 -0.617410 1.000000
-0.452476 -0.049949 0.068346 0.000000
0.384732 0.068628 -0.093056 0.000000
0.238389 -0.038378 0.205551 1.000000
-0.785689 0.083714 -0.145586 2.000000
0.300300 -0.089529 -0.225206 3.000000
0.111944 -0.056924 -0.274086 1.000000
0.032811 -0.051382 -0.218285 1.000000
-0.237004 0.124403 0.015437 0.000000
-0.114749 -0.061845 -0.089920 0.000000
-0.855819 0.254606 -0.003028 2.000000
-0.540856 0.130323 0.008759 2.000000
0.020753 -0.004854 0.496858 1.000000
-0.024775 -0.027942 -0.424782 1.000000
0.832278 -0.062629 0.060992 0.000000
0.208650 0.013746 0.111143 0.000000
-0.726319 0.068493 0.122552 2.000000
-0.811427 0.015990 -0.032524 0.000000
0.733192 -0.081851 -0.036768 0.000000
-0.016205 -0.041298 0.105411 0.000000
0.336879 -0.118079 0.296174 3.000000
0.003126 -0.047165 0.260298 1.000000
0.843849 -0.069090 -0.044446 0.000000
0.795726 0.094204 0.058505 0.000000
-0.085145 0.026669 -0.788193 1.000000
0.657142 -0.012802 0.107169 0.000000
0.296731 -0.128731 0.341404 3.000000
-0.838679 0.069196 0.080079 2.000000
-0.874501 0.038132 -0.029604 0.000000
-0.551318 0.027805 0.092164 0.000000
0.342151 -0.080608 -0.328076 3.000000
0.169043 -0.112645 0.057937 0.000000
0.066037 -0.027672 0.106060 0.000000
-0.211752 0.123402 0.022926 0.000000
-0.207967 0.118860 0.039256 0.000000
-0.149463 0.030617 -0.847266 1.000000
0.009533 0.011638 0.110873 0.000000
-0.670437 0.135028 0.019249 2.000000
-0.725130 0.019640 -0.057153 0.000000
0.954938 0.014963 0.023872 0.000000
0.035460 -0.112645 -0.014329 0.000000
0.275590 -0.021183 -0.100302 0.000000
-0.124563 0.112832 -0.048664 0.000000
-0.245520 -0.084798 0.039012 0.000000
0.036785 -0.146331 -0.151967 3.000000
0.196024 -0.058060 0.107547 0.000000
0.143764 -0.034728 -0.144667 1.000000
0.181263 -0.070902 -0.171838 1.000000
0.039678 -0.043461 -0.333131 1.000000
-0.034562 0.105262 0.065210 0.000000
0.443696 0.037754 -0.103708 0.000000
0.057305 -0.110022 -0.181354 1.000000
-0.737512 0.076550 0.106195 2.000000
-0.175795 0.065655 -0.858620 1.000000
0.319766 -0.159740 0.253025 3.000000
0.711023 -0.114699 -0.027495 0.000000
-0.862091 0.343390 -0.004055 2.000000
-0.537044 -0.037675 0.060803 0.000000
0.150713 -0.057006 -0.269950 1.000000
0.032621 -0.144979 0.195331 1.000000
0.242795 -0.112645 0.037687 0.000000
0.079528 -0.025563 -0.306934 1.000000
-0.891668 0.102882 -0.277438 2.000000
0.776801 0.009529 -0.099193 0.000000
-0.038509 0.001526 -0.573937 1.000000
0.238632 -0.153063 0.296552 3.000000
0.083827 -0.030997 -0.448303 1.000000
0.467866 -0.090124 0.016167 0.000000
-0.811913 0.091149 -0.247591 2.000000
0.071444 0.122402 -0.025413 0.000000
-0.897859 0.406275 -0.001217 2.000000
0.367240 -0.162687 0.285008 3.000000
0.037515 -0.014776 -0.410453 1.000000
0.888971 0.059112 -0.025954 0.000000
0.305599 -0.146087 -0.262920 3.000000
0.096804 -0.061088 0.097274 1.000000
-0.694633 -0.023509 0.000162 0.000000
0.210785 -0.073065 -0.277682 3.000000
-0.808642 0.266880 -0.007705 2.000000
-0.801180 0.160820 -0.007813 2.000000
-0.470590 0.113588 -0.045068 0.000000
-0.028803 -0.019669 -0.511295 1.000000
-0.832433 0.130864 0.007786 2.000000
-0.115695 0.008988 0.725200 1.000000
0.307113 -0.105805 0.296552 3.000000
0.078717 -0.057330 0.029333 1.000000
0.216247 -0.034161 -0.114955 1.000000
0.018969 0.077145 -0.087541 0.000000
0.047221 -0.066819 -0.123336 1.000000
0.246878 -0.144628 0.240967 3.000000
0.861016 0.083390 0.029982 0.000000
-0.105287 0.032915 -0.104330 0.000000
0.645516 -0.045191 0.091001 0.000000
0.210137 -0.098775 0.332726 3.000000
0.485791 -0.040352 -0.089569 0.000000
-0.269149 0.123538 -0.016897 0.000000
0.265343 0.106965 0.062966 0.000000
-0.118453 0.027156 0.808145 1.000000
0.003666 -0.041325 -0.259325 1.000000
0.023538 -0.045137 -0.425917 1.000000
0.097885 0.120834 -0.029361 0.000000
0.053277 -0.071875 -0.211066 1.000000
0.778693 -0.042893 0.034146 0.000000
0.716971 -0.042893 0.025008 0.000000
-0.200370 0.053435 -0.099328 0.000000
0.288648 -0.076714 0.287874 1.000000
-0.785284 0.147545 -0.009219 2.000000
0.290838 -0.053166 0.298742 3.000000
0.306870 -0.109157 0.277925 3.000000
-0.130862 0.018748 0.813174 1.000000
0.066010 -0.012397 0.418185 1.000000
0.004532 -0.026347 -0.474013 1.000000
0.217193 -0.060628 -0.102708 0.000000
-0.875204 0.097746 0.273599 2.000000
0.023429 -0.062386 -0.284359 1.000000
0.059495 0.059220 0.102113 0.000000
0.185480 -0.019534 0.105330 0.000000
0.280672 -0.118376 -0.222205 3.000000
-0.023126 -0.004827 -0.520704 1.000000
0.243471 -0.150548 -0.318613 3.000000
0.076743 0.083904 0.087541 0.000000
0.170394 -0.087907 0.303960 3.000000
0.317711 0.081605 -0.084135 0.000000
-0.723048 0.270394 0.009733 2.000000
0.024295 0.003905 0.581452 1.000000
-0.807317 0.383511 0.007570 2.000000
0.241363 -0.057925 -0.296120 3.000000
0.361887 -0.057222 0.278060 3.000000
-0.109423 0.013341 -0.708303 1.000000
0.063820 -0.075282 0.292362 1.000000
-0.867336 0.105802 0.291740 2.000000
0.193996 -0.031133 -0.165457 1.000000
0.546404 0.007366 0.110305 0.000000
0.863179 0.000120 0.085946 0.000000
0.318360 -0.113537 0.226557 3.000000
0.311358 -0.150494 -0.285792 3.000000
0.188454 -0.071659 0.171675 1.000000
-0.003958 -0.001285 0.536492 1.000000
0.243634 -0.100370 0.230721 3.000000
0.072472 -0.052950 -0.271707 1.000000
0.372350 -0.065278 0.261974 3.000000
-0.021801 -0.008909 -0.617707 1.000000
0.832223 0.064222 0.074104 0.000000
0.275292 -0.112645 0.019736 0.000000
-0.700311 0.154628 -0.012139 2.000000
0.881401 -0.058384 0.052395 0.000000
-0.355257 -0.085122 0.021845 0.000000
-0.192098 0.015855 -0.106250 0.000000
0.063523 -0.204755 -0.144018 3.000000
0.040732 -0.033322 -0.275140 1.000000
-0.412167 -0.078012 0.031659 0.000000
-0.836570 0.359747 -0.005245 2.000000
0.075635 -0.054248 0.267651 1.000000
0.047437 -0.059493 0.196007 1.000000
0.493604 -0.090908 -0.005083 0.000000
0.608261 0.042161 -0.103113 0.000000
-0.756410 0.337983 0.006164 2.000000
0.853257 -0.040892 0.075618 0.000000
0.730705 -0.195157 -0.016059 3.000000
0.249041 -0.119241 -0.235317 3.000000
0.538591 -0.016696 0.105574 0.000000
0.659737 -0.046894 0.089731 0.000000
-0.514334 0.123862 -0.014383 0.000000
0.296434 -0.159740 -0.246888 3.000000
-0.877826 0.101774 -0.293146 2.000000
-0.695445 0.079253 0.066372 0.000000
-0.910350 0.100882 0.014167 0.000000
0.297515 -0.099911 -0.083432 0.000000
0.039516 -0.141978 -0.134853 3.000000
-0.029966 0.001580 -0.104384 0.000000
-0.901807 0.432094 0.006326 2.000000
0.050141 0.082390 -0.083540 0.000000
0.422068 -0.047570 0.089190 0.000000
0.205405 -0.115591 -0.327373 3.000000
-0.743892 0.061843 0.112927 2.000000
0.814191 0.105235 -0.008408 0.000000
0.054628 -0.057330 0.040499 1.000000
0.072986 -0.050517 -0.293524 1.000000
-0.173011 -0.017426 0.105249 0.000000
-0.749597 0.070926 -0.066399 2.000000
0.107942 -0.080256 -0.087676 1.000000
-0.732159 -0.001934 -0.036660 0.000000
-0.834001 0.068899 0.111170 2.000000
0.509311 0.055570 -0.098436 0.000000
0.049248 0.117211 -0.038093 0.000000
0.492198 0.099097 0.073239 0.000000
-0.797260 0.189775 -0.008408 2.000000
-0.813671 0.077118 -0.173676 2.000000
0.157688 -0.103588 -0.306447 3.000000
-0.895642 0.030725 -0.000973 0.000000
0.053141 -0.148818 0.167350 1.000000
0.049681 -0.033782 0.437218 1.000000
0.604071 0.106316 -0.058640 0.000000
0.110240 -0.068036 0.279493 1.000000
0.168150 -0.086988 -0.262974 3.000000
-0.094067 -0.109373 0.019601 0.000000
-0.296130 -0.080770 -0.043581 0.000000
-0.867228 0.217486 0.000108 2.000000
0.309627 -0.071713 -0.275167 3.000000
-0.154329 0.022560 0.812200 1.000000
-0.281747 0.121997 0.031713 0.000000
0.377757 -0.071767 0.309611 3.000000
-0.351715 -0.014911 -0.098193 0.000000
0.135843 -0.062088 -0.288631 1.000000
0.751685 -0.072037 0.034605 0.000000
0.658061 0.069467 -0.092705 0.000000
0.453970 -0.078499 0.054233 0.000000
-0.837029 0.047406 0.051340 0.000000
0.112836 -0.036404 0.159861 1.000000
0.443994 0.118563 0.040013 0.000000
-0.753057 0.002229 0.040256 0.000000
-0.201776 0.142841 -0.866893 1.000000
0.115864 -0.057438 -0.258216 1.000000
0.362076 -0.078904 -0.074158 0.000000
0.336933 0.008637 -0.105303 0.000000
-0.792340 0.079821 -0.122822 2.000000
0.267398 0.035997 0.109088 0.000000
-0.558483 -0.053951 -0.001433 0.000000
-0.626855 0.112615 -0.034308 0.000000
-0.134593 0.013341 0.739718 1.000000
-0.484838 0.001418 -0.091272 0.000000
0.317954 -0.151305 0.267003 3.000000
0.078906 -0.020913 0.346784 1.000000
0.214084 0.118887 -0.034065 0.000000
-0.730266 0.212133 0.014761 2.000000
-0.541423 0.123078 0.018465 0.000000
0.905111 0.048920 -0.016546 0.000000
0.187940 -0.083960 -0.260487 3.000000
0.004478 -0.031808 0.423484 1.000000
0.031216 -0.164580 -0.178191 3.000000
