0.229386 -0.027591 -0.055359 0.000000
0.109045 -0.039387 0.211400 1.000000
0.021189 -0.014121 0.436520 1.000000
0.623574 0.061102 -0.080912 0.000000
-0.854102 0.073552 0.156082 2.000000
0.092619 -0.072761 -0.058863 0.000000
0.041381 0.100309 -0.020023 0.000000
0.320929 0.097040 -0.034984 0.000000
0.165331 -0.051052 0.014921 0.000000
0.318314 -0.027591 0.060379 0.000000
-0.123477 -0.000598 -0.094409 0.000000
0.734734 -0.043101 0.071652 0.000000
0.551306 -0.079274 0.046386 0.000000
-0.888574 0.088356 0.288271 2.000000
-0.531789 -0.025525 0.057554 0.000000
-0.362563 0.065758 -0.078794 0.000000
0.069759 -0.026702 -0.213311 1.000000
0.031363 0.007065 0.516372 1.000000
-0.307558 0.039759 -0.092813 0.000000
0.830672 0.080065 -0.007128 0.000000
0.343109 -0.052700 -0.083319 0.000000
-0.015010 -0.035751 0.077903 0.000000
-0.110321 -0.075194 0.029777 0.000000
-0.056127 0.013604 -0.687979 1.000000
0.016219 -0.006274 -0.418265 1.000000
-0.104200 0.013342 0.682433 1.000000
-0.677474 0.077475 -0.025855 2.000000
-0.094314 0.018469 0.674926 1.000000
0.365629 -0.041558 0.224740 3.000000
-0.783116 0.047763 0.017903 2.000000
-0.254515 -0.026362 0.080466 0.000000
-0.274106 0.100754 -0.015733 0.000000
-0.002037 -0.012996 -0.430819 1.000000
0.355559 -0.093032 -0.025489 0.000000
0.918554 -0.075560 -0.003440 0.000000
0.329011 -0.101872 -0.215796 3.000000
0.086682 -0.072944 0.054049 0.000000
0.038242 -0.020633 -0.364463 1.000000
0.045984 -0.083406 0.128462 1.000000
0.055688 -0.050451 -0.047433 0.000000
0.061259 -0.036981 0.225158 1.000000
-0.266887 -0.089239 0.024180 0.000000
0.506136 -0.068969 0.058025 0.000000
-0.482460 -0.051157 -0.057713 0.000000
-0.424735 0.062802 -0.080285 0.000000
-0.168700 0.095496 0.028993 0.000000
0.495151 0.086264 0.046595 0.000000
-0.043781 -0.062744 0.063282 0.000000
-0.049117 -0.040093 0.072358 0.000000
-0.055368 -0.024897 0.311157 1.000000
-0.611563 0.090919 -0.019578 2.000000
0.528656 0.098164 -0.032473 0.000000
0.310598 0.077658 0.057973 0.000000
-0.838304 0.067589 0.138374 2.000000
0.050797 -0.085211 -0.121296 1.000000
-0.754711 0.368402 -0.006291 2.000000
-0.621711 -0.028349 -0.033022 2.000000
-0.228648 -0.022674 -0.090982 0.000000
0.012950 -0.049326 0.172821 1.000000
0.564593 0.008321 -0.095272 0.000000
-0.283077 -0.092901 -0.004277 0.000000
-0.677343 0.077162 0.057005 2.000000
-0.153556 0.028094 0.817028 1.000000
0.275733 -0.037634 0.231592 3.000000
0.223291 -0.045010 0.257277 3.000000
-0.766219 0.077658 0.088470 2.000000
-0.548502 -0.033031 -0.056143 0.000000
-0.765435 0.031390 -0.028549 2.000000
0.374260 -0.074958 0.052035 0.000000
0.245053 -0.094313 0.009768 0.000000
-0.008079 0.005103 0.595021 1.000000
0.331078 0.088696 0.042881 0.000000
-0.191690 -0.057643 0.066682 0.000000
0.149585 0.027623 -0.094958 0.000000
-0.287445 0.060004 0.072698 0.000000
-0.040277 -0.016867 0.399431 1.000000
-0.866892 0.079777 -0.242422 2.000000
0.428140 0.008137 0.085828 0.000000
0.386841 -0.052255 0.051015 0.000000
0.251644 -0.068158 -0.028000 0.000000
0.414566 0.062776 -0.080337 0.000000
0.257398 -0.077940 0.048766 0.000000
-0.715086 0.082210 0.084050 2.000000
0.385743 -0.075429 -0.037808 0.000000
-0.501135 0.090788 -0.047120 0.000000
-0.516514 0.068190 -0.018819 2.000000
0.046821 -0.005202 -0.407698 1.000000
0.009445 -0.032482 -0.260574 1.000000
0.172550 -0.030442 -0.087268 0.000000
-0.027827 0.043866 0.081356 0.000000
0.212829 -0.045873 -0.178524 1.000000
-0.743177 0.273536 0.001739 2.000000
0.189263 0.101068 -0.011993 0.000000
0.940394 0.002959 0.034616 0.000000
0.000395 -0.102134 0.000274 0.000000
-0.081942 0.018338 -0.675451 1.000000
-0.831111 0.402901 -0.006526 2.000000
0.185418 -0.029029 -0.087373 0.000000
0.045853 -0.068655 -0.133066 1.000000
-0.161298 -0.000938 -0.094356 0.000000
-0.754947 0.056342 0.039350 2.000000
-0.701825 0.006751 -0.036867 2.000000
0.601158 0.098661 -0.030642 0.000000
0.188322 0.099891 0.014659 0.000000
-0.083878 -0.000311 0.555736 1.000000
0.150893 -0.087487 0.211819 3.000000
-0.856979 0.087258 0.285760 2.000000
0.693278 -0.027068 0.078792 0.000000
0.478306 0.081556 -0.063231 0.000000
0.073421 -0.025394 0.213937 1.000000
-0.482669 -0.068158 -0.009064 0.000000
0.195619 0.032671 -0.094409 0.000000
0.069733 -0.003868 -0.496626 1.000000
-0.763709 0.076298 -0.008148 2.000000
0.834308 0.010962 0.066709 0.000000
0.102846 -0.079326 0.075732 0.000000
-0.451361 -0.008785 -0.087556 0.000000
0.402534 0.017580 0.085828 0.000000
0.166325 -0.060520 0.251993 1.000000
-0.077522 -0.094967 -0.015995 0.000000
0.465883 -0.015167 0.083317 0.000000
0.313998 0.100597 0.007650 0.000000
0.476999 0.013630 0.085828 0.000000
0.292080 0.005600 0.085645 0.000000
-0.207671 0.035784 -0.094069 0.000000
-0.074409 0.003194 0.540801 1.000000
-0.487691 0.129420 -0.006291 2.000000
-0.052596 -0.018201 0.433747 1.000000
-0.840998 0.260171 -0.004643 2.000000
-0.001671 0.000029 -0.480096 1.000000
0.070230 -0.039178 -0.129143 1.000000
-0.357332 0.083439 0.051722 0.000000
-0.159074 0.087702 -0.053842 0.000000
0.210998 -0.027591 0.069795 0.000000
0.685850 -0.082020 -0.050337 0.000000
-0.774171 0.066752 0.018687 2.000000
-0.248657 0.066412 -0.078061 0.000000
0.880655 0.032880 0.047432 0.000000
0.180580 -0.017390 -0.242239 1.000000
-0.565111 -0.038105 -0.043066 0.000000
-0.847040 0.086891 0.230938 2.000000
0.022732 -0.027591 0.001948 0.000000
-0.474404 -0.069466 -0.014765 0.000000
-0.760910 0.226247 -0.010031 2.000000
0.558577 0.038896 0.083553 0.000000
0.290458 -0.071087 -0.086614 0.000000
-0.593829 0.068190 -0.006500 2.000000
-0.000206 -0.027643 -0.258664 1.000000
0.999139 -0.041192 -0.004983 0.000000
-0.096249 -0.077574 0.044189 0.000000
-0.624457 0.094607 0.008539 2.000000
-0.083485 0.008687 0.637315 1.000000
-0.529932 -0.048149 -0.041444 0.000000
-0.804302 0.073055 -0.180878 2.000000
0.826670 -0.159126 -0.018584 0.000000
0.326841 -0.032220 -0.240931 3.000000
-0.678547 0.028356 -0.051932 2.000000
-0.138019 0.071564 -0.073432 0.000000
0.724560 0.062436 0.066133 0.000000
0.157589 -0.064313 -0.071680 0.000000
-0.110321 -0.046240 0.010239 0.000000
0.486467 0.067667 0.067807 0.000000
-0.772706 0.050902 -0.012804 2.000000
0.149481 -0.032508 -0.249196 1.000000
-0.139876 -0.019613 0.082376 0.000000
-0.700360 0.056891 -0.041836 2.000000
0.468786 0.085845 0.047223 0.000000
0.241705 -0.050869 0.141147 1.000000
-0.138882 -0.093136 0.015470 0.000000
-0.757248 0.068635 0.019550 2.000000
-0.282240 0.096046 -0.037416 0.000000
0.145819 -0.035176 -0.237348 1.000000
0.054354 -0.100146 -0.029962 0.000000
0.181312 -0.057800 0.223458 1.000000
-0.551118 0.072114 -0.023527 2.000000
0.046036 -0.074121 -0.055045 0.000000
0.373842 -0.039570 0.076334 0.000000
0.183849 -0.025812 -0.129064 1.000000
0.017082 -0.052805 0.089804 1.000000
-0.100199 0.010805 -0.627272 1.000000
-0.781834 0.063927 0.012959 2.000000
0.302438 -0.097269 -0.045812 0.000000
0.129838 -0.072473 0.232142 1.000000
-0.650508 0.196326 0.004877 2.000000
0.158164 0.094215 -0.041339 0.000000
-0.565712 0.096961 -0.019552 2.000000
0.210161 0.018469 -0.095272 0.000000
-0.112779 0.008321 -0.647543 1.000000
0.038347 0.028016 -0.094906 0.000000
-0.364420 0.101068 -0.007207 0.000000
0.178932 -0.085499 -0.081671 0.000000
0.364190 0.097197 0.025148 0.000000
0.820367 0.074494 0.030170 0.000000
-0.659165 0.074284 0.007048 2.000000
-0.063267 -0.095333 -0.008567 0.000000
-0.847066 0.074023 -0.157652 2.000000
-0.863884 0.098452 -0.338621 2.000000
-0.654222 0.047998 -0.059413 2.000000
0.246570 -0.024478 0.022218 0.000000
0.062122 -0.119239 -0.151218 1.000000
0.218583 -0.092430 0.018923 0.000000
0.220911 -0.025708 -0.089178 1.000000
-0.003581 -0.043598 0.074660 0.000000
0.065941 -0.085787 -0.136414 1.000000
0.200013 -0.111628 -0.215822 3.000000
0.239874 -0.085420 -0.081828 0.000000
0.464810 0.000160 0.085044 0.000000
0.173779 -0.042081 -0.239833 1.000000
0.694115 0.074389 -0.066448 0.000000
-0.027905 -0.025629 -0.090171 0.000000
0.937438 -0.067164 -0.017852 0.000000
0.128269 -0.020320 0.082193 0.000000
-0.641301 0.038452 -0.062734 2.000000
0.112026 -0.024845 0.307443 1.000000
0.045958 -0.020712 -0.283957 1.000000
-0.595399 0.025191 0.062210 0.000000
0.216046 -0.098864 -0.039116 0.000000
-0.110478 0.061547 0.071652 0.000000
-0.802811 0.081582 0.005139 2.000000
-0.216616 -0.086624 0.033204 0.000000
0.109175 -0.048411 0.072672 0.000000
-0.132527 0.013002 0.683296 1.000000
0.035313 -0.001645 -0.537219 1.000000
-0.126302 0.032122 -0.816768 1.000000
-0.212902 -0.093790 0.012279 0.000000
-0.238822 0.087807 0.044267 0.000000
0.130335 0.048574 0.079289 0.000000
0.902024 0.055636 -0.021461 0.000000
0.190571 -0.051785 0.249064 3.000000
-0.186930 0.067013 0.068252 0.000000
-0.021418 0.001599 0.564734 1.000000
-0.025786 0.006934 -0.549774 1.000000
0.042531 -0.027591 -0.018192 0.000000
-0.193390 -0.088350 0.029176 0.000000
-0.091410 0.024929 -0.735896 1.000000
0.353336 -0.116022 -0.281184 3.000000
-0.102788 -0.054688 -0.066632 0.000000
0.170667 -0.058245 -0.075707 0.000000
0.181835 -0.003502 0.084625 0.000000
0.314704 -0.031096 0.070606 1.000000
0.024641 -0.016501 -0.092604 0.000000
-0.191742 0.101068 -0.009979 0.000000
0.331705 -0.055316 0.068226 0.000000
0.167711 -0.070590 -0.030328 0.000000
0.180632 -0.021967 -0.181611 1.000000
-0.080399 -0.079797 -0.066344 0.000000
-0.855462 0.088251 -0.257854 2.000000
0.220388 -0.024374 0.213467 1.000000
0.029794 -0.045612 -0.127783 0.000000
-0.674022 0.068321 -0.067730 2.000000
-0.231812 -0.077338 0.049655 0.000000
0.283763 -0.118350 -0.203163 3.000000
0.155627 -0.063921 0.217939 3.000000
0.136299 -0.016239 -0.271193 1.000000
-0.108882 0.014964 0.656591 1.000000
0.004632 -0.052622 0.158488 1.000000
0.289648 -0.045403 0.108610 0.000000
-0.020948 0.015906 0.617123 1.000000
0.831064 -0.037948 -0.070869 0.000000
-0.144872 -0.090338 0.024311 0.000000
-0.105090 -0.027591 0.004119 0.000000
-0.058115 0.022811 -0.705085 1.000000
-0.691049 0.296239 -0.006553 2.000000
0.367146 -0.068341 0.195916 3.000000
0.689590 0.094398 0.024128 0.000000
0.065287 -0.048934 -0.044007 0.000000
0.264041 -0.055106 0.120196 0.000000
0.063822 -0.092325 -0.064487 0.000000
0.405830 0.071303 -0.073667 0.000000
-0.769306 0.347818 -0.009116 2.000000
0.737977 0.048940 -0.081723 0.000000
0.092671 -0.089631 -0.035454 0.000000
0.180789 -0.025525 -0.137251 1.000000
0.839931 -0.043755 -0.066684 0.000000
0.047239 -0.009884 0.451742 1.000000
0.333615 -0.099910 -0.007050 0.000000
-0.758634 0.055766 -0.032786 2.000000
0.234931 -0.039465 -0.197252 1.000000
-0.218238 0.042767 0.081826 0.000000
-0.427638 -0.023877 -0.084862 0.000000
-0.108097 -0.031488 -0.088576 0.000000
0.020142 -0.010956 0.368751 1.000000
-0.793761 0.074206 -0.186999 2.000000
0.288444 -0.027591 -0.031897 0.000000
-0.042474 -0.071480 -0.064958 0.000000
0.000971 -0.010250 -0.395640 1.000000
0.397329 -0.000311 -0.094435 0.000000
0.571184 0.084171 -0.059230 0.000000
0.120370 0.099943 -0.023763 0.000000
0.158008 -0.053223 0.069612 0.000000
0.086132 -0.028506 0.180537 1.000000
-0.701223 0.149010 -0.013275 2.000000
0.318471 -0.044383 0.194347 3.000000
-0.397376 0.078966 -0.066710 0.000000
-0.406949 0.079829 -0.065742 0.000000
-0.006562 -0.049928 -0.140599 1.000000
0.130701 -0.038602 0.027188 0.000000
-0.759942 0.160937 -0.009717 2.000000
0.378785 -0.093110 -0.013458 0.000000
0.173544 -0.065935 -0.219013 3.000000
-0.600708 -0.013702 -0.057608 0.000000
-0.000939 0.090815 0.039559 0.000000
0.657863 0.036621 -0.092368 0.000000
-0.234480 0.027257 0.085541 0.000000
0.008948 0.015356 0.085828 0.000000
0.759895 0.014075 -0.088027 0.000000
0.992077 -0.045743 -0.003702 0.000000
0.793244 -0.029579 0.070057 0.000000
0.139934 -0.006536 -0.093729 0.000000
-0.561083 0.090344 0.030823 2.000000
0.361366 -0.109248 0.196622 3.000000
0.178827 0.030657 -0.094618 0.000000
0.032566 -0.074514 0.065950 0.000000
-0.017181 -0.043755 -0.084051 0.000000
0.286274 -0.044513 -0.024364 0.000000
0.068268 -0.014173 -0.322719 1.000000
0.029611 0.008896 -0.564761 1.000000
-0.554675 0.057807 -0.073772 2.000000
-0.679305 0.078155 -0.067076 2.000000
0.088042 -0.099701 0.023605 0.000000
0.308270 -0.061671 0.081330 0.000000
0.039393 -0.135325 -0.166911 3.000000
0.216883 -0.020398 -0.208080 1.000000
0.050430 -0.075298 -0.129378 1.000000
0.165436 -0.007007 0.084233 0.000000
-0.128211 0.029140 -0.789802 1.000000
0.109568 0.097615 -0.033676 0.000000
0.305158 -0.125935 0.204364 3.000000
0.146290 -0.069047 0.077485 0.000000
0.177049 -0.084531 0.195341 3.000000
0.300450 -0.102134 -0.003911 0.000000
-0.888522 0.089690 0.309692 2.000000
-0.610961 0.046926 0.059987 0.000000
0.054249 -0.042813 -0.121950 0.000000
-0.556898 0.097720 -0.015524 2.000000
0.241234 0.098426 0.022088 0.000000
0.834334 -0.075874 -0.003649 0.000000
-0.789210 0.016272 -0.010319 2.000000
0.101800 -0.029526 0.163091 1.000000
0.734499 -0.027643 0.076700 0.000000
0.213562 -0.056519 0.230389 1.000000
-0.407394 -0.054295 0.059856 0.000000
0.084851 -0.046135 -0.191210 1.000000
0.270188 -0.017809 -0.092316 0.000000
0.003769 -0.019116 0.313302 1.000000
-0.067661 -0.001069 -0.511692 1.000000
0.731909 0.025635 0.081408 0.000000
-0.225300 0.074677 0.060902 0.000000
0.583634 0.096700 0.026299 0.000000
0.271731 -0.096563 -0.296119 3.000000
0.059428 -0.019483 -0.285526 1.000000
0.056760 -0.101166 -0.132622 1.000000
-0.018698 0.010387 0.642860 1.000000
0.075278 -0.069675 0.057319 0.000000
0.712214 -0.059788 -0.073301 0.000000
-0.604187 0.206134 -0.005480 2.000000
0.051686 -0.009884 0.357975 1.000000
0.224128 -0.105743 -0.204601 3.000000
0.814639 -0.118795 0.000483 0.000000
-0.074174 0.026211 0.734377 1.000000
0.345594 -0.059945 0.065139 0.000000
-0.694240 0.168339 0.004302 2.000000
0.205218 -0.056205 -0.133328 0.000000
-0.730570 0.058696 0.051643 2.000000
0.831927 0.070257 -0.040921 0.000000
0.218322 -0.020320 0.180302 1.000000
0.703740 0.082811 -0.054940 0.000000
0.784089 -0.009910 0.074529 0.000000
-0.767789 0.075592 -0.191942 2.000000
0.770619 -0.037896 0.070135 0.000000
0.221408 -0.042761 -0.260208 3.000000
0.560984 -0.074383 0.052611 0.000000
-0.725888 0.031442 0.029803 2.000000
-0.679227 0.126334 0.005322 2.000000
0.785318 -0.047207 0.064982 0.000000
0.091364 -0.018253 -0.379372 1.000000
0.058643 -0.005359 -0.499791 1.000000
-0.536287 0.139987 0.001399 2.000000
0.348916 -0.095281 -0.006448 0.000000
0.180187 0.101068 -0.003362 0.000000
-0.071480 0.024982 -0.729775 1.000000
-0.003633 -0.026440 -0.317096 1.000000
0.064397 -0.057382 -0.141462 1.000000
0.035182 0.072192 0.063361 0.000000
0.054275 -0.053118 0.151426 1.000000
0.844377 -0.050817 0.053212 0.000000
-0.032168 -0.027591 0.012750 0.000000
0.238095 -0.022569 -0.128071 1.000000
-0.016161 0.022889 0.085828 0.000000
0.089193 -0.027094 -0.299362 1.000000
0.102192 -0.030285 0.259160 1.000000
-0.686759 0.145453 -0.014164 2.000000
-0.005516 0.020875 0.085828 0.000000
-0.087513 -0.093162 -0.024809 0.000000
0.172942 -0.031933 -0.038122 0.000000
-0.762322 0.020352 -0.024992 2.000000
0.183064 0.068583 -0.076361 0.000000
0.270214 -0.027591 0.018426 0.000000
0.190571 -0.112988 -0.229266 3.000000
-0.021602 -0.055603 -0.085699 0.000000
-0.668529 0.064973 -0.051304 2.000000
0.250938 -0.098733 0.186343 3.000000
0.131041 -0.043833 0.014921 0.000000
-0.044304 -0.013755 0.428255 1.000000
0.155287 -0.103389 0.249639 3.000000
0.820001 -0.093686 -0.006239 0.000000
0.442657 -0.059579 -0.074844 0.000000
-0.570080 0.078077 -0.056771 2.000000
0.020221 -0.056048 -0.045733 0.000000
0.536659 -0.002325 0.084756 0.000000
-0.260113 0.016690 -0.095219 0.000000
0.254913 -0.064575 -0.092996 0.000000
0.902495 0.043343 0.031111 0.000000
0.942068 -0.065882 0.007519 0.000000
-0.056257 -0.000991 0.545640 1.000000
0.169150 -0.087330 0.031660 0.000000
0.217694 -0.038524 0.076752 0.000000
-0.770744 0.267102 -0.009613 2.000000
0.235140 -0.050895 -0.151846 1.000000
0.212358 -0.108411 0.276030 3.000000
0.199281 -0.042081 -0.024364 0.000000
0.202655 -0.111367 0.270721 3.000000
0.284547 -0.036248 -0.265073 3.000000
-0.785313 0.078679 -0.003492 2.000000
-0.319825 0.092332 -0.045995 0.000000
0.039471 -0.148481 -0.105054 1.000000
-0.037059 0.007693 -0.631719 1.000000
-0.218473 -0.082020 0.041495 0.000000
0.162454 -0.036536 0.219718 1.000000
0.283423 -0.130538 -0.222596 3.000000
-0.074932 -0.027591 0.004354 0.000000
-0.056362 -0.020895 -0.441883 1.000000
-0.152143 0.033090 0.084913 0.000000
-0.015246 -0.016553 -0.408352 1.000000
0.367408 -0.101768 0.271087 3.000000
0.152750 -0.023171 0.177032 1.000000
0.044415 0.053883 0.076412 0.000000
0.312769 -0.072604 0.076962 0.000000
0.034083 -0.028375 0.219299 1.000000
-0.066798 -0.008916 0.442143 1.000000
0.343894 -0.112988 -0.228978 3.000000
-0.009256 -0.015324 0.409370 1.000000
-0.652260 0.056525 0.017275 2.000000
0.108103 -0.072317 0.024442 0.000000
-0.859333 0.343083 -0.004329 2.000000
0.275524 -0.112151 -0.291829 3.000000
0.191905 -0.028951 -0.045106 0.000000
0.015513 -0.024845 0.259945 1.000000
0.288837 -0.025629 -0.101627 0.000000
-0.820257 0.051738 0.010030 2.000000
-0.498807 -0.059553 -0.033650 0.000000
-0.073546 0.024563 0.747978 1.000000
0.214896 -0.041898 -0.242134 1.000000
-0.655294 -0.024740 -0.012411 2.000000
-0.189048 -0.054923 -0.077931 0.000000
0.108809 -0.023511 -0.090773 0.000000
0.253422 -0.094209 0.285185 3.000000
0.058434 -0.073755 0.040109 0.000000
-0.140321 -0.034313 0.078348 0.000000
0.122436 -0.007242 -0.362737 1.000000
-0.375249 0.033299 -0.093912 0.000000
0.281749 -0.080163 -0.054234 0.000000
0.248401 -0.116048 0.274069 3.000000
-0.170635 -0.092509 -0.028052 0.000000
0.005443 -0.073781 0.053212 0.000000
0.040413 -0.068576 -0.086980 0.000000
-0.092326 0.007876 -0.598920 1.000000
0.258183 -0.027591 -0.049343 0.000000
0.819896 -0.039988 0.063387 0.000000
-0.226137 -0.070512 0.056482 0.000000
-0.509138 0.067353 0.064145 0.000000
0.203910 -0.037399 0.210799 1.000000
-0.320610 -0.005751 -0.093075 0.000000
-0.110321 -0.028506 -0.055411 0.000000
0.311644 -0.032743 0.224661 3.000000
-0.445371 0.092436 0.036578 0.000000
-0.131245 0.017841 -0.736393 1.000000
-0.533358 0.068190 -0.005846 2.000000
0.085740 -0.061201 0.202612 1.000000
0.015408 0.004999 0.502771 1.000000
-0.804642 0.055217 0.041286 2.000000
0.102767 -0.043023 0.050806 0.000000
-0.859280 0.437714 -0.005637 2.000000
0.004318 -0.023877 -0.284192 1.000000
-0.054296 -0.096458 0.004145 0.000000
-0.004417 -0.085499 0.035244 0.000000
0.532684 -0.042892 0.074948 0.000000
-0.650142 0.148173 -0.016387 2.000000
-0.775165 0.067746 -0.041130 2.000000
-0.790649 0.328724 -0.000825 2.000000
0.357652 -0.022752 -0.090956 0.000000
0.052549 0.000526 0.085096 0.000000
0.039994 -0.136973 0.137119 1.000000
0.137946 -0.037478 0.063465 0.000000
0.076821 -0.027591 -0.033388 0.000000
0.506633 -0.014461 -0.092839 0.000000
0.100152 0.063273 -0.080023 0.000000
0.140405 -0.061828 -0.117922 0.000000
0.134965 -0.030311 0.129063 1.000000
-0.119763 0.028146 0.767202 1.000000
-0.806708 0.402770 -0.007285 2.000000
-0.813142 0.238933 -0.006788 2.000000
0.483773 -0.046501 -0.082900 0.000000
0.137319 -0.053955 -0.078558 0.000000
0.043473 -0.066667 0.098827 1.000000
0.058957 0.001939 0.458778 1.000000
0.060474 -0.124130 0.137537 1.000000
0.022444 0.005574 -0.515013 1.000000
-0.565189 0.062933 -0.069430 2.000000
0.086786 -0.034993 -0.241899 1.000000
0.077867 -0.048175 0.191365 1.000000
0.111294 -0.023720 -0.327192 1.000000
0.444514 0.099629 -0.026902 0.000000
0.673164 0.098557 0.003988 0.000000
0.772345 -0.062194 0.057397 0.000000
-0.813064 0.378367 -0.007494 2.000000
0.190571 -0.079902 -0.282126 3.000000
-0.727876 0.070806 -0.011810 2.000000
-0.052413 0.020980 0.675423 1.000000
0.062200 -0.084557 -0.082743 0.000000
0.133134 0.100728 0.006525 0.000000
-0.023066 -0.007687 0.480696 1.000000
0.726966 -0.091436 0.020309 0.000000
0.004920 -0.058742 -0.083528 1.000000
0.453956 0.064842 -0.079055 0.000000
0.133552 -0.030965 -0.133537 1.000000
-0.294925 -0.031540 -0.087687 0.000000
-0.132579 0.019907 -0.755382 1.000000
-0.071428 -0.009256 0.472850 1.000000
0.022706 -0.012891 -0.431813 1.000000
-0.675539 0.075357 -0.005533 2.000000
0.196404 -0.040669 -0.246685 1.000000
0.178958 -0.027146 0.105549 1.000000
0.606939 -0.093267 0.014790 0.000000
-0.467917 0.042715 0.080309 0.000000
-0.266991 -0.076763 0.048923 0.000000
0.005783 -0.018123 0.381960 1.000000
0.019776 -0.028637 -0.294053 1.000000
0.263335 0.035810 0.084625 0.000000
-0.534064 0.021346 0.072332 0.000000
-0.129362 0.012950 -0.662896 1.000000
0.024092 0.002880 0.479938 1.000000
0.687000 -0.037791 0.075785 0.000000
0.554628 -0.011191 0.083762 0.000000
-0.066040 -0.045063 -0.079422 0.000000
0.354330 -0.045926 -0.081462 0.000000
0.168208 -0.057434 0.230389 1.000000
0.188086 -0.018280 0.216971 1.000000
0.436039 0.072846 -0.072176 0.000000
-0.088193 0.003377 0.589817 1.000000
-0.796010 0.074703 0.181688 2.000000
0.311095 -0.130225 0.226021 3.000000
-0.712758 0.086604 -0.024783 2.000000
0.428324 -0.001906 -0.094252 0.000000
-0.754057 0.263702 -0.010554 2.000000
-0.713046 0.254521 -0.012202 2.000000
-0.305885 0.010073 0.085462 0.000000
0.048887 -0.074043 -0.044059 0.000000
0.742371 0.048704 0.071704 0.000000
-0.615277 0.205297 -0.000589 2.000000
0.026551 -0.127217 0.109263 1.000000
-0.005961 -0.016109 -0.411386 1.000000
-0.641144 0.137240 0.007650 2.000000
0.170798 0.098975 -0.029465 0.000000
-0.047312 -0.003999 0.466363 1.000000
-0.106816 0.094921 0.030326 0.000000
-0.813378 0.023020 -0.007102 2.000000
0.090448 -0.041872 0.086273 1.000000
0.094136 -0.059579 -0.246685 1.000000
-0.689218 0.079516 -0.052220 2.000000
-0.402869 -0.057408 -0.066919 0.000000
0.182934 -0.091358 -0.068149 0.000000
-0.002037 -0.062979 -0.126057 1.000000
-0.137104 0.009471 -0.661274 1.000000
0.041485 -0.027591 0.031660 0.000000
0.561716 -0.093136 0.015470 0.000000
0.009759 0.061521 0.071678 0.000000
0.200510 -0.070250 -0.202483 3.000000
0.305969 -0.031253 -0.088628 0.000000
0.298017 -0.110765 -0.196728 3.000000
0.002200 -0.094339 0.009585 0.000000
0.476894 -0.060311 0.064904 0.000000
0.719825 -0.088873 0.027319 0.000000
-0.080791 0.024014 0.761134 1.000000
0.213509 -0.047626 0.160528 1.000000
-0.051497 -0.006326 -0.505964 1.000000
-0.743700 0.070858 -0.152552 2.000000
0.004972 -0.027591 0.045314 0.000000
0.050561 -0.034784 -0.246685 1.000000
0.873698 -0.006667 0.056220 0.000000
0.140588 -0.080922 -0.265203 3.000000
-0.030651 0.063901 -0.079631 0.000000
-0.625007 -0.012970 -0.051148 2.000000
-0.845810 0.426519 -0.006003 2.000000
-0.047443 -0.021549 -0.364646 1.000000
-0.633978 -0.031436 -0.001557 2.000000
0.124738 -0.026492 0.164216 1.000000
0.929278 0.031730 0.022820 0.000000
0.182907 -0.052203 0.141853 1.000000
0.103526 -0.018960 -0.371316 1.000000
-0.334185 -0.068289 0.052820 0.000000
-0.825409 0.303746 -0.006997 2.000000
0.099158 -0.096903 0.037833 0.000000
0.133421 -0.017730 -0.376102 1.000000
0.648473 -0.081994 -0.050677 0.000000
-0.271569 -0.092168 -0.022246 0.000000
-0.284646 -0.079614 0.041416 0.000000
-0.121777 0.021189 0.755956 1.000000
0.332464 0.087336 -0.054391 0.000000
0.128033 -0.052883 -0.153991 1.000000
-0.774955 0.077763 -0.107408 2.000000
-0.805636 0.092279 0.235019 2.000000
0.151155 -0.023275 -0.325230 1.000000
-0.080268 -0.004888 -0.523043 1.000000
-0.360706 -0.086990 -0.011941 0.000000
0.026838 -0.014225 -0.424150 1.000000
0.188714 -0.027591 -0.079343 0.000000
0.198522 -0.058350 0.115802 1.000000
0.282952 -0.039413 -0.126187 0.000000
-0.529356 0.103500 0.013247 2.000000
-0.041950 0.011093 0.583252 1.000000
-0.002691 -0.010459 0.452893 1.000000
0.250493 -0.122901 -0.216842 3.000000
-0.739279 0.071774 -0.031793 2.000000
-0.006039 0.085662 0.047511 0.000000
-0.581275 0.058120 0.060614 2.000000
-0.137392 0.100858 -0.014530 0.000000
-0.080294 -0.086336 -0.044373 0.000000
-0.666463 0.199726 0.004930 2.000000
0.596581 0.031050 0.085148 0.000000
0.160911 -0.025498 0.231880 1.000000
0.192036 -0.094339 -0.056849 0.000000
-0.731590 0.091155 0.002340 2.000000
0.868990 -0.081000 -0.026352 0.000000
0.304164 -0.057382 0.089019 0.000000
0.070910 -0.048044 0.021564 0.000000
-0.033136 0.100126 0.012462 0.000000
0.182332 0.047632 -0.089151 0.000000
-0.623777 0.121678 0.008984 2.000000
-0.725051 0.081843 0.087450 2.000000
0.181050 -0.030677 -0.061400 0.000000
0.116342 -0.027617 0.080179 0.000000
0.167894 -0.024609 -0.244331 1.000000
0.118644 -0.034940 -0.240146 1.000000
0.443389 0.058277 0.073692 0.000000
-0.422485 -0.077051 0.014398 0.000000
0.445638 -0.019797 0.082350 0.000000
-0.667666 0.085113 -0.015942 2.000000
-0.758530 0.087441 0.175149 2.000000
0.129106 -0.099910 0.022218 0.000000
0.146395 -0.093999 0.215794 3.000000
0.567156 0.101068 -0.001897 0.000000
0.118199 -0.047495 0.171618 1.000000
0.197345 -0.028977 -0.261437 1.000000
0.236081 0.069916 -0.075027 0.000000
0.322499 -0.097923 0.031608 0.000000
-0.771921 0.071721 -0.064147 2.000000
-0.101166 0.014362 0.691116 1.000000
-0.429756 -0.062665 0.045549 0.000000
-0.104750 0.023909 0.724229 1.000000
-0.306878 -0.073807 -0.058602 0.000000
0.141948 -0.043389 -0.198245 1.000000
0.759555 -0.093947 0.002236 0.000000
0.221042 -0.092901 0.052846 0.000000
0.850210 0.020457 0.061713 0.000000
-0.540525 0.095627 -0.030328 2.000000
-0.026048 -0.019587 -0.382249 1.000000
0.048547 -0.122640 0.120563 1.000000
0.153195 -0.029291 0.115985 1.000000
-0.720944 0.083727 -0.115542 2.000000
0.217197 -0.121881 0.249378 3.000000
-0.185125 0.056185 0.075000 0.000000
0.035496 -0.044670 -0.323844 1.000000
0.611176 -0.069309 -0.067129 0.000000
0.157589 0.080693 0.055017 0.000000
0.377870 -0.095281 0.002994 0.000000
0.265271 -0.110477 0.282203 3.000000
0.277198 0.015984 -0.095272 0.000000
0.296239 -0.072003 -0.188333 3.000000
0.365708 -0.123006 -0.233738 3.000000
-0.788661 0.073395 -0.180224 2.000000
0.696913 -0.064130 0.061190 0.000000
0.052837 -0.024295 0.304670 1.000000
0.198967 -0.058271 0.270538 3.000000
-0.243556 -0.079640 0.045758 0.000000
0.018155 -0.022438 -0.287252 1.000000
0.089219 -0.059657 -0.130765 1.000000
-0.877903 0.437164 -0.004303 2.000000
-0.122221 -0.091985 -0.029726 0.000000
0.365812 -0.027591 0.039298 0.000000
0.622344 0.099969 -0.019473 0.000000
0.217956 -0.098053 0.033491 0.000000
-0.113512 0.019777 -0.707099 1.000000
0.141033 -0.034051 0.230389 1.000000
0.045042 -0.026440 0.301401 1.000000
-0.794650 0.055505 -0.050703 2.000000
-0.025211 -0.095281 -0.002472 0.000000
-0.004574 -0.034810 -0.219876 1.000000
0.147336 -0.048724 -0.171933 1.000000
0.283632 -0.067242 -0.026012 0.000000
0.619598 -0.090861 -0.032446 0.000000
0.421052 0.100832 -0.014818 0.000000
0.271914 -0.027591 -0.062656 0.000000
-0.032299 -0.025865 -0.326067 1.000000
-0.071035 -0.087801 0.040239 0.000000
0.354251 0.100335 0.010291 0.000000
0.043839 -0.056283 -0.211506 1.000000
0.007719 -0.027591 -0.015367 0.000000
0.019959 -0.074880 0.060353 0.000000
0.082471 -0.071793 0.074451 1.000000
0.124293 -0.027591 -0.003989 0.000000
-0.073886 0.101068 -0.006736 0.000000
-0.023459 -0.010773 0.452553 1.000000
-0.763002 0.169856 0.000143 2.000000
-0.043337 -0.001122 -0.552233 1.000000
0.030552 -0.027094 -0.238865 1.000000
-0.727954 0.063744 -0.097469 2.000000
-0.018541 -0.011793 0.434453 1.000000
-0.011584 -0.008131 -0.420488 1.000000
-0.130957 -0.013179 0.083553 0.000000
0.439570 0.099420 0.018269 0.000000
0.256823 -0.033005 0.152106 1.000000
0.406981 -0.061410 -0.073615 0.000000
0.340441 -0.128158 0.238131 3.000000
0.342665 0.021634 0.085828 0.000000
0.278453 -0.022569 0.065950 1.000000
-0.012159 -0.091384 0.057371 0.000000
-0.171001 0.090370 -0.049787 0.000000
-0.672923 0.126569 -0.015158 2.000000
0.781526 -0.090102 -0.027085 0.000000
0.162402 -0.059082 -0.240199 1.000000
-0.525014 0.042846 -0.083136 0.000000
-0.813142 0.083779 -0.260809 2.000000
0.106089 -0.015821 0.390146 1.000000
-0.031148 0.006908 0.614298 1.000000
-0.285169 -0.044226 0.073457 0.000000
0.021189 -0.018750 -0.445728 1.000000
0.214189 -0.083511 -0.083214 0.000000
-0.693769 0.080928 0.073300 2.000000
0.239298 -0.015952 0.083239 0.000000
0.109960 -0.098446 0.031948 0.000000
-0.101977 0.030945 0.791684 1.000000
-0.768155 0.053072 -0.027660 2.000000
0.014728 -0.021784 0.347618 1.000000
0.134337 -0.008000 -0.365509 1.000000
-0.748329 0.122410 -0.010450 2.000000
0.088146 -0.051941 0.212603 1.000000
0.276701 0.050902 -0.087713 0.000000
0.352237 0.073447 0.062131 0.000000
-0.451204 0.086734 -0.020389 0.000000
-0.550124 -0.046057 0.025880 0.000000
0.140405 0.081399 -0.063467 0.000000
-0.096066 -0.080085 -0.044452 0.000000
-0.783142 0.113884 -0.006788 2.000000
-0.758033 0.129734 0.000195 2.000000
-0.733290 0.055714 -0.039979 2.000000
-0.056990 -0.095883 -0.016596 0.000000
0.252716 -0.100303 0.019367 0.000000
0.273379 -0.022569 0.047563 0.000000
-0.790230 0.413284 -0.005402 2.000000
-0.075142 0.066176 0.068775 0.000000
-0.749480 0.298593 0.001294 2.000000
0.124450 -0.075089 0.051905 0.000000
-0.381657 0.067850 0.068121 0.000000
0.727646 -0.084923 -0.044190 0.000000
0.828946 -0.059291 0.051695 0.000000
0.650121 0.099551 -0.010842 0.000000
0.807969 -0.158394 0.015313 0.000000
0.070125 -0.077966 -0.085620 0.000000
0.021973 -0.041872 0.148287 1.000000
0.156124 0.012401 0.085828 0.000000
0.456310 -0.084426 0.037127 0.000000
0.290485 -0.056833 -0.076675 0.000000
0.338244 -0.027591 -0.071287 0.000000
0.023438 -0.044461 0.130214 1.000000
0.203570 -0.043912 0.179621 1.000000
0.158400 -0.027983 0.123047 1.000000
0.039681 -0.004469 -0.418108 1.000000
0.025975 -0.004993 0.498822 1.000000
-0.883657 0.090632 -0.301978 2.000000
-0.805086 0.066229 0.051486 2.000000
0.447182 -0.034208 -0.087817 0.000000
-0.110321 -0.039073 -0.057582 0.000000
0.387129 0.091102 0.038879 0.000000
-0.492399 0.100832 0.002183 2.000000
0.198313 -0.091802 -0.290208 3.000000
-0.861373 0.094921 0.336502 2.000000
0.064711 -0.005306 -0.398570 1.000000
-0.808277 0.052968 0.025645 2.000000
0.801927 -0.136476 0.004720 0.000000
-0.250226 0.097432 0.024625 0.000000
-0.600107 0.105540 0.010710 2.000000
-0.528362 0.117179 -0.019343 2.000000
0.243850 -0.060259 -0.246685 3.000000
-0.442416 -0.060965 -0.053920 0.000000
0.142942 -0.048960 -0.087373 0.000000
0.048678 -0.116310 0.112559 1.000000
0.376745 -0.014958 0.083343 0.000000
0.311854 -0.046632 -0.082848 0.000000
0.088722 -0.090808 0.060719 0.000000
0.190571 -0.066301 0.201487 3.000000
-0.841652 0.069943 -0.127495 2.000000
0.030945 -0.022072 -0.352379 1.000000
-0.025133 -0.027591 -0.071627 0.000000
0.096725 -0.027591 0.033099 0.000000
0.233989 -0.120495 0.262456 3.000000
0.271679 -0.091305 -0.031348 0.000000
0.870768 0.032043 -0.060511 0.000000
-0.722645 0.332752 -0.003048 2.000000
0.048913 0.067379 -0.077460 0.000000
0.799730 0.057205 -0.066422 0.000000
0.332255 0.007614 -0.095272 0.000000
-0.011558 -0.016135 0.417819 1.000000
-0.518031 0.081294 0.050126 0.000000
-0.869664 0.098661 0.334958 2.000000
0.713810 0.094267 -0.031479 0.000000
-0.539583 0.098426 0.006604 2.000000
0.007222 -0.069910 0.077354 0.000000
-0.036353 -0.025289 0.322090 1.000000
-0.757327 0.073264 0.163431 2.000000
-0.100094 0.010099 0.611996 1.000000
0.234015 -0.028872 0.230389 1.000000
0.571472 0.071460 -0.073510 0.000000
0.895459 -0.081288 -0.006526 0.000000
-0.538903 0.068190 0.006316 2.000000
0.182751 -0.049326 0.219927 1.000000
0.738396 0.068138 -0.067730 0.000000
0.256613 -0.064104 -0.071810 0.000000
0.038242 -0.059788 -0.134636 1.000000
-0.122169 -0.094496 0.008748 0.000000
0.160021 -0.103285 0.221496 3.000000
0.605212 -0.095124 -0.015158 0.000000
-0.674728 0.060997 -0.063650 2.000000
0.035548 -0.027591 -0.038541 0.000000
0.041433 -0.093895 -0.021147 0.000000
0.176682 -0.033894 -0.246685 1.000000
0.078966 -0.027591 -0.082586 0.000000
0.035103 -0.010538 -0.456608 1.000000
-0.770431 0.050509 0.000012 2.000000
0.056969 -0.046815 0.181243 1.000000
0.868807 0.053543 0.037127 0.000000
0.818562 -0.151855 -0.012595 0.000000
0.008948 -0.038628 -0.186502 1.000000
-0.509190 0.045461 0.075785 0.000000
0.822982 0.054982 0.052794 0.000000
0.152776 -0.099230 0.226100 3.000000
0.176970 -0.095281 0.002811 0.000000
-0.809114 0.087964 -0.209388 2.000000
0.279002 -0.092535 -0.063702 0.000000
0.295193 -0.066719 0.058574 0.000000
-0.057879 0.017580 -0.655468 1.000000
0.349674 -0.027591 -0.008645 0.000000
0.045095 -0.027591 -0.039430 0.000000
-0.112361 0.019227 0.736810 1.000000
-0.041610 -0.018803 0.382012 1.000000
-0.665914 0.154032 0.006002 2.000000
-0.001096 0.003822 0.582519 1.000000
-0.098969 -0.027591 0.019760 0.000000
-0.846987 0.363615 -0.006239 2.000000
0.138051 -0.094915 0.006760 0.000000
-0.566942 0.068923 0.055828 2.000000
-0.610778 -0.027800 -0.039901 0.000000
-0.771215 0.075383 0.181662 2.000000
0.045042 -0.039675 -0.213546 1.000000
0.293388 -0.100852 -0.024992 0.000000
0.068687 -0.059814 -0.131889 1.000000
-0.066772 0.018626 0.724857 1.000000
0.100753 -0.014879 0.399536 1.000000
0.424139 0.100204 0.011652 0.000000
0.496197 -0.032874 0.078740 0.000000
-0.283103 0.046403 -0.089753 0.000000
0.038739 -0.036562 -0.176903 1.000000
-0.013232 0.003142 -0.511953 1.000000
0.035966 -0.090861 0.125977 1.000000
-0.101532 -0.069623 0.054651 0.000000
0.043865 -0.015272 0.083317 0.000000
-0.839141 0.082419 0.193170 2.000000
0.266343 0.091678 0.037624 0.000000
0.210946 -0.046083 0.168349 1.000000
0.123273 -0.061985 0.109656 1.000000
0.328070 -0.038419 0.203371 3.000000
0.318026 -0.064208 0.028966 3.000000
-0.538118 0.068190 -0.016910 2.000000
-0.785078 0.067719 -0.025751 2.000000
0.313789 0.044337 -0.090590 0.000000
0.318994 -0.027591 -0.072281 0.000000
-0.615669 0.086917 0.029803 2.000000
0.334504 -0.059657 -0.216973 3.000000
0.041590 -0.034391 -0.247522 1.000000
0.053255 -0.067844 0.093570 1.000000
0.055661 -0.093816 0.123649 1.000000
0.849452 -0.084897 -0.023972 0.000000
-0.461718 0.087336 -0.054888 0.000000
-0.791433 0.081477 -0.148629 2.000000
-0.005987 -0.100721 0.016386 0.000000
0.288340 -0.054976 -0.287775 3.000000
0.592082 0.100335 -0.019813 0.000000
0.517356 -0.080399 0.044372 0.000000
-0.091044 -0.003345 -0.538579 1.000000
0.388227 -0.073650 0.013666 0.000000
-0.146991 0.020875 0.727577 1.000000
0.217799 -0.024348 -0.242187 1.000000
-0.224724 0.030788 0.085174 0.000000
0.660636 0.034659 0.083448 0.000000
0.070518 -0.011767 0.331323 1.000000
0.086682 -0.041453 -0.084993 0.000000
-0.743569 0.063718 0.090902 2.000000
0.043211 -0.086257 0.070815 0.000000
-0.823421 0.076272 -0.146170 2.000000
0.498185 -0.005803 0.084364 0.000000
-0.110321 -0.056989 0.001425 0.000000
0.785789 0.006777 0.075549 0.000000
-0.026990 0.099760 -0.025489 0.000000
0.009733 -0.002665 -0.094173 0.000000
0.308898 -0.027591 -0.054051 0.000000
0.077344 -0.047260 0.014921 0.000000
0.107423 -0.058036 -0.246685 1.000000
-0.279651 0.027022 -0.094906 0.000000
-0.859280 0.334426 -0.004931 2.000000
0.295533 -0.076031 -0.060407 0.000000
-0.538406 -0.055132 0.000039 0.000000
-0.005516 0.014075 -0.631980 1.000000
0.729320 -0.077521 0.047511 0.000000
-0.045900 0.006934 0.085802 0.000000
0.035103 -0.007163 -0.487393 1.000000
-0.386705 0.097537 0.024546 0.000000
-0.688067 0.073238 0.033177 2.000000
-0.759733 0.322891 -0.009927 2.000000
0.360293 -0.052412 0.266274 3.000000
0.030343 -0.027591 0.027554 0.000000
-0.235317 0.075749 -0.069299 0.000000
0.149062 -0.071113 0.229395 1.000000
0.005025 0.009445 0.547863 1.000000
0.443703 -0.002926 -0.094147 0.000000
-0.739933 0.056708 -0.006945 2.000000
-0.288596 -0.046213 -0.081932 0.000000
0.191643 -0.021575 0.169656 1.000000
-0.391648 0.087231 -0.055254 0.000000
0.075618 0.040047 0.083030 0.000000
0.001834 -0.012656 -0.375867 1.000000
-0.819210 0.086551 0.200677 2.000000
0.683469 -0.000389 -0.092865 0.000000
-0.078673 -0.010119 0.465971 1.000000
0.140980 -0.100643 -0.026326 0.000000
0.234983 -0.107940 -0.204026 3.000000
-0.002404 -0.010956 0.382744 1.000000
0.584288 -0.066929 -0.069509 0.000000
0.352185 -0.056283 -0.263215 3.000000
0.076220 -0.011819 0.430373 1.000000
-0.816516 0.085348 -0.199370 2.000000
0.055243 -0.147487 0.115959 1.000000
-0.711162 0.065444 -0.106126 2.000000
0.307172 -0.068315 0.285734 3.000000
0.324513 -0.099152 -0.030537 0.000000
0.129995 -0.026728 -0.297427 1.000000
-0.065778 0.023805 0.733776 1.000000
0.083020 0.014179 -0.095272 0.000000
0.380799 -0.086022 -0.035925 0.000000
-0.816255 0.077475 -0.215534 2.000000
0.901422 0.035548 -0.047643 0.000000
0.089350 -0.035124 0.138087 1.000000
-0.668738 0.172524 0.005871 2.000000
0.296448 -0.032168 -0.024364 0.000000
0.048600 -0.047966 0.072855 0.000000
0.628648 -0.003031 -0.093781 0.000000
-0.578685 0.112001 0.012044 2.000000
-0.372973 0.092096 -0.046832 0.000000
-0.028271 -0.021183 0.320442 1.000000
0.195514 -0.053092 -0.216502 1.000000
0.248898 -0.030206 0.237242 1.000000
0.056394 0.011904 -0.095272 0.000000
0.056786 -0.029736 0.269936 1.000000
0.139620 0.088513 -0.052612 0.000000
0.198705 -0.024531 0.126160 1.000000
0.322054 -0.058690 0.210145 3.000000
-0.052779 -0.027591 -0.073040 0.000000
0.249473 -0.079457 0.183362 3.000000
0.976567 -0.051314 0.006080 0.000000
0.096359 0.084328 -0.058994 0.000000
-0.084191 0.026655 -0.776724 1.000000
0.410198 0.086211 0.046674 0.000000
0.112863 -0.039936 0.237242 1.000000
0.227607 0.099263 0.018844 0.000000
0.829469 0.076011 -0.030877 0.000000
-0.259302 -0.074095 -0.061819 0.000000
0.506737 -0.090573 -0.033153 0.000000
-0.617918 -0.036196 0.000091 0.000000
0.406458 0.097563 0.024337 0.000000
-0.057121 0.005940 -0.561596 1.000000
-0.567909 -0.000363 0.062079 0.000000
-0.033241 0.009524 -0.647857 1.000000
-0.126929 -0.071637 -0.064801 0.000000
-0.724371 0.043316 0.031791 2.000000
-0.628381 -0.021837 0.031582 2.000000
-0.756908 0.068164 0.126081 2.000000
0.310964 -0.029579 -0.024364 0.000000
0.393406 -0.027591 -0.014661 0.000000
0.022470 -0.002455 0.084756 0.000000
0.332255 -0.089684 0.266091 3.000000
-0.230426 0.039001 0.083500 0.000000
0.259334 -0.054400 0.068827 0.000000
0.274373 -0.044356 -0.205804 3.000000
-0.441029 -0.010642 0.078348 0.000000
-0.827266 0.222481 -0.005166 2.000000
0.110274 -0.066432 0.237242 1.000000
0.689014 -0.063188 -0.071366 0.000000
-0.340880 0.028382 0.085122 0.000000
0.895930 0.014049 0.050362 0.000000
0.314678 -0.091985 -0.065821 0.000000
0.209272 -0.055211 -0.024364 0.000000
-0.018149 -0.013467 -0.381699 1.000000
-0.387803 -0.067269 -0.059256 0.000000
-0.296809 0.071564 -0.073589 0.000000
0.113256 0.003377 -0.094853 0.000000
-0.335676 0.072401 0.063596 0.000000
0.004318 -0.090730 0.023317 0.000000
0.103160 -0.039648 0.087371 1.000000
0.116237 -0.094261 -0.019447 0.000000
-0.710247 0.053125 0.006944 2.000000
0.030474 -0.027591 -0.027922 0.000000
0.924204 -0.069283 -0.023632 0.000000
0.125470 0.099864 0.015078 0.000000
0.476946 0.017344 -0.095272 0.000000
0.520574 -0.027015 -0.089805 0.000000
