-0.760489 0.067027 -0.015251 0.000000
-0.236086 0.043090 -0.907910 1.000000
0.350598 -0.131342 -0.280250 3.000000
0.867825 0.059187 -0.043759 0.000000
0.558331 0.071460 0.082133 0.000000
-0.234203 0.050792 -0.896191 1.000000
-0.482856 -0.011794 0.091331 0.000000
-0.883362 0.060794 0.335995 2.000000
-0.589161 0.149284 0.009601 2.000000
0.357358 -0.095768 -0.267783 3.000000
0.808259 0.083179 -0.029270 0.000000
0.318931 0.031897 -0.083516 0.000000
-0.724251 0.240489 0.020766 2.000000
-0.072848 0.048493 -0.077199 0.000000
-0.029545 -0.007860 -0.389076 1.000000
-0.430466 0.103321 0.014532 0.000000
0.164890 -0.014260 0.367080 1.000000
0.604155 0.006325 0.106873 0.000000
-0.216942 0.069077 -0.064511 0.000000
0.730269 0.096783 -0.023590 0.000000
0.142283 -0.027697 0.123690 1.000000
0.795071 0.046609 -0.069248 0.000000
0.810586 -0.004313 -0.075399 0.000000
0.069834 -0.036590 -0.275319 1.000000
0.580689 0.045362 0.098313 0.000000
0.008217 -0.073826 -0.085456 0.000000
-0.853219 0.239187 0.009767 2.000000
0.177385 -0.090421 0.040824 0.000000
0.103024 -0.026505 0.399163 1.000000
0.176388 -0.040302 0.104990 0.000000
0.181569 -0.008525 0.296210 1.000000
0.055898 -0.030772 0.344390 1.000000
-0.539929 -0.053601 -0.020958 0.000000
0.068088 -0.028943 -0.346493 1.000000
0.785901 -0.040884 0.089114 0.000000
0.009132 0.002419 0.584316 1.000000
0.221547 -0.052908 0.202567 1.000000
-0.345051 -0.090255 0.007994 0.000000
0.769998 -0.057341 0.079667 0.000000
-0.698014 0.199319 -0.002229 2.000000
0.253103 -0.069116 -0.248306 3.000000
-0.085509 -0.012985 0.448367 1.000000
0.752599 0.050210 -0.073348 0.000000
-0.838119 0.034806 0.098063 2.000000
0.293386 -0.024040 0.308789 1.000000
-0.746110 0.032922 -0.106428 2.000000
0.407365 -0.050747 0.087979 0.000000
-0.623017 -0.012708 -0.007549 0.000000
0.035507 -0.089147 0.086510 0.000000
-0.830168 0.215471 0.008548 2.000000
0.126380 -0.029747 -0.348211 1.000000
-0.487511 0.007655 0.095376 0.000000
-0.245257 0.038352 0.845326 1.000000
-0.621133 0.094843 0.016250 2.000000
0.150677 -0.007998 0.242435 1.000000
0.120091 -0.000712 -0.386915 1.000000
0.656989 -0.047007 0.090777 0.000000
-0.498981 -0.012708 0.024617 0.000000
0.253325 -0.077981 -0.241962 3.000000
-0.722146 0.066695 0.042653 0.000000
0.417783 -0.012708 -0.078058 0.000000
-0.125211 -0.012708 0.031155 0.000000
-0.754339 0.040320 0.039882 0.000000
0.385783 -0.120537 0.280031 3.000000
0.307184 -0.145416 -0.300974 3.000000
0.303637 -0.012708 -0.072684 0.000000
-0.017770 -0.078536 -0.081411 0.000000
-0.227664 0.055668 0.093159 0.000000
-0.046223 -0.054127 -0.093490 1.000000
0.636293 -0.087124 0.033316 0.000000
0.336690 -0.081251 -0.329344 3.000000
-0.701062 0.215250 0.009767 2.000000
-0.171201 0.043783 -0.815071 1.000000
-0.185248 0.036247 0.787256 1.000000
0.026752 -0.053407 0.096678 1.000000
0.189326 -0.009688 -0.262325 1.000000
0.568942 -0.083910 0.042902 0.000000
-0.131860 -0.089534 0.000984 0.000000
0.462222 -0.012708 0.078891 0.000000
0.405177 0.086393 0.065343 0.000000
-0.569213 -0.012708 0.023897 0.000000
-0.012478 -0.019080 0.104990 0.000000
0.809949 -0.084631 0.003090 0.000000
-0.223979 0.027132 -0.744949 1.000000
0.885556 -0.012708 0.032901 0.000000
-0.118063 0.044558 0.098700 0.000000
-0.668398 0.039821 -0.040906 0.000000
0.092330 -0.013068 0.264183 1.000000
0.710072 0.103072 0.018023 0.000000
-0.294655 0.036385 -0.082048 0.000000
-0.047221 0.023170 -0.654713 1.000000
-0.245008 0.051734 -0.910182 1.000000
0.682810 -0.090421 0.009684 0.000000
0.072937 0.007461 -0.420106 1.000000
0.037640 -0.050443 -0.144994 1.000000
0.142172 -0.058311 -0.109171 1.000000
-0.810082 0.203309 0.007135 2.000000
-0.138121 0.026578 0.796344 1.000000
0.311866 0.094234 -0.030793 0.000000
-0.117619 0.019291 -0.613903 1.000000
0.489927 0.017851 0.105821 0.000000
-0.162058 -0.006862 0.105571 0.000000
-0.662967 0.134794 0.002813 2.000000
-0.828755 0.275065 0.009767 2.000000
0.140343 -0.037227 0.299480 1.000000
-0.340673 0.089164 -0.040989 0.000000
0.022763 -0.090421 0.000181 0.000000
0.631057 -0.074989 0.062047 0.000000
0.479371 0.082071 0.070774 0.000000
0.080279 -0.149821 0.164750 3.000000
-0.793652 0.027270 -0.032816 2.000000
0.293664 -0.128516 -0.327294 3.000000
-0.713114 0.004691 -0.030184 0.000000
-0.339621 -0.064018 0.076564 0.000000
-0.224118 0.042647 0.924840 1.000000
0.040910 -0.026865 -0.200432 1.000000
-0.476013 0.034945 -0.074429 0.000000
0.462055 -0.090172 0.012316 0.000000
0.019355 -0.027946 -0.213010 1.000000
0.307682 -0.118680 0.280335 3.000000
0.015532 -0.022072 0.408943 1.000000
0.050108 -0.009799 0.509180 1.000000
-0.186190 0.102628 0.022373 0.000000
0.025921 0.098916 -0.018631 0.000000
0.816293 0.048493 0.082798 0.000000
0.382209 -0.061303 -0.258890 3.000000
-0.473547 -0.071415 0.002674 0.000000
-0.199433 0.031232 0.823051 1.000000
0.423656 0.053341 -0.074789 0.000000
-0.180898 0.031786 -0.824213 1.000000
-0.124324 -0.024427 -0.081549 0.000000
-0.343610 -0.046564 0.090998 0.000000
0.379134 -0.051772 0.295407 3.000000
0.017582 -0.050332 -0.140090 1.000000
0.810641 0.026993 0.092467 0.000000
-0.800967 0.047855 -0.180179 2.000000
0.044650 -0.039831 -0.102605 1.000000
0.062991 -0.087900 -0.064704 0.000000
-0.555444 -0.053601 -0.012591 0.000000
0.124662 -0.080586 0.101249 0.000000
-0.764202 0.182918 0.005140 2.000000
-0.778858 0.210124 0.004281 2.000000
0.188356 0.050543 -0.076174 0.000000
0.390438 -0.108346 -0.240217 3.000000
-0.042899 0.102961 0.000513 0.000000
-0.181563 0.016715 0.687573 1.000000
-0.748271 0.268721 0.019547 2.000000
0.095322 -0.057452 -0.102882 1.000000
0.112029 0.006796 -0.087395 0.000000
-0.090108 -0.002984 -0.512087 1.000000
-0.152306 0.004524 -0.562954 1.000000
0.058890 0.103875 0.009767 0.000000
-0.592014 0.049490 0.074846 0.000000
-0.329979 0.101326 -0.011538 0.000000
0.298401 -0.066595 0.258337 3.000000
0.467153 -0.012708 -0.016498 0.000000
-0.541259 0.065116 -0.059773 0.000000
-0.863719 0.341585 0.011845 2.000000
-0.830168 0.056084 0.280585 2.000000
-0.688899 0.267335 -0.005000 2.000000
0.332340 -0.142451 -0.312804 3.000000
0.896804 0.007406 -0.054481 0.000000
-0.392011 0.021923 -0.084320 0.000000
0.081331 -0.156997 0.154554 3.000000
0.830312 -0.149156 0.023093 3.000000
0.249723 0.092848 -0.033592 0.000000
0.353728 -0.034734 -0.301611 3.000000
0.294107 -0.056870 0.279837 3.000000
0.193953 -0.067592 -0.302110 3.000000
-0.730623 0.263761 0.004060 2.000000
-0.493440 0.081379 -0.048275 0.000000
-0.806341 0.038186 -0.010236 0.000000
0.159543 -0.027253 0.352729 1.000000
0.197637 0.036025 -0.082159 0.000000
0.033900 -0.071886 0.166162 1.000000
0.269311 -0.105659 0.357910 3.000000
0.280282 -0.084991 -0.077477 0.000000
-0.063899 -0.080890 -0.081438 0.000000
-0.111413 0.021203 0.640835 1.000000
-0.125321 0.029625 -0.680036 1.000000
0.753791 0.097808 0.032042 0.000000
0.920326 -0.012708 0.002508 0.000000
0.086872 -0.033210 -0.112967 1.000000
0.200353 -0.011822 -0.165634 1.000000
0.228058 -0.055984 -0.158015 1.000000
-0.862417 0.380788 0.013092 2.000000
0.239805 -0.062051 0.126849 1.000000
0.235039 -0.062577 -0.100029 1.000000
0.096043 0.002613 -0.330757 1.000000
0.158185 -0.012708 0.095210 0.000000
0.015781 -0.160016 -0.167241 3.000000
-0.039685 0.024084 0.602408 1.000000
-0.015277 -0.138489 -0.156713 3.000000
0.978258 0.018017 -0.017412 0.000000
-0.727576 -0.018360 0.009324 0.000000
0.318487 -0.106961 0.254902 3.000000
-0.228855 -0.012708 -0.046918 0.000000
0.093993 0.031371 0.103244 0.000000
-0.836845 0.033282 -0.076812 2.000000
0.180543 -0.091502 -0.279198 3.000000
0.070055 -0.016781 0.262244 1.000000
-0.034199 -0.084880 -0.044895 0.000000
0.341981 0.098694 0.038885 0.000000
-0.010151 -0.047838 -0.085456 0.000000
-0.783596 0.026522 -0.029408 2.000000
0.355862 -0.075100 0.096124 0.000000
0.152894 -0.020189 0.164943 1.000000
-0.555056 -0.056482 0.012815 0.000000
0.056785 -0.023458 -0.210434 1.000000
-0.645458 0.136096 0.009767 2.000000
0.326466 -0.032877 -0.280500 3.000000
0.027805 0.008154 0.443491 1.000000
0.028969 -0.113583 -0.134106 1.000000
-0.034199 -0.064517 0.083823 0.000000
-0.168153 0.030290 -0.811303 1.000000
-0.097422 -0.086515 0.060883 0.000000
-0.048356 -0.039444 -0.199518 1.000000
0.787729 -0.087484 0.013369 0.000000
-0.692612 0.243537 0.012205 2.000000
0.090335 -0.062411 -0.085456 0.000000
0.034205 -0.047589 -0.167712 1.000000
0.765898 -0.083966 0.037472 0.000000
-0.051515 -0.039942 0.219633 1.000000
0.369742 0.065310 0.087064 0.000000
-0.924393 0.056887 -0.290751 2.000000
0.647015 0.024943 -0.085566 0.000000
-0.907437 0.051817 0.264072 2.000000
-0.828007 0.031482 0.081219 2.000000
0.322699 -0.052604 0.104990 0.000000
0.258838 -0.020299 -0.104711 1.000000
-0.294434 0.062123 0.089641 0.000000
-0.031429 -0.150153 0.192094 3.000000
0.698796 -0.042519 0.093021 0.000000
0.018579 -0.152924 -0.155494 3.000000
0.040965 -0.088897 -0.057279 0.000000
0.332783 -0.077123 -0.084680 0.000000
-0.831054 0.027908 0.040464 2.000000
-0.558436 0.107255 0.007828 2.000000
-0.234812 0.098279 0.040076 0.000000
0.054347 -0.010547 0.317876 1.000000
0.024037 -0.052077 -0.127429 1.000000
0.060469 -0.155307 -0.168460 3.000000
-0.776448 0.049490 -0.212650 2.000000
-0.100581 -0.047755 -0.079333 0.000000
-0.745529 0.256780 0.017552 2.000000
0.642804 0.038214 -0.081438 0.000000
0.059167 -0.038280 -0.085456 0.000000
-0.342724 -0.082387 -0.027663 0.000000
-0.566914 -0.034457 -0.041294 0.000000
-0.053233 -0.046896 -0.149704 1.000000
0.091471 -0.023485 0.104990 0.000000
0.208276 -0.015202 0.286209 1.000000
0.408307 -0.012708 0.016416 0.000000
-0.679646 0.198544 -0.003781 2.000000
-0.172337 0.024278 0.709100 1.000000
-0.714582 0.142358 0.000846 2.000000
0.073906 0.003776 -0.357021 1.000000
0.342812 -0.109427 0.255539 3.000000
-0.133688 0.013418 -0.595203 1.000000
0.240525 -0.052604 0.339153 3.000000
-0.403370 -0.012708 -0.034063 0.000000
0.273273 -0.061054 -0.110861 1.000000
-0.020070 -0.036230 0.268256 1.000000
0.012761 0.077805 0.076065 0.000000
-0.707296 0.102545 0.016001 2.000000
-0.843189 0.038352 -0.110141 2.000000
0.343062 -0.081749 0.253018 3.000000
0.225398 0.102102 -0.008075 0.000000
-0.047082 -0.090421 0.021265 0.000000
-0.018518 -0.044070 -0.130698 1.000000
-0.716050 0.085562 0.007273 2.000000
0.365641 -0.090421 0.012011 0.000000
0.012068 -0.153533 0.147932 3.000000
-0.756251 0.212978 0.003783 2.000000
-0.859757 0.054255 -0.251770 2.000000
0.024563 -0.012708 -0.029907 0.000000
0.382458 0.101936 -0.009682 0.000000
0.290921 -0.062190 0.357744 3.000000
-0.278642 -0.010990 -0.085622 0.000000
0.391158 -0.046924 0.336632 3.000000
-0.083016 0.002945 0.603571 1.000000
0.905421 -0.037754 0.064014 0.000000
0.020380 -0.009494 -0.335245 1.000000
0.707634 0.047551 -0.077670 0.000000
0.078755 0.006436 0.408638 1.000000
0.153171 -0.086681 -0.073293 0.000000
-0.879289 0.051097 0.249306 2.000000
0.083520 0.103072 0.001539 0.000000
-0.101910 -0.012708 0.006803 0.000000
0.154695 -0.007139 0.367634 1.000000
-0.713612 0.123878 0.003395 2.000000
-0.319922 0.057635 0.092190 0.000000
-0.606837 -0.020770 0.061492 0.000000
-0.266341 -0.012708 -0.027746 0.000000
0.320205 -0.047146 -0.293383 3.000000
-0.728241 0.037189 -0.068057 2.000000
0.632636 -0.008774 -0.085843 0.000000
0.756450 -0.084215 -0.018409 0.000000
0.229692 -0.035731 -0.239108 1.000000
0.508212 -0.012708 0.094988 0.000000
0.154999 -0.049944 0.207083 1.000000
-0.826732 0.242373 0.011817 2.000000
-0.712005 0.043062 -0.114047 2.000000
0.802247 -0.026588 0.092328 0.000000
0.021294 0.013695 0.563122 1.000000
0.098176 0.016022 -0.086453 0.000000
-0.889789 0.052316 0.277842 2.000000
0.064459 -0.090421 -0.045754 0.000000
0.216006 -0.090421 -0.040961 0.000000
0.588945 -0.089064 0.023426 0.000000
-0.051764 -0.012708 0.014034 0.000000
-0.729515 0.082154 0.007689 2.000000
0.140122 -0.054709 0.159652 1.000000
0.043763 -0.059530 -0.068195 0.000000
0.885695 -0.015783 -0.056670 0.000000
-0.707711 0.039904 -0.124631 2.000000
0.446208 0.102989 0.000901 0.000000
-0.387772 0.006796 -0.085899 0.000000
-0.719403 0.040541 0.113800 2.000000
0.076732 -0.130095 0.145716 3.000000
-0.762179 0.034945 -0.122581 2.000000
-0.895552 0.057275 0.307459 2.000000
-0.609192 -0.043350 -0.002423 0.000000
-0.392731 0.034252 -0.081023 0.000000
-0.774231 0.045334 0.170429 2.000000
0.347024 0.069354 -0.064317 0.000000
0.722040 0.061930 0.089779 0.000000
0.252189 0.072651 -0.061657 0.000000
0.117487 -0.011517 -0.229993 1.000000
0.795459 0.003832 0.098894 0.000000
-0.764534 0.032368 0.056533 2.000000
0.293276 -0.012708 0.000735 0.000000
-0.282908 -0.012708 -0.029990 0.000000
-0.772680 0.250934 0.015696 2.000000
-0.349511 -0.012708 0.061714 0.000000
0.017997 -0.043516 -0.197218 1.000000
0.324167 -0.090421 -0.019019 0.000000
-0.813711 0.037189 -0.130560 2.000000
0.174975 0.011922 -0.086869 0.000000
0.929275 -0.050443 0.046310 0.000000
0.067700 0.005494 0.504858 1.000000
-0.755807 0.198017 0.015419 2.000000
-0.300750 -0.012708 0.050244 0.000000
0.035479 -0.049334 0.174779 1.000000
-0.769881 0.084786 0.007883 2.000000
0.661643 0.102989 0.018660 0.000000
-0.356576 -0.012708 -0.007466 0.000000
-0.622158 -0.040330 0.023204 0.000000
0.329375 0.101991 -0.009322 0.000000
-0.104238 0.030650 -0.745891 1.000000
0.770275 -0.005726 -0.081992 0.000000
0.183037 -0.052299 -0.085456 0.000000
-0.297176 -0.012708 0.065565 0.000000
0.902207 -0.002263 -0.053262 0.000000
-0.170702 0.034307 -0.831361 1.000000
0.034510 -0.052299 0.149678 1.000000
0.339516 -0.131065 0.302195 3.000000
-0.017327 0.019651 -0.599358 1.000000
-0.817368 0.234865 0.009767 2.000000
-0.631522 -0.011157 -0.042402 0.000000
-0.178238 -0.048475 -0.070273 0.000000
0.837238 0.077915 -0.027774 0.000000
0.611081 0.012116 -0.087921 0.000000
0.448591 -0.012708 -0.011649 0.000000
-0.071795 0.001948 -0.578746 1.000000
-0.257004 0.046387 -0.926667 1.000000
-0.024807 0.003444 0.466181 1.000000
0.370684 -0.140429 -0.262381 3.000000
-0.059355 -0.023236 0.362952 1.000000
-0.617614 0.010232 0.073516 0.000000
0.163865 -0.025397 0.120698 1.000000
0.094879 -0.075405 -0.038745 0.000000
-0.017077 0.020787 -0.556720 1.000000
0.341621 -0.012708 -0.063569 0.000000
0.940495 -0.012708 0.020156 0.000000
-0.150034 -0.075627 0.060911 0.000000
-0.786809 0.065310 0.030878 0.000000
0.237755 -0.064600 -0.249359 3.000000
-0.119669 -0.062245 0.089308 0.000000
0.045952 -0.114497 0.167354 1.000000
0.316354 -0.012708 -0.022482 0.000000
-0.863636 0.367462 0.007024 2.000000
0.348741 -0.052991 -0.306376 3.000000
0.636154 -0.075156 -0.042180 0.000000
-0.781545 0.233175 0.003838 2.000000
0.084407 -0.133475 0.191125 3.000000
-0.732590 0.073483 -0.014143 0.000000
-0.721287 -0.012708 0.005334 0.000000
0.565562 -0.008525 -0.085871 0.000000
-0.113270 0.035028 -0.702560 1.000000
0.147685 -0.039693 0.104990 0.000000
-0.316127 0.026661 -0.085262 0.000000
0.025062 0.020289 0.105571 0.000000
0.006278 -0.059530 -0.049605 0.000000
-0.694080 0.040652 -0.087838 2.000000
0.002344 -0.012708 0.011817 0.000000
-0.023560 -0.032379 -0.225588 1.000000
-0.011813 -0.040219 0.173698 1.000000
0.824051 -0.078480 -0.018132 0.000000
-0.102354 -0.012708 0.079390 0.000000
0.136437 -0.009079 0.105350 0.000000
-0.757691 0.206162 0.009767 2.000000
-0.855158 0.039571 -0.123772 2.000000
0.212681 -0.050359 -0.279530 1.000000
0.257093 -0.038225 -0.201623 1.000000
0.550767 0.022644 0.105322 0.000000
0.267676 -0.068063 -0.327432 3.000000
0.177579 0.046138 -0.078391 0.000000
-0.494437 0.060821 0.084266 0.000000
-0.304047 -0.012708 -0.043926 0.000000
0.500122 -0.046979 -0.071243 0.000000
-0.009569 -0.030578 -0.297372 1.000000
0.826877 0.018516 -0.073792 0.000000
0.626818 -0.029941 -0.079721 0.000000
-0.174775 -0.012708 -0.064150 0.000000
-0.695687 0.309087 0.025199 2.000000
0.198552 -0.039444 0.278396 1.000000
0.075292 -0.142645 -0.127457 3.000000
0.479288 0.095148 -0.028965 0.000000
-0.248111 0.043312 -0.898685 1.000000
-0.057305 -0.027863 0.322807 1.000000
-0.031595 -0.090421 -0.031846 0.000000
-0.528043 0.068080 0.077645 0.000000
0.935425 -0.026256 0.058667 0.000000
0.076926 -0.011655 0.288481 1.000000
-0.097755 0.094095 0.050632 0.000000
-0.003890 -0.012708 -0.062405 0.000000
0.534255 -0.059447 0.080997 0.000000
0.339100 -0.127491 0.289644 3.000000
-0.161892 -0.022183 0.101831 0.000000
-0.331475 0.063786 -0.068777 0.000000
0.040549 -0.145194 -0.121722 3.000000
0.805461 -0.063492 -0.049328 0.000000
0.654883 0.090216 -0.038883 0.000000
-0.371482 0.091158 -0.036999 0.000000
0.631251 0.046193 -0.078363 0.000000
0.201599 -0.090421 0.009157 0.000000
0.193509 -0.017002 -0.128870 1.000000
0.831864 -0.064905 0.061963 0.000000
0.273106 0.098389 0.039799 0.000000
-0.148344 -0.012708 0.073073 0.000000
-0.162335 0.025220 0.105073 0.000000
0.276043 -0.090421 0.066840 0.000000
0.118512 -0.012708 0.091968 0.000000
0.172010 -0.050165 0.301225 1.000000
0.116351 -0.012708 -0.030295 0.000000
0.647929 -0.029470 0.099421 0.000000
-0.718350 0.120138 0.014726 2.000000
0.234735 -0.059474 0.148847 1.000000
0.429613 -0.012708 0.103022 0.000000
-0.015055 -0.147023 -0.135547 3.000000
-0.154910 -0.086986 -0.014143 0.000000
-0.739323 0.299058 0.010820 2.000000
-0.792766 0.050931 -0.236116 2.000000
0.070526 -0.086598 0.092993 0.000000
-0.332390 -0.086459 0.035339 0.000000
0.252161 -0.019080 -0.153804 1.000000
-0.009597 -0.014315 -0.450249 1.000000
0.307267 -0.046508 -0.280915 3.000000
0.642665 0.028434 0.104214 0.000000
0.135439 -0.040940 0.104990 0.000000
-0.438944 -0.063602 0.059636 0.000000
0.411300 0.030706 -0.083932 0.000000
0.383345 -0.012708 0.082825 0.000000
-0.181175 -0.088343 -0.010125 0.000000
0.169794 -0.007139 0.255484 1.000000
-0.461246 -0.073105 0.021763 0.000000
0.767311 0.093680 -0.020210 0.000000
-0.210681 0.040597 -0.811136 1.000000
-0.427446 -0.012708 0.041406 0.000000
0.028193 -0.149849 0.169903 3.000000
-0.031484 -0.144612 0.142724 3.000000
0.372235 -0.063907 0.341120 3.000000
-0.893363 0.039682 0.012870 0.000000
-0.813656 0.053673 0.254625 2.000000
0.850177 -0.038363 0.078393 0.000000
0.501701 -0.012708 -0.064344 0.000000
0.493141 -0.029248 -0.079970 0.000000
-0.858953 0.288696 0.008742 2.000000
0.958393 -0.046730 0.031765 0.000000
0.099284 -0.000296 -0.086702 0.000000
0.008605 -0.046536 0.106624 1.000000
0.613187 -0.012708 0.003838 0.000000
-0.008683 -0.023208 0.386806 1.000000
-0.050434 0.009678 0.662749 1.000000
-0.261825 0.046664 0.946284 1.000000
-0.862417 0.056943 -0.315658 2.000000
0.174033 -0.078480 0.316657 3.000000
0.718799 0.015052 0.106098 0.000000
-0.023006 -0.050027 -0.088753 1.000000
-0.304269 -0.017390 0.103438 0.000000
-0.040488 -0.000712 -0.437283 1.000000
0.515859 0.064118 0.088034 0.000000
-0.725609 0.097780 0.014698 2.000000
0.012789 -0.135497 0.169404 3.000000
-0.036637 -0.002097 -0.426367 1.000000
-0.137844 0.022671 -0.755449 1.000000
-0.126346 0.024417 -0.651333 1.000000
0.923845 0.002225 0.066258 0.000000
-0.713917 0.264260 0.007080 2.000000
-0.215391 0.039516 0.830005 1.000000
0.743041 -0.012708 0.034535 0.000000
-0.003391 -0.090421 -0.000761 0.000000
0.159709 -0.030079 0.298011 1.000000
-0.278558 0.051956 -0.075482 0.000000
-0.015803 -0.153866 0.166218 3.000000
0.357358 -0.110203 -0.264985 3.000000
0.939193 0.053590 -0.010569 0.000000
0.615071 -0.088842 -0.005997 0.000000
-0.101218 -0.012708 -0.052237 0.000000
0.705694 0.000452 -0.086758 0.000000
0.305660 -0.126327 -0.270664 3.000000
0.351401 -0.089590 0.267951 3.000000
-0.070437 0.028766 -0.649976 1.000000
-0.063012 -0.008442 -0.481611 1.000000
-0.469059 -0.065930 0.042265 0.000000
-0.769244 0.002170 -0.014143 0.000000
-0.450829 -0.026367 0.089641 0.000000
0.719547 -0.012708 -0.033481 0.000000
-0.389933 -0.068506 -0.046918 0.000000
0.542816 -0.090199 0.007495 0.000000
0.084130 -0.009771 -0.455264 1.000000
0.245595 -0.079533 0.266594 3.000000
0.126768 0.043007 0.099365 0.000000
-0.002532 -0.059530 0.075096 0.000000
0.594902 0.013723 -0.088088 0.000000
0.899907 0.045971 -0.042817 0.000000
-0.236530 0.039045 0.879210 1.000000
-0.036443 -0.019330 -0.334220 1.000000
0.442828 0.072568 -0.061712 0.000000
0.357358 -0.108429 0.293495 3.000000
0.027195 -0.126465 0.162838 1.000000
-0.229465 0.044420 -0.079222 0.000000
0.257453 -0.062550 -0.085456 0.000000
-0.810414 0.033670 0.104823 2.000000
0.047531 0.003943 -0.522477 1.000000
-0.439525 -0.068202 -0.029879 0.000000
0.072632 -0.043710 -0.212179 1.000000
0.202818 -0.012708 0.026030 0.000000
-0.829198 0.031759 0.069444 2.000000
0.276320 -0.090421 -0.057390 0.000000
0.129427 -0.041577 -0.295655 1.000000
0.612106 -0.063215 0.077534 0.000000
0.958365 -0.007638 0.052211 0.000000
-0.811799 0.119889 0.009767 2.000000
0.026780 -0.153450 0.186055 3.000000
-0.124795 0.036191 -0.717715 1.000000
0.181125 -0.012708 0.099144 0.000000
-0.623017 0.151694 0.009767 2.000000
-0.097450 0.000701 -0.494661 1.000000
-0.168514 -0.046702 -0.071381 0.000000
0.190656 -0.010298 -0.192979 1.000000
-0.318232 -0.052797 -0.066782 0.000000
0.033678 -0.146025 -0.149288 1.000000
-0.498565 0.018737 -0.075897 0.000000
-0.077004 -0.006031 -0.498041 1.000000
0.488070 0.102351 0.025088 0.000000
-0.768468 0.321527 0.007273 2.000000
-0.102548 -0.000573 0.513363 1.000000
-0.524414 0.015468 -0.073016 0.000000
0.939609 0.040652 0.045590 0.000000
-0.098087 0.080270 -0.053456 0.000000
0.274436 -0.039610 0.304356 1.000000
0.082440 -0.139598 -0.169541 3.000000
0.481117 -0.068617 0.070801 0.000000
-0.135600 -0.076458 -0.046281 0.000000
-0.438556 -0.049528 0.073960 0.000000
-0.234923 -0.014481 -0.084874 0.000000
-0.124878 0.036912 -0.743425 1.000000
-0.465430 -0.067204 -0.021651 0.000000
0.387639 -0.066234 0.344251 3.000000
-0.802463 0.029431 -0.022731 2.000000
0.082744 -0.036451 0.302195 1.000000
-0.499784 0.094178 -0.029491 0.000000
0.344225 -0.063547 -0.320395 3.000000
-0.160036 0.013141 -0.640168 1.000000
0.143640 -0.089673 0.082742 0.000000
-0.648949 0.075644 0.049856 0.000000
-0.196163 0.034114 0.102330 0.000000
0.152644 -0.041992 -0.085456 0.000000
-0.259165 0.051208 -0.916167 1.000000
-0.150505 0.023558 -0.754313 1.000000
0.349434 -0.090421 0.060412 0.000000
0.033401 -0.067786 0.109034 1.000000
0.745895 -0.012708 -0.019961 0.000000
0.830728 -0.066013 0.010349 0.000000
0.356305 -0.083051 0.365917 3.000000
-0.741484 0.055973 -0.022842 0.000000
-0.664186 0.173775 0.019020 2.000000
-0.179817 0.040818 -0.788474 1.000000
-0.108532 -0.085185 0.055287 0.000000
0.910685 0.007267 0.069970 0.000000
0.316160 -0.056178 -0.096205 1.000000
0.256594 0.084952 0.067144 0.000000
-0.164663 0.032645 -0.819891 1.000000
0.615293 0.032424 -0.083350 0.000000
0.081719 0.005937 -0.372093 1.000000
-0.056723 -0.010325 -0.453740 1.000000
0.292694 0.029708 -0.084264 0.000000
0.028054 -0.146801 -0.132582 3.000000
0.007746 -0.088897 0.075151 0.000000
-0.278281 -0.067537 -0.052653 0.000000
0.412158 -0.065930 0.074154 0.000000
0.169794 -0.045012 -0.238416 1.000000
-0.319978 -0.079034 0.053957 0.000000
0.167993 0.070407 -0.063430 0.000000
-0.062791 -0.006585 -0.086065 0.000000
-0.044949 0.103515 0.013369 0.000000
0.035036 -0.090532 -0.108839 1.000000
-0.793542 0.076004 0.009989 2.000000
-0.334329 0.081240 -0.052265 0.000000
0.357358 -0.064655 -0.287315 3.000000
-0.683829 0.230792 -0.004363 2.000000
-0.175883 0.016521 -0.667790 1.000000
0.300230 -0.033432 0.317017 3.000000
0.381046 -0.132893 -0.254125 3.000000
0.565506 0.086753 0.064900 0.000000
0.467957 -0.087983 0.030740 0.000000
-0.042926 -0.012708 0.008299 0.000000
-0.516158 -0.062661 0.024783 0.000000
0.062686 -0.004840 0.342644 1.000000
-0.066032 0.028212 0.677655 1.000000
-0.016939 -0.035759 -0.251797 1.000000
-0.761016 0.106064 0.006830 2.000000
0.153503 -0.020105 -0.143830 1.000000
-0.031179 -0.018055 -0.404480 1.000000
-0.135184 0.029321 0.707521 1.000000
0.406728 -0.012708 -0.058055 0.000000
-0.102243 -0.001488 0.550821 1.000000
-0.905193 0.052981 -0.258280 2.000000
0.389690 -0.132976 -0.258585 3.000000
0.278010 -0.119595 -0.261605 3.000000
-0.656928 0.055280 -0.039299 0.000000
-0.047996 -0.012376 0.402460 1.000000
0.174033 -0.034983 -0.293410 1.000000
0.427479 -0.019745 -0.083128 0.000000
0.273688 -0.051662 -0.085456 0.000000
-0.722229 0.038159 0.094046 2.000000
-0.606366 0.002114 0.074320 0.000000
-0.017576 -0.048282 -0.147183 1.000000
0.474190 0.064728 0.087563 0.000000
-0.000953 -0.016033 -0.437865 1.000000
-0.015609 -0.026699 0.344750 1.000000
-0.751014 0.075062 0.027443 0.000000
0.824993 -0.139625 0.029604 3.000000
0.214981 -0.111255 0.315272 3.000000
0.520430 0.050487 -0.076202 0.000000
-0.105263 0.006658 -0.607365 1.000000
0.223126 -0.012708 0.013646 0.000000
0.383927 -0.102667 0.361872 3.000000
0.361042 -0.054903 -0.081799 0.000000
0.483915 -0.012708 -0.072074 0.000000
0.197333 0.030013 0.103687 0.000000
-0.079857 0.029321 -0.084375 0.000000
-0.005607 0.014720 -0.489701 1.000000
0.898633 -0.058449 0.049607 0.000000
-0.131444 0.015136 0.624073 1.000000
0.047309 -0.147438 -0.169790 3.000000
-0.443072 -0.034817 -0.065536 0.000000
0.200048 -0.012708 0.014754 0.000000
0.829952 -0.149738 0.005417 3.000000
0.158185 0.097448 0.042570 0.000000
-0.780049 0.071793 0.025143 0.000000
0.687631 -0.012708 0.006692 0.000000
0.999424 -0.005477 0.033483 0.000000
0.002122 -0.012708 0.087895 0.000000
0.213429 -0.060970 -0.304160 3.000000
0.591300 -0.000379 0.106209 0.000000
0.761160 0.083761 -0.043372 0.000000
-0.335105 -0.012708 -0.005859 0.000000
0.087814 -0.087817 -0.065259 0.000000
0.822582 0.068745 -0.046419 0.000000
0.250471 -0.131702 0.307209 3.000000
-0.084429 0.008071 -0.523806 1.000000
-0.360704 -0.012708 0.057087 0.000000
0.002593 -0.088897 -0.043316 0.000000
0.184893 -0.009106 0.273991 1.000000
0.047753 0.003610 0.401157 1.000000
-0.044782 0.021812 0.676879 1.000000
-0.018407 -0.013401 0.475989 1.000000
-0.055421 -0.014426 -0.427919 1.000000
0.008024 -0.010270 -0.500312 1.000000
0.152423 -0.053573 -0.282966 1.000000
0.048390 -0.002873 0.105959 0.000000
-0.857153 0.038103 0.138818 2.000000
-0.235505 0.013473 0.106236 0.000000
0.569551 -0.033487 -0.078003 0.000000
-0.360870 -0.036479 -0.076507 0.000000
-0.139423 0.009013 -0.612740 1.000000
0.011182 0.056084 0.092965 0.000000
-0.017798 0.015080 -0.086564 0.000000
0.134470 -0.056455 -0.285542 1.000000
-0.370595 0.096339 -0.026277 0.000000
0.138321 0.039876 -0.080884 0.000000
-0.055532 -0.038335 -0.215559 1.000000
-0.230462 -0.012708 -0.006745 0.000000
0.443299 -0.080336 0.051325 0.000000
0.262468 -0.012708 0.035671 0.000000
0.364367 0.010620 0.106541 0.000000
-0.126097 0.012393 0.675882 1.000000
0.260417 -0.042713 -0.293216 3.000000
0.631611 0.036746 0.101443 0.000000
0.010628 -0.090421 0.035810 0.000000
0.100974 -0.028971 -0.361731 1.000000
0.103274 -0.042380 -0.284517 1.000000
0.188439 -0.016421 -0.085456 0.000000
-0.137179 0.038380 -0.781547 1.000000
-0.658673 0.190232 0.009767 2.000000
0.163782 -0.011351 -0.343224 1.000000
0.263714 -0.118514 0.282108 3.000000
0.036615 -0.012708 0.040797 0.000000
-0.495213 0.081434 0.067671 0.000000
0.646322 0.041483 0.099864 0.000000
0.330650 -0.052354 0.111112 1.000000
-0.039214 -0.090421 0.049912 0.000000
-0.772264 0.309586 0.004503 2.000000
0.080888 0.000590 -0.333860 1.000000
0.336800 -0.007112 0.105544 0.000000
0.442496 -0.012708 -0.031015 0.000000
-0.018296 -0.025591 -0.085456 0.000000
-0.240575 0.081933 0.070912 0.000000
-0.398577 -0.081389 0.036530 0.000000
-0.087171 -0.009633 -0.085760 0.000000
-0.154162 0.028046 -0.694359 1.000000
-0.026497 -0.028500 0.279809 1.000000
0.188024 -0.027253 -0.276067 1.000000
0.347134 0.103155 0.017192 0.000000
0.758777 -0.087207 0.028634 0.000000
-0.836845 0.297867 0.012510 2.000000
0.177108 -0.060139 -0.103824 1.000000
-0.682499 -0.012708 0.031294 0.000000
0.030908 -0.059530 0.062656 0.000000
0.158573 -0.053546 -0.153416 1.000000
0.518103 -0.077538 -0.037415 0.000000
-0.004444 -0.029193 0.249195 1.000000
0.319318 -0.097652 -0.344914 3.000000
0.882453 -0.012708 0.059775 0.000000
0.081414 -0.040136 -0.249442 1.000000
0.057477 -0.090421 -0.035005 0.000000
-0.883722 0.362697 0.008686 2.000000
-0.778221 0.037410 0.103826 2.000000
-0.018601 -0.028278 0.334527 1.000000
0.049886 -0.032517 0.324497 1.000000
0.551349 0.095536 0.047695 0.000000
0.110754 -0.090421 0.005140 0.000000
-0.814708 0.033670 -0.092133 2.000000
-0.224783 0.035111 0.846656 1.000000
-0.914530 0.060766 0.342700 2.000000
-0.840253 0.140390 0.007994 2.000000
0.486242 0.001976 -0.086924 0.000000
0.726113 0.094954 0.048914 0.000000
-0.113270 -0.082968 -0.039576 0.000000
0.021211 -0.012708 0.080443 0.000000
0.324472 -0.013373 0.104990 0.000000
0.297376 0.098805 0.038553 0.000000
0.048390 -0.049556 0.176441 1.000000
-0.630137 0.127729 0.020821 2.000000
0.790334 -0.012708 0.083851 0.000000
0.339793 -0.012708 0.011069 0.000000
0.102553 0.002945 0.375281 1.000000
-0.165522 0.017546 -0.675270 1.000000
0.764402 0.059491 -0.066921 0.000000
-0.054341 -0.007333 0.434875 1.000000
0.535557 -0.012708 0.040520 0.000000
0.364783 -0.012708 -0.032982 0.000000
-0.846929 0.036801 0.117401 2.000000
0.571795 -0.030855 0.098839 0.000000
0.004893 0.017324 0.580576 1.000000
-0.298700 -0.056039 -0.064206 0.000000
-0.032204 -0.136356 0.149761 3.000000
-0.789441 0.042010 0.146353 2.000000
-0.070908 -0.084963 -0.073376 0.000000
-0.714499 0.036607 0.078753 2.000000
0.745036 0.096395 -0.019739 0.000000
-0.058164 -0.002596 0.560739 1.000000
0.824189 -0.012708 -0.010873 0.000000
-0.013448 0.102518 0.023426 0.000000
-0.831415 0.046193 0.237586 2.000000
0.245346 -0.047783 0.104990 0.000000
0.056868 -0.061192 -0.015140 0.000000
-0.761127 0.098057 0.012510 2.000000
-0.430577 -0.016781 -0.076590 0.000000
0.123748 -0.034900 -0.085456 0.000000
-0.005192 -0.028029 0.342367 1.000000
0.225176 -0.018692 -0.092160 1.000000
-0.029545 -0.004784 -0.534556 1.000000
0.156440 -0.030606 0.307847 1.000000
0.044816 -0.065431 0.034674 0.000000
0.309843 -0.071748 -0.249553 3.000000
0.577807 -0.010686 0.105183 0.000000
-0.729681 0.035028 0.148681 2.000000
0.062464 -0.012708 0.018078 0.000000
0.320953 -0.050027 -0.105320 1.000000
-0.431629 -0.012708 0.061492 0.000000
0.529407 0.079605 -0.054287 0.000000
-0.372257 -0.011323 -0.085594 0.000000
0.953766 -0.012708 -0.026832 0.000000
0.486048 0.070906 -0.063042 0.000000
-0.710509 0.029016 0.095930 2.000000
-0.218300 -0.033099 0.097731 0.000000
-0.025112 0.022034 0.599305 1.000000
0.124662 -0.025619 0.151784 1.000000
0.083409 -0.029830 0.366277 1.000000
-0.534028 0.014415 0.091442 0.000000
0.061411 -0.037920 -0.261466 1.000000
-0.797199 0.183666 0.012925 2.000000
0.037086 -0.039083 -0.115239 1.000000
0.836573 -0.053850 0.071826 0.000000
0.205755 -0.106656 0.296294 3.000000
-0.253541 -0.012708 -0.056338 0.000000
0.220245 -0.040857 0.311836 1.000000
-0.155243 0.036579 0.765175 1.000000
0.147048 -0.045289 0.247920 1.000000
0.259669 -0.126687 -0.262242 3.000000
-0.107119 -0.008026 0.485658 1.000000
-0.465153 -0.012708 0.013008 0.000000
0.224345 -0.032850 0.104990 0.000000
0.702758 -0.084520 0.041074 0.000000
0.272275 0.027021 0.104685 0.000000
0.693421 0.045694 -0.078612 0.000000
0.182981 -0.011046 0.196361 1.000000
-0.798113 0.120997 0.008770 2.000000
0.014229 -0.083301 -0.077255 0.000000
-0.243982 -0.012708 0.086981 0.000000
-0.515216 -0.012708 0.053264 0.000000
0.089449 -0.088897 -0.030516 0.000000
-0.019377 -0.040192 -0.214811 1.000000
0.003341 -0.017279 -0.427863 1.000000
0.194119 -0.082359 -0.080192 0.000000
-0.798612 0.038519 0.168046 2.000000
-0.022785 -0.088066 0.083158 0.000000
0.279340 -0.075931 -0.329760 3.000000
-0.837316 0.040735 -0.128703 2.000000
-0.246670 0.038075 -0.841584 1.000000
-0.880951 0.056472 -0.307374 2.000000
0.203733 -0.012071 0.218027 1.000000
0.373898 -0.090421 -0.007632 0.000000
-0.051570 0.076004 0.078309 0.000000
0.026891 -0.140207 -0.160924 3.000000
0.988786 0.022090 0.013895 0.000000
0.024619 -0.059530 -0.028882 0.000000
0.519100 -0.079145 0.053735 0.000000
0.703644 -0.012708 -0.047583 0.000000
-0.027162 -0.132865 0.189740 3.000000
0.353285 -0.126964 0.329817 3.000000
-0.220350 0.040098 0.907968 1.000000
0.810032 0.007794 -0.076507 0.000000
-0.072266 0.004247 -0.602627 1.000000
0.323419 -0.147743 0.311227 3.000000
0.882232 -0.021823 0.075871 0.000000
0.188716 -0.012708 -0.073736 0.000000
0.054568 -0.035343 0.301474 1.000000
-0.040848 -0.023236 -0.350372 1.000000
0.376474 -0.049639 -0.283076 3.000000
0.838180 -0.084049 0.010376 0.000000
0.042489 -0.145388 0.192843 3.000000
-0.149619 0.081766 0.071134 0.000000
0.599611 0.060738 -0.071104 0.000000
0.268812 -0.098095 -0.247281 3.000000
0.068116 -0.026201 0.200877 1.000000
0.089560 -0.034872 -0.097978 1.000000
0.051631 -0.042962 0.167880 1.000000
0.431192 -0.087401 -0.012924 0.000000
0.036532 -0.090421 0.067089 0.000000
0.357358 -0.050165 -0.292274 3.000000
-0.027827 -0.019247 0.348296 1.000000
-0.215169 0.047883 -0.077504 0.000000
0.196557 -0.011240 0.191651 1.000000
0.059915 -0.033265 0.321976 1.000000
-0.809666 0.312384 0.014976 2.000000
0.049526 -0.083550 0.164029 1.000000
0.726944 0.090023 0.058611 0.000000
-0.276231 0.043949 0.901845 1.000000
-0.194169 0.100440 -0.014143 0.000000
-0.826483 0.067387 -0.000844 0.000000
0.972079 0.024167 -0.010292 0.000000
-0.708847 0.285288 -0.003836 2.000000
-0.607280 0.090244 -0.017855 0.000000
-0.096647 0.032701 0.718575 1.000000
0.075375 0.087612 0.063626 0.000000
-0.050656 -0.012708 0.002924 0.000000
-0.705938 0.072596 -0.021374 0.000000
-0.701810 0.042176 0.129730 2.000000
-0.043176 0.010093 -0.637370 1.000000
-0.752400 0.042231 -0.172616 2.000000
0.417450 -0.033847 -0.077837 0.000000
0.291447 -0.143587 0.313360 3.000000
0.932406 0.059048 0.025310 0.000000
-0.449028 -0.012708 -0.005720 0.000000
0.247784 -0.020327 0.217833 1.000000
0.312226 -0.012708 0.042514 0.000000
0.823968 0.035305 -0.067697 0.000000
-0.333913 0.040181 -0.080773 0.000000
0.662364 -0.002402 0.106015 0.000000
0.034316 -0.044264 -0.195556 1.000000
-0.234895 0.032978 0.817510 1.000000
-0.308868 -0.090033 0.013618 0.000000
0.321618 0.102019 0.028606 0.000000
-0.843688 0.234726 0.009767 2.000000
-0.100608 -0.006613 -0.458201 1.000000
-0.005691 -0.014786 0.468536 1.000000
-0.000620 -0.155029 0.155385 3.000000
0.198857 -0.056261 -0.143886 1.000000
-0.694163 -0.012708 -0.018548 0.000000
-0.565695 -0.048974 0.037361 0.000000
0.036809 0.005494 0.421105 1.000000
-0.614927 -0.012708 -0.038717 0.000000
0.362095 -0.094660 0.253129 3.000000
-0.040322 -0.038834 -0.085456 0.000000
-0.047498 0.015551 -0.530954 1.000000
0.216477 -0.056565 0.302583 3.000000
0.335332 -0.031243 -0.085456 0.000000
-0.727548 0.059242 0.045091 0.000000
-0.735666 0.035665 -0.026416 0.000000
-0.736691 0.152719 0.015447 2.000000
-0.882198 0.016161 0.008742 0.000000
0.298484 -0.101115 0.349792 3.000000
-0.140088 0.006464 -0.587085 1.000000
0.045342 -0.090421 0.018134 0.000000
-0.842441 0.213227 0.009573 2.000000
0.164641 -0.051357 -0.176495 1.000000
-0.702364 0.188736 0.021098 2.000000
-0.002061 -0.152758 0.143306 3.000000
0.044290 -0.012708 -0.070024 0.000000
0.548966 0.100855 -0.012951 0.000000
0.133085 -0.053047 0.171454 1.000000
-0.214172 0.033698 0.795983 1.000000
0.174476 -0.001737 0.106070 0.000000
0.163699 -0.034374 0.313665 1.000000
-0.670725 0.084066 0.031709 0.000000
-0.018795 -0.022821 0.375530 1.000000
0.165693 -0.023929 -0.085456 0.000000
0.286710 -0.026782 -0.276067 1.000000
0.239555 -0.012708 0.042791 0.000000
-0.252571 -0.057507 0.082548 0.000000
-0.002837 0.001782 0.437451 1.000000
0.863808 -0.086293 -0.024061 0.000000
0.357358 -0.049861 0.308318 3.000000
-0.376191 0.103044 0.001511 0.000000
0.926366 -0.033016 -0.040102 0.000000
0.503530 0.098944 -0.018575 0.000000
-0.250853 -0.012708 0.050106 0.000000
0.666879 0.011562 0.106430 0.000000
0.286737 -0.050969 0.332199 3.000000
-0.018019 -0.026865 -0.261356 1.000000
-0.164967 0.008957 0.106707 0.000000
-0.600686 0.095231 0.027083 2.000000
-0.443737 -0.012708 -0.035171 0.000000
-0.802213 0.167597 0.011595 2.000000
0.864473 0.082404 0.007772 0.000000
-0.829281 0.048797 0.265153 2.000000
0.015809 -0.017861 0.311476 1.000000
0.160069 -0.090421 0.065510 0.000000
-0.583149 -0.013622 -0.053844 0.000000
0.053183 -0.027586 -0.352478 1.000000
0.202430 0.044725 -0.079083 0.000000
-0.075868 -0.079007 0.094434 0.000000
0.154556 -0.016476 0.189906 1.000000
0.381988 -0.059696 -0.316046 3.000000
-0.826455 0.038713 0.160649 2.000000
-0.828450 0.047689 0.253849 2.000000
0.104992 -0.023153 0.188493 1.000000
-0.787807 0.029127 -0.055035 2.000000
-0.759935 0.025497 0.045451 2.000000
-0.267033 -0.012708 -0.048774 0.000000
0.706415 0.015274 -0.088254 0.000000
0.141285 -0.090421 -0.032788 0.000000
0.149486 -0.056122 0.150592 1.000000
0.269893 -0.063270 0.264543 3.000000
0.430250 -0.012708 0.090250 0.000000
-0.796451 0.157291 0.007828 2.000000
0.053460 -0.022433 0.242185 1.000000
0.087510 -0.018221 -0.425536 1.000000
-0.819363 0.044198 -0.201180 2.000000
0.524420 0.102767 0.020960 0.000000
-0.473603 0.103681 0.011457 0.000000
0.010960 -0.090421 -0.027025 0.000000
0.703478 0.081628 -0.051766 0.000000
-0.699483 0.160948 0.017968 2.000000
-0.652993 0.033366 -0.054426 2.000000
-0.173833 -0.089562 0.018522 0.000000
0.321618 -0.083772 0.366194 3.000000
0.604931 -0.069365 0.069887 0.000000
0.300978 -0.089978 0.267286 3.000000
-0.762207 0.041123 -0.111388 2.000000
0.375144 -0.076291 -0.059718 0.000000
0.845799 -0.062300 0.062157 0.000000
0.514169 0.093015 0.052793 0.000000
-0.658451 0.034003 -0.044895 0.000000
-0.808115 0.030235 0.050521 2.000000
-0.818199 0.309392 0.004697 2.000000
-0.807893 0.282850 0.014227 2.000000
-0.016800 -0.090421 0.024451 0.000000
0.061134 -0.012736 0.488761 1.000000
0.630724 -0.012708 0.036419 0.000000
-0.109391 0.025082 0.661614 1.000000
0.316880 -0.035343 -0.306626 3.000000
-0.171561 0.055308 -0.073819 0.000000
0.397890 -0.012708 0.079667 0.000000
0.257204 -0.012791 -0.085456 0.000000
0.000682 -0.012708 0.031460 0.000000
-0.190428 0.031011 0.826542 1.000000
0.224955 -0.090421 0.030767 0.000000
0.801859 0.093070 -0.002673 0.000000
-0.779883 0.041455 0.204008 2.000000
-0.101717 0.033532 -0.718767 1.000000
0.045453 -0.078979 -0.148374 1.000000
-0.810331 0.172916 0.011208 2.000000
-0.102104 -0.006474 -0.481611 1.000000
-0.076394 0.018820 -0.693722 1.000000
0.131339 -0.002790 -0.373672 1.000000
0.845245 -0.108014 0.008797 0.000000
-0.920625 0.057358 0.317987 2.000000
0.711623 -0.012708 0.086953 0.000000
-0.147707 0.097087 0.043650 0.000000
-0.666569 -0.012708 -0.015777 0.000000
-0.039546 -0.018305 0.363534 1.000000
-0.043480 -0.037089 -0.231960 1.000000
0.117597 0.102213 -0.006995 0.000000
0.237450 -0.017335 -0.102854 1.000000
0.028193 -0.046314 -0.176716 1.000000
-0.231515 -0.012708 -0.025973 0.000000
-0.181286 0.013889 0.658594 1.000000
0.020214 -0.088897 -0.047804 0.000000
