-0.055851 -0.018022 -0.195548 1.000000
0.192698 -0.009279 -0.269876 3.000000
0.889739 0.073792 -0.018089 0.000000
-0.046701 -0.016722 0.105459 1.000000
-0.623940 0.182276 0.003501 2.000000
-0.782740 0.115926 -0.004885 2.000000
0.185332 -0.121816 -0.269570 3.000000
-0.096890 -0.067752 0.073444 0.000000
0.108378 -0.013256 -0.274566 1.000000
-0.477629 -0.070684 -0.018930 0.000000
0.190532 -0.076648 -0.216195 3.000000
0.047790 -0.017232 -0.261923 1.000000
0.787423 -0.062323 -0.049951 0.000000
0.799938 -0.063955 -0.021989 0.000000
-0.361574 0.092527 0.003297 0.000000
0.003973 0.004103 0.476614 1.000000
0.027959 -0.148070 -0.158053 1.000000
-0.271010 -0.034896 0.068499 0.000000
-0.049734 0.013330 0.451099 1.000000
-0.012774 -0.022024 -0.189634 1.000000
-0.074051 -0.005711 -0.296436 1.000000
-0.071808 0.001911 0.353703 1.000000
0.183726 -0.006960 0.147084 1.000000
0.352213 -0.066707 0.064090 0.000000
-0.437916 -0.011471 0.072552 0.000000
0.839524 -0.053070 -0.025252 0.000000
-0.001762 -0.032347 -0.171154 1.000000
-0.725032 0.072135 -0.017477 2.000000
0.246456 -0.012822 -0.252416 3.000000
-0.170708 0.022302 -0.618014 1.000000
-0.758321 0.333098 0.000799 2.000000
0.116612 -0.057225 0.277540 3.000000
-0.046752 -0.014275 -0.390162 1.000000
-0.796352 0.129130 -0.003738 2.000000
-0.814832 -0.005685 0.001309 2.000000
-0.736196 0.222294 0.004622 2.000000
-0.660007 0.220051 -0.006440 2.000000
0.084291 -0.034514 0.091389 1.000000
0.015724 -0.035661 -0.053290 0.000000
-0.002017 0.004944 0.341341 1.000000
0.125941 -0.095205 0.276571 3.000000
-0.815647 0.056714 -0.159021 2.000000
0.520852 0.051361 0.065695 0.000000
0.068717 -0.062068 0.035669 0.000000
0.005834 0.007977 -0.374740 1.000000
-0.740172 0.057325 -0.152598 2.000000
0.137054 -0.020240 -0.240308 1.000000
-0.070279 -0.018481 0.122028 1.000000
-0.790693 0.065558 0.189932 2.000000
-0.007447 0.006575 -0.365003 1.000000
-0.610583 -0.044277 -0.031828 0.000000
0.289788 -0.058245 -0.227461 3.000000
-0.002247 -0.018965 0.251184 1.000000
-0.578644 0.142869 0.001895 2.000000
0.025588 -0.024140 -0.257972 1.000000
-0.536816 0.017281 -0.070470 0.000000
-0.719653 -0.000791 -0.051812 2.000000
-0.663194 -0.006654 -0.057318 2.000000
0.695405 -0.077872 0.017036 0.000000
-0.131836 0.023195 -0.600630 1.000000
-0.247508 0.084344 0.033451 0.000000
0.914030 0.011877 0.060419 0.000000
0.914362 -0.019475 0.062790 0.000000
-0.361320 0.081337 0.037173 0.000000
-0.136169 0.015369 -0.560840 1.000000
0.169095 -0.009254 -0.257768 3.000000
-0.130281 0.054980 0.063682 0.000000
-0.827016 0.376456 -0.002897 2.000000
0.896009 0.003211 0.068015 0.000000
0.173403 -0.026689 -0.076945 0.000000
-0.003623 -0.002397 0.407767 1.000000
-0.812716 0.072033 0.288908 2.000000
-0.075504 0.006346 0.394843 1.000000
0.087987 0.004281 0.328061 1.000000
0.141668 -0.092350 0.005769 0.000000
0.178653 -0.009254 0.264107 3.000000
0.771059 0.029287 0.074311 0.000000
0.913520 -0.040606 -0.059408 0.000000
0.606905 -0.042161 -0.067055 0.000000
0.135168 -0.022126 -0.230800 1.000000
-0.821051 0.045320 0.029933 2.000000
-0.101019 0.010271 0.452119 1.000000
-0.110450 0.003134 0.410418 1.000000
0.025078 -0.003162 0.406237 1.000000
-0.270704 0.019346 -0.079749 0.000000
-0.093347 0.016338 0.593994 1.000000
-0.325991 0.042235 0.069978 0.000000
0.150895 -0.028881 -0.275764 3.000000
-0.477909 -0.065051 -0.033612 0.000000
0.061121 0.000942 0.267752 1.000000
0.846610 0.003542 -0.077454 0.000000
-0.349288 -0.032985 0.068550 0.000000
-0.786666 0.055082 0.177468 2.000000
0.012333 -0.109607 -0.157721 1.000000
0.629999 -0.066962 -0.043732 0.000000
-0.191558 -0.075833 -0.050818 0.000000
0.464647 0.010781 0.076987 0.000000
0.046515 -0.022967 -0.200850 1.000000
-0.033421 -0.026536 -0.112248 1.000000
-0.102549 0.027834 0.628915 1.000000
0.128745 -0.001862 0.211267 1.000000
-0.037320 -0.014352 0.248737 1.000000
0.206947 -0.028728 0.125673 1.000000
0.097392 -0.084984 -0.066876 0.000000
-0.191788 -0.079197 0.016424 0.000000
-0.095615 0.013279 0.555021 1.000000
0.035427 0.085823 -0.033765 0.000000
-0.817916 0.050647 -0.089766 2.000000
-0.351863 0.074709 0.046476 0.000000
0.276177 0.055592 0.063350 0.000000
0.084087 -0.000205 -0.361001 1.000000
-0.147232 0.025387 0.627513 1.000000
-0.081622 -0.016467 -0.171002 1.000000
-0.821383 0.058064 -0.021326 2.000000
-0.055699 0.006244 -0.493114 1.000000
0.196726 -0.036757 0.228218 3.000000
0.300341 0.088346 -0.028259 0.000000
0.700478 -0.071194 0.033935 0.000000
-0.738031 0.053604 -0.196058 2.000000
0.060534 0.005097 -0.080335 0.000000
0.040398 -0.052867 -0.170619 1.000000
0.168050 -0.087303 -0.223434 3.000000
0.852498 -0.075603 0.022440 0.000000
0.029947 -0.166805 0.174587 3.000000
0.153623 -0.072876 0.299257 3.000000
0.121862 -0.008081 -0.129377 1.000000
-0.696279 0.048022 0.094014 2.000000
-0.011856 -0.009279 0.170636 1.000000
-0.740810 0.057963 0.154833 2.000000
0.848190 -0.097958 -0.028820 0.000000
0.558602 0.027375 -0.078143 0.000000
0.008892 0.009073 0.381079 1.000000
-0.021135 0.002726 -0.465866 1.000000
-0.781389 0.069739 -0.242424 2.000000
-0.015705 -0.168131 -0.174545 3.000000
-0.124801 0.016975 0.530117 1.000000
0.087146 -0.021820 0.224547 1.000000
-0.005560 0.002650 0.318476 1.000000
0.026174 0.068082 0.054149 0.000000
0.124794 -0.088909 -0.286470 3.000000
0.394933 -0.054090 0.057692 0.000000
0.167260 -0.030257 0.248405 3.000000
-0.773258 0.066196 0.210349 2.000000
-0.124699 0.019014 0.575081 1.000000
0.890835 -0.021999 0.066588 0.000000
-0.079557 -0.010707 0.369558 1.000000
0.230780 0.036475 0.072272 0.000000
-0.859286 0.025106 -0.022626 2.000000
-0.692507 0.148502 -0.009779 2.000000
-0.002451 -0.003697 0.384724 1.000000
-0.811977 0.044912 -0.039832 2.000000
0.246838 -0.033953 -0.253817 3.000000
0.179673 -0.105911 0.226102 3.000000
-0.824645 0.062092 -0.010646 2.000000
0.073024 0.003771 0.370883 1.000000
-0.545559 -0.002626 0.065517 0.000000
-0.657586 0.070631 -0.034861 2.000000
-0.222962 -0.019985 0.073444 0.000000
0.009784 0.025922 -0.078449 0.000000
-0.448086 0.082917 -0.035677 0.000000
0.064944 0.000509 -0.395922 1.000000
0.786556 0.054292 0.064064 0.000000
0.032062 -0.096072 0.156158 1.000000
0.006496 -0.012644 0.120575 1.000000
0.059566 -0.011114 0.073597 1.000000
0.104759 -0.035483 -0.093768 1.000000
-0.092021 -0.092376 -0.003458 0.000000
-0.097323 0.012922 -0.474329 1.000000
0.186683 -0.045908 -0.238320 3.000000
0.684394 -0.080548 -0.001036 0.000000
0.152807 -0.064770 0.073444 1.000000
0.224102 -0.092325 -0.036110 0.000000
-0.125974 0.022965 -0.586967 1.000000
0.104071 -0.031175 -0.138247 1.000000
0.073483 -0.084576 -0.067488 0.000000
0.787958 -0.064031 0.044743 0.000000
0.501251 -0.005915 0.076427 0.000000
0.209139 -0.108434 0.241829 3.000000
0.880537 -0.096454 -0.042636 0.000000
-0.814628 0.064921 0.230996 2.000000
-0.752968 0.035888 -0.046561 2.000000
0.996107 -0.020902 -0.038302 0.000000
0.207049 -0.068747 0.216620 3.000000
0.258895 -0.115240 0.227810 3.000000
0.279873 -0.074227 -0.261057 3.000000
-0.602630 0.064743 0.044310 2.000000
-0.787048 0.047333 -0.039194 2.000000
0.255658 0.064437 -0.060376 0.000000
0.790354 -0.075221 -0.028591 0.000000
0.083297 -0.092350 0.020273 0.000000
0.023166 -0.100252 0.156566 1.000000
0.048019 0.007340 0.350390 1.000000
0.806031 -0.003493 -0.079596 0.000000
0.010218 -0.151894 -0.177680 3.000000
-0.610430 0.064870 -0.047275 2.000000
-0.530775 -0.055314 0.033298 0.000000
0.083475 0.000356 -0.257411 1.000000
-0.867034 0.077972 0.274252 2.000000
0.101700 -0.029926 0.268746 1.000000
0.137233 -0.036528 -0.095807 1.000000
0.269881 -0.068211 -0.247980 3.000000
0.534871 0.023934 -0.078882 0.000000
-0.729135 -0.012848 -0.040316 2.000000
-0.777336 -0.013842 -0.016968 2.000000
-0.341718 -0.079988 0.009975 0.000000
0.160097 -0.048151 -0.284099 3.000000
0.228970 -0.124900 0.272289 3.000000
0.215868 -0.092325 0.024938 0.000000
0.016310 -0.110728 0.132886 0.000000
0.213319 -0.029365 -0.290726 3.000000
-0.030693 -0.007597 -0.204291 1.000000
-0.841086 0.079501 -0.292332 2.000000
0.017508 -0.036018 0.063223 0.000000
0.286169 -0.114144 -0.270411 3.000000
0.103561 -0.008973 0.122563 1.000000
0.098871 -0.014275 0.296097 1.000000
-0.160538 0.037775 -0.765726 1.000000
0.170012 -0.038235 0.236476 3.000000
-0.836778 0.001121 -0.006287 2.000000
0.243601 -0.104738 -0.222542 3.000000
0.032445 0.053476 0.064523 0.000000
-0.762476 0.059466 0.151952 2.000000
-0.696356 0.073027 -0.022448 2.000000
0.088395 -0.008693 0.133625 1.000000
0.102210 -0.010987 -0.102205 1.000000
-0.613820 -0.048023 -0.020791 0.000000
0.037313 -0.068900 0.071991 0.000000
-0.761839 0.140575 0.004393 2.000000
-0.690111 0.252347 -0.006083 2.000000
-0.654935 0.079705 0.005285 2.000000
-0.213760 -0.000052 -0.079851 0.000000
-0.096431 0.007799 -0.486181 1.000000
-0.200888 0.071217 0.050835 0.000000
0.228588 -0.028600 0.092995 1.000000
0.009377 0.015650 -0.463980 1.000000
-0.008900 -0.142182 -0.173015 3.000000
-0.062402 -0.005532 -0.390875 1.000000
0.207712 -0.117891 0.271066 3.000000
0.217780 0.035634 0.072578 0.000000
0.044195 -0.007673 -0.172684 1.000000
-0.834306 0.278066 -0.000731 2.000000
0.740701 0.049959 -0.069859 0.000000
-0.842717 0.062831 -0.171256 2.000000
0.042284 -0.014020 -0.093640 1.000000
0.563471 -0.022891 0.072552 0.000000
0.109474 -0.030385 0.144331 1.000000
0.234654 -0.122836 -0.282901 3.000000
0.141795 0.029287 -0.077709 0.000000
0.052964 -0.040428 -0.015642 0.000000
0.115337 -0.010146 0.102273 1.000000
-0.065283 -0.021514 0.072935 1.000000
-0.808102 0.375309 0.001232 2.000000
-0.053404 0.007187 0.501339 1.000000
-0.073465 -0.009942 -0.241506 1.000000
0.316017 -0.074099 0.067199 0.000000
-0.655929 0.094540 0.008344 2.000000
-0.458639 0.006269 -0.077480 0.000000
0.352213 0.078890 0.041812 0.000000
-0.712516 0.039151 0.111093 2.000000
-0.133799 0.016491 0.535011 1.000000
-0.672446 0.143633 0.006101 2.000000
-0.024601 -0.014071 -0.120073 1.000000
-0.429912 -0.041218 -0.064251 0.000000
-0.154063 0.019855 -0.585463 1.000000
-0.838690 0.070886 0.245168 2.000000
-0.021797 -0.014530 -0.258023 1.000000
-0.464706 -0.058474 -0.046663 0.000000
0.266210 -0.082613 -0.316012 3.000000
0.218698 -0.028320 -0.240869 3.000000
0.007949 -0.092299 -0.027010 0.000000
0.423507 -0.059061 0.049994 0.000000
0.022555 -0.073258 -0.102128 0.000000
-0.048663 -0.035712 -0.258253 1.000000
-0.338965 0.083427 0.034624 0.000000
0.257850 0.092730 0.007910 0.000000
0.870698 -0.092299 -0.042840 0.000000
0.823262 -0.026459 0.070054 0.000000
-0.354259 -0.029773 -0.072994 0.000000
-0.428332 -0.000485 -0.077837 0.000000
0.543512 0.037061 -0.075441 0.000000
-0.797473 0.189591 0.003144 2.000000
0.027270 -0.014122 0.144764 1.000000
0.138686 -0.014734 0.251439 1.000000
-0.451629 0.089621 0.014308 0.000000
0.245156 0.090487 -0.021709 0.000000
-0.038901 -0.006475 -0.229347 1.000000
0.135882 -0.047055 -0.076894 0.000000
0.258462 -0.076852 -0.316726 3.000000
-0.766962 0.062780 -0.184689 2.000000
0.265344 -0.030818 0.073546 1.000000
0.097061 0.086231 0.029475 0.000000
0.012843 -0.063878 -0.156498 1.000000
0.211535 -0.120185 -0.288279 3.000000
-0.025723 -0.014148 0.370628 1.000000
0.080620 -0.078688 -0.248643 3.000000
-0.102421 0.016542 -0.508663 1.000000
-0.801908 0.051590 0.127329 2.000000
0.301972 -0.087023 -0.056655 0.000000
0.978901 -0.040861 -0.043018 0.000000
-0.793471 0.108330 -0.000374 2.000000
0.046770 -0.033647 -0.096138 1.000000
-0.038238 -0.017716 -0.256188 1.000000
0.057756 -0.086666 0.059654 0.000000
-0.416607 0.064386 -0.058414 0.000000
0.204194 0.091507 0.014385 0.000000
0.047101 -0.026281 0.161995 1.000000
0.396641 0.093062 0.004061 0.000000
0.809166 -0.044582 0.020859 0.000000
0.436762 0.092195 -0.015209 0.000000
-0.779732 -0.003570 0.029781 2.000000
0.056099 -0.008591 0.352556 1.000000
-0.046191 0.031147 -0.077327 0.000000
-0.015246 0.010093 0.402057 1.000000
0.249311 -0.047208 0.304559 3.000000
0.006063 -0.035661 0.056876 0.000000
-0.333561 0.000534 0.076911 0.000000
0.164685 -0.107950 0.285773 3.000000
-0.172875 0.030408 -0.696114 1.000000
0.443389 0.010705 0.076987 0.000000
-0.777693 0.055847 0.030902 2.000000
-0.774380 0.055057 0.107371 2.000000
0.306102 0.051692 -0.068915 0.000000
0.224127 -0.026765 0.073546 1.000000
-0.010454 -0.049553 0.073495 0.000000
-0.007319 0.004817 0.486785 1.000000
-0.122023 0.007315 0.458848 1.000000
0.130096 -0.053835 0.277234 3.000000
-0.055265 0.022914 -0.564078 1.000000
0.211127 -0.124671 -0.252951 3.000000
0.042895 -0.024649 -0.166464 1.000000
0.815513 -0.112716 0.002532 0.000000
0.249234 -0.018175 0.272519 3.000000
0.814544 0.091074 -0.006925 0.000000
0.936359 -0.012720 0.057921 0.000000
-0.368227 0.050825 0.065211 0.000000
0.015851 0.090870 -0.020281 0.000000
0.091530 0.004409 -0.320957 1.000000
0.192290 -0.045678 0.288552 3.000000
-0.075963 -0.011471 -0.225830 1.000000
0.269881 -0.087634 0.281211 3.000000
0.269881 -0.099640 0.237113 3.000000
0.269881 -0.069460 0.250062 3.000000
-0.609054 -0.037547 -0.042228 0.000000
-0.635155 0.201061 -0.003203 2.000000
0.012792 -0.072035 0.154705 1.000000
-0.716696 0.277097 0.002558 2.000000
0.258079 -0.092197 -0.038659 0.000000
-0.080092 0.018250 -0.623876 1.000000
0.210719 0.055337 0.063503 0.000000
0.110825 -0.064184 -0.285578 3.000000
-0.030515 -0.056002 0.034139 0.000000
0.157115 -0.085799 0.221641 3.000000
-0.322728 0.079552 -0.043834 0.000000
0.212529 -0.009228 -0.272680 3.000000
0.813142 -0.052484 0.022363 0.000000
-0.604465 0.138612 0.004954 2.000000
-0.154879 0.036704 0.747085 1.000000
-0.722585 0.038565 0.098603 2.000000
-0.013743 0.085109 -0.035269 0.000000
-0.093423 0.002956 -0.387230 1.000000
0.038945 0.004613 0.439450 1.000000
0.974568 -0.067498 0.013799 0.000000
-0.414567 0.034512 0.071227 0.000000
0.005757 -0.001658 0.419059 1.000000
0.114521 -0.031149 -0.142733 1.000000
0.007618 0.015522 -0.483938 1.000000
-0.136832 0.000381 -0.516335 1.000000
-0.033472 -0.015320 -0.244565 1.000000
0.166673 0.007493 0.077242 0.000000
-0.714428 0.213475 -0.007766 2.000000
0.184312 -0.029543 0.245907 3.000000
0.260705 -0.092325 0.001589 0.000000
0.104249 -0.066809 0.073444 1.000000
-0.377556 0.014350 -0.079188 0.000000
0.116943 -0.031889 0.131739 1.000000
-0.109737 -0.006628 -0.375531 1.000000
0.294886 -0.091891 0.013977 0.000000
0.047280 -0.084474 -0.060912 0.000000
-0.448290 -0.041626 -0.063308 0.000000
0.000838 0.080827 -0.042355 0.000000
0.835981 0.081005 -0.032746 0.000000
-0.701683 -0.033392 0.008522 2.000000
0.264758 -0.108230 0.299971 3.000000
-0.744200 0.052329 0.097048 2.000000
0.855047 0.015497 -0.076002 0.000000
0.905772 -0.067854 -0.023442 0.000000
0.488276 -0.069970 -0.039245 0.000000
-0.068086 -0.019067 -0.171970 1.000000
-0.099694 -0.091458 0.042780 0.000000
-0.128370 0.011164 0.485485 1.000000
-0.801322 0.075550 0.283326 2.000000
-0.600540 0.153294 0.004342 2.000000
-0.459531 -0.033112 0.064192 0.000000
-0.184013 -0.079248 0.041251 0.000000
-0.579715 0.105450 0.005999 2.000000
0.240287 -0.123320 0.242798 3.000000
0.157599 -0.115010 0.260386 3.000000
0.279771 -0.106293 -0.289197 3.000000
0.015596 -0.081288 -0.162768 1.000000
-0.014788 -0.018940 -0.212320 1.000000
0.190251 -0.001581 0.075127 1.000000
0.012180 -0.034922 -0.168019 1.000000
-0.096992 0.030740 -0.676564 1.000000
0.031196 -0.055033 0.069519 0.000000
0.079703 -0.011497 -0.329216 1.000000
0.267536 0.014579 0.076707 0.000000
-0.150342 0.032040 -0.757646 1.000000
-0.531871 0.075397 -0.039883 0.000000
-0.009486 -0.044531 -0.244794 1.000000
-0.656515 0.032396 -0.058822 2.000000
0.178985 -0.119828 0.268619 3.000000
-0.079276 0.055974 0.063147 0.000000
0.184210 -0.098671 -0.234802 3.000000
0.045164 0.000611 -0.275790 1.000000
-0.433506 0.020110 -0.077378 0.000000
-0.786742 0.357568 -0.004809 2.000000
0.089924 -0.076801 -0.074268 0.000000
-0.311768 0.071447 -0.053724 0.000000
0.053652 -0.031124 0.122894 1.000000
0.820713 -0.102877 -0.002082 0.000000
0.721405 0.093470 -0.002770 0.000000
0.339085 0.071192 0.050860 0.000000
0.269881 -0.068772 0.297269 3.000000
0.201008 -0.009483 0.085119 1.000000
-0.798569 0.048812 0.105459 2.000000
-0.381431 0.087046 0.025600 0.000000
0.000277 -0.089546 0.020069 0.000000
0.114751 0.000713 -0.282927 1.000000
0.116255 -0.010681 -0.099401 1.000000
-0.057406 -0.013332 0.167068 1.000000
-0.220846 0.014171 -0.080131 0.000000
0.593574 -0.073233 0.029526 0.000000
0.639099 0.044733 0.069137 0.000000
0.168432 -0.109607 0.235074 3.000000
0.281989 -0.104356 0.233137 3.000000
0.791782 -0.054804 -0.057802 0.000000
-0.078231 -0.061966 -0.076868 0.000000
0.278394 0.090054 0.020043 0.000000
0.105778 -0.007852 -0.140286 1.000000
0.029641 -0.093523 -0.172378 1.000000
-0.843023 0.072517 -0.267352 2.000000
0.237713 -0.070939 -0.076843 0.000000
0.226599 -0.104509 0.218251 3.000000
-0.035358 -0.004258 0.247615 1.000000
0.153877 -0.105681 0.283861 3.000000
0.355042 0.067215 -0.058210 0.000000
0.007337 -0.018532 -0.379838 1.000000
-0.161353 0.032804 0.707602 1.000000
0.640450 0.077284 -0.047581 0.000000
-0.753631 0.075703 -0.006721 2.000000
-0.041016 -0.007699 -0.320600 1.000000
0.758518 -0.015218 0.074591 0.000000
0.161601 -0.113532 0.273819 3.000000
-0.794363 -0.011267 0.006305 2.000000
0.617585 0.068719 0.053486 0.000000
-0.396419 0.056076 0.061668 0.000000
-0.574133 0.030306 0.062560 0.000000
0.090510 -0.003034 0.204053 1.000000
-0.076855 -0.020138 0.145555 1.000000
0.027015 -0.007673 0.176626 1.000000
-0.084884 -0.025465 -0.077684 0.000000
0.387618 -0.052382 -0.065780 0.000000
0.874113 -0.058117 -0.051277 0.000000
0.302482 -0.062272 -0.076843 0.000000
-0.735686 0.286426 -0.005956 2.000000
0.827748 -0.079656 -0.026322 0.000000
-0.233667 0.068311 -0.057318 0.000000
-0.061204 -0.027836 0.172370 1.000000
-0.053659 -0.023350 -0.132767 1.000000
-0.008058 -0.030665 0.073546 1.000000
0.128923 -0.049604 0.251107 3.000000
-0.078716 0.023348 -0.657115 1.000000
0.824307 -0.016875 0.072858 0.000000
-0.113050 0.008716 -0.454651 1.000000
0.336613 -0.012567 -0.077429 0.000000
0.066295 -0.035661 -0.060351 0.000000
-0.030311 -0.035661 -0.054361 0.000000
0.051613 0.057402 0.062356 0.000000
-0.650831 0.041241 0.060750 2.000000
-0.763470 0.058651 -0.225345 2.000000
0.690155 0.090946 -0.020026 0.000000
0.139068 -0.004181 0.176168 1.000000
-0.072828 -0.007036 -0.311118 1.000000
0.224178 0.082152 -0.040393 0.000000
0.485396 0.015267 -0.080054 0.000000
-0.155949 0.033543 0.774283 1.000000
-0.113101 0.030128 0.658381 1.000000
-0.123476 0.026916 0.628023 1.000000
0.379792 -0.012567 0.075229 0.000000
0.921499 0.061760 -0.016126 0.000000
-0.028679 0.083936 0.034343 0.000000
-0.847968 0.077437 0.301526 2.000000
-0.000411 -0.084703 0.063656 0.000000
-0.023454 -0.021259 -0.190603 1.000000
-0.753478 0.058141 0.146294 2.000000
-0.106296 -0.092401 -0.004478 0.000000
-0.179094 0.033926 -0.769065 1.000000
-0.023072 -0.156711 0.142929 3.000000
0.372120 0.055872 -0.066596 0.000000
0.916860 0.023959 0.053970 0.000000
-0.556188 -0.034922 -0.054106 0.000000
0.817960 -0.141902 -0.015464 3.000000
-0.019376 0.093113 -0.006848 0.000000
0.501684 -0.079682 -0.012277 0.000000
0.928559 0.039941 0.038498 0.000000
0.092065 -0.007673 -0.149182 1.000000
-0.746112 0.061225 -0.186321 2.000000
0.212402 -0.013001 -0.252263 3.000000
-0.761431 -0.019603 -0.004121 2.000000
-0.081035 -0.000026 -0.078933 0.000000
0.544252 0.075805 -0.049314 0.000000
-0.163877 0.027018 0.653742 1.000000
-0.216207 0.038539 0.071482 0.000000
-0.225077 -0.042696 -0.069043 0.000000
-0.409164 -0.029493 -0.071260 0.000000
-0.755466 0.057733 -0.144237 2.000000
-0.455122 0.086944 -0.026628 0.000000
0.174116 -0.020826 0.248252 3.000000
0.569410 -0.038567 -0.069043 0.000000
-0.126458 0.093240 0.002201 0.000000
0.019470 -0.041753 -0.076460 0.000000
0.107231 -0.086564 -0.261847 3.000000
-0.795536 0.199303 0.003705 2.000000
0.041876 -0.046086 0.149072 1.000000
0.600125 0.066451 0.055423 0.000000
0.145466 -0.087507 0.057386 0.000000
-0.142083 0.026406 -0.638558 1.000000
0.309364 0.084778 0.032610 0.000000
-0.705787 0.021640 0.052390 2.000000
-0.772519 -0.005048 -0.033791 2.000000
0.088267 -0.028524 -0.159710 1.000000
0.024976 -0.053631 -0.166617 1.000000
-0.042928 -0.023273 0.255288 1.000000
0.091045 -0.013409 -0.078117 1.000000
-0.108360 0.032753 -0.694355 1.000000
0.017865 -0.147178 -0.153465 1.000000
0.573641 0.089774 -0.024461 0.000000
0.445836 -0.058321 -0.054157 0.000000
0.058317 -0.089572 0.023128 0.000000
0.209139 -0.057761 -0.230010 3.000000
-0.113356 0.004230 0.508910 1.000000
0.008714 0.062066 -0.062186 0.000000
0.182044 -0.019424 -0.178878 1.000000
-0.749808 0.044555 -0.127695 2.000000
0.852447 0.019167 0.072068 0.000000
0.144217 -0.091458 -0.240130 3.000000
-0.649378 0.174629 0.004367 2.000000
-0.087714 -0.001505 -0.368546 1.000000
0.275285 -0.077693 -0.224224 3.000000
-0.623226 0.155970 -0.007970 2.000000
0.832514 -0.146184 0.019304 3.000000
0.260118 -0.012848 0.251031 3.000000
0.124055 -0.029875 0.153329 1.000000
-0.744888 0.046976 -0.046765 2.000000
-0.739586 0.270419 -0.006415 2.000000
0.029488 0.012667 0.418600 1.000000
-0.033905 -0.018354 -0.376091 1.000000
0.631987 0.020544 0.076223 0.000000
-0.795307 0.046416 0.086138 2.000000
-0.191941 0.034716 -0.776712 1.000000
-0.444773 -0.055696 -0.051379 0.000000
0.118498 -0.069537 0.073444 1.000000
0.051409 -0.009381 0.143159 1.000000
-0.773844 0.189642 -0.007281 2.000000
-0.150724 0.091838 0.013161 0.000000
-0.427006 -0.065076 0.037300 0.000000
-0.114707 0.007926 0.470752 1.000000
-0.124954 0.009379 -0.471601 1.000000
0.548356 -0.068543 0.037963 0.000000
-0.219113 -0.053402 -0.063919 0.000000
0.207916 -0.075094 0.311824 3.000000
0.290961 -0.084780 0.220749 3.000000
-0.752688 0.112230 -0.003789 2.000000
0.173301 -0.084423 0.064166 0.000000
0.631197 -0.076776 -0.024640 0.000000
-0.163979 0.092730 -0.011258 0.000000
-0.798161 0.061098 0.215728 2.000000
0.181559 -0.043053 0.294542 3.000000
-0.111546 0.008283 -0.481568 1.000000
0.315456 -0.087329 0.047317 0.000000
0.046515 -0.090795 -0.015642 0.000000
0.623346 0.072874 -0.052449 0.000000
0.663671 -0.076266 -0.026322 0.000000
0.067799 0.006575 0.337135 1.000000
-0.004464 -0.052229 0.011148 0.000000
-0.839429 0.075295 -0.257361 2.000000
-0.168465 -0.081415 -0.053877 0.000000
-0.647110 0.194842 -0.007179 2.000000
0.247832 -0.106242 0.219194 3.000000
0.000965 -0.046494 0.070233 0.000000
-0.472276 0.090487 -0.007791 0.000000
0.763973 -0.046520 0.060827 0.000000
0.572596 -0.022865 0.072552 0.000000
-0.262700 -0.044582 0.063223 0.000000
0.805597 -0.146286 -0.003891 3.000000
-0.333561 0.086868 -0.030808 0.000000
-0.033573 -0.001785 -0.381062 1.000000
0.001883 -0.058627 -0.076843 0.000000
-0.174812 -0.062757 0.073011 0.000000
0.869270 -0.046061 0.031820 0.000000
-0.124699 0.010348 0.508935 1.000000
-0.708616 0.225583 -0.007205 2.000000
0.269193 -0.080803 0.271423 3.000000
-0.470619 0.003771 -0.076282 0.000000
0.223796 0.067802 0.054378 0.000000
0.213217 -0.023987 -0.277064 3.000000
-0.546502 0.057555 -0.056273 0.000000
0.817220 -0.059519 -0.052296 0.000000
0.012104 0.012769 0.423264 1.000000
0.021153 -0.001836 -0.424037 1.000000
0.116153 -0.052357 -0.274235 3.000000
0.491590 -0.021897 0.072909 0.000000
0.107512 -0.097270 -0.267301 3.000000
-0.710248 0.012234 0.051982 2.000000
-0.071884 0.021997 -0.643911 1.000000
-0.325863 0.013585 0.076758 0.000000
0.956292 -0.048686 -0.045567 0.000000
-0.053583 0.014401 0.581300 1.000000
0.284181 -0.059137 0.222661 3.000000
0.351269 0.089417 -0.025838 0.000000
0.142254 -0.034718 0.073521 1.000000
-0.026921 0.015777 0.468279 1.000000
0.260756 0.038004 0.071686 0.000000
-0.016266 -0.088705 -0.056706 0.000000
0.240364 0.093266 -0.005089 0.000000
0.100222 0.090564 0.018004 0.000000
0.848267 -0.057684 0.049662 0.000000
-0.490119 0.087811 -0.018216 0.000000
0.042309 0.009864 0.421072 1.000000
0.599054 0.090411 -0.022014 0.000000
0.126884 -0.037063 0.073521 1.000000
-0.690315 -0.035330 -0.012787 2.000000
-0.348371 0.089009 -0.025736 0.000000
-0.741141 0.054980 0.198446 2.000000
-0.042265 -0.008311 -0.076996 0.000000
-0.076524 0.022787 0.563891 1.000000
0.798970 -0.039179 0.065313 0.000000
0.869270 -0.029798 -0.069578 0.000000
0.011518 -0.032347 0.235941 1.000000
-0.138183 -0.007215 -0.378972 1.000000
0.067646 -0.020036 -0.240333 1.000000
-0.028068 0.002217 -0.325494 1.000000
-0.059114 -0.024369 -0.385089 1.000000
-0.223421 0.085670 -0.034071 0.000000
-0.780268 0.044912 -0.070241 2.000000
0.427891 0.022914 0.075713 0.000000
-0.063422 0.010858 -0.545521 1.000000
0.779496 0.025693 -0.078500 0.000000
0.361210 -0.006399 0.075738 0.000000
-0.047797 0.012362 0.561164 1.000000
0.887852 0.016924 0.068117 0.000000
0.358661 -0.039179 0.071966 0.000000
0.098667 -0.092350 -0.029661 0.000000
-0.502889 0.057861 0.055856 0.000000
0.706442 -0.049578 0.058456 0.000000
0.517105 -0.076139 0.023230 0.000000
0.013480 -0.075858 0.011148 0.000000
0.282116 -0.024751 -0.259094 3.000000
0.088700 0.002675 0.076274 1.000000
0.104682 -0.096581 0.256486 3.000000
-0.857221 0.078125 -0.278186 2.000000
-0.032630 -0.028779 0.083130 1.000000
0.805827 -0.160484 -0.027444 3.000000
-0.781440 0.060766 0.226000 2.000000
-0.855666 0.075958 0.279426 2.000000
-0.857450 0.071625 -0.232126 2.000000
-0.641145 -0.045398 0.000442 2.000000
0.819820 -0.157170 0.013212 3.000000
0.256397 -0.019322 -0.076970 0.000000
0.010243 -0.076674 -0.170007 1.000000
-0.460194 0.082509 -0.036008 0.000000
-0.765127 0.068898 -0.014597 2.000000
0.001041 -0.026969 -0.162386 1.000000
0.265624 -0.124849 0.245449 3.000000
-0.080423 0.022226 -0.564078 1.000000
0.454503 -0.011777 0.075331 0.000000
-0.618893 0.118246 -0.009142 2.000000
0.747302 -0.074431 0.026951 0.000000
-0.047822 0.006601 -0.500965 1.000000
-0.518056 0.086613 0.014155 0.000000
0.727115 -0.068517 0.038014 0.000000
-0.798289 0.062908 -0.167790 2.000000
0.061503 0.030994 -0.077353 0.000000
-0.066098 -0.015167 0.217435 1.000000
0.134327 -0.026408 0.188199 1.000000
0.745416 0.091864 0.013110 0.000000
0.801264 0.084752 0.032253 0.000000
0.499696 0.085389 0.031310 0.000000
0.115821 -0.087125 0.058660 0.000000
0.300749 -0.036655 -0.279715 3.000000
-0.365959 -0.044277 -0.065092 0.000000
-0.174965 0.025438 0.646019 1.000000
0.013429 -0.029187 0.156184 1.000000
0.813958 -0.070607 -0.025761 0.000000
-0.099413 0.019448 -0.535631 1.000000
-0.135838 0.034130 0.711680 1.000000
-0.777744 0.053935 -0.179413 2.000000
-0.889873 0.351782 -0.002617 2.000000
0.269932 -0.017920 0.271117 3.000000
-0.729518 0.232796 -0.007485 2.000000
-0.024193 -0.002142 0.400655 1.000000
0.854333 -0.054549 -0.001062 0.000000
-0.552237 0.035277 0.062535 0.000000
0.172001 -0.037114 0.091618 1.000000
0.064460 -0.068543 0.011148 0.000000
0.831189 0.082840 0.026824 0.000000
0.228001 -0.077209 -0.212907 3.000000
0.077103 0.014069 0.076758 0.000000
-0.393691 -0.004997 -0.078474 0.000000
-0.854545 0.249110 -0.002133 2.000000
0.369877 -0.080472 0.040741 0.000000
0.015978 -0.020750 0.206118 1.000000
-0.037142 -0.021897 0.159446 1.000000
0.141999 0.020136 0.076299 0.000000
0.319943 -0.048712 -0.076868 0.000000
0.150003 -0.022050 0.249043 3.000000
0.606727 -0.078739 -0.017018 0.000000
-0.256863 0.018326 0.076452 0.000000
0.209139 -0.096964 0.285773 3.000000
-0.763266 0.305671 -0.005829 2.000000
-0.275598 0.012030 -0.080284 0.000000
-0.035995 -0.001173 -0.410987 1.000000
0.492125 -0.025746 -0.074855 0.000000
0.187192 -0.076470 0.212338 3.000000
-0.716034 0.267895 0.002736 2.000000
0.050644 -0.041090 0.164289 1.000000
0.357948 -0.057837 -0.070853 0.000000
0.036294 -0.087685 -0.154076 1.000000
0.016488 -0.007164 0.359260 1.000000
0.091428 -0.072290 0.276419 3.000000
0.269881 -0.041447 0.262042 3.000000
-0.128522 0.072874 -0.052449 0.000000
-0.112923 0.084446 0.033375 0.000000
0.606803 -0.004232 -0.079927 0.000000
0.001041 -0.025491 0.235151 1.000000
0.059591 -0.010044 -0.341757 1.000000
0.103484 -0.062578 0.249119 3.000000
0.729944 0.020314 0.076274 0.000000
0.319994 -0.090795 0.002405 0.000000
-0.220668 -0.069817 -0.040545 0.000000
-0.046701 0.002242 0.333108 1.000000
0.122882 -0.019755 0.254956 1.000000
0.476704 -0.056155 0.053053 0.000000
-0.077008 0.015063 0.585251 1.000000
0.189385 -0.010095 -0.084719 1.000000
-0.383343 -0.061329 0.045559 0.000000
0.287239 -0.063929 0.299640 3.000000
-0.774889 0.302001 -0.006211 2.000000
-0.578058 -0.057047 -0.013985 0.000000
0.265701 -0.116004 -0.233043 3.000000
0.009631 -0.087303 -0.052220 0.000000
-0.150112 -0.074966 0.069850 0.000000
-0.067500 -0.006807 0.267395 1.000000
-0.422826 -0.072341 -0.027265 0.000000
-0.685140 0.002828 -0.057649 2.000000
-0.063575 0.000152 0.404300 1.000000
0.241842 0.044147 -0.072764 0.000000
-0.651825 0.169607 -0.007970 2.000000
0.042284 -0.102418 0.173160 1.000000
-0.385331 -0.054778 -0.055737 0.000000
0.157854 -0.076266 0.227759 3.000000
0.015851 -0.039714 0.148384 1.000000
0.046464 -0.038847 0.073521 1.000000
0.388357 -0.062604 -0.056324 0.000000
0.013633 0.080088 0.040053 0.000000
-0.153553 0.026126 -0.643121 1.000000
0.908448 0.067037 -0.020307 0.000000
0.857188 -0.044582 -0.001164 0.000000
-0.667782 0.038183 -0.099401 2.000000
-0.000666 -0.034794 0.078619 1.000000
-0.606887 0.048149 0.056392 0.000000
-0.065920 -0.007342 0.307898 1.000000
-0.057610 -0.077158 -0.074115 0.000000
0.797644 0.061149 -0.062900 0.000000
0.165450 -0.092325 -0.017248 0.000000
-0.725414 0.185768 -0.008836 2.000000
-0.069539 -0.016238 0.149837 1.000000
-0.807746 0.023322 0.037071 2.000000
0.889305 -0.091942 0.038065 0.000000
0.944465 -0.039586 -0.053367 0.000000
-0.711751 0.045829 0.048821 2.000000
-0.766911 0.154823 -0.007511 2.000000
0.016922 -0.059162 0.088254 1.000000
0.003871 -0.035661 -0.046943 0.000000
-0.065130 0.044886 0.069086 0.000000
0.867359 -0.077693 -0.037767 0.000000
0.200880 0.074990 -0.050206 0.000000
0.045444 -0.149549 -0.176456 3.000000
-0.444518 -0.070658 -0.028718 0.000000
0.234221 -0.032169 -0.088109 0.000000
0.089847 0.008156 -0.080590 0.000000
0.216811 0.032040 -0.077123 0.000000
-0.038289 -0.016748 -0.095654 1.000000
0.197694 -0.024930 -0.267811 3.000000
-0.701989 0.041675 0.049459 2.000000
-0.578109 0.127014 0.005056 2.000000
-0.049606 -0.017003 -0.076970 0.000000
-0.749323 0.001248 0.041965 2.000000
0.873502 -0.044582 -0.002133 0.000000
-0.266625 0.078686 0.041965 0.000000
-0.234738 -0.041957 0.064931 0.000000
-0.104537 0.074709 0.047114 0.000000
0.650747 0.055617 0.063350 0.000000
0.569537 0.091889 0.012957 0.000000
-0.344777 -0.008515 -0.079417 0.000000
-0.229283 -0.082129 0.005463 0.000000
0.024084 -0.128749 0.159115 1.000000
0.404441 0.076315 -0.048779 0.000000
0.468165 0.000254 -0.080258 0.000000
0.095430 0.000636 -0.258660 1.000000
-0.137138 0.024240 -0.673454 1.000000
0.232309 -0.019603 0.073572 1.000000
-0.009384 0.004052 0.477812 1.000000
0.010320 -0.024038 0.181317 1.000000
0.007618 -0.008744 -0.174749 1.000000
0.154515 -0.103514 0.273844 3.000000
0.006624 -0.012771 0.287073 1.000000
-0.090619 -0.001632 0.341213 1.000000
-0.454204 0.074709 0.044004 0.000000
-0.122889 0.015548 -0.570399 1.000000
0.890809 -0.047361 -0.058974 0.000000
0.012435 -0.092376 -0.000960 0.000000
0.073458 -0.010579 -0.273241 1.000000
0.914413 -0.042951 0.054506 0.000000
-0.893110 0.374850 -0.000195 2.000000
0.334854 -0.075399 -0.063818 0.000000
0.172689 -0.047973 -0.076894 0.000000
-0.375772 0.059543 0.059705 0.000000
0.128745 0.090742 0.017316 0.000000
0.139170 -0.007062 0.134569 1.000000
-0.686848 0.048327 -0.118467 2.000000
-0.837798 0.060308 0.150551 2.000000
-0.024958 -0.017181 0.383959 1.000000
0.864886 0.059390 0.051268 0.000000
-0.021976 -0.015397 0.243231 1.000000
-0.844400 0.066705 -0.209414 2.000000
-0.185925 0.033212 -0.756779 1.000000
0.350530 -0.088552 0.018234 0.000000
0.852906 -0.070378 0.033528 0.000000
-0.694368 0.193822 0.004597 2.000000
0.102898 -0.010222 0.107116 1.000000
0.249183 -0.092325 0.003450 0.000000
-0.514360 -0.046112 -0.051098 0.000000
0.033949 0.008895 0.445619 1.000000
0.242709 0.071650 0.050351 0.000000
-0.363945 -0.079707 0.001614 0.000000
-0.421628 -0.076444 -0.012762 0.000000
0.092651 0.066502 -0.058771 0.000000
-0.476788 0.048302 -0.066749 0.000000
0.081104 -0.092350 -0.000093 0.000000
-0.107290 0.017103 -0.601063 1.000000
0.775417 0.006448 0.077319 0.000000
-0.261018 -0.079631 -0.020103 0.000000
0.005681 0.004103 -0.479834 1.000000
0.014627 -0.081338 0.106275 0.000000
0.293229 -0.111824 -0.284482 3.000000
0.926367 -0.017461 0.060292 0.000000
-0.791713 0.044835 0.076427 2.000000
-0.039360 -0.002652 0.385795 1.000000
-0.078333 0.030765 0.074005 0.000000
0.033643 -0.026255 -0.171868 1.000000
0.036472 -0.019373 0.090369 1.000000
0.062650 -0.011114 -0.330720 1.000000
-0.428357 0.066017 -0.056884 0.000000
0.193896 -0.038847 -0.244769 3.000000
0.027092 -0.074788 -0.015642 0.000000
-0.789954 0.019703 -0.043630 2.000000
0.014041 0.075984 -0.049135 0.000000
-0.396138 0.091328 0.010791 0.000000
-0.003623 -0.054931 -0.015642 0.000000
-0.375772 -0.006220 0.075484 0.000000
-0.732526 0.027502 -0.052959 2.000000
0.080340 -0.092197 -0.265747 3.000000
-0.871011 0.022914 -0.016126 2.000000
-0.173869 -0.082715 0.027512 0.000000
0.639354 0.085058 -0.035397 0.000000
0.719570 -0.029212 0.070131 0.000000
0.607848 0.007315 -0.080641 0.000000
0.670629 -0.065994 -0.045210 0.000000
-0.848019 0.075346 -0.277217 2.000000
0.024135 -0.081568 0.154298 1.000000
-0.181872 0.026483 -0.667923 1.000000
-0.711522 0.233382 0.003603 2.000000
-0.080474 0.020799 -0.548452 1.000000
0.880282 -0.074864 -0.035779 0.000000
-0.046012 -0.021667 -0.159812 1.000000
-0.029725 0.008971 -0.531859 1.000000
-0.683254 0.035200 0.053231 2.000000
-0.125413 0.013993 0.544417 1.000000
-0.627738 0.046492 0.056800 0.000000
0.145593 0.065915 0.055831 0.000000
-0.842845 0.078941 0.283505 2.000000
0.755892 0.046059 0.068627 0.000000
0.013582 -0.014275 0.268976 1.000000
0.053882 -0.009942 -0.139139 1.000000
0.077791 -0.033214 -0.271125 1.000000
0.406276 0.084854 -0.035855 0.000000
0.832693 0.035098 0.069544 0.000000
0.016463 -0.078280 0.143541 1.000000
-0.799359 0.222575 0.003169 2.000000
-0.697248 0.111287 -0.009830 2.000000
0.394347 0.080240 -0.043196 0.000000
0.111361 -0.004513 -0.181911 1.000000
0.998936 -0.032551 0.032661 0.000000
-0.131836 0.009507 -0.486385 1.000000
-0.222273 0.091736 -0.016993 0.000000
-0.037652 0.005683 0.362268 1.000000
0.141923 -0.061457 -0.238575 3.000000
0.425037 -0.030538 -0.073019 0.000000
0.424858 -0.035177 0.067531 0.000000
0.019776 -0.012491 -0.300311 1.000000
-0.836268 0.018683 -0.029559 2.000000
0.482439 -0.026689 0.071099 0.000000
0.218213 -0.029059 0.272570 3.000000
0.475302 0.027885 -0.078015 0.000000
-0.856176 0.081286 0.297244 2.000000
0.142866 -0.008820 0.108798 1.000000
-0.660594 0.150210 0.005438 2.000000
0.293841 -0.112257 0.242900 3.000000
-0.822377 0.286962 0.002583 2.000000
0.820687 -0.044608 -0.064761 0.000000
0.038333 -0.089393 0.152666 1.000000
0.534030 -0.069001 0.037274 0.000000
-0.252887 0.090615 0.017596 0.000000
-0.184676 0.089799 0.020961 0.000000
0.156375 -0.004844 0.205098 1.000000
-0.016852 -0.089572 -0.034300 0.000000
-0.113229 0.025183 -0.692418 1.000000
0.123035 -0.005915 -0.159378 1.000000
0.695711 0.009711 0.077064 0.000000
0.497606 0.004077 0.077140 0.000000
0.739808 0.087785 -0.029483 0.000000
-0.040583 -0.008922 -0.200391 1.000000
-0.103262 0.010450 0.512249 1.000000
0.943853 0.043688 0.011530 0.000000
0.001118 -0.071652 0.069519 0.000000
0.189716 -0.112920 0.231047 3.000000
0.151481 -0.043486 0.261533 3.000000
-0.690926 0.033161 -0.084974 2.000000
0.182604 -0.090158 0.048617 0.000000
0.961849 0.027426 -0.014291 0.000000
0.527352 0.091150 0.015812 0.000000
0.510554 0.000662 0.076885 0.000000
0.046897 -0.009942 0.336625 1.000000
-0.185492 -0.018583 0.073368 0.000000
0.097316 -0.070990 -0.285119 3.000000
-0.605205 -0.029365 -0.051251 0.000000
0.431485 0.078150 -0.046306 0.000000
0.910309 0.024546 -0.060784 0.000000
0.185943 -0.009228 -0.097387 1.000000
0.021076 -0.017716 -0.245712 1.000000
-0.816488 0.166421 -0.000552 2.000000
0.205774 -0.009279 -0.100879 1.000000
0.054136 -0.088680 0.043316 0.000000
-0.075708 0.063035 -0.061447 0.000000
0.032368 0.012667 0.428209 1.000000
0.048350 -0.005787 -0.194223 1.000000
-0.012111 -0.009279 -0.321747 1.000000
0.066550 -0.028651 0.241370 1.000000
0.921932 0.060613 0.016144 0.000000
0.086457 -0.013663 0.072884 1.000000
0.812556 -0.075094 0.012550 0.000000
0.044782 -0.091993 0.038269 0.000000
0.966488 -0.058066 0.031641 0.000000
0.161142 -0.044353 0.246927 3.000000
0.947524 0.029465 0.029933 0.000000
0.209139 -0.050190 -0.243265 3.000000
-0.719934 0.046671 -0.163559 2.000000
-0.059063 0.010169 -0.422228 1.000000
0.945459 -0.044761 0.046986 0.000000
0.047611 -0.154086 0.132147 3.000000
-0.543571 0.082764 -0.025430 0.000000
0.862490 -0.085697 -0.040953 0.000000
0.100783 -0.051337 0.073495 1.000000
-0.210803 0.048353 0.067352 0.000000
-0.327138 -0.052178 -0.060274 0.000000
0.021688 -0.028269 -0.162743 1.000000
-0.026385 -0.005201 0.228523 1.000000
0.570200 0.093291 -0.004834 0.000000
0.086610 -0.006679 0.159931 1.000000
-0.017311 -0.019399 0.201504 1.000000
0.246685 0.065890 0.055856 0.000000
-0.089217 -0.004691 -0.325061 1.000000
0.143529 -0.059290 -0.289987 3.000000
-0.605944 0.018326 -0.064939 0.000000
-0.427848 -0.076699 0.003246 0.000000
-0.088478 -0.006017 0.073903 0.000000
-0.002400 -0.014658 -0.266103 1.000000
-0.764235 0.313828 0.002226 2.000000
-0.135354 0.014273 -0.523014 1.000000
0.075293 -0.058704 0.264693 3.000000
-0.042622 0.010858 0.511714 1.000000
-0.110399 -0.092401 -0.032159 0.000000
-0.706705 0.045039 -0.150610 2.000000
0.079014 -0.090821 0.257454 3.000000
-0.405136 -0.039918 -0.065959 0.000000
-0.110654 -0.052994 0.073495 0.000000
0.530054 0.093087 -0.007332 0.000000
-0.097705 0.021844 0.562616 1.000000
0.075573 0.003644 0.300404 1.000000
0.255301 -0.075017 0.312512 3.000000
0.018425 -0.066019 -0.163941 1.000000
-0.120723 -0.041243 0.073495 0.000000
-0.687052 0.104303 0.006967 2.000000
-0.051901 -0.091917 -0.041922 0.000000
0.073356 -0.034641 0.085119 1.000000
-0.030515 -0.057964 -0.038404 0.000000
-0.042495 -0.027173 -0.259476 1.000000
0.020184 -0.022177 0.268925 1.000000
0.152221 -0.043028 0.282154 3.000000
-0.713689 0.075219 0.000340 2.000000
0.561916 0.034792 0.072909 0.000000
0.028570 -0.079733 -0.073147 0.000000
0.076032 0.006754 -0.080692 0.000000
-0.016342 -0.004793 -0.376295 1.000000
0.473849 0.080215 -0.043273 0.000000
0.028010 -0.092936 0.167909 1.000000
-0.252249 0.030459 0.074056 0.000000
-0.020701 -0.034412 0.073521 0.000000
-0.332848 -0.080574 0.005030 0.000000
-0.712261 0.046798 -0.069961 2.000000
0.905746 0.038310 -0.057980 0.000000
0.398757 0.060461 -0.063435 0.000000
0.045648 -0.003391 -0.225498 1.000000
