-0.548185 0.106917 0.018178 0.000000
0.211211 -0.080018 -0.336610 3.000000
-0.296020 0.014514 -0.798545 1.000000
-0.102379 -0.010317 -0.550691 1.000000
0.074417 -0.142001 -0.049261 3.000000
0.111303 -0.149081 0.166070 1.000000
0.505080 0.020236 0.102277 0.000000
-0.207104 0.081022 0.074652 0.000000
-0.704435 0.252840 0.002955 0.000000
0.104809 -0.088641 0.618185 3.000000
0.273594 -0.014069 -0.232710 1.000000
-0.774535 0.201156 0.002981 0.000000
-0.029271 -0.030889 0.596840 3.000000
0.044263 -0.022399 -0.424249 1.000000
-0.357365 -0.063997 -0.002927 0.000000
0.378079 0.096245 -0.043513 0.000000
0.130891 -0.073790 -0.114013 1.000000
-0.807723 0.255555 0.018657 0.000000
-0.653789 0.125041 0.026535 0.000000
0.054989 -0.062932 -0.083700 1.000000
0.361047 -0.024289 -0.156329 1.000000
-0.331576 0.106012 -0.003645 0.000000
0.375152 -0.098036 0.044525 0.000000
-0.169419 0.003789 0.102943 0.000000
-0.393533 0.106731 0.023367 0.000000
0.151410 -0.027057 0.180495 1.000000
0.081017 -0.051967 -0.608842 3.000000
0.340314 -0.070650 0.363411 3.000000
-0.577354 -0.014841 0.027546 0.000000
0.054430 -0.039405 -0.214480 1.000000
-0.670821 0.028140 0.050540 0.000000
0.022520 -0.004568 0.573607 1.000000
-0.051520 -0.092846 0.023554 0.000000
-0.806445 0.073809 -0.137699 2.000000
0.828650 0.031307 0.074280 0.000000
-0.507599 -0.031954 0.008384 0.000000
-0.007900 -0.045287 -0.075236 0.000000
-0.675426 0.008313 0.032017 0.000000
-0.253545 -0.069665 -0.037365 0.000000
-0.654268 0.075193 -0.102356 2.000000
-0.434358 -0.036930 -0.035635 0.000000
0.010065 -0.010849 -0.412166 1.000000
-0.804343 0.085094 -0.253894 2.000000
0.061402 -0.061708 -0.101930 1.000000
0.205569 0.009351 -0.079947 0.000000
0.375205 -0.098355 0.016554 0.000000
-0.019982 -0.016917 -0.570651 1.000000
0.209401 -0.081136 0.328893 3.000000
0.054776 -0.036664 -0.303023 1.000000
-0.833272 0.071281 -0.088623 2.000000
0.056852 -0.098701 0.004631 0.000000
-0.717129 0.285149 0.005882 0.000000
0.142441 -0.018354 -0.229703 1.000000
-0.793537 0.123684 0.005031 0.000000
0.214591 -0.026285 -0.068929 1.000000
0.384706 0.105799 0.060813 0.000000
0.663671 0.025505 -0.074890 0.000000
0.406184 0.085786 -0.050113 0.000000
-0.727908 0.079531 0.151113 2.000000
0.544628 0.129139 -0.005615 0.000000
0.121629 -0.025966 0.408043 1.000000
0.132834 0.105160 -0.007504 0.000000
-0.506136 -0.030144 0.041145 0.000000
0.706866 0.131668 0.016900 0.000000
-0.053596 -0.025540 -0.583878 1.000000
0.043891 -0.030117 -0.017564 0.000000
0.772628 0.077535 0.065896 0.000000
0.604403 0.040409 -0.074332 0.000000
-0.041912 -0.094256 0.005563 0.000000
-0.234622 -0.033710 0.091312 0.000000
0.532971 0.039770 -0.074837 0.000000
0.584336 0.112639 0.056395 0.000000
0.018954 0.097815 -0.030020 0.000000
-0.022431 0.001074 -0.597105 1.000000
-0.514572 -0.006937 0.065763 0.000000
-0.037734 0.020369 0.102251 0.000000
-0.526309 -0.009013 -0.037764 0.000000
-0.684102 0.183618 -0.000585 0.000000
-0.033183 -0.029425 0.383824 1.000000
0.852549 -0.070570 0.033933 0.000000
-0.582357 0.115753 -0.004737 0.000000
0.633279 -0.093937 0.010859 0.000000
-0.063682 -0.093591 0.013254 0.000000
0.066007 -0.030543 0.583906 3.000000
-0.465496 0.104415 0.033694 0.000000
0.942770 -0.037809 0.028531 0.000000
-0.044999 -0.010716 0.574857 1.000000
-0.132319 -0.062613 0.078351 0.000000
0.122428 -0.098541 0.025284 0.000000
0.287353 -0.014122 -0.166468 1.000000
0.980721 0.020156 -0.009634 0.000000
0.440622 0.005119 -0.080054 0.000000
0.264066 -0.059313 0.334535 3.000000
-0.688466 0.106145 -0.004018 0.000000
-0.100835 -0.083238 0.049449 0.000000
-0.747203 0.071734 -0.150607 2.000000
-0.539270 -0.014548 0.050567 0.000000
0.076626 -0.022373 -0.271300 1.000000
0.032527 -0.008986 -0.405087 1.000000
-0.752233 0.105693 0.002875 0.000000
0.193593 -0.096705 -0.037392 0.000000
0.147844 0.103803 0.036568 0.000000
0.362776 -0.019285 0.164048 1.000000
0.611296 0.047994 0.094320 0.000000
0.079606 -0.027323 0.348960 1.000000
0.065155 -0.013271 -0.491502 1.000000
-0.042817 -0.044435 -0.067678 0.000000
0.097278 -0.095055 0.607113 3.000000
0.298797 -0.047230 0.336744 1.000000
-0.150922 0.002351 -0.623480 1.000000
0.198091 -0.084303 -0.331181 3.000000
-0.126038 0.055047 0.091871 0.000000
0.092115 -0.070437 -0.597132 3.000000
0.270560 0.116445 0.030899 0.000000
0.111782 0.077429 -0.054371 0.000000
0.826335 -0.082679 -0.001995 0.000000
0.000697 -0.024129 -0.570092 1.000000
0.138023 -0.065726 -0.129236 1.000000
-0.273026 0.102872 0.039735 0.000000
0.668568 -0.091010 0.006973 0.000000
-0.825687 0.237218 0.016661 0.000000
-0.288329 0.018240 -0.829390 1.000000
0.446078 -0.080683 -0.031084 0.000000
0.667637 -0.083238 0.044126 0.000000
0.140392 -0.016278 0.277768 1.000000
0.423855 0.128554 0.003753 0.000000
0.028694 -0.094523 -0.558728 3.000000
0.152901 -0.014681 -0.079255 0.000000
-0.418976 0.089565 0.065417 0.000000
-0.771847 0.331856 0.007186 0.000000
0.464707 0.003469 -0.079947 0.000000
0.007536 -0.057609 0.633860 3.000000
0.238224 -0.013564 0.227096 1.000000
0.065794 -0.093671 0.588244 3.000000
-0.847084 0.072559 0.012003 3.000000
0.688422 0.125041 0.040241 0.000000
0.197585 -0.029053 -0.069142 1.000000
-0.522077 -0.027349 0.030739 0.000000
0.049879 0.095420 0.058072 0.000000
-0.248222 -0.085208 0.007106 0.000000
0.136373 -0.136971 -0.117552 1.000000
-0.560241 -0.000523 0.059429 0.000000
0.639985 -0.042706 0.089396 0.000000
-0.619217 -0.004861 0.029143 0.000000
-0.003642 -0.005819 0.485435 1.000000
0.355325 -0.118555 -0.328200 3.000000
-0.575864 0.054674 -0.020279 2.000000
0.238570 0.067475 -0.061637 0.000000
0.374194 0.078573 0.077739 0.000000
0.042666 -0.016624 -0.480644 1.000000
-0.051413 -0.058780 0.599369 3.000000
0.224225 -0.098036 0.042396 0.000000
0.476018 0.042112 -0.074119 0.000000
-0.152572 0.008632 -0.676468 1.000000
-0.058546 -0.007416 -0.491688 1.000000
0.080192 -0.004621 0.462601 1.000000
0.333022 -0.042439 0.209131 1.000000
-0.040794 0.097469 -0.030765 0.000000
-0.223098 0.012199 -0.742683 1.000000
0.163972 -0.049732 -0.195052 1.000000
0.553863 0.091933 -0.047106 0.000000
-0.685725 0.078440 0.152178 2.000000
0.046392 -0.031687 -0.340416 1.000000
-0.145306 0.106624 -0.000904 0.000000
-0.099797 0.101328 -0.022009 0.000000
0.748809 -0.005899 0.090328 0.000000
0.265397 -0.065434 0.140920 1.000000
0.889196 0.011986 -0.041118 0.000000
-0.116058 -0.038634 -0.070340 0.000000
-0.553348 0.023376 -0.048436 0.000000
-0.196964 -0.087470 0.031937 0.000000
-0.112305 0.010628 0.102916 0.000000
0.844166 -0.063384 -0.018735 0.000000
-0.743025 0.070004 0.085298 2.000000
-0.536369 -0.003850 0.062543 0.000000
-0.025491 -0.080870 0.593274 3.000000
-0.063895 0.004507 0.634100 1.000000
-0.061367 -0.004967 -0.603439 1.000000
-0.005717 -0.004887 -0.581297 1.000000
-0.014393 0.000462 0.569136 1.000000
0.187871 -0.069825 -0.073320 1.000000
0.577496 0.062312 0.087826 0.000000
0.657337 0.083710 0.073641 0.000000
0.462764 -0.097743 0.024432 0.000000
0.623884 0.069285 -0.059960 0.000000
-0.067408 -0.022532 0.449906 1.000000
0.075188 -0.045154 -0.120400 1.000000
0.255630 -0.036584 0.275506 1.000000
0.696939 -0.041082 0.086761 0.000000
-0.578232 0.044774 -0.049022 0.000000
-0.685486 0.051560 -0.029274 2.000000
0.555806 -0.078341 -0.035209 0.000000
-0.281941 -0.018008 0.095650 0.000000
-0.767696 0.086185 0.218579 2.000000
0.023744 -0.003397 -0.079841 0.000000
0.678788 0.068114 -0.059268 0.000000
-0.444418 -0.028840 -0.040479 0.000000
0.160299 -0.066951 -0.088277 1.000000
0.253607 -0.090930 0.376532 3.000000
0.289828 -0.055214 -0.330329 3.000000
-0.100915 -0.042626 0.091579 0.000000
0.444081 0.076018 -0.056554 0.000000
0.900614 0.059757 0.035929 0.000000
-0.006090 -0.024449 0.098951 0.000000
0.258717 -0.052287 -0.308479 3.000000
0.011582 -0.041135 0.595430 3.000000
0.012859 -0.050503 -0.608443 3.000000
-0.006170 -0.043344 0.254694 1.000000
-0.033076 0.075619 -0.055702 0.000000
0.257705 -0.039645 -0.231220 1.000000
-0.488437 -0.033843 0.044712 0.000000
-0.629331 0.053796 -0.013839 2.000000
0.156946 -0.125794 -0.141824 1.000000
0.084317 -0.087683 -0.059854 0.000000
-0.813045 0.280359 0.004578 0.000000
-0.826113 0.324963 0.005643 0.000000
-0.172665 0.095233 -0.035289 0.000000
0.553757 0.122938 0.044845 0.000000
0.005221 -0.092074 -0.562933 3.000000
-0.447186 0.038120 -0.068477 0.000000
-0.404178 0.092279 0.062277 0.000000
-0.229087 0.086291 -0.046786 0.000000
-0.307118 0.045625 0.095677 0.000000
-0.165240 -0.050157 0.086522 0.000000
-0.070309 -0.020749 -0.077020 0.000000
-0.120263 -0.085767 -0.020998 0.000000
0.102015 -0.048747 0.231700 1.000000
0.022094 -0.004621 -0.550505 1.000000
0.072314 -0.046219 0.250037 1.000000
0.019619 -0.015426 -0.494642 1.000000
0.182947 -0.069452 0.109490 0.000000
0.260021 -0.018727 -0.081411 1.000000
-0.047474 -0.024635 -0.391328 1.000000
0.868757 -0.035067 -0.037525 0.000000
-0.552071 0.063803 0.043487 2.000000
0.279821 -0.070251 -0.285379 3.000000
-0.021473 -0.032406 -0.304594 1.000000
-0.008964 -0.038740 0.093335 0.000000
-0.674867 0.068806 -0.018336 2.000000
0.757458 0.030189 0.086229 0.000000
0.034390 -0.053431 -0.610678 3.000000
0.271571 -0.050264 0.192604 1.000000
0.173233 -0.053271 -0.159362 1.000000
0.169614 -0.040896 -0.257035 1.000000
-0.812779 0.089059 0.302918 2.000000
0.321339 -0.020297 0.221826 1.000000
0.383881 -0.097716 0.055064 0.000000
-0.181954 0.008473 -0.751013 1.000000
-0.181874 0.046663 0.095597 0.000000
0.224518 -0.071954 -0.062675 1.000000
0.330015 -0.013510 -0.099348 1.000000
-0.772805 0.177843 0.020280 0.000000
0.228350 -0.071528 0.101293 1.000000
0.780639 -0.128349 0.027706 0.000000
0.388645 0.066251 -0.062382 0.000000
-0.639364 0.070616 -0.044338 2.000000
-0.793298 0.086078 -0.192204 2.000000
-0.287717 -0.068787 -0.034784 0.000000
0.470402 -0.091382 0.028025 0.000000
0.999803 -0.008374 0.017992 0.000000
0.641848 0.093158 0.068558 0.000000
0.006206 -0.035440 -0.310236 1.000000
0.320088 -0.088534 -0.058257 0.000000
0.049533 -0.031421 0.368574 1.000000
0.109174 0.088846 0.067493 0.000000
0.163227 -0.008507 -0.348959 1.000000
0.493450 -0.090584 0.030553 0.000000
-0.134155 0.007461 0.684639 1.000000
0.158223 -0.060643 -0.144246 1.000000
0.314180 -0.060856 0.146217 1.000000
-0.271163 0.015765 0.864575 1.000000
0.083199 -0.096306 0.058844 0.000000
0.313195 0.035832 -0.076035 0.000000
0.024303 -0.043238 0.620473 3.000000
-0.005238 -0.025966 -0.326523 1.000000
0.037929 -0.035174 -0.267654 1.000000
-0.222273 0.010123 -0.079628 0.000000
-0.113556 0.103963 -0.012987 0.000000
0.830620 0.016217 -0.054824 0.000000
0.772149 -0.063278 0.060973 0.000000
-0.784569 0.069258 0.075318 2.000000
0.597084 0.043896 0.096609 0.000000
0.335524 -0.061788 0.327456 3.000000
0.021482 -0.013058 0.412673 1.000000
-0.273398 -0.022772 -0.070978 0.000000
-0.213917 -0.081721 0.043700 0.000000
0.245011 -0.105541 -0.332325 3.000000
0.265902 -0.014362 -0.165377 1.000000
0.042613 -0.034375 0.578051 3.000000
-0.315209 0.104256 -0.011630 0.000000
0.016425 -0.039539 -0.079708 0.000000
0.068295 -0.053804 0.183423 1.000000
-0.771475 0.085546 -0.187467 2.000000
0.032553 0.020422 0.102251 0.000000
-0.713324 0.074661 0.047852 0.000000
-0.380412 -0.022612 0.080454 0.000000
0.137331 -0.051621 0.208972 1.000000
0.057650 -0.066285 -0.226669 1.000000
0.011156 -0.048268 0.570200 3.000000
0.258397 0.113810 -0.011470 0.000000
0.837140 0.076737 -0.022648 0.000000
-0.676171 0.197350 0.022968 0.000000
0.131503 0.107263 0.004711 0.000000
0.572839 -0.085421 -0.021902 0.000000
-0.803731 0.097948 0.028797 0.000000
0.343668 0.052066 -0.070127 0.000000
0.071542 -0.061042 0.627553 3.000000
-0.562078 0.161582 0.005563 0.000000
-0.000315 -0.083824 -0.589387 3.000000
-0.681094 0.073463 -0.068902 2.000000
-0.098174 -0.013218 -0.481229 1.000000
-0.757077 0.069338 -0.126388 2.000000
-0.055618 -0.013537 -0.519340 1.000000
-0.110070 -0.087230 0.040108 0.000000
0.868411 -0.066046 -0.009900 0.000000
-0.276113 0.015685 -0.799024 1.000000
0.171317 -0.035307 0.318541 1.000000
0.046392 -0.023011 0.444743 1.000000
-0.877131 0.091854 -0.270076 2.000000
-0.690622 0.036497 0.050753 0.000000
0.461168 0.031706 -0.077153 0.000000
0.109653 -0.058062 0.244927 1.000000
0.905351 0.062552 -0.010326 0.000000
0.981067 -0.020563 0.000347 0.000000
-0.382036 0.107742 0.009422 0.000000
0.916555 0.061354 0.029941 0.000000
-0.711541 0.085599 0.045271 0.000000
-0.596063 0.061061 0.077260 2.000000
0.803580 -0.044728 -0.045535 0.000000
-0.053995 0.103963 0.035982 0.000000
0.055042 -0.030357 0.264195 1.000000
0.589872 -0.090956 -0.006254 0.000000
0.047350 -0.122760 -0.048037 3.000000
0.472399 -0.074589 0.064353 0.000000
0.410096 -0.018567 -0.082555 1.000000
-0.297005 0.023004 0.101505 0.000000
0.825829 -0.073311 0.024219 0.000000
-0.843625 0.084242 -0.189569 2.000000
-0.852593 0.087569 -0.221372 2.000000
0.015015 0.062153 -0.064857 0.000000
0.167991 -0.029159 0.360803 1.000000
0.041442 -0.016864 -0.574404 1.000000
0.808690 -0.022852 0.078405 0.000000
-0.679258 0.070323 0.056608 2.000000
0.097384 -0.098169 0.040028 0.000000
-0.732246 0.060236 -0.046733 2.000000
0.671576 -0.053883 0.080773 0.000000
0.210466 -0.048720 -0.195956 1.000000
0.038728 -0.092527 0.590400 3.000000
-0.002524 -0.084782 -0.061211 0.000000
0.070824 -0.131276 0.067147 0.000000
0.166021 -0.011142 0.310290 1.000000
0.134643 -0.037090 0.315932 1.000000
0.358625 0.078281 -0.054238 0.000000
-0.046995 -0.075148 0.611505 3.000000
0.277879 -0.017955 -0.066507 1.000000
-0.164868 0.005625 0.684160 1.000000
0.826069 -0.029665 -0.049820 0.000000
-0.629996 0.067289 -0.010379 2.000000
-0.130935 -0.014389 -0.581989 1.000000
-0.131148 0.028832 -0.077685 0.000000
0.104277 -0.045660 -0.076088 1.000000
0.088948 -0.028547 -0.569028 3.000000
0.008414 -0.094523 0.063528 0.000000
-0.321410 -0.028760 -0.063287 0.000000
0.199075 -0.039459 -0.255252 1.000000
-0.240557 -0.062134 0.069995 0.000000
0.693452 -0.028201 0.092563 0.000000
-0.209871 -0.081189 -0.022754 0.000000
-0.703131 0.064149 0.115611 2.000000
-0.177110 -0.003344 0.625450 1.000000
0.040271 -0.100431 -0.029833 0.000000
0.009133 -0.095773 0.602642 3.000000
-0.008192 -0.034109 -0.318300 1.000000
-0.527746 -0.026551 0.000293 0.000000
0.326848 -0.095374 -0.045775 0.000000
-0.233371 0.019118 0.857149 1.000000
0.107551 -0.010476 0.361415 1.000000
0.293820 -0.001827 0.102996 0.000000
0.067018 -0.036797 0.327456 1.000000
0.076998 -0.044515 -0.181638 1.000000
-0.046037 -0.022160 -0.076727 0.000000
0.275989 -0.105434 -0.348134 3.000000
0.319503 -0.120737 -0.301054 3.000000
0.325597 -0.098036 0.043461 0.000000
0.284878 -0.065487 0.315773 3.000000
-0.692778 0.074927 0.106030 2.000000
-0.768121 0.175846 0.002529 0.000000
0.202296 -0.020456 -0.145630 1.000000
0.225024 0.082379 -0.050565 0.000000
-0.859646 0.082432 -0.189622 2.000000
0.040724 -0.029691 -0.257940 1.000000
0.049879 -0.049066 -0.196169 1.000000
-0.044281 0.080702 0.074998 0.000000
0.642301 0.038360 0.096023 0.000000
0.039872 -0.043690 -0.551489 3.000000
0.344945 -0.013989 0.094905 1.000000
0.353382 -0.060111 0.332885 3.000000
0.027576 -0.035467 0.592955 3.000000
0.213287 -0.020084 0.104220 0.000000
-0.094527 0.025851 0.101266 0.000000
-0.112918 -0.074642 0.064299 0.000000
0.922889 0.013316 0.055703 0.000000
-0.746990 0.078307 -0.201492 2.000000
0.225689 -0.074988 -0.302917 3.000000
-0.008725 -0.011168 -0.539247 1.000000
-0.515557 0.106118 0.025310 0.000000
0.231038 -0.011913 -0.272311 1.000000
-0.073024 -0.036159 -0.385020 1.000000
0.417069 0.052093 -0.070127 0.000000
0.137039 -0.023757 -0.391541 1.000000
-0.193717 -0.000257 0.656908 1.000000
0.166926 -0.082014 -0.068397 0.000000
0.489272 -0.081189 -0.030153 0.000000
0.200486 0.049857 -0.071138 0.000000
0.142095 -0.070890 0.175226 1.000000
-0.253944 0.008579 -0.729402 1.000000
0.229814 -0.011993 -0.242743 1.000000
0.113219 0.080090 0.075451 0.000000
0.120884 -0.011035 0.345101 1.000000
-0.135779 0.100929 0.046149 0.000000
-0.145413 0.004401 0.662949 1.000000
-0.534506 0.064282 0.074519 0.000000
0.265077 -0.069452 -0.102462 1.000000
0.275324 -0.014655 0.148958 1.000000
-0.693603 0.062073 0.099589 2.000000
0.225343 -0.068920 0.121013 1.000000
-0.269433 0.019996 -0.841074 1.000000
0.055441 -0.075707 0.562855 3.000000
-0.580973 0.096112 0.047719 0.000000
0.226142 -0.098302 0.001518 0.000000
-0.036323 -0.056146 0.256797 1.000000
-0.839925 0.091028 -0.242956 2.000000
0.132195 0.026197 -0.078164 0.000000
-0.831089 0.084588 -0.186908 2.000000
0.042560 -0.080444 -0.001277 0.000000
0.099992 -0.032007 -0.332831 1.000000
-0.830238 0.078307 0.164953 2.000000
0.463962 -0.059126 -0.058097 0.000000
0.082188 -0.050317 -0.189596 1.000000
0.568261 0.122406 0.046042 0.000000
-0.112066 -0.049865 0.087453 0.000000
-0.752472 0.275967 0.003460 0.000000
-0.370166 -0.000762 -0.068556 0.000000
-0.616716 0.193092 0.020280 0.000000
0.009878 -0.135162 0.058178 0.000000
0.779441 0.106065 -0.026879 0.000000
-0.053942 -0.017050 -0.482347 1.000000
-0.388184 -0.040497 -0.042076 0.000000
-0.027301 0.088474 0.067892 0.000000
-0.245986 0.009883 0.784760 1.000000
-0.049923 0.002192 0.659542 1.000000
0.176294 -0.053777 -0.325166 3.000000
0.436523 -0.043078 0.109809 1.000000
-0.707655 0.221941 0.001118 0.000000
0.517855 -0.064289 0.077047 0.000000
0.449697 -0.048774 -0.067465 1.000000
0.475699 -0.049465 -0.064644 0.000000
-0.735227 0.081155 -0.144964 2.000000
-0.723064 0.073197 -0.064777 2.000000
0.074789 -0.133778 -0.056021 3.000000
0.842596 0.115726 0.010859 0.000000
-0.831914 0.077961 -0.162929 2.000000
0.029147 -0.013271 -0.378261 1.000000
0.084689 -0.037250 0.185312 1.000000
0.404507 -0.097290 0.058285 0.000000
0.904047 0.070669 0.028557 0.000000
-0.344910 0.105400 0.029462 0.000000
-0.695146 0.071680 -0.149329 2.000000
-0.398244 0.020928 0.093681 0.000000
0.655900 -0.089572 -0.003379 0.000000
-0.362448 -0.037489 0.072071 0.000000
-0.788747 0.081208 -0.146455 2.000000
0.182389 -0.051887 0.202904 1.000000
-0.063443 -0.023437 -0.392871 1.000000
-0.239705 -0.084622 -0.006653 0.000000
-0.837876 0.089192 -0.225923 2.000000
0.058262 -0.132633 -0.037551 0.000000
-0.050242 -0.015107 0.530093 1.000000
-0.842108 0.088873 0.249877 2.000000
-0.297431 -0.017609 -0.071564 0.000000
-0.077628 -0.011514 -0.538795 1.000000
0.055654 0.018506 -0.079415 0.000000
-0.322288 -0.006085 0.096555 0.000000
-0.133277 -0.005712 0.604425 3.000000
-0.699777 0.109472 -0.002820 0.000000
0.212329 0.103085 -0.024378 0.000000
0.386383 -0.019152 0.136130 1.000000
-0.060382 0.097682 -0.030259 0.000000
0.336402 -0.097131 -0.319125 3.000000
-0.062777 -0.001028 -0.641391 1.000000
-0.663822 0.063191 -0.086654 2.000000
0.036944 0.037535 -0.075503 0.000000
0.199687 -0.081881 0.093069 0.000000
-0.801628 0.272215 0.004046 0.000000
-0.714255 0.059305 0.068451 2.000000
0.583671 -0.080976 -0.030552 0.000000
0.110611 -0.053378 0.193509 1.000000
-0.083030 -0.009066 -0.565275 1.000000
-0.095592 -0.033550 -0.396172 1.000000
-0.351936 0.073171 -0.057166 0.000000
-0.133144 0.104548 0.033294 0.000000
0.225822 -0.065114 -0.320748 3.000000
0.193992 -0.052313 -0.144858 1.000000
0.002506 -0.010237 -0.546167 1.000000
-0.423686 0.031307 -0.069461 0.000000
-0.738500 0.256460 0.002609 0.000000
-0.844210 0.057894 0.027812 0.000000
0.089693 -0.037995 -0.581936 3.000000
-0.122019 -0.066259 -0.052003 0.000000
0.346675 -0.087443 0.083435 0.000000
-0.127795 -0.001694 0.668431 1.000000
0.070052 -0.003903 -0.467842 1.000000
0.108296 -0.030011 0.105524 0.000000
0.342523 -0.042360 -0.178365 1.000000
0.356921 -0.080098 -0.347681 3.000000
0.100445 -0.146313 0.174693 1.000000
0.155961 -0.028201 0.376612 1.000000
0.312423 -0.051089 -0.148318 1.000000
0.018102 -0.013803 -0.078696 0.000000
0.012832 -0.037942 -0.289477 1.000000
0.151357 -0.049226 0.226377 1.000000
0.149733 -0.021548 -0.197447 1.000000
0.112208 -0.039938 -0.113134 1.000000
0.828224 -0.078927 0.034971 0.000000
0.622766 -0.091914 0.000160 0.000000
0.122854 -0.048720 -0.205830 1.000000
-0.290644 0.105453 -0.006174 0.000000
-0.208807 0.008579 -0.749921 1.000000
0.217891 -0.036877 0.338394 1.000000
0.056878 -0.056758 0.160082 1.000000
-0.172080 0.005758 0.747900 1.000000
0.673731 0.114848 0.054346 0.000000
-0.050854 -0.091568 -0.016739 0.000000
-0.770596 0.074475 -0.170780 2.000000
-0.861269 0.070030 0.026641 0.000000
0.089054 -0.046671 -0.217620 1.000000
0.302204 0.072825 0.081066 0.000000
-0.350286 0.060982 0.088385 0.000000
-0.722745 0.077030 0.123967 2.000000
0.243574 -0.042626 0.246630 1.000000
-0.050641 -0.004675 -0.584384 1.000000
0.100046 -0.065514 -0.086521 1.000000
-0.037095 -0.051009 -0.231965 1.000000
0.115721 0.053370 0.092616 0.000000
0.324639 -0.115042 0.365381 3.000000
0.437242 0.125280 -0.010938 0.000000
-0.492430 -0.003903 -0.049394 0.000000
-0.590501 -0.003344 0.047400 0.000000
0.389523 0.115407 0.050859 0.000000
0.663459 -0.016917 -0.074172 0.000000
0.264678 -0.106898 0.360297 3.000000
0.819468 -0.068255 0.044871 0.000000
0.302736 -0.014735 -0.194626 1.000000
0.742501 0.130816 0.021851 0.000000
-0.858209 0.071867 0.013467 3.000000
0.131530 -0.094017 -0.112921 1.000000
0.484614 -0.079379 0.085857 0.000000
0.029705 -0.082600 -0.606048 3.000000
-0.030096 -0.012446 0.458848 1.000000
0.584948 0.008845 0.103022 0.000000
0.362031 -0.014176 -0.099881 1.000000
0.604403 0.098188 -0.043406 0.000000
-0.699884 0.059172 0.073348 2.000000
0.045141 -0.062187 -0.088437 1.000000
0.236095 -0.048374 -0.190367 1.000000
0.488766 -0.096146 -0.002208 0.000000
0.081336 -0.035334 -0.311646 1.000000
0.165994 -0.069798 -0.074518 1.000000
0.025048 -0.018647 -0.342997 1.000000
0.202163 -0.010636 -0.306563 1.000000
0.530869 0.108594 0.060148 0.000000
-0.040635 -0.063917 -0.586140 3.000000
0.023664 -0.007043 -0.428294 1.000000
0.351492 0.124908 0.001917 0.000000
-0.081620 0.005625 0.650547 1.000000
-0.771741 0.065932 -0.017485 0.000000
-0.178015 -0.059499 0.078751 0.000000
-0.767935 0.062578 -0.045136 2.000000
0.314526 0.009724 0.102969 0.000000
0.737418 0.124269 0.038537 0.000000
-0.265175 0.013822 0.802724 1.000000
-0.628266 0.014674 0.052935 0.000000
0.112740 -0.094416 -0.048144 0.000000
-0.049124 0.058081 -0.067332 0.000000
0.107790 -0.029665 0.209983 1.000000
-0.796066 0.172067 0.004951 0.000000
0.284293 -0.080470 -0.291872 3.000000
0.729780 0.020103 -0.069195 0.000000
-0.118081 -0.018381 0.604665 3.000000
0.100312 -0.031927 -0.585715 3.000000
-0.193211 0.012385 0.824973 1.000000
-0.203564 0.061833 0.088092 0.000000
0.108030 -0.053191 -0.546193 3.000000
-0.778155 0.110776 0.003141 0.000000
0.034310 -0.054575 0.166363 1.000000
0.319183 -0.012339 0.104646 0.000000
0.008920 -0.029532 0.607539 3.000000
0.279023 -0.092500 0.377729 3.000000
0.217093 -0.055001 0.176290 1.000000
0.043944 -0.024848 0.312552 1.000000
0.152980 -0.015453 -0.399312 1.000000
0.122641 -0.072407 -0.152150 1.000000
-0.242101 0.037428 0.098578 0.000000
-0.267730 0.012598 0.816564 1.000000
0.234711 0.113810 0.018337 0.000000
-0.094501 -0.008773 0.594498 1.000000
0.242988 -0.011754 -0.079175 0.000000
-0.756784 0.059411 -0.017937 2.000000
-0.744781 0.078946 -0.120506 2.000000
-0.813365 0.089059 -0.280109 2.000000
0.092061 -0.042014 -0.596200 3.000000
0.477029 -0.059525 -0.057778 0.000000
0.592240 -0.047469 0.088917 0.000000
0.398572 -0.017050 -0.085456 1.000000
-0.028738 -0.008959 0.595137 1.000000
0.346462 -0.097956 0.049555 0.000000
-0.007713 -0.012605 0.551783 1.000000
0.366316 -0.002306 -0.080000 0.000000
-0.355528 -0.037622 -0.050220 0.000000
0.654357 -0.003983 -0.076674 0.000000
0.263747 0.009750 -0.079920 0.000000
0.172302 0.024707 0.101479 0.000000
0.859043 -0.065487 0.011524 0.000000
0.014190 -0.024369 -0.318486 1.000000
-0.308928 0.101541 0.044313 0.000000
-0.245933 0.008712 0.769590 1.000000
-0.112066 -0.015666 0.511064 1.000000
0.535633 0.023483 -0.078643 0.000000
-0.770783 0.263911 0.019908 0.000000
0.031675 -0.029691 -0.356597 1.000000
-0.171042 -0.001135 -0.639820 1.000000
0.235722 -0.037835 0.275586 1.000000
0.196787 -0.028866 0.103768 1.000000
-0.672871 0.065879 -0.107040 2.000000
-0.021420 -0.037383 0.299751 1.000000
0.099620 -0.094310 -0.048889 0.000000
-0.098945 -0.002545 -0.555561 1.000000
0.164637 -0.060750 -0.123434 1.000000
-0.011360 -0.097317 0.018284 0.000000
0.500529 -0.092979 0.055437 0.000000
-0.746378 0.075992 -0.184779 2.000000
0.114657 -0.097902 0.048145 0.000000
-0.189751 0.007515 0.767168 1.000000
0.345105 -0.014176 -0.121225 1.000000
0.448020 -0.038394 -0.069488 1.000000
-0.237550 -0.059978 -0.049820 0.000000
-0.037654 -0.077037 -0.037312 0.000000
0.054669 -0.027270 -0.577571 3.000000
0.455658 -0.070943 -0.046440 0.000000
-0.699272 0.240598 0.002023 0.000000
0.359397 -0.046405 -0.151964 1.000000
0.401393 -0.098275 -0.001437 0.000000
-0.230258 0.103244 0.038457 0.000000
0.194791 -0.098169 -0.014318 0.000000
0.237106 0.035539 0.099163 0.000000
-0.023469 -0.046751 0.610786 3.000000
0.144065 -0.010583 0.426725 1.000000
0.104463 -0.014495 0.325380 1.000000
0.044742 -0.059472 0.018843 0.000000
-0.522849 0.044055 0.080348 0.000000
-0.172453 -0.070198 -0.045190 0.000000
-0.021925 -0.040097 -0.581563 1.000000
-0.036882 -0.035280 -0.582122 1.000000
-0.227357 0.107556 0.007772 0.000000
0.767013 -0.065487 -0.036859 0.000000
0.238943 -0.014601 -0.171631 1.000000
0.205622 -0.034615 0.338634 1.000000
-0.766285 0.263140 0.002848 0.000000
0.049107 -0.062799 0.109809 1.000000
0.172222 -0.028946 0.142491 1.000000
0.007377 -0.046272 0.232818 1.000000
0.652307 -0.041295 -0.066401 0.000000
-0.267996 -0.079965 -0.005296 0.000000
-0.235261 -0.073019 0.058498 0.000000
-0.214502 0.013742 -0.814992 1.000000
0.089613 -0.019818 0.302253 1.000000
-0.837583 0.379841 0.008118 0.000000
0.025580 -0.025034 -0.078270 0.000000
0.129826 -0.059605 0.151593 1.000000
0.217678 -0.026338 0.349013 1.000000
0.770526 0.087063 -0.038110 0.000000
0.285810 -0.084383 0.361894 3.000000
0.419198 -0.033976 0.124686 1.000000
-0.752419 0.099864 0.030101 0.000000
-0.307358 0.058427 0.090115 0.000000
0.110372 -0.020723 -0.247933 1.000000
0.637803 0.053157 0.090807 0.000000
-0.621746 0.215075 0.015170 0.000000
-0.113476 -0.007363 0.606581 1.000000
0.033032 -0.059446 0.629629 3.000000
-0.093756 -0.011062 -0.491449 1.000000
0.119553 -0.054416 -0.159256 1.000000
-0.182113 0.025452 0.101346 0.000000
-0.253864 0.012465 0.820103 1.000000
0.328791 -0.077862 -0.280056 3.000000
-0.471272 -0.037809 0.042263 0.000000
-0.236006 0.033862 -0.076620 0.000000
0.438360 -0.087151 0.040294 0.000000
-0.306054 -0.069080 -0.031031 0.000000
0.132860 -0.074482 0.132750 1.000000
0.041974 -0.067882 0.053681 0.000000
-0.080050 -0.027483 -0.576959 1.000000
-0.049311 -0.012419 0.556494 1.000000
-0.811342 0.080729 -0.149595 2.000000
0.041416 -0.112247 0.057673 0.000000
0.364293 0.108460 0.058285 0.000000
0.367381 0.069498 0.083408 0.000000
0.318624 -0.013883 0.125218 1.000000
-0.034833 -0.002253 -0.514443 1.000000
-0.609770 0.068992 -0.040026 0.000000
0.136400 0.060529 0.088891 0.000000
0.492279 0.047222 0.095331 0.000000
-0.000608 -0.024236 -0.394415 1.000000
-0.368596 0.107183 0.019003 0.000000
-0.126491 -0.000523 0.681605 1.000000
-0.809399 0.078893 0.221187 2.000000
0.282190 -0.014202 -0.117872 1.000000
0.286635 -0.075414 0.375813 3.000000
0.136160 -0.084356 -0.100812 1.000000
0.335923 -0.070517 -0.305525 3.000000
0.135176 0.106145 0.026135 0.000000
0.100259 -0.010263 0.102597 0.000000
-0.024028 -0.082520 -0.574590 3.000000
0.182788 -0.018354 0.215359 1.000000
0.010517 -0.017529 0.501909 1.000000
-0.806206 0.102126 -0.000771 0.000000
0.598202 0.132147 0.010140 0.000000
0.648475 0.059278 0.087507 0.000000
-0.599816 0.056085 -0.031883 2.000000
0.193220 -0.028308 -0.090726 1.000000
0.245490 -0.097956 -0.025149 0.000000
0.753573 -0.059259 -0.042581 0.000000
-0.772220 0.065320 0.035690 2.000000
-0.120103 0.003363 0.639236 1.000000
0.038248 -0.029798 -0.568708 1.000000
-0.720616 0.129193 0.023953 0.000000
0.203813 -0.074190 0.355241 3.000000
0.322164 -0.055294 -0.296317 3.000000
-0.202393 0.005785 -0.718171 1.000000
-0.068366 -0.002545 -0.535468 1.000000
-0.014048 -0.038740 -0.271672 1.000000
0.028215 -0.029878 0.381296 1.000000
-0.865155 0.380293 0.014345 0.000000
0.526824 -0.066365 0.081412 0.000000
0.806481 -0.133618 0.001970 0.000000
-0.183471 0.002431 -0.682003 1.000000
0.166420 -0.070730 0.095384 1.000000
-0.803837 0.083417 -0.241093 2.000000
-0.003136 -0.070623 0.176955 1.000000
0.217891 -0.086831 0.085218 0.000000
-0.839632 0.244989 0.007346 0.000000
-0.867018 0.086105 0.248919 2.000000
0.037104 -0.020669 0.345580 1.000000
-0.836519 0.054035 -0.005136 0.000000
0.016079 -0.069479 0.573873 3.000000
0.480356 0.012651 -0.079761 0.000000
-0.159385 0.028193 0.100840 0.000000
0.079713 -0.029292 -0.585342 3.000000
0.881132 0.023962 0.063395 0.000000
-0.144269 0.004534 0.734700 1.000000
-0.754176 0.086557 -0.206762 2.000000
-0.785660 0.067475 0.110661 2.000000
-0.014952 -0.061282 0.580553 3.000000
-0.167449 -0.092766 0.004738 0.000000
0.255523 -0.069452 0.340550 3.000000
0.018874 -0.096252 0.611159 3.000000
-0.036243 -0.084276 0.047559 0.000000
-0.706750 0.151176 -0.000638 0.000000
-0.526548 0.059119 0.077633 0.000000
0.171477 0.038866 -0.075103 0.000000
0.823860 -0.033684 0.071512 0.000000
-0.504832 0.046291 0.083062 0.000000
-0.061367 -0.030170 -0.575255 1.000000
-0.886286 0.314744 0.013520 0.000000
-0.067461 -0.017582 0.500419 1.000000
-0.769798 0.065533 -0.055595 2.000000
0.169428 -0.135348 0.169610 1.000000
0.409217 -0.077277 0.096981 0.000000
0.290946 -0.084782 -0.350369 3.000000
0.218024 -0.098355 0.006840 0.000000
0.595886 0.011187 -0.079841 0.000000
-0.499881 0.063989 0.079150 0.000000
0.014456 -0.066445 -0.549626 3.000000
0.176534 0.022605 -0.078803 0.000000
0.305743 -0.057689 -0.130646 1.000000
-0.767855 0.067529 -0.102063 2.000000
0.070345 0.058187 0.090301 0.000000
0.163333 -0.033604 0.337356 1.000000
-0.818714 0.070137 0.114200 2.000000
0.033192 -0.001534 -0.499380 1.000000
0.130119 -0.037862 0.344835 1.000000
0.056479 0.097336 -0.031058 0.000000
0.795463 -0.061681 0.013840 0.000000
0.191038 -0.067110 0.122983 1.000000
0.147232 -0.015932 0.102676 0.000000
0.126952 -0.133538 -0.117685 1.000000
0.039233 -0.066498 0.579089 3.000000
-0.743158 0.109126 0.023660 0.000000
0.066166 -0.054841 -0.239417 1.000000
-0.786112 0.061833 -0.022115 0.000000
0.057490 -0.017822 0.493100 1.000000
-0.413573 0.059917 -0.065043 0.000000
0.460582 0.113836 0.054053 0.000000
-0.725593 0.083044 -0.172935 2.000000
0.539119 0.022046 0.101958 0.000000
-0.624966 0.070456 -0.049900 2.000000
0.257945 -0.114563 -0.322877 3.000000
0.044636 -0.070118 0.005829 0.000000
0.227552 -0.014548 0.210622 1.000000
-0.856665 0.086211 -0.242184 2.000000
0.489644 -0.093032 -0.036806 0.000000
-0.356806 0.017681 0.096981 0.000000
0.590271 0.128022 0.032390 0.000000
0.022892 -0.040364 -0.588802 3.000000
0.055361 -0.034961 0.576321 3.000000
0.021003 -0.072486 -0.601896 3.000000
-0.038665 0.103457 -0.014717 0.000000
-0.213917 0.006743 0.719477 1.000000
-0.195633 0.012305 -0.798651 1.000000
0.458905 -0.098036 0.006947 0.000000
0.812735 0.100583 -0.019481 0.000000
0.171104 -0.093006 0.074359 0.000000
0.086792 -0.098169 0.040454 0.000000
0.011369 -0.048321 -0.171073 1.000000
0.119181 -0.056891 -0.135809 1.000000
0.001362 -0.136838 -0.049128 3.000000
0.399503 -0.070065 -0.068131 1.000000
0.740772 0.087329 0.066562 0.000000
0.019459 -0.036132 -0.305951 1.000000
0.195190 -0.054921 0.349333 1.000000
-0.697861 0.078414 0.146137 2.000000
-0.287371 -0.070623 0.055863 0.000000
-0.060249 -0.074403 -0.573738 3.000000
0.392504 -0.071156 0.101851 1.000000
-0.898156 0.341490 0.009715 0.000000
0.312743 -0.042759 0.340497 1.000000
0.073725 -0.022373 -0.421428 1.000000
0.071888 -0.067909 -0.544543 3.000000
0.313488 -0.067084 0.319499 3.000000
0.111596 -0.061947 -0.224752 1.000000
-0.047501 -0.024076 -0.374801 1.000000
-0.442981 -0.045207 0.025177 0.000000
0.039659 -0.049226 -0.134692 1.000000
0.104011 -0.021761 0.273004 1.000000
-0.138254 0.022578 0.101851 0.000000
-0.603249 0.067795 -0.021237 2.000000
0.296828 -0.014708 0.162531 1.000000
-0.190443 0.058879 -0.066826 0.000000
0.686586 0.027129 0.096449 0.000000
-0.873645 0.073091 0.018923 3.000000
0.261298 -0.055241 0.171154 1.000000
-0.327398 -0.070490 0.000879 0.000000
0.071010 -0.012206 -0.346457 1.000000
-0.146930 -0.092952 0.000826 0.000000
0.143240 -0.061229 -0.161731 1.000000
0.530629 -0.093032 0.021052 0.000000
0.286102 -0.055028 -0.318060 3.000000
0.855876 0.017016 -0.048357 0.000000
0.103718 -0.059765 -0.123461 1.000000
0.018741 -0.098142 0.032682 0.000000
0.337839 -0.013936 -0.066347 1.000000
0.790859 0.052705 -0.048995 0.000000
0.297360 -0.013883 0.200562 1.000000
0.612147 -0.012153 -0.077658 0.000000
0.836475 -0.074190 0.033454 0.000000
-0.073662 -0.040656 0.603840 3.000000
-0.255248 0.107396 0.016954 0.000000
0.848877 -0.050903 -0.031723 0.000000
-0.689904 0.061913 -0.075503 2.000000
0.518627 0.094542 0.068611 0.000000
-0.693922 0.067715 0.034944 2.000000
0.595035 -0.032273 -0.073134 0.000000
0.071941 0.051401 -0.070446 0.000000
-0.910611 0.369355 0.012855 0.000000
0.197745 -0.039405 0.281601 1.000000
0.330654 -0.074855 -0.351594 3.000000
0.013684 -0.084409 -0.556440 3.000000
0.054509 -0.009359 0.411902 1.000000
0.019220 -0.098275 0.597107 3.000000
-0.013143 -0.029292 -0.399392 1.000000
-0.830318 0.294118 0.017539 0.000000
-0.185360 -0.084942 -0.017352 0.000000
0.261857 -0.015107 0.166842 1.000000
0.479504 0.048287 0.094852 0.000000
-0.581532 0.090390 -0.031483 0.000000
0.391466 -0.022107 -0.115769 1.000000
0.067896 -0.011035 -0.358593 1.000000
0.022706 -0.056039 0.145924 1.000000
0.089267 -0.010077 0.379167 1.000000
0.972471 -0.025007 0.023847 0.000000
0.035986 -0.037489 0.321920 1.000000
0.030344 -0.006484 0.457305 1.000000
0.322670 -0.077117 -0.077924 0.000000
-0.194276 -0.071794 0.064193 0.000000
-0.208275 -0.074323 -0.036141 0.000000
0.136719 -0.047017 -0.070020 1.000000
0.645202 -0.070544 0.066508 0.000000
-0.196831 0.016031 0.808047 1.000000
0.103186 -0.044010 -0.554284 3.000000
-0.415702 0.075885 -0.054850 0.000000
-0.721148 0.193012 0.000320 0.000000
-0.032863 -0.009784 0.582921 1.000000
0.084876 -0.083292 0.089503 0.000000
0.331133 0.115753 0.045058 0.000000
-0.789013 0.083098 0.186723 2.000000
-0.765620 0.091987 -0.014397 0.000000
0.848877 -0.084196 -0.016420 0.000000
0.338212 -0.071661 0.117979 1.000000
0.062467 -0.015480 -0.332192 1.000000
0.300181 -0.096944 -0.037551 0.000000
0.068641 -0.062453 -0.061610 1.000000
-0.528890 0.039691 -0.056341 0.000000
-0.744063 0.267398 0.019988 0.000000
-0.039118 -0.016438 0.516494 1.000000
0.056293 0.083816 0.072656 0.000000
0.276734 -0.107324 0.313990 3.000000
0.115029 -0.098648 0.002289 0.000000
0.636313 -0.058887 -0.056048 0.000000
-0.832606 0.043417 0.018790 0.000000
-0.529396 0.026384 -0.053307 0.000000
-0.206358 0.015579 -0.774113 1.000000
0.052993 -0.076718 -0.035555 0.000000
0.006392 0.096165 0.056661 0.000000
0.061536 -0.027323 -0.375759 1.000000
0.145502 0.033756 -0.076674 0.000000
0.056399 0.091694 -0.041064 0.000000
-0.819779 0.074847 0.036781 0.000000
-0.249286 0.017282 0.880995 1.000000
-0.012371 -0.020084 0.479421 1.000000
-0.003216 0.053051 -0.069701 0.000000
-0.252134 0.014887 0.854728 1.000000
-0.115552 -0.039193 0.093122 0.000000
-0.040448 -0.013297 -0.499912 1.000000
-0.668825 0.076630 0.147627 2.000000
0.102201 -0.096865 0.594232 3.000000
-0.784063 0.218535 0.003248 0.000000
-0.758381 0.033995 -0.013466 0.000000
0.290973 -0.075387 0.104859 0.000000
-0.780284 0.032931 0.031804 0.000000
0.480489 -0.085660 0.044259 0.000000
0.302736 -0.079459 -0.280242 3.000000
-0.537566 0.117962 -0.002608 0.000000
0.517908 -0.082227 0.069649 0.000000
0.195775 0.103830 0.039522 0.000000
0.142361 -0.034083 0.336851 1.000000
0.041256 -0.051222 0.149038 1.000000
-0.283379 0.014620 0.818826 1.000000
0.193061 0.077110 0.077633 0.000000
0.283707 -0.108867 -0.303449 3.000000
0.331426 -0.115920 0.316278 3.000000
0.267260 -0.078634 0.369932 3.000000
0.081097 -0.031155 -0.341880 1.000000
-0.118134 0.009617 0.725811 1.000000
-0.723251 0.017441 0.006973 0.000000
-0.581373 -0.014894 0.017246 0.000000
-0.100090 -0.083797 -0.025362 0.000000
-0.495064 0.085333 -0.044072 0.000000
-0.212480 0.008765 0.735312 1.000000
0.039446 -0.058408 -0.554364 3.000000
0.160379 -0.139127 0.146296 1.000000
0.621196 0.121954 -0.024111 0.000000
-0.498391 0.105959 -0.002954 0.000000
0.430056 -0.097104 -0.036327 0.000000
-0.281808 0.016217 -0.841420 1.000000
-0.615172 0.058613 -0.050858 2.000000
0.141270 -0.034668 -0.328307 3.000000
0.105768 -0.071448 0.567193 3.000000
-0.060861 -0.065673 -0.052695 0.000000
-0.822254 0.091055 0.308880 2.000000
0.131343 -0.039885 -0.057911 1.000000
0.019938 -0.096705 -0.029168 0.000000
0.017809 -0.010184 0.102304 0.000000
0.175522 -0.019765 -0.080905 0.000000
-0.031746 -0.032805 0.338527 1.000000
0.767438 0.095766 -0.034251 0.000000
0.218956 -0.052340 -0.168997 1.000000
0.080139 -0.078448 -0.609161 3.000000
-0.495118 -0.033896 -0.001357 0.000000
-0.093516 -0.014548 -0.503345 1.000000
-0.229299 0.006663 0.102863 0.000000
0.031994 -0.038580 0.311994 1.000000
-0.016443 -0.012605 -0.500710 1.000000
-0.002311 -0.000789 -0.514337 1.000000
-0.226851 0.008499 -0.714153 1.000000
0.210466 -0.014681 -0.199576 1.000000
0.076572 -0.029372 -0.356757 1.000000
-0.324577 0.019065 -0.861460 1.000000
-0.294131 -0.058088 0.068637 0.000000
0.637643 -0.088455 -0.009288 0.000000
-0.239972 0.007834 -0.715670 1.000000
0.260393 -0.049732 0.347683 1.000000
-0.832686 0.093184 0.309465 2.000000
-0.040235 -0.054841 0.605144 3.000000
0.115428 -0.127178 0.143475 1.000000
0.181218 -0.072300 -0.083726 0.000000
-0.005504 -0.041774 -0.390503 1.000000
0.023957 -0.032858 0.102756 0.000000
0.327407 0.108540 -0.032681 0.000000
-0.292560 0.014700 0.841288 1.000000
0.478626 0.131641 0.015650 0.000000
-0.628692 0.072186 -0.072682 2.000000
-0.817410 0.093078 0.288094 2.000000
-0.711860 0.157669 0.023367 0.000000
-0.332055 -0.068095 0.026588 0.000000
0.146487 -0.020004 -0.212563 1.000000
0.128469 -0.110411 0.155877 1.000000
-0.725326 0.064069 0.110634 2.000000
0.093578 0.015525 0.102623 0.000000
0.538773 0.053237 -0.069621 0.000000
0.047856 -0.045553 -0.239044 1.000000
0.113140 -0.040789 -0.592794 3.000000
-0.082924 -0.026631 -0.386804 1.000000
0.801850 -0.036372 0.073428 0.000000
0.268298 -0.070996 0.318301 3.000000
0.660824 0.118175 0.051205 0.000000
-0.126358 -0.008826 -0.558861 1.000000
-0.169685 -0.088508 -0.018869 0.000000
0.760333 0.126718 0.028477 0.000000
-0.017561 -0.039272 -0.258179 1.000000
0.344493 -0.095268 0.310716 3.000000
0.199075 -0.012499 -0.238964 1.000000
0.322803 -0.050104 -0.322824 3.000000
0.385451 0.089272 0.071246 0.000000
