0.273942 -0.204612 0.334277 3.000000
-0.554736 0.195486 0.120824 2.000000
-0.325977 0.142909 0.139219 0.000000
0.060083 -0.008060 0.335671 1.000000
0.186220 0.034231 -0.151390 0.000000
-0.118529 -0.068416 0.724189 1.000000
0.270826 -0.203599 -0.324682 3.000000
0.240977 -0.152389 -0.003970 0.000000
-0.145895 0.145037 -0.151390 0.000000
0.013840 -0.008896 0.435657 1.000000
-0.816054 0.036359 0.077697 2.000000
0.410670 -0.133157 0.072959 0.000000
0.719727 0.040185 -0.007137 0.000000
0.059653 0.129251 0.008345 0.000000
-0.714420 0.143719 -0.127445 2.000000
-0.848842 0.113845 0.119126 2.000000
0.633752 -0.186976 0.026715 0.000000
0.731661 -0.014698 -0.042409 0.000000
0.084890 -0.185861 -0.287130 0.000000
-0.816459 0.038082 0.089353 2.000000
-0.072489 0.131684 0.160403 0.000000
-0.044515 0.000328 0.008345 0.000000
0.098953 -0.118232 -0.289993 0.000000
0.219844 -0.122793 0.008345 0.000000
0.098877 0.034028 0.164254 0.000000
-0.021887 0.229618 -0.110849 0.000000
0.068825 -0.103612 0.302730 3.000000
0.180062 0.043505 -0.151390 0.000000
0.243713 -0.148512 -0.106617 0.000000
-0.795352 0.279814 -0.182684 2.000000
0.282583 -0.157355 0.009510 0.000000
-0.139054 -0.060942 0.617387 1.000000
-0.763071 0.143795 -0.038025 2.000000
-0.266659 -0.070292 0.008345 0.000000
0.168178 -0.001852 0.357411 1.000000
-0.127119 -0.062994 0.620909 1.000000
0.173069 -0.204181 -0.302485 0.000000
0.117070 0.030709 0.164254 0.000000
-0.783164 0.162090 -0.052595 2.000000
-0.768240 0.142959 0.072579 2.000000
-0.358436 -0.031016 0.163595 0.000000
0.182444 -0.109769 -0.333829 3.000000
-0.724176 0.125501 0.164254 2.000000
-0.639696 0.135408 -0.226621 2.000000
0.212673 -0.003397 0.205075 1.000000
-0.019480 -0.062665 -0.360131 1.000000
0.004009 -0.136198 0.008345 0.000000
-0.758611 0.151321 -0.348855 2.000000
0.146919 -0.145573 0.040398 0.000000
0.170662 0.167538 -0.147894 0.000000
-0.691945 0.214693 -0.112191 2.000000
-0.075656 -0.099456 0.008345 0.000000
-0.227562 0.047230 0.008345 0.000000
0.638313 -0.232966 0.013894 0.000000
0.521020 0.097806 0.116643 0.000000
-0.496355 0.002937 -0.142040 0.000000
0.238823 0.173492 0.160403 0.000000
0.566149 -0.171646 -0.038633 0.000000
0.052938 0.242338 0.019469 0.000000
0.153355 0.226349 -0.136745 0.000000
0.182444 -0.129356 -0.367403 3.000000
-0.769735 0.281638 0.206215 2.000000
-0.156436 0.155553 -0.151390 0.000000
0.175375 0.038209 0.008345 0.000000
-0.180432 -0.165388 -0.347386 3.000000
0.486940 0.073683 0.008345 0.000000
-0.052851 0.067070 0.166231 0.000000
0.723426 0.000302 -0.052873 0.000000
0.264947 -0.164374 -0.378932 3.000000
-0.831282 0.070617 0.031758 2.000000
0.322871 -0.102497 0.347048 3.000000
-0.512471 0.075736 -0.151390 0.000000
0.575448 -0.207349 -0.031792 0.000000
-0.005747 -0.065350 -0.402725 1.000000
-0.807033 0.037297 0.083956 2.000000
-0.051103 -0.010923 0.487703 1.000000
0.016704 0.176330 -0.151390 0.000000
-0.570547 0.185376 0.109801 2.000000
0.211128 -0.035958 0.008345 0.000000
0.869174 -0.184443 -0.000296 0.000000
-0.031947 0.002785 -0.744139 1.000000
0.182444 -0.164704 -0.303119 3.000000
0.332525 -0.038035 0.213462 0.000000
0.768225 -0.204283 0.035381 0.000000
-0.077835 -0.010543 -0.536615 1.000000
0.540430 -0.080300 0.164254 0.000000
-0.158488 -0.133790 -0.321008 3.000000
-0.652948 0.143719 -0.129625 2.000000
0.000841 0.107789 -0.153823 0.000000
0.536857 0.070947 -0.064732 0.000000
0.103666 0.139386 0.160403 0.000000
-0.078038 -0.149703 -0.011166 0.000000
0.012979 -0.112987 0.495735 1.000000
0.446778 0.089418 -0.151390 0.000000
0.217133 0.152943 -0.153823 0.000000
0.227775 -0.146536 0.037890 0.000000
0.192098 -0.118258 -0.367454 3.000000
0.619639 -0.115749 0.118543 0.000000
0.501256 0.100492 -0.066683 0.000000
0.282456 0.169565 -0.143307 0.000000
-0.236886 -0.031346 0.782190 1.000000
0.148566 -0.001649 0.388248 1.000000
-0.821096 0.123372 -0.231664 2.000000
-0.764211 0.181499 -0.073170 2.000000
0.312204 -0.075714 0.196637 0.000000
-0.667062 0.046875 0.008345 2.000000
0.317272 0.069654 0.166231 0.000000
-0.688397 0.109639 0.008345 2.000000
0.141243 0.238892 -0.036961 0.000000
-0.257639 0.011020 -0.151390 0.000000
0.438239 0.073303 -0.025710 0.000000
-0.168801 -0.002941 0.008345 0.000000
0.500749 0.101657 -0.088804 0.000000
-0.527116 -0.001421 0.008345 0.000000
0.832231 -0.228861 0.024587 0.000000
0.532473 -0.106779 0.008345 0.000000
0.190958 0.168171 -0.153823 0.000000
-0.083587 -0.074143 0.726977 1.000000
-0.243323 0.097603 0.008345 0.000000
0.073209 -0.020450 0.008345 0.000000
0.002970 0.025692 0.008345 0.000000
-0.758332 0.102063 0.008345 2.000000
0.886303 -0.187635 0.025854 0.000000
0.029880 -0.066085 0.328297 1.000000
-0.706869 0.163509 0.366077 2.000000
0.305565 -0.115369 -0.292096 3.000000
-0.825404 0.100897 0.008345 2.000000
-0.154688 -0.048221 -0.365351 1.000000
0.494845 0.102367 -0.098052 0.000000
0.068825 -0.077513 -0.151390 0.000000
-0.615650 0.021561 0.097689 0.000000
-0.067294 -0.062639 0.782190 1.000000
0.215942 -0.182137 0.378316 3.000000
0.296798 -0.102016 -0.315585 3.000000
-0.151520 -0.076829 0.008345 0.000000
0.103159 -0.156950 0.008320 0.000000
0.274753 0.073176 0.164254 0.000000
0.175020 0.168222 0.164254 0.000000
0.075515 0.095804 -0.151390 0.000000
0.190325 -0.110149 -0.117361 0.000000
0.519449 0.098363 0.102428 0.000000
-0.197941 0.022524 0.741724 1.000000
0.220832 0.051562 0.008345 0.000000
-0.097726 -0.137642 0.365494 3.000000
0.317728 -0.299404 -0.160664 3.000000
-0.364847 -0.066719 -0.010989 0.000000
-0.761195 0.160848 -0.105679 2.000000
-0.090555 -0.007958 0.638874 1.000000
0.791486 -0.216091 -0.014156 0.000000
0.121682 0.074469 0.164254 0.000000
-0.105100 -0.015053 0.284537 1.000000
-0.795352 0.287973 -0.192566 2.000000
0.613051 -0.121628 0.103188 0.000000
0.014018 -0.110352 -0.449475 1.000000
0.041231 -0.163867 -0.366060 0.000000
0.087728 0.239044 0.044985 0.000000
0.218400 0.054552 0.160403 0.000000
0.406717 -0.224883 0.147302 3.000000
0.335972 -0.236742 -0.094809 3.000000
-0.639899 0.132114 0.242196 2.000000
0.097433 -0.052174 0.527510 1.000000
0.348261 -0.066972 0.173883 0.000000
0.246602 -0.147777 0.034621 0.000000
-0.147010 -0.134829 -0.297164 0.000000
0.110989 0.195436 0.008345 0.000000
0.580744 0.087822 0.093103 0.000000
-0.689031 0.199110 -0.097394 2.000000
-0.013145 0.193383 -0.151390 0.000000
0.016982 -0.109845 -0.334488 0.000000
0.018781 -0.102218 0.251166 1.000000
0.203450 -0.191841 -0.373206 0.000000
-0.193811 -0.104828 0.062798 0.000000
-0.123724 -0.123934 0.008345 0.000000
-0.576400 0.212058 0.135748 2.000000
0.662030 -0.100774 0.114489 0.000000
-0.479733 0.143821 -0.001411 0.000000
-0.020975 -0.000787 0.008345 0.000000
0.261628 0.137537 0.166231 0.000000
0.118058 -0.072851 0.387919 1.000000
-0.074313 -0.067048 0.529436 1.000000
0.314383 -0.075258 -0.166619 1.000000
-0.767074 0.074747 0.008345 2.000000
0.219996 -0.144483 0.279571 0.000000
0.015057 0.101404 -0.147894 0.000000
0.228358 0.061774 0.008345 0.000000
-0.092937 -0.053188 0.241765 1.000000
0.228586 0.000530 0.312536 1.000000
0.061325 -0.068822 0.390428 1.000000
-0.713888 0.142934 0.093635 2.000000
0.461424 0.114783 -0.035440 0.000000
0.189919 0.208029 0.008345 0.000000
-0.029160 0.232177 0.098323 0.000000
-0.737428 0.130898 -0.192389 2.000000
0.552010 -0.013938 0.008345 0.000000
-0.173768 -0.145902 -0.345333 3.000000
-0.025333 -0.071026 -0.563120 1.000000
-0.214740 0.048040 0.164254 0.000000
0.434691 -0.100546 0.008345 0.000000
-0.029742 -0.113114 -0.109404 0.000000
0.266391 0.162521 0.008345 0.000000
-0.715966 0.142123 0.332630 2.000000
0.439860 0.098135 -0.055027 0.000000
-0.658092 0.139944 0.281268 2.000000
-0.051027 -0.052732 -0.739097 1.000000
-0.259058 0.076597 -0.151390 0.000000
-0.179494 -0.143647 0.303288 3.000000
0.183660 -0.056076 0.008345 0.000000
0.425291 0.113794 0.036319 0.000000
0.439024 0.106015 0.008345 0.000000
0.368050 -0.306170 -0.175386 3.000000
0.577272 -0.126062 -0.074614 0.000000
-0.767125 0.300059 -0.207110 2.000000
-0.782455 0.149345 -0.283785 2.000000
-0.699698 0.142300 -0.151390 2.000000
0.422022 0.113465 -0.084978 0.000000
-0.371917 -0.070190 0.008345 0.000000
-0.126410 0.005623 0.008345 0.000000
-0.014387 -0.127760 -0.291868 0.000000
0.135441 -0.104702 0.307519 1.000000
0.289095 -0.178995 0.292899 3.000000
-0.775487 0.048648 -0.142117 2.000000
-0.514726 0.001316 0.125511 0.000000
-0.054397 0.030886 -0.750221 3.000000
0.226736 -0.074472 0.269917 1.000000
0.296798 -0.185203 0.104024 3.000000
0.225343 -0.030206 0.356347 0.000000
-0.051154 -0.058838 0.310611 1.000000
0.073133 -0.062513 -0.290956 1.000000
0.318767 -0.112987 0.289579 3.000000
0.281671 -0.217434 -0.363906 3.000000
0.032388 -0.200026 -0.310695 0.000000
-0.700712 0.145037 0.276682 2.000000
0.724288 -0.115800 -0.005135 0.000000
-0.052040 -0.040062 0.737872 1.000000
-0.798722 0.161000 -0.341558 2.000000
0.062719 -0.065452 0.008345 0.000000
0.191414 0.164599 0.160403 0.000000
0.056511 -0.187154 -0.364058 0.000000
-0.151267 -0.110099 -0.067823 0.000000
0.205426 0.081589 0.166231 0.000000
-0.202831 0.085795 0.164254 0.000000
0.622046 -0.045992 0.008345 0.000000
-0.690830 0.041123 -0.090020 2.000000
0.098598 -0.006539 -0.234831 0.000000
-0.446691 0.142934 0.105139 0.000000
-0.053763 -0.063805 0.426865 1.000000
-0.094711 -0.057850 -0.361499 1.000000
-0.509430 -0.006210 0.094851 0.000000
0.160476 -0.073636 -0.353442 1.000000
0.030488 -0.120766 -0.294073 0.000000
-0.437797 -0.049336 0.008345 0.000000
-0.116553 -0.014344 0.399778 1.000000
0.048960 0.223106 -0.151390 0.000000
-0.129653 -0.181072 -0.296531 0.000000
0.034010 -0.166021 0.323255 3.000000
-0.707275 0.092206 -0.172776 2.000000
0.564426 -0.103789 -0.134464 0.000000
-0.734488 0.043251 0.124371 2.000000
-0.741026 0.145442 -0.331321 2.000000
-0.743914 0.140020 0.326549 2.000000
-0.783950 0.125628 0.182853 2.000000
-0.001768 -0.001573 -0.586304 1.000000
0.441051 -0.083974 -0.151390 0.000000
-0.164164 -0.136679 -0.336110 3.000000
0.295886 -0.223312 0.345071 3.000000
0.440468 0.005547 0.164254 0.000000
0.622122 0.048496 0.164254 0.000000
-0.153218 -0.172736 0.363619 3.000000
0.172562 -0.003727 -0.227533 0.000000
0.394555 0.117747 -0.075906 0.000000
0.473510 -0.118232 0.032594 0.000000
-0.122812 0.143719 0.008345 0.000000
0.517904 -0.206208 0.005431 0.000000
0.633752 -0.240365 0.024688 0.000000
-0.024168 0.239981 0.037712 0.000000
0.455393 -0.123934 -0.080391 0.000000
0.308048 -0.170481 0.119176 0.000000
-0.371055 0.142883 0.146036 0.000000
-0.821096 0.145493 -0.267797 2.000000
-0.032783 -0.070216 -0.555543 1.000000
0.261754 -0.261320 0.117225 3.000000
-0.299574 0.121827 0.008345 0.000000
0.169116 0.128465 0.166231 0.000000
0.467505 0.021637 -0.151390 0.000000
-0.093824 -0.182618 0.303997 3.000000
0.153938 0.104216 -0.153823 0.000000
-0.425939 -0.019867 -0.117791 0.000000
0.014347 0.039020 0.008345 0.000000
0.182444 -0.183809 -0.345485 3.000000
-0.065217 -0.012469 -0.286978 1.000000
0.690612 -0.211454 -0.015144 0.000000
-0.786484 0.315009 0.209332 2.000000
-0.164088 -0.055418 0.579226 1.000000
-0.530132 0.011629 0.157159 0.000000
0.096774 -0.163158 -0.298735 0.000000
-0.833208 0.133508 0.097588 2.000000
-0.823478 0.114048 0.116896 2.000000
-0.124104 0.198502 0.139853 0.000000
0.576385 0.067323 0.076658 0.000000
0.078707 0.063826 0.164254 0.000000
0.154825 0.239094 0.044655 0.000000
0.330726 -0.011024 0.008345 0.000000
0.192630 -0.075461 0.340713 1.000000
-0.674132 0.266663 -0.164187 2.000000
-0.039422 -0.068442 0.511445 1.000000
0.123684 -0.000129 -0.424466 1.000000
0.000107 -0.109744 -0.435539 1.000000
0.162807 0.226729 -0.133755 0.000000
-0.088680 0.092789 0.166231 0.000000
-0.008230 -0.011024 -0.205691 0.000000
-0.046669 0.212235 -0.149414 0.000000
0.270243 -0.023871 0.293532 0.000000
0.250276 0.066082 -0.151390 0.000000
-0.068384 -0.075055 -0.719890 1.000000
-0.094559 0.065524 -0.147894 0.000000
0.641709 0.069173 -0.131854 0.000000
0.242345 0.096665 -0.153823 0.000000
0.314662 0.105965 0.160403 0.000000
0.388499 -0.057850 -0.151390 0.000000
0.948738 -0.213075 -0.014840 3.000000
-0.051939 0.193282 0.166231 0.000000
0.229473 0.166322 -0.151390 0.000000
0.175400 0.068109 0.164254 0.000000
0.069940 -0.161258 0.383561 3.000000
0.133540 -0.004563 0.368434 1.000000
-0.284751 0.142909 0.133062 0.000000
0.168939 0.115517 0.164254 0.000000
0.049340 -0.105006 -0.338112 0.000000
0.392401 -0.290232 -0.165606 3.000000
-0.781036 0.142985 0.015161 2.000000
-0.651605 0.143719 -0.141990 2.000000
-0.076239 -0.070190 0.008345 0.000000
0.177174 -0.050249 0.008345 0.000000
-0.281179 -0.070849 0.086388 0.000000
-0.032656 -0.130724 -0.062147 0.000000
-0.007495 0.122790 -0.151390 0.000000
0.290767 -0.090106 -0.303854 3.000000
0.465554 -0.171646 -0.027560 0.000000
-0.126359 -0.098722 0.008345 0.000000
0.221136 0.233951 -0.076413 0.000000
-0.591882 0.225437 0.145630 2.000000
0.690055 -0.083924 -0.084572 0.000000
-0.044033 0.042364 -0.151390 0.000000
-0.627660 0.247279 -0.149870 2.000000
0.264238 0.018115 -0.151390 0.000000
0.468620 0.074494 -0.151390 0.000000
0.193999 0.187885 -0.151390 0.000000
-0.391985 0.142959 0.046378 0.000000
0.578869 -0.120386 -0.089919 0.000000
-0.031668 -0.011404 -0.259612 0.000000
0.556976 0.118431 -0.045145 0.000000
0.053115 -0.068214 0.374920 1.000000
0.214346 -0.002510 -0.183368 0.000000
0.719625 0.036461 0.035077 0.000000
-0.227156 0.143821 -0.006580 0.000000
0.382874 -0.072521 0.008345 0.000000
-0.830497 0.094790 0.001149 2.000000
0.035556 -0.107083 0.141272 0.000000
-0.615827 0.117595 -0.174145 2.000000
0.117400 -0.070444 -0.341507 1.000000
0.053191 0.003824 -0.151390 0.000000
0.279998 -0.073966 -0.186434 1.000000
0.226331 0.234888 -0.068913 0.000000
0.572078 0.003470 0.008345 0.000000
0.101943 0.225817 -0.141078 0.000000
0.716965 -0.025746 0.092292 0.000000
-0.081129 0.230657 -0.102487 0.000000
-0.834044 0.067551 -0.080645 2.000000
0.094392 -0.006438 0.364886 1.000000
-0.197941 -0.014876 -0.575231 1.000000
-0.441826 0.099351 0.008345 0.000000
-0.564896 0.009449 0.102124 0.000000
-0.790006 0.069122 0.008345 2.000000
0.000233 -0.139568 -0.038380 0.000000
-0.779389 0.113237 0.248683 2.000000
-0.135557 0.181119 -0.151390 0.000000
0.201575 -0.114102 -0.372800 0.000000
-0.014311 -0.004588 0.578492 1.000000
-0.765326 0.143745 -0.100358 2.000000
-0.099044 -0.195896 0.339345 3.000000
-0.209799 0.049941 -0.151390 0.000000
-0.002529 0.000606 -0.640276 1.000000
-0.158387 -0.014622 0.536632 1.000000
-0.155118 -0.084861 0.154752 0.000000
0.301840 -0.108477 -0.356203 3.000000
0.647359 -0.171646 -0.049579 0.000000
-0.036406 0.237447 0.057375 0.000000
-0.123141 -0.023795 0.008345 0.000000
-0.268154 -0.099963 0.014325 0.000000
-0.137635 -0.123224 -0.335806 0.000000
-0.150405 -0.011683 0.671282 1.000000
-0.703575 0.092408 0.188149 2.000000
-0.247199 -0.071761 -0.097368 0.000000
0.102805 -0.007603 0.212828 1.000000
-0.051736 -0.070241 -0.583619 1.000000
-0.813292 0.156997 0.334505 2.000000
0.240166 -0.075486 -0.280390 1.000000
0.071891 -0.035653 0.563542 1.000000
0.208087 0.097679 -0.153823 0.000000
-0.138091 -0.092514 -0.130537 0.000000
-0.282446 -0.060485 -0.099978 0.000000
0.126471 -0.069177 -0.299039 1.000000
-0.117693 -0.002688 -0.752070 1.000000
0.165594 0.058835 0.008345 0.000000
-0.702232 0.133128 0.008345 2.000000
0.231475 0.079486 -0.147894 0.000000
0.244119 0.146000 -0.151390 0.000000
-0.128665 -0.046042 -0.245473 1.000000
0.125863 0.170350 -0.147894 0.000000
0.208974 -0.203218 -0.360688 0.000000
-0.047327 -0.191183 -0.349362 0.000000
-0.561248 0.165232 0.102301 2.000000
-0.165685 -0.051211 -0.486419 1.000000
-0.805893 0.048420 -0.140469 2.000000
0.079037 -0.046879 0.008345 0.000000
0.088590 -0.103941 -0.300053 1.000000
-0.149468 -0.036591 -0.317207 1.000000
0.021442 -0.059218 -0.220363 1.000000
0.284509 0.024501 0.008345 0.000000
-0.729041 0.142934 0.106406 2.000000
-0.066382 0.013073 -0.755922 1.000000
0.664818 -0.028609 -0.151390 0.000000
-0.836122 0.111666 -0.128839 2.000000
0.083294 -0.139213 0.057097 0.000000
0.093125 -0.066643 0.282054 1.000000
0.164555 0.231974 -0.092123 0.000000
0.027447 -0.073281 0.164254 0.000000
-0.223786 -0.088307 0.084817 0.000000
0.483367 0.104292 0.071109 0.000000
-0.333706 0.117874 -0.151390 0.000000
-0.547337 -0.008744 0.008345 0.000000
0.268545 0.111463 0.166231 0.000000
-0.240941 -0.049260 0.750238 1.000000
0.322441 -0.197315 0.363011 3.000000
-0.828850 0.047863 0.155436 2.000000
0.046654 0.210512 0.164254 0.000000
0.165493 -0.074523 0.357918 1.000000
0.071891 -0.167972 -0.375841 0.000000
-0.123977 -0.015459 0.316616 1.000000
0.266518 -0.205879 -0.083356 3.000000
-0.118909 -0.151857 -0.287738 0.000000
0.689624 -0.100470 -0.065847 0.000000
-0.713356 0.109056 -0.222972 2.000000
-0.244944 -0.046270 0.008345 0.000000
0.338049 0.072898 0.164254 0.000000
0.138405 -0.005044 0.330578 1.000000
-0.226954 -0.021033 0.008345 0.000000
-0.116325 -0.014166 -0.318195 1.000000
0.224659 -0.213126 0.328702 3.000000
-0.095142 -0.112506 0.008345 0.000000
-0.038687 -0.134703 0.298372 3.000000
0.603549 0.099554 0.069487 0.000000
0.270040 0.001113 -0.228927 0.000000
-0.567684 0.174531 -0.094986 2.000000
0.053318 0.123322 -0.147894 0.000000
-0.115869 -0.063019 -0.585924 1.000000
-0.302945 -0.079109 -0.027940 0.000000
0.117349 -0.101255 -0.331676 0.000000
0.080785 -0.107920 0.380875 1.000000
-0.739860 0.206661 0.150115 2.000000
-0.182282 0.146709 -0.115562 0.000000
-0.037876 -0.011379 -0.287333 1.000000
0.158803 0.099731 0.008345 0.000000
0.011078 -0.114381 0.316844 3.000000
-0.007292 0.065169 0.008345 0.000000
-0.132364 0.065676 -0.151390 0.000000
0.055497 -0.074827 -0.533853 1.000000
0.241686 0.080955 0.164254 0.000000
0.441153 -0.010061 0.008345 0.000000
0.731534 -0.183252 0.017340 0.000000
-0.188743 -0.116940 0.032569 0.000000
0.658432 -0.152870 0.021268 0.000000
-0.707807 0.141743 -0.246183 2.000000
-0.238533 -0.030940 -0.705549 1.000000
-0.034582 -0.004183 0.612826 1.000000
0.363413 0.053716 -0.151390 0.000000
0.448095 0.108955 -0.115055 0.000000
0.220326 -0.075157 -0.301345 1.000000
-0.784558 0.156034 0.320163 2.000000
-0.244665 -0.013938 0.008345 0.000000
-0.688549 0.286554 -0.187676 2.000000
-0.611089 0.142934 0.092520 2.000000
0.173550 -0.146637 0.037636 0.000000
-0.114247 -0.176283 0.365216 3.000000
-0.452367 0.026984 0.008345 0.000000
-0.810961 0.150054 0.355663 2.000000
0.641379 -0.182137 0.008396 0.000000
0.723325 -0.072420 0.064141 0.000000
0.229701 -0.001624 -0.213698 0.000000
0.079772 -0.105918 -0.346017 1.000000
0.279948 -0.159965 -0.277729 3.000000
0.187765 -0.139238 -0.066734 0.000000
0.085802 -0.201597 -0.347132 0.000000
0.318032 -0.173293 -0.268430 3.000000
-0.778046 0.043682 0.127285 2.000000
-0.703651 0.242971 -0.159017 2.000000
0.194404 -0.167263 -0.279148 3.000000
-0.152356 -0.133942 0.002770 0.000000
-0.203262 0.058759 -0.151390 0.000000
0.045944 0.166626 0.166231 0.000000
0.715622 -0.036312 0.092495 0.000000
-0.000882 -0.093831 -0.355393 1.000000
0.167266 0.132089 -0.153823 0.000000
0.431017 0.111869 -0.097495 0.000000
0.568860 -0.244850 -0.022898 0.000000
-0.416006 -0.018018 -0.140140 0.000000
0.168001 0.241958 -0.012585 0.000000
-0.177391 -0.158952 0.299386 3.000000
0.433754 -0.069886 0.008345 0.000000
0.262413 -0.131383 -0.398038 3.000000
0.073842 0.001265 -0.517358 1.000000
0.519373 -0.145852 0.008345 0.000000
-0.142170 -0.114533 -0.062730 0.000000
0.291325 -0.171013 0.114894 0.000000
0.600483 -0.085951 0.164254 0.000000
-0.837592 0.101353 -0.109784 2.000000
0.487168 0.090609 0.164254 0.000000
-0.118681 -0.054277 0.363163 1.000000
-0.404223 -0.061550 0.007838 0.000000
0.555633 -0.194679 -0.031792 0.000000
-0.049608 -0.113747 0.123788 0.000000
0.472015 0.104318 0.153409 0.000000
-0.025866 -0.148766 -0.013674 0.000000
0.658863 0.040920 0.008345 0.000000
0.392604 -0.122565 0.008345 0.000000
-0.830598 0.141211 -0.001233 2.000000
-0.751668 0.275658 -0.165479 2.000000
0.047845 -0.066237 -0.345485 1.000000
0.335135 0.124082 0.164254 0.000000
-0.735401 0.143770 -0.054774 2.000000
0.304957 0.195461 0.008244 0.000000
-0.165837 -0.075081 0.164254 0.000000
0.058893 -0.107615 0.373755 1.000000
0.384698 0.117494 0.145453 0.000000
0.259905 -0.244521 0.164507 3.000000
0.325912 0.172251 0.030035 0.000000
0.307643 -0.139846 0.097537 0.000000
-0.137736 -0.104271 0.111448 0.000000
0.679159 -0.078476 0.121761 0.000000
0.489195 0.103253 0.064724 0.000000
-0.819196 0.119952 0.251445 2.000000
0.665704 -0.028660 0.008345 0.000000
0.297482 -0.243178 -0.125342 3.000000
0.363565 0.142199 0.008345 0.000000
0.053267 -0.034108 -0.583390 1.000000
0.116563 -0.067555 -0.481149 1.000000
-0.745232 0.094334 0.193723 2.000000
0.512152 0.099250 0.058338 0.000000
0.516586 -0.118232 -0.017982 0.000000
-0.116654 -0.036946 -0.784504 1.000000
-0.797303 0.277888 -0.162464 2.000000
0.573370 -0.118232 0.000287 0.000000
0.079594 -0.069177 0.398688 1.000000
0.978815 -0.204181 -0.015195 3.000000
0.324189 -0.107844 -0.355367 3.000000
0.230309 -0.104093 0.352724 3.000000
-0.367786 -0.030003 -0.141939 0.000000
0.076427 0.057289 0.008345 0.000000
0.275463 0.183197 0.133163 0.000000
0.067102 0.159911 -0.147894 0.000000
0.295455 -0.107463 0.154853 0.000000
0.026383 -0.010163 0.258134 1.000000
-0.115767 -0.013330 0.499688 1.000000
0.069357 -0.105690 0.008345 0.000000
0.367417 -0.110631 0.308203 3.000000
-0.077835 -0.139948 0.298397 3.000000
-0.010941 0.170933 0.008345 0.000000
0.010065 -0.004943 0.250862 1.000000
0.048630 -0.008820 0.305974 1.000000
0.614926 0.101885 -0.007365 0.000000
0.663677 -0.037199 0.008345 0.000000
0.058234 -0.059269 0.164710 1.000000
-0.815800 0.095703 0.197676 2.000000
0.691145 -0.009327 -0.123822 0.000000
0.337821 -0.121754 -0.276843 3.000000
0.511696 -0.204612 0.044199 0.000000
0.399369 -0.105563 0.145250 0.000000
-0.649452 0.103507 0.220379 2.000000
-0.706565 0.027465 0.008345 2.000000
-0.206961 -0.095022 -0.063997 0.000000
0.351555 -0.250957 -0.100105 3.000000
0.616370 0.073962 0.049292 0.000000
-0.697570 0.040692 0.008345 2.000000
0.223949 -0.114508 0.381711 3.000000
0.033554 0.015505 0.008345 0.000000
0.563007 0.090939 0.101794 0.000000
0.103261 -0.065553 0.242931 1.000000
-0.160592 -0.007756 -0.728075 1.000000
-0.436049 -0.021793 -0.094784 0.000000
-0.040562 -0.174307 0.296041 0.000000
0.168153 -0.071685 -0.296480 1.000000
0.590144 -0.118232 -0.016740 0.000000
0.173956 -0.097125 -0.321413 0.000000
-0.352203 0.027085 0.008345 0.000000
-0.176150 -0.119018 0.037180 0.000000
-0.088097 -0.066415 -0.557849 1.000000
-0.747132 0.143795 -0.045905 2.000000
-0.102997 -0.055772 0.336709 1.000000
-0.814052 0.144023 0.271792 2.000000
0.659851 -0.182694 0.005304 0.000000
0.185586 -0.003803 -0.165910 0.000000
0.188120 0.053742 0.160403 0.000000
0.419387 -0.143596 -0.027585 0.000000
0.275361 -0.198734 0.395723 3.000000
0.267886 0.220496 -0.019376 0.000000
0.264871 -0.106425 -0.352605 3.000000
0.287448 0.187682 -0.076008 0.000000
0.339646 0.121117 -0.151390 0.000000
-0.740139 0.222776 -0.115435 2.000000
0.018756 0.087417 -0.153823 0.000000
-0.702891 0.122891 -0.152784 2.000000
-0.260173 0.143745 -0.102689 0.000000
-0.232655 0.143821 0.006343 0.000000
0.122214 -0.154796 0.016276 0.000000
-0.308291 0.121016 0.008345 0.000000
-0.200804 0.009931 -0.739097 1.000000
0.114866 0.212919 0.164254 0.000000
0.096749 -0.002662 0.447668 1.000000
-0.159477 -0.050375 -0.438276 1.000000
0.348717 -0.103105 -0.136314 0.000000
-0.093773 -0.012240 -0.424162 1.000000
0.232311 -0.117295 -0.098204 0.000000
-0.178050 0.122283 0.008345 0.000000
0.256585 -0.214849 -0.095924 3.000000
0.180975 0.085795 0.008345 0.000000
-0.778857 0.046849 0.148645 2.000000
-0.137331 -0.024327 0.290821 1.000000
-0.227612 -0.051414 0.742813 1.000000
-0.283130 0.028808 -0.151390 0.000000
-0.193405 0.096387 -0.151390 0.000000
-0.137711 -0.005728 0.753126 1.000000
-0.078089 -0.066161 -0.526961 1.000000
0.276375 -0.196352 -0.389423 3.000000
-0.178455 -0.021844 0.470751 1.000000
0.051696 0.155223 -0.147894 0.000000
0.178213 -0.003955 -0.181949 0.000000
-0.041854 -0.004157 0.623569 1.000000
-0.178531 -0.014521 0.627623 1.000000
0.206060 0.049865 0.008345 0.000000
0.218755 -0.117396 -0.290449 3.000000
-0.665770 0.257186 0.178140 2.000000
0.578286 -0.006894 0.008345 0.000000
-0.662552 0.074621 0.164254 2.000000
0.072373 -0.136983 -0.367226 0.000000
0.680502 -0.206842 0.035761 0.000000
0.248502 -0.002054 0.008345 0.000000
-0.143767 0.180967 0.083195 0.000000
0.123633 -0.082631 0.245997 1.000000
0.570456 0.087214 -0.151390 0.000000
0.306959 -0.117726 0.008345 0.000000
-0.101603 -0.139112 0.300247 3.000000
-0.373488 0.005522 0.008345 0.000000
0.348768 -0.322513 0.139473 3.000000
-0.085031 0.237346 0.029401 0.000000
-0.012385 -0.008820 -0.449171 1.000000
0.047313 -0.103054 -0.136466 0.000000
-0.094762 -0.162246 -0.286421 0.000000
-0.075377 -0.009985 -0.571557 1.000000
0.743646 -0.004360 -0.011191 0.000000
0.646016 -0.171646 0.031707 0.000000
0.124824 0.234432 0.080915 0.000000
0.698138 -0.091956 0.008345 0.000000
0.401168 -0.151477 -0.006402 0.000000
-0.689943 0.128643 0.197422 2.000000
-0.655609 0.109157 0.008345 2.000000
-0.755925 0.168703 0.391137 2.000000
0.564679 0.087518 0.075999 0.000000
-0.092152 -0.012671 -0.373763 1.000000
-0.348402 0.017558 0.008345 0.000000
-0.837237 0.085871 -0.037290 2.000000
-0.127575 -0.063197 -0.640428 1.000000
-0.208608 -0.000534 0.008345 0.000000
-0.055081 0.079688 0.164254 0.000000
-0.384054 -0.029750 0.137344 0.000000
0.352568 -0.096796 -0.345815 3.000000
0.444092 0.112831 -0.038709 0.000000
0.266290 -0.316609 -0.124937 3.000000
-0.581873 0.002405 -0.028016 0.000000
0.049340 0.030329 -0.151390 0.000000
-0.655533 0.131531 -0.195607 2.000000
0.059121 0.182006 -0.147894 0.000000
-0.304237 -0.025011 0.164254 0.000000
0.209177 0.140400 -0.147894 0.000000
0.322441 0.097476 -0.148705 0.000000
0.524314 0.097476 0.090544 0.000000
-0.486676 0.112603 0.164254 0.000000
0.329510 -0.144281 0.043768 0.000000
-0.004049 -0.074346 -0.609692 1.000000
0.293555 0.054730 -0.147894 0.000000
0.308504 -0.298264 -0.117741 3.000000
0.046958 0.160418 0.008345 0.000000
0.331233 -0.135716 0.384169 3.000000
0.427774 0.062711 -0.151390 0.000000
0.461120 -0.112937 0.125917 0.000000
-0.206708 -0.088789 -0.753489 1.000000
-0.372626 0.088709 0.008345 0.000000
0.165417 -0.107970 -0.123239 0.000000
-0.691894 0.142959 0.062468 2.000000
0.028334 -0.070216 0.455599 1.000000
-0.152458 0.176102 -0.091566 0.000000
0.236036 -0.002434 0.210295 1.000000
-0.822160 0.143719 -0.147590 2.000000
-0.146579 -0.035071 -0.784504 1.000000
-0.472638 0.140147 0.008345 0.000000
-0.077531 -0.052605 -0.210886 1.000000
0.454329 0.082932 0.069918 0.000000
0.334122 -0.232003 0.106558 3.000000
0.553226 0.125222 0.013666 0.000000
0.290311 -0.105766 0.008345 0.000000
-0.066027 -0.003321 0.753253 3.000000
0.261830 0.056757 -0.151390 0.000000
0.309315 -0.294286 -0.170952 3.000000
0.243485 0.221611 -0.074006 0.000000
-0.745638 0.300870 -0.190463 2.000000
0.232995 0.029644 0.008345 0.000000
-0.200551 0.052905 0.008345 0.000000
0.267734 -0.083392 -0.314496 3.000000
0.222302 -0.097201 0.008345 0.000000
0.090591 -0.104524 0.330654 3.000000
0.078935 0.108853 0.166231 0.000000
0.365517 -0.182542 -0.104970 0.000000
0.182444 -0.111948 -0.309910 3.000000
-0.465366 -0.025163 0.008345 0.000000
-0.717182 0.143795 -0.039343 2.000000
0.328370 -0.092057 0.328094 3.000000
0.633752 -0.230255 0.042400 0.000000
0.011408 -0.009681 0.366685 1.000000
-0.786737 0.096564 0.008345 2.000000
0.263984 -0.115116 0.120215 0.000000
0.245006 -0.154746 0.387235 3.000000
0.201651 -0.106146 -0.351896 3.000000
-0.061568 0.013174 0.008345 0.000000
0.080582 -0.143343 0.383535 3.000000
-0.603538 0.228452 0.150571 2.000000
-0.653683 0.023006 -0.039267 0.000000
-0.419528 0.041782 0.008345 0.000000
0.018275 0.000429 0.603020 1.000000
0.074729 -0.052554 -0.551970 1.000000
0.110457 -0.003803 -0.390436 1.000000
-0.051002 0.109031 -0.151390 0.000000
0.261704 -0.103941 -0.310644 3.000000
0.222251 -0.105766 0.302223 3.000000
0.010572 -0.066643 -0.387446 1.000000
-0.084145 -0.003879 0.687727 1.000000
-0.328689 -0.007477 -0.151390 0.000000
0.015462 -0.056862 0.170614 1.000000
-0.769912 0.176609 0.132023 2.000000
0.344967 -0.155810 -0.277197 3.000000
-0.153294 -0.083544 -0.148983 0.000000
-0.002883 0.230834 -0.101042 0.000000
0.268824 -0.291828 -0.115333 3.000000
-0.181547 -0.186495 -0.314471 3.000000
0.219287 0.042542 0.164254 0.000000
-0.018897 -0.128343 0.008345 0.000000
-0.299017 0.143745 -0.116524 0.000000
-0.142474 0.181449 0.156931 0.000000
-0.235189 -0.035806 0.698901 1.000000
0.179201 -0.001294 -0.326557 1.000000
0.279492 -0.104854 0.354523 3.000000
0.464110 0.080322 0.070450 0.000000
-0.490223 0.099478 0.008345 0.000000
0.037583 0.154362 0.166231 0.000000
0.191161 0.207168 -0.153823 0.000000
-0.107684 -0.011278 -0.580553 1.000000
0.303715 0.165055 0.123408 0.000000
0.500749 0.086707 0.008345 0.000000
-0.067041 -0.004892 -0.461866 1.000000
-0.002377 0.236890 -0.052950 0.000000
0.601648 0.050625 -0.019984 0.000000
-0.160592 -0.192526 -0.322858 0.000000
0.284787 -0.113899 -0.272839 3.000000
-0.010308 0.207066 0.008345 0.000000
0.113396 0.036461 0.008345 0.000000
-0.124484 -0.111822 0.008345 0.000000
-0.783798 0.255539 -0.142269 2.000000
-0.007875 -0.178285 0.372690 3.000000
0.330701 -0.165692 0.385841 3.000000
0.516383 0.094816 -0.151390 0.000000
0.496898 0.100492 0.159541 0.000000
0.114992 -0.064641 0.295610 1.000000
-0.071475 0.124538 0.008345 0.000000
0.091630 -0.001319 0.473995 1.000000
0.044982 -0.103460 -0.289208 1.000000
0.514508 -0.022477 -0.151390 0.000000
0.133515 -0.004690 -0.286801 0.000000
-0.165431 -0.012773 -0.661206 1.000000
0.191161 -0.002460 -0.284267 0.000000
-0.683456 0.143795 -0.045703 2.000000
-0.228753 0.057568 0.164254 0.000000
-0.204123 0.142985 0.013286 0.000000
0.665324 -0.084050 0.131719 0.000000
0.329789 -0.046144 0.215793 0.000000
0.462741 -0.145902 0.039562 0.000000
0.163111 -0.116459 -0.100409 0.000000
-0.526179 -0.012545 0.047062 0.000000
-0.009395 0.005370 -0.151390 0.000000
-0.638328 0.143390 -0.151390 2.000000
0.113650 -0.207906 0.338433 3.000000
0.231348 -0.119575 0.288414 3.000000
0.047794 -0.129331 0.386399 3.000000
-0.812633 0.082298 0.107749 2.000000
0.109925 -0.142304 -0.276234 0.000000
-0.602727 0.134927 -0.151390 2.000000
0.130474 0.105889 -0.153823 0.000000
0.334477 0.159505 -0.030930 0.000000
0.415789 -0.112709 -0.110544 0.000000
-0.114957 -0.012950 -0.438250 1.000000
-0.547337 0.143719 -0.143054 2.000000
0.318310 -0.061474 0.008345 0.000000
0.184345 -0.111923 0.354497 3.000000
0.261045 -0.223667 -0.089944 3.000000
0.182900 -0.074954 0.343146 1.000000
-0.784406 0.134978 -0.151390 2.000000
0.009381 -0.063982 0.280559 1.000000
-0.622035 0.174506 0.115173 2.000000
0.615255 0.122840 -0.000093 0.000000
-0.458854 0.142934 0.093407 0.000000
-0.121494 -0.095782 0.149330 0.000000
0.029069 0.145746 -0.153823 0.000000
0.060920 -0.069835 0.413891 1.000000
-0.491287 0.125780 -0.151390 0.000000
-0.041652 -0.061398 0.711875 1.000000
0.481847 0.050625 0.054892 0.000000
-0.177923 0.079030 0.008345 0.000000
0.423593 -0.072141 0.164254 0.000000
0.615863 0.105661 -0.017095 0.000000
0.028638 -0.082302 0.164254 0.000000
-0.643598 0.017178 0.008345 0.000000
0.242421 -0.141037 0.063051 0.000000
-0.017174 0.201846 0.008345 0.000000
-0.123040 -0.123351 -0.053380 0.000000
-0.117617 -0.055468 0.389034 1.000000
-0.247326 0.010742 0.737872 1.000000
-0.438887 -0.020273 0.008345 0.000000
0.068243 -0.147625 0.383105 3.000000
0.042118 -0.002409 0.528878 1.000000
-0.372854 0.142985 0.015161 0.000000
0.002615 -0.116813 -0.099497 0.000000
0.134453 -0.067124 0.234417 1.000000
-0.017706 -0.000610 0.639583 1.000000
-0.453482 0.090837 0.008345 0.000000
0.478375 -0.118410 0.008345 0.000000
-0.114880 -0.008212 -0.784504 1.000000
-0.063113 -0.008136 0.780467 1.000000
0.053014 -0.107159 0.363543 1.000000
-0.748146 0.283969 -0.173866 2.000000
-0.210002 0.143745 -0.105781 0.000000
0.526164 -0.129229 0.008345 0.000000
0.165112 -0.075486 0.405225 1.000000
-0.067142 -0.144585 0.042983 0.000000
0.224557 -0.122337 0.387640 3.000000
0.603168 -0.129483 -0.065467 0.000000
0.011002 -0.069506 0.464189 1.000000
-0.311914 0.115720 0.164254 0.000000
0.215359 0.241527 -0.016082 0.000000
-0.030426 -0.167567 0.292975 0.000000
0.139900 -0.095656 0.008345 0.000000
0.508402 0.100137 -0.011647 0.000000
0.369976 -0.222172 0.102985 3.000000
-0.301450 -0.054658 -0.102917 0.000000
0.222581 -0.036312 0.008345 0.000000
0.001703 0.115289 0.008345 0.000000
-0.241093 -0.009251 0.737872 1.000000
-0.087109 -0.012139 0.507923 1.000000
-0.783620 0.313058 0.229856 2.000000
0.328294 0.034281 0.008345 0.000000
0.199168 0.230226 -0.106034 0.000000
-0.132668 -0.031675 0.008345 0.000000
-0.092734 0.196905 0.163443 0.000000
0.058943 -0.006159 -0.431079 1.000000
-0.048696 -0.100343 -0.739097 1.000000
-0.272133 0.142909 0.110713 0.000000
0.189970 0.113237 0.160403 0.000000
0.667073 0.057745 -0.103095 0.000000
-0.129349 -0.048475 -0.261462 1.000000
0.130449 -0.069607 0.296674 1.000000
-0.011676 -0.190194 0.362783 3.000000
-0.000882 -0.086230 -0.454036 1.000000
0.715571 0.010666 0.081422 0.000000
-0.775157 0.143795 -0.026699 2.000000
-0.782455 0.263698 0.163038 2.000000
0.392680 0.118330 0.050990 0.000000
-0.074034 -0.095301 -0.151390 0.000000
0.018857 -0.058028 0.192228 1.000000
-0.502056 0.014365 -0.151390 0.000000
0.704979 -0.015154 0.008345 0.000000
0.569721 -0.151350 -0.006757 0.000000
-0.075149 -0.007198 -0.258269 1.000000
0.588649 -0.112379 0.127386 0.000000
0.055370 -0.122413 0.297663 1.000000
-0.033112 0.111641 0.008345 0.000000
-0.288147 -0.068873 0.008345 0.000000
0.143879 0.241654 -0.015043 0.000000
0.483696 0.056580 0.008345 0.000000
-0.182788 -0.014192 0.678225 1.000000
0.143625 0.181550 0.008345 0.000000
0.523199 -0.114102 -0.106769 0.000000
0.479642 0.048167 0.008345 0.000000
0.076832 -0.099887 -0.337199 0.000000
0.042397 -0.109186 0.409305 1.000000
-0.020038 -0.186926 0.365494 3.000000
0.327103 -0.241784 0.137572 3.000000
-0.249708 -0.038365 0.737872 3.000000
0.240242 -0.100293 0.159060 0.000000
-0.390895 -0.041937 -0.060982 0.000000
0.151860 -0.066693 -0.204500 1.000000
0.571723 0.059722 0.164254 0.000000
-0.375287 0.004787 0.164254 0.000000
-0.678667 0.055034 0.008345 2.000000
-0.107330 -0.056381 -0.375664 1.000000
0.098978 -0.007603 0.228893 1.000000
0.654707 0.068565 -0.095392 0.000000
-0.731042 0.143719 -0.146044 2.000000
-0.257335 0.142909 0.137218 0.000000
-0.750198 0.113085 0.248201 2.000000
-0.726532 0.139133 -0.233235 2.000000
0.497861 -0.064692 0.008345 0.000000
0.555329 0.089190 -0.151390 0.000000
-0.101527 -0.087851 -0.151390 0.000000
-0.096611 -0.064413 0.531792 1.000000
0.186904 -0.073738 -0.317004 1.000000
0.270370 -0.129533 -0.065315 0.000000
-0.703930 0.118254 0.008345 2.000000
-0.132972 -0.051414 0.348289 1.000000
0.291375 -0.171798 -0.263008 3.000000
0.002641 -0.125429 -0.076337 0.000000
0.244727 -0.256354 0.154119 3.000000
-0.792894 0.122688 -0.151720 2.000000
0.455672 -0.124390 -0.015474 0.000000
-0.131477 -0.006995 0.164254 0.000000
0.007962 -0.010391 -0.204146 0.000000
-0.003618 -0.008820 -0.414128 1.000000
-0.023965 -0.009960 0.477111 1.000000
0.738401 0.002456 0.037788 0.000000
0.374005 -0.046042 0.008345 0.000000
0.254001 -0.025315 0.008345 0.000000
0.352340 -0.308526 -0.121541 3.000000
0.282127 -0.197112 0.147277 3.000000
-0.463035 0.142934 0.081219 0.000000
0.050784 -0.006311 -0.576270 1.000000
0.352746 -0.146232 0.386576 3.000000
-0.259463 0.116075 -0.151390 0.000000
0.810667 -0.186546 -0.004324 0.000000
0.466871 -0.011328 0.164254 0.000000
-0.594264 0.157124 -0.085206 2.000000
0.202563 -0.110175 0.375174 3.000000
0.334426 -0.093299 -0.313457 3.000000
-0.014590 -0.003195 -0.581617 1.000000
-0.162239 -0.083442 -0.739097 1.000000
0.019440 0.173872 0.008345 0.000000
-0.637847 0.206053 0.123053 2.000000
0.078150 -0.067732 0.328500 1.000000
-0.812228 0.142985 0.021369 2.000000
-0.227511 -0.070494 0.133974 0.000000
0.096216 -0.003625 0.434694 1.000000
0.094848 0.023741 0.164254 0.000000
0.088615 0.068793 0.164254 0.000000
0.502624 -0.164146 0.075087 0.000000
-0.767961 0.142985 0.014350 2.000000
0.405146 0.116202 -0.074158 0.000000
-0.043527 -0.015991 -0.713353 1.000000
-0.626621 0.201314 -0.120655 2.000000
0.405222 -0.110048 -0.117690 0.000000
0.603903 -0.105639 -0.129472 0.000000
-0.036457 -0.062589 0.374388 1.000000
-0.292480 -0.054505 0.008345 0.000000
0.539872 0.095069 -0.126052 0.000000
-0.084170 0.030633 0.164254 0.000000
-0.687916 0.210614 -0.133907 2.000000
0.661067 -0.058433 -0.149034 0.000000
-0.182205 -0.010188 0.761260 1.000000
0.224177 -0.131839 -0.059157 0.000000
0.050252 0.120154 0.164254 0.000000
-0.197839 0.143821 -0.012712 0.000000
0.366986 -0.190879 0.377226 3.000000
-0.134290 0.161989 0.008345 0.000000
0.004744 0.162951 -0.147894 0.000000
-0.410862 0.143795 -0.016208 0.000000
-0.066990 -0.006590 -0.608603 1.000000
0.636058 0.013453 0.164254 0.000000
-0.161706 -0.056989 0.609228 1.000000
0.070802 -0.098494 -0.409744 1.000000
-0.007799 0.054527 0.008345 0.000000
-0.093672 0.038893 -0.151390 0.000000
-0.095876 -0.049792 -0.172118 1.000000
-0.323140 0.143821 -0.006149 0.000000
0.004997 0.191812 0.008345 0.000000
-0.814686 0.070719 0.060289 2.000000
0.534044 -0.100647 0.158147 0.000000
-0.185094 0.102671 -0.151390 0.000000
-0.486017 0.142959 0.060264 0.000000
-0.324863 -0.039936 0.161974 0.000000
0.324189 0.088000 0.164254 0.000000
0.455672 -0.131282 -0.026521 0.000000
0.194455 0.046165 0.008345 0.000000
-0.830345 0.044366 -0.112470 2.000000
-0.025840 -0.047816 -0.755086 1.000000
-0.236988 -0.044623 0.164254 0.000000
-0.187907 -0.086432 -0.755922 1.000000
0.032464 0.161659 0.164254 0.000000
-0.831536 0.090001 -0.022923 2.000000
-0.080749 -0.131206 -0.060855 0.000000
-0.824517 0.041604 0.113121 2.000000
0.254051 -0.202990 -0.320096 3.000000
0.350389 -0.047031 0.187870 0.000000
-0.094609 0.027541 0.008345 0.000000
0.039762 0.168855 0.160403 0.000000
0.179986 -0.098012 -0.149997 0.000000
-0.409291 -0.023922 -0.118881 0.000000
-0.101654 0.034484 0.164254 0.000000
-0.079204 0.194498 -0.147894 0.000000
0.473307 0.116024 -0.045601 0.000000
0.141395 -0.034564 0.008345 0.000000
-0.574196 0.143719 -0.123898 2.000000
-0.768088 0.296183 0.216351 2.000000
0.238417 -0.149272 -0.277096 3.000000
-0.052801 -0.119221 -0.344674 0.000000
0.271180 0.014923 0.008345 0.000000
0.255648 -0.166908 0.085324 3.000000
-0.235417 0.084427 0.008345 0.000000
-0.116908 0.093650 0.164254 0.000000
-0.112245 -0.065655 -0.639896 1.000000
0.127155 0.229820 -0.109227 0.000000
0.346158 -0.232992 0.134380 3.000000
