0.409455 -0.009357 0.137797 0.000000
0.133399 0.026989 -0.095833 0.000000
0.238825 -0.027420 0.062483 0.000000
-0.113734 0.001745 0.406958 1.000000
0.153753 -0.006692 -0.308250 1.000000
-0.154904 0.010909 0.239941 1.000000
0.633238 -0.003299 0.022436 0.000000
0.005702 -0.008982 0.364664 1.000000
0.518670 0.002098 -0.084092 0.000000
0.302487 -0.023697 -0.020475 0.000000
-0.134683 0.000115 0.668850 1.000000
0.074077 -0.014622 0.325410 1.000000
-0.074304 0.000379 -0.617017 1.000000
0.167212 0.021394 0.199498 0.000000
-0.173254 0.001040 -0.615806 1.000000
-0.137436 0.000115 -0.534103 1.000000
0.433466 -0.003211 -0.133236 0.000000
-0.097279 0.015931 -0.142731 0.000000
0.115248 0.025161 -0.122861 0.000000
0.236975 -0.028213 0.010365 0.000000
0.076611 0.034809 0.012479 0.000000
-0.180347 0.001327 0.432379 1.000000
0.394916 0.046066 -0.022083 0.000000
-0.107125 0.013134 -0.203638 1.000000
-0.092697 -0.035350 -0.081096 0.000000
-0.248744 0.001591 -0.297962 1.000000
-0.051152 0.010028 0.313956 1.000000
-0.039323 0.001217 -0.459032 1.000000
-0.130696 0.000115 0.416496 1.000000
-0.056351 0.000115 -0.513816 1.000000
0.179680 0.009741 -0.285649 1.000000
-0.159090 -0.000920 0.407663 1.000000
0.333216 0.020028 0.142797 0.000000
-0.035468 -0.029314 -0.190333 0.000000
0.329537 -0.000678 0.248246 1.000000
-0.257511 0.002582 -0.227451 0.000000
-0.224183 -0.025504 0.048649 0.000000
0.473557 -0.010106 0.082595 0.000000
0.299006 -0.010701 0.207362 0.000000
-0.226055 0.003507 0.315542 1.000000
0.455824 -0.006581 0.124580 0.000000
-0.128184 0.014103 0.169958 0.000000
-0.267864 0.002164 0.241197 1.000000
0.189769 0.031483 -0.055962 0.000000
0.253518 -0.025504 0.082947 0.000000
-0.327627 0.000115 0.645721 1.000000
0.170560 0.016063 -0.225710 1.000000
-0.350910 0.000181 0.904572 1.000000
0.130602 0.017077 0.242893 1.000000
0.493360 0.004543 0.113875 0.000000
-0.183409 0.013046 0.079158 0.000000
-0.167218 0.013574 0.109601 0.000000
0.456881 0.004080 -0.022655 0.000000
-0.249559 -0.019071 -0.129404 0.000000
-0.214468 0.009521 0.140000 0.000000
0.160934 0.017495 0.238796 1.000000
-0.257005 0.000115 0.519191 1.000000
-0.097962 -0.012243 0.341623 1.000000
0.055992 0.028950 -0.033714 0.000000
0.403904 0.011702 0.098565 0.000000
0.195496 -0.030746 0.017634 0.000000
-0.054060 -0.010899 0.353364 1.000000
0.377404 -0.019115 -0.018911 0.000000
-0.218588 0.000115 -0.465244 1.000000
-0.066990 0.003794 0.376824 1.000000
0.014536 0.000115 -0.467358 1.000000
-0.142899 0.009785 -0.250954 1.000000
-0.331988 0.000115 0.633253 1.000000
0.268123 -0.024094 0.092882 0.000000
-0.297272 0.000556 0.779387 1.000000
-0.015004 0.000115 0.508397 1.000000
0.319448 0.027496 -0.107816 0.000000
0.382669 0.016041 -0.021158 0.000000
0.060971 -0.015613 -0.293535 1.000000
-0.076749 -0.022662 0.269062 1.000000
-0.167306 0.006195 0.342680 1.000000
0.105335 0.012869 0.285407 1.000000
0.085554 0.022650 0.183021 0.000000
-0.275420 0.000446 0.305563 1.000000
-0.140564 0.000115 0.722202 1.000000
0.145338 -0.024182 -0.182051 0.000000
0.198052 -0.030063 -0.024880 0.000000
0.408750 -0.008013 -0.120614 0.000000
-0.195348 -0.012353 0.318009 1.000000
-0.241585 0.002230 -0.198197 0.000000
-0.080604 -0.030173 0.195511 0.000000
0.304822 -0.022662 -0.044221 0.000000
0.154039 0.026130 -0.126606 0.000000
-0.202089 0.005358 -0.299747 1.000000
0.163005 0.004345 -0.315541 1.000000
0.048217 -0.000061 0.413038 1.000000
0.075421 0.005380 0.360809 1.000000
-0.179025 0.000115 0.732181 1.000000
-0.169685 0.000115 -0.534280 1.000000
-0.282161 0.000886 -0.586861 1.000000
-0.247863 0.001921 0.308559 1.000000
0.435294 -0.012022 0.095569 0.000000
-0.154244 -0.032553 0.073607 0.000000
-0.018198 0.007627 -0.310695 1.000000
-0.286082 0.001877 -0.000099 0.000000
-0.284870 0.000115 -0.840602 1.000000
-0.134440 0.000115 -0.505599 1.000000
0.228428 0.035845 -0.020320 0.000000
0.168424 0.032651 -0.040058 0.000000
-0.032076 -0.001603 0.404755 1.000000
0.337996 -0.001471 0.237628 1.000000
-0.189819 0.010865 -0.124932 0.000000
-0.232289 0.001018 0.503199 1.000000
-0.144771 -0.028147 -0.152665 0.000000
0.275282 -0.015371 0.188660 0.000000
-0.042583 0.023619 -0.026797 0.000000
-0.308110 -0.007000 0.136652 0.000000
-0.273327 -0.005172 -0.186941 0.000000
0.038392 -0.000303 0.411760 1.000000
0.147894 -0.031583 0.101032 0.000000
0.082690 -0.037112 -0.013976 0.000000
0.184196 -0.024821 -0.141607 0.000000
-0.023044 -0.037002 0.115527 0.000000
-0.262798 0.000490 -0.802868 1.000000
-0.079392 0.000115 -0.443832 1.000000
-0.387895 0.000181 0.875870 1.000000
-0.294298 0.000379 0.864988 1.000000
-0.292051 0.000666 0.240778 1.000000
-0.011744 0.023134 0.103764 0.000000
-0.066968 0.022033 -0.019527 0.000000
-0.231364 0.000820 -0.672924 1.000000
-0.425806 0.000115 0.865605 1.000000
-0.350051 0.000115 -0.746124 1.000000
-0.239955 0.000115 0.781413 1.000000
0.033700 -0.035174 0.144450 0.000000
0.265127 0.033818 -0.047834 0.000000
0.363813 0.009962 0.142974 0.000000
-0.201075 0.000578 0.235712 0.000000
-0.156358 0.001481 0.416717 1.000000
-0.108227 0.000115 0.528245 1.000000
0.131174 -0.033830 -0.047261 0.000000
0.356962 0.036263 0.031291 0.000000
-0.126026 -0.032905 -0.093035 0.000000
-0.283548 0.003045 0.128061 0.000000
-0.390869 0.000115 0.864856 1.000000
-0.256366 -0.010326 -0.252034 1.000000
-0.117875 0.012495 0.236835 1.000000
0.000768 0.016834 -0.216282 1.000000
-0.264913 0.000115 -0.855383 1.000000
-0.186669 0.010865 -0.135241 0.000000
0.128267 -0.029138 -0.138369 0.000000
-0.176888 -0.003608 -0.361095 1.000000
-0.282954 -0.002660 -0.248642 1.000000
-0.227729 0.010380 0.055412 0.000000
0.359848 -0.004555 0.204190 0.000000
-0.134881 -0.015547 0.310629 1.000000
-0.245902 0.000115 0.503882 1.000000
-0.320930 0.000313 0.867874 1.000000
0.088704 0.001062 -0.376889 1.000000
0.204241 0.022892 -0.156917 0.000000
-0.039852 0.011239 -0.274414 1.000000
0.450339 0.005864 -0.105988 0.000000
-0.352871 0.000115 -0.722267 1.000000
0.108728 0.019720 -0.188813 0.000000
0.205277 0.027122 -0.117200 0.000000
0.410028 0.042761 0.050324 0.000000
-0.397456 0.000115 0.783396 1.000000
-0.376815 0.000137 -0.869944 1.000000
0.084387 0.025822 0.119183 0.000000
-0.266719 0.000115 0.838642 1.000000
0.212172 -0.029138 -0.028493 0.000000
-0.121664 -0.011339 -0.317149 1.000000
0.135536 -0.019270 0.262586 0.000000
0.369496 0.061001 0.036820 0.000000
-0.271301 0.002825 0.158570 0.000000
-0.405430 0.000203 -0.754384 1.000000
0.241513 -0.014710 0.219719 0.000000
-0.331393 -0.008454 -0.001024 0.000000
-0.039698 0.001569 0.433392 1.000000
0.183227 -0.002572 -0.311862 1.000000
-0.314674 0.000115 -0.610166 1.000000
0.395357 0.011812 0.037063 0.000000
-0.027560 0.020954 -0.100393 0.000000
-0.132326 0.000115 -0.724999 1.000000
-0.172945 0.000115 0.545801 1.000000
0.658152 0.000027 0.019374 0.000000
-0.350602 0.000115 -0.831769 1.000000
-0.088049 0.000115 0.425175 1.000000
-0.188651 0.000225 -0.783880 1.000000
0.447079 0.010006 0.097750 0.000000
-0.255617 -0.016913 0.184541 0.000000
-0.202661 -0.011428 -0.296420 1.000000
-0.245726 0.000115 0.457050 1.000000
-0.090891 -0.037002 -0.035322 0.000000
0.054957 -0.028477 0.219918 1.000000
0.017355 0.015975 -0.228552 1.000000
0.134743 -0.023323 -0.198351 0.000000
-0.067078 0.001547 -0.435748 1.000000
-0.039499 0.001371 -0.438171 1.000000
0.073483 0.027320 -0.071051 0.000000
-0.114307 0.001305 0.549832 1.000000
-0.351109 0.000159 -0.054816 0.000000
0.215167 0.030844 -0.076338 0.000000
-0.201362 0.006746 -0.258224 1.000000
-0.182572 0.000115 -0.455133 1.000000
0.333172 0.033994 0.074576 0.000000
-0.016568 -0.030812 0.203507 0.000000
-0.278614 0.000622 -0.726695 1.000000
0.269511 0.027474 0.138105 0.000000
0.179768 0.003904 0.328472 1.000000
0.027554 0.013795 0.276067 1.000000
-0.123008 0.001239 -0.545778 1.000000
-0.159552 0.000115 0.566640 1.000000
-0.097852 0.009785 -0.290032 1.000000
0.253849 0.034611 -0.033119 0.000000
-0.228214 -0.010150 -0.288777 1.000000
0.171111 0.007054 -0.300760 1.000000
0.162278 -0.029799 -0.092198 0.000000
0.454458 0.001062 0.050279 0.000000
-0.205899 0.000886 0.690768 1.000000
0.004997 0.026218 -0.041049 0.000000
0.018677 -0.012573 -0.317105 1.000000
0.054737 0.000115 -0.397155 1.000000
-0.295488 0.000115 -0.684357 1.000000
0.219441 0.029633 -0.094687 0.000000
0.410490 -0.008167 0.014814 0.000000
-0.139815 -0.034403 -0.005716 0.000000
-0.127656 0.001327 0.548973 1.000000
-0.252070 -0.015591 0.215094 1.000000
-0.167328 0.012120 0.161653 0.000000
0.382052 0.059921 -0.011730 0.000000
-0.283086 0.000776 0.686054 1.000000
-0.249801 -0.015481 -0.193527 0.000000
-0.050139 0.007296 0.341447 1.000000
-0.220680 -0.021759 0.176853 0.000000
-0.284033 0.002362 0.066933 0.000000
-0.024102 0.004983 0.364885 1.000000
0.107780 0.023267 0.182007 0.000000
-0.003726 0.000534 0.515821 1.000000
0.045221 -0.004070 -0.363254 1.000000
0.449039 0.007649 -0.026224 0.000000
-0.205128 0.001283 0.535734 1.000000
0.032577 0.000115 -0.407398 1.000000
-0.372476 0.000115 0.717400 1.000000
-0.207926 0.000115 -0.575164 1.000000
-0.265375 0.000952 -0.603778 1.000000
0.046564 0.006746 0.347042 1.000000
-0.108447 0.010116 0.303052 1.000000
0.074496 -0.037399 0.049244 0.000000
0.220983 0.031615 -0.066513 0.000000
-0.201340 0.000115 0.827056 1.000000
-0.018440 0.016878 -0.197272 1.000000
0.292244 0.005160 -0.215467 1.000000
0.028369 -0.006581 -0.349905 1.000000
0.399190 0.001899 -0.168151 0.000000
0.144017 0.006657 0.347901 1.000000
-0.012030 -0.033456 0.171500 0.000000
-0.214755 0.001106 -0.558070 1.000000
-0.039059 0.005688 -0.330300 1.000000
-0.278967 0.000754 0.696209 1.000000
-0.298307 0.003001 0.122311 0.000000
0.134545 0.009807 -0.288755 1.000000
-0.073202 0.000159 0.665259 1.000000
0.061698 -0.034645 0.140198 0.000000
-0.236937 0.006085 0.077044 0.000000
0.369871 -0.013829 -0.102617 0.000000
0.388969 0.020976 0.089776 0.000000
-0.068841 0.000115 0.609000 1.000000
-0.068576 0.012649 0.279416 1.000000
-0.079216 0.015997 -0.160111 0.000000
0.009469 0.017319 -0.212273 1.000000
-0.208300 0.001194 -0.453348 1.000000
0.090621 -0.021759 0.270340 1.000000
0.050970 0.004411 0.370700 1.000000
0.328193 -0.022045 -0.025607 0.000000
-0.162901 0.010997 0.219874 0.000000
0.383440 0.007781 -0.026224 0.000000
-0.145124 0.002913 -0.358385 1.000000
0.153665 0.031219 0.078013 0.000000
-0.092257 0.012869 0.251880 1.000000
0.003654 -0.032641 -0.153392 0.000000
0.274731 0.032166 0.096340 0.000000
-0.027692 -0.012881 -0.314946 1.000000
-0.247422 0.001062 -0.570428 1.000000
-0.257533 0.000710 0.738238 1.000000
0.064760 0.009896 0.315431 1.000000
0.398705 0.028641 0.011973 0.000000
0.469658 0.016174 -0.021642 0.000000
-0.179334 -0.030878 0.031798 0.000000
-0.195722 -0.028742 0.058276 0.000000
0.384960 -0.017045 -0.052437 0.000000
-0.005752 0.000578 -0.483439 1.000000
-0.272314 0.000490 0.515270 1.000000
-0.267820 0.002979 0.188506 0.000000
-0.120959 0.001371 -0.509586 1.000000
-0.370713 0.000137 -0.877786 1.000000
-0.277425 -0.017860 0.039552 0.000000
-0.165169 0.003023 0.384710 1.000000
-0.359457 0.000424 -0.750706 1.000000
-0.290047 -0.005700 -0.174649 0.000000
-0.394041 0.000115 0.811350 1.000000
-0.208565 0.000115 0.597809 1.000000
-0.014101 0.019258 -0.147819 0.000000
-0.217618 0.000203 0.843180 1.000000
-0.291016 -0.015833 0.003756 0.000000
-0.126400 -0.012375 0.336600 1.000000
0.054406 -0.013454 0.336402 1.000000
-0.171425 0.004741 -0.340543 1.000000
-0.241012 0.000115 0.703280 1.000000
0.125645 -0.029689 0.160728 0.000000
-0.144860 0.011878 -0.197999 0.000000
0.338326 0.060406 0.035873 0.000000
0.180605 -0.019049 0.229081 0.000000
-0.234139 0.000203 -0.825843 1.000000
-0.122876 0.000115 0.619529 1.000000
0.212194 0.024280 0.170421 0.000000
-0.194643 -0.024160 0.181369 0.000000
0.573256 0.003640 -0.037260 0.000000
0.277066 0.035404 -0.027810 0.000000
-0.243083 0.000115 -0.884196 1.000000
0.064143 -0.007418 -0.344508 1.000000
-0.110562 0.000115 0.568292 1.000000
0.062403 0.007935 -0.307765 1.000000
-0.334389 0.000600 0.729802 1.000000
-0.251387 0.000115 -0.523926 1.000000
0.052953 -0.027068 0.232672 1.000000
0.435228 -0.008167 0.027238 0.000000
-0.204159 0.000115 0.754451 1.000000
-0.021568 0.000754 0.515204 1.000000
0.125865 0.022055 -0.167138 0.000000
0.352468 0.003353 0.048253 0.000000
0.231710 -0.012066 -0.218463 0.000000
-0.310731 0.000115 0.895982 1.000000
0.462609 -0.002616 -0.116297 0.000000
0.008566 0.000115 0.514367 1.000000
0.217414 0.045801 0.013933 0.000000
0.543011 -0.008828 -0.006178 0.000000
-0.149904 0.001217 -0.554964 1.000000
0.371170 -0.019578 0.042438 0.000000
0.278366 0.027276 -0.112640 0.000000
-0.100539 0.002670 -0.360698 1.000000
0.032136 0.029457 -0.003381 0.000000
-0.371551 0.000115 0.918472 1.000000
-0.104945 0.001767 -0.378387 1.000000
-0.004717 0.000137 0.566111 1.000000
0.479614 -0.006009 0.111672 0.000000
-0.213763 0.000952 -0.190377 0.000000
-0.261322 -0.020393 0.044288 0.000000
0.053790 0.008816 0.326313 1.000000
0.392493 -0.014423 0.105173 0.000000
-0.071859 0.001349 0.505402 1.000000
0.437166 0.008530 0.037063 0.000000
0.120447 -0.034513 0.073761 0.000000
-0.265485 -0.000964 0.346976 1.000000
0.368064 0.018949 0.049509 0.000000
0.059451 -0.037641 -0.052724 0.000000
0.515542 0.033774 0.001223 0.000000
-0.017625 0.025822 0.034001 0.000000
-0.209402 0.000115 0.556595 1.000000
-0.212728 -0.026913 0.051073 0.000000
-0.136974 0.001503 -0.456278 1.000000
0.471310 -0.005943 0.118060 0.000000
0.190914 -0.030019 -0.046534 0.000000
-0.138780 0.009279 0.294945 1.000000
0.475561 0.007825 -0.074179 0.000000
0.227856 -0.019886 0.183924 0.000000
-0.228610 0.001172 -0.519102 1.000000
0.244024 -0.025195 -0.076030 0.000000
-0.183475 0.000115 0.702707 1.000000
0.308809 -0.019644 0.117047 0.000000
-0.231077 0.000115 -0.874239 1.000000
-0.271455 0.000115 0.543907 1.000000
-0.077850 0.001459 0.490973 1.000000
0.560964 0.003948 -0.043824 0.000000
-0.078489 0.001547 0.472205 1.000000
0.127143 0.022408 0.191524 0.000000
0.551404 -0.006758 0.053496 0.000000
0.206268 0.019830 0.215094 0.000000
0.504859 0.013024 -0.017765 0.000000
0.423641 0.002736 -0.020827 0.000000
0.057733 -0.000832 -0.381317 1.000000
-0.120519 -0.034271 -0.069928 0.000000
-0.092257 -0.028279 -0.186875 0.000000
-0.372344 0.000313 -0.789938 1.000000
0.073703 -0.034623 -0.101406 0.000000
0.096348 -0.024711 0.241373 1.000000
0.187214 0.012935 -0.257188 1.000000
-0.256476 -0.007661 -0.282433 1.000000
-0.194929 0.012869 0.048253 0.000000
0.414213 0.037959 -0.024197 0.000000
0.464812 0.042673 0.044046 0.000000
-0.172020 0.000115 0.588161 1.000000
-0.297823 0.000490 0.233069 1.000000
-0.265177 0.001767 0.263599 1.000000
0.263056 -0.025922 -0.033427 0.000000
-0.245638 0.000115 -0.410504 1.000000
0.462917 0.020733 -0.026224 0.000000
0.304734 0.056683 -0.007478 0.000000
-0.246167 0.002120 0.196171 0.000000
-0.057452 -0.030240 -0.176103 0.000000
-0.377454 0.000379 -0.716738 1.000000
0.292640 0.029368 0.119117 0.000000
-0.173254 0.000600 -0.693697 1.000000
-0.241210 0.003397 -0.247452 1.000000
0.362777 0.006393 0.186567 0.000000
0.137981 -0.034006 -0.008888 0.000000
-0.343641 0.000115 0.782669 1.000000
-0.025622 0.010468 -0.282168 1.000000
0.003764 0.001899 -0.368430 1.000000
-0.181735 -0.016362 -0.260691 1.000000
0.050243 0.023663 0.140440 0.000000
-0.172417 0.000247 0.789542 1.000000
0.345089 0.007318 0.188263 0.000000
-0.305114 0.000115 0.632746 1.000000
0.202589 -0.010943 -0.247430 0.000000
-0.152856 0.001503 0.482052 1.000000
0.441792 0.061441 0.001994 0.000000
-0.031966 0.009147 0.322811 1.000000
-0.173628 0.000798 -0.670171 1.000000
-0.247687 0.001811 0.159385 0.000000
0.103022 -0.005260 -0.352129 1.000000
-0.189577 0.000115 0.687221 1.000000
-0.268019 -0.010238 -0.214696 0.000000
-0.026569 0.009169 -0.295275 1.000000
0.082492 -0.033632 -0.114711 0.000000
-0.318661 0.001657 -0.086471 0.000000
0.093506 -0.030284 0.181214 0.000000
-0.088666 0.001371 0.513882 1.000000
-0.330314 0.000115 0.895849 1.000000
-0.146688 0.009411 0.284262 1.000000
-0.281125 0.000820 0.671956 1.000000
-0.021084 0.002362 -0.363826 1.000000
-0.312383 0.000115 -0.729030 1.000000
-0.088600 -0.036099 0.096098 0.000000
-0.107390 0.014213 0.204234 0.000000
-0.165368 -0.028389 -0.126033 0.000000
-0.168452 0.000115 -0.508859 1.000000
-0.337870 0.000446 0.108301 0.000000
-0.262071 -0.011802 0.117091 0.000000
0.212810 0.030668 0.105768 0.000000
0.314051 -0.003784 -0.213353 1.000000
0.007641 0.021064 -0.133082 0.000000
-0.162835 -0.025680 0.197207 0.000000
0.153246 0.025381 -0.136871 0.000000
0.037158 -0.036650 -0.084642 0.000000
0.055001 -0.023653 -0.234940 0.000000
-0.082366 0.000115 0.529214 1.000000
0.370597 0.068072 0.010585 0.000000
-0.241563 0.000754 -0.697067 1.000000
-0.310841 0.000556 0.759385 1.000000
-0.118118 0.018531 0.039574 0.000000
-0.247841 0.000115 -0.465464 1.000000
-0.025049 0.025205 0.038627 0.000000
-0.232686 0.000115 -0.457093 1.000000
0.102516 0.029104 -0.061976 0.000000
-0.206847 0.000115 0.484123 1.000000
0.172169 0.019742 -0.188615 0.000000
-0.261542 0.000115 0.786238 1.000000
-0.291016 0.000115 0.889175 1.000000
0.033039 -0.033324 -0.140792 0.000000
0.380114 0.009411 0.141916 0.000000
0.256294 0.018420 0.218486 0.000000
-0.208256 0.003463 -0.341644 1.000000
-0.263789 -0.010635 -0.199211 0.000000
-0.132876 0.015601 0.113478 0.000000
-0.037296 0.017033 -0.175376 1.000000
-0.216583 0.002472 0.376670 1.000000
-0.296281 0.000115 -0.694424 1.000000
0.513956 -0.010392 0.040763 0.000000
0.601650 0.003397 -0.019043 0.000000
0.106679 0.003662 0.378079 1.000000
-0.251520 0.002781 -0.212097 0.000000
-0.201978 0.000335 -0.757534 1.000000
0.256118 0.036660 0.047504 0.000000
0.134170 0.033708 0.044905 0.000000
0.036542 -0.022442 0.275583 1.000000
0.049935 0.032651 0.016488 0.000000
0.032158 -0.005061 -0.357989 1.000000
0.443576 0.016923 -0.023735 0.000000
0.416152 -0.006295 0.023692 0.000000
-0.226958 0.000115 -0.851110 1.000000
-0.316480 0.000115 0.667616 1.000000
0.440647 -0.013696 0.068607 0.000000
-0.318573 -0.003762 -0.124227 0.000000
0.156110 -0.033169 0.009528 0.000000
0.127055 -0.034645 0.038186 0.000000
-0.169179 0.005688 -0.325520 1.000000
-0.226760 0.002494 0.346469 1.000000
-0.238193 0.010446 0.007259 0.000000
-0.107808 0.000115 -0.676339 1.000000
0.021078 -0.032222 0.185047 0.000000
0.113133 -0.015833 0.303757 1.000000
-0.164641 0.000115 -0.448040 1.000000
-0.206032 0.000115 -0.548708 1.000000
-0.267468 0.005754 0.026467 0.000000
-0.051637 0.000115 -0.563489 1.000000
-0.232553 0.000534 -0.771346 1.000000
-0.166645 -0.006515 -0.342922 1.000000
-0.027384 0.015270 0.255008 1.000000
0.202457 0.029060 0.125549 0.000000
0.493030 -0.008167 -0.004108 0.000000
0.037247 -0.013278 -0.311157 1.000000
0.255787 -0.022486 -0.104049 0.000000
0.344120 0.021482 0.040851 0.000000
0.120711 0.030646 0.073101 0.000000
0.050662 -0.035526 -0.101208 0.000000
-0.089415 0.001811 -0.376933 1.000000
-0.036790 -0.005348 -0.357086 1.000000
-0.226077 0.000115 -0.565515 1.000000
0.050750 0.019390 0.221504 1.000000
-0.015401 -0.019622 -0.270449 1.000000
0.004513 0.000115 -0.432664 1.000000
-0.064677 -0.037971 0.071162 0.000000
-0.088291 0.006393 -0.323185 1.000000
-0.282645 -0.006780 0.185576 0.000000
-0.000620 0.003287 -0.354420 1.000000
-0.011634 0.028135 0.013625 0.000000
-0.102544 -0.036385 -0.038141 0.000000
-0.276940 0.000115 0.732820 1.000000
0.593830 -0.002749 -0.025828 0.000000
-0.110033 -0.023697 0.250493 1.000000
-0.302360 0.000666 -0.678652 1.000000
-0.213081 0.000115 0.752711 1.000000
0.148841 0.007649 0.338098 1.000000
-0.035138 -0.034865 0.151763 0.000000
-0.212948 0.006041 -0.131937 0.000000
0.476266 0.009477 -0.057460 0.000000
0.058261 0.014566 0.268313 1.000000
0.356742 0.026306 -0.076580 0.000000
0.311056 0.033311 0.082683 0.000000
0.103243 -0.036231 -0.002257 0.000000
0.012883 -0.031737 0.191457 0.000000
-0.043376 0.001679 -0.389621 1.000000
0.198955 -0.005678 -0.282565 1.000000
-0.246365 -0.007727 -0.293821 1.000000
-0.197353 0.009785 -0.156674 0.000000
0.001385 0.027100 0.037878 0.000000
0.017553 0.000247 -0.494497 1.000000
-0.261873 0.000820 0.542189 1.000000
-0.136511 0.001437 -0.469385 1.000000
-0.319851 -0.008212 -0.058209 0.000000
0.181090 0.027254 0.145485 0.000000
0.023149 0.000115 -0.483483 1.000000
-0.263216 0.000115 -0.567124 1.000000
-0.263833 -0.011692 0.236681 1.000000
-0.236474 0.003199 0.294703 1.000000
-0.187902 0.000115 0.760399 1.000000
0.226710 0.012759 -0.233706 1.000000
0.310505 0.014764 -0.150528 0.000000
0.189306 -0.017375 0.237827 0.000000
-0.242312 -0.003167 0.368651 1.000000
-0.317450 -0.010943 0.036027 0.000000
-0.264450 -0.019842 -0.022832 0.000000
-0.383776 0.000115 0.787339 1.000000
-0.153406 0.000115 0.599373 1.000000
0.041322 0.030051 -0.006465 0.000000
-0.197000 0.000974 0.662792 1.000000
0.033678 -0.035108 -0.118169 0.000000
0.495232 0.031417 0.041292 0.000000
0.459238 -0.009775 0.095415 0.000000
-0.185303 0.011195 0.150243 0.000000
0.206224 -0.000193 -0.309858 1.000000
0.244641 0.023156 -0.154295 0.000000
-0.038156 0.010270 0.311510 1.000000
-0.204115 0.000115 -0.521129 1.000000
-0.338971 0.000115 -0.803044 1.000000
-0.319366 -0.005965 0.117553 0.000000
0.020527 -0.027046 -0.210863 0.000000
-0.227817 -0.024733 -0.046600 0.000000
0.360971 0.036197 -0.026290 0.000000
-0.382983 0.000115 0.847101 1.000000
0.229486 -0.027662 -0.042811 0.000000
-0.124396 0.000115 0.744957 1.000000
-0.254031 0.000115 -0.787096 1.000000
0.143510 -0.029116 -0.124271 0.000000
0.381259 0.021482 -0.010584 0.000000
-0.174377 0.000269 -0.750706 1.000000
-0.195700 0.001327 -0.467513 1.000000
0.332445 -0.010194 0.187074 0.000000
-0.305356 0.000401 0.838951 1.000000
0.220278 -0.023213 -0.128236 0.000000
0.168314 -0.025812 0.170597 0.000000
-0.250815 0.001018 0.616577 1.000000
-0.038860 0.018420 0.170333 0.000000
-0.199357 -0.027112 0.108169 0.000000
0.393176 0.065208 -0.000782 0.000000
0.564599 0.021438 -0.001993 0.000000
-0.136313 -0.024424 0.231791 1.000000
-0.086287 -0.035350 -0.086625 0.000000
-0.215944 0.000842 -0.403587 1.000000
0.016937 0.000115 -0.452820 1.000000
-0.290862 0.000556 -0.743216 1.000000
-0.181426 -0.027596 -0.116143 0.000000
-0.309652 0.000291 -0.855978 1.000000
0.066169 0.000115 -0.410173 1.000000
-0.311172 0.002935 0.088080 0.000000
-0.238986 -0.010326 0.303250 1.000000
0.033083 -0.019049 0.300012 1.000000
0.008434 0.027386 -0.021290 0.000000
-0.227223 0.000115 0.482140 1.000000
-0.261212 0.000952 -0.536130 1.000000
-0.343267 0.000115 -0.782999 1.000000
-0.156755 0.000313 0.740750 1.000000
-0.391618 0.000247 -0.729008 1.000000
0.439523 0.049480 0.043583 0.000000
0.140162 0.010689 -0.279921 1.000000
0.056345 -0.034161 0.151432 0.000000
0.118508 0.024258 -0.143457 0.000000
-0.190656 0.001327 0.468659 1.000000
0.024184 0.000666 -0.437312 1.000000
0.055728 0.022694 -0.126606 0.000000
0.207568 0.006768 0.294923 1.000000
0.073549 -0.032905 0.158636 0.000000
0.271757 0.025822 -0.127355 0.000000
0.017774 0.000115 0.431894 1.000000
-0.266785 -0.014423 0.075259 0.000000
0.103749 0.001150 0.403478 1.000000
-0.238942 0.001503 -0.137069 0.000000
0.335419 -0.016252 0.132907 0.000000
0.502722 0.001305 0.037063 0.000000
-0.285707 0.000886 0.633935 1.000000
-0.142437 0.010909 -0.224124 1.000000
0.257748 -0.017662 -0.154670 0.000000
-0.165918 0.000115 -0.394093 1.000000
0.412231 -0.010304 0.127708 0.000000
0.392537 -0.017155 0.066602 0.000000
-0.262754 0.000996 0.594902 1.000000
-0.271301 -0.011736 0.114844 0.000000
0.099212 0.003970 -0.347702 1.000000
0.024735 0.028377 -0.029154 0.000000
0.263805 0.007186 -0.213859 1.000000
-0.169135 0.000313 -0.720064 1.000000
-0.388975 0.000115 -0.737643 1.000000
0.331167 0.005600 0.214234 0.000000
0.403023 0.039083 0.028780 0.000000
0.130668 0.024588 -0.142202 0.000000
0.568211 0.002230 -0.049001 0.000000
0.050243 0.016063 -0.225710 1.000000
0.279886 0.000534 -0.258466 1.000000
0.400644 0.060604 0.035961 0.000000
0.133906 -0.031187 -0.102265 0.000000
-0.206692 0.000115 -0.492867 1.000000
-0.044147 -0.036165 -0.097507 0.000000
-0.157592 0.014367 0.104513 0.000000
0.261360 0.038752 0.033296 0.000000
-0.387873 0.000115 -0.834170 1.000000
-0.135476 0.001194 -0.564084 1.000000
0.292860 0.012451 -0.172843 0.000000
0.379893 -0.016054 0.095900 0.000000
-0.350161 0.000115 0.936689 1.000000
-0.188497 -0.019446 0.250559 1.000000
0.248187 -0.015437 0.209234 0.000000
-0.005025 0.025227 -0.046093 0.000000
-0.293703 0.000842 -0.626335 1.000000
-0.069678 -0.018278 -0.276111 1.000000
-0.074304 0.000115 0.444714 1.000000
-0.053796 -0.038985 0.029551 0.000000
0.218670 0.025051 -0.135241 0.000000
0.327511 0.008133 0.186457 0.000000
-0.291567 0.000622 -0.719338 1.000000
0.234508 0.017627 0.237298 1.000000
-0.086133 0.001525 0.484761 1.000000
-0.351307 0.000357 -0.789409 1.000000
-0.212530 0.000115 0.466104 1.000000
-0.026789 0.000115 -0.475905 1.000000
-0.173188 -0.031011 -0.038890 0.000000
-0.005268 -0.022420 -0.251087 0.000000
-0.241585 0.000115 -0.718919 1.000000
-0.137877 -0.003696 0.390503 1.000000
0.287353 0.032496 0.092221 0.000000
0.096590 -0.019071 -0.263422 1.000000
-0.034741 0.017275 0.199366 1.000000
0.525323 0.024390 -0.014968 0.000000
-0.267798 -0.007396 -0.153987 0.000000
-0.168187 0.013376 -0.088233 0.000000
-0.133934 0.015997 -0.079598 0.000000
-0.215592 0.000930 -0.631622 1.000000
0.252857 0.013728 0.234192 1.000000
-0.013308 0.008860 -0.298403 1.000000
-0.396927 0.000115 0.848379 1.000000
0.158247 0.021769 -0.168151 0.000000
0.254179 -0.026847 0.037129 0.000000
0.172455 0.000974 -0.330432 1.000000
-0.052055 -0.031187 -0.165860 0.000000
0.201884 -0.027068 -0.095282 0.000000
-0.177924 0.010623 0.200643 0.000000
-0.259207 -0.013168 -0.070655 0.000000
-0.276984 0.000666 -0.707949 1.000000
0.317267 0.062234 0.026577 0.000000
-0.284319 0.000468 -0.793043 1.000000
-0.051725 -0.035504 -0.108146 0.000000
-0.111641 -0.029425 0.188682 0.000000
0.185033 -0.002704 0.337261 1.000000
0.382669 0.002648 0.015035 0.000000
0.169371 -0.007705 -0.291398 1.000000
0.414169 -0.014093 0.088763 0.000000
-0.227531 0.000446 -0.779430 1.000000
0.351719 0.024720 -0.085590 0.000000
0.275062 0.032629 -0.065170 0.000000
0.021518 0.018597 -0.193197 1.000000
-0.180259 0.007869 0.289659 1.000000
0.079122 0.020403 0.213486 0.000000
-0.140873 -0.001603 0.403301 1.000000
-0.256806 0.000115 -0.711738 1.000000
0.443929 0.015050 0.018052 0.000000
-0.231188 -0.015547 0.251660 1.000000
0.098110 0.007495 0.339486 1.000000
0.256294 -0.006780 0.263445 1.000000
-0.078996 0.000886 -0.546637 1.000000
-0.158958 0.000115 0.432841 1.000000
-0.216649 -0.021406 0.191920 0.000000
-0.258172 0.000864 0.658827 1.000000
-0.349853 0.000115 0.873799 1.000000
-0.220438 0.002758 -0.328295 1.000000
-0.293593 0.000115 -0.876310 1.000000
0.504506 0.018222 0.037063 0.000000
-0.154067 -0.032156 -0.061293 0.000000
-0.327715 -0.007595 -0.043824 0.000000
0.485055 0.018949 0.001113 0.000000
0.376127 0.010006 -0.108565 0.000000
0.309007 -0.009864 -0.178768 0.000000
0.456948 -0.010216 -0.068188 0.000000
-0.231848 0.002142 -0.319748 1.000000
-0.195877 0.000115 -0.431563 1.000000
-0.188938 -0.028455 0.102045 0.000000
0.062491 0.000578 0.424999 1.000000
0.016452 -0.020701 0.290364 1.000000
-0.302052 -0.012507 -0.044221 0.000000
-0.088402 0.013530 -0.211965 1.000000
-0.056924 0.000688 -0.538443 1.000000
-0.141908 0.000115 -0.411980 1.000000
0.408310 0.027122 -0.001663 0.000000
-0.325996 -0.009137 -0.017963 0.000000
0.381281 -0.001052 0.209851 0.000000
0.078858 -0.035570 -0.076668 0.000000
-0.252467 -0.019159 -0.119623 0.000000
0.333855 -0.021979 0.035322 0.000000
-0.000818 -0.030129 -0.183879 0.000000
-0.345888 -0.003916 -0.034573 0.000000
0.034052 0.010424 -0.282653 1.000000
0.485650 0.041858 0.005805 0.000000
-0.064589 0.000115 0.642967 1.000000
-0.206913 -0.024777 -0.121848 0.000000
-0.266917 0.000666 0.528575 1.000000
-0.083820 -0.037068 0.076801 0.000000
-0.029432 0.018861 0.175113 0.000000
-0.160081 0.008089 -0.275824 1.000000
-0.273922 -0.007903 -0.224234 0.000000
0.090841 -0.034117 0.123435 0.000000
-0.122964 -0.008035 0.365303 1.000000
-0.217684 0.000930 0.663739 1.000000
-0.169289 0.011702 -0.150110 0.000000
0.071809 0.023729 0.144031 0.000000
-0.201163 -0.021605 0.212120 0.000000
0.168181 -0.028411 -0.110041 0.000000
-0.097874 0.000379 0.664775 1.000000
-0.289981 0.000115 -0.581816 1.000000
-0.270684 0.002076 0.093124 0.000000
0.557153 -0.006934 0.045543 0.000000
0.276494 -0.011692 -0.188945 0.000000
0.465869 -0.011582 0.072065 0.000000
0.240147 -0.007881 -0.240866 1.000000
-0.045954 -0.028257 0.225689 1.000000
-0.143670 0.007450 -0.307126 1.000000
-0.344258 0.000115 0.920741 1.000000
-0.185193 -0.006692 0.366823 1.000000
0.111635 0.025690 0.134030 0.000000
-0.250793 -0.013476 -0.221239 0.000000
0.215476 -0.000193 -0.303381 1.000000
0.409653 0.011790 0.014858 0.000000
-0.157724 0.009147 0.280143 1.000000
0.018302 -0.035813 -0.110922 0.000000
0.071566 0.000137 0.453041 1.000000
-0.001589 0.018641 0.197625 1.000000
-0.281279 0.000644 -0.527539 1.000000
0.406481 0.002428 0.015806 0.000000
0.485298 0.010116 0.047592 0.000000
-0.239801 0.000710 -0.441277 1.000000
0.166904 -0.020085 0.230227 0.000000
-0.324322 0.000622 0.140991 0.000000
-0.231628 -0.016648 -0.209564 0.000000
-0.250506 -0.012573 0.261441 1.000000
-0.002096 -0.020041 0.294989 1.000000
0.030814 0.014411 -0.242408 1.000000
0.277309 -0.025504 -0.004548 0.000000
0.241050 -0.022750 -0.114623 0.000000
-0.236783 0.000710 0.748482 1.000000
0.327709 -0.012793 0.171192 0.000000
0.527019 0.004829 0.088851 0.000000
-0.048487 0.000115 0.568248 1.000000
-0.126422 -0.014688 -0.292257 1.000000
0.336630 0.001415 -0.214300 1.000000
-0.222927 -0.018058 -0.204541 0.000000
0.533936 0.027188 0.032767 0.000000
-0.188035 -0.022618 -0.186060 0.000000
0.203867 -0.029711 0.051954 0.000000
-0.264714 0.000115 -0.508617 1.000000
-0.202375 0.000269 -0.766610 1.000000
0.185121 -0.015371 -0.228001 0.000000
-0.014277 0.021857 -0.095304 0.000000
-0.237025 0.000776 -0.686956 1.000000
-0.086221 0.001018 -0.539060 1.000000
-0.216451 0.000578 -0.747776 1.000000
-0.079348 -0.029909 -0.171874 0.000000
-0.239646 -0.002771 0.382507 1.000000
-0.296413 -0.008696 -0.123280 0.000000
-0.147327 -0.012397 -0.304395 1.000000
-0.000862 -0.024622 0.259370 1.000000
0.026475 0.012076 -0.265845 1.000000
-0.283923 0.000754 -0.654839 1.000000
0.292089 0.016548 -0.162666 0.000000
-0.162636 0.000115 -0.498065 1.000000
-0.139022 0.003199 0.382926 1.000000
0.232415 -0.009225 0.265824 1.000000
0.452564 0.058049 0.029287 0.000000
-0.063378 -0.011802 -0.320431 1.000000
0.149105 -0.024402 0.204190 0.000000
-0.157063 -0.024799 0.214631 1.000000
0.553276 -0.008718 0.020894 0.000000
-0.306678 -0.000546 0.220468 1.000000
0.344472 -0.007066 0.200930 0.000000
0.200871 -0.008784 0.290386 1.000000
0.014888 -0.030262 0.209190 0.000000
-0.189136 -0.012529 -0.290980 1.000000
-0.327538 0.000115 -0.871640 1.000000
0.232636 -0.028169 -0.009549 0.000000
-0.402390 0.000269 -0.788528 1.000000
-0.276565 0.000115 -0.507229 1.000000
-0.312141 0.000115 -0.711385 1.000000
-0.314322 0.000269 -0.871375 1.000000
0.439171 -0.009401 0.114800 0.000000
0.337643 0.006834 0.197713 0.000000
-0.194379 0.000952 -0.639992 1.000000
-0.305356 0.000886 -0.158569 0.000000
0.225454 -0.028345 -0.026598 0.000000
0.372778 -0.002837 -0.177755 0.000000
-0.193343 -0.006229 -0.342129 1.000000
-0.358664 -0.002132 0.038869 0.000000
-0.069149 0.017870 0.155221 0.000000
0.033810 0.005204 0.362660 1.000000
0.346234 0.008618 -0.142686 0.000000
0.260920 -0.025459 0.073299 0.000000
-0.233192 0.001128 0.538179 1.000000
0.042049 -0.037707 0.088388 0.000000
0.138818 0.030558 -0.054266 0.000000
0.004160 -0.016516 0.318251 1.000000
-0.154244 0.001172 -0.574040 1.000000
-0.070537 0.008970 -0.297125 1.000000
-0.140035 0.016152 0.079158 0.000000
-0.342628 0.000115 -0.883535 1.000000
0.490496 -0.012617 0.018779 0.000000
0.409851 0.021570 -0.025497 0.000000
-0.276698 0.001657 -0.016796 0.000000
-0.103425 -0.035284 -0.071227 0.000000
0.553629 -0.005348 -0.037723 0.000000
-0.236188 -0.021340 0.146652 0.000000
-0.125078 -0.029336 -0.153062 0.000000
-0.293527 0.003243 0.106231 0.000000
0.096480 -0.029270 -0.165530 0.000000
0.053944 0.001415 -0.373387 1.000000
-0.243876 0.000115 -0.785972 1.000000
-0.074260 -0.010062 -0.329661 1.000000
-0.214975 0.000115 0.775268 1.000000
-0.025423 -0.030262 -0.181808 0.000000
-0.386464 0.000115 -0.850779 1.000000
0.403662 0.009609 0.126827 0.000000
0.161970 0.013640 0.277477 1.000000
-0.033265 0.021637 -0.083255 0.000000
0.150801 0.033201 -0.029726 0.000000
-0.290884 0.000446 -0.230050 0.000000
0.213427 -0.027266 0.101605 0.000000
-0.373709 0.000291 0.837519 1.000000
-0.222993 0.000512 0.792119 1.000000
0.599800 -0.004313 -0.011267 0.000000
0.183139 -0.026253 -0.123830 0.000000
-0.121268 -0.025085 0.232628 1.000000
0.244795 -0.008762 0.260295 0.000000
-0.244449 0.000115 -0.769936 1.000000
-0.091794 0.017649 0.123347 0.000000
-0.356065 0.001393 0.017017 0.000000
-0.235637 0.009741 0.058981 0.000000
-0.044896 0.000115 0.424272 1.000000
0.665179 -0.000061 0.014153 0.000000
-0.269693 0.000820 0.559591 1.000000
-0.118955 0.000115 -0.623956 1.000000
0.131835 0.000424 -0.361910 1.000000
0.397362 0.008530 -0.116077 0.000000
-0.283174 0.000666 -0.240998 0.000000
-0.119021 0.001415 0.514059 1.000000
-0.095495 0.000600 0.624596 1.000000
0.213119 0.021042 0.202956 0.000000
0.302861 -0.007154 0.228773 1.000000
0.258761 0.027782 -0.107552 0.000000
0.007553 0.015050 0.264414 1.000000
0.017509 -0.001493 -0.377880 1.000000
0.304888 0.004741 0.239170 1.000000
-0.185369 0.000115 0.623142 1.000000
-0.209534 0.001040 0.619331 1.000000
-0.083137 0.001261 -0.501832 1.000000
0.002662 -0.004577 -0.361095 1.000000
0.085840 0.004455 0.370215 1.000000
-0.309475 0.000115 -0.668122 1.000000
-0.214468 0.000159 0.870451 1.000000
0.518296 -0.006956 -0.050477 0.000000
-0.253260 0.000115 0.855230 1.000000
-0.121245 0.007252 0.342063 1.000000
0.341322 0.006724 -0.169274 0.000000
0.393088 -0.017595 -0.028867 0.000000
-0.250418 0.000159 -0.858709 1.000000
-0.031283 0.000401 -0.554545 1.000000
0.078681 -0.003145 0.395856 1.000000
0.105027 -0.001515 -0.372770 1.000000
-0.248303 0.000115 -0.388982 1.000000
-0.326195 0.000490 -0.750860 1.000000
-0.076506 0.001833 0.399799 1.000000
-0.292007 0.000115 0.573358 1.000000
-0.174025 -0.026869 0.166279 0.000000
-0.004937 -0.039205 0.053209 0.000000
-0.038750 0.017627 0.187514 0.000000
-0.279209 -0.010282 0.133634 0.000000
0.012223 0.024765 0.097904 0.000000
0.291407 -0.015789 -0.145859 0.000000
0.497611 0.018949 0.023427 0.000000
0.068615 -0.006009 -0.352394 1.000000
0.151506 0.019434 0.219169 0.000000
0.087030 0.027276 -0.075897 0.000000
-0.032208 0.012957 -0.258466 1.000000
0.074981 -0.014864 -0.296178 1.000000
-0.229095 0.001503 -0.180597 0.000000
0.189945 0.001283 0.343738 1.000000
-0.079877 -0.030900 0.186898 0.000000
0.432915 0.061243 -0.003139 0.000000
0.082448 -0.026098 -0.205290 0.000000
-0.234228 -0.003960 -0.348539 1.000000
0.304932 -0.022221 -0.053891 0.000000
0.023721 -0.017882 0.308669 1.000000
-0.198608 0.001283 0.547189 1.000000
-0.197397 0.012759 -0.017699 0.000000
-0.157658 0.000115 0.632636 1.000000
0.115424 0.007076 -0.316400 1.000000
-0.132612 -0.031936 0.132841 0.000000
0.093550 -0.004291 -0.361161 1.000000
0.284820 0.017055 -0.168085 0.000000
0.041101 -0.025790 -0.218067 0.000000
0.439479 0.012076 0.074863 0.000000
0.212105 -0.027993 0.087859 0.000000
-0.256454 0.000401 -0.002830 0.000000
-0.235307 0.000952 0.403786 1.000000
-0.243237 0.000798 -0.674665 1.000000
-0.320556 0.000115 -0.824544 1.000000
-0.078643 0.000115 -0.513243 1.000000
0.402780 0.030161 0.058121 0.000000
-0.190524 0.001261 0.447402 1.000000
-0.103006 -0.027839 0.214455 0.000000
-0.064920 0.001767 0.410901 1.000000
-0.123933 -0.003718 0.391935 1.000000
-0.218389 -0.025459 0.094864 0.000000
-0.209468 -0.023367 -0.142422 0.000000
-0.001677 0.000115 -0.459913 1.000000
0.444898 -0.003938 0.148349 0.000000
-0.142701 0.000820 -0.632393 1.000000
-0.018000 0.018090 -0.168327 1.000000
0.458754 -0.014622 0.015629 0.000000
-0.251916 0.001393 -0.084731 0.000000
0.342115 0.036505 0.014550 0.000000
-0.361792 0.000247 -0.830425 1.000000
-0.174620 -0.022596 -0.198506 0.000000
0.042577 0.027166 0.073233 0.000000
0.433223 0.000842 0.030608 0.000000
-0.102147 0.001613 0.453812 1.000000
-0.041107 0.000578 -0.530249 1.000000
0.292354 0.033708 -0.054552 0.000000
0.104036 -0.007242 -0.339750 1.000000
-0.017846 0.001613 -0.378409 1.000000
-0.271433 0.000490 -0.289041 1.000000
0.297596 0.036087 0.039728 0.000000
-0.151005 0.000115 -0.390480 1.000000
0.437805 0.007318 0.130616 0.000000
0.413046 0.009543 -0.095150 0.000000
-0.247841 0.000754 0.726277 1.000000
0.199924 0.028025 0.138238 0.000000
0.343877 0.066728 0.008382 0.000000
-0.085516 -0.037883 0.020409 0.000000
0.001297 0.000115 -0.506767 1.000000
-0.025578 -0.027530 -0.206964 0.000000
0.064870 -0.012903 0.338803 1.000000
-0.095693 -0.031892 0.166786 0.000000
0.098639 0.024434 -0.124756 0.000000
0.239376 -0.010172 -0.226591 0.000000
0.390687 0.006547 -0.009615 0.000000
0.051763 0.014610 -0.240381 1.000000
-0.125893 0.010094 0.287236 1.000000
-0.102610 0.001745 -0.394908 1.000000
0.148290 -0.020569 -0.213198 0.000000
-0.202133 -0.028257 -0.011730 0.000000
0.296715 -0.010921 -0.179958 0.000000
0.563872 0.003904 0.069554 0.000000
0.487655 0.050802 0.028802 0.000000
0.452454 0.021482 0.044795 0.000000
0.072910 0.010402 0.310255 1.000000
-0.004078 0.023134 -0.086229 0.000000
-0.066131 -0.038104 -0.031423 0.000000
0.448731 0.062014 0.011466 0.000000
0.341454 -0.021296 0.049597 0.000000
-0.337077 0.000137 -0.905761 1.000000
-0.005466 0.000820 0.488748 1.000000
0.318655 0.061199 -0.002786 0.000000
0.424104 0.002406 -0.009615 0.000000
-0.288835 0.000578 -0.537672 1.000000
0.447101 0.002582 -0.130835 0.000000
-0.171051 -0.008212 -0.330234 1.000000
-0.065581 0.000115 0.422069 1.000000
0.012509 0.000556 0.495533 1.000000
0.467631 -0.000810 0.150838 0.000000
-0.309850 0.000313 0.880474 1.000000
0.162190 0.023267 0.180598 0.000000
-0.304739 0.000115 0.589395 1.000000
-0.220768 -0.026319 0.011224 0.000000
0.075553 -0.007969 0.368629 1.000000
-0.183585 0.000203 -0.794652 1.000000
-0.395032 0.000137 0.894440 1.000000
-0.145851 0.007274 0.336446 1.000000
0.295680 -0.023807 0.059950 0.000000
-0.007360 -0.028345 0.227738 1.000000
-0.274737 0.000115 0.905167 1.000000
0.016937 0.012363 0.290562 1.000000
0.212590 -0.008740 -0.255096 1.000000
0.090665 0.013839 0.275671 1.000000
-0.233060 0.010050 -0.025563 0.000000
