0.104201 0.070727 -0.027281 0.000000
0.472150 0.016167 0.156243 0.000000
0.594172 0.006091 0.169822 0.000000
-0.010816 0.057988 0.014438 0.000000
0.052796 -0.153881 -0.236036 1.000000
-0.011083 -0.012853 0.528227 1.000000
0.115342 -0.026493 -0.319903 1.000000
0.459534 0.088217 -0.029247 0.000000
-0.463411 0.166288 0.201710 2.000000
-0.348557 0.003367 -0.072829 0.000000
0.020416 0.000397 0.216845 1.000000
0.087755 -0.005173 -0.294610 1.000000
-0.447518 0.153836 0.201095 2.000000
0.160071 -0.004108 0.176458 1.000000
0.307038 0.010515 0.170068 0.000000
-0.043380 -0.008757 -0.517866 1.000000
0.173773 -0.013140 0.255798 1.000000
-0.457185 -0.000790 -0.114178 2.000000
-0.003054 -0.034665 -0.298296 1.000000
-0.374035 -0.066348 -0.002602 0.000000
-0.144921 -0.010252 0.394839 1.000000
-0.077725 -0.028562 -0.536298 1.000000
0.058960 -0.010478 0.393528 1.000000
-0.135275 -0.005419 0.189483 1.000000
0.085585 -0.149498 0.194624 1.000000
0.049252 -0.027947 -0.401497 1.000000
0.058039 -0.027906 -0.388553 1.000000
-0.145126 -0.013365 0.493247 1.000000
-0.378253 -0.010375 -0.067340 0.000000
-0.454256 -0.021045 0.136869 2.000000
-0.129090 0.013484 -0.066070 0.000000
0.577501 -0.049861 0.096441 0.000000
-0.360538 0.054732 -0.011572 0.000000
-0.508570 -0.015802 0.364508 2.000000
-0.107688 -0.009535 0.483724 1.000000
-0.368177 -0.069154 -0.007763 0.000000
0.214672 0.042177 0.028795 0.000000
-0.497019 -0.017195 0.289017 2.000000
-0.065683 -0.029524 -0.502383 1.000000
0.133816 -0.021598 0.331330 1.000000
0.450359 -0.019264 0.162388 1.000000
-0.337682 -0.072656 -0.006841 0.000000
-0.410530 -0.014062 0.034263 0.000000
-0.101114 -0.029524 0.426829 1.000000
0.172052 0.004473 -0.199151 1.000000
0.316377 -0.066921 -0.041883 0.000000
0.766350 -0.074745 0.001761 0.000000
0.564332 -0.075277 0.002559 0.000000
0.208098 0.031466 -0.058390 0.000000
0.435327 -0.048182 0.040919 0.000000
0.780481 -0.070669 0.009052 0.000000
0.061356 0.019813 -0.089684 0.000000
0.464798 -0.060531 -0.050055 0.000000
0.121978 -0.031306 -0.236016 1.000000
0.493491 -0.053077 0.099902 0.000000
0.024103 -0.003494 -0.334956 1.000000
0.957452 -0.001753 0.013762 0.000000
0.532014 0.033658 0.104428 0.000000
-0.074182 -0.002408 -0.306366 1.000000
0.197673 -0.065160 -0.045242 0.000000
0.079911 0.019506 -0.087267 0.000000
-0.084054 0.017253 0.165173 0.000000
0.949485 -0.051909 0.006840 0.000000
-0.457881 -0.018977 -0.326232 2.000000
0.090213 -0.045315 -0.061995 0.000000
0.382651 0.021042 0.146904 0.000000
-0.091468 -0.010785 -0.584140 1.000000
-0.434042 0.038225 0.148871 2.000000
-0.412947 -0.017584 0.275889 2.000000
-0.022183 -0.008757 0.475921 1.000000
0.064469 -0.125720 0.190753 1.000000
-0.088068 -0.029197 -0.490873 1.000000
0.320760 -0.039089 -0.174718 0.000000
-0.020647 -0.000995 -0.297477 1.000000
-0.383988 0.122460 0.183626 2.000000
-0.350359 0.047953 0.160503 2.000000
-0.162575 -0.027865 -0.284534 1.000000
-0.071684 -0.000770 0.217500 1.000000
0.585836 -0.069440 0.015278 0.000000
0.467931 -0.063030 0.026808 0.000000
0.934657 -0.050271 0.016957 0.000000
-0.294981 -0.024425 -0.079382 0.000000
-0.408667 0.000090 0.080548 2.000000
0.530560 -0.051643 -0.155282 0.000000
-0.095461 -0.040584 -0.056178 0.000000
-0.163333 -0.065426 -0.037111 0.000000
0.171848 -0.031634 0.160749 1.000000
-0.539003 -0.005951 -0.140557 2.000000
-0.104104 -0.002429 -0.238555 1.000000
0.267409 -0.044004 -0.108198 0.000000
-0.335347 0.104212 -0.196939 2.000000
0.664481 -0.048591 0.055050 0.000000
-0.019479 -0.031531 0.393201 1.000000
-0.190429 -0.055657 -0.167796 0.000000
-0.020626 -0.008757 -0.495522 1.000000
0.106229 0.016761 0.159049 0.000000
-0.486430 0.140790 -0.213221 2.000000
0.403398 -0.059835 -0.051365 0.000000
0.318036 -0.040829 0.059863 0.000000
-0.397628 0.189062 0.214776 2.000000
-0.434288 -0.001548 0.216722 2.000000
-0.112542 -0.011461 -0.563066 1.000000
0.083168 -0.046666 -0.232063 1.000000
-0.287300 0.017212 0.174717 0.000000
-0.022961 -0.014021 0.562081 1.000000
0.171643 -0.016007 -0.309131 1.000000
0.574163 0.022352 0.140351 0.000000
0.590977 -0.011235 -0.181415 0.000000
0.107232 -0.008491 -0.317425 1.000000
-0.496630 -0.018567 -0.200134 2.000000
0.305113 -0.076588 -0.020522 0.000000
0.254608 0.009839 -0.192925 0.000000
-0.422696 -0.003801 0.280375 2.000000
-0.259754 -0.027968 0.066990 0.000000
0.034978 0.028968 -0.052881 0.000000
0.004257 -0.005091 0.368460 1.000000
-0.261188 0.054752 0.160237 2.000000
-0.322260 0.048219 -0.181579 2.000000
-0.280276 0.027309 -0.144203 0.000000
0.055376 -0.093935 0.194972 1.000000
-0.512748 0.227852 0.227105 2.000000
-0.325681 -0.037450 -0.181518 0.000000
-0.083460 -0.001139 -0.248836 1.000000
0.121425 -0.051950 -0.162225 0.000000
-0.347062 -0.001282 0.170621 2.000000
-0.362443 -0.017830 -0.231899 2.000000
-0.108835 -0.007467 0.403175 1.000000
-0.132899 -0.025940 0.470923 1.000000
-0.166221 0.033780 0.033997 0.000000
-0.105333 -0.032863 0.206338 1.000000
-0.003382 0.000377 0.231939 1.000000
-0.414811 -0.007958 -0.054171 0.000000
0.375012 -0.051520 -0.060090 0.000000
0.003479 -0.016970 -0.572159 1.000000
-0.159954 -0.011112 -0.388574 1.000000
0.541067 -0.039805 -0.170950 0.000000
-0.523438 -0.013509 -0.355908 2.000000
0.101354 -0.039478 -0.067688 0.000000
-0.351527 0.194080 -0.234029 2.000000
-0.307351 -0.009617 -0.072542 0.000000
-0.036028 -0.032146 0.424249 1.000000
-0.569109 -0.012505 0.136746 2.000000
0.350723 0.019362 0.150816 0.000000
-0.038280 0.018052 0.037130 0.000000
-0.397976 0.016515 -0.176561 2.000000
-0.419071 -0.021844 -0.109222 2.000000
-0.152376 -0.023093 0.490953 1.000000
-0.413582 0.000029 0.120894 2.000000
0.027851 -0.112490 0.197839 1.000000
0.033626 -0.008245 -0.417533 1.000000
-0.143897 -0.048387 -0.053864 0.000000
-0.041578 -0.006463 0.435124 1.000000
-0.374895 0.208785 0.220244 2.000000
-0.542444 0.252899 -0.259630 2.000000
-0.563805 -0.010416 -0.214675 2.000000
0.048618 -0.044413 0.186042 1.000000
0.439853 0.031548 -0.095971 0.000000
0.092466 -0.150112 -0.231264 1.000000
-0.010611 -0.004661 0.373294 1.000000
0.142786 -0.047117 -0.123067 0.000000
0.423940 -0.053773 0.035881 0.000000
0.591776 -0.043164 -0.142359 0.000000
-0.308989 0.053380 0.009953 0.000000
-0.460953 -0.002961 0.232983 2.000000
-0.098902 -0.003002 -0.205746 1.000000
-0.083009 -0.034480 -0.334424 1.000000
0.301508 0.083711 0.001986 0.000000
0.203920 -0.015536 0.235809 1.000000
0.816219 0.003429 -0.071231 0.000000
-0.087638 -0.027497 0.553889 1.000000
-0.400208 0.133007 -0.208838 2.000000
-0.167634 -0.028009 0.212278 1.000000
-0.366293 0.155802 0.201525 2.000000
-0.107053 0.047011 -0.046532 0.000000
-0.087802 -0.003535 0.307122 1.000000
-0.104473 -0.029033 0.438196 1.000000
-0.058822 -0.033928 0.351318 1.000000
-0.136606 -0.028685 -0.352631 1.000000
-0.136238 -0.024056 -0.561305 1.000000
-0.425256 -0.000627 -0.226165 2.000000
-0.396891 -0.021906 0.146024 2.000000
-0.022654 -0.007037 -0.458350 1.000000
-0.194955 -0.007160 -0.198271 1.000000
-0.343580 0.051885 0.011120 0.000000
0.714105 -0.153696 -0.018044 0.000000
-0.463226 -0.001077 0.133940 2.000000
-0.438097 -0.021598 0.115529 2.000000
0.165785 -0.021721 0.278572 1.000000
0.664440 0.094566 -0.038401 0.000000
-0.442275 -0.018977 -0.272245 2.000000
-0.050036 -0.002285 -0.326928 1.000000
0.141086 -0.053691 -0.141888 0.000000
0.307673 0.086988 -0.019027 0.000000
-0.422491 0.061101 0.161855 2.000000
0.491893 0.033678 0.072418 0.000000
-0.449341 0.083527 0.169556 2.000000
-0.345669 -0.028111 -0.070986 0.000000
0.037783 -0.037573 -0.100887 0.000000
-0.214882 -0.022643 -0.241464 1.000000
0.390536 -0.077694 -0.018105 0.000000
0.077126 -0.047997 -0.128719 0.000000
-0.348475 -0.011235 0.068690 2.000000
-0.435168 -0.021701 -0.109652 2.000000
0.302471 -0.049083 -0.062875 0.000000
-0.437872 -0.018506 -0.321951 2.000000
-0.535399 -0.010887 0.098038 2.000000
-0.056876 -0.030671 -0.458964 1.000000
-0.388227 0.032511 -0.043870 0.000000
-0.120796 -0.031839 -0.225858 1.000000
-0.139105 0.020202 0.080241 0.000000
-0.026873 -0.000012 0.242199 1.000000
-0.188483 -0.019325 0.441247 1.000000
-0.399389 -0.004702 -0.280008 2.000000
0.965459 -0.038105 0.020602 0.000000
-0.175109 -0.051684 0.130561 0.000000
-0.194566 -0.010723 0.212175 1.000000
-0.004058 -0.036262 0.213404 1.000000
-0.357998 -0.009986 -0.281154 2.000000
-0.206342 -0.021230 -0.326027 1.000000
-0.388023 -0.014246 -0.306878 2.000000
-0.039509 -0.000913 0.265956 1.000000
-0.273865 0.053257 0.155056 2.000000
-0.512256 -0.015761 -0.299648 2.000000
-0.076456 -0.005173 -0.401189 1.000000
-0.114058 -0.027701 0.468179 1.000000
-0.033652 -0.037942 0.084542 0.000000
0.125439 -0.012833 -0.345237 1.000000
-0.063184 -0.006463 -0.456363 1.000000
0.956796 -0.052012 -0.022222 0.000000
0.584034 0.028456 -0.142421 0.000000
0.706855 -0.146631 -0.016405 0.000000
-0.332582 0.007729 -0.071600 0.000000
0.004995 -0.029483 0.418309 1.000000
-0.155305 0.009757 0.176785 0.000000
-0.352203 0.064398 -0.187887 2.000000
-0.094560 0.011457 0.172484 0.000000
-0.064700 0.018604 0.068547 0.000000
-0.076886 -0.030937 -0.429575 1.000000
0.067316 -0.012546 0.405817 1.000000
-0.390808 -0.021598 0.197061 2.000000
-0.396440 -0.017441 -0.097057 2.000000
0.213648 -0.015106 -0.241771 1.000000
0.679984 0.058623 -0.061954 0.000000
0.653135 0.052827 -0.068897 0.000000
-0.387552 0.044328 -0.016037 0.000000
0.428445 -0.054858 -0.131382 0.000000
-0.422593 -0.003248 0.250105 2.000000
0.093715 -0.016192 0.405632 1.000000
-0.496241 0.218922 0.226552 2.000000
0.426582 -0.028132 0.157718 0.000000
0.484111 0.096921 -0.025253 0.000000
0.086527 -0.021209 0.411694 1.000000
0.056666 -0.024629 -0.440512 1.000000
0.036841 -0.097642 0.201894 1.000000
0.165990 -0.022377 -0.291825 1.000000
-0.505416 -0.015802 0.376489 2.000000
0.781219 -0.063726 0.022569 0.000000
-0.058884 0.036566 -0.050792 0.000000
-0.558173 -0.011235 -0.252461 2.000000
-0.170501 -0.018383 -0.540927 1.000000
-0.345997 0.091207 0.177400 2.000000
-0.451348 0.132557 -0.212525 2.000000
-0.363569 0.077096 0.164907 2.000000
0.740913 -0.125085 0.003174 0.000000
-0.523336 0.243458 0.233557 2.000000
-0.057757 -0.034542 -0.291845 1.000000
0.158802 -0.010088 0.241523 1.000000
0.394243 0.030135 0.068178 0.000000
-0.152212 -0.025613 -0.424578 1.000000
-0.233396 -0.033436 -0.188502 0.000000
0.458715 -0.051049 -0.159645 0.000000
0.088677 -0.002695 0.226450 1.000000
-0.015117 -0.032740 -0.370653 1.000000
0.075877 -0.050148 0.114095 0.000000
-0.253406 0.041276 -0.170970 2.000000
-0.207755 0.012276 -0.197083 0.000000
-0.164808 0.031425 -0.174759 0.000000
-0.177546 0.015020 0.171911 0.000000
-0.244271 0.054445 0.158578 2.000000
-0.085774 0.074966 -0.020747 0.000000
-0.517171 -0.015516 0.250740 2.000000
0.410074 -0.050148 0.097977 0.000000
-0.473774 -0.020226 0.134514 2.000000
-0.108569 -0.003084 -0.267474 1.000000
0.584956 0.055182 -0.064903 0.000000
0.478008 0.045167 0.039096 0.000000
0.060025 -0.063726 -0.219836 1.000000
-0.495135 -0.017257 -0.284063 2.000000
0.195584 -0.021516 0.233352 1.000000
0.443765 0.031589 0.077312 0.000000
-0.410981 0.179784 0.211848 2.000000
-0.097407 0.015225 0.052695 0.000000
-0.275709 -0.051582 0.158292 0.000000
-0.257583 -0.040113 0.041759 0.000000
-0.106971 -0.010457 0.521817 1.000000
0.204206 -0.018403 0.254139 1.000000
-0.337621 -0.000749 -0.072931 0.000000
0.759878 -0.034747 -0.068835 0.000000
-0.402379 -0.031163 0.157820 0.000000
0.504386 -0.017584 0.162613 0.000000
-0.120611 -0.028418 -0.433487 1.000000
0.581249 -0.072410 -0.029656 0.000000
-0.244353 0.019465 0.081327 0.000000
-0.400516 0.000070 0.115713 2.000000
-0.266656 0.023868 0.105043 0.000000
-0.084156 0.031630 0.136378 0.000000
-0.450528 -0.000790 0.177215 2.000000
0.033626 -0.036037 -0.206483 1.000000
-0.265305 0.031384 0.158660 0.000000
0.013453 0.019710 0.158025 0.000000
-0.302743 -0.045417 -0.181927 0.000000
0.024553 -0.008122 0.405366 1.000000
-0.008031 -0.024466 0.529313 1.000000
-0.401314 0.142715 0.197655 2.000000
0.021051 0.033760 0.142788 0.000000
-0.513690 -0.015700 -0.289121 2.000000
0.580041 0.032531 -0.134147 0.000000
0.557144 0.013505 0.160974 0.000000
0.486855 -0.003658 0.170395 0.000000
-0.151823 -0.025879 -0.416755 1.000000
-0.100377 -0.032289 -0.309028 1.000000
-0.305548 0.144435 -0.213549 2.000000
-0.277695 0.113264 -0.200687 2.000000
0.025741 -0.039642 -0.107338 0.000000
-0.356114 -0.050086 0.038195 0.000000
-0.134620 -0.047649 -0.137915 0.000000
-0.073773 0.017785 0.164128 0.000000
-0.277531 0.018195 0.173222 0.000000
0.833464 -0.006381 -0.073791 0.000000
0.287213 -0.053486 -0.151248 0.000000
-0.021568 -0.028664 -0.495051 1.000000
0.738661 -0.046195 0.038912 0.000000
-0.452863 -0.019407 0.227904 2.000000
0.614345 0.039023 0.059904 0.000000
-0.037850 0.004821 -0.201670 1.000000
0.182968 -0.028603 -0.204722 1.000000
-0.125158 -0.030302 0.307286 1.000000
-0.318492 -0.069215 0.009645 0.000000
0.375012 -0.055268 0.120423 0.000000
-0.458372 0.220807 -0.245068 2.000000
-0.039468 -0.033047 0.039485 0.000000
0.090500 -0.112777 -0.235279 1.000000
-0.382677 -0.052974 0.144201 0.000000
0.615164 -0.073229 -0.027711 0.000000
0.632450 0.043857 0.056709 0.000000
-0.398181 0.038982 -0.024577 0.000000
0.187576 -0.020267 -0.280868 1.000000
0.111738 -0.020226 0.381752 1.000000
0.228865 -0.021619 0.201136 1.000000
-0.544676 -0.014758 -0.175353 2.000000
0.139161 -0.015966 -0.356911 1.000000
-0.006188 -0.002204 0.304337 1.000000
0.078416 -0.009187 -0.367970 1.000000
-0.091038 -0.002204 0.195709 1.000000
-0.185964 0.031282 -0.160198 0.000000
-0.176297 -0.026637 -0.271017 1.000000
-0.043933 -0.072553 -0.020522 0.000000
-0.116187 0.052233 -0.040695 0.000000
-0.383333 -0.053302 0.157042 0.000000
-0.462858 -0.003064 -0.281748 2.000000
-0.318717 0.037876 -0.169578 2.000000
0.138526 -0.057971 0.030925 0.000000
0.379313 -0.031879 0.156203 0.000000
-0.024702 -0.033661 0.041492 0.000000
0.086506 -0.145545 0.215165 1.000000
0.197694 -0.045581 0.044790 0.000000
0.421871 -0.017257 0.163801 0.000000
-0.521923 -0.013427 -0.371759 2.000000
-0.460912 0.218513 0.223255 2.000000
-0.395744 -0.023442 -0.179511 0.000000
-0.172795 0.018523 0.073196 0.000000
-0.500500 -0.004825 0.329855 2.000000
-0.444958 -0.003699 0.328053 2.000000
-0.073691 -0.032330 0.346772 1.000000
-0.168904 -0.009802 0.297025 1.000000
0.342797 -0.051500 -0.125955 0.000000
0.505431 0.105113 -0.002417 0.000000
0.584096 0.010761 -0.121265 0.000000
-0.372089 -0.021455 0.192678 2.000000
-0.418723 -0.004927 0.300404 2.000000
-0.356667 -0.020963 -0.194216 2.000000
-0.436704 -0.010129 0.374809 2.000000
-0.425542 0.123341 0.183994 2.000000
-0.080429 -0.001302 0.205826 1.000000
-0.344891 0.032142 0.038461 0.000000
0.797111 -0.041157 -0.063858 0.000000
0.125972 -0.035730 -0.180125 0.000000
0.298109 0.029070 -0.126200 0.000000
0.384105 0.060855 0.020500 0.000000
-0.053825 0.080148 -0.016283 0.000000
-0.076558 -0.034542 0.076882 0.000000
0.069221 -0.102741 -0.212504 1.000000
-0.081166 -0.030896 0.400246 1.000000
-0.164910 -0.007651 -0.266060 1.000000
-0.203843 -0.012034 0.241708 1.000000
0.035203 0.078100 -0.019703 0.000000
0.610720 -0.052810 0.068281 0.000000
-0.294714 0.108021 0.180328 2.000000
0.399015 0.032367 -0.138509 0.000000
-0.021261 -0.024445 -0.573081 1.000000
0.621206 -0.053118 0.070984 0.000000
-0.224835 0.019301 0.169576 0.000000
-0.252750 0.041583 0.150263 2.000000
-0.064127 0.031630 -0.156245 0.000000
-0.276671 -0.033989 0.084952 0.000000
-0.533453 -0.015782 -0.174739 2.000000
-0.021343 -0.029094 0.462035 1.000000
-0.405984 0.166472 -0.222642 2.000000
0.734585 -0.063829 -0.043030 0.000000
0.073440 -0.027067 -0.378743 1.000000
-0.495114 -0.002634 -0.146537 2.000000
-0.185513 -0.040072 0.163985 0.000000
-0.362914 0.115333 0.186780 2.000000
0.084253 -0.053466 0.033587 0.000000
-0.157701 0.021021 -0.106089 0.000000
-0.030375 -0.003432 0.394020 1.000000
0.785519 -0.053671 0.031867 0.000000
0.198595 -0.022315 0.222333 1.000000
0.348756 0.027800 0.079934 0.000000
0.917105 -0.006013 -0.049870 0.000000
0.905104 -0.061002 0.004239 0.000000
0.008742 -0.008245 -0.447782 1.000000
0.508503 0.059606 0.031006 0.000000
-0.011533 -0.047936 0.111965 0.000000
0.043149 -0.002593 -0.297682 1.000000
-0.305016 -0.072615 -0.005858 0.000000
-0.144696 -0.056067 0.141580 0.000000
-0.300920 0.002343 -0.079710 2.000000
0.972054 -0.049308 -0.002028 0.000000
0.763012 -0.059528 -0.047617 0.000000
-0.336699 -0.011440 -0.252830 2.000000
-0.002645 -0.005276 0.378619 1.000000
-0.194750 -0.022008 -0.353122 1.000000
-0.272821 0.108554 0.177891 2.000000
0.295876 -0.066614 0.021913 0.000000
-0.274398 -0.054305 0.142829 0.000000
0.736510 -0.023995 0.056853 0.000000
0.417632 -0.046830 -0.063346 0.000000
0.201790 -0.036221 -0.085055 0.000000
-0.258014 0.063067 -0.179961 2.000000
-0.438261 -0.015372 0.356131 2.000000
0.030759 -0.013365 -0.492224 1.000000
-0.041066 -0.004600 -0.404937 1.000000
-0.032874 -0.002634 -0.345360 1.000000
-0.319332 0.014631 0.173406 0.000000
0.344148 0.056309 0.022200 0.000000
0.393465 0.047523 -0.051939 0.000000
0.253195 -0.076383 0.000327 0.000000
-0.358613 0.023213 0.045343 0.000000
-0.053682 -0.030692 0.438462 1.000000
-0.412230 -0.003617 -0.269460 2.000000
-0.144245 -0.029831 -0.270546 1.000000
-0.462120 0.081602 0.166770 2.000000
-0.178325 0.018174 0.041656 0.000000
-0.370737 0.181280 0.210680 2.000000
-0.429106 0.105584 0.176662 2.000000
0.092527 -0.048428 -0.129191 0.000000
-0.382309 -0.062334 -0.025130 0.000000
-0.345034 -0.047281 -0.060868 0.000000
-0.457778 -0.020882 0.166013 2.000000
-0.227150 0.016249 -0.084871 0.000000
-0.482498 -0.003555 -0.337823 2.000000
0.841574 -0.013324 -0.074467 0.000000
-0.382472 -0.021762 -0.135498 2.000000
-0.388760 -0.021824 0.122574 2.000000
-0.179820 -0.026780 -0.236815 1.000000
0.640703 0.055346 -0.067852 0.000000
0.091176 -0.037389 0.200891 1.000000
0.180183 0.038511 -0.051202 0.000000
0.087162 -0.100058 0.209759 1.000000
0.735056 -0.131045 -0.004076 0.000000
-0.388903 0.123054 -0.204722 2.000000
-0.192722 -0.014942 0.354862 1.000000
-0.135316 -0.050291 0.124642 0.000000
0.112864 -0.010887 0.318734 1.000000
0.410914 0.029193 0.129435 0.000000
-0.471889 0.158546 -0.219365 2.000000
-0.180680 -0.047383 0.118560 0.000000
0.671833 -0.005992 0.071312 0.000000
0.077536 -0.050517 -0.170172 0.000000
0.023099 -0.122464 0.200256 1.000000
-0.360436 0.063026 -0.187252 2.000000
-0.207509 0.075826 -0.017225 0.000000
0.241685 -0.050824 -0.061339 0.000000
-0.081781 -0.044700 -0.054151 0.000000
-0.393429 0.149986 -0.215843 2.000000
-0.079036 -0.008040 0.479750 1.000000
-0.340488 0.080783 0.166422 2.000000
-0.530094 -0.005931 -0.185122 2.000000
0.905575 0.012297 -0.033670 0.000000
0.209982 -0.026841 0.177850 1.000000
0.487900 -0.048940 0.065741 0.000000
-0.264956 -0.036385 0.091239 0.000000
0.679288 -0.074540 0.002088 0.000000
-0.171505 -0.027701 0.231181 1.000000
0.185324 -0.038228 0.051282 0.000000
-0.501873 -0.016970 -0.345565 2.000000
-0.110924 -0.050476 0.153438 0.000000
-0.139904 -0.026063 -0.457080 1.000000
0.030636 -0.006894 0.374953 1.000000
-0.512625 -0.004784 -0.221372 2.000000
0.608283 0.096634 0.015953 0.000000
-0.266472 -0.043697 -0.133020 0.000000
0.542766 0.046028 0.046182 0.000000
0.860436 0.012051 -0.046327 0.000000
0.132607 -0.032494 0.182663 1.000000
-0.177874 -0.010990 -0.321931 1.000000
-0.234830 -0.018117 -0.296105 1.000000
0.077659 -0.153184 0.194071 1.000000
0.031619 -0.031839 -0.351074 1.000000
-0.091324 -0.031613 0.347489 1.000000
-0.494971 -0.018096 0.371225 2.000000
-0.242080 -0.018731 0.193313 1.000000
-0.167859 -0.008921 0.274579 1.000000
0.504038 0.032306 -0.131116 0.000000
-0.502323 -0.002961 0.104797 2.000000
-0.273435 -0.072205 -0.018720 0.000000
0.326126 -0.046953 -0.171462 0.000000
0.008845 0.022086 0.035799 0.000000
0.115506 -0.010969 -0.336656 1.000000
0.865557 0.045843 -0.010712 0.000000
0.050829 -0.083838 -0.215023 1.000000
0.615246 -0.044618 0.079033 0.000000
0.014129 0.000479 -0.238064 1.000000
0.652193 -0.042898 -0.082434 0.000000
-0.048684 -0.002613 -0.377596 1.000000
-0.006044 0.082462 -0.012514 0.000000
0.161833 0.023213 -0.102484 0.000000
-0.401560 -0.021230 -0.223769 2.000000
-0.439899 0.247329 -0.256005 2.000000
-0.338624 -0.021271 -0.113503 2.000000
-0.520592 -0.005009 0.167917 2.000000
-0.012496 0.031691 0.133347 0.000000
-0.458905 0.248783 0.238697 2.000000
0.051321 0.029418 0.118703 0.000000
-0.391054 0.129198 0.186411 2.000000
0.000427 0.016782 -0.076925 0.000000
0.270563 -0.013468 0.168798 1.000000
-0.341102 0.010535 -0.120056 2.000000
0.364014 -0.068703 0.016793 0.000000
0.284735 0.028968 -0.156409 0.000000
-0.221272 -0.041321 0.039895 0.000000
-0.212424 -0.056865 -0.047945 0.000000
0.425353 0.032265 -0.136707 0.000000
-0.055259 -0.000770 0.187394 1.000000
-0.235956 -0.050885 0.033915 0.000000
-0.273906 -0.050312 -0.181313 0.000000
0.632245 0.004965 0.077681 0.000000
-0.065765 0.041256 0.027791 0.000000
-0.377557 -0.002736 0.210844 2.000000
-0.022756 -0.035853 0.185428 1.000000
0.291637 -0.026698 -0.180842 0.000000
0.830412 0.020857 -0.051242 0.000000
-0.164029 -0.045151 0.036106 0.000000
-0.278084 0.051393 -0.037746 0.000000
0.081960 -0.036119 0.053903 0.000000
0.338168 -0.055104 0.115590 0.000000
-0.252115 -0.051356 0.133347 0.000000
-0.136238 -0.026063 0.450443 1.000000
0.999743 -0.002695 -0.022488 0.000000
0.978854 -0.046973 -0.020563 0.000000
-0.435230 -0.018588 -0.308045 2.000000
-0.280603 -0.033518 -0.066234 0.000000
-0.449054 0.180645 0.207629 2.000000
0.022956 -0.030978 0.360965 1.000000
-0.186476 -0.046339 -0.136666 0.000000
0.077474 -0.023401 0.402232 1.000000
-0.312901 0.040027 0.031846 0.000000
0.100515 -0.001098 0.181639 1.000000
0.477107 -0.053814 0.124806 0.000000
0.053512 -0.002326 -0.282301 1.000000
0.449704 0.020386 -0.168390 0.000000
-0.388555 -0.008614 0.293195 2.000000
0.049519 -0.031552 0.309457 1.000000
0.409542 -0.064034 -0.046983 0.000000
-0.193808 0.023213 -0.119094 0.000000
-0.415098 -0.021885 0.105268 2.000000
-0.064557 -0.010539 0.556674 1.000000
0.493245 -0.056026 -0.131587 0.000000
-0.144962 -0.010457 -0.422591 1.000000
0.460046 0.065689 -0.042805 0.000000
0.082943 -0.033211 0.226880 1.000000
-0.377352 -0.016376 0.231693 2.000000
-0.343191 -0.022622 0.051487 0.000000
-0.098144 -0.009617 -0.528352 1.000000
-0.417064 -0.012730 -0.363403 2.000000
-0.306757 0.025465 0.115140 0.000000
0.463671 -0.052647 -0.151739 0.000000
-0.405410 0.193097 0.216538 2.000000
-0.241179 -0.017359 -0.262579 1.000000
0.165703 0.028763 -0.130849 0.000000
-0.357364 0.031609 -0.167509 2.000000
-0.224651 -0.015577 -0.277099 1.000000
0.239023 -0.041976 -0.070228 0.000000
-0.230242 0.033780 -0.171585 2.000000
0.123739 0.008200 -0.197881 0.000000
0.207524 -0.011051 -0.221598 1.000000
0.167874 -0.024199 0.245783 1.000000
-0.464127 -0.001220 -0.181661 2.000000
-0.354599 0.087275 -0.196837 2.000000
-0.559217 -0.013775 -0.151883 2.000000
-0.302210 0.043529 -0.048334 0.000000
0.517248 0.019526 -0.169496 0.000000
-0.090812 -0.067249 0.010710 0.000000
0.383532 -0.074909 0.003297 0.000000
-0.101012 0.060343 0.007618 0.000000
0.250267 -0.047465 0.044052 0.000000
0.581187 0.065586 -0.055584 0.000000
-0.293014 -0.061433 -0.044525 0.000000
-0.068796 -0.046154 -0.179961 0.000000
0.113008 0.021881 -0.097897 0.000000
0.028547 -0.111671 0.211929 1.000000
-0.044609 -0.024199 0.563720 1.000000
-0.089338 -0.005276 0.366023 1.000000
0.118292 -0.072164 0.001761 0.000000
0.062257 -0.061330 -0.046512 0.000000
-0.392098 0.023438 -0.171708 2.000000
-0.335573 -0.047813 -0.148073 0.000000
0.336673 -0.075134 0.002785 0.000000
-0.395539 0.043795 -0.177217 2.000000
-0.562904 -0.010867 -0.234193 2.000000
-0.520059 -0.014492 0.294895 2.000000
-0.515000 0.201944 0.217951 2.000000
-0.018783 0.030155 -0.146640 0.000000
0.123494 -0.002142 0.182213 1.000000
-0.428963 0.166534 -0.222663 2.000000
-0.526592 -0.007221 -0.265548 2.000000
-0.267148 0.082544 0.169617 2.000000
-0.034410 -0.034931 0.269479 1.000000
0.173732 0.022455 0.051098 0.000000
-0.098841 -0.005357 0.352650 1.000000
0.459391 0.018441 0.151574 0.000000
0.046733 -0.033538 0.267165 1.000000
-0.205318 -0.011665 -0.246154 1.000000
-0.218855 0.040477 0.149792 2.000000
-0.291806 0.031016 0.142870 0.000000
-0.111764 -0.027189 -0.524911 1.000000
-0.421405 -0.000074 0.166566 2.000000
0.759714 -0.044495 -0.060541 0.000000
0.620960 0.087685 0.022241 0.000000
-0.133289 0.017171 -0.085199 0.000000
0.301140 0.000623 0.174778 0.000000
0.267327 0.082524 -0.022529 0.000000
-0.066564 -0.028418 0.523394 1.000000
0.528737 -0.049779 -0.062916 0.000000
0.283772 -0.012710 0.167712 0.000000
0.469734 -0.076281 -0.000287 0.000000
0.128614 -0.045724 0.155199 0.000000
0.177480 0.029070 0.037724 0.000000
0.003479 -0.054469 -0.044341 0.000000
0.005220 0.075171 -0.022242 0.000000
-0.162166 -0.017625 0.535457 1.000000
-0.362054 0.121600 -0.209883 2.000000
0.154726 -0.042918 -0.176623 0.000000
-0.024968 -0.058545 0.019087 0.000000
0.771204 -0.063542 0.022917 0.000000
-0.062140 -0.002511 -0.327256 1.000000
0.037231 -0.006689 0.363177 1.000000
-0.192968 -0.024138 -0.291907 1.000000
-0.438916 -0.021475 -0.194134 2.000000
0.774214 -0.040747 0.042434 0.000000
-0.345772 0.002527 0.102749 0.000000
-0.430028 -0.004190 0.311771 2.000000
-0.279129 0.018953 -0.101133 0.000000
-0.314334 0.110561 -0.199561 2.000000
0.610003 -0.055596 -0.057899 0.000000
-0.095175 -0.056681 0.023695 0.000000
-0.509901 -0.016437 -0.255247 2.000000
0.173834 0.070604 0.008150 0.000000
0.063425 -0.016724 -0.477171 1.000000
-0.158049 -0.022172 0.499842 1.000000
0.476451 0.021349 -0.166076 0.000000
-0.023145 -0.046871 0.030249 0.000000
-0.081617 0.029848 -0.172568 0.000000
0.246703 -0.078697 -0.015893 0.000000
0.077454 -0.073741 -0.015422 0.000000
-0.159462 0.021021 0.085402 0.000000
-0.175171 -0.045171 -0.132816 0.000000
-0.359002 0.058582 0.157268 2.000000
0.075774 0.079923 -0.018904 0.000000
-0.419194 -0.021824 -0.157822 2.000000
-0.430826 -0.006894 0.348635 2.000000
-0.454993 -0.000852 0.136152 2.000000
-0.389600 -0.038146 0.140412 0.000000
0.365079 0.011989 -0.187150 0.000000
-0.134435 -0.005194 -0.215249 1.000000
-0.228460 -0.014881 -0.245089 1.000000
0.908258 0.001073 0.023511 0.000000
-0.285457 -0.039109 0.162920 0.000000
0.033933 -0.035156 0.236240 1.000000
-0.086880 -0.030753 -0.062486 0.000000
-0.218609 0.050922 0.154605 2.000000
0.357973 0.027739 -0.109325 0.000000
0.894843 -0.028357 -0.067565 0.000000
-0.416818 0.221769 -0.248202 2.000000
0.754451 0.015164 0.057836 0.000000
-0.214104 0.042607 0.029737 0.000000
0.555792 -0.055022 0.093348 0.000000
0.055622 -0.023708 -0.454090 1.000000
-0.415528 -0.033579 0.024944 0.000000
0.603142 -0.010027 0.150816 0.000000
0.501314 -0.056087 -0.134065 0.000000
0.626592 -0.051418 0.053535 0.000000
-0.138122 -0.073004 -0.005489 0.000000
0.576805 -0.054797 0.112907 0.000000
0.343657 0.028640 0.058716 0.000000
0.076962 -0.031163 -0.300324 1.000000
-0.384418 -0.015454 -0.282711 2.000000
0.662044 -0.028275 -0.080120 0.000000
-0.297274 0.117647 -0.202490 2.000000
-0.483338 -0.001917 0.102012 2.000000
-0.529890 -0.004784 0.099923 2.000000
-0.139289 -0.067761 -0.031090 0.000000
0.115711 0.022291 -0.171359 0.000000
-0.111907 -0.026739 0.526384 1.000000
0.063118 -0.122587 0.213179 1.000000
0.144056 0.065894 0.010198 0.000000
-0.474327 -0.018997 0.359551 2.000000
-0.269646 -0.046564 -0.141335 0.000000
-0.087146 -0.027865 0.538857 1.000000
-0.064393 -0.035054 0.234396 1.000000
-0.383845 -0.021783 -0.120200 2.000000
-0.160957 0.015737 0.058327 0.000000
-0.196921 -0.020779 0.360371 1.000000
-0.052268 -0.034665 0.271179 1.000000
0.112250 -0.013058 -0.367561 1.000000
0.243365 -0.044127 -0.109714 0.000000
-0.275094 0.072304 0.162920 2.000000
0.531728 0.033780 -0.122596 0.000000
-0.528497 -0.016867 0.121755 2.000000
-0.113341 0.031917 0.139245 0.000000
-0.180619 -0.013058 0.352834 1.000000
0.274495 0.029090 0.106579 0.000000
-0.495237 0.203173 -0.240644 2.000000
0.865024 -0.023073 -0.071395 0.000000
0.467706 0.032388 0.079770 0.000000
-0.417903 -0.021844 0.144836 2.000000
0.469426 -0.051110 -0.112663 0.000000
0.277198 0.031487 -0.139615 0.000000
0.486425 -0.054183 -0.143670 0.000000
-0.148157 0.014017 0.042393 0.000000
0.083168 -0.050762 0.147969 0.000000
0.180593 -0.030323 0.166586 1.000000
0.562796 0.018932 -0.170254 0.000000
-0.190613 0.030319 0.134616 0.000000
-0.439059 -0.017994 -0.341530 2.000000
0.045279 -0.039355 0.159479 0.000000
0.082656 -0.049431 0.187230 1.000000
-0.195794 0.067389 -0.022324 0.000000
-0.459376 0.115517 -0.204169 2.000000
-0.192415 -0.014492 -0.366230 1.000000
0.354655 -0.056149 -0.055605 0.000000
-0.163026 -0.025121 0.366576 1.000000
-0.031317 -0.013160 -0.584324 1.000000
0.364588 0.027841 0.091423 0.000000
0.020252 -0.024752 0.480467 1.000000
0.375893 0.030811 0.129353 0.000000
-0.303889 0.027575 0.125789 0.000000
0.732373 0.093091 0.010383 0.000000
-0.286563 0.016393 0.067523 0.000000
-0.095707 0.023520 0.036987 0.000000
0.706650 0.081745 -0.042538 0.000000
0.183296 0.013710 0.164661 0.000000
0.404545 0.030073 -0.126426 0.000000
0.489518 -0.017666 0.162838 0.000000
0.111205 -0.064279 -0.044771 0.000000
-0.141194 0.022311 -0.059578 0.000000
0.721211 0.014508 -0.087575 0.000000
-0.290516 -0.025060 0.060150 0.000000
-0.112685 -0.010641 -0.531321 1.000000
-0.119096 -0.005603 -0.333359 1.000000
-0.117396 -0.027968 0.444954 1.000000
0.520525 -0.055882 0.035737 0.000000
-0.502938 -0.003166 -0.140188 2.000000
0.092159 -0.006771 -0.312162 1.000000
-0.419173 0.178720 -0.232432 2.000000
0.783615 0.052929 0.021401 0.000000
-0.196900 -0.049308 -0.145657 0.000000
-0.225696 -0.028848 -0.088660 0.000000
0.099409 -0.027599 -0.329140 1.000000
0.900148 0.033780 -0.007804 0.000000
0.143892 -0.032678 -0.187355 1.000000
-0.045346 -0.032985 0.346383 1.000000
0.411426 -0.047547 0.082924 0.000000
0.435470 0.049366 -0.053680 0.000000
0.789308 -0.067495 0.014704 0.000000
-0.463103 0.091023 -0.192270 2.000000
0.761680 0.052151 -0.049235 0.000000
-0.566181 -0.008593 -0.141110 2.000000
0.018348 -0.028357 -0.443236 1.000000
-0.025152 0.031179 -0.054069 0.000000
0.050645 -0.010805 0.410302 1.000000
0.069467 0.019035 0.064492 0.000000
-0.186558 -0.025080 0.263724 1.000000
-0.011267 -0.034194 -0.318633 1.000000
0.437887 0.083097 -0.031008 0.000000
0.529372 0.009798 0.169167 0.000000
-0.507873 0.206286 0.220449 2.000000
0.157184 -0.017154 -0.342370 1.000000
0.565889 -0.079803 -0.007312 0.000000
-0.030293 -0.029278 -0.488087 1.000000
0.054004 0.000193 0.193456 1.000000
0.005343 -0.009474 0.453884 1.000000
-0.443811 -0.000606 0.198085 2.000000
-0.179984 -0.026391 0.186862 1.000000
0.475079 -0.005255 -0.190509 0.000000
-0.387347 -0.000074 0.110593 2.000000
0.646192 0.057845 0.044523 0.000000
-0.251583 0.055367 -0.176787 2.000000
-0.121185 -0.030958 -0.307984 1.000000
0.597613 -0.053486 -0.096565 0.000000
0.447000 0.051045 0.032276 0.000000
0.164413 -0.035914 0.052531 0.000000
-0.386999 0.014181 0.038011 0.000000
0.580901 0.031179 0.104326 0.000000
-0.360087 -0.053732 0.145307 0.000000
-0.422061 -0.000074 -0.197779 2.000000
0.275314 -0.038597 0.056730 0.000000
0.440979 -0.049779 0.091178 0.000000
0.038500 -0.036016 0.179468 1.000000
0.264910 0.030544 0.114546 0.000000
-0.052023 -0.034153 -0.313657 1.000000
-0.452884 0.159816 -0.224219 2.000000
-0.164705 -0.021967 0.477170 1.000000
0.491729 -0.050865 -0.101931 0.000000
-0.321031 0.026981 -0.186761 0.000000
0.149913 -0.006095 0.209226 1.000000
0.346463 0.029070 -0.072808 0.000000
0.510940 -0.049247 0.059658 0.000000
-0.261925 0.027104 0.121366 0.000000
-0.445122 -0.018977 0.247627 2.000000
-0.070844 0.071096 -0.022857 0.000000
-0.340385 0.095836 -0.193499 2.000000
-0.412783 -0.020329 0.025374 0.000000
-0.489748 -0.019407 -0.161508 2.000000
-0.385565 0.132475 -0.214409 2.000000
-0.447395 -0.020718 -0.105065 2.000000
-0.370000 0.044840 0.158476 2.000000
0.162099 0.022557 0.078234 0.000000
-0.369099 0.031937 0.162900 0.000000
-0.195180 0.013157 0.046592 0.000000
0.815032 0.019444 0.037396 0.000000
-0.402543 0.233463 0.229440 2.000000
0.571316 0.114329 -0.005920 0.000000
-0.209270 -0.016233 -0.348473 1.000000
-0.144348 -0.011502 0.438503 1.000000
0.354675 -0.055207 -0.142339 0.000000
-0.037605 -0.026411 -0.566814 1.000000
0.673287 -0.067269 -0.037254 0.000000
-0.045367 -0.034542 -0.361376 1.000000
-0.522763 0.196722 -0.235606 2.000000
0.588110 -0.029934 -0.114568 0.000000
0.308492 0.026428 -0.096975 0.000000
0.247707 -0.072451 0.009031 0.000000
-0.495524 -0.004559 -0.328607 2.000000
0.135618 0.025957 0.038502 0.000000
0.547702 0.062576 0.033116 0.000000
0.950755 -0.013509 -0.049297 0.000000
-0.168064 -0.011461 0.348820 1.000000
0.626961 -0.037122 -0.095173 0.000000
-0.353698 0.014386 0.166238 0.000000
0.032991 -0.054592 0.128820 0.000000
-0.068243 -0.002388 -0.313718 1.000000
0.335997 -0.056374 -0.140188 0.000000
-0.030907 -0.009925 -0.531280 1.000000
0.037681 -0.001220 -0.270894 1.000000
-0.467834 0.147815 0.194091 2.000000
0.251147 0.080967 -0.023615 0.000000
0.035080 -0.022377 0.484543 1.000000
0.084642 -0.027968 0.325165 1.000000
0.206889 0.079042 0.003378 0.000000
-0.154793 0.018482 0.072131 0.000000
0.362724 0.033862 0.041267 0.000000
0.924233 -0.052769 0.016302 0.000000
0.057322 -0.034583 0.227167 1.000000
-0.039632 0.008221 0.178792 0.000000
-0.488765 -0.018117 -0.343025 2.000000
-0.052473 -0.002941 0.376653 1.000000
-0.154056 -0.016089 0.534617 1.000000
0.458101 -0.064177 0.024678 0.000000
-0.330432 0.099461 0.174143 2.000000
0.030247 0.054711 -0.040060 0.000000
-0.411718 0.013710 0.028549 0.000000
0.273860 -0.054735 0.126260 0.000000
0.987844 0.009716 -0.006534 0.000000
-0.116024 -0.028480 -0.444853 1.000000
-0.196737 -0.021209 0.347878 1.000000
-0.472258 -0.012444 -0.397339 2.000000
-0.492472 -0.002695 0.154236 2.000000
-0.389272 0.086579 0.175188 2.000000
-0.187602 -0.025449 0.183790 1.000000
-0.177772 -0.008430 0.225426 1.000000
-0.043482 -0.054142 0.142583 0.000000
-0.446637 -0.002920 0.275132 2.000000
0.034998 -0.032289 -0.334854 1.000000
0.102296 -0.019346 0.406636 1.000000
0.014764 -0.004272 -0.361007 1.000000
-0.178611 -0.048653 0.033853 0.000000
-0.208861 0.025977 0.113112 0.000000
-0.078340 -0.009064 0.513318 1.000000
0.113602 -0.030692 0.233331 1.000000
0.007677 0.031159 -0.150511 0.000000
-0.495012 0.235675 0.230341 2.000000
0.377634 0.067307 0.015892 0.000000
-0.371352 0.194141 0.213199 2.000000
-0.407295 0.069334 0.161691 2.000000
-0.005983 0.008037 -0.199663 0.000000
-0.014810 -0.006627 0.420706 1.000000
0.668270 0.040826 -0.077232 0.000000
0.532629 0.031220 0.123618 0.000000
-0.284269 0.063047 -0.018003 0.000000
-0.498084 0.170323 0.203369 2.000000
-0.347615 0.184741 -0.230179 2.000000
0.514483 0.020304 0.147027 0.000000
0.126115 -0.019755 -0.384949 1.000000
-0.456202 0.144947 0.192903 2.000000
0.405876 0.038921 -0.060295 0.000000
-0.466892 -0.001118 -0.128044 2.000000
0.577685 -0.063583 -0.048949 0.000000
0.399015 0.031179 0.050401 0.000000
-0.400454 -0.012116 -0.342288 2.000000
0.056359 0.012112 -0.190304 0.000000
-0.566795 -0.013570 0.107296 2.000000
-0.045223 -0.004293 -0.434122 1.000000
0.052673 -0.004006 0.294486 1.000000
0.007862 -0.036262 -0.220082 1.000000
-0.165586 -0.040154 -0.118008 0.000000
-0.471807 -0.001569 0.143505 2.000000
-0.399614 0.207249 -0.242180 2.000000
-0.159380 -0.011440 0.379622 1.000000
0.036534 0.030913 0.127121 0.000000
-0.055033 -0.032658 -0.072665 0.000000
0.487285 0.089651 0.009502 0.000000
0.731329 -0.109500 -0.013682 0.000000
-0.152601 -0.056087 0.142030 0.000000
-0.181786 -0.022254 0.388019 1.000000
0.130314 0.028947 -0.133450 0.000000
0.073706 -0.002490 -0.261289 1.000000
0.844585 0.011744 -0.052553 0.000000
0.321088 0.063170 0.017326 0.000000
0.209552 -0.051070 -0.131136 0.000000
0.564865 -0.045622 0.146679 0.000000
0.244778 0.024749 0.085709 0.000000
0.728850 -0.047035 -0.059332 0.000000
-0.442418 -0.002879 0.242425 2.000000
0.373661 -0.012136 -0.187989 0.000000
0.603962 0.058316 -0.063940 0.000000
-0.106214 0.028189 0.036393 0.000000
-0.152008 -0.022725 -0.527061 1.000000
0.472027 0.087316 0.009625 0.000000
0.029940 -0.034358 -0.283469 1.000000
0.705073 -0.057296 -0.051468 0.000000
0.110366 -0.048940 -0.129805 0.000000
0.953089 0.004104 -0.029861 0.000000
-0.235833 0.053441 -0.035718 0.000000
-0.201447 0.048362 0.023183 0.000000
-0.052596 -0.002879 -0.386771 1.000000
0.071945 -0.096700 -0.235094 1.000000
-0.547667 0.243724 -0.254510 2.000000
0.054782 -0.070956 -0.024413 0.000000
-0.015199 -0.031920 -0.399203 1.000000
0.648465 0.121498 -0.018064 0.000000
-0.459806 -0.004477 0.375178 2.000000
-0.375632 0.062494 -0.186515 2.000000
-0.401949 -0.051643 -0.171626 2.000000
-0.425256 -0.000115 0.176785 2.000000
-0.487618 -0.002756 0.197880 2.000000
0.068893 -0.009310 -0.382839 1.000000
-0.390931 0.142449 0.191879 2.000000
0.851835 0.019403 0.022138 0.000000
0.150835 -0.025551 -0.275625 1.000000
-0.033672 -0.011870 0.547254 1.000000
-0.153298 -0.025838 0.389862 1.000000
-0.519711 0.194981 0.213547 2.000000
0.050952 -0.086111 0.192985 1.000000
-0.051654 -0.033928 -0.376408 1.000000
-0.273783 0.042894 0.028856 0.000000
0.043170 -0.030876 0.333275 1.000000
-0.245951 -0.060982 -0.043644 0.000000
0.636853 -0.004497 -0.097057 0.000000
-0.097305 -0.029360 -0.464617 1.000000
-0.170624 -0.012730 0.377554 1.000000
0.002189 -0.036139 -0.203329 1.000000
0.673943 -0.078472 -0.015566 0.000000
0.627166 0.103065 0.013270 0.000000
0.372534 -0.050332 0.040407 0.000000
-0.101933 -0.032494 0.178424 1.000000
-0.144184 -0.012485 -0.492941 1.000000
0.044829 0.018195 0.061317 0.000000
0.080280 0.026244 -0.121838 0.000000
-0.330637 -0.015413 -0.086735 2.000000
-0.180967 0.020059 0.081429 0.000000
-0.091898 -0.033190 -0.201384 1.000000
-0.307084 -0.017871 0.174082 2.000000
0.728175 0.045864 0.041943 0.000000
0.099634 -0.025838 0.333255 1.000000
-0.410961 -0.036385 0.011837 0.000000
-0.091120 -0.004641 0.341058 1.000000
-0.078094 0.033494 -0.053495 0.000000
-0.555142 -0.009044 -0.204640 2.000000
-0.046247 -0.002367 0.355926 1.000000
0.339970 -0.052790 -0.153562 0.000000
-0.005348 -0.042427 -0.053536 0.000000
0.075795 -0.021783 -0.445161 1.000000
-0.268971 -0.055186 -0.172424 0.000000
0.621513 -0.027722 -0.098880 0.000000
0.090909 -0.036078 0.170436 1.000000
-0.534313 0.255418 0.238492 2.000000
0.057035 -0.090576 0.181946 1.000000
-0.405615 0.027104 -0.170069 2.000000
0.063507 -0.068621 0.006225 0.000000
-0.049442 -0.073946 -0.008316 0.000000
0.368315 0.028968 0.071496 0.000000
-0.287341 0.045065 0.151697 2.000000
-0.065663 -0.003289 0.329159 1.000000
-0.233662 -0.016212 0.187312 1.000000
-0.292933 -0.005644 0.184240 2.000000
-0.012700 0.012624 0.169146 0.000000
-0.056999 -0.034685 -0.347633 1.000000
-0.505477 0.165817 -0.222355 2.000000
0.054004 -0.026596 0.396129 1.000000
-0.492411 -0.002408 -0.130624 2.000000
-0.111416 -0.072635 -0.018658 0.000000
-0.122925 -0.012608 -0.572773 1.000000
