-0.100826 0.011318 -0.623723 1.000000
0.059234 -0.107094 -0.013758 0.000000
0.362030 -0.083351 -0.332328 3.000000
0.831693 0.053712 -0.073808 0.000000
-0.702876 0.237211 -0.001001 2.000000
-0.050516 -0.000111 0.578689 1.000000
0.764172 0.103164 -0.017356 0.000000
0.542734 0.017765 0.093861 0.000000
-0.332724 -0.049092 0.070948 0.000000
0.389620 -0.056647 -0.083439 0.000000
0.340141 -0.084984 0.245121 3.000000
0.014708 -0.002048 0.449568 1.000000
0.237779 -0.144093 -0.279251 3.000000
0.832662 0.043972 -0.078596 0.000000
-0.356495 0.098515 0.037990 0.000000
0.520928 0.013310 0.094747 0.000000
0.300292 -0.071369 -0.346441 3.000000
0.370249 -0.150347 0.271881 3.000000
-0.667316 0.108560 -0.003602 0.000000
-0.202606 0.064062 -0.914315 0.000000
0.641941 -0.035865 0.083678 0.000000
0.126562 -0.021668 -0.420660 1.000000
0.005189 0.062568 -0.092322 0.000000
0.358903 -0.084458 -0.046938 0.000000
0.327439 -0.019621 0.089932 0.000000
0.391778 -0.087087 0.329966 3.000000
-0.821869 0.068877 -0.107901 2.000000
-0.111065 0.008882 -0.615034 1.000000
-0.083198 -0.089412 -0.085569 0.000000
0.068394 -0.145034 -0.209184 3.000000
-0.097173 -0.016660 0.622080 1.000000
-0.021626 -0.028836 -0.314700 1.000000
0.014293 0.109667 0.003399 0.000000
0.606160 0.095415 -0.059778 0.000000
0.071881 -0.028338 0.380247 1.000000
0.173661 -0.013920 -0.289878 1.000000
0.240740 -0.030800 0.294766 1.000000
0.256901 -0.122840 -0.345888 3.000000
-0.688652 0.170492 -0.016636 2.000000
0.157141 -0.011236 0.368486 1.000000
-0.150886 -0.010738 0.624405 1.000000
0.848740 -0.059497 -0.067803 0.000000
-0.682370 0.232313 -0.012956 2.000000
-0.792010 0.075352 -0.095227 2.000000
0.153709 -0.105517 -0.292396 3.000000
0.282941 -0.106237 -0.036422 0.000000
-0.872870 0.080804 0.183051 2.000000
-0.850234 0.079919 -0.170165 2.000000
0.764808 0.016963 -0.103501 0.000000
-0.076750 0.015884 0.731914 1.000000
-0.310447 0.028945 -0.104857 0.000000
0.325032 0.031657 0.091094 0.000000
-0.527375 -0.043060 -0.059169 0.000000
0.361145 -0.077319 -0.100789 0.000000
-0.669253 0.049534 -0.073393 0.000000
-0.087819 0.034839 -0.787795 1.000000
-0.780055 0.062153 -0.052749 0.000000
-0.279122 0.090019 0.052795 0.000000
-0.018859 0.037856 0.089600 0.000000
0.235427 0.071949 -0.086206 0.000000
0.707470 -0.175446 -0.013454 0.000000
0.941472 -0.021336 0.041117 0.000000
0.018887 -0.049563 -0.153423 1.000000
0.291852 -0.167892 -0.307865 3.000000
-0.717017 0.180454 -0.016719 2.000000
-0.833132 0.069763 0.045877 2.000000
-0.789575 0.134738 -0.012402 2.000000
-0.364548 0.068324 -0.085929 0.000000
-0.191759 0.030495 -0.808328 1.000000
0.140620 -0.033623 -0.344781 1.000000
0.152491 0.076819 -0.082802 0.000000
-0.191842 -0.083932 -0.048626 0.000000
-0.349079 0.110054 -0.001997 0.000000
-0.173827 0.032847 0.799214 1.000000
0.947172 -0.049452 -0.043811 0.000000
-0.075726 -0.014972 0.626038 1.000000
-0.045508 0.014279 0.594961 1.000000
0.235787 -0.075935 -0.288273 3.000000
0.308705 -0.065142 0.324238 3.000000
-0.171032 0.036057 0.818308 1.000000
-0.210548 0.105461 0.905229 0.000000
-0.345177 0.052799 -0.096998 0.000000
-0.578652 0.121871 -0.014090 2.000000
0.124874 -0.060659 -0.172296 1.000000
-0.819378 0.065584 -0.063929 2.000000
0.245445 -0.036778 0.239642 1.000000
-0.202717 0.038990 0.874207 0.000000
0.061863 -0.041980 -0.157795 1.000000
-0.220538 0.017516 0.093668 0.000000
-0.723215 0.112047 0.002375 2.000000
0.359899 -0.092760 -0.361080 3.000000
0.362030 -0.127877 -0.271226 3.000000
0.079878 -0.006089 0.388439 1.000000
-0.020851 -0.044000 -0.224210 1.000000
0.369225 -0.070124 -0.342263 3.000000
-0.113610 -0.019012 0.635806 1.000000
0.089702 -0.018929 -0.274990 1.000000
-0.069500 0.003154 0.597009 1.000000
0.133729 -0.067993 -0.128102 1.000000
0.166024 -0.112823 -0.326323 3.000000
-0.871237 0.086781 0.273264 2.000000
-0.653009 0.115063 0.003233 2.000000
0.109294 -0.009824 -0.495155 1.000000
0.401547 0.069375 -0.088198 0.000000
-0.504462 0.077566 -0.075137 0.000000
0.637375 0.108228 0.012614 0.000000
0.454513 -0.037968 0.082709 0.000000
0.093714 0.000885 0.478873 1.000000
0.008731 -0.034287 0.297257 1.000000
-0.347695 0.021280 0.090375 0.000000
0.191842 -0.033900 0.293742 1.000000
-0.687047 0.148353 0.002679 2.000000
-0.839081 0.082603 0.173421 2.000000
-0.051208 0.013753 -0.721408 1.000000
-0.027244 -0.047930 -0.213113 1.000000
0.365296 0.107647 0.015492 0.000000
-0.738048 0.191163 0.001821 2.000000
-0.644237 0.095664 0.003482 0.000000
0.098612 -0.035616 0.334366 1.000000
-0.622514 -0.036612 0.004782 0.000000
0.212099 -0.060134 0.095826 0.000000
-0.039032 -0.012287 0.090873 0.000000
-0.612275 0.118328 0.001102 2.000000
-0.045812 0.000359 -0.602498 1.000000
0.782823 -0.090463 -0.015668 0.000000
0.236202 -0.101698 -0.087257 0.000000
0.314793 -0.091127 -0.017716 0.000000
-0.190984 0.045300 0.885277 0.000000
-0.660287 0.105156 -0.028591 0.000000
-0.770259 0.282013 -0.014727 2.000000
-0.053145 -0.079975 0.040287 0.000000
0.658379 -0.082161 0.036855 0.000000
0.777178 0.028558 0.085172 0.000000
-0.604416 0.091015 -0.016885 0.000000
0.285736 -0.140828 -0.272472 3.000000
0.100439 -0.003709 0.504637 1.000000
0.105586 -0.057283 -0.187571 1.000000
-0.133618 0.022580 -0.775010 1.000000
0.042603 -0.066720 -0.125252 1.000000
0.187442 -0.015193 0.327392 1.000000
0.561247 0.071257 -0.086953 0.000000
0.345980 -0.145587 -0.354162 3.000000
-0.841434 0.369736 -0.002412 2.000000
0.216001 0.098515 0.040231 0.000000
0.062582 -0.055678 0.177904 1.000000
0.105669 -0.030662 -0.184002 1.000000
0.023093 -0.041205 0.295264 1.000000
-0.168292 0.036555 0.874263 0.000000
0.246717 -0.126881 -0.351395 3.000000
-0.359207 0.026150 -0.103114 0.000000
0.274418 -0.030579 0.096269 0.000000
0.744745 -0.173869 -0.023582 0.000000
0.158884 -0.107261 -0.007449 0.000000
0.465693 0.105903 0.024292 0.000000
0.232411 -0.079339 0.294323 3.000000
0.983728 -0.031852 0.012365 0.000000
0.099055 0.073941 0.070450 0.000000
-0.034715 -0.040735 0.290421 1.000000
-0.062056 0.000027 -0.583404 1.000000
0.004276 -0.012619 0.384149 1.000000
0.340473 -0.058003 -0.295329 3.000000
0.445408 0.091458 0.051411 0.000000
-0.118370 0.030273 0.837486 1.000000
0.326526 -0.068491 0.260009 3.000000
0.031174 -0.038217 -0.290957 1.000000
-0.081814 0.082824 0.063560 0.000000
0.136469 -0.031631 0.095826 0.000000
0.337235 0.073637 0.071087 0.000000
-0.215474 0.039959 0.872990 1.000000
0.116572 -0.025875 0.095826 0.000000
0.659098 -0.089771 0.009902 0.000000
0.224275 -0.018541 0.240970 1.000000
0.227042 0.107896 0.012752 0.000000
-0.184342 0.090407 0.052241 0.000000
-0.725263 0.079310 0.140933 2.000000
0.097035 -0.088941 -0.307229 1.000000
-0.807396 0.064671 -0.069851 2.000000
0.179113 0.050336 0.086224 0.000000
0.391806 0.061599 0.079084 0.000000
-0.072240 -0.031769 -0.108316 0.000000
0.172361 0.089410 -0.067997 0.000000
-0.019966 0.001217 0.491880 1.000000
0.056135 -0.032876 -0.341875 1.000000
-0.817746 0.064034 0.029273 2.000000
0.340362 -0.076212 -0.107209 0.000000
-0.019080 0.007526 0.533915 1.000000
0.193918 -0.010406 0.091398 0.000000
0.014902 -0.036169 0.224366 1.000000
0.159437 0.043335 -0.102782 0.000000
-0.014265 -0.049563 -0.213529 1.000000
0.001398 -0.063316 -0.245850 1.000000
-0.623372 0.073526 0.055562 0.000000
0.041828 -0.145366 -0.203926 1.000000
-0.785092 0.286662 0.000050 2.000000
0.244448 -0.144425 -0.340270 3.000000
-0.544172 0.012646 -0.089028 0.000000
-0.306241 -0.038134 -0.095116 0.000000
-0.051042 -0.052330 0.093169 0.000000
-0.061364 0.010626 0.688163 1.000000
0.338730 -0.072337 0.333702 3.000000
-0.063329 -0.101311 -0.057315 0.000000
0.179168 0.083571 -0.076714 0.000000
-0.801751 0.079642 -0.143765 2.000000
-0.287894 0.070012 -0.087340 0.000000
0.849515 0.070012 -0.044863 0.000000
-0.556099 0.092869 -0.056707 0.000000
-0.159962 0.054321 -0.097856 0.000000
0.186031 0.098238 0.040563 0.000000
0.260692 -0.022001 -0.174012 1.000000
-0.140315 -0.093895 -0.014976 0.000000
-0.333222 0.073083 0.069592 0.000000
0.395016 -0.072780 -0.327485 3.000000
-0.849597 0.073969 0.096767 2.000000
0.219819 -0.017960 0.202643 1.000000
-0.822616 0.271608 -0.002689 2.000000
-0.620189 -0.004926 0.054317 0.000000
0.123795 -0.053409 0.095826 0.000000
0.378412 -0.104466 -0.257501 3.000000
-0.680848 0.186570 -0.015170 2.000000
0.234984 -0.021641 0.270165 1.000000
0.678303 0.110746 0.000023 0.000000
0.814149 -0.019897 0.079859 0.000000
0.605357 -0.017296 0.090181 0.000000
0.255047 -0.038051 -0.239707 1.000000
-0.690008 0.171626 0.002071 2.000000
0.207616 -0.085952 -0.044060 0.000000
0.668009 0.017793 0.093861 0.000000
0.864707 0.073028 -0.016747 0.000000
0.236589 -0.120903 -0.350011 3.000000
-0.021543 0.022470 0.665831 1.000000
0.193254 -0.102445 -0.284814 3.000000
0.332669 -0.085814 -0.259023 3.000000
-0.277295 0.034258 0.090319 0.000000
0.168846 -0.041150 0.271715 1.000000
0.089508 -0.083600 0.093695 0.000000
-0.173190 -0.090297 0.007052 0.000000
-0.730770 0.067715 0.119597 2.000000
-0.126617 -0.083988 -0.048543 0.000000
0.350878 -0.102335 0.020833 0.000000
0.811741 -0.079588 -0.047685 0.000000
0.094600 -0.036224 -0.161033 1.000000
-0.005161 -0.044056 0.238452 1.000000
0.051928 -0.014667 -0.349983 1.000000
0.279205 -0.023412 0.105263 1.000000
-0.804380 0.145641 -0.011378 2.000000
0.270488 -0.131059 -0.270839 3.000000
0.176595 0.101227 -0.050369 0.000000
-0.795441 0.085066 0.262250 2.000000
0.723078 -0.036169 0.083097 0.000000
0.626195 -0.058473 0.068541 0.000000
-0.704702 0.075961 0.130971 2.000000
0.364797 -0.073942 0.254198 3.000000
0.140509 -0.039213 -0.316914 1.000000
0.362252 -0.124030 -0.299536 3.000000
0.163422 -0.032572 0.321332 1.000000
0.140814 -0.049175 -0.300698 1.000000
0.542734 -0.025792 -0.102782 0.000000
-0.284795 0.104713 0.028138 0.000000
0.323593 -0.057615 0.304424 3.000000
-0.059648 0.021252 0.650445 1.000000
0.340086 -0.056924 -0.313538 3.000000
-0.136800 0.018540 0.680498 1.000000
0.187691 0.105544 -0.038249 0.000000
-0.000290 -0.010682 -0.522606 1.000000
0.369419 0.074744 0.070339 0.000000
-0.691004 0.272687 -0.008999 2.000000
0.904030 0.045909 0.006554 0.000000
-0.064768 -0.094918 0.071059 0.000000
-0.546912 0.071976 0.062148 0.000000
0.222504 -0.093756 -0.100015 0.000000
0.105143 -0.033042 -0.372509 1.000000
0.323039 -0.033236 0.125132 1.000000
-0.600099 0.105627 0.001074 0.000000
0.357021 -0.063925 -0.337060 3.000000
-0.173245 0.051886 -0.904021 0.000000
-0.518104 0.111521 -0.004350 2.000000
0.123767 0.111023 -0.003381 0.000000
-0.853416 0.078563 -0.197063 2.000000
0.729664 0.102970 -0.036699 0.000000
0.266587 -0.065668 -0.325936 3.000000
0.296307 -0.079449 0.271438 3.000000
-0.037095 0.007471 0.664503 1.000000
0.126673 -0.020811 0.210198 1.000000
-0.815809 0.069043 -0.043396 2.000000
-0.565286 0.097684 0.034752 0.000000
-0.053201 -0.018182 0.415724 1.000000
-0.201444 0.058112 0.889760 0.000000
0.138295 -0.023993 0.178596 1.000000
-0.277738 0.109944 0.002015 0.000000
0.114856 -0.009686 -0.367085 1.000000
-0.196269 0.100175 0.037630 0.000000
0.168403 0.104603 0.028581 0.000000
-0.725983 0.094585 -0.037695 0.000000
0.068228 0.092399 -0.063542 0.000000
-0.775268 0.071755 0.037768 2.000000
-0.878404 0.345937 -0.009165 2.000000
0.070635 0.005894 -0.553628 1.000000
0.206979 -0.106458 0.015492 0.000000
0.342853 -0.119547 -0.252796 3.000000
-0.810302 0.325709 -0.000807 2.000000
0.779198 0.094862 -0.043064 0.000000
0.707747 -0.058750 -0.082387 0.000000
-0.049686 -0.104410 -0.010687 0.000000
-0.086657 0.029637 -0.829304 1.000000
0.370360 -0.074330 0.048229 0.000000
0.017199 -0.039933 0.265128 1.000000
0.302478 -0.155937 -0.343397 3.000000
0.130215 -0.017435 0.426987 1.000000
-0.052038 -0.094974 -0.089056 0.000000
-0.831112 0.221327 -0.010548 2.000000
0.401796 0.034231 -0.104857 0.000000
0.261052 -0.098378 -0.355352 3.000000
0.310697 -0.038078 0.153745 1.000000
0.047750 -0.163768 -0.199830 3.000000
0.421914 0.086256 0.059187 0.000000
0.023453 -0.124030 -0.232706 1.000000
-0.706141 0.130504 -0.017660 2.000000
0.862161 0.037911 0.053570 0.000000
-0.143276 0.068019 0.074407 0.000000
-0.015289 -0.051306 -0.175368 1.000000
0.218380 0.081081 0.065718 0.000000
0.225714 -0.021862 -0.145868 1.000000
0.250924 -0.058529 0.096269 0.000000
0.136358 -0.008579 -0.379372 1.000000
0.293042 -0.108035 0.247113 3.000000
0.747208 0.064643 -0.086483 0.000000
0.234984 -0.079062 -0.332909 3.000000
-0.126036 0.010875 -0.653693 1.000000
0.095347 -0.049701 -0.237659 1.000000
0.674041 0.061904 0.078890 0.000000
-0.856792 0.077981 -0.155222 2.000000
0.441202 -0.086672 0.025067 0.000000
0.669116 -0.059276 0.067987 0.000000
-0.805099 0.244378 -0.012762 2.000000
-0.401491 -0.012924 -0.098465 0.000000
0.500228 -0.018541 -0.104221 0.000000
-0.137963 -0.075547 -0.078374 0.000000
-0.799924 0.310572 -0.000448 2.000000
-0.149640 0.032736 -0.796374 1.000000
-0.066954 -0.035699 0.094442 0.000000
-0.858563 0.086588 0.283752 2.000000
-0.119560 0.014583 0.687194 1.000000
0.103123 -0.084596 -0.107293 0.000000
0.214562 -0.113847 -0.338444 3.000000
-0.740566 0.078341 0.109579 2.000000
-0.667621 0.237903 -0.003547 2.000000
-0.831831 0.086671 -0.308336 2.000000
0.031118 -0.016577 0.472509 1.000000
0.503909 -0.086091 -0.042510 0.000000
-0.069472 0.028751 0.716417 1.000000
0.775269 -0.049286 0.070644 0.000000
0.740539 -0.082438 -0.049761 0.000000
-0.783238 0.006226 -0.009026 0.000000
-0.160156 0.036970 0.816842 1.000000
0.032613 -0.006144 -0.425585 1.000000
0.077664 -0.158511 0.170598 3.000000
-0.163477 0.029858 -0.833594 1.000000
0.536812 -0.011568 0.091343 0.000000
-0.030343 -0.013339 0.450426 1.000000
0.687795 0.104741 0.028636 0.000000
0.055000 -0.139914 0.192155 1.000000
0.167407 -0.026345 -0.370101 1.000000
-0.729497 0.029084 0.046236 0.000000
0.705146 -0.082798 -0.050231 0.000000
-0.868802 0.079725 -0.189453 2.000000
0.459660 0.106789 -0.034043 0.000000
0.046560 -0.132886 0.180920 0.000000
-0.063578 -0.009575 0.455351 1.000000
0.026276 -0.020451 0.418049 1.000000
0.372435 -0.130616 -0.257667 3.000000
0.555214 0.080970 0.066188 0.000000
-0.089673 0.091209 0.051051 0.000000
0.288753 -0.118053 0.348534 3.000000
0.047113 -0.003792 -0.433002 1.000000
-0.351182 0.044691 0.085559 0.000000
0.479003 0.039267 -0.103833 0.000000
-0.584574 0.003016 -0.081003 0.000000
-0.835429 0.081441 -0.251745 2.000000
-0.175708 -0.083351 0.035306 0.000000
-0.130740 -0.030358 -0.101509 0.000000
-0.181879 -0.032461 0.085809 0.000000
-0.650353 0.226751 -0.006093 2.000000
-0.778838 0.186957 -0.000669 2.000000
-0.145296 0.026095 0.735899 1.000000
0.280146 -0.060493 -0.300283 3.000000
0.387074 -0.070483 -0.097192 0.000000
0.225824 -0.087364 -0.035924 0.000000
0.648527 -0.086091 0.028221 0.000000
-0.450416 0.104603 0.024596 0.000000
-0.087515 -0.088166 -0.032327 0.000000
0.248959 -0.110443 0.331017 3.000000
-0.176234 0.025375 -0.775398 1.000000
0.035906 0.009463 0.534994 1.000000
0.337816 -0.127213 -0.363156 3.000000
0.967069 -0.051832 0.013942 0.000000
0.229809 -0.043917 0.302791 1.000000
0.027991 -0.112131 0.216535 1.000000
-0.826297 0.089991 -0.257777 2.000000
0.013352 0.002601 0.607414 1.000000
-0.079351 0.007665 -0.652171 1.000000
0.725430 -0.157044 -0.003907 0.000000
-0.160931 -0.007445 -0.640327 1.000000
0.131322 -0.030828 -0.158155 1.000000
0.066927 -0.052939 0.095798 0.000000
-0.555435 0.020975 0.074739 0.000000
-0.615042 0.183664 -0.007587 2.000000
0.020409 0.105959 -0.036201 0.000000
0.240214 0.038769 0.089517 0.000000
0.045896 -0.094365 -0.153008 0.000000
-0.024283 -0.005258 0.546091 1.000000
0.285238 -0.068961 0.293272 3.000000
0.763425 -0.011568 -0.102035 0.000000
0.645179 -0.086644 -0.040103 0.000000
0.065184 -0.062707 -0.151320 1.000000
0.130990 -0.104825 -0.066032 0.000000
0.286594 0.071949 -0.086455 0.000000
-0.168015 -0.036529 -0.093235 0.000000
0.449310 0.105378 0.026921 0.000000
0.055526 -0.093424 -0.227393 1.000000
0.699224 0.093146 0.047122 0.000000
-0.025140 0.104824 0.027613 0.000000
-0.107744 0.015164 -0.713051 1.000000
-0.315013 0.103883 0.030961 0.000000
0.249402 -0.142571 0.316268 3.000000
0.020437 -0.050227 0.232724 1.000000
-0.001508 -0.100176 -0.091823 0.000000
-0.150194 0.037219 0.879936 1.000000
0.319884 -0.045273 -0.151818 1.000000
0.329791 -0.014446 -0.107209 0.000000
-0.152159 0.032128 0.847669 1.000000
0.108160 -0.073168 0.291141 1.000000
0.249346 -0.067661 0.288429 3.000000
-0.074564 0.012341 -0.613041 1.000000
-0.018471 0.021640 0.652216 1.000000
0.030537 -0.048068 0.137031 1.000000
-0.669447 0.168555 0.000964 2.000000
0.167546 0.048870 -0.101509 0.000000
0.036432 -0.027923 0.352934 1.000000
-0.718705 0.073277 -0.061051 2.000000
0.369280 -0.034094 0.085255 0.000000
0.013878 -0.053714 0.118878 1.000000
0.123988 -0.106098 -0.039605 0.000000
0.060507 0.000138 0.564991 1.000000
0.136469 -0.044277 0.281815 1.000000
0.081815 -0.006504 0.515900 1.000000
-0.014735 -0.018320 0.415254 1.000000
0.259917 0.024130 -0.106794 0.000000
0.054889 -0.001606 0.430833 1.000000
0.276992 -0.067965 -0.280912 3.000000
0.080764 -0.058003 -0.180515 1.000000
-0.837034 0.086975 0.296703 2.000000
0.199923 -0.016549 -0.323915 1.000000
-0.043820 -0.020008 -0.109534 0.000000
0.185976 -0.092040 0.281400 3.000000
0.362002 -0.122065 0.293327 3.000000
-0.069500 0.002435 0.093972 0.000000
0.474852 -0.029555 0.087773 0.000000
0.139264 -0.053105 -0.110004 0.000000
-0.288779 -0.040790 0.080219 0.000000
-0.791069 0.103606 -0.011711 2.000000
0.025861 -0.141852 -0.236552 1.000000
0.065793 -0.017822 -0.306620 1.000000
0.071659 -0.020728 -0.103612 0.000000
-0.056300 0.012369 0.702664 1.000000
-0.442917 0.074522 -0.079786 0.000000
0.370609 -0.092013 -0.269649 3.000000
-0.137963 0.104381 0.029716 0.000000
0.063855 -0.036750 0.302736 1.000000
-0.119283 0.016409 0.705818 1.000000
-0.382148 -0.029860 0.079250 0.000000
0.228702 -0.050393 0.073688 0.000000
0.344126 -0.167670 0.280902 3.000000
-0.541848 -0.009963 -0.083189 0.000000
-0.296860 -0.021945 0.088880 0.000000
0.373791 -0.153972 -0.322227 3.000000
0.181216 -0.027092 -0.132447 1.000000
0.666487 -0.090934 -0.018407 0.000000
0.113279 -0.014280 -0.107099 0.000000
0.464724 -0.078287 -0.056568 0.000000
0.533712 -0.050587 0.073826 0.000000
0.343545 -0.076239 0.045351 0.000000
0.173274 -0.029887 0.109109 1.000000
-0.003224 -0.105157 -0.060636 0.000000
0.424543 -0.018957 0.090458 0.000000
-0.739764 0.316161 -0.011461 2.000000
0.278680 -0.041455 0.286630 1.000000
-0.005493 -0.022277 -0.388670 1.000000
0.654200 -0.033678 0.085144 0.000000
-0.047887 -0.004456 0.092588 0.000000
-0.168043 -0.088194 -0.032271 0.000000
0.506925 0.085259 -0.074998 0.000000
0.100134 -0.106320 -0.034873 0.000000
-0.560665 -0.040348 0.035555 0.000000
0.684502 0.107176 0.017567 0.000000
-0.782103 0.063702 -0.077627 2.000000
0.187221 -0.106347 0.018757 0.000000
0.182489 0.023826 0.092422 0.000000
-0.840769 0.043805 0.025565 0.000000
-0.041274 -0.070622 0.054095 0.000000
0.066899 0.077068 0.068347 0.000000
0.334440 -0.069708 -0.068468 0.000000
-0.014182 -0.035339 0.282839 1.000000
0.002394 -0.017435 -0.450159 1.000000
0.029873 -0.014474 -0.370793 1.000000
-0.038811 0.023300 -0.679318 1.000000
0.049327 -0.087419 -0.171576 1.000000
0.860805 -0.079311 0.022604 0.000000
0.162841 -0.063233 -0.314756 1.000000
0.034605 -0.046242 -0.244328 1.000000
-0.027465 0.009353 -0.683192 1.000000
0.416878 0.003154 -0.108565 0.000000
0.887731 -0.079394 -0.019155 0.000000
0.327190 -0.063925 0.063781 0.000000
0.128997 -0.038411 0.315382 1.000000
0.617146 0.091181 0.051854 0.000000
0.362307 -0.097990 -0.309719 3.000000
0.701078 -0.064146 -0.078208 0.000000
-0.684473 0.264607 -0.009054 2.000000
-0.653922 -0.028172 -0.020843 0.000000
0.385192 0.077871 0.068264 0.000000
0.048220 -0.058252 0.175967 1.000000
0.045453 -0.109419 0.152970 0.000000
0.383726 -0.100342 -0.021202 0.000000
-0.808863 0.080306 -0.152676 2.000000
0.670831 -0.086589 -0.040241 0.000000
0.194388 -0.070539 -0.116674 1.000000
0.459715 0.058223 0.081326 0.000000
0.362030 -0.113072 -0.267795 3.000000
-0.205733 -0.086783 0.025150 0.000000
0.706778 -0.041704 -0.093816 0.000000
0.274473 -0.070179 0.264630 3.000000
-0.702322 0.008633 0.042251 0.000000
-0.277461 -0.087253 0.022410 0.000000
-0.045950 0.004150 0.630576 1.000000
0.013823 0.107702 -0.027401 0.000000
0.328878 0.004427 -0.108815 0.000000
0.110124 -0.066111 -0.109977 0.000000
0.038396 -0.012426 -0.524931 1.000000
-0.568192 0.112822 -0.001306 2.000000
-0.716795 0.077843 -0.163634 2.000000
-0.064962 0.091430 -0.064953 0.000000
0.383753 -0.160807 0.298447 3.000000
0.042437 -0.098903 0.184351 1.000000
-0.748868 0.156157 -0.016194 2.000000
0.812627 0.032377 0.077728 0.000000
-0.406085 -0.035422 -0.087672 0.000000
0.104009 -0.017933 0.258404 1.000000
-0.664687 0.160114 -0.015640 2.000000
0.296335 -0.087751 -0.332881 3.000000
0.165498 -0.015912 -0.253875 1.000000
0.727229 -0.089716 -0.006287 0.000000
0.226157 -0.041676 0.286630 1.000000
-0.881836 0.084900 0.227355 2.000000
0.225077 -0.079754 -0.054880 0.000000
0.133536 -0.057643 0.096269 0.000000
-0.749228 0.026621 -0.054825 0.000000
-0.777233 0.015662 -0.037308 0.000000
-0.616758 0.157485 -0.001970 2.000000
0.781135 -0.091819 -0.004101 0.000000
-0.289914 -0.092705 -0.004958 0.000000
-0.021681 -0.019953 0.354484 1.000000
-0.644348 0.077898 -0.065174 0.000000
0.324561 -0.071230 -0.066226 0.000000
0.599601 0.106014 -0.037972 0.000000
0.667953 0.080693 -0.080671 0.000000
0.150665 -0.066886 -0.302524 1.000000
-0.023757 -0.009824 0.495837 1.000000
0.289029 -0.149766 -0.348600 3.000000
0.418095 -0.079726 -0.053912 0.000000
0.123186 -0.036280 0.095826 0.000000
0.189296 -0.020257 -0.176253 1.000000
0.250260 -0.037608 0.096269 0.000000
-0.761348 0.139443 -0.014755 2.000000
0.356136 -0.056453 -0.307063 3.000000
0.296307 -0.099540 0.276806 3.000000
0.215918 0.101254 -0.050397 0.000000
-0.010003 0.102804 -0.048017 0.000000
0.179472 0.093949 0.046956 0.000000
0.171835 -0.012924 0.322328 1.000000
-0.720171 0.077898 -0.131700 2.000000
-0.035518 0.035946 0.089987 0.000000
-0.685802 0.213551 -0.013924 2.000000
-0.401712 0.052163 0.081519 0.000000
-0.119726 0.040457 0.869835 1.000000
0.133010 -0.024242 -0.196510 1.000000
0.385635 0.102832 0.034392 0.000000
0.111785 -0.037331 0.329163 1.000000
-0.003722 -0.037857 -0.434164 1.000000
0.073679 -0.102058 -0.195901 1.000000
0.502636 0.037219 0.089959 0.000000
-0.754652 0.060326 -0.051698 2.000000
-0.135057 0.077290 0.068209 0.000000
-0.035518 -0.089467 -0.025768 0.000000
0.233462 -0.090408 -0.343286 3.000000
0.192589 -0.055485 -0.316084 1.000000
0.334219 0.049534 0.087109 0.000000
-0.211628 0.091762 -0.064510 0.000000
-0.083253 -0.063095 -0.079509 0.000000
-0.808946 0.097076 -0.012098 0.000000
-0.027437 -0.081912 -0.051808 0.000000
0.048691 -0.188729 -0.164935 3.000000
0.435529 0.105378 0.026921 0.000000
0.977419 -0.006891 -0.002938 0.000000
-0.723354 0.215100 -0.016028 2.000000
0.146403 -0.041372 0.096269 0.000000
-0.175210 -0.057532 -0.083272 0.000000
-0.097699 0.020809 -0.781292 1.000000
0.127918 -0.036805 0.111018 1.000000
0.606935 0.000691 0.093778 0.000000
0.264151 -0.116171 0.244595 3.000000
0.296335 -0.109668 -0.298124 3.000000
0.361753 -0.014280 0.091205 0.000000
0.310642 -0.089301 0.012060 0.000000
-0.114994 0.005755 -0.599177 1.000000
0.252114 -0.132913 0.336331 3.000000
-0.081040 0.033899 0.786208 1.000000
-0.243617 0.105820 0.022548 0.000000
-0.171225 0.045272 -0.892675 1.000000
0.263626 -0.059691 -0.110004 0.000000
-0.811298 0.089272 -0.307616 2.000000
-0.229698 0.123752 0.910431 0.000000
0.045481 -0.054737 -0.301860 1.000000
-0.219404 0.053712 -0.098271 0.000000
0.255933 -0.136013 0.252510 3.000000
0.296307 -0.091902 0.321747 3.000000
0.512155 0.104215 0.032289 0.000000
-0.427088 -0.065170 0.040840 0.000000
-0.071050 0.019647 0.646239 1.000000
-0.718926 0.081302 0.039124 0.000000
0.704786 -0.085593 0.031653 0.000000
-0.157859 0.019951 0.701474 1.000000
-0.026220 -0.104770 -0.046495 0.000000
-0.013712 -0.045744 0.191961 1.000000
-0.357879 -0.000720 -0.103446 0.000000
-0.061419 0.013614 0.599748 1.000000
0.003584 0.055982 0.082460 0.000000
-0.853886 0.335532 -0.010604 2.000000
-0.016562 0.021640 0.695441 1.000000
0.195108 -0.066249 -0.146007 1.000000
0.862383 0.071783 0.014164 0.000000
0.788385 0.095249 0.015160 0.000000
-0.127530 0.028641 -0.840041 1.000000
-0.782573 0.082188 0.150812 2.000000
-0.181381 -0.034398 -0.089803 0.000000
-0.061503 -0.016909 -0.107126 0.000000
-0.081178 0.023798 -0.694289 1.000000
0.858674 -0.067993 -0.054548 0.000000
-0.686078 0.081551 0.044438 0.000000
-0.833851 0.165262 -0.009331 2.000000
0.094655 -0.044941 0.259677 1.000000
0.475378 0.105461 -0.040712 0.000000
0.073596 0.021224 0.092948 0.000000
0.332199 -0.089356 -0.101288 0.000000
0.075589 -0.013118 -0.345030 1.000000
-0.158883 0.081330 -0.079758 0.000000
0.105918 -0.015331 0.282618 1.000000
0.227208 -0.046048 -0.110004 0.000000
-0.743748 0.065778 0.102495 2.000000
0.400357 0.057614 0.081741 0.000000
0.695848 0.102998 -0.046993 0.000000
0.246192 -0.053271 -0.170802 1.000000
0.106084 -0.043834 0.095826 0.000000
-0.829036 0.208653 -0.003658 2.000000
-0.168209 -0.068961 0.056531 0.000000
0.390118 -0.088471 0.051633 0.000000
-0.076418 0.071146 0.072304 0.000000
0.423602 -0.087059 -0.023222 0.000000
0.359733 -0.073389 -0.063071 0.000000
-0.035490 -0.002685 -0.578422 1.000000
-0.310696 0.107813 0.011645 0.000000
0.383421 -0.076433 0.079665 0.000000
0.487554 0.105405 -0.040988 0.000000
-0.054723 -0.100066 -0.074971 0.000000
0.074094 0.056092 -0.096666 0.000000
0.284961 -0.106873 0.003814 0.000000
0.043544 -0.010821 -0.387701 1.000000
-0.444771 -0.024491 0.076898 0.000000
0.003612 -0.054848 -0.109949 0.000000
0.140288 0.062734 0.077949 0.000000
0.012799 -0.054821 -0.260489 1.000000
0.186086 -0.110664 0.287682 3.000000
-0.016866 -0.000637 -0.619074 1.000000
-0.013241 -0.042838 -0.259078 1.000000
0.075395 -0.151648 0.200346 3.000000
-0.909481 0.415701 -0.006093 2.000000
-0.253414 0.146997 -0.936620 0.000000
0.014653 -0.038743 0.081492 0.000000
-0.653480 0.094308 -0.049014 0.000000
0.138544 -0.010987 0.329246 1.000000
0.509526 0.112047 -0.007670 0.000000
-0.003362 0.010487 0.544901 1.000000
-0.869881 0.075076 -0.034873 0.000000
0.944294 -0.009935 0.037298 0.000000
0.651709 0.018125 -0.108067 0.000000
0.041551 -0.106541 0.015381 0.000000
0.000540 -0.003764 -0.594915 1.000000
-0.873119 0.412242 -0.010244 2.000000
-0.419755 -0.070400 0.034199 0.000000
-0.733814 0.002407 0.024319 0.000000
0.881283 0.028890 0.045102 0.000000
-0.118619 -0.093092 -0.056541 0.000000
0.111231 -0.016023 0.093972 0.000000
-0.042962 -0.058695 0.243073 1.000000
-0.872316 0.083433 0.222208 2.000000
-0.009865 0.007443 -0.542171 1.000000
-0.155922 -0.028448 -0.102062 0.000000
-0.027244 -0.039849 -0.255481 1.000000
-0.170893 -0.037138 0.077894 0.000000
0.041496 0.009297 -0.547623 1.000000
-0.031865 -0.036363 0.414313 1.000000
-0.190070 0.094336 -0.921704 0.000000
0.210937 -0.105905 0.028913 0.000000
0.271153 -0.106486 0.015049 0.000000
-0.828455 0.093478 0.285662 2.000000
0.638343 0.003209 -0.108565 0.000000
0.018085 -0.037940 0.210502 1.000000
0.049410 -0.094061 0.147602 1.000000
-0.197930 0.031297 0.803116 1.000000
-0.800035 0.070067 0.028830 2.000000
-0.078300 0.106263 -0.034596 0.000000
-0.496575 0.091652 0.046264 0.000000
-0.773995 0.073997 -0.194102 2.000000
0.704758 -0.090795 0.012254 0.000000
0.184177 -0.014806 0.259677 1.000000
0.028213 -0.052939 0.109801 1.000000
0.258229 -0.033789 -0.306509 1.000000
-0.594038 -0.014003 0.054234 0.000000
-0.051651 0.024130 0.672805 1.000000
-0.793560 0.078950 -0.238462 2.000000
0.029098 -0.025819 0.367822 1.000000
-0.186196 -0.032212 -0.100264 0.000000
-0.483486 0.106484 0.016156 0.000000
0.637735 0.086117 0.059436 0.000000
-0.053865 -0.011485 0.445915 1.000000
0.108077 -0.056176 -0.109977 0.000000
-0.052011 0.095139 -0.059446 0.000000
-0.402792 -0.066747 -0.056596 0.000000
-0.065211 0.024656 0.092256 0.000000
-0.009588 -0.017822 -0.372454 1.000000
-0.694048 0.062955 -0.089084 2.000000
-0.748010 0.285306 -0.013841 2.000000
-0.253746 -0.091708 -0.000282 0.000000
-0.320742 -0.055042 -0.082359 0.000000
0.044429 0.007111 -0.613373 1.000000
0.884825 -0.032129 -0.075220 0.000000
-0.592406 0.013476 0.067655 0.000000
-0.127862 0.042339 -0.882907 1.000000
0.088457 -0.052053 0.241385 1.000000
-0.053145 -0.005535 -0.531711 1.000000
0.223666 -0.017850 -0.224764 1.000000
-0.288337 0.096412 0.043248 0.000000
0.573119 -0.085869 -0.043756 0.000000
-0.778948 0.082022 -0.163302 2.000000
0.055111 -0.073887 0.125132 0.000000
0.044429 -0.080861 -0.184859 1.000000
-0.570904 0.018762 -0.086206 0.000000
0.019330 0.002241 -0.489980 1.000000
0.038037 -0.106624 -0.027290 0.000000
-0.150692 -0.081276 -0.052583 0.000000
-0.071880 -0.099401 -0.068993 0.000000
0.056024 -0.194458 -0.218537 3.000000
-0.622791 0.085287 0.047758 0.000000
-0.181879 0.035670 -0.882824 1.000000
0.296971 -0.123532 0.239669 3.000000
-0.306518 -0.090325 -0.015004 0.000000
0.636655 -0.085399 -0.045997 0.000000
0.186252 -0.053215 0.204138 1.000000
0.349218 -0.140662 0.343636 3.000000
-0.884548 0.095664 0.326119 2.000000
0.710625 -0.120793 -0.012513 0.000000
-0.104755 0.023826 -0.808052 1.000000
0.020049 0.086256 -0.072729 0.000000
-0.414746 -0.030967 -0.089914 0.000000
-0.601399 0.061599 0.064528 0.000000
0.163035 -0.106458 -0.030694 0.000000
-0.092385 0.035172 -0.844248 1.000000
0.002145 -0.086229 -0.042593 0.000000
0.008676 -0.040016 -0.221332 1.000000
-0.804075 0.362680 -0.013011 2.000000
-0.059759 0.010377 -0.591014 1.000000
0.023093 -0.066443 -0.247040 1.000000
0.101961 0.000082 0.490662 1.000000
0.089508 -0.050061 -0.254512 1.000000
-0.098805 -0.075797 0.079831 0.000000
-0.635963 0.085536 -0.018269 0.000000
-0.558230 0.092703 -0.000558 0.000000
0.915238 0.000082 -0.061964 0.000000
-0.220428 0.050143 0.086390 0.000000
0.362307 -0.127240 -0.349762 3.000000
-0.529505 -0.036307 -0.068385 0.000000
-0.765804 0.076321 0.086390 2.000000
-0.771117 0.069873 -0.152399 2.000000
0.120308 -0.075049 0.095798 0.000000
-0.550122 -0.043447 -0.049456 0.000000
0.093963 -0.042755 -0.290404 1.000000
-0.869189 0.273158 -0.008445 2.000000
-0.100106 0.026372 0.805330 1.000000
-0.094046 0.017959 0.738638 1.000000
0.812765 -0.001799 -0.097939 0.000000
-0.009810 0.050115 0.086390 0.000000
0.857568 -0.041897 0.063670 0.000000
-0.625558 0.097934 -0.045610 0.000000
0.799123 -0.081968 -0.045527 0.000000
-0.419810 0.104326 -0.039881 0.000000
-0.730964 0.079752 -0.152870 2.000000
0.041496 -0.002491 0.430861 1.000000
-0.482987 -0.070096 -0.010106 0.000000
0.750059 -0.091570 -0.018546 0.000000
-0.793670 0.076902 0.097431 2.000000
0.123352 -0.105434 0.039401 0.000000
0.706806 0.025375 0.091398 0.000000
0.509139 0.015496 0.094332 0.000000
-0.881310 0.091237 -0.010161 0.000000
0.066318 -0.104493 0.059353 0.000000
0.110622 0.059441 0.080136 0.000000
0.457252 -0.089633 0.011286 0.000000
0.311140 -0.058722 0.278522 3.000000
0.292903 -0.124196 0.340537 3.000000
0.594205 0.058776 0.080966 0.000000
0.245555 -0.066111 0.099728 1.000000
0.012301 0.025873 -0.106296 0.000000
0.060562 -0.035920 0.181640 1.000000
0.031118 -0.032295 0.315659 1.000000
0.900710 0.046019 -0.024274 0.000000
0.252003 -0.127655 -0.274104 3.000000
0.157196 -0.013726 -0.293586 1.000000
-0.787693 0.328780 -0.000724 2.000000
0.033803 -0.159950 0.195005 3.000000
-0.693080 0.184799 0.001517 2.000000
0.166494 -0.115507 -0.287858 3.000000
0.242456 -0.023080 -0.280912 1.000000
-0.260553 0.040872 -0.103280 0.000000
0.225133 -0.055346 0.302764 1.000000
0.504739 -0.039711 0.081104 0.000000
-0.119781 -0.026124 0.089046 0.000000
-0.120252 0.081800 -0.079315 0.000000
0.480913 0.062568 0.078448 0.000000
-0.491760 0.066553 -0.083023 0.000000
0.268607 -0.089578 0.011203 0.000000
-0.008758 0.019758 0.688910 1.000000
0.167324 -0.017601 -0.223297 1.000000
-0.472444 -0.071590 -0.001638 0.000000
0.161098 -0.016549 -0.242281 1.000000
-0.856930 0.091181 0.265267 2.000000
-0.735945 -0.003792 -0.027955 0.000000
-0.147980 0.051665 -0.908725 0.000000
-0.049631 0.055345 0.082875 0.000000
-0.720891 -0.004816 -0.034043 0.000000
-0.664715 0.131999 -0.017633 2.000000
-0.393438 -0.037414 -0.087479 0.000000
0.047252 -0.025736 0.386031 1.000000
-0.610642 0.155825 -0.012485 2.000000
-0.001286 0.016520 0.601187 1.000000
0.721722 0.082796 -0.074306 0.000000
-0.225962 0.109169 0.005889 0.000000
0.203520 -0.098211 -0.095449 0.000000
0.296307 -0.098156 0.291113 3.000000
0.716657 -0.103663 -0.031912 0.000000
0.026635 -0.154498 -0.185690 3.000000
0.593956 0.036804 0.090070 0.000000
-0.025943 -0.098433 -0.091381 0.000000
0.609425 -0.060826 0.066963 0.000000
-0.819821 0.194788 -0.010936 2.000000
0.740373 -0.187788 -0.023582 0.000000
-0.094516 0.053795 0.083927 0.000000
0.069750 -0.124999 -0.234006 1.000000
-0.289803 0.073637 0.070644 0.000000
-0.902175 0.053602 -0.028812 0.000000
-0.132400 0.029748 0.833722 1.000000
-0.709656 0.199520 -0.016304 2.000000
-0.120252 -0.084264 0.061761 0.000000
0.955142 -0.026290 -0.049650 0.000000
0.389841 0.084540 -0.076078 0.000000
-0.760186 0.084346 -0.206306 2.000000
0.296307 -0.113764 0.314690 3.000000
-0.463035 0.031657 0.082958 0.000000
-0.665988 -0.024989 -0.020677 0.000000
0.044180 -0.059303 -0.192414 1.000000
-0.870020 0.037247 -0.024772 0.000000
-0.829645 0.066608 -0.062739 2.000000
-0.108353 0.100396 -0.051587 0.000000
-0.704370 0.067936 -0.125501 2.000000
-0.200808 -0.013035 0.090873 0.000000
0.216969 -0.055955 -0.300726 1.000000
0.190071 -0.088222 -0.313843 3.000000
0.444661 -0.078176 0.042473 0.000000
-0.093271 -0.024270 0.092201 0.000000
-0.112254 0.039821 0.829765 1.000000
0.056079 -0.052524 0.206711 1.000000
-0.470313 0.084568 0.057222 0.000000
0.284685 -0.083683 -0.343065 3.000000
-0.018637 0.001272 -0.633740 1.000000
0.491677 -0.056647 -0.083881 0.000000
-0.775821 0.147606 -0.001223 2.000000
-0.103316 -0.091653 -0.014506 0.000000
-0.787693 0.262864 0.000133 2.000000
-0.125233 -0.003460 -0.635650 1.000000
-0.552474 0.052744 -0.085708 0.000000
0.145241 -0.008718 -0.411721 1.000000
-0.334689 0.049423 -0.099655 0.000000
0.032419 -0.025017 0.275035 1.000000
-0.086851 -0.000775 -0.555509 1.000000
0.238692 -0.111882 0.251292 3.000000
0.288919 -0.138088 0.342723 3.000000
0.375756 -0.089467 0.011369 0.000000
-0.026856 0.004316 -0.531019 1.000000
0.322735 -0.057781 0.283033 3.000000
-0.055553 0.006752 -0.664457 1.000000
-0.238747 -0.003764 0.092727 0.000000
0.158275 -0.037497 -0.310522 1.000000
0.358599 0.014196 -0.108870 0.000000
0.201389 -0.017407 0.212605 1.000000
0.250647 -0.090076 -0.021341 0.000000
-0.831527 0.083129 -0.273053 2.000000
-0.021571 -0.018624 0.401279 1.000000
-0.137630 -0.020257 0.089434 0.000000
-0.146513 0.023106 0.717192 1.000000
0.048829 -0.058307 -0.175257 1.000000
-0.041578 0.019149 -0.744902 1.000000
0.330954 -0.155190 -0.271863 3.000000
-0.754403 0.075989 0.186289 2.000000
0.178089 0.105571 0.023849 0.000000
-0.085689 0.016160 -0.645335 1.000000
-0.705588 0.106650 -0.017494 2.000000
0.574281 -0.078453 0.042445 0.000000
0.096565 -0.053105 0.300771 1.000000
-0.434698 0.015441 -0.102256 0.000000
-0.817524 0.113486 -0.003962 2.000000
-0.084416 0.005257 0.559069 1.000000
0.110539 -0.047155 -0.316056 1.000000
0.035242 -0.005148 0.551957 1.000000
0.359899 -0.080778 0.248110 3.000000
-0.113887 -0.013090 -0.635069 1.000000
-0.074011 -0.004788 0.487922 1.000000
0.256680 -0.135847 -0.339219 3.000000
-0.757530 0.080859 -0.152261 2.000000
0.136303 -0.064312 -0.314756 1.000000
0.319082 -0.096164 -0.254844 3.000000
-0.199839 0.132331 -0.006038 0.000000
0.178504 -0.068795 0.096269 0.000000
-0.482213 0.007471 -0.095642 0.000000
0.259613 -0.143401 -0.332826 3.000000
-0.513815 0.101393 -0.045693 0.000000
0.025695 -0.036722 -0.298982 1.000000
0.070635 -0.003460 -0.427523 1.000000
0.156283 -0.096274 0.303151 3.000000
0.292544 -0.155577 0.259981 3.000000
0.197155 -0.105988 -0.041597 0.000000
0.069113 0.001245 0.457510 1.000000
0.278707 -0.024436 -0.145868 1.000000
-0.091029 0.012120 -0.690857 1.000000
0.488661 -0.044886 0.077617 0.000000
0.745548 -0.174339 0.000355 0.000000
0.695073 0.110912 -0.004903 0.000000
0.012495 -0.069570 0.095743 0.000000
-0.590469 0.063232 0.064805 0.000000
0.327135 0.105876 0.024347 0.000000
0.796604 0.047126 0.074822 0.000000
-0.806621 0.090462 0.253617 2.000000
-0.130851 0.036555 -0.809491 1.000000
0.296307 -0.148133 0.312089 3.000000
-0.252251 -0.086285 0.027723 0.000000
-0.042104 -0.013560 0.438554 1.000000
-0.762317 0.209593 -0.015502 2.000000
0.431046 0.030080 0.091398 0.000000
-0.675535 0.172124 -0.015668 2.000000
0.455481 0.091181 0.051826 0.000000
0.294121 -0.150347 0.335002 3.000000
0.251948 -0.023412 0.103574 1.000000
-0.202745 0.104215 -0.925883 0.000000
0.387849 -0.156103 -0.311048 3.000000
-0.404175 0.093451 -0.059086 0.000000
-0.143635 0.027395 -0.105964 0.000000
0.252806 -0.080224 0.313362 3.000000
-0.180551 0.027783 -0.801770 1.000000
0.168846 -0.130506 -0.310494 3.000000
-0.258035 -0.057200 -0.083466 0.000000
0.488716 0.111410 -0.010880 0.000000
0.047805 -0.065309 0.234218 1.000000
0.242899 -0.061102 0.124301 1.000000
0.328574 -0.072199 -0.347631 3.000000
-0.067646 0.006253 0.553922 1.000000
-0.809942 0.088608 0.223564 2.000000
0.374206 -0.087834 -0.081059 0.000000
0.065931 -0.029195 0.217199 1.000000
-0.051070 0.022663 0.659134 1.000000
-0.548655 0.090517 -0.014450 0.000000
0.302783 0.017295 0.093944 0.000000
0.023564 -0.178324 0.201426 3.000000
0.252778 -0.077540 -0.307367 1.000000
0.018306 -0.024989 0.288982 1.000000
-0.277683 -0.011291 -0.105494 0.000000
-0.853665 0.095609 0.307662 2.000000
0.190818 -0.052358 0.286547 1.000000
0.110346 -0.002325 -0.463691 1.000000
0.262795 -0.106126 -0.038249 0.000000
-0.072184 0.010570 -0.691328 1.000000
-0.174629 0.032072 0.836240 1.000000
0.020630 0.014334 0.589094 1.000000
-0.082257 -0.032516 -0.438232 1.000000
-0.460351 0.023936 -0.098963 0.000000
-0.004026 -0.002048 0.460499 1.000000
-0.017835 -0.106043 0.020113 0.000000
-0.454789 -0.068657 0.029052 0.000000
0.697508 0.024739 -0.106213 0.000000
0.269105 -0.101643 0.254225 3.000000
-0.045674 -0.003847 -0.555703 1.000000
0.303668 -0.120543 -0.363681 3.000000
-0.152352 0.039461 -0.842089 1.000000
0.323205 -0.148272 0.337465 3.000000
0.192036 -0.054987 -0.110447 0.000000
0.675895 0.100507 -0.052168 0.000000
0.536286 0.088497 -0.070128 0.000000
0.282858 0.093561 0.048201 0.000000
-0.057601 -0.003819 0.625318 1.000000
-0.024172 0.019951 0.633426 1.000000
0.587536 -0.091487 0.002154 0.000000
-0.085910 0.013116 -0.625356 1.000000
0.187110 -0.104853 0.051134 0.000000
-0.128194 0.010349 0.619590 1.000000
0.629294 -0.030579 -0.101481 0.000000
-0.165331 0.059109 0.890258 0.000000
0.507645 -0.025349 -0.102865 0.000000
-0.150388 0.036777 0.809010 1.000000
