-0.224464 0.093526 -0.095518 0.000000
0.358613 -0.042368 0.078728 1.000000
0.165629 -0.042478 -0.129225 1.000000
-0.006022 0.017098 -0.576708 1.000000
-0.005284 -0.051601 0.135490 1.000000
0.434933 0.115816 -0.073310 0.000000
0.460418 0.017808 -0.120375 0.000000
-0.090454 0.010678 0.727035 1.000000
0.122170 -0.135542 -0.315462 3.000000
0.111490 0.028270 -0.119965 0.000000
0.846086 0.053728 0.024370 0.000000
0.088736 -0.067362 -0.133486 1.000000
-0.651105 0.006445 0.074958 0.000000
0.607348 -0.076895 -0.068448 0.000000
-0.604068 0.196124 -0.001771 2.000000
0.309090 0.138843 -0.019772 0.000000
0.194338 0.061704 -0.112918 0.000000
-0.044673 0.021932 -0.633087 1.000000
0.195649 -0.053786 -0.093278 0.000000
0.357985 0.115570 0.062421 0.000000
-0.777194 0.183750 -0.012779 2.000000
-0.616851 0.113330 -0.020455 2.000000
0.050330 -0.039746 0.310145 1.000000
-0.128996 0.024555 -0.852513 1.000000
-0.140578 -0.097819 -0.009447 0.000000
0.112282 -0.008005 -0.289103 1.000000
0.436463 -0.087931 0.036689 0.000000
0.070271 -0.006230 -0.098113 1.000000
-0.239597 -0.086975 -0.050010 0.000000
0.297017 -0.099157 -0.335430 3.000000
-0.095425 0.036792 0.785162 1.000000
0.456102 -0.069356 0.066709 0.000000
0.457441 0.121552 0.054991 0.000000
-0.131564 -0.041166 -0.102620 0.000000
-0.244076 0.024500 0.109267 0.000000
0.345201 -0.152860 0.247893 3.000000
0.296580 -0.078397 0.285315 3.000000
-0.349733 -0.056381 0.080148 0.000000
-0.437115 0.025593 0.106644 0.000000
-0.085373 -0.094268 -0.030425 0.000000
-0.092038 0.073176 -0.108301 0.000000
0.103787 -0.047722 -0.097758 0.000000
0.138833 -0.095688 0.081623 0.000000
-0.109602 -0.097819 -0.009392 0.000000
-0.793501 0.386185 -0.013844 2.000000
0.180817 -0.063893 -0.189702 1.000000
0.343180 -0.015900 -0.098113 1.000000
0.009248 -0.027290 -0.402216 1.000000
0.340394 -0.103528 0.222162 3.000000
0.297317 -0.123905 -0.266185 3.000000
0.006380 -0.014015 0.303098 1.000000
0.278606 -0.041002 -0.129225 1.000000
0.014328 -0.069575 -0.129225 1.000000
-0.003536 -0.090007 0.103449 1.000000
-0.495079 0.063370 -0.108629 0.000000
-0.846903 0.073914 -0.140643 2.000000
-0.066471 0.018545 0.760004 1.000000
0.312423 -0.051847 -0.296232 1.000000
0.207176 -0.151330 0.247292 3.000000
-0.074993 0.025265 -0.676273 1.000000
0.152873 -0.082331 0.324158 3.000000
-0.550475 0.116308 0.005304 2.000000
0.724232 -0.091727 -0.032173 0.000000
-0.605051 0.135292 -0.019553 2.000000
0.054182 -0.002105 -0.505524 1.000000
-0.544984 0.077765 -0.100981 0.000000
0.155823 -0.082659 0.259202 3.000000
0.100099 -0.095688 0.047807 0.000000
0.182647 -0.075939 0.257508 3.000000
0.067157 -0.014479 -0.245453 1.000000
-0.766213 0.337809 0.003638 2.000000
0.228346 -0.161819 0.264528 3.000000
-0.305728 0.028871 -0.119883 0.000000
-0.788748 0.077328 -0.170799 2.000000
-0.072289 0.008848 0.714251 1.000000
0.200839 0.138652 -0.020946 0.000000
0.079421 -0.095688 0.042289 0.000000
-0.534440 -0.072033 0.014591 0.000000
0.128180 -0.138765 -0.282438 3.000000
-0.004656 0.014912 -0.553818 1.000000
0.075105 0.090467 0.086595 0.000000
-0.126620 0.011361 0.685433 1.000000
-0.147352 0.023653 0.824715 1.000000
0.025883 -0.004755 -0.371049 1.000000
0.679789 -0.056354 -0.088989 0.000000
-0.879681 0.094619 -0.311556 2.000000
0.178904 -0.140841 0.318012 3.000000
0.305211 -0.019696 -0.098113 1.000000
-0.845592 0.255070 -0.003164 2.000000
-0.044892 -0.030349 0.240327 1.000000
-0.805984 0.129392 -0.008900 0.000000
-0.816473 0.153211 -0.008272 2.000000
0.025337 -0.095688 -0.056375 1.000000
0.041972 0.050149 -0.117152 0.000000
0.017197 -0.037506 0.296132 1.000000
-0.876431 0.087490 0.273897 2.000000
-0.912214 0.089375 0.240463 2.000000
0.328867 -0.136170 -0.239006 3.000000
-0.783121 0.167497 -0.011905 2.000000
-0.674678 0.125923 0.001534 0.000000
-0.400403 0.015377 0.107710 0.000000
-0.748102 0.169491 -0.014773 2.000000
-0.353147 0.107703 0.072227 0.000000
0.177648 -0.110493 -0.356299 3.000000
0.233044 -0.134613 0.330878 3.000000
0.733983 -0.077441 -0.061510 0.000000
-0.762143 0.350647 -0.014527 2.000000
-0.064149 -0.040811 0.086923 1.000000
0.308517 -0.161928 -0.321199 3.000000
0.284534 -0.101725 0.304218 3.000000
-0.005776 0.138925 0.008008 0.000000
0.048500 -0.038162 0.321017 1.000000
-0.557823 0.145945 -0.008791 2.000000
0.156123 -0.054032 -0.250697 1.000000
0.035525 0.003631 0.422221 1.000000
0.198380 -0.075966 -0.069677 0.000000
-0.173302 -0.098065 -0.003273 0.000000
0.168197 -0.011119 -0.269463 1.000000
-0.307230 -0.097573 -0.000269 0.000000
0.299011 0.108495 -0.082406 0.000000
-0.619146 0.138023 0.008309 2.000000
0.886513 -0.044554 -0.064597 0.000000
-0.705162 0.091806 -0.015265 2.000000
0.405951 0.065774 -0.111279 0.000000
0.166230 -0.153461 -0.275008 3.000000
-0.914618 0.081890 0.179577 2.000000
-0.138720 -0.093694 0.022704 0.000000
0.020775 -0.027181 -0.339664 1.000000
0.318678 -0.014015 -0.114912 0.000000
0.087835 -0.087357 -0.098113 1.000000
0.236294 0.129938 0.038356 0.000000
0.328238 0.130047 -0.049300 0.000000
-0.584127 0.105818 -0.074649 0.000000
-0.120911 -0.084762 0.043764 0.000000
0.014110 -0.060315 -0.088416 0.000000
-0.021728 0.008084 -0.682228 1.000000
0.338236 -0.076622 0.322601 3.000000
-0.813769 0.315957 0.001616 2.000000
-0.014244 -0.019341 0.460353 1.000000
-0.053960 -0.037479 0.118035 1.000000
0.327173 -0.089160 -0.359249 3.000000
-0.350307 0.085605 0.090200 0.000000
-0.091082 0.000872 -0.616534 1.000000
-0.841139 0.388589 -0.012287 2.000000
-0.674269 -0.038790 -0.021930 0.000000
-0.506661 0.006527 0.100143 0.000000
0.138614 -0.006694 -0.313523 1.000000
-0.585602 0.131031 -0.028349 0.000000
-0.103265 0.140618 -0.001989 0.000000
0.354953 -0.081894 -0.257745 3.000000
-0.830186 0.066730 -0.061155 2.000000
0.164755 -0.157093 0.289604 3.000000
0.031974 -0.075420 0.059170 0.000000
-0.933493 0.037694 0.003610 0.000000
0.449820 -0.096863 0.003829 0.000000
-0.101025 0.002757 0.609305 1.000000
0.237332 -0.037998 0.086923 1.000000
0.700713 0.118711 0.033876 0.000000
-0.030633 -0.022974 0.357319 1.000000
-0.682108 0.052963 0.075122 0.000000
0.046561 -0.027317 0.420090 1.000000
-0.097966 0.007018 0.565217 1.000000
-0.061991 -0.014179 0.395042 1.000000
0.297153 -0.120218 0.328938 3.000000
0.680800 0.055913 -0.108520 0.000000
-0.882468 0.337645 -0.004967 2.000000
-0.103593 0.005024 -0.042580 1.000000
-0.898092 0.097159 0.308533 2.000000
0.132031 -0.126391 -0.327973 3.000000
-0.040767 0.026030 -0.713586 1.000000
0.007363 0.054329 -0.115895 0.000000
-0.154891 0.022042 -0.801296 1.000000
0.209607 -0.057091 0.295040 1.000000
0.548948 0.096149 -0.093578 0.000000
0.641657 -0.082713 -0.059188 0.000000
-0.596010 0.048620 0.090719 0.000000
0.103322 -0.023002 -0.133978 1.000000
0.002528 -0.027700 -0.197213 1.000000
0.421903 0.110735 -0.079620 0.000000
-0.846548 0.079596 -0.107646 2.000000
-0.037025 -0.004345 0.106344 0.000000
0.216627 -0.091099 -0.046295 0.000000
0.765997 0.100956 -0.042280 0.000000
0.052406 -0.076595 0.292581 1.000000
-0.817976 0.068560 0.079110 2.000000
0.307970 0.132178 0.033384 0.000000
-0.174558 -0.039992 0.059853 1.000000
0.240037 -0.066024 0.070861 0.000000
-0.024787 0.000981 0.444456 1.000000
0.261206 -0.120791 -0.298827 3.000000
0.101028 0.101229 0.078619 0.000000
-0.681016 0.132752 -0.018898 2.000000
0.350501 -0.052393 -0.076752 1.000000
-0.711691 0.185580 0.006123 2.000000
0.101711 -0.128795 0.259693 3.000000
-0.015172 -0.035048 -0.280171 1.000000
0.889135 -0.075229 -0.020919 0.000000
-0.009299 -0.011775 0.545605 1.000000
0.522561 0.102104 -0.089153 0.000000
-0.093459 0.087380 -0.100052 0.000000
0.311357 -0.139994 -0.241437 3.000000
0.000261 -0.043461 0.219239 1.000000
0.249816 0.003249 0.063459 1.000000
0.125721 -0.056627 0.221124 1.000000
0.561868 0.124666 -0.061291 0.000000
-0.856764 0.085332 -0.168887 2.000000
0.142602 -0.078971 0.274635 3.000000
-0.803116 0.194976 -0.000460 2.000000
-0.008343 -0.009644 0.564617 1.000000
0.143203 -0.049716 0.266140 1.000000
-0.931554 0.091259 0.296952 2.000000
0.127278 -0.007295 0.286025 1.000000
0.047571 -0.047285 0.247511 1.000000
0.167459 -0.056081 0.226696 1.000000
0.097586 -0.018440 -0.448981 1.000000
0.502102 0.009340 -0.119310 0.000000
0.159674 -0.068072 -0.129225 1.000000
0.021895 0.100246 -0.090519 0.000000
0.069397 0.005024 0.045021 1.000000
0.193109 -0.082850 0.324895 3.000000
0.017224 -0.000767 0.594281 1.000000
0.154648 -0.073726 -0.122779 1.000000
-0.074720 -0.031606 0.096620 0.000000
0.375385 -0.075229 -0.334201 3.000000
-0.077670 -0.057091 0.118035 1.000000
0.203680 -0.085554 0.230575 3.000000
0.298929 -0.124506 0.278049 3.000000
-0.012441 0.116881 -0.071999 0.000000
0.152381 -0.017866 -0.162577 1.000000
0.245472 -0.080337 -0.355125 3.000000
-0.808306 0.083638 0.044802 0.000000
-0.365521 -0.066379 -0.081614 0.000000
-0.834775 0.086998 -0.252746 2.000000
-0.093732 0.002812 0.532302 1.000000
0.118100 -0.023138 -0.122560 1.000000
0.151507 -0.072497 -0.297216 3.000000
-0.041641 -0.040511 -0.301395 1.000000
-0.700246 0.205520 0.006342 2.000000
-0.002580 -0.013086 0.104077 0.000000
0.242440 -0.089214 -0.086039 0.000000
0.053280 0.005024 -0.063231 1.000000
0.368857 -0.151767 -0.289950 3.000000
0.806479 0.073941 -0.055610 0.000000
0.212120 0.003959 -0.094644 1.000000
-0.164779 0.003440 0.027648 1.000000
0.171174 -0.143791 -0.255996 3.000000
0.253831 0.079514 0.094544 0.000000
0.169016 -0.015435 0.309134 1.000000
0.105972 -0.058949 -0.089426 0.000000
0.257519 -0.058239 0.286025 3.000000
0.586507 0.027778 0.108830 0.000000
0.680226 0.100328 -0.079620 0.000000
0.323677 -0.046302 -0.124035 1.000000
0.209307 -0.064603 0.167640 1.000000
-0.021045 -0.073945 -0.072190 0.000000
0.256644 -0.093749 -0.361626 3.000000
0.232060 -0.086264 -0.115403 1.000000
0.085759 -0.028902 0.406897 1.000000
0.058443 -0.017129 0.216671 1.000000
-0.074802 -0.006640 -0.465589 1.000000
-0.054780 -0.004127 -0.607930 1.000000
-0.008917 -0.037697 -0.266895 1.000000
-0.158688 0.004232 0.002408 1.000000
-0.093049 -0.001231 0.559399 1.000000
-0.290212 -0.072607 0.062666 0.000000
-0.238941 -0.095797 0.010275 0.000000
-0.226513 0.010269 -0.119419 0.000000
0.251154 -0.071787 0.235792 3.000000
0.009494 0.016415 -0.569388 1.000000
0.016459 -0.020270 0.475213 1.000000
0.590877 0.136221 -0.035369 0.000000
0.052543 -0.006230 0.326097 1.000000
-0.928303 0.048674 0.020682 0.000000
0.368310 -0.094705 -0.027885 0.000000
0.666050 0.037175 -0.114994 0.000000
-0.183791 0.039906 0.107273 0.000000
0.292892 -0.011229 -0.116032 0.000000
0.127305 -0.011802 0.229482 1.000000
-0.155438 0.019064 -0.715362 1.000000
-0.082450 0.066429 -0.111006 0.000000
-0.037571 0.025975 0.686635 1.000000
0.211082 -0.029230 -0.108766 0.000000
-0.628187 0.076673 0.077444 0.000000
0.070626 -0.004564 0.511187 1.000000
-0.851492 0.398286 0.000469 2.000000
-0.786426 0.042310 0.053789 0.000000
-0.065023 0.030919 0.719714 1.000000
0.153501 -0.099376 -0.346520 3.000000
-0.105751 0.000626 -0.546798 1.000000
0.165547 -0.090853 -0.041324 0.000000
-0.010529 -0.092902 0.040404 0.000000
0.234355 -0.164633 0.297061 3.000000
-0.230446 -0.081020 -0.063285 0.000000
0.296061 0.091997 -0.096638 0.000000
0.171092 -0.033081 0.295203 1.000000
-0.491364 -0.029503 0.087005 0.000000
0.103486 -0.054933 0.225795 1.000000
0.275082 -0.005629 -0.117370 0.000000
0.590467 0.060693 0.102137 0.000000
-0.028420 -0.002133 0.113173 1.000000
-0.889761 0.089484 -0.303908 2.000000
0.085622 -0.053021 -0.098113 1.000000
0.267106 -0.086619 0.019644 0.000000
0.309527 0.052471 0.105443 0.000000
0.248286 0.031739 0.108338 0.000000
-0.693280 0.115160 0.031855 0.000000
0.540589 0.123464 0.052614 0.000000
0.169808 -0.094486 -0.051376 0.000000
0.503631 0.134500 -0.039384 0.000000
-0.756762 0.119285 0.006806 0.000000
-0.174121 0.095384 -0.094125 0.000000
-0.015309 -0.092328 0.007817 0.000000
-0.857528 0.032968 -0.042553 0.000000
-0.013643 -0.051246 -0.134087 1.000000
0.148694 -0.041931 -0.129225 1.000000
0.344819 -0.018604 -0.111142 1.000000
-0.106488 0.028816 -0.853414 1.000000
0.315291 0.101694 -0.089454 0.000000
-0.035359 -0.014698 -0.388613 1.000000
0.086469 -0.025187 -0.286153 1.000000
0.516716 0.060010 0.102411 0.000000
0.206220 -0.111067 0.277366 3.000000
-0.151668 0.030619 -0.778761 1.000000
0.550478 0.137368 0.017268 0.000000
-0.102937 -0.015544 -0.129225 1.000000
0.223347 -0.096016 0.008882 0.000000
0.309527 -0.085609 -0.344116 3.000000
0.445777 -0.079818 0.053707 0.000000
0.015749 -0.093831 0.021830 0.000000
0.146344 -0.099977 0.323393 3.000000
-0.523596 -0.029639 0.082088 0.000000
0.220861 -0.102763 0.338362 3.000000
-0.582926 -0.029776 0.068676 0.000000
-0.767059 0.272662 -0.015265 2.000000
-0.089498 -0.058566 0.116915 1.000000
0.831746 -0.077496 -0.042826 0.000000
0.238425 -0.050973 0.276192 1.000000
0.065846 -0.055726 0.295203 1.000000
0.188410 -0.114645 0.302934 3.000000
0.320590 0.065255 0.100280 0.000000
-0.123779 0.013929 0.733372 1.000000
0.841443 0.060502 0.017459 0.000000
-0.026399 0.019529 -0.658600 1.000000
0.013646 -0.089378 -0.044629 0.000000
0.085349 -0.018604 -0.463840 1.000000
0.398931 -0.062445 -0.086504 0.000000
0.039705 0.000981 0.521813 1.000000
-0.609340 -0.043543 0.043218 0.000000
-0.026153 -0.053786 -0.098113 1.000000
-0.818713 0.287084 -0.011659 2.000000
0.107693 -0.048460 -0.285798 1.000000
-0.601418 -0.058976 -0.011577 0.000000
0.309855 -0.048296 0.086158 0.000000
0.795580 -0.091290 -0.008217 0.000000
-0.277756 0.123246 -0.064078 0.000000
0.132195 -0.086210 0.307605 3.000000
0.202915 -0.061353 -0.271457 3.000000
0.146918 0.036574 -0.118900 0.000000
0.526522 0.011744 -0.119610 0.000000
-0.214548 0.137149 0.018634 0.000000
-0.629335 0.048702 0.085229 0.000000
-0.787683 0.106228 -0.039903 0.000000
0.235912 -0.094705 -0.027857 0.000000
0.271531 -0.041521 -0.290878 1.000000
0.007418 0.005024 0.063650 1.000000
0.003593 -0.010382 -0.350290 1.000000
-0.273222 0.085304 -0.101609 0.000000
-0.876595 0.069243 -0.059762 2.000000
-0.892547 0.425492 -0.003219 2.000000
-0.020553 0.005024 0.062584 1.000000
-0.332907 0.037857 -0.118736 0.000000
-0.860260 0.072767 -0.061209 2.000000
0.177238 -0.099758 -0.289840 3.000000
-0.876212 0.326856 -0.004584 2.000000
0.074149 -0.076294 0.058105 0.000000
-0.783121 0.083392 -0.099588 2.000000
0.101328 -0.067826 -0.139769 1.000000
-0.695001 0.235376 -0.016904 2.000000
0.112856 -0.034447 0.273788 1.000000
0.042545 -0.010846 -0.541198 1.000000
0.255688 0.124666 0.050101 0.000000
0.763566 0.106693 -0.030616 0.000000
0.755317 -0.043816 -0.091666 0.000000
-0.769736 0.300250 -0.015456 2.000000
-0.024569 -0.018003 0.118035 1.000000
-0.637994 0.213005 -0.014691 2.000000
0.224795 -0.093121 0.348196 3.000000
-0.023422 -0.037096 0.139341 1.000000
0.055575 0.027286 -0.120074 0.000000
0.201167 -0.052912 0.086923 1.000000
-0.159043 -0.052557 0.020054 1.000000
0.040032 -0.023930 0.172557 1.000000
0.020830 0.005024 0.076707 1.000000
0.305867 0.026467 0.108994 0.000000
-0.909701 0.060010 0.030625 0.000000
0.309773 -0.109619 0.278159 3.000000
-0.190292 0.107703 0.072200 0.000000
-0.814670 0.186153 -0.001826 2.000000
0.239845 -0.164469 -0.313031 3.000000
0.150961 -0.139475 0.262124 3.000000
-0.606499 0.117045 -0.056101 0.000000
0.179014 -0.146550 0.245189 3.000000
-0.025661 -0.055835 0.086923 1.000000
-0.088870 0.133899 -0.040723 0.000000
0.294886 -0.121119 0.290369 3.000000
0.034733 -0.034693 -0.348815 1.000000
0.008619 -0.045455 -0.225758 1.000000
0.222664 -0.154307 0.287719 3.000000
0.122798 0.124885 0.049664 0.000000
-0.015746 0.013219 -0.541908 1.000000
-0.596911 0.126578 0.026801 0.000000
0.282949 -0.148434 -0.345455 3.000000
-0.535260 -0.009617 -0.103193 0.000000
-0.778477 0.367365 -0.014227 2.000000
0.051641 -0.021636 0.468029 1.000000
-0.254948 -0.083587 0.046359 0.000000
0.213267 -0.017347 0.102383 0.000000
0.191770 -0.150483 0.299328 3.000000
0.060847 -0.027427 0.117188 1.000000
0.304747 -0.155536 0.324103 3.000000
0.177839 -0.029749 -0.306394 1.000000
-0.207173 0.053974 0.104842 0.000000
0.020775 -0.028410 0.236639 1.000000
0.280218 -0.064084 0.086923 1.000000
-0.086520 0.028461 0.761643 1.000000
0.297754 -0.072661 0.276438 3.000000
0.841825 0.045424 0.045512 0.000000
0.019136 -0.020434 -0.239662 1.000000
0.691672 0.107922 0.056302 0.000000
0.262763 -0.130297 -0.235756 3.000000
-0.620075 0.163509 -0.018051 2.000000
-0.077861 -0.008060 -0.484901 1.000000
0.332063 -0.097218 0.001725 0.000000
0.139160 -0.151330 0.286217 3.000000
-0.973019 0.060748 0.010303 0.000000
0.586616 -0.030240 -0.108356 0.000000
-0.321024 -0.088832 0.034641 0.000000
-0.049754 -0.003580 0.606491 1.000000
0.311412 -0.071978 -0.263781 3.000000
0.118783 0.063561 -0.112180 0.000000
-0.646707 0.210464 -0.016385 2.000000
0.001763 0.002347 0.100198 0.000000
0.147464 0.005024 -0.056211 1.000000
0.032794 -0.096699 -0.016030 0.000000
-0.643566 0.124448 -0.031518 0.000000
0.325671 -0.068291 -0.271047 3.000000
0.075379 -0.092820 -0.112890 1.000000
0.298765 -0.133711 0.299683 3.000000
-0.100779 0.028160 0.788713 1.000000
-0.820461 0.082710 0.105333 2.000000
-0.827481 0.068205 0.069905 2.000000
0.696151 0.115625 0.042590 0.000000
0.015039 -0.004427 -0.098113 1.000000
-0.876458 0.035563 0.027539 0.000000
0.234355 -0.152586 -0.279105 3.000000
0.376095 -0.145621 -0.265175 3.000000
-0.340746 -0.070094 -0.076998 0.000000
0.214524 -0.032453 0.254804 1.000000
-0.044673 -0.019123 0.118035 1.000000
-0.104303 0.004314 -0.595501 1.000000
0.747040 -0.089105 -0.035970 0.000000
0.683094 -0.071514 -0.073064 0.000000
-0.117906 -0.018604 0.101864 0.000000
0.462713 -0.085691 0.041661 0.000000
0.872691 0.020649 0.042808 0.000000
-0.133612 -0.065477 -0.019198 1.000000
-0.770228 0.377772 -0.012752 2.000000
-0.733844 0.004287 0.049446 0.000000
-0.648237 0.235349 -0.012670 2.000000
-0.300319 0.134035 -0.040395 0.000000
0.304173 -0.146550 -0.264792 3.000000
-0.122905 0.010979 0.616161 1.000000
-0.656732 0.040780 0.081596 0.000000
0.094554 -0.021390 -0.156404 1.000000
0.049320 0.043949 0.106754 0.000000
0.183466 -0.073754 -0.128214 1.000000
-0.160109 -0.070339 -0.076670 0.000000
-0.637720 -0.039391 0.036853 0.000000
0.069670 -0.025296 -0.304454 1.000000
-0.636027 0.118384 0.036252 0.000000
-0.729255 0.121252 -0.019198 0.000000
0.438784 0.027587 -0.120047 0.000000
-0.740509 0.099044 -0.056320 0.000000
0.018398 0.013328 0.597204 1.000000
0.289232 -0.041576 0.143848 1.000000
0.626579 -0.093121 0.024916 0.000000
0.224030 -0.063374 -0.173258 1.000000
-0.008589 -0.013660 -0.539286 1.000000
-0.175678 0.119695 0.057313 0.000000
0.368283 -0.016446 -0.113928 0.000000
-0.066553 0.005024 0.023469 1.000000
0.147355 0.012727 -0.119747 0.000000
0.166066 -0.015981 -0.183337 1.000000
-0.039292 0.026276 -0.682556 1.000000
-0.568694 -0.049197 -0.061920 0.000000
-0.537336 0.137504 0.001452 0.000000
0.579077 -0.089488 0.033193 0.000000
-0.504148 0.005215 -0.111333 0.000000
0.220643 -0.114672 0.222216 3.000000
-0.617725 0.092325 0.010084 2.000000
-0.143036 -0.005547 0.106207 0.000000
0.063715 0.020922 0.109595 0.000000
-0.021783 -0.023821 0.258437 1.000000
0.133697 -0.036359 0.334401 1.000000
-0.663698 0.121061 -0.035096 0.000000
0.842699 0.032613 -0.068885 0.000000
0.043693 -0.064630 0.293264 1.000000
0.250553 -0.139174 0.229510 3.000000
-0.013533 -0.023193 -0.111197 0.000000
0.241703 -0.026498 -0.170472 1.000000
-0.085537 -0.081320 0.074849 0.000000
0.297071 -0.119398 -0.337451 3.000000
-0.068520 -0.036468 -0.300630 1.000000
0.156205 -0.106396 -0.255095 3.000000
0.016541 -0.048897 0.195884 1.000000
0.757693 0.026849 0.092877 0.000000
0.062732 -0.068591 -0.098113 1.000000
0.115505 -0.005929 -0.315025 1.000000
-0.559707 0.098744 0.009428 2.000000
-0.035714 0.019693 0.597832 1.000000
-0.202502 0.141001 -0.004257 0.000000
0.245472 -0.067553 0.261414 3.000000
-0.527393 0.120705 -0.008272 2.000000
0.328293 -0.004318 -0.022804 1.000000
0.241839 0.015541 0.108912 0.000000
0.670693 -0.034283 0.093069 0.000000
-0.022302 0.074132 -0.107919 0.000000
0.235912 -0.061489 0.293920 3.000000
-0.168139 0.036000 -0.904931 1.000000
0.851249 0.000162 -0.080522 0.000000
-0.245989 0.038458 0.107464 0.000000
-0.146806 0.024609 -0.847104 1.000000
-0.540532 0.111719 0.062858 0.000000
0.024299 -0.095743 -0.021684 0.000000
-0.085728 0.015377 -0.120074 0.000000
-0.518652 0.103770 -0.083909 0.000000
-0.059205 0.024609 0.709717 1.000000
0.164209 -0.062609 0.118035 1.000000
-0.832562 0.076946 -0.181698 2.000000
0.236895 -0.093448 -0.306721 3.000000
0.729121 0.034935 -0.108848 0.000000
0.844693 -0.083314 0.007680 0.000000
0.004085 -0.006667 0.584803 1.000000
0.172267 -0.042587 0.273733 1.000000
-0.037025 -0.026826 -0.313905 1.000000
0.171966 -0.094322 0.057531 0.000000
0.130720 -0.040183 0.092167 0.000000
0.256754 -0.077660 0.341531 3.000000
0.108021 -0.091318 0.029178 0.000000
0.550696 -0.063592 0.073893 0.000000
0.232607 0.003576 -0.081396 1.000000
-0.017221 -0.004127 -0.414153 1.000000
0.302589 -0.042696 0.090310 0.000000
-0.607455 0.129501 0.013936 0.000000
-0.840921 0.082218 -0.127204 2.000000
0.055684 -0.025678 -0.150012 1.000000
0.242058 -0.089242 0.078974 1.000000
0.230203 -0.105085 0.339427 3.000000
0.166312 -0.153105 -0.320516 3.000000
0.175791 -0.133329 0.234372 3.000000
-0.700273 -0.032726 0.001999 0.000000
0.143230 -0.071787 -0.285825 1.000000
0.161204 -0.010518 0.246992 1.000000
0.655205 0.039305 0.104186 0.000000
-0.042187 0.101994 0.078045 0.000000
0.637723 0.017972 -0.118791 0.000000
0.299503 -0.075229 -0.309808 3.000000
-0.016101 0.004860 0.087769 0.000000
-0.158934 0.004205 0.072910 1.000000
-0.133940 0.015814 -0.751855 1.000000
-0.439819 -0.089488 0.010904 0.000000
-0.660447 0.107649 0.008746 2.000000
0.272870 -0.053568 0.302196 3.000000
-0.532173 0.079377 0.089545 0.000000
0.675118 -0.000931 0.103230 0.000000
0.614451 0.094619 0.082252 0.000000
-0.087968 0.080142 -0.105433 0.000000
0.090867 -0.032972 -0.098113 1.000000
-0.472543 -0.083014 -0.029114 0.000000
0.164181 -0.013578 0.203587 1.000000
-0.748184 0.118110 0.014591 0.000000
0.466619 -0.094350 -0.030042 0.000000
-0.189445 0.029963 0.812068 1.000000
0.358805 -0.084243 0.245161 3.000000
0.064125 0.004833 -0.099069 0.000000
-0.128614 0.030373 0.743069 1.000000
0.149349 0.136740 -0.032310 0.000000
0.639663 0.048401 -0.115158 0.000000
-0.073628 -0.076677 0.057613 0.000000
0.649797 0.080388 -0.100189 0.000000
0.605573 0.024910 0.109048 0.000000
0.117964 -0.003635 0.086923 1.000000
-0.770529 0.084130 -0.123407 2.000000
0.359050 -0.018440 -0.028977 1.000000
0.368502 -0.119070 0.344399 3.000000
-0.656022 -0.018085 -0.068940 0.000000
0.601121 0.128272 -0.053261 0.000000
0.265495 -0.066624 -0.274462 3.000000
0.316984 -0.077469 0.341367 3.000000
0.335914 -0.137044 0.243577 3.000000
0.189803 -0.068810 -0.306202 3.000000
0.371178 -0.096781 0.004375 0.000000
-0.142435 -0.062336 0.075450 0.000000
-0.032709 -0.090280 -0.018570 1.000000
-0.015992 -0.038927 -0.098113 1.000000
0.051751 0.007974 -0.475094 1.000000
0.295351 -0.080064 0.043628 0.000000
0.198408 -0.109155 -0.358976 3.000000
0.926039 -0.036523 0.035624 0.000000
0.269292 -0.028629 -0.128925 1.000000
-0.567492 0.123191 0.041907 0.000000
0.173769 -0.038544 -0.284705 1.000000
-0.043936 0.120487 0.056329 0.000000
-0.152460 -0.056490 0.000387 1.000000
-0.702731 0.070855 -0.078664 0.000000
-0.819970 0.125294 -0.003902 2.000000
-0.660611 0.209262 0.006205 2.000000
-0.469867 -0.085855 0.003883 0.000000
0.062923 -0.017183 -0.223436 1.000000
-0.323210 0.102267 0.077827 0.000000
0.858160 0.030428 0.046687 0.000000
0.325152 -0.138437 -0.254931 3.000000
-0.530971 -0.074601 -0.013954 0.000000
-0.013752 -0.092520 0.082115 0.000000
-0.667030 0.060802 0.076980 0.000000
-0.047924 -0.004290 0.435141 1.000000
-0.180868 -0.006011 0.004921 1.000000
-0.032245 -0.020926 0.368081 1.000000
-0.822892 0.089101 -0.186560 2.000000
0.191770 -0.160836 -0.306694 3.000000
-0.076960 -0.042833 -0.101391 0.000000
-0.695001 0.115051 -0.017996 2.000000
0.164755 0.017589 0.109157 0.000000
0.082645 -0.095688 -0.020673 0.000000
0.264238 -0.155427 -0.294976 3.000000
0.315018 -0.136907 0.344289 3.000000
-0.764492 0.055776 0.059279 0.000000
-0.933466 0.092297 -0.027229 0.000000
0.157325 -0.090607 -0.261651 3.000000
-0.339599 -0.093831 0.021966 0.000000
-0.752500 0.071319 -0.112426 2.000000
-0.329574 0.138679 -0.020810 0.000000
0.485767 0.135101 -0.038073 0.000000
-0.910630 0.036273 -0.026928 0.000000
0.232634 -0.056490 -0.091257 0.000000
0.463095 0.062605 -0.112563 0.000000
-0.864275 0.067030 -0.051130 0.000000
-0.290431 -0.005328 0.106235 0.000000
0.038093 -0.032398 0.363274 1.000000
-0.094032 0.006281 0.552980 1.000000
-0.111296 -0.057064 -0.098113 1.000000
0.087971 0.001282 0.446040 1.000000
0.042819 -0.013905 0.517224 1.000000
0.416550 -0.037998 -0.104996 0.000000
0.554985 -0.023521 -0.111060 0.000000
0.230148 -0.077851 -0.336277 3.000000
0.099881 0.075799 -0.107236 0.000000
0.213486 -0.067089 0.153791 1.000000
0.371643 -0.115683 -0.352502 3.000000
0.034132 0.008930 -0.486157 1.000000
0.194529 -0.075202 0.315909 3.000000
0.140034 -0.011338 0.233033 1.000000
0.351402 0.035317 -0.119064 0.000000
-0.036233 -0.084516 -0.055446 0.000000
0.232989 -0.144556 0.336996 3.000000
0.213623 0.003932 0.026583 1.000000
0.328730 -0.063893 -0.292108 1.000000
0.399505 0.094674 -0.094644 0.000000
-0.005311 -0.026935 -0.379271 1.000000
-0.356835 0.121170 -0.066645 0.000000
0.160712 -0.024695 0.275864 1.000000
0.163635 -0.155919 -0.285579 3.000000
-0.866324 0.081863 -0.226223 2.000000
-0.005038 -0.022182 -0.111607 0.000000
0.225532 -0.024859 -0.196722 1.000000
-0.047323 -0.019177 0.362973 1.000000
-0.402616 0.070090 0.097603 0.000000
0.195949 -0.099949 0.237404 3.000000
-0.903364 0.087462 0.265238 2.000000
-0.844226 0.090768 0.205854 2.000000
0.466346 0.053810 0.104896 0.000000
0.194420 0.003658 0.086923 1.000000
0.277787 -0.006585 0.086923 1.000000
-0.832999 0.090686 0.202030 2.000000
-0.797380 0.149988 -0.001006 2.000000
0.325398 -0.059359 -0.263945 3.000000
0.272843 -0.064822 -0.279980 3.000000
0.648732 0.006335 -0.116797 0.000000
0.691398 -0.053240 -0.090574 0.000000
0.129955 0.007537 0.107874 0.000000
-0.944856 0.093144 -0.313960 2.000000
0.146754 -0.128849 -0.263454 3.000000
0.060109 0.003057 -0.539777 1.000000
-0.275325 -0.018413 0.101946 0.000000
0.376205 0.057142 -0.114748 0.000000
-0.439082 -0.047258 -0.092185 0.000000
0.129600 -0.014834 -0.205326 1.000000
0.217228 0.108523 -0.082379 0.000000
0.097504 -0.006831 -0.306421 1.000000
-0.722890 0.218495 -0.017040 2.000000
0.043665 0.002948 0.567184 1.000000
0.038940 -0.065860 -0.303881 1.000000
-0.366450 0.134828 -0.038701 0.000000
0.028533 0.119203 -0.069076 0.000000
0.370523 -0.145402 -0.337725 3.000000
-0.113372 -0.063019 0.111807 1.000000
0.326408 0.106474 -0.084947 0.000000
0.206493 -0.019778 0.235055 1.000000
0.067211 -0.054005 -0.129225 1.000000
-0.813960 0.254224 0.000059 2.000000
0.698309 -0.043188 0.086404 0.000000
0.000261 -0.017702 -0.503858 1.000000
0.105726 -0.047667 -0.129225 1.000000
-0.171253 0.035290 0.823021 1.000000
0.074067 -0.015244 0.221124 1.000000
0.157735 0.007838 0.107928 0.000000
0.174343 -0.035239 -0.106362 0.000000
0.117636 0.005024 -0.015237 1.000000
0.240610 -0.085035 -0.343707 3.000000
-0.013288 -0.026279 0.356964 1.000000
-0.058713 -0.083915 0.096073 1.000000
0.359050 -0.025651 0.024288 1.000000
0.814400 -0.086018 -0.028130 0.000000
0.306659 -0.126937 0.235546 3.000000
-0.856081 0.455949 -0.011304 2.000000
0.137740 -0.081566 -0.129225 1.000000
-0.671947 0.002129 -0.078883 0.000000
-0.616169 -0.027727 0.061246 0.000000
-0.911859 0.096722 0.310910 2.000000
-0.050819 0.028434 -0.726097 1.000000
0.370195 -0.086483 -0.051103 0.000000
-0.035522 -0.013851 0.500316 1.000000
0.327228 -0.149964 -0.322646 3.000000
0.107638 -0.056217 -0.306394 1.000000
-0.874847 0.088309 -0.211336 2.000000
0.308353 -0.066215 -0.275309 3.000000
-0.834665 0.075034 0.148273 2.000000
-0.093322 0.003331 0.638942 1.000000
-0.812349 0.079104 -0.197896 2.000000
0.703936 -0.093476 0.015383 0.000000
-0.825160 0.138542 -0.007043 2.000000
-0.022548 -0.042696 0.184548 1.000000
0.249242 -0.049880 0.282365 1.000000
0.119302 -0.015790 0.187116 1.000000
0.146563 -0.138655 -0.260941 3.000000
-0.262269 -0.054851 -0.092458 0.000000
0.128453 -0.032016 -0.098113 1.000000
0.536055 0.110052 0.069277 0.000000
-0.157486 -0.007541 -0.117124 0.000000
0.276913 -0.046575 0.149694 1.000000
0.025282 -0.016965 0.505506 1.000000
0.223292 0.140892 -0.003574 0.000000
0.293520 -0.037206 0.118035 1.000000
0.238043 -0.089542 -0.075714 0.000000
0.057077 0.005106 0.488816 1.000000
0.302999 -0.062882 0.277503 3.000000
0.084802 0.005024 0.007079 1.000000
-0.004574 -0.042095 -0.289130 1.000000
0.309773 -0.001450 -0.074403 1.000000
0.180571 0.051269 0.105825 0.000000
0.507483 0.048975 0.106125 0.000000
0.368201 -0.095743 0.228280 3.000000
0.176473 -0.143654 0.258683 3.000000
-0.076578 0.121907 -0.065717 0.000000
-0.528813 0.133298 0.024944 0.000000
0.291335 0.000271 0.074576 1.000000
0.356100 -0.124315 0.333882 3.000000
0.323813 -0.052775 0.086923 1.000000
-0.005311 -0.025569 -0.301668 1.000000
0.265358 -0.085144 0.332598 3.000000
0.062158 -0.025323 0.437954 1.000000
-0.041504 -0.089242 -0.089590 1.000000
-0.068602 -0.021062 0.086923 1.000000
0.402537 0.013492 -0.119829 0.000000
-0.023476 -0.043516 -0.129225 1.000000
-0.814015 0.006608 0.017896 0.000000
-0.741356 0.028953 0.060536 0.000000
0.494535 0.136603 0.021912 0.000000
-0.082177 0.030837 -0.730112 1.000000
-0.023531 -0.037943 -0.237914 1.000000
-0.230282 -0.097245 0.001644 0.000000
0.226461 -0.164196 -0.288939 3.000000
0.221763 -0.038025 0.234645 1.000000
0.718632 0.034361 -0.110596 0.000000
-0.219055 0.107403 -0.083772 0.000000
0.059153 0.005024 -0.024006 1.000000
-0.053496 -0.079053 0.112681 1.000000
0.074395 -0.021472 -0.465042 1.000000
0.178604 -0.048159 0.295203 1.000000
0.703581 0.068369 0.089627 0.000000
-0.358856 -0.008907 0.105770 0.000000
-0.131045 0.013055 0.108584 0.000000
-0.005066 -0.032753 0.306785 1.000000
0.119657 -0.068700 -0.078719 0.000000
0.285107 0.085933 -0.101145 0.000000
0.245418 -0.107106 0.276738 3.000000
0.272624 -0.094350 0.337597 3.000000
0.179232 -0.013305 -0.222207 1.000000
-0.029322 -0.042505 -0.301695 1.000000
0.153665 -0.059632 -0.215952 1.000000
-0.003727 -0.015244 -0.317921 1.000000
0.055411 -0.073945 -0.098113 1.000000
0.843218 0.044522 -0.056211 0.000000
0.124710 -0.004891 0.357947 1.000000
-0.815271 0.021195 -0.047169 0.000000
-0.092666 -0.002597 -0.511506 1.000000
-0.813523 0.017371 0.033493 0.000000
0.029106 -0.095688 0.013662 0.000000
0.113129 0.139034 0.007489 0.000000
-0.301658 0.051843 0.105688 0.000000
0.071691 0.001036 0.504632 1.000000
-0.013970 -0.016555 0.310691 1.000000
0.143941 -0.141606 -0.280772 3.000000
-0.165654 -0.002351 -0.106908 1.000000
0.193054 -0.045100 -0.261569 1.000000
-0.619446 0.178724 -0.016576 2.000000
0.158937 -0.083342 -0.128023 1.000000
0.263856 -0.041740 -0.134442 1.000000
0.154020 0.105846 0.074494 0.000000
0.200238 -0.084571 -0.055337 0.000000
-0.099796 0.012317 0.596139 1.000000
-0.391990 0.128299 -0.053097 0.000000
0.202942 -0.043570 0.294821 1.000000
0.242495 0.140509 -0.001416 0.000000
0.374811 -0.063538 0.302415 3.000000
0.269783 0.002293 -0.097894 1.000000
0.282895 0.001063 0.008281 1.000000
-0.713630 -0.021608 -0.037226 0.000000
-0.464212 0.110708 0.066900 0.000000
-0.172155 -0.007022 0.095090 1.000000
0.627480 0.115270 0.059006 0.000000
0.146590 -0.009508 0.256497 1.000000
0.189230 -0.120136 0.238360 3.000000
0.119958 0.080115 -0.105461 0.000000
0.149731 -0.083287 -0.098113 1.000000
0.188082 -0.097737 -0.009884 0.000000
0.838301 -0.015981 -0.085985 0.000000
0.473257 0.076318 -0.107018 0.000000
-0.292643 -0.052448 -0.094261 0.000000
0.133096 -0.112077 0.321426 3.000000
0.020775 -0.029885 0.210880 1.000000
0.416440 0.022615 -0.120703 0.000000
0.091112 -0.063866 -0.163178 1.000000
0.386393 0.136658 -0.032665 0.000000
0.109277 -0.118387 0.319706 3.000000
-0.255576 -0.062718 0.074958 0.000000
-0.521602 0.052799 0.099488 0.000000
-0.036260 -0.018549 -0.436252 1.000000
0.116844 -0.098365 -0.006141 0.000000
0.094418 -0.095688 -0.049955 0.000000
0.050358 -0.008989 0.501600 1.000000
-0.791643 0.083529 0.095035 2.000000
0.100427 -0.138218 0.282420 3.000000
0.311357 -0.001668 0.024752 1.000000
0.317940 -0.004454 0.092440 1.000000
0.891676 -0.068291 0.027293 0.000000
0.423133 -0.033846 0.095718 0.000000
-0.010829 0.010897 0.108311 0.000000
-0.172674 0.040452 0.853314 1.000000
0.022468 -0.007295 0.116778 1.000000
0.174425 -0.072224 -0.304782 3.000000
-0.702158 -0.020543 -0.046323 0.000000
-0.799865 0.067030 0.069004 2.000000
-0.057238 -0.081593 -0.117261 1.000000
0.196769 -0.090744 -0.106499 1.000000
0.074204 -0.004099 -0.346110 1.000000
0.138696 -0.013742 -0.393530 1.000000
-0.858867 0.265669 -0.006797 2.000000
-0.948052 0.090167 0.014700 0.000000
-0.683228 0.058918 -0.085302 0.000000
-0.029704 -0.040620 -0.201120 1.000000
0.119876 -0.065259 -0.169625 1.000000
0.311849 0.123710 -0.063449 0.000000
0.104716 -0.049825 -0.273041 1.000000
-0.713740 0.286347 0.004566 2.000000
0.297700 -0.132291 -0.270665 3.000000
-0.042788 -0.013031 -0.510140 1.000000
-0.538265 0.056350 0.098286 0.000000
0.940297 -0.016309 0.010111 0.000000
0.011706 0.028925 -0.119883 0.000000
-0.001624 0.122699 -0.064760 0.000000
0.275301 -0.073836 -0.072327 0.000000
-0.714450 -0.004700 0.048981 0.000000
0.290980 0.015049 -0.120047 0.000000
0.212666 -0.105276 -0.360233 3.000000
0.445395 0.140509 -0.009774 0.000000
0.080377 -0.087931 -0.047852 0.000000
0.742997 -0.095005 -0.007453 0.000000
-0.587515 -0.022100 -0.084592 0.000000
-0.187260 0.038950 -0.118599 0.000000
-0.757963 0.114723 -0.031026 0.000000
0.693611 0.127343 0.007680 0.000000
-0.091164 -0.002870 0.496792 1.000000
0.274946 0.135975 0.024916 0.000000
-0.013479 -0.017976 0.102110 0.000000
0.725980 0.121470 0.006424 0.000000
0.240364 -0.030295 -0.287519 1.000000
0.647857 0.102404 0.071817 0.000000
-0.010501 -0.082140 -0.126166 1.000000
-0.549082 0.119558 -0.062985 0.000000
0.003238 -0.000576 0.591085 1.000000
-0.791643 0.370970 0.002955 2.000000
0.281665 -0.154225 0.273488 3.000000
0.688558 0.039988 -0.112617 0.000000
0.360771 -0.087384 0.230630 3.000000
0.344546 -0.065750 0.324076 3.000000
0.183275 -0.025132 -0.288966 1.000000
0.125858 0.005024 0.050074 1.000000
-0.351099 0.011034 -0.119528 0.000000
-0.032408 -0.046930 0.125137 1.000000
0.669000 -0.095388 0.012242 0.000000
0.888289 0.014885 -0.046842 0.000000
0.591970 -0.021417 -0.111934 0.000000
-0.806640 0.209781 -0.010812 2.000000
0.166148 -0.074054 0.286080 3.000000
0.030636 -0.024285 -0.190904 1.000000
0.330451 0.137914 0.014127 0.000000
0.023151 -0.046493 0.226259 1.000000
-0.127303 0.022397 -0.834321 1.000000
0.144787 -0.013550 0.204953 1.000000
0.003894 0.005024 -0.026628 1.000000
-0.863593 0.087244 0.181489 2.000000
-0.523105 0.091560 -0.093114 0.000000
0.320590 -0.063620 0.246172 3.000000
0.289560 -0.090362 -0.042444 0.000000
-0.268223 0.037229 -0.118818 0.000000
0.151644 -0.003935 -0.098113 1.000000
0.010887 0.011116 -0.512298 1.000000
-0.109848 0.008302 0.678550 1.000000
-0.846302 0.010678 -0.009201 0.000000
-0.058413 -0.086319 0.007134 0.000000
0.274700 -0.122731 -0.245343 3.000000
0.215179 -0.065750 -0.307596 3.000000
0.076444 -0.044936 -0.297298 1.000000
0.112364 -0.043734 0.302906 1.000000
0.915194 0.000981 0.024261 0.000000
0.168142 0.004751 0.020819 1.000000
-0.191876 0.020840 0.109595 0.000000
0.148694 -0.054688 -0.246545 1.000000
0.571155 0.138461 -0.022012 0.000000
-0.730484 0.296590 0.004484 2.000000
-0.725458 0.338465 -0.001552 2.000000
0.247275 0.135210 0.026637 0.000000
0.534498 -0.084789 -0.054845 0.000000
0.223729 -0.048077 -0.199645 1.000000
0.137931 -0.064248 0.274635 1.000000
0.136292 -0.018440 0.151059 1.000000
0.316875 -0.140049 -0.337643 3.000000
-0.886155 0.079295 -0.185113 2.000000
0.646218 -0.072962 -0.072682 0.000000
0.664056 0.091997 0.078865 0.000000
0.900990 -0.046657 0.046113 0.000000
-0.074092 -0.008442 -0.495362 1.000000
-0.574021 0.086698 -0.091857 0.000000
0.234574 -0.132291 0.346065 3.000000
0.274345 -0.059632 0.077745 0.000000
0.053554 0.000271 -0.121577 0.000000
0.613085 -0.098420 -0.005404 0.000000
0.549330 -0.086073 0.040814 0.000000
0.346130 -0.072798 -0.267578 3.000000
0.205619 -0.061954 -0.325651 3.000000
-0.085428 0.003030 -0.108001 0.000000
-0.104603 -0.059113 0.086923 1.000000
0.868703 -0.069329 0.035023 0.000000
0.111189 -0.120218 0.258765 3.000000
-0.099577 -0.071732 -0.115731 1.000000
0.415593 -0.027263 -0.109558 0.000000
0.287047 -0.158732 -0.264218 3.000000
-0.793938 -0.005738 -0.007152 0.000000
-0.040166 -0.025023 0.281163 1.000000
0.460528 0.098553 0.080585 0.000000
0.627972 -0.041166 0.090801 0.000000
0.249433 -0.072989 -0.348541 3.000000
-0.277265 -0.058129 -0.090055 0.000000
0.023479 -0.009535 -0.333955 1.000000
-0.496745 0.087626 0.085666 0.000000
-0.101489 -0.094022 0.020792 0.000000
-0.559980 0.039005 -0.109094 0.000000
-0.343478 0.079350 -0.105816 0.000000
-0.174668 -0.000849 0.041169 1.000000
0.332882 -0.164906 0.280535 3.000000
-0.080702 0.013082 0.108584 0.000000
-0.086083 0.023462 -0.668871 1.000000
0.298847 -0.105194 -0.317975 3.000000
-0.876540 0.107621 0.005249 0.000000
-0.874765 0.078858 -0.186533 2.000000
-0.800084 0.080415 0.067884 2.000000
0.553428 -0.044171 0.089217 0.000000
0.301223 -0.105740 -0.230839 3.000000
0.250116 -0.143217 -0.260449 3.000000
-0.468583 0.138433 -0.019089 0.000000
-0.864631 0.322540 -0.003273 2.000000
-0.451647 -0.032890 0.090282 0.000000
0.099635 -0.001040 0.364284 1.000000
0.403247 -0.022291 0.100389 0.000000
0.352522 0.007237 0.107846 0.000000
0.249297 -0.084516 0.086923 1.000000
0.300868 -0.119261 -0.362527 3.000000
-0.370848 0.082983 0.092140 0.000000
-0.682900 0.295306 -0.007289 2.000000
0.182100 -0.013523 -0.256734 1.000000
0.567878 -0.048405 -0.097239 0.000000
-0.492211 -0.012594 -0.106089 0.000000
0.211410 0.140837 -0.007972 0.000000
-0.038090 0.003057 -0.098113 1.000000
0.279753 -0.118524 0.299164 3.000000
-0.019242 -0.025569 0.286681 1.000000
0.325616 -0.044963 -0.098113 1.000000
0.085294 -0.075365 0.086923 1.000000
0.897931 -0.058129 0.038328 0.000000
0.326053 -0.077769 -0.337506 3.000000
0.101055 -0.001450 0.422521 1.000000
0.316356 -0.110821 -0.298554 3.000000
0.073385 -0.066133 0.274635 1.000000
-0.151723 -0.056927 0.061465 1.000000
0.212448 -0.149746 0.307632 3.000000
-0.866188 0.382142 -0.001498 2.000000
-0.104330 0.023735 0.674917 1.000000
0.451623 0.030154 0.108529 0.000000
0.488881 0.038486 0.107464 0.000000
0.253858 -0.048760 -0.150722 1.000000
-0.085564 0.005024 -0.025016 1.000000
0.100755 -0.085363 0.303016 3.000000
-0.052622 0.097050 -0.092895 0.000000
