0.346047 -0.040494 0.073174 0.000000
-0.052572 -0.034665 0.216096 1.000000
-0.144292 0.022556 -0.053402 0.000000
-0.274222 -0.029883 -0.112122 0.000000
0.100152 -0.034570 -0.193635 1.000000
-0.088736 0.036665 -0.033749 0.000000
0.655564 0.009494 0.047121 0.000000
-0.114313 0.019915 -0.047311 0.000000
-0.156473 0.003712 0.060279 0.000000
0.468293 0.028742 0.035320 0.000000
-0.046362 -0.023316 -0.393230 1.000000
-0.186880 -0.005638 -0.544145 1.000000
0.067509 -0.015203 -0.227467 1.000000
-0.237653 0.016988 -0.048929 0.000000
0.051711 -0.015702 0.229396 1.000000
0.173933 -0.018557 -0.208124 1.000000
-0.176578 -0.040494 0.052522 0.000000
-0.007651 -0.028003 0.322377 1.000000
0.136317 -0.036616 -0.160896 0.000000
-0.265419 -0.007399 0.556328 1.000000
-0.235345 0.012278 0.062301 2.000000
0.107575 -0.040494 0.087497 0.000000
0.833769 0.007305 -0.052426 0.000000
-0.037440 -0.034094 0.221615 1.000000
-0.270415 -0.040494 0.043672 0.000000
0.023636 0.027314 0.024923 0.000000
0.377049 -0.012490 -0.088662 0.000000
-0.267085 -0.040494 0.091875 0.000000
0.008432 -0.030930 0.280050 1.000000
-0.329302 0.095670 0.136914 2.000000
-0.231895 0.040043 -0.080335 2.000000
0.282831 0.029575 -0.047501 0.000000
-0.350406 0.009208 -0.710764 1.000000
0.099224 -0.040494 0.048192 0.000000
-0.193542 -0.019438 0.456233 1.000000
-0.356259 0.019344 0.796775 1.000000
0.849282 -0.034713 -0.022400 0.000000
-0.126519 -0.039780 -0.171055 0.000000
-0.319499 0.059506 -0.108362 2.000000
-0.330729 0.031169 0.071509 2.000000
0.457063 0.021842 0.040935 0.000000
-0.411124 0.125173 -0.169890 2.000000
0.662820 -0.039519 0.028135 0.000000
0.404291 0.044564 0.002915 0.000000
-0.106961 -0.034261 0.250381 1.000000
-0.234536 -0.006923 0.046669 2.000000
0.163987 -0.040423 -0.120473 0.000000
-0.013838 -0.040447 0.108506 0.000000
-0.081813 -0.031881 -0.293753 1.000000
0.146714 0.014776 -0.068177 0.000000
-0.173889 -0.030668 -0.329252 1.000000
-0.229302 -0.004734 0.060445 0.000000
0.224801 -0.010801 -0.149666 1.000000
0.153233 -0.014537 -0.209147 1.000000
0.492371 -0.023530 -0.092160 0.000000
-0.227018 -0.007494 -0.548475 1.000000
0.057112 -0.040494 -0.032417 0.000000
-0.380646 0.056936 0.100559 2.000000
0.048546 0.024079 0.039770 0.000000
-0.174389 -0.005662 0.523589 1.000000
-0.446575 -0.038305 0.000250 0.000000
-0.326090 -0.006066 -0.047834 2.000000
-0.072153 -0.016202 -0.359516 1.000000
0.100580 -0.034261 0.187164 1.000000
-0.015741 -0.013395 0.345098 1.000000
-0.223187 -0.019319 0.035558 0.000000
0.137197 -0.012229 -0.190613 1.000000
0.531986 -0.040494 -0.005983 0.000000
-0.476934 0.021224 0.848071 1.000000
0.140956 -0.004306 0.109267 0.000000
-0.513075 0.021842 0.854947 1.000000
0.212167 0.021485 0.043315 0.000000
-0.471985 0.151630 -0.202224 2.000000
-0.135512 -0.035212 -0.259159 0.000000
-0.190473 -0.005472 0.568343 1.000000
0.543691 0.018678 0.042577 0.000000
-0.337891 0.018678 0.061564 2.000000
0.031154 0.045468 -0.007482 0.000000
0.008052 -0.032048 0.256257 1.000000
0.344691 -0.040494 -0.007506 0.000000
-0.328517 -0.006138 0.038318 2.000000
-0.210625 -0.024077 0.408648 1.000000
0.873788 -0.019652 0.029586 0.000000
-0.416620 0.010136 -0.765701 1.000000
-0.423068 0.030146 0.855566 1.000000
-0.329064 0.017226 0.068630 2.000000
-0.359518 -0.000761 -0.065631 2.000000
0.007885 0.026315 -0.038746 0.000000
-0.214741 0.006472 0.033631 0.000000
-0.060970 -0.035426 0.206840 1.000000
-0.050954 0.008828 0.054021 0.000000
-0.443220 0.162146 -0.209623 2.000000
0.022494 -0.040423 -0.122043 0.000000
0.644024 -0.021436 -0.076647 0.000000
0.485091 -0.040494 0.040816 0.000000
0.920754 -0.033761 -0.007934 0.000000
0.116379 -0.022697 -0.261514 1.000000
0.036555 -0.015274 -0.288757 1.000000
-0.447574 0.157031 -0.199178 2.000000
0.264487 -0.004972 0.100250 0.000000
-0.169654 -0.019271 0.455329 1.000000
0.089898 0.015775 0.047621 0.000000
0.871552 0.027790 -0.025493 0.000000
-0.014837 -0.019105 0.242719 1.000000
0.197606 -0.040494 0.009553 0.000000
-0.135084 -0.013751 -0.430251 1.000000
0.908930 -0.033047 -0.017285 0.000000
0.723919 0.044278 -0.018641 0.000000
-0.231895 -0.009540 0.573054 1.000000
0.257944 -0.040494 0.035059 0.000000
0.051854 -0.033404 0.216833 1.000000
-0.396991 0.020914 -0.804958 1.000000
-0.142103 -0.026076 0.317547 1.000000
-0.128945 -0.031191 0.248977 1.000000
-0.023807 -0.040137 -0.135676 0.000000
-0.301655 -0.040328 -0.133273 0.000000
-0.115312 -0.013299 -0.051332 0.000000
-0.045481 -0.014751 0.113907 0.000000
-0.069107 -0.022079 -0.270912 1.000000
0.236317 -0.005091 0.109862 1.000000
-0.094542 0.007757 0.082929 0.000000
-0.056259 -0.011943 -0.399344 1.000000
-0.137463 -0.032238 -0.309076 1.000000
-0.083930 0.025173 -0.049405 0.000000
-0.193899 0.021557 0.034654 0.000000
-0.259066 -0.007756 0.589923 1.000000
-0.442078 0.113538 0.151023 2.000000
0.611809 -0.039923 0.054997 0.000000
0.372695 -0.013442 -0.097108 0.000000
-0.240651 -0.040494 -0.022805 0.000000
0.230440 -0.007732 0.103605 0.000000
-0.112172 0.011802 0.078575 0.000000
0.915258 -0.017844 0.024994 0.000000
0.155589 0.004141 0.080978 0.000000
-0.310149 0.052273 -0.112835 2.000000
-0.047242 -0.040470 -0.120140 0.000000
0.154661 0.034619 -0.029395 0.000000
-0.027256 0.014800 0.076529 0.000000
-0.484429 0.029384 -0.874337 0.000000
-0.272842 -0.040494 0.012123 0.000000
0.458966 -0.007756 -0.077837 0.000000
0.858180 -0.035736 0.004985 0.000000
-0.261374 0.054438 0.084190 2.000000
0.020400 -0.016749 -0.268819 1.000000
0.534412 0.031026 0.033155 0.000000
-0.311077 0.006663 -0.059873 2.000000
-0.153856 -0.040304 0.153117 0.000000
-0.064087 0.041209 -0.022971 0.000000
0.069888 0.043446 -0.022257 0.000000
-0.286047 0.080538 -0.122400 2.000000
-0.184810 -0.040304 0.147526 0.000000
0.269340 -0.013513 -0.103866 0.000000
0.353709 0.010112 -0.066083 0.000000
0.020114 -0.035569 -0.189756 1.000000
0.505124 -0.040494 -0.009719 0.000000
0.027776 -0.040494 -0.104722 0.000000
-0.115907 0.027838 -0.079954 0.000000
0.046952 -0.013585 0.125708 0.000000
-0.151144 0.000191 0.050595 0.000000
-0.145029 -0.013133 -0.442670 1.000000
-0.375102 0.010612 0.749999 1.000000
-0.321546 0.015537 -0.744264 1.000000
-0.058210 -0.023340 0.219546 1.000000
0.005886 0.030407 0.032560 0.000000
-0.096516 -0.024553 0.377742 1.000000
-0.080337 0.011921 -0.070128 0.000000
0.181903 -0.029550 -0.193182 1.000000
-0.322807 0.013229 0.748286 1.000000
-0.244101 -0.006090 0.554377 1.000000
0.051449 -0.035522 -0.183832 1.000000
0.312357 -0.040494 -0.017808 0.000000
0.374622 -0.013371 -0.112788 0.000000
-0.182026 0.029884 0.023496 0.000000
-0.231705 -0.016226 -0.517569 1.000000
0.371125 -0.025481 0.108530 1.000000
-0.282264 -0.023839 -0.096633 0.000000
-0.208174 0.016132 -0.077741 2.000000
-0.032610 -0.021056 0.207721 1.000000
0.033010 0.038069 0.023020 0.000000
-0.041532 -0.022459 -0.212121 1.000000
0.961582 -0.001022 -0.027706 0.000000
-0.440341 0.012468 0.774838 1.000000
-0.104249 -0.028812 -0.246953 1.000000
0.021589 -0.031453 0.265893 1.000000
-0.046957 -0.040494 0.063134 0.000000
0.281808 -0.037377 0.105889 0.000000
-0.128874 0.010231 -0.070461 0.000000
0.421327 -0.040494 0.009030 0.000000
-0.096778 -0.039400 -0.162681 0.000000
0.452447 -0.031501 0.085023 0.000000
-0.058544 0.015680 0.047312 0.000000
0.056945 -0.016131 0.279241 1.000000
0.111596 -0.034522 0.179193 1.000000
0.436483 -0.012348 0.074982 0.000000
0.206885 0.012230 -0.072031 0.000000
-0.183287 -0.024291 -0.384474 1.000000
0.248617 -0.040494 -0.081191 0.000000
-0.444933 0.023769 -0.841480 1.000000
0.257539 -0.013537 0.089139 0.000000
-0.077435 -0.023245 0.391898 1.000000
0.048737 -0.035664 0.168749 1.000000
0.030060 -0.029359 0.296942 1.000000
-0.223616 0.009137 0.044861 0.000000
-0.124972 -0.034379 0.256424 1.000000
-0.058353 -0.011991 0.386902 1.000000
-0.222307 0.000334 0.602105 1.000000
-0.023069 -0.014798 0.330371 1.000000
0.119377 -0.034451 -0.191636 1.000000
-0.016003 -0.036449 -0.178645 1.000000
0.748307 0.044159 -0.013097 0.000000
-0.062208 -0.023578 -0.132012 0.000000
0.987540 -0.008351 -0.018570 0.000000
-0.333204 -0.040351 -0.105721 0.000000
-0.006390 -0.040494 0.101892 0.000000
-0.126423 0.036213 -0.075909 0.000000
-0.124211 -0.017059 -0.127801 0.000000
-0.054808 -0.023982 0.203938 1.000000
-0.096968 -0.037139 0.192993 0.000000
-0.101846 -0.031144 -0.310955 1.000000
-0.493399 0.026149 -0.868960 1.000000
-0.445409 0.020081 0.833534 1.000000
0.013048 -0.022674 0.337318 1.000000
-0.371700 0.009303 -0.751925 1.000000
0.046667 -0.000713 -0.119212 0.000000
-0.392994 -0.040494 -0.021972 0.000000
-0.004725 -0.019700 0.200059 1.000000
0.844476 -0.001403 0.039175 0.000000
0.076550 -0.040494 -0.102771 0.000000
-0.021927 -0.039590 0.133084 0.000000
-0.096802 -0.040494 0.055140 0.000000
-0.364039 0.011564 0.718307 1.000000
0.400247 -0.029240 0.100179 1.000000
-0.000490 0.043398 0.009458 0.000000
0.298986 -0.012824 -0.111527 0.000000
-0.270368 0.012515 -0.076361 2.000000
0.813950 -0.011658 0.039603 0.000000
0.465890 -0.040494 -0.037151 0.000000
-0.244910 -0.040494 -0.136009 0.000000
0.464867 -0.040494 -0.045645 0.000000
0.733151 0.040067 0.019427 0.000000
-0.056593 0.013562 -0.031203 0.000000
0.134294 -0.040137 0.119926 0.000000
-0.494874 0.189555 0.217119 2.000000
-0.060661 -0.022174 -0.253282 1.000000
-0.202512 0.004521 -0.075552 0.000000
-0.171153 0.001928 -0.072745 0.000000
0.118353 -0.033428 -0.213692 1.000000
0.538100 -0.030834 -0.086973 0.000000
-0.105534 -0.040494 0.105556 0.000000
-0.091782 -0.023768 -0.291755 1.000000
-0.447170 0.088984 0.134487 2.000000
0.099534 -0.015631 -0.256447 1.000000
0.069293 -0.035188 0.174720 1.000000
-0.026781 -0.026647 0.341886 1.000000
0.489516 0.028361 0.035701 0.000000
0.101413 -0.040494 -0.081762 0.000000
0.002365 -0.022721 -0.358707 1.000000
-0.109483 -0.009612 0.447644 1.000000
-0.142127 0.034595 0.070272 0.000000
0.285567 -0.040494 0.069130 0.000000
-0.561921 0.202165 0.233179 2.000000
0.287684 -0.040494 0.004961 0.000000
-0.042722 0.022889 -0.053045 0.000000
-0.409673 0.020938 -0.809812 1.000000
-0.345148 -0.011277 -0.043123 2.000000
0.194894 -0.040494 -0.082167 0.000000
0.631081 -0.034094 -0.063466 0.000000
-0.024044 -0.034142 -0.230775 1.000000
-0.105320 0.040495 -0.020354 0.000000
-0.336178 0.108637 -0.160801 2.000000
0.408931 -0.040494 -0.065631 0.000000
0.035817 -0.003092 -0.121639 0.000000
0.596749 -0.040304 -0.067106 0.000000
-0.330158 -0.007970 0.597846 1.000000
-0.076174 -0.019200 -0.327015 1.000000
-0.258495 0.009399 0.042006 2.000000
-0.151715 -0.040470 0.125732 0.000000
0.042479 0.027100 0.021735 0.000000
-0.087856 0.011611 -0.105721 0.000000
-0.532965 0.158102 0.196514 2.000000
-0.063017 -0.021746 -0.263703 1.000000
0.188946 0.001428 -0.103342 0.000000
-0.250216 -0.029478 -0.114644 0.000000
-0.163968 0.014133 -0.074506 0.000000
-0.215740 -0.007518 0.528562 1.000000
-0.364895 0.097264 -0.152664 2.000000
-0.236916 -0.032881 0.109577 0.000000
0.134413 0.040020 -0.032560 0.000000
0.538528 0.011231 -0.059374 0.000000
0.161870 -0.040494 -0.051617 0.000000
0.174884 -0.040494 -0.055971 0.000000
-0.406080 0.074209 -0.133939 2.000000
0.082784 0.025934 -0.050832 0.000000
-0.309768 -0.005829 0.611550 1.000000
0.026229 0.012968 -0.085498 0.000000
-0.258829 -0.001022 0.051713 2.000000
-0.000419 -0.014275 0.116667 0.000000
0.086662 -0.033166 -0.227039 1.000000
-0.035298 -0.020294 0.242148 1.000000
-0.366513 0.084416 0.119950 2.000000
0.322279 -0.012134 0.073793 0.000000
0.498866 -0.035260 0.074721 0.000000
-0.056616 0.010422 -0.076171 0.000000
-0.278648 -0.023673 -0.045503 0.000000
0.031963 -0.026647 -0.323280 1.000000
-0.275674 0.074328 -0.129918 2.000000
0.203864 -0.040494 -0.024565 0.000000
-0.341769 0.005877 0.708314 1.000000
-0.182407 -0.012371 -0.472268 1.000000
-0.000561 -0.003116 0.043291 0.000000
-0.159091 -0.007756 -0.536389 1.000000
-0.323972 -0.027884 0.068654 0.000000
0.680712 0.044374 0.004818 0.000000
-0.080242 0.013324 -0.081620 0.000000
-0.033300 -0.027813 0.328253 1.000000
0.033962 0.020200 -0.057637 0.000000
-0.354213 0.011540 0.755828 1.000000
-0.296183 -0.010230 -0.576503 1.000000
-0.130801 -0.016440 0.110552 0.000000
-0.498300 0.155627 -0.206459 2.000000
-0.272700 0.029456 -0.091398 2.000000
-0.199562 -0.036901 0.119570 0.000000
-0.097468 -0.031263 -0.199892 1.000000
-0.069084 0.022627 0.031966 0.000000
-0.390877 0.092363 -0.141815 2.000000
0.051473 -0.032571 0.234868 1.000000
0.775930 0.019772 -0.052712 0.000000
-0.239557 -0.040304 0.136343 0.000000
-0.040128 0.025102 0.031204 0.000000
-0.076959 -0.024220 -0.392611 1.000000
-0.006533 -0.040494 -0.041862 0.000000
0.393632 0.009113 -0.063918 0.000000
-0.451904 -0.040494 -0.012431 0.000000
-0.096397 -0.026385 0.251737 1.000000
-0.443648 0.127528 -0.180906 2.000000
-0.410339 0.020438 0.833582 1.000000
0.105172 -0.011681 0.138508 0.000000
-0.346575 0.008732 0.693325 1.000000
-0.334822 -0.000285 0.658112 1.000000
0.066343 -0.011658 -0.135700 0.000000
0.038244 0.028742 0.035344 0.000000
-0.212005 -0.021270 0.033607 0.000000
0.569268 0.006306 0.048930 0.000000
0.289279 -0.040351 0.090781 0.000000
0.147142 -0.040494 -0.113383 0.000000
0.408788 0.043327 -0.022590 0.000000
-0.193661 -0.012514 -0.558444 1.000000
0.111573 -0.007970 -0.131536 0.000000
-0.085619 -0.040494 -0.060468 0.000000
0.063726 -0.033261 0.217285 1.000000
0.090754 0.002308 -0.057256 0.000000
-0.106914 -0.020294 0.323495 1.000000
-0.461279 0.166405 0.195087 2.000000
0.227418 -0.013014 -0.158921 1.000000
0.104578 0.012349 -0.071484 0.000000
-0.465204 0.017702 0.819068 1.000000
-0.365823 0.011897 -0.772743 1.000000
0.606361 -0.040494 0.007293 0.000000
-0.382573 0.003070 -0.701009 1.000000
-0.282098 -0.015012 0.525945 1.000000
-0.380099 0.086106 -0.143718 2.000000
-0.019643 -0.016131 0.312503 1.000000
-0.147837 -0.031691 -0.291517 1.000000
0.614355 -0.026433 -0.070437 0.000000
-0.085905 -0.032619 -0.282476 1.000000
-0.291734 0.010874 0.690613 1.000000
-0.255545 -0.040494 0.038485 0.000000
0.154851 -0.040494 0.081478 0.000000
0.089327 -0.040494 0.011242 0.000000
-0.391472 0.143588 0.175482 2.000000
-0.336796 -0.005995 0.615500 1.000000
-0.091639 0.032810 -0.066749 0.000000
-0.076911 -0.040494 0.025922 0.000000
-0.204915 -0.028051 -0.123042 0.000000
-0.089379 -0.010991 -0.439696 1.000000
0.619542 -0.040494 0.007793 0.000000
0.276502 -0.030858 0.132893 1.000000
-0.346884 0.019510 -0.784568 1.000000
-0.166228 0.012896 0.060612 0.000000
-0.281598 -0.040494 -0.106031 0.000000
0.114642 -0.012490 0.147240 1.000000
-0.274008 -0.040494 0.066132 0.000000
0.037221 0.007376 0.098394 0.000000
-0.159781 0.041138 -0.088567 0.000000
-0.163207 -0.033713 -0.299416 1.000000
-0.205629 -0.016059 0.449690 1.000000
-0.534940 0.168832 -0.217165 2.000000
-0.087451 -0.027551 0.218427 1.000000
-0.335060 0.099762 0.140555 2.000000
-0.131801 -0.040494 0.088354 0.000000
0.882806 -0.018153 -0.042338 0.000000
-0.020809 0.014562 -0.069129 0.000000
0.193062 0.016727 0.051285 0.000000
0.076312 -0.033047 -0.231964 1.000000
-0.280860 -0.040494 0.114835 0.000000
-0.476244 0.117654 -0.171341 2.000000
-0.330682 -0.018653 0.037676 0.000000
0.484448 -0.019747 0.079360 0.000000
-0.403201 0.005449 -0.727657 1.000000
-0.314527 -0.004163 -0.050927 2.000000
-0.206866 -0.005567 0.543409 1.000000
0.196274 -0.038234 0.128563 0.000000
-0.190782 -0.027837 0.360849 1.000000
-0.097397 0.023032 -0.076861 0.000000
-0.230159 -0.009849 -0.525920 1.000000
-0.185429 -0.013180 0.536628 1.000000
-0.063635 -0.010920 -0.126968 0.000000
-0.316739 -0.040351 -0.130941 0.000000
-0.217049 -0.040494 0.026803 0.000000
-0.387974 -0.013252 -0.020973 0.000000
-0.398015 0.088223 -0.146002 2.000000
0.253495 -0.004020 0.099869 0.000000
-0.282645 -0.013870 -0.558563 1.000000
-0.389188 0.032430 -0.096204 2.000000
0.836053 0.037355 -0.005174 0.000000
0.856967 -0.026671 0.024638 0.000000
-0.132586 -0.040494 -0.023614 0.000000
0.013096 -0.031263 0.272151 1.000000
-0.058258 -0.024315 -0.219069 1.000000
-0.117596 -0.013133 -0.425778 1.000000
-0.029469 -0.039376 -0.149143 0.000000
0.142717 -0.040494 -0.007030 0.000000
-0.057782 -0.040494 0.012004 0.000000
0.074052 -0.032286 -0.248785 1.000000
0.326538 0.006996 -0.073506 0.000000
0.982306 -0.015084 0.009244 0.000000
-0.300227 0.008614 0.674957 1.000000
0.971313 -0.019795 -0.024208 0.000000
-0.061613 -0.040494 -0.076266 0.000000
-0.153594 -0.024220 0.390542 1.000000
-0.173533 0.017655 0.040222 0.000000
-0.058425 0.007234 0.101773 0.000000
0.712618 -0.023506 -0.051189 0.000000
0.499485 0.018797 0.042506 0.000000
-0.194113 -0.019010 -0.433082 1.000000
0.767269 0.034714 0.025280 0.000000
-0.254403 0.038069 -0.080977 2.000000
0.175479 -0.040328 0.115120 0.000000
0.895201 0.015109 0.023162 0.000000
0.523730 -0.001689 0.053569 0.000000
0.664866 -0.034189 -0.064322 0.000000
-0.266918 -0.040494 0.069296 0.000000
-0.209983 0.055984 0.093636 0.000000
0.012334 -0.033666 -0.233082 1.000000
-0.243863 0.054533 -0.095467 2.000000
-0.065063 -0.016059 0.343599 1.000000
0.129227 -0.025909 -0.246287 1.000000
0.493894 0.033310 0.030752 0.000000
-0.342959 0.001571 -0.686638 1.000000
-0.426589 0.019225 0.794681 1.000000
0.409787 0.005735 -0.065869 0.000000
-0.395326 0.019939 -0.841028 1.000000
-0.111339 -0.040494 0.082358 0.000000
-0.434893 0.162860 0.196110 2.000000
0.269935 -0.013323 -0.095276 0.000000
0.602816 -0.040494 -0.004151 0.000000
0.086162 0.033381 -0.039174 0.000000
0.490753 -0.040494 -0.017309 0.000000
-0.177363 -0.040494 0.106936 0.000000
-0.311410 -0.025767 -0.044004 0.000000
-0.424186 0.085249 0.127373 2.000000
-0.083216 -0.028788 0.322519 1.000000
-0.365538 -0.006471 -0.027349 0.000000
-0.246742 -0.010849 -0.533891 1.000000
-0.209578 0.019558 -0.048429 0.000000
-0.083526 -0.035379 -0.232059 1.000000
-0.455521 0.170069 -0.210670 2.000000
-0.192019 -0.040494 0.015882 0.000000
0.071839 -0.016678 0.269914 1.000000
-0.434798 0.125244 0.165703 2.000000
-0.466656 0.104830 0.147502 2.000000
0.191896 -0.021722 -0.198512 1.000000
-0.124354 -0.035974 -0.187092 0.000000
0.093467 -0.040494 0.064086 0.000000
0.700555 -0.039614 0.008673 0.000000
-0.018025 -0.015298 -0.334200 1.000000
0.272029 0.003141 0.072841 0.000000
-0.442292 0.012087 -0.785329 1.000000
-0.090378 -0.028312 0.329276 1.000000
0.241432 0.033310 -0.043718 0.000000
0.115332 0.010826 -0.074910 0.000000
0.241836 -0.005995 -0.076266 0.000000
0.543715 -0.004425 -0.068248 0.000000
-0.064135 0.020153 -0.055186 0.000000
0.277144 0.027267 0.036748 0.000000
-0.315859 0.016751 -0.011955 0.000000
-0.155998 -0.013299 0.094326 0.000000
0.135436 -0.038377 -0.150856 0.000000
0.448712 -0.040494 0.023020 0.000000
-0.404534 0.130645 0.169082 2.000000
-0.383335 0.011254 -0.768746 1.000000
0.524467 0.011397 -0.059278 0.000000
-0.062850 -0.020128 -0.307029 1.000000
-0.284477 -0.003330 0.628134 1.000000
-0.087499 0.014133 -0.036533 0.000000
-0.180052 -0.021865 -0.112312 0.000000
0.331177 -0.012276 0.074578 0.000000
-0.236797 0.029432 0.057876 2.000000
-0.354855 -0.040494 -0.015143 0.000000
-0.238200 -0.014180 -0.504507 1.000000
0.073291 0.010208 -0.088424 0.000000
0.032677 -0.040494 0.004128 0.000000
-0.495897 0.162694 0.199393 2.000000
0.051211 -0.040494 -0.065322 0.000000
-0.007509 -0.035093 0.193493 1.000000
-0.103606 -0.040399 -0.135866 0.000000
0.352138 -0.039780 0.086260 0.000000
-0.384120 -0.008707 -0.014120 0.000000
0.189969 -0.040494 0.082929 0.000000
0.671314 -0.008089 -0.065536 0.000000
0.026086 -0.016654 0.247502 1.000000
-0.119643 -0.022317 0.409219 1.000000
-0.116954 -0.040494 -0.012645 0.000000
0.129346 0.043588 -0.021853 0.000000
0.653732 -0.029335 -0.072721 0.000000
-0.045957 -0.025124 -0.376765 1.000000
0.962962 -0.028836 -0.012717 0.000000
0.276288 -0.040494 0.068368 0.000000
-0.107865 0.004735 0.052855 0.000000
0.408170 -0.009207 0.066917 0.000000
0.151282 -0.040494 -0.028443 0.000000
0.750781 0.044017 0.000441 0.000000
-0.420189 0.119510 -0.166226 2.000000
0.163654 -0.040494 0.099822 0.000000
-0.061113 -0.040494 0.003320 0.000000
-0.175793 0.012706 0.060778 0.000000
0.782949 -0.022888 0.034297 0.000000
-0.319975 0.015014 -0.755589 1.000000
-0.419047 0.145230 0.181692 2.000000
-0.431776 0.086605 0.129372 2.000000
-0.145386 -0.015988 0.397799 1.000000
-0.231634 -0.005638 0.552664 1.000000
-0.255498 -0.003592 0.575528 1.000000
0.887064 0.022413 -0.029466 0.000000
0.559894 -0.038924 0.063205 0.000000
0.425253 -0.040494 0.017952 0.000000
0.917733 0.021200 -0.002224 0.000000
-0.330468 -0.006780 0.608267 1.000000
-0.259185 -0.040470 0.137699 0.000000
0.019496 -0.040280 -0.131774 0.000000
-0.197658 -0.040494 -0.103295 0.000000
-0.323949 -0.000404 0.655281 1.000000
-0.371724 0.096098 0.129753 2.000000
-0.214241 -0.039257 -0.188234 0.000000
-0.160280 -0.004020 -0.060420 0.000000
0.539932 -0.022674 -0.087044 0.000000
0.093348 0.044968 -0.012027 0.000000
-0.490234 0.174875 -0.217498 2.000000
-0.384810 0.122889 0.152712 2.000000
0.516211 -0.040494 0.057662 0.000000
-0.355807 0.043922 -0.106435 2.000000
-0.448264 0.082465 0.128658 2.000000
-0.303297 -0.012371 -0.573838 1.000000
-0.321403 0.007947 -0.034606 0.000000
0.448926 0.012397 0.046669 0.000000
-0.392114 0.013063 -0.755303 1.000000
0.159181 -0.040494 -0.083261 0.000000
0.762487 0.005616 0.045194 0.000000
0.063012 -0.014537 0.247430 1.000000
-0.093994 0.040257 0.009458 0.000000
0.536934 0.044921 -0.000392 0.000000
-0.241341 -0.020461 -0.471983 1.000000
-0.420903 0.012777 0.760110 1.000000
-0.286809 0.010874 -0.047216 2.000000
0.365248 -0.040494 -0.056756 0.000000
0.810476 -0.027337 -0.041030 0.000000
0.214071 -0.011229 -0.155352 1.000000
0.049260 0.044778 0.000869 0.000000
0.786256 0.041899 0.001678 0.000000
-0.098253 -0.012348 0.409267 1.000000
-0.419333 0.105925 -0.155519 2.000000
-0.221831 -0.010373 0.565345 1.000000
0.220138 0.010945 -0.073649 0.000000
0.687874 0.031074 -0.046074 0.000000
0.088732 0.018868 -0.060159 0.000000
-0.451690 0.138473 -0.190399 2.000000
-0.186690 -0.040494 -0.045312 0.000000
-0.038772 0.038473 0.020759 0.000000
0.077478 -0.034046 -0.210337 1.000000
-0.378100 0.018083 -0.779477 1.000000
-0.398847 0.083488 0.122900 2.000000
0.418067 0.041780 -0.027278 0.000000
-0.336939 -0.032286 -0.081358 2.000000
-0.103963 0.017988 0.030871 0.000000
-0.001180 -0.039257 0.135035 0.000000
-0.067490 0.011516 0.017357 0.000000
0.026562 0.012658 0.071414 0.000000
0.503482 0.040376 0.018523 0.000000
0.089565 -0.012205 0.135368 0.000000
0.247047 -0.038424 0.104128 0.000000
0.656610 0.019154 0.042339 0.000000
-0.291353 0.001619 0.624327 1.000000
0.220851 0.000453 0.088235 0.000000
-0.060090 0.024888 -0.046502 0.000000
-0.421807 0.111944 0.147478 2.000000
0.307242 -0.011753 0.104509 1.000000
0.027918 -0.032286 -0.259373 1.000000
-0.056688 0.013539 0.088520 0.000000
-0.244529 -0.008374 0.583594 1.000000
0.738932 -0.030549 -0.039816 0.000000
-0.256449 0.013420 -0.051475 0.000000
0.445405 0.009042 -0.061729 0.000000
-0.047290 -0.037568 -0.174339 1.000000
0.300437 -0.040494 -0.043361 0.000000
-0.337605 0.066905 -0.116071 2.000000
-0.152096 -0.015583 -0.128919 0.000000
0.791776 0.021652 0.037486 0.000000
0.690705 0.040900 -0.029871 0.000000
0.713189 0.021818 0.040959 0.000000
0.488802 -0.016940 -0.088971 0.000000
0.139767 -0.001903 -0.112074 0.000000
-0.261017 0.071164 0.099631 2.000000
0.191729 -0.006352 0.126517 1.000000
-0.283787 -0.040494 0.035868 0.000000
0.684353 -0.040066 -0.010409 0.000000
-0.513218 0.188913 -0.234843 2.000000
-0.251953 -0.040494 0.000393 0.000000
0.069603 0.029836 -0.046526 0.000000
-0.178267 -0.013133 0.084595 0.000000
0.108170 -0.017558 0.244789 1.000000
-0.222997 0.060196 0.098037 0.000000
-0.353475 0.018844 -0.775360 1.000000
0.089493 -0.012990 -0.153520 0.000000
-0.230444 -0.000999 0.583546 1.000000
-0.034228 0.006710 -0.115571 0.000000
-0.038701 -0.040494 0.052689 0.000000
-0.189426 -0.010230 0.485403 1.000000
-0.257401 -0.005186 -0.578478 1.000000
0.184972 -0.015084 -0.186378 1.000000
-0.174960 -0.024339 -0.408671 1.000000
-0.140318 -0.037187 -0.225041 0.000000
-0.495611 0.179277 0.213145 2.000000
-0.383025 0.018963 -0.083642 2.000000
0.043098 -0.017249 -0.203366 1.000000
-0.401226 0.012420 0.766986 1.000000
-0.204035 -0.039733 0.165727 0.000000
0.719090 0.045183 -0.010004 0.000000
0.654969 0.033072 0.031133 0.000000
-0.370748 0.032787 0.078861 2.000000
0.029393 0.031312 0.030395 0.000000
0.128489 0.020058 -0.054758 0.000000
0.019972 -0.017534 -0.154853 0.000000
-0.185357 -0.029312 0.342648 1.000000
0.228679 -0.025267 0.154806 1.000000
-0.245838 0.047134 0.092922 2.000000
-0.045553 -0.040494 -0.054115 0.000000
-0.027851 -0.040494 0.011718 0.000000
0.255612 -0.003687 -0.110718 0.000000
-0.568773 0.203498 -0.247858 2.000000
-0.117192 -0.014798 -0.487043 1.000000
-0.261470 -0.009516 -0.078146 0.000000
-0.111720 -0.040280 -0.145764 0.000000
-0.192305 -0.018795 0.419854 1.000000
-0.079100 -0.027646 0.336509 1.000000
-0.246361 0.008161 0.059042 2.000000
-0.295636 0.051035 -0.097798 2.000000
0.227037 -0.007565 0.122020 1.000000
-0.210173 -0.003663 0.048858 2.000000
0.106648 0.044873 -0.013073 0.000000
0.426966 0.037902 0.023305 0.000000
-0.297182 0.098026 0.128706 2.000000
0.110050 0.041590 -0.027825 0.000000
0.493751 -0.035569 -0.087901 0.000000
0.433294 0.000667 -0.069271 0.000000
-0.342983 0.016370 0.742171 1.000000
-0.068774 -0.037901 -0.178955 0.000000
0.298201 -0.040494 0.020640 0.000000
0.902553 -0.033618 0.003748 0.000000
-0.063278 -0.025291 0.364037 1.000000
-0.094351 -0.018010 0.442624 1.000000
0.054590 -0.008017 -0.122162 0.000000
-0.003083 -0.017344 -0.295680 1.000000
0.025825 -0.033594 0.218427 1.000000
0.299367 0.027172 -0.049785 0.000000
-0.188355 -0.040494 -0.102343 0.000000
-0.269345 0.056222 0.101749 2.000000
0.105720 -0.039019 0.134178 1.000000
0.415736 0.037831 0.023448 0.000000
0.425586 -0.021151 -0.107696 0.000000
0.148070 -0.011800 -0.183428 1.000000
-0.016812 -0.034760 0.202439 1.000000
0.285876 -0.040494 -0.043409 0.000000
-0.068489 -0.037544 0.172080 1.000000
-0.072771 -0.018653 0.318141 1.000000
-0.017240 -0.020104 -0.224160 1.000000
-0.406342 0.007162 0.728157 1.000000
-0.319142 0.013015 0.053736 2.000000
0.059586 -0.019105 0.290043 1.000000
-0.258305 0.076041 -0.116547 2.000000
-0.412980 0.153391 0.180478 2.000000
-0.038320 0.043446 -0.016642 0.000000
-0.240270 -0.040494 -0.125398 0.000000
-0.271962 -0.014941 -0.084332 0.000000
-0.109007 -0.021103 -0.436104 1.000000
0.380213 -0.040494 -0.033154 0.000000
-0.276625 0.035237 0.068011 2.000000
0.024635 -0.039685 0.129134 0.000000
-0.115455 0.032358 0.063633 0.000000
-0.139200 -0.040470 0.117999 0.000000
-0.369273 0.057388 -0.118641 2.000000
0.067176 0.045159 -0.010385 0.000000
-0.062921 -0.011919 -0.409147 1.000000
-0.139057 -0.024506 -0.338721 1.000000
-0.112933 -0.020390 -0.445954 1.000000
0.171292 0.010755 -0.077599 0.000000
-0.057259 -0.023697 0.383190 1.000000
-0.161232 -0.040494 -0.131988 0.000000
0.271149 -0.036545 0.109767 0.000000
-0.092448 -0.020865 0.305198 1.000000
-0.087166 -0.014656 -0.387567 1.000000
0.547403 -0.040494 0.028635 0.000000
0.548926 0.044730 -0.014453 0.000000
-0.174913 -0.038900 0.182072 0.000000
-0.056640 -0.013490 -0.413168 1.000000
-0.028470 -0.040494 -0.084380 0.000000
0.546475 -0.040494 -0.048762 0.000000
0.361822 -0.040494 -0.030989 0.000000
-0.454522 0.024531 0.838507 1.000000
0.976905 -0.026100 -0.000535 0.000000
0.609739 -0.005662 0.055401 0.000000
0.531986 0.000072 -0.065346 0.000000
-0.133989 -0.040494 0.034297 0.000000
-0.016574 0.020415 -0.065798 0.000000
0.311548 0.000239 0.059684 0.000000
-0.363254 0.057578 0.105746 2.000000
0.044621 0.012587 0.080621 0.000000
0.474003 -0.008707 0.064014 0.000000
-0.063635 -0.040494 0.092541 0.000000
-0.296897 0.097978 -0.141053 2.000000
-0.182693 -0.007470 0.509909 1.000000
0.144834 0.029503 0.034607 0.000000
-0.028137 -0.026076 -0.362442 1.000000
0.250449 0.005806 0.060683 0.000000
0.149474 -0.040494 -0.076909 0.000000
-0.201322 0.057269 0.084666 0.000000
0.112096 -0.040185 -0.132702 0.000000
0.075408 -0.030858 0.255496 1.000000
-0.010031 -0.021008 -0.175433 1.000000
0.493703 -0.040494 0.028064 0.000000
-0.421141 0.018654 0.819806 1.000000
0.142907 0.029932 -0.047168 0.000000
-0.298348 0.036784 0.085713 2.000000
0.418305 -0.040494 0.027183 0.000000
0.608169 -0.040494 -0.056852 0.000000
0.288018 -0.013014 -0.092279 0.000000
-0.161684 0.008447 0.066679 0.000000
0.105934 -0.030025 0.237889 1.000000
0.160038 -0.040494 -0.007696 0.000000
-0.130563 -0.005281 -0.103842 0.000000
0.173481 0.002118 0.089734 0.000000
-0.018525 -0.017059 -0.313834 1.000000
-0.551976 0.192030 0.226160 2.000000
0.291729 -0.010206 0.107221 0.000000
0.358301 -0.040494 -0.069033 0.000000
-0.370748 -0.040494 0.038913 0.000000
0.860726 0.032739 -0.000154 0.000000
0.586494 0.045135 -0.002510 0.000000
0.042670 -0.039971 -0.136985 0.000000
-0.125091 0.009827 -0.062919 0.000000
-0.434060 -0.040494 0.005675 0.000000
-0.081408 -0.012966 -0.050666 0.000000
-0.037987 -0.002997 0.111123 0.000000
0.233533 -0.040494 0.055925 0.000000
-0.577838 0.205020 -0.251046 2.000000
0.120376 -0.040494 0.055901 0.000000
-0.354260 -0.017320 0.032156 2.000000
0.063274 -0.040494 0.026255 0.000000
0.723824 -0.030478 0.032299 0.000000
0.364153 0.024174 0.039698 0.000000
0.072339 -0.040494 0.038509 0.000000
-0.113718 0.028575 0.043410 0.000000
-0.367703 0.036831 -0.100083 2.000000
-0.113266 -0.023530 0.111623 0.000000
-0.175174 -0.015536 0.425374 1.000000
-0.243720 -0.011991 0.510742 1.000000
-0.014218 -0.025529 0.347002 1.000000
-0.252190 -0.011539 -0.571411 1.000000
-0.410743 0.025149 0.824992 1.000000
-0.303083 -0.040470 -0.145835 0.000000
-0.255402 0.003070 0.620615 1.000000
0.088660 -0.040494 -0.020140 0.000000
0.275741 0.039853 0.020093 0.000000
-0.203725 -0.040494 0.055140 0.000000
-0.198086 -0.020508 0.089329 0.000000
-0.359423 -0.040494 0.021878 0.000000
-0.525994 0.176303 -0.224922 2.000000
-0.179076 0.011492 -0.072840 0.000000
0.609026 0.036474 0.025637 0.000000
-0.529206 0.196812 0.229086 2.000000
-0.170868 -0.036616 -0.240886 0.000000
-0.307056 0.066286 0.111647 2.000000
0.512928 0.022485 0.040626 0.000000
-0.225329 0.029313 0.015144 0.000000
-0.210530 -0.040494 0.061944 0.000000
-0.067965 0.011897 0.065941 0.000000
0.028941 -0.017225 0.221235 1.000000
-0.004701 -0.040494 -0.083547 0.000000
-0.229849 -0.005591 -0.036009 0.000000
-0.152476 0.026482 0.032822 0.000000
-0.156140 -0.031834 -0.303223 1.000000
-0.163397 -0.014893 0.511336 1.000000
-0.100918 0.001285 -0.118212 0.000000
0.372290 -0.040494 0.010624 0.000000
0.568840 0.025554 -0.051356 0.000000
-0.153166 -0.009802 0.042339 0.000000
-0.138415 -0.037687 0.177695 0.000000
0.049593 -0.030858 0.271627 1.000000
-0.141080 -0.031191 -0.122138 0.000000
-0.234846 -0.019747 0.452236 1.000000
-0.186190 -0.039590 -0.181524 0.000000
-0.271296 0.068142 -0.110861 2.000000
-0.050359 -0.020746 0.256210 1.000000
0.222493 -0.008898 -0.139768 1.000000
-0.345528 0.018678 -0.794299 1.000000
-0.314693 -0.040351 0.119165 0.000000
0.463749 0.037664 0.023710 0.000000
0.503934 0.039330 -0.033987 0.000000
0.774217 -0.037829 -0.021615 0.000000
0.147713 -0.034498 -0.183808 1.000000
0.388945 0.041328 0.015644 0.000000
0.245572 -0.040494 -0.001320 0.000000
-0.336844 -0.040494 0.021093 0.000000
-0.468726 0.139424 0.178789 2.000000
-0.301370 0.021105 -0.071436 2.000000
-0.330991 0.005045 0.048478 2.000000
-0.095612 -0.028265 0.117666 0.000000
0.777524 -0.028717 -0.041172 0.000000
-0.259185 -0.004472 0.616666 1.000000
-0.322830 0.012896 0.007864 0.000000
-0.406532 -0.040494 0.005842 0.000000
0.170935 0.045278 -0.009195 0.000000
0.603387 -0.032881 0.039984 0.000000
-0.092305 -0.012919 -0.460824 1.000000
-0.087713 0.010755 0.094778 0.000000
-0.060828 -0.030977 -0.304841 1.000000
-0.359732 0.001856 -0.003009 0.000000
0.430059 0.045064 -0.001772 0.000000
0.178620 -0.035284 0.151547 1.000000
-0.058924 -0.024815 -0.382618 1.000000
0.550996 0.033596 0.030300 0.000000
-0.408483 0.018083 -0.827038 1.000000
-0.101751 -0.009136 0.041506 0.000000
-0.296302 0.003379 -0.696893 1.000000
0.231677 -0.009873 -0.080858 0.000000
0.548093 -0.040494 -0.007339 0.000000
-0.165824 -0.035997 0.240221 0.000000
-0.336630 -0.001522 0.649285 1.000000
0.368246 -0.012419 0.075316 0.000000
-0.050763 -0.026290 0.164561 1.000000
0.239338 -0.023078 0.152118 1.000000
-0.148217 -0.036402 0.214454 0.000000
-0.364681 -0.040375 0.076053 0.000000
-0.351881 0.082513 0.116952 2.000000
0.080024 -0.035355 0.168511 1.000000
0.095275 -0.040494 -0.055995 0.000000
0.531867 -0.040494 0.051071 0.000000
0.108456 -0.008041 0.117999 0.000000
0.015142 0.039163 -0.034225 0.000000
-0.042983 0.014110 -0.070366 0.000000
0.173861 -0.040494 0.009506 0.000000
0.475455 0.034214 0.029277 0.000000
-0.163706 -0.038210 0.195967 0.000000
0.640812 -0.033713 0.047217 0.000000
0.073409 -0.040494 -0.073530 0.000000
0.316759 0.035927 -0.039483 0.000000
-0.031182 -0.040494 0.084595 0.000000
-0.154237 -0.017296 -0.405388 1.000000
-0.281479 0.090436 -0.133035 2.000000
-0.393875 0.011778 -0.774004 1.000000
-0.037440 -0.025386 0.359421 1.000000
0.209693 0.035309 -0.040459 0.000000
-0.365776 0.035213 0.085618 2.000000
-0.197539 0.000024 -0.064465 0.000000
0.143074 -0.040494 -0.069937 0.000000
-0.271914 -0.040447 0.150357 0.000000
0.339409 -0.040494 -0.015143 0.000000
0.686327 -0.037948 -0.038627 0.000000
-0.025163 -0.025410 0.354853 1.000000
-0.484833 0.154747 -0.205293 2.000000
0.066867 0.001952 0.044861 0.000000
-0.183216 0.005711 0.050881 0.000000
-0.210292 -0.021222 -0.454329 1.000000
-0.123426 0.041233 -0.006459 0.000000
-0.508626 0.150702 -0.200296 2.000000
-0.340984 -0.040494 0.065941 0.000000
-0.279100 0.026291 -0.012883 0.000000
0.481046 -0.011039 -0.080168 0.000000
-0.393946 0.018725 -0.789469 1.000000
0.401888 0.036903 -0.037913 0.000000
0.106767 -0.020009 -0.266606 1.000000
-0.292090 0.060172 0.092922 2.000000
-0.300156 -0.020913 -0.031655 0.000000
-0.267275 -0.040494 -0.052474 0.000000
0.000605 -0.039899 0.126208 0.000000
-0.430301 0.010446 0.757636 1.000000
-0.280789 0.043898 -0.104437 2.000000
-0.088308 0.000262 -0.111836 0.000000
-0.022926 -0.040494 -0.070508 0.000000
-0.085834 -0.029788 0.184499 1.000000
-0.071725 -0.029788 0.157233 1.000000
-0.401869 0.016108 -0.810264 1.000000
0.064440 -0.014751 -0.250308 1.000000
0.742216 0.045159 -0.006150 0.000000
0.429916 -0.040494 -0.016571 0.000000
0.666342 -0.028217 -0.055448 0.000000
-0.110268 -0.034427 -0.140649 0.000000
-0.208817 -0.022031 0.431441 1.000000
-0.353356 0.114561 -0.156185 2.000000
-0.138748 0.025125 -0.082405 0.000000
-0.217525 -0.039542 0.169486 0.000000
-0.274008 -0.033142 0.106650 0.000000
0.640360 -0.032072 0.038033 0.000000
-0.444243 0.014514 -0.804054 1.000000
-0.372105 -0.022007 0.034868 2.000000
-0.137201 -0.009564 0.461800 1.000000
-0.263183 -0.032405 -0.120853 0.000000
-0.124139 -0.040494 0.029705 0.000000
-0.323877 -0.024291 0.019332 0.000000
-0.297253 -0.004330 -0.634009 1.000000
-0.329278 0.002237 -0.690421 1.000000
-0.172962 -0.015227 -0.438435 1.000000
0.086567 0.041185 -0.029038 0.000000
-0.017454 0.031312 -0.049357 0.000000
-0.177411 0.042970 -0.096300 0.000000
0.430201 -0.034641 0.086974 0.000000
0.979593 -0.026171 -0.009909 0.000000
-0.467251 0.018939 -0.841956 1.000000
-0.378005 0.045682 -0.104127 2.000000
-0.252619 0.068880 -0.110075 2.000000
0.068746 -0.028812 -0.285664 1.000000
-0.252571 -0.040304 -0.150713 0.000000
-0.397491 0.104426 -0.151950 2.000000
-0.314527 0.014371 0.727539 1.000000
-0.222474 -0.016535 0.498203 1.000000
0.430130 0.037997 -0.036128 0.000000
-0.394945 0.052534 0.099156 2.000000
0.541431 0.040353 -0.031560 0.000000
0.815901 -0.038496 -0.005151 0.000000
0.002603 -0.025124 0.338056 1.000000
0.295036 -0.040494 -0.060230 0.000000
0.000771 -0.036521 0.160540 1.000000
0.042408 -0.016202 -0.155281 0.000000
-0.278648 0.061457 0.092708 2.000000
-0.055403 -0.035069 -0.223375 1.000000
0.282117 -0.040494 0.050809 0.000000
-0.158282 -0.040280 -0.159326 0.000000
-0.330753 0.072734 -0.119973 2.000000
-0.292352 -0.010373 -0.057518 2.000000
0.320209 -0.012181 0.102439 1.000000
-0.300822 -0.040494 0.084452 0.000000
-0.103940 -0.027599 0.340102 1.000000
0.483758 -0.040494 -0.062800 0.000000
0.299295 0.045111 -0.010861 0.000000
-0.175246 -0.021317 0.384737 1.000000
0.208741 -0.040494 -0.012146 0.000000
0.089231 -0.040494 0.046884 0.000000
0.054970 -0.036592 0.151523 0.000000
0.313999 0.015228 0.049310 0.000000
-0.405176 0.013943 -0.768151 1.000000
0.341241 0.003998 -0.072103 0.000000
-0.370820 0.000334 -0.682713 1.000000
-0.318215 -0.012395 0.043053 2.000000
0.019662 -0.034261 0.205579 1.000000
-0.009246 -0.014727 -0.129395 0.000000
0.242431 -0.005710 0.063062 0.000000
0.567079 -0.032833 -0.083190 0.000000
-0.242983 0.026791 0.018523 0.000000
-0.062469 -0.040066 0.129634 0.000000
-0.362254 -0.040494 -0.076909 0.000000
0.832746 0.028385 0.024519 0.000000
-0.459851 0.108923 -0.162657 2.000000
-0.325210 -0.040494 0.094992 0.000000
-0.031872 -0.040494 -0.104746 0.000000
-0.489853 0.126696 0.166821 2.000000
-0.138153 -0.008660 -0.126897 0.000000
-0.216859 -0.040494 -0.061372 0.000000
-0.119119 -0.032714 0.284118 1.000000
-0.080314 -0.035569 0.213930 1.000000
0.111454 -0.009968 -0.142029 0.000000
-0.347003 0.044040 -0.098155 2.000000
-0.123901 -0.032666 -0.231893 1.000000
0.335460 0.009137 -0.069509 0.000000
0.777524 0.043303 -0.006792 0.000000
-0.158472 -0.040470 0.140578 0.000000
-0.080290 -0.028003 0.198323 1.000000
-0.073533 -0.021222 -0.300106 1.000000
0.566056 0.018226 0.042815 0.000000
0.055375 -0.031001 -0.280263 1.000000
-0.078458 -0.031239 0.290780 1.000000
-0.027471 0.025934 0.048977 0.000000
-0.335773 0.004521 -0.676170 1.000000
0.310168 -0.018010 -0.136580 1.000000
-0.429896 0.108304 -0.158517 2.000000
-0.184477 0.020486 0.043029 0.000000
-0.114718 -0.040494 0.047455 0.000000
0.076241 -0.040494 0.057424 0.000000
-0.211172 -0.040494 -0.072959 0.000000
-0.331086 0.071402 0.105984 2.000000
-0.314622 0.003284 0.644360 1.000000
0.664367 -0.022269 -0.070080 0.000000
-0.228541 0.015846 -0.056971 2.000000
0.066177 -0.038995 -0.148357 0.000000
-0.418809 0.024721 -0.838125 1.000000
-0.362350 0.130217 0.159089 2.000000
0.151354 0.020248 0.045575 0.000000
0.425705 0.013039 -0.059778 0.000000
-0.468250 0.020795 -0.856207 1.000000
-0.082526 -0.040494 0.059256 0.000000
-0.211529 -0.006756 -0.031798 0.000000
-0.118810 0.040757 -0.000083 0.000000
0.126253 -0.040494 -0.112312 0.000000
-0.162921 -0.036140 -0.250261 0.000000
0.660774 0.007257 -0.060849 0.000000
-0.047290 0.013348 -0.082000 0.000000
0.026776 -0.040494 -0.058493 0.000000
-0.322830 -0.040351 0.112931 0.000000
0.412643 -0.020247 -0.110408 0.000000
-0.123878 -0.025410 -0.316998 1.000000
0.220780 -0.040494 0.019736 0.000000
-0.306295 0.043684 0.079432 2.000000
-0.202131 0.026196 -0.085974 2.000000
-0.160352 -0.037139 -0.230227 0.000000
-0.002893 0.014371 -0.086592 0.000000
0.702125 -0.019271 -0.056519 0.000000
