-0.729769 0.034951 0.187823 2.000000
-0.037126 -0.034962 0.529896 1.000000
0.108767 -0.092142 0.014380 0.000000
0.345556 0.004745 0.078653 0.000000
0.053970 -0.028420 0.548521 1.000000
0.096960 -0.041856 -0.244017 1.000000
0.567028 0.090977 0.032153 0.000000
0.002431 -0.038998 -0.441023 1.000000
0.324524 -0.072840 0.057321 1.000000
0.926799 -0.070759 -0.010211 0.000000
0.561915 0.063127 -0.077718 0.000000
0.004311 -0.035740 0.640870 1.000000
-0.708738 0.048187 0.161602 2.000000
0.072921 -0.047521 0.142175 1.000000
-0.063798 0.023796 0.076974 0.000000
0.120323 -0.050554 -0.097321 0.000000
-0.077310 0.001285 0.077751 0.000000
0.747741 -0.058075 -0.065560 0.000000
0.596232 0.042672 -0.089425 0.000000
0.286522 -0.068728 0.130844 1.000000
-0.804521 0.296381 -0.004646 2.000000
0.613679 0.095991 0.024257 0.000000
0.845153 -0.052861 0.047219 0.000000
0.155769 0.100327 0.003150 0.000000
-0.642308 0.250382 -0.009860 2.000000
0.807828 -0.092944 -0.032672 0.000000
0.375211 -0.104726 0.318826 3.000000
0.357388 -0.117911 -0.314933 3.000000
0.695274 0.096818 0.014430 0.000000
0.363279 -0.143706 -0.246574 3.000000
0.216232 -0.043134 -0.102184 1.000000
-0.208388 -0.070032 0.023730 0.000000
0.124610 -0.045842 0.448977 1.000000
-0.164645 0.061172 -0.079398 0.000000
-0.732777 0.007627 -0.021943 2.000000
-0.708487 0.039137 -0.040693 2.000000
0.111550 0.068918 -0.074008 0.000000
-0.241452 -0.008090 0.075069 0.000000
0.725681 0.012992 0.077475 0.000000
-0.688157 0.021164 0.044261 2.000000
0.244233 -0.055267 0.271148 1.000000
-0.791912 0.043750 0.208153 2.000000
-0.805022 0.050192 -0.331352 2.000000
0.472674 0.055356 -0.082606 0.000000
0.298529 -0.061860 -0.246849 3.000000
-0.791110 0.191774 -0.008557 2.000000
-0.663265 0.042497 -0.223662 2.000000
0.109569 -0.064266 -0.067566 1.000000
-0.576882 -0.036742 -0.040142 0.000000
0.101397 -0.148769 -0.155227 3.000000
0.123908 -0.036015 -0.331854 1.000000
0.143436 -0.175015 0.161878 3.000000
0.278600 0.082580 -0.059870 0.000000
0.158351 -0.064768 -0.267580 1.000000
-0.192019 0.007001 -0.094338 0.000000
0.128295 -0.053613 0.080208 0.000000
-0.436002 -0.063239 -0.027332 0.000000
-0.055476 -0.030751 -0.729401 1.000000
0.202345 -0.073867 -0.076289 1.000000
-0.776596 0.291493 -0.012643 2.000000
-0.647322 -0.022729 0.004879 2.000000
0.141932 -0.066798 0.148066 1.000000
-0.009050 -0.038447 0.626581 1.000000
-0.767722 0.037107 -0.134296 2.000000
0.757417 -0.069581 0.032805 0.000000
0.727987 0.088621 0.030599 0.000000
-0.788352 0.070898 0.008339 2.000000
0.620949 0.013694 -0.094789 0.000000
0.925169 -0.047446 0.032203 0.000000
0.071617 -0.054991 0.195118 1.000000
-0.503083 -0.044237 0.034334 0.000000
-0.718539 0.023621 -0.040117 2.000000
0.493781 -0.042583 0.062309 0.000000
0.016468 -0.035890 -0.649109 1.000000
-0.124838 0.039338 0.771121 1.000000
0.097362 -0.056470 -0.382215 1.000000
0.085003 0.051972 0.068677 0.000000
0.443971 0.027230 0.076272 0.000000
0.070564 -0.053086 -0.416833 1.000000
0.571114 0.016877 0.078202 0.000000
-0.290083 0.077817 -0.069120 0.000000
0.530430 0.044126 -0.089149 0.000000
-0.248872 0.101631 -0.016929 0.000000
-0.660407 0.187889 -0.008106 2.000000
-0.706231 0.050042 0.191859 2.000000
-0.806852 0.309366 -0.011590 2.000000
-0.485360 0.099977 -0.015651 0.000000
0.157574 -0.141049 0.115904 3.000000
-0.724781 0.049340 0.183160 2.000000
0.326354 -0.079432 0.048447 0.000000
0.115686 -0.167971 0.161878 3.000000
0.072244 -0.043686 0.254553 1.000000
0.172539 0.039488 -0.089976 0.000000
0.055348 -0.041154 -0.576564 1.000000
-0.030208 -0.036116 0.642800 1.000000
0.158527 -0.118237 0.250467 3.000000
0.120123 -0.066021 0.045188 0.000000
-0.154518 0.079246 0.049725 0.000000
0.273211 -0.090989 -0.230205 3.000000
-0.538779 0.030238 0.064616 0.000000
0.298354 -0.099787 -0.345165 3.000000
-0.653739 0.006550 0.036314 2.000000
0.821866 -0.166367 -0.025252 3.000000
-0.463401 0.042847 0.071334 0.000000
-0.753107 0.375269 -0.005097 2.000000
0.094930 -0.045641 -0.144799 1.000000
0.338387 -0.050404 -0.296909 3.000000
0.209414 0.078819 -0.065134 0.000000
0.111826 0.079597 0.047971 0.000000
0.036272 -0.044939 -0.343485 1.000000
-0.407425 0.054805 0.069128 0.000000
-0.703022 0.051220 -0.226344 2.000000
0.260827 -0.154284 0.239562 3.000000
-0.609721 0.076864 0.002849 2.000000
-0.226988 -0.033609 0.064315 0.000000
-0.770905 0.015524 0.000969 2.000000
-0.312820 -0.054966 -0.059419 0.000000
0.211093 -0.135809 0.288845 3.000000
0.701265 0.076739 0.050553 0.000000
0.251753 -0.043134 0.193137 1.000000
-0.541812 0.146126 -0.013370 2.000000
0.711994 -0.005859 -0.092483 0.000000
-0.671963 0.202904 -0.008106 2.000000
0.574473 -0.054615 -0.070524 0.000000
0.226009 0.016827 0.078202 0.000000
0.426900 0.079145 -0.064733 0.000000
-0.729995 0.040416 0.253375 2.000000
0.265866 0.088345 -0.051723 0.000000
0.315249 -0.125482 -0.343034 3.000000
-0.672314 0.253265 -0.000009 2.000000
0.017245 -0.044989 0.508663 1.000000
0.328410 0.076263 -0.068769 0.000000
0.003609 -0.025537 -0.604389 1.000000
0.767519 -0.017365 -0.088673 0.000000
-0.593226 0.032419 -0.072028 0.000000
-0.106714 -0.047797 0.057020 0.000000
-0.083978 -0.082240 -0.032070 0.000000
0.169055 -0.045716 0.275810 1.000000
0.279202 -0.070934 0.224046 3.000000
0.196629 -0.070258 -0.172925 1.000000
-0.081245 -0.000845 -0.773771 1.000000
-0.804546 0.318867 -0.004245 2.000000
0.307378 -0.016237 -0.096895 0.000000
0.099793 -0.038823 0.299950 1.000000
0.017672 -0.026088 -0.582605 1.000000
-0.343277 -0.057072 -0.055183 0.000000
-0.652837 0.027907 -0.164176 2.000000
0.721069 -0.058451 0.049199 0.000000
0.815097 -0.137564 -0.024700 3.000000
0.126991 -0.066573 -0.106571 1.000000
-0.055751 0.102032 -0.004496 0.000000
0.357388 -0.107207 -0.297561 3.000000
-0.735435 0.260710 -0.006802 2.000000
0.332421 0.061272 -0.078846 0.000000
-0.274416 0.071475 0.057572 0.000000
-0.429033 0.102132 -0.014999 0.000000
-0.678682 0.254468 -0.018433 2.000000
-0.380327 -0.030375 0.064164 0.000000
-0.672565 0.078093 -0.034201 2.000000
0.311940 -0.060030 0.128438 1.000000
-0.623683 0.149209 -0.008106 2.000000
0.237389 -0.091791 -0.033148 0.000000
0.162487 -0.049226 0.382949 1.000000
0.493931 -0.017641 0.074467 0.000000
0.514010 0.084034 0.041879 0.000000
0.151081 -0.049101 -0.416908 1.000000
0.249948 -0.072990 -0.115771 1.000000
0.335003 -0.060331 -0.110482 0.000000
0.422589 0.084660 0.040952 0.000000
0.791609 -0.078354 0.007537 0.000000
-0.694775 0.043424 -0.097672 2.000000
-0.023665 -0.022830 0.733445 1.000000
0.101924 -0.059052 0.308975 1.000000
-0.764613 0.057111 0.322110 2.000000
0.395666 -0.081789 0.011046 0.000000
-0.598290 0.035879 -0.122188 2.000000
0.089866 -0.058952 -0.253116 1.000000
-0.273413 -0.056145 -0.059143 0.000000
0.039430 -0.035890 0.407641 1.000000
0.211745 -0.072840 -0.119005 1.000000
0.137395 -0.078405 0.058700 0.000000
0.108166 0.057988 -0.080877 0.000000
-0.265267 0.078293 -0.068142 0.000000
0.378946 -0.085474 -0.020890 0.000000
0.943444 -0.029197 -0.048464 3.000000
-0.586358 0.107271 -0.016428 2.000000
-0.434573 -0.063565 0.010119 0.000000
-0.373233 -0.071336 -0.012868 0.000000
0.499471 0.094236 0.027490 0.000000
-0.698836 0.246046 -0.011941 2.000000
0.226560 -0.042307 0.097329 1.000000
0.834750 -0.172433 -0.016553 3.000000
0.453246 -0.073191 -0.045256 0.000000
-0.253209 0.050769 0.070883 0.000000
-0.448160 0.004895 0.074517 0.000000
-0.807604 0.051997 -0.365620 2.000000
0.392683 0.066035 0.059878 0.000000
-0.509676 -0.000419 0.066345 0.000000
0.206832 -0.074945 -0.277256 1.000000
-0.654366 0.077566 0.001195 2.000000
-0.351574 0.093484 -0.046559 0.000000
-0.662538 0.209848 -0.014122 2.000000
0.058908 -0.050930 -0.358676 1.000000
0.791509 -0.037193 -0.079623 0.000000
0.029880 -0.092869 0.009166 0.000000
0.092549 -0.058877 0.280899 1.000000
0.300259 -0.048549 -0.298188 3.000000
0.408827 -0.074670 0.027215 0.000000
-0.223704 0.029386 0.076272 0.000000
0.465103 -0.070960 -0.048364 0.000000
-0.778275 0.038987 -0.145125 2.000000
-0.726185 0.293173 0.002222 2.000000
-0.388298 0.095690 -0.013420 0.000000
0.943719 -0.060205 -0.030666 3.000000
0.401607 0.098974 -0.025878 0.000000
0.022309 0.055908 0.066195 0.000000
-0.065177 -0.078781 -0.057414 0.000000
0.365610 0.081376 0.045564 0.000000
0.285845 -0.060782 0.163733 1.000000
-0.702095 0.174528 -0.001162 2.000000
0.803265 -0.071536 0.028493 0.000000
0.163640 0.085162 -0.056160 0.000000
0.361123 -0.088206 -0.010462 0.000000
0.054696 -0.046594 -0.256776 1.000000
-0.196656 -0.037996 -0.078195 0.000000
0.131579 -0.063264 -0.241209 1.000000
0.094028 -0.061083 -0.129508 1.000000
0.893358 0.024047 0.031702 0.000000
-0.606537 0.136751 -0.015400 2.000000
0.306927 -0.045767 0.257235 3.000000
0.215856 -0.045817 0.277866 1.000000
-0.724004 0.205737 -0.001788 2.000000
0.630073 0.019535 0.077726 0.000000
-0.033667 -0.066974 -0.086943 0.000000
-0.353479 -0.068027 0.015383 0.000000
0.403061 0.041870 -0.089550 0.000000
0.031409 0.100954 -0.016202 0.000000
0.048379 -0.027868 0.579554 1.000000
-0.434498 0.034851 -0.090177 0.000000
-0.086509 -0.028445 0.069855 0.000000
0.905742 -0.061710 0.025535 0.000000
-0.059411 -0.034060 -0.091957 0.000000
0.534591 0.092582 -0.045857 0.000000
-0.204578 -0.027417 -0.084913 0.000000
0.090217 -0.055192 0.384127 1.000000
0.021783 0.088471 -0.051447 0.000000
-0.254287 0.073054 -0.072304 0.000000
0.068910 -0.057172 -0.098148 1.000000
-0.743431 0.031066 0.097504 2.000000
0.153037 -0.039525 -0.232711 1.000000
-0.030458 0.097470 -0.032446 0.000000
0.362953 -0.136085 -0.331026 3.000000
0.896918 -0.043510 -0.059444 0.000000
-0.076156 -0.022353 0.701458 1.000000
0.491199 -0.080761 -0.018208 0.000000
-0.691165 0.032570 -0.198293 2.000000
0.078636 -0.030525 -0.484967 1.000000
0.496839 -0.064191 -0.057865 0.000000
0.346584 -0.067701 0.057145 1.000000
-0.360122 -0.033684 0.062284 0.000000
0.302515 -0.073592 -0.075888 0.000000
-0.020983 -0.025637 -0.742211 1.000000
-0.750726 0.033171 -0.050094 2.000000
0.346634 -0.050529 0.266986 3.000000
0.029378 -0.026515 0.580808 1.000000
-0.842574 0.048087 -0.014423 2.000000
-0.668253 0.048062 -0.168864 2.000000
-0.618469 0.120783 -0.016654 2.000000
-0.002408 -0.023356 0.661074 1.000000
-0.740022 0.277255 -0.018258 2.000000
0.129548 -0.066748 0.111993 1.000000
0.326254 -0.055192 -0.257102 3.000000
0.149903 -0.035614 0.301730 1.000000
-0.718740 0.078719 -0.024374 2.000000
-0.641657 0.024749 0.116380 2.000000
-0.011056 -0.035414 0.465196 1.000000
-0.721898 0.050493 -0.217796 2.000000
0.057805 -0.051708 -0.428414 1.000000
-0.339366 0.030665 -0.092082 0.000000
-0.228292 -0.004079 -0.092007 0.000000
0.203247 0.096342 0.022051 0.000000
-0.408302 0.003241 0.075721 0.000000
-0.750525 0.235968 -0.002641 2.000000
0.699185 -0.053011 0.055240 0.000000
0.195526 -0.072388 0.265457 1.000000
-0.180237 0.090526 0.033958 0.000000
-0.801112 0.050293 -0.028862 2.000000
-0.123910 0.018106 -0.779085 1.000000
0.234206 -0.124805 -0.321501 3.000000
0.063621 -0.054766 -0.149286 1.000000
0.902182 -0.039149 0.043985 0.000000
0.855456 0.009232 0.058975 0.000000
0.683668 -0.012753 0.075294 0.000000
0.094905 -0.045491 0.132323 1.000000
-0.535169 0.086766 0.031175 0.000000
-0.720394 0.047761 0.156739 2.000000
-0.767571 0.256825 -0.003192 2.000000
-0.738067 0.049290 0.307797 2.000000
-0.012008 -0.022654 -0.678113 1.000000
0.752478 -0.000093 0.076448 0.000000
0.142057 -0.035238 0.366981 1.000000
0.086633 0.098848 -0.026204 0.000000
-0.252607 0.084485 -0.058817 0.000000
-0.749096 0.034600 0.171780 2.000000
0.128170 -0.062462 0.245604 1.000000
0.047703 -0.083142 0.050026 0.000000
0.168178 -0.071962 -0.075337 1.000000
-0.506016 0.020638 -0.086793 0.000000
-0.012936 -0.034662 -0.493490 1.000000
-0.605810 -0.025487 0.028092 0.000000
0.329337 -0.067450 -0.329422 3.000000
0.548754 -0.076875 0.020221 0.000000
0.130075 -0.038723 0.265558 1.000000
-0.738744 0.288385 -0.004195 2.000000
0.847384 -0.081839 -0.035931 0.000000
0.488115 0.100703 -0.017957 0.000000
0.047176 -0.051632 0.116882 1.000000
0.127944 -0.095877 -0.164678 1.000000
0.376239 -0.142177 -0.252715 3.000000
0.136743 0.039263 0.074041 0.000000
-0.188560 -0.014357 0.074191 0.000000
0.657197 0.068993 0.058048 0.000000
0.188708 -0.057348 0.318400 1.000000
-0.060715 -0.032832 -0.657758 1.000000
0.025518 -0.045842 -0.518357 1.000000
-0.091097 -0.027593 0.685089 1.000000
0.180260 -0.068352 -0.195235 1.000000
0.770001 -0.046042 0.058524 0.000000
0.249798 -0.097782 0.322135 3.000000
-0.211923 -0.040753 -0.076089 0.000000
0.277623 0.024749 0.076723 0.000000
0.750072 -0.062762 0.042757 0.000000
-0.644189 0.087418 -0.026656 2.000000
-0.323047 -0.065821 0.026889 0.000000
0.640527 0.061147 0.062986 0.000000
0.655893 -0.049878 -0.073507 0.000000
-0.009677 -0.090813 -0.032271 0.000000
0.077909 -0.062386 0.077350 0.000000
0.331067 -0.088407 0.016987 0.000000
-0.677453 0.189744 -0.016177 2.000000
-0.478993 -0.011424 -0.083810 0.000000
0.121652 -0.048900 -0.290492 1.000000
-0.579514 -0.011148 0.048597 0.000000
0.059334 -0.054615 0.117959 1.000000
-0.709740 0.215664 0.000969 2.000000
-0.474581 0.072878 0.053586 0.000000
-0.040084 -0.025086 0.632923 1.000000
0.293240 -0.116482 -0.226946 3.000000
-0.029982 -0.024635 0.741867 1.000000
0.161810 0.035703 -0.090678 0.000000
0.630600 0.027857 -0.092157 0.000000
0.308882 -0.045716 0.280373 3.000000
0.325853 -0.057799 -0.089500 0.000000
0.099542 -0.046594 0.480863 1.000000
0.186903 -0.126083 -0.264196 3.000000
0.336406 -0.073065 0.316746 3.000000
0.080140 -0.059203 -0.086492 1.000000
0.150455 -0.163033 0.139818 3.000000
-0.678857 0.043023 -0.088272 2.000000
-0.729268 0.309416 -0.003643 2.000000
0.339214 -0.071686 -0.240382 3.000000
0.403237 -0.065244 0.040501 0.000000
0.373607 0.089874 0.033607 0.000000
0.093401 -0.046268 0.113723 1.000000
-0.824049 0.360354 -0.004746 2.000000
-0.055827 -0.019621 0.713140 1.000000
0.071993 -0.029748 -0.546332 1.000000
-0.382708 0.086014 0.042005 0.000000
-0.425774 0.099074 -0.027207 0.000000
0.134437 -0.086326 -0.060296 0.000000
0.129147 -0.151101 0.142024 3.000000
-0.021183 -0.038321 -0.528083 1.000000
-0.648901 -0.012452 -0.038838 2.000000
-0.769176 0.039764 0.215949 2.000000
0.502680 -0.058852 -0.065360 0.000000
0.288828 -0.071160 0.101691 1.000000
-0.526220 -0.047045 0.024382 0.000000
0.186151 -0.038547 -0.321476 1.000000
0.125487 -0.094448 -0.013746 0.000000
0.495761 0.037784 0.074317 0.000000
0.279503 -0.068578 -0.153648 1.000000
-0.675022 0.046608 0.209456 2.000000
0.529828 -0.005608 0.076723 0.000000
-0.192094 -0.057548 -0.059995 0.000000
0.663589 0.086189 -0.054907 0.000000
0.253107 -0.057373 0.290324 1.000000
0.352224 -0.071210 0.312133 3.000000
-0.712147 0.095464 -0.014322 2.000000
0.782509 0.081752 0.028092 0.000000
-0.083827 -0.020273 -0.745469 1.000000
0.354279 0.014321 0.078679 0.000000
0.841318 0.058414 0.028568 0.000000
-0.039783 -0.034436 -0.677812 1.000000
-0.606036 0.171244 -0.001788 2.000000
0.138974 -0.094749 -0.004571 0.000000
0.451868 0.060696 0.063237 0.000000
0.392984 -0.061484 0.047896 0.000000
0.064122 0.087618 -0.052676 0.000000
0.225683 -0.019195 0.084419 0.000000
-0.684422 0.286881 -0.012342 2.000000
-0.127094 0.101681 -0.014397 0.000000
0.894136 -0.020323 0.050302 0.000000
0.942867 -0.066071 0.003476 0.000000
0.347687 -0.085524 -0.040593 0.000000
0.194373 -0.013530 0.082564 0.000000
-0.016846 -0.051883 -0.094238 0.000000
0.422363 0.020337 -0.093561 0.000000
0.051012 0.014471 -0.094639 0.000000
-0.732552 0.250382 0.002222 2.000000
0.228089 -0.051758 0.080809 0.000000
0.461569 0.098122 0.014029 0.000000
-0.333952 -0.029272 -0.081679 0.000000
0.062091 -0.050730 -0.460776 1.000000
0.680108 -0.063539 0.042431 0.000000
0.198284 0.098447 -0.028109 0.000000
0.199863 0.046808 -0.087921 0.000000
0.738942 0.091178 -0.041320 0.000000
0.020254 -0.015986 0.083341 0.000000
0.096259 -0.052936 -0.439945 1.000000
-0.749147 0.311973 -0.012843 2.000000
0.218488 -0.062286 0.077400 0.000000
-0.589366 -0.039249 0.013252 0.000000
0.252129 -0.043285 -0.171170 1.000000
0.037976 -0.028746 -0.525927 1.000000
0.190914 -0.070283 -0.153347 1.000000
0.156646 -0.037595 0.258915 1.000000
-0.325504 0.055080 0.068626 0.000000
-0.787650 0.053601 -0.288612 2.000000
0.230395 0.088521 0.035462 0.000000
0.035996 -0.026891 -0.619329 1.000000
-0.295072 -0.072789 -0.002265 0.000000
0.813293 -0.143681 -0.010286 3.000000
0.113530 -0.173611 -0.146529 3.000000
0.940786 0.010661 -0.028912 0.000000
0.200615 -0.041505 -0.151191 1.000000
-0.713425 0.023144 -0.068518 2.000000
0.279453 -0.052084 0.191859 1.000000
0.436627 0.049215 -0.086467 0.000000
0.897896 -0.015385 -0.064733 0.000000
-0.100447 -0.067575 -0.056361 0.000000
0.481247 -0.010371 -0.091831 0.000000
-0.036725 0.079421 0.048272 0.000000
0.077358 -0.043410 0.241117 1.000000
-0.136043 -0.003152 0.076598 0.000000
-0.341272 0.101556 -0.019286 0.000000
0.104105 -0.032406 0.443011 1.000000
-0.088114 -0.021050 0.728055 1.000000
-0.676225 0.129857 -0.000159 2.000000
-0.095308 0.074834 0.054563 0.000000
-0.024993 0.100603 0.001621 0.000000
0.106561 -0.166968 0.173384 3.000000
0.920055 -0.034461 -0.055208 0.000000
-0.758346 0.036455 0.180428 2.000000
-0.106563 0.039438 -0.090077 0.000000
-0.558758 0.097495 -0.013295 0.000000
-0.211622 -0.058401 0.041604 0.000000
0.299908 -0.033258 -0.100755 0.000000
0.266292 -0.073842 0.078127 1.000000
0.023913 -0.070032 0.074066 0.000000
-0.720294 0.000859 0.001671 2.000000
-0.532136 -0.024935 0.049725 0.000000
0.039205 -0.043310 -0.568617 1.000000
-0.110750 -0.023156 -0.765574 1.000000
-0.196481 0.012842 0.079280 0.000000
-0.806602 0.071199 0.006233 2.000000
0.153714 -0.057147 0.345398 1.000000
0.564672 -0.055944 -0.069346 0.000000
0.140327 -0.123752 0.185692 3.000000
0.059635 -0.054916 -0.126149 1.000000
-0.475960 -0.059955 -0.019160 0.000000
0.210316 -0.072012 0.130844 1.000000
-0.550887 -0.049802 0.002022 0.000000
0.079689 -0.031929 0.536313 1.000000
0.321917 0.053927 -0.083484 0.000000
0.051262 -0.028319 -0.542672 1.000000
0.678604 -0.061659 -0.061098 0.000000
0.082622 -0.087379 0.042230 0.000000
-0.755363 0.271464 -0.002716 2.000000
-0.670459 0.049841 0.185091 2.000000
0.098389 -0.035213 -0.373466 1.000000
0.383057 0.029186 -0.091907 0.000000
0.264337 -0.061860 0.191583 1.000000
-0.209240 -0.074895 -0.008682 0.000000
0.128370 -0.117310 -0.155929 3.000000
0.021231 -0.080711 -0.070574 0.000000
-0.247920 -0.072238 -0.021015 0.000000
0.436175 -0.082666 -0.006476 0.000000
0.034943 -0.027693 0.612142 1.000000
0.195902 -0.093445 -0.020990 0.000000
0.617665 -0.028144 0.071484 0.000000
0.318433 -0.155337 0.234273 3.000000
0.089741 -0.041555 0.249740 1.000000
-0.437130 -0.066197 -0.011790 0.000000
0.177778 -0.069831 -0.284802 1.000000
0.447205 0.035327 -0.090779 0.000000
0.181639 -0.069155 0.151876 1.000000
-0.746991 0.032369 -0.133820 2.000000
0.063545 0.001386 -0.094037 0.000000
0.118719 -0.063916 -0.201703 1.000000
0.203648 -0.040302 0.251319 1.000000
-0.690539 0.048839 -0.246323 2.000000
0.109745 -0.038647 -0.302149 1.000000
0.186803 -0.056997 -0.338647 1.000000
0.255689 -0.054014 0.080082 0.000000
0.180761 -0.053713 0.268340 1.000000
0.770001 -0.066297 0.037267 0.000000
0.257920 -0.143605 -0.327342 3.000000
-0.218190 0.052373 0.069654 0.000000
-0.741501 0.043524 -0.296809 2.000000
0.298228 0.090376 0.032855 0.000000
0.151407 -0.037319 0.397288 1.000000
0.021482 -0.026038 0.633550 1.000000
0.388923 0.100528 0.002523 0.000000
0.003483 -0.038547 -0.430194 1.000000
0.617565 -0.056094 0.053034 0.000000
0.032888 -0.044137 0.334669 1.000000
-0.700841 0.273419 -0.008607 2.000000
0.477612 0.002739 -0.094263 0.000000
0.566953 0.005622 0.078804 0.000000
-0.372932 -0.013304 -0.089400 0.000000
0.114157 -0.040502 -0.256400 1.000000
-0.771758 0.046257 0.300953 2.000000
0.255488 -0.107508 0.324692 3.000000
-0.644590 0.167960 -0.015200 2.000000
-0.660482 0.046959 -0.149612 2.000000
-0.643813 0.123164 -0.007529 2.000000
0.153012 -0.046318 0.082589 0.000000
-0.786447 0.243639 -0.004822 2.000000
-0.208839 -0.071812 -0.027107 0.000000
0.337910 -0.056245 0.093017 1.000000
0.297025 -0.082691 0.047971 0.000000
-0.800610 0.049415 0.319403 2.000000
0.107740 -0.063389 -0.119280 1.000000
0.063771 -0.052735 0.350988 1.000000
0.109519 -0.131849 0.149921 3.000000
-0.251529 -0.024735 0.069805 0.000000
0.584300 0.097921 -0.031118 0.000000
0.839563 -0.075948 0.022627 0.000000
0.132431 -0.060306 -0.348649 1.000000
-0.660508 0.020362 0.051230 2.000000
-0.760151 0.056083 0.301881 2.000000
-0.773964 0.041193 0.229059 2.000000
0.818256 -0.074569 0.022778 0.000000
-0.022211 -0.031503 -0.547410 1.000000
-0.817180 0.050844 0.295714 2.000000
-0.701543 0.083783 -0.015626 2.000000
-0.794469 0.049741 -0.264572 2.000000
0.465780 0.025400 0.076623 0.000000
0.370373 -0.120017 -0.336115 3.000000
-0.477313 0.099550 0.003100 0.000000
0.159655 -0.040878 0.180879 1.000000
-0.591120 0.026102 -0.101006 2.000000
0.385489 -0.057248 -0.071802 0.000000
0.886340 0.018005 -0.057514 0.000000
0.601496 0.095489 -0.041796 0.000000
-0.401584 0.100102 0.009843 0.000000
-0.817556 0.029060 -0.005824 2.000000
-0.636242 0.025150 -0.140813 2.000000
0.198810 -0.044062 -0.094087 1.000000
-0.770028 0.040491 -0.247526 2.000000
-0.204803 -0.071762 0.012926 0.000000
0.224454 -0.102770 -0.322905 3.000000
-0.364434 0.043524 0.073640 0.000000
0.765489 0.008505 0.076723 0.000000
-0.715431 0.072728 0.015508 2.000000
-0.751804 0.053551 0.335496 2.000000
-0.600571 0.071575 -0.055859 2.000000
0.655692 -0.078505 0.012024 0.000000
-0.715706 0.058740 -0.012492 2.000000
0.080391 -0.045215 0.506633 1.000000
0.377693 -0.064668 0.278417 3.000000
0.157624 -0.043134 -0.147105 1.000000
-0.769050 0.038285 0.107757 2.000000
0.823871 0.078494 -0.003694 0.000000
0.317581 -0.070709 0.222592 3.000000
-0.210945 0.091504 -0.048339 0.000000
0.256315 -0.075998 0.054213 1.000000
-0.762232 0.209271 -0.012768 2.000000
0.207885 -0.080159 -0.266252 1.000000
0.617439 -0.017189 -0.090528 0.000000
0.233955 0.057763 -0.081052 0.000000
-0.622355 0.044878 0.093117 2.000000
0.121928 -0.038622 0.273830 1.000000
0.250449 -0.089083 -0.052901 0.000000
0.128245 0.084334 -0.057313 0.000000
0.042689 -0.027542 0.564013 1.000000
0.128170 -0.091640 0.018115 0.000000
-0.670184 0.027456 0.132373 2.000000
0.105007 -0.060005 0.268465 1.000000
0.011806 -0.036717 -0.434631 1.000000
0.048455 -0.053161 -0.128906 1.000000
-0.026773 -0.020925 -0.727947 1.000000
0.133008 -0.114101 0.163959 3.000000
0.357388 -0.111519 -0.251988 3.000000
0.322143 -0.100113 0.328753 3.000000
0.712521 0.033948 0.074567 0.000000
0.127042 -0.105728 0.151174 1.000000
0.621801 0.045580 0.072788 0.000000
0.129047 -0.171756 -0.132015 3.000000
0.055850 -0.051632 -0.210877 1.000000
-0.542991 0.096492 -0.023171 0.000000
-0.249850 0.088170 0.037944 0.000000
-0.737866 0.300944 -0.012919 2.000000
-0.762558 0.054479 0.273830 2.000000
-0.022411 -0.010446 0.078528 0.000000
-0.784116 0.305030 -0.012442 2.000000
0.068885 -0.053262 -0.286055 1.000000
-0.786999 0.353761 0.001746 2.000000
-0.114334 0.050568 -0.085966 0.000000
0.037600 -0.045190 0.317097 1.000000
-0.036274 0.101882 -0.004195 0.000000
-0.535846 0.011989 0.064891 0.000000
-0.470345 0.110104 -0.000761 0.000000
-0.088089 -0.028219 0.672255 1.000000
0.299131 -0.002951 0.077225 0.000000
-0.761004 0.049866 -0.215415 2.000000
-0.715456 0.042873 -0.091856 2.000000
0.614832 0.002915 -0.094288 0.000000
-0.764187 0.361908 -0.011690 2.000000
-0.590343 0.078669 0.002724 2.000000
-0.548280 -0.008090 0.057647 0.000000
0.274915 -0.045767 0.257110 1.000000
-0.539005 -0.019320 -0.067942 0.000000
-0.629875 -0.031353 -0.007755 0.000000
0.823094 -0.136662 -0.030391 3.000000
0.634410 -0.076249 0.022753 0.000000
0.133183 -0.077101 0.110690 0.000000
-0.181867 -0.074394 -0.016278 0.000000
0.173442 -0.037569 0.294059 1.000000
-0.518625 0.009683 0.067122 0.000000
0.035620 0.002313 0.078227 0.000000
0.050911 -0.047145 0.239663 1.000000
-0.022136 -0.039249 0.572185 1.000000
-0.466785 0.050819 -0.085564 0.000000
0.605131 -0.069330 -0.050420 0.000000
-0.661786 0.106945 -0.016303 2.000000
0.194123 0.102333 -0.006276 0.000000
0.966832 -0.049577 0.016486 0.000000
-0.653313 0.090852 0.000869 2.000000
-0.688157 0.240506 -0.000335 2.000000
0.179283 -0.038397 0.237783 1.000000
0.642758 0.079471 0.048347 0.000000
-0.752681 0.033898 0.043534 2.000000
0.026821 -0.088908 -0.054054 0.000000
0.595280 0.012591 0.079004 0.000000
-0.292164 0.097595 -0.037585 0.000000
0.063696 -0.055092 -0.139009 1.000000
-0.698034 0.028358 -0.142593 2.000000
0.134035 -0.141675 0.156137 3.000000
0.152711 -0.041931 -0.177863 1.000000
-0.346912 0.005296 0.077200 0.000000
0.253533 -0.145360 0.308799 3.000000
-0.668504 0.274823 -0.012242 2.000000
-0.360874 0.074483 0.000869 0.000000
-0.442896 0.076588 -0.017080 0.000000
-0.445427 0.091955 -0.000009 0.000000
0.048054 -0.046920 -0.275552 1.000000
-0.747392 0.032144 -0.035880 2.000000
-0.178583 0.050393 0.070632 0.000000
-0.019178 0.006249 0.078954 0.000000
0.722422 0.002238 -0.093787 0.000000
-0.725583 0.032971 -0.038137 2.000000
-0.235887 0.008781 -0.094463 0.000000
-0.799683 0.045906 0.238936 2.000000
0.155518 -0.066172 -0.202831 1.000000
-0.093654 -0.020473 -0.755822 1.000000
0.058607 -0.032380 -0.605943 1.000000
-0.688107 0.026980 0.115378 2.000000
0.330190 -0.079859 -0.062477 0.000000
0.122830 -0.033960 -0.364993 1.000000
0.277272 -0.089434 0.031927 0.000000
0.465730 -0.020248 -0.089976 0.000000
0.162362 0.096668 0.020472 0.000000
0.433994 0.067614 -0.074886 0.000000
-0.274140 -0.021702 -0.087545 0.000000
0.202996 0.092832 -0.045381 0.000000
-0.731098 0.340776 -0.011590 2.000000
-0.024843 -0.029498 0.710834 1.000000
0.603727 -0.030400 -0.086016 0.000000
-0.802766 0.215488 -0.007930 2.000000
-0.102979 -0.023181 0.727905 1.000000
0.128972 -0.063539 0.208454 1.000000
0.550885 0.041268 -0.089676 0.000000
0.201141 -0.001698 0.078729 0.000000
0.321892 -0.058000 0.074191 0.000000
0.262432 -0.030325 -0.103889 0.000000
0.201517 -0.031102 0.087527 0.000000
-0.393863 0.009833 -0.093736 0.000000
0.332897 -0.051808 -0.304706 3.000000
-0.698861 0.012867 -0.038487 2.000000
0.214653 -0.072564 -0.139184 1.000000
0.673114 0.102057 -0.005373 0.000000
0.209840 -0.059679 0.277239 1.000000
0.083775 -0.059453 0.091814 1.000000
-0.049134 -0.006235 -0.092533 0.000000
0.344378 -0.164336 0.273654 3.000000
0.235810 -0.147215 0.298923 3.000000
0.229042 -0.071486 0.132749 1.000000
0.170409 -0.106681 -0.260988 3.000000
0.655868 0.102358 -0.010362 0.000000
0.052867 -0.029598 0.483320 1.000000
-0.673593 -0.012903 0.007762 2.000000
-0.648199 0.197790 -0.014623 2.000000
0.649100 0.042271 -0.089500 0.000000
0.142859 -0.116658 0.164109 3.000000
0.419480 -0.082867 -0.007404 0.000000
-0.280959 0.016426 -0.094739 0.000000
-0.656622 0.112786 0.000743 2.000000
-0.413541 0.078218 0.052608 0.000000
-0.517722 0.042547 -0.081403 0.000000
-0.399855 0.101681 -0.018208 0.000000
-0.636267 0.041193 0.035312 2.000000
0.621325 0.023570 -0.092959 0.000000
-0.183697 0.096016 0.025861 0.000000
0.289354 0.067238 0.059101 0.000000
0.787974 -0.012878 0.072211 0.000000
-0.665170 0.041795 0.049625 2.000000
0.257744 -0.043661 0.128814 1.000000
-0.819411 0.290240 -0.009434 2.000000
-0.654140 0.044326 -0.105493 2.000000
0.625461 -0.032756 -0.084487 0.000000
-0.820790 0.067339 0.006609 2.000000
-0.019579 -0.021752 0.688950 1.000000
0.583673 0.100252 -0.020138 0.000000
0.146118 -0.041380 -0.195787 1.000000
0.661709 0.082680 0.043835 0.000000
-0.490098 -0.054315 0.021499 0.000000
0.146369 -0.172483 0.139818 3.000000
0.329688 -0.166392 -0.283448 3.000000
0.562792 0.090075 -0.049367 0.000000
0.692767 -0.079833 -0.020765 0.000000
-0.690889 0.039940 0.023806 2.000000
0.229844 -0.065219 -0.225216 1.000000
0.585177 -0.080485 -0.019085 0.000000
-0.121579 0.085137 -0.056737 0.000000
0.136317 -0.134406 -0.140011 3.000000
-0.423869 -0.061710 -0.040994 0.000000
0.272709 -0.081714 -0.337519 3.000000
0.000225 -0.032857 0.668469 1.000000
0.374133 -0.060331 0.252648 3.000000
-0.763460 0.048788 0.193112 2.000000
0.245887 -0.042784 0.214971 1.000000
-0.773888 0.040516 0.202337 2.000000
0.802839 0.061097 0.047169 0.000000
0.814797 -0.079106 -0.017681 0.000000
-0.293994 0.009282 -0.094288 0.000000
0.345882 0.080273 -0.063129 0.000000
0.240573 -0.122298 0.315091 3.000000
0.214452 -0.068052 0.188775 1.000000
-0.499473 -0.058576 -0.006276 0.000000
0.295621 -0.167445 -0.285078 3.000000
0.920707 -0.012753 -0.056160 0.000000
0.186326 -0.075798 0.277339 1.000000
-0.196130 0.000032 0.076899 0.000000
0.262081 -0.064367 -0.250108 1.000000
0.756815 -0.064542 -0.056185 0.000000
0.149978 -0.066096 0.175490 1.000000
-0.795848 0.044026 -0.217821 2.000000
0.717935 0.025776 -0.091781 0.000000
-0.561992 0.131888 -0.014999 2.000000
0.998843 -0.048073 -0.001312 0.000000
0.824498 0.007101 0.067448 0.000000
0.204902 -0.137288 -0.272443 3.000000
-0.178733 0.101781 -0.000786 0.000000
0.063595 -0.051607 -0.325737 1.000000
-0.414619 -0.060882 0.027666 0.000000
-0.328562 -0.071135 -0.018333 0.000000
0.259098 -0.161679 0.280322 3.000000
0.088864 -0.056270 0.356327 1.000000
-0.739320 0.038160 -0.077944 2.000000
-0.698936 0.050894 0.238635 2.000000
0.521004 -0.060055 0.047620 0.000000
-0.104307 0.091002 -0.048364 0.000000
0.051262 -0.049828 0.230037 1.000000
-0.079917 -0.028771 0.712613 1.000000
0.874934 -0.073216 0.015984 0.000000
0.377592 0.005522 -0.094789 0.000000
-0.485285 0.035352 -0.086216 0.000000
-0.702245 0.038586 -0.255222 2.000000
0.049106 -0.029523 -0.504419 1.000000
0.452394 -0.043586 -0.077618 0.000000
-0.164720 0.059392 0.064891 0.000000
-0.773913 0.040717 -0.226896 2.000000
0.841970 -0.096879 -0.011991 0.000000
-0.310714 0.093233 -0.046559 0.000000
-0.542615 0.075611 0.045138 0.000000
-0.410207 -0.001246 -0.090979 0.000000
0.082095 -0.092718 0.010144 0.000000
-0.718414 0.336013 -0.011038 2.000000
0.366939 0.085588 -0.055634 0.000000
0.085755 -0.048424 -0.093160 1.000000
0.258195 0.072377 0.055842 0.000000
0.166598 -0.092894 -0.270212 1.000000
0.188608 0.099826 -0.021692 0.000000
0.095431 0.098122 0.013528 0.000000
0.692166 -0.075923 -0.039240 0.000000
-0.040285 -0.020574 0.693737 1.000000
0.774764 0.025350 0.070506 0.000000
0.522859 0.050769 0.069504 0.000000
-0.218866 -0.018894 0.073139 0.000000
0.158727 -0.067124 0.162906 1.000000
-0.653990 0.168963 -0.000610 2.000000
-0.704000 0.222031 -0.008106 2.000000
0.200515 0.100779 0.001094 0.000000
0.201893 -0.040001 -0.297160 1.000000
0.539203 -0.019070 -0.090202 0.000000
-0.367592 -0.050304 0.048221 0.000000
0.192994 -0.040878 -0.331403 1.000000
-0.766794 0.351931 -0.004145 2.000000
0.159930 -0.127963 0.276537 3.000000
0.053919 -0.050529 -0.137755 1.000000
0.213801 0.008329 0.079330 0.000000
0.047778 -0.032330 -0.466743 1.000000
0.223201 -0.041731 -0.233238 1.000000
0.309459 -0.163860 0.249514 3.000000
0.813493 -0.045441 0.056469 0.000000
-0.655970 0.041619 -0.212783 2.000000
0.668928 0.036681 -0.090528 0.000000
-0.605609 0.124067 -0.008106 2.000000
0.517018 -0.018343 0.074342 0.000000
0.289405 0.016050 -0.094338 0.000000
0.310411 -0.046418 0.079656 0.000000
0.072820 -0.050329 0.464043 1.000000
-0.648876 -0.021401 -0.024049 2.000000
0.878744 0.038661 0.024608 0.000000
-0.755664 0.044878 -0.162622 2.000000
-0.746464 0.033773 -0.179568 2.000000
0.045998 -0.023256 0.085723 0.000000
-0.633334 0.043950 0.079782 2.000000
-0.085406 -0.084220 -0.015576 0.000000
0.212297 -0.040979 -0.226996 1.000000
-0.456131 -0.014382 0.069529 0.000000
0.287675 -0.095776 0.211487 3.000000
0.314572 0.036079 -0.090628 0.000000
-0.653363 0.238174 -0.013144 2.000000
-0.525042 -0.051708 0.010144 0.000000
-0.747492 0.262891 -0.013545 2.000000
0.290984 -0.161529 -0.310371 3.000000
0.759397 0.082730 -0.050695 0.000000
-0.073549 -0.041731 0.069404 0.000000
0.149277 -0.070734 0.072813 0.000000
0.058908 -0.045541 -0.270839 1.000000
0.380475 -0.083293 -0.032421 0.000000
0.263460 -0.113198 -0.230004 3.000000
-0.762859 0.332479 -0.015952 2.000000
0.260326 -0.073491 -0.102686 0.000000
0.264387 -0.159874 0.249389 3.000000
0.371676 0.099977 0.005155 0.000000
0.047828 0.084710 0.040751 0.000000
0.245712 -0.006987 0.080458 0.000000
0.091195 -0.035489 0.360789 1.000000
0.286421 -0.065069 -0.167034 1.000000
0.279302 -0.164261 0.284960 3.000000
0.108717 -0.051231 -0.447892 1.000000
-0.080418 0.087744 0.036991 0.000000
-0.370149 -0.035639 -0.076866 0.000000
0.284968 -0.105979 -0.345140 3.000000
0.785317 -0.022378 0.070506 0.000000
0.107389 -0.062512 -0.191074 1.000000
-0.525769 0.099350 -0.000084 0.000000
-0.636769 -0.014081 -0.043802 2.000000
0.219290 -0.041505 -0.163625 1.000000
-0.488118 -0.024384 -0.073532 0.000000
-0.646745 0.020863 -0.081779 2.000000
-0.640403 -0.025712 -0.017807 2.000000
-0.414319 -0.052209 -0.056887 0.000000
0.129674 -0.173260 0.161878 3.000000
0.525692 0.100277 0.003877 0.000000
-0.646420 0.040942 0.032579 2.000000
0.082070 -0.048725 0.472992 1.000000
-0.066230 -0.029247 0.727604 1.000000
0.252731 -0.045767 -0.279688 3.000000
-0.619948 0.018056 -0.063806 2.000000
0.054922 -0.091365 -0.036206 0.000000
0.762230 0.094061 -0.016879 0.000000
0.806650 -0.053136 0.052358 0.000000
0.190538 -0.073441 0.053937 0.000000
0.216107 -0.028821 -0.103663 0.000000
0.090017 -0.060155 0.140495 1.000000
0.340593 -0.089309 0.002699 0.000000
0.097888 -0.091390 -0.035981 0.000000
0.130526 -0.064367 0.191057 1.000000
-0.037878 -0.040051 0.078653 0.000000
0.114207 -0.065219 0.279997 1.000000
-0.753909 0.031617 0.025259 2.000000
-0.620675 0.080850 0.002373 2.000000
0.848513 -0.008040 -0.080426 0.000000
0.247767 -0.058626 0.249615 1.000000
0.209690 -0.106230 0.303761 3.000000
0.150806 -0.042784 0.143729 1.000000
-0.021158 -0.028696 -0.100655 0.000000
0.595931 -0.004004 0.077024 0.000000
-0.753107 0.037032 -0.215465 2.000000
-0.149304 0.100703 -0.019411 0.000000
0.118744 -0.162857 -0.201728 3.000000
-0.013663 0.072151 -0.071953 0.000000
0.258396 -0.043861 0.082238 1.000000
0.711368 0.094261 -0.039214 0.000000
-0.314499 0.087117 -0.055584 0.000000
-0.074627 -0.026991 -0.765624 1.000000
-0.043167 -0.022754 -0.680319 1.000000
0.330967 -0.050905 0.286940 3.000000
0.720868 0.049515 -0.084963 0.000000
-0.185175 0.069118 0.058750 0.000000
-0.573749 0.075561 0.041027 0.000000
0.347210 0.048964 0.070607 0.000000
-0.109597 -0.024008 0.741391 1.000000
-0.320766 -0.021777 0.070757 0.000000
0.452795 0.086590 -0.054255 0.000000
-0.456131 0.097019 -0.033298 0.000000
0.395892 -0.078555 -0.042273 0.000000
0.599691 0.099074 -0.025753 0.000000
-0.605785 0.093509 0.001520 2.000000
0.148700 -0.044313 0.110539 1.000000
0.324825 0.064631 0.060730 0.000000
0.087635 -0.060582 0.070055 1.000000
0.239670 -0.092117 0.014581 0.000000
0.160231 -0.065219 0.239237 1.000000
0.630374 0.099851 0.005982 0.000000
0.086532 -0.041881 -0.267681 1.000000
0.198008 -0.067275 -0.297812 1.000000
0.029027 -0.046193 0.499940 1.000000
-0.780907 0.055080 -0.030416 2.000000
-0.351800 -0.008341 0.074467 0.000000
0.343149 -0.149973 0.308122 3.000000
-0.034093 -0.026690 -0.625797 1.000000
-0.576180 0.171921 -0.012668 2.000000
0.121376 -0.158771 -0.137855 3.000000
-0.423318 -0.032731 -0.075863 0.000000
-0.181892 -0.007739 -0.091556 0.000000
-0.743732 0.006274 -0.011364 2.000000
-0.031712 0.101155 -0.015150 0.000000
-0.678907 0.211979 -0.001438 2.000000
0.167175 -0.094172 0.289798 3.000000
0.258797 0.081477 0.045389 0.000000
0.550383 -0.064141 -0.057815 0.000000
-0.632306 0.037734 -0.175908 2.000000
-0.752857 0.042396 -0.136151 2.000000
0.898823 -0.073416 -0.016253 3.000000
-0.049134 -0.087153 0.019243 0.000000
0.082095 -0.089083 -0.052926 0.000000
-0.046802 0.054604 0.067097 0.000000
0.727085 -0.025788 0.072211 0.000000
-0.101349 -0.020624 0.073414 0.000000
-0.597212 0.121058 -0.016102 2.000000
0.473852 -0.039725 0.064164 0.000000
0.132281 -0.113098 -0.139811 3.000000
0.561739 -0.011675 0.075595 0.000000
0.154140 -0.091039 -0.038513 0.000000
-0.770304 0.042923 -0.166984 2.000000
0.373707 -0.123852 0.236003 3.000000
0.847861 -0.155713 -0.025277 3.000000
0.000350 -0.070734 0.070456 0.000000
0.003609 0.098723 -0.026580 0.000000
0.921434 -0.058175 0.025610 0.000000
-0.164119 0.032169 -0.091480 0.000000
0.049382 -0.050880 0.188550 1.000000
0.370774 -0.118412 0.219308 3.000000
0.071341 -0.040853 -0.331779 1.000000
-0.568910 0.111984 -0.000134 2.000000
-0.045875 -0.031303 0.575118 1.000000
-0.748595 0.009858 0.002348 2.000000
-0.731499 0.076363 0.008615 2.000000
0.220744 0.089223 -0.050470 0.000000
0.377567 -0.109739 -0.330450 3.000000
0.236211 -0.009043 0.081110 0.000000
0.394839 0.097269 0.017965 0.000000
0.363956 -0.155387 -0.262993 3.000000
-0.716158 0.039614 -0.263895 2.000000
-0.060514 -0.030952 0.605098 1.000000
0.515088 -0.046794 -0.075537 0.000000
-0.643161 0.042346 0.055341 2.000000
-0.832421 0.344235 -0.005950 2.000000
0.059033 -0.060531 0.077952 0.000000
-0.612879 0.042346 0.050026 2.000000
-0.710091 0.030063 0.139869 2.000000
0.327232 -0.126484 -0.341856 3.000000
-0.559661 0.027431 0.062109 0.000000
0.315400 -0.166668 0.262123 3.000000
0.111199 -0.033032 -0.432651 1.000000
0.333223 0.085212 -0.056160 0.000000
0.853150 -0.077753 0.001094 0.000000
-0.281059 -0.060381 0.036289 0.000000
-0.331144 0.021289 -0.093912 0.000000
0.086883 -0.060005 0.108935 1.000000
0.648072 0.062651 -0.078044 0.000000
-0.507194 0.027556 0.069479 0.000000
-0.736412 0.319193 -0.002566 2.000000
0.497867 -0.051883 -0.072279 0.000000
0.597912 0.083106 0.043233 0.000000
-0.401133 0.078519 -0.068719 0.000000
0.064348 -0.053462 0.176843 1.000000
-0.732627 0.078845 -0.010838 2.000000
0.141280 -0.068403 0.107932 1.000000
0.132657 -0.067876 0.055240 0.000000
0.040659 -0.041129 -0.367274 1.000000
0.191440 -0.086176 0.044461 0.000000
0.178982 -0.012201 -0.098249 0.000000
-0.785018 0.052975 0.262875 2.000000
-0.725107 0.011739 0.013778 2.000000
0.357864 -0.085749 0.219634 3.000000
0.673190 -0.055944 -0.069170 0.000000
-0.713099 0.053200 -0.264622 2.000000
-0.796725 0.055682 -0.394222 2.000000
0.043541 0.028409 -0.092032 0.000000
0.290783 -0.161654 -0.261614 3.000000
0.175071 -0.066071 -0.255698 1.000000
0.679482 -0.037920 0.065067 0.000000
0.436877 0.059718 0.063864 0.000000
0.610470 -0.005433 -0.092734 0.000000
-0.356713 0.013844 -0.094839 0.000000
0.113555 -0.056696 -0.393345 1.000000
-0.005466 -0.039399 0.614800 1.000000
-0.763586 0.057637 -0.348724 2.000000
0.140528 -0.061334 0.317924 1.000000
-0.454803 -0.058451 -0.040718 0.000000
0.301763 -0.164010 -0.305658 3.000000
-0.237592 -0.035464 -0.079172 0.000000
-0.095985 0.096893 0.020697 0.000000
0.357388 -0.127487 -0.303753 3.000000
0.311539 -0.046318 -0.103488 1.000000
0.182090 -0.134732 0.271950 3.000000
0.081995 -0.045842 0.277164 1.000000
0.981471 -0.050855 0.008414 0.000000
