-0.006687 -0.016758 0.688644 1.000000
0.252898 -0.015001 0.350708 1.000000
-0.022658 -0.016529 -0.586430 1.000000
0.424273 -0.008913 -0.246686 1.000000
0.117489 -0.015001 0.311048 1.000000
-0.534619 0.018546 0.054265 2.000000
0.318080 -0.015001 0.349969 1.000000
0.060763 0.008688 -0.281964 0.000000
0.113286 -0.056775 -0.131552 0.000000
0.047186 0.002677 0.607389 1.000000
-0.559301 0.014954 0.081087 2.000000
0.117845 -0.019993 0.572594 1.000000
-0.563606 -0.035276 -0.197627 2.000000
0.137866 0.020507 0.292759 1.000000
-0.057911 -0.005321 -0.301246 0.000000
0.075536 -0.020426 0.374703 1.000000
0.299995 -0.019637 -0.352623 1.000000
0.185703 -0.021904 -0.468266 1.000000
-0.445671 -0.010136 0.297675 2.000000
0.573386 0.032581 0.060150 0.000000
-0.486247 -0.048471 -0.061352 0.000000
-0.259547 0.027155 0.066186 2.000000
-0.080505 0.016712 -0.243986 0.000000
0.060992 -0.019433 0.611413 1.000000
0.220879 -0.041925 0.137508 0.000000
-0.013845 -0.016656 0.379568 1.000000
0.225846 -0.020783 0.394265 1.000000
-0.073755 -0.070606 0.054699 0.000000
-0.062751 -0.026692 0.237842 0.000000
0.254732 0.063377 0.055157 0.000000
0.315406 0.031027 0.173805 0.000000
-0.054778 0.053060 -0.043165 0.000000
0.112267 0.016126 -0.390857 1.000000
0.020339 -0.018057 -0.608795 1.000000
-0.022250 -0.027507 -0.269559 0.000000
-0.121718 0.024252 0.172837 0.000000
0.147928 -0.023279 -0.308226 1.000000
0.045632 -0.020885 0.245152 0.000000
0.132441 -0.002723 0.604510 1.000000
0.097162 0.013248 0.407077 1.000000
-0.452828 0.155585 -0.150070 2.000000
0.101569 0.013961 -0.374096 1.000000
0.469409 0.020125 0.116188 0.000000
0.187893 0.028888 -0.386017 1.000000
-0.367268 -0.066862 -0.005950 0.000000
0.331173 0.012178 -0.273329 1.000000
-0.377660 0.158158 -0.143422 2.000000
0.167796 -0.027125 0.199608 0.000000
0.172381 0.069388 0.000469 0.000000
-0.498296 0.031893 0.037199 2.000000
-0.148846 -0.025801 -0.254429 0.000000
0.851947 -0.027558 -0.042273 0.000000
0.007144 -0.090321 -0.024214 0.000000
0.001973 -0.012428 0.843896 1.000000
0.453082 0.047304 -0.091485 0.000000
-0.664475 -0.023916 -0.076431 2.000000
-0.116649 0.048603 0.034576 0.000000
0.094946 -0.004328 0.668420 1.000000
0.215199 -0.015001 0.493758 1.000000
0.442689 -0.053947 -0.077756 0.000000
0.020899 -0.018210 -0.464140 1.000000
0.063310 -0.011868 -0.796523 1.000000
-0.391415 0.064981 0.073319 2.000000
-0.013437 -0.051043 -0.169073 0.000000
-0.003503 -0.034257 -0.238178 0.000000
-0.622828 -0.014771 -0.229441 2.000000
-0.038247 0.040223 0.105872 0.000000
0.112242 0.015693 -0.452473 1.000000
0.366936 0.018240 0.170774 0.000000
0.171769 -0.024094 0.379007 1.000000
0.937431 -0.024069 -0.011325 0.000000
-0.277836 -0.024553 -0.210719 2.000000
0.411333 0.051583 0.013842 0.000000
-0.569999 -0.032882 -0.207612 2.000000
0.113642 -0.021904 -0.445876 1.000000
0.770335 0.027665 -0.006893 0.000000
0.537317 0.022978 0.079126 0.000000
0.432628 0.065644 0.005334 0.000000
0.088680 0.055811 0.053170 0.000000
0.261991 0.069057 -0.058397 0.000000
0.029177 -0.000227 -0.328960 1.000000
0.434181 -0.050356 0.054902 0.000000
-0.261024 0.038236 -0.062727 2.000000
-0.072226 0.031664 -0.187285 0.000000
0.107198 0.015133 0.343780 1.000000
0.016263 -0.017981 -0.580648 1.000000
0.139420 0.021042 0.337845 1.000000
0.257992 -0.024578 0.256462 1.000000
-0.513808 -0.036040 -0.190163 2.000000
0.615236 0.007975 -0.114537 0.000000
-0.029332 -0.016096 -0.660350 1.000000
0.713125 -0.045389 -0.029435 0.000000
0.131065 -0.022413 -0.494961 1.000000
0.079739 0.040324 -0.183235 0.000000
0.005871 -0.028934 -0.259116 0.000000
0.473790 0.049138 0.021712 0.000000
0.513170 -0.043198 0.044026 0.000000
-0.403998 -0.022540 0.182924 2.000000
0.428909 -0.056902 0.031290 0.000000
0.208449 0.015846 0.394240 1.000000
0.189829 -0.004073 0.526643 1.000000
0.493888 0.028404 -0.069554 0.000000
0.408990 -0.002367 -0.234841 1.000000
-0.550004 -0.047477 0.037785 2.000000
0.023879 -0.000685 0.350759 1.000000
0.505783 -0.066734 -0.017183 0.000000
0.525880 -0.022948 0.118659 0.000000
0.147597 0.022418 -0.339225 1.000000
0.269480 -0.025393 0.220011 1.000000
-0.489151 0.021806 -0.048870 2.000000
-0.342866 0.032326 0.008085 2.000000
-0.295768 -0.023738 -0.253920 2.000000
0.309242 -0.019025 -0.353795 1.000000
-0.034502 -0.010467 0.502037 1.000000
0.452547 -0.039352 -0.131298 0.000000
-0.501913 -0.008887 -0.316886 2.000000
-0.115121 0.030798 -0.113467 0.000000
0.113566 -0.015001 0.360311 1.000000
0.067818 -0.081126 0.012058 0.000000
0.098181 -0.021139 -0.523540 1.000000
-0.524150 -0.021445 -0.224474 2.000000
-0.237870 0.016890 -0.216832 0.000000
0.158677 -0.053820 -0.141002 0.000000
-0.435151 -0.005372 -0.252799 2.000000
-0.494016 0.023844 -0.082570 2.000000
0.693129 0.055913 -0.033893 0.000000
-0.356697 -0.027507 0.191075 2.000000
0.358937 0.012636 0.188350 1.000000
-0.503925 -0.020834 0.307966 2.000000
-0.340955 -0.005449 0.212370 2.000000
-0.085574 0.050844 -0.007224 0.000000
0.227961 -0.017166 0.476361 1.000000
-0.490756 -0.019662 0.316219 2.000000
-0.308988 -0.036372 0.121894 0.000000
-0.524277 -0.034512 -0.209777 2.000000
-0.086567 0.011770 0.213847 0.000000
-0.003325 -0.011231 -0.871028 1.000000
0.023574 -0.055399 -0.144900 0.000000
0.155187 -0.002672 0.570607 1.000000
-0.272691 -0.056087 0.063894 0.000000
-0.002841 -0.005856 0.632402 1.000000
-0.367599 0.030569 0.016924 2.000000
-0.218079 -0.039607 -0.182318 0.000000
0.061883 0.007134 -0.458943 1.000000
-0.402368 -0.060315 -0.047189 0.000000
-0.359856 0.028913 0.063665 2.000000
-0.172229 0.049978 0.042141 2.000000
-0.337517 -0.071803 -0.013592 0.000000
0.104957 0.014190 0.286519 1.000000
0.511718 0.026544 0.083660 0.000000
-0.489992 -0.024553 0.116315 2.000000
0.095965 -0.015001 0.501808 1.000000
0.342075 -0.038995 -0.171441 0.000000
0.787019 0.002346 0.035034 0.000000
0.300301 0.056244 -0.045534 0.000000
-0.017716 0.042744 -0.111531 0.000000
-0.450459 0.024608 -0.062345 2.000000
0.098538 0.038312 0.158471 0.000000
0.092883 0.039764 -0.190189 0.000000
0.395235 0.022647 0.031621 0.000000
-0.087382 -0.068008 0.067740 0.000000
0.264742 0.044374 0.166215 0.000000
0.280356 -0.048726 0.111119 0.000000
-0.278626 0.036962 0.004188 2.000000
0.370833 0.079806 -0.004040 0.000000
-0.478911 -0.045261 0.039390 2.000000
0.047314 0.004256 0.472871 1.000000
0.107860 -0.010747 0.683142 1.000000
-0.058599 0.037726 -0.110258 0.000000
-0.047901 -0.056596 -0.151089 0.000000
-0.002662 -0.005805 -0.671685 1.000000
-0.123399 -0.067040 0.074719 0.000000
0.378169 0.030594 0.143188 0.000000
0.557924 -0.002596 -0.083894 0.000000
0.039443 -0.018439 0.688390 1.000000
-0.046245 -0.015485 -0.657828 1.000000
-0.434488 -0.033468 0.151543 2.000000
0.228215 -0.026565 0.216675 1.000000
0.185168 -0.045949 -0.166169 0.000000
-0.406851 0.027741 -0.050755 2.000000
-0.062088 -0.035658 0.199990 0.000000
-0.027523 -0.015001 0.374219 1.000000
-0.089394 -0.036932 0.193113 0.000000
-0.242353 -0.025240 0.179791 2.000000
0.323073 0.048170 -0.049966 0.000000
-0.548705 -0.029265 -0.273355 2.000000
0.069627 -0.015969 0.739333 1.000000
-0.262706 -0.054024 -0.116116 0.000000
0.528122 0.048756 0.013918 0.000000
0.536579 -0.012148 -0.181579 0.000000
-0.070189 0.005326 0.231830 0.000000
0.075103 0.008357 0.269096 1.000000
-0.349565 0.093765 -0.109188 2.000000
0.215377 -0.023661 0.341360 1.000000
-0.650440 -0.003997 -0.009516 2.000000
0.038933 0.001352 -0.645169 1.000000
-0.303079 0.035205 -0.061505 2.000000
-0.114153 0.020303 -0.230791 0.000000
0.469766 0.020100 -0.157610 0.000000
-0.392485 0.029932 0.055819 2.000000
0.096474 0.043687 0.127701 0.000000
-0.000217 -0.017191 -0.652836 1.000000
0.420452 -0.069944 -0.037153 0.000000
0.219504 0.008459 0.416706 1.000000
0.083535 -0.015001 0.462555 1.000000
-0.304785 -0.051094 0.070924 0.000000
0.329823 -0.015001 0.347448 1.000000
0.875177 -0.003971 0.018630 0.000000
0.226330 -0.015001 0.356184 1.000000
0.611695 -0.041237 0.024361 0.000000
0.058674 0.029091 0.189802 0.000000
0.201699 0.045164 -0.191921 0.000000
0.082159 -0.064875 -0.105596 0.000000
0.430666 0.052449 0.027571 0.000000
0.304122 0.048450 -0.055544 0.000000
0.310031 -0.020528 0.275209 1.000000
0.019549 0.026366 -0.233058 0.000000
-0.005235 -0.015001 0.372741 1.000000
-0.028007 -0.015943 -0.363169 1.000000
0.199279 -0.029010 0.186745 0.000000
0.170419 -0.024680 0.209492 0.000000
0.303459 -0.025954 -0.220882 0.000000
0.412963 0.049418 0.061067 0.000000
0.795221 -0.007232 -0.083054 0.000000
0.059871 0.052271 0.055743 0.000000
-0.558664 -0.050203 -0.050169 2.000000
0.010812 -0.002698 0.403129 1.000000
-0.057554 -0.015077 -0.558793 1.000000
0.908800 0.010242 -0.022813 0.000000
0.277809 0.054487 0.097975 0.000000
0.215938 0.034644 0.251699 1.000000
0.319838 0.003874 0.292377 1.000000
0.102817 0.011286 -0.598937 1.000000
0.999378 -0.009422 -0.033969 0.000000
0.130632 -0.022642 0.320371 1.000000
0.035622 0.002448 0.463625 1.000000
0.087101 -0.015001 0.677335 1.000000
0.078007 -0.015001 0.703520 1.000000
0.092705 0.012254 -0.373052 1.000000
-0.677822 -0.020248 0.041988 2.000000
0.044868 -0.019229 0.430843 1.000000
0.226865 -0.016096 -0.545089 1.000000
-0.332066 -0.067626 0.003067 0.000000
-0.609659 -0.012504 -0.227429 2.000000
0.025408 0.037599 -0.182573 0.000000
0.534159 -0.053489 -0.052615 0.000000
0.004852 -0.003717 0.418565 1.000000
-0.007375 -0.006748 0.643177 1.000000
0.668651 0.021322 -0.089320 0.000000
-0.161888 0.025067 0.119321 0.000000
0.171820 -0.019076 -0.556170 1.000000
-0.516941 0.134443 0.094460 2.000000
0.035062 -0.018796 -0.457415 1.000000
-0.491087 -0.005321 0.209874 2.000000
-0.326182 0.131259 -0.128572 2.000000
-0.458967 0.122038 -0.136417 2.000000
0.416377 -0.066709 -0.046756 0.000000
0.378754 0.035714 0.023343 0.000000
-0.181374 -0.001017 -0.251092 0.000000
-0.496258 0.069439 -0.105418 2.000000
-0.045252 -0.015001 0.459168 1.000000
0.271951 0.013783 -0.352572 1.000000
-0.419969 -0.008786 0.273477 2.000000
0.723696 0.041623 -0.043623 0.000000
-0.186646 -0.073866 -0.070955 0.000000
-0.416276 -0.033952 0.140717 2.000000
0.118227 -0.022158 0.342048 1.000000
0.395974 0.049010 0.072351 0.000000
0.119425 0.038949 -0.202645 0.000000
-0.052460 -0.015001 0.585483 1.000000
0.033253 -0.018643 -0.565620 1.000000
-0.421625 -0.031048 -0.214871 2.000000
0.209825 0.009580 -0.466738 1.000000
-0.411309 0.027410 0.026043 2.000000
0.191561 -0.010161 -0.597740 1.000000
-0.363931 0.090122 0.065932 2.000000
-0.267520 0.037752 0.027800 2.000000
-0.231273 0.046565 -0.090568 2.000000
0.090947 -0.015001 0.471190 1.000000
0.821533 -0.034843 -0.011096 0.000000
0.115578 0.016610 -0.421168 1.000000
-0.137027 -0.022209 0.229589 0.000000
-0.027141 0.041598 0.067817 0.000000
-0.523946 -0.006187 -0.267623 2.000000
0.024720 -0.000736 -0.623441 1.000000
0.134962 0.019463 0.236237 1.000000
0.039366 0.000741 0.663554 1.000000
-0.370172 -0.034690 -0.160081 2.000000
-0.132824 -0.051222 -0.169378 0.000000
0.598959 0.019259 0.026960 0.000000
-0.106384 -0.074019 -0.087002 0.000000
-0.439914 -0.042307 -0.100604 2.000000
-0.529652 0.018902 0.062824 2.000000
0.307535 0.027079 -0.229925 1.000000
-0.110078 -0.083699 -0.046858 0.000000
0.289246 -0.001424 0.365507 1.000000
-0.029255 -0.016172 -0.632840 1.000000
0.356237 -0.073510 0.002124 0.000000
0.319889 -0.015001 0.232569 1.000000
-0.003376 -0.005474 0.394673 1.000000
0.832690 0.014394 -0.043063 0.000000
0.630163 -0.051120 -0.006663 0.000000
-0.437316 0.153191 -0.149357 2.000000
-0.417320 -0.005551 -0.255779 2.000000
0.012391 -0.001959 -0.495929 1.000000
0.327199 0.042337 0.147544 0.000000
-0.568904 -0.046433 -0.065707 2.000000
-0.417881 0.092746 -0.125541 2.000000
0.169732 -0.064696 -0.106182 0.000000
-0.430897 0.040706 -0.098413 2.000000
0.043595 -0.015001 0.393577 1.000000
0.572545 0.036020 -0.082137 0.000000
0.422235 -0.039505 -0.145791 0.000000
-0.188429 -0.028628 0.189674 0.000000
0.050905 -0.019229 0.301140 1.000000
0.805155 0.015285 -0.051876 0.000000
0.103938 -0.021623 -0.414979 1.000000
0.470046 0.008790 -0.177580 0.000000
-0.334078 -0.015204 -0.289861 2.000000
-0.389683 0.154795 0.103732 2.000000
0.587293 -0.041542 0.029634 0.000000
-0.622420 -0.027100 0.102000 2.000000
0.030604 0.001582 -0.503774 1.000000
-0.524990 0.159278 -0.147676 2.000000
0.476796 -0.067498 -0.011987 0.000000
-0.471270 -0.025266 0.250450 2.000000
0.260768 -0.025903 0.221260 1.000000
0.260794 0.022978 -0.320733 1.000000
-0.469563 -0.024553 0.085188 2.000000
0.086311 0.008688 -0.630166 1.000000
-0.602603 0.006752 -0.053761 2.000000
-0.571018 -0.023177 0.174646 2.000000
0.091838 0.056193 -0.096070 0.000000
-0.386015 0.029244 -0.062931 2.000000
-0.015602 -0.082552 0.007499 0.000000
0.090641 0.037166 0.162725 0.000000
-0.426134 -0.001271 0.081087 2.000000
-0.254427 0.012000 0.089111 2.000000
-0.482834 -0.024553 0.141048 2.000000
-0.351883 -0.008302 -0.180178 2.000000
0.106077 -0.007079 0.666458 1.000000
0.098181 -0.014542 0.717504 1.000000
-0.170981 0.011083 0.204652 0.000000
-0.441773 -0.028603 -0.247144 2.000000
-0.568776 -0.005856 -0.228346 2.000000
0.206360 -0.015383 0.550561 1.000000
0.281732 0.057875 -0.116804 0.000000
-0.029866 -0.040957 -0.214132 0.000000
-0.216270 -0.050279 0.103375 0.000000
-0.498958 -0.046942 0.027826 2.000000
-0.510293 -0.038384 -0.164106 2.000000
0.269862 -0.015001 0.298796 1.000000
0.045607 0.003339 -0.378019 1.000000
-0.330283 0.019718 0.076961 2.000000
0.059031 0.005122 0.565207 1.000000
0.549111 -0.024960 0.098943 0.000000
-0.015042 0.039306 -0.161074 0.000000
0.256031 0.002015 -0.438209 1.000000
0.066698 0.007695 -0.416125 1.000000
-0.068686 0.036504 0.055437 0.000000
-0.457668 -0.028195 0.214968 2.000000
0.677489 0.022978 0.042421 0.000000
-0.419817 -0.008352 -0.306825 2.000000
0.657494 0.062281 -0.004422 0.000000
0.393681 -0.006646 0.238402 1.000000
0.058929 -0.049235 0.123753 0.000000
0.166828 -0.015001 0.362807 1.000000
-0.542897 -0.012886 0.348161 2.000000
-0.347807 0.016890 -0.176281 0.000000
0.475752 0.048679 -0.065045 0.000000
-0.298137 0.035561 -0.088530 2.000000
0.055541 0.005683 -0.430669 1.000000
0.984961 -0.017777 -0.006409 0.000000
-0.269456 -0.021725 0.170239 2.000000
-0.525551 -0.038766 -0.164717 2.000000
-0.209418 0.019234 0.113921 0.000000
0.003094 -0.004659 -0.390373 1.000000
-0.420657 -0.024553 0.097415 2.000000
0.502828 -0.006595 0.048076 0.000000
0.120443 0.056601 0.062085 0.000000
-0.521730 -0.018872 -0.375828 2.000000
0.029916 0.000766 0.382955 1.000000
0.340063 0.002753 -0.309932 1.000000
-0.692952 -0.014720 0.003576 2.000000
0.307942 -0.007435 0.369557 1.000000
0.043136 -0.018949 -0.369078 1.000000
0.259877 0.065873 0.037276 0.000000
-0.640174 -0.019382 0.083762 2.000000
0.492614 -0.038104 -0.116167 0.000000
0.330842 0.055327 -0.107889 0.000000
-0.464189 0.063529 -0.094898 2.000000
0.140184 -0.041491 0.143519 0.000000
-0.037737 -0.015816 0.604893 1.000000
-0.385429 -0.045236 0.064938 0.000000
-0.521246 0.014063 -0.122637 2.000000
-0.567121 -0.023279 -0.230766 2.000000
0.372998 0.004409 0.210867 1.000000
0.171897 0.021603 0.417979 1.000000
0.279287 -0.018923 -0.400714 1.000000
0.279363 0.072292 -0.041229 0.000000
-0.138708 -0.044344 0.150346 0.000000
-0.308835 0.006421 -0.147498 0.000000
0.309776 -0.015001 0.352338 1.000000
-0.047060 -0.012861 -0.542313 1.000000
0.112700 0.045572 0.121894 0.000000
0.076377 0.055862 -0.066115 0.000000
-0.104525 0.032988 0.057730 0.000000
-0.565058 -0.049617 -0.000474 2.000000
-0.092757 -0.039963 0.181192 0.000000
0.013028 -0.017701 0.598958 1.000000
0.033406 -0.018439 -0.317523 1.000000
-0.452370 -0.013039 -0.122637 2.000000
0.289577 0.040885 -0.210719 0.000000
0.251013 -0.070249 -0.088403 0.000000
-0.459986 -0.026336 -0.277023 2.000000
0.272053 -0.015103 0.460314 1.000000
0.562942 -0.034690 -0.095535 0.000000
-0.230917 -0.083011 -0.023679 0.000000
-0.276562 0.054512 -0.087537 2.000000
-0.631106 -0.019204 0.107349 2.000000
-0.374604 -0.051731 0.045427 0.000000
0.344597 -0.024247 -0.218132 0.000000
0.276179 0.037370 0.182160 0.000000
0.392611 -0.068084 0.007499 0.000000
-0.115758 -0.047070 -0.189807 0.000000
0.498702 -0.026896 0.116468 0.000000
0.262475 -0.036677 0.153224 0.000000
0.286011 0.006472 -0.370352 1.000000
-0.390422 0.028913 -0.035243 2.000000
0.466353 0.038210 0.022680 0.000000
-0.327251 0.053442 0.046140 2.000000
0.027853 -0.029061 0.213567 0.000000
-0.449568 -0.014619 -0.361309 2.000000
-0.349055 -0.015918 0.182924 2.000000
0.596973 0.035332 -0.068382 0.000000
0.585663 -0.041466 -0.071795 0.000000
0.134733 0.061466 0.020872 0.000000
0.262118 -0.015001 0.358324 1.000000
0.371801 -0.002418 0.248515 1.000000
0.115094 -0.021904 -0.465413 1.000000
0.389020 -0.018949 -0.237134 1.000000
-0.129666 0.038363 0.049935 0.000000
0.125793 -0.002316 -0.653778 1.000000
0.288737 -0.012683 -0.467094 1.000000
-0.441493 -0.024553 -0.123809 2.000000
0.542335 0.057416 -0.049482 0.000000
-0.029102 -0.010543 -0.418443 1.000000
0.026477 -0.018134 0.269936 1.000000
0.192656 -0.018159 -0.546796 1.000000
-0.484439 -0.011740 -0.368594 2.000000
0.039188 0.002651 -0.537524 1.000000
0.362376 -0.000252 -0.292688 1.000000
0.049198 0.003237 -0.628255 1.000000
0.384664 -0.056826 -0.095306 0.000000
-0.572852 -0.022999 0.164559 2.000000
0.399463 -0.048853 -0.119810 0.000000
-0.557798 -0.022642 -0.346255 2.000000
0.388510 0.050386 -0.055901 0.000000
-0.148948 0.020202 0.184988 0.000000
0.452190 0.045928 0.060328 0.000000
0.369381 0.044222 -0.156388 0.000000
0.690404 -0.042612 -0.042579 0.000000
0.510215 -0.039963 -0.099967 0.000000
-0.157787 0.036020 0.053323 0.000000
-0.202439 0.020074 -0.143524 0.000000
0.571399 0.033778 -0.099178 0.000000
-0.408660 -0.024553 -0.173174 2.000000
0.019269 -0.000634 -0.537779 1.000000
0.089138 -0.020859 -0.499877 1.000000
0.453591 -0.060545 -0.053939 0.000000
-0.050550 -0.015408 -0.324120 0.000000
-0.311841 0.039407 -0.098541 2.000000
0.119654 -0.011002 -0.708645 1.000000
0.102231 -0.015001 0.458811 1.000000
0.470224 0.096566 -0.022405 0.000000
0.028744 -0.000303 -0.642749 1.000000
0.260463 0.047355 0.150167 0.000000
0.041939 -0.018923 -0.383928 1.000000
0.275313 -0.059245 -0.120014 0.000000
0.157199 0.064217 0.016669 0.000000
-0.266144 -0.024476 0.182924 2.000000
-0.451172 -0.024553 -0.148415 2.000000
-0.410978 0.037675 -0.099178 2.000000
0.152971 -0.023330 0.407893 1.000000
0.095430 0.008510 0.591061 1.000000
-0.463246 0.134851 0.100064 2.000000
0.743462 0.039993 -0.040286 0.000000
0.495900 0.045088 0.033913 0.000000
-0.085625 -0.000915 -0.286804 0.000000
0.250070 -0.026310 0.227500 1.000000
0.532070 -0.020655 -0.166322 0.000000
0.286470 0.023564 0.238122 1.000000
0.086617 0.046692 0.107858 0.000000
-0.029128 -0.009219 -0.589563 1.000000
0.307790 0.012127 0.266676 1.000000
0.003756 -0.004252 0.379924 1.000000
-0.301805 -0.009932 0.103783 2.000000
-0.523233 0.019361 0.075229 2.000000
0.032056 0.001582 -0.529093 1.000000
-0.008878 -0.015001 0.467191 1.000000
0.260743 -0.079903 0.015293 0.000000
-0.078467 -0.022642 -0.289173 0.000000
-0.253255 0.038771 0.001793 0.000000
0.203278 0.073260 -0.018279 0.000000
0.118635 0.024914 0.207887 0.000000
-0.244901 0.069541 -0.094975 2.000000
-0.579093 -0.018159 0.301547 2.000000
-0.130506 -0.035811 -0.224983 0.000000
-0.048461 -0.080718 0.013332 0.000000
0.058699 0.052118 -0.093523 0.000000
0.078313 0.003950 -0.687656 1.000000
-0.608666 -0.021369 -0.124089 2.000000
0.036743 -0.001195 0.708207 1.000000
0.124952 -0.015001 0.638643 1.000000
-0.326742 0.044578 0.060532 2.000000
-0.046933 -0.013141 -0.506678 1.000000
-0.552373 -0.017599 -0.398753 2.000000
-0.486986 -0.022388 -0.327457 2.000000
0.207583 -0.065766 0.061219 0.000000
-0.090133 0.024608 -0.221749 0.000000
-0.041584 -0.013498 0.309876 1.000000
0.102664 0.014368 0.389171 1.000000
0.009870 -0.016911 -0.813029 1.000000
0.135752 -0.022719 0.243700 1.000000
0.137255 -0.044828 -0.171416 0.000000
0.057579 -0.062684 -0.112627 0.000000
-0.505377 0.160527 0.109030 2.000000
-0.230585 -0.060646 -0.103329 0.000000
0.371189 -0.015485 -0.345924 1.000000
-0.044997 0.039407 0.068402 0.000000
-0.046423 -0.013549 0.408351 1.000000
-0.287464 -0.027660 -0.209547 2.000000
0.018759 -0.015001 0.351396 1.000000
0.288151 0.069286 -0.043190 0.000000
-0.517909 -0.019127 0.182924 2.000000
0.074696 -0.020044 -0.608387 1.000000
0.411588 0.002193 0.177015 0.000000
0.027726 -0.015001 0.730138 1.000000
-0.032159 -0.047885 0.143748 0.000000
-0.340089 -0.024680 -0.257638 2.000000
0.103403 -0.021369 -0.299285 1.000000
-0.543992 -0.007283 0.245636 2.000000
0.264666 0.037191 -0.240114 1.000000
0.264207 -0.051960 -0.145562 0.000000
-0.543967 -0.003946 0.185115 2.000000
-0.213519 0.018724 -0.144135 0.000000
-0.464902 -0.045032 0.037505 2.000000
-0.026402 0.033600 0.148359 0.000000
0.459806 0.023844 -0.155954 0.000000
0.207736 -0.023203 -0.404866 1.000000
0.317061 -0.019509 0.288913 1.000000
-0.030427 -0.015001 0.826753 1.000000
0.313393 0.042693 -0.193678 0.000000
-0.062776 -0.088666 -0.029461 0.000000
0.356492 -0.016274 -0.348803 1.000000
0.450407 -0.015510 -0.227760 1.000000
0.121870 0.065032 0.011269 0.000000
0.665518 -0.039759 0.014809 0.000000
0.269021 -0.015001 0.430664 1.000000
0.890537 0.010726 -0.028951 0.000000
0.097264 -0.009932 -0.736154 1.000000
0.398291 0.003798 -0.222334 0.000000
0.654335 -0.044523 0.004926 0.000000
0.040818 -0.015001 0.506265 1.000000
0.372055 -0.059984 0.047439 0.000000
0.480744 -0.036346 0.087608 0.000000
-0.332499 0.109124 0.075458 2.000000
-0.439430 0.037675 -0.095866 2.000000
0.213442 0.044680 0.156459 0.000000
-0.565720 -0.030411 -0.244419 2.000000
0.215709 -0.086144 -0.004040 0.000000
-0.007375 -0.043376 0.158828 0.000000
-0.608487 0.005428 -0.019934 2.000000
0.454279 -0.064187 0.002506 0.000000
0.018912 -0.080820 0.013026 0.000000
0.432373 -0.043606 -0.124293 0.000000
0.130479 -0.022591 0.371671 1.000000
-0.259012 0.039025 -0.021590 2.000000
-0.058140 -0.014644 -0.644812 1.000000
0.446306 0.005275 0.154166 0.000000
0.112012 -0.023279 0.224571 0.000000
-0.043418 -0.015637 -0.636814 1.000000
0.084579 -0.015001 0.666102 1.000000
-0.454739 -0.034818 -0.184891 2.000000
0.120418 0.017298 0.306030 1.000000
-0.505097 -0.009193 0.182924 2.000000
-0.043188 -0.056800 0.107986 0.000000
0.158066 -0.015434 0.620889 1.000000
-0.405450 -0.024909 -0.275316 2.000000
-0.428935 0.150108 -0.148262 2.000000
0.383467 -0.058379 0.048152 0.000000
0.113311 -0.045159 0.132235 0.000000
0.002457 -0.017319 0.368895 1.000000
-0.218639 0.041267 -0.005313 0.000000
0.436474 0.048832 -0.057353 0.000000
-0.672957 -0.024145 0.012186 2.000000
0.556243 -0.026336 -0.131501 0.000000
0.499772 -0.029953 -0.145231 0.000000
0.523308 0.005810 -0.081067 0.000000
0.069143 -0.019102 0.651659 1.000000
-0.507236 0.050590 -0.094618 2.000000
0.136949 -0.015001 0.534284 1.000000
-0.533014 0.021093 -0.073553 2.000000
-0.335886 0.119593 -0.127197 2.000000
0.133638 -0.053667 -0.141461 0.000000
-0.262986 -0.057590 0.061780 0.000000
0.308248 0.062128 -0.077654 0.000000
0.188046 0.071910 -0.025283 0.000000
0.162014 0.046285 -0.173810 0.000000
-0.106919 0.042872 -0.084964 0.000000
-0.486986 0.153242 -0.148593 2.000000
-0.058242 -0.061054 -0.133998 0.000000
0.648350 0.022163 0.052100 0.000000
0.028286 0.048399 -0.082646 0.000000
-0.476772 -0.018210 0.327274 2.000000
-0.473078 -0.036754 0.128567 2.000000
0.336726 -0.015001 0.280125 1.000000
-0.028160 -0.010976 0.712970 1.000000
-0.636379 -0.027202 0.067409 2.000000
0.537725 -0.009346 0.134451 0.000000
-0.392205 0.011898 -0.173301 0.000000
-0.159621 -0.034283 0.179180 0.000000
0.290927 -0.020375 -0.349006 1.000000
-0.671479 -0.017471 0.087048 2.000000
-0.187360 0.021934 0.087557 0.000000
0.767202 0.007440 0.035467 0.000000
-0.475855 0.022774 0.007219 2.000000
0.456189 0.006319 -0.083920 0.000000
-0.448574 -0.026285 -0.274170 2.000000
-0.459757 0.097127 -0.112499 2.000000
0.288991 0.004282 0.335858 1.000000
0.060533 0.048246 -0.132979 0.000000
0.292710 0.056601 0.077521 0.000000
-0.629196 -0.016707 0.193597 2.000000
-0.110714 -0.022821 -0.277761 0.000000
0.111656 -0.021623 -0.525298 1.000000
0.575500 -0.044268 0.025278 0.000000
-0.550640 -0.037059 0.149047 2.000000
0.504841 0.031002 0.080120 0.000000
-0.449772 -0.041262 0.073013 2.000000
0.268894 0.048221 -0.182216 0.000000
-0.013004 -0.016605 -0.695552 1.000000
0.306261 -0.023687 0.206257 1.000000
-0.561466 -0.012555 0.330483 2.000000
0.557313 -0.019254 0.117691 0.000000
0.148437 0.044960 -0.177351 0.000000
0.210818 -0.015001 0.308170 1.000000
-0.665111 -0.021700 -0.098541 2.000000
0.116164 0.049087 0.103070 0.000000
-0.428426 -0.029520 -0.233236 2.000000
-0.007298 -0.028475 -0.263089 0.000000
-0.631845 -0.034385 -0.043088 2.000000
0.699013 -0.012250 -0.111582 0.000000
-0.066317 -0.079139 0.018426 0.000000
-0.155367 -0.080591 -0.057454 0.000000
0.493327 0.020354 0.103808 0.000000
-0.243602 0.017705 -0.121440 2.000000
0.285807 0.014852 0.284990 1.000000
-0.437520 -0.024553 -0.204682 2.000000
-0.344853 -0.019560 -0.296534 2.000000
0.095583 0.011770 0.512175 1.000000
-0.094005 0.050233 -0.074088 0.000000
-0.106384 -0.052979 0.130376 0.000000
-0.633883 -0.013931 0.081087 2.000000
0.408633 -0.060799 0.025839 0.000000
-0.264030 0.094452 -0.110029 2.000000
0.035826 -0.003717 0.738697 1.000000
0.306618 -0.050610 -0.141385 0.000000
-0.136874 -0.048471 0.136285 0.000000
-0.041711 -0.068466 -0.100145 0.000000
0.110688 -0.063856 0.067358 0.000000
0.751664 0.015515 -0.072941 0.000000
0.248516 -0.015001 0.419992 1.000000
0.146731 0.067554 -0.039904 0.000000
0.107325 0.040324 0.149811 0.000000
0.044537 0.038643 0.140845 0.000000
0.484056 0.043534 0.054265 0.000000
-0.410239 -0.039505 0.079508 2.000000
-0.346788 0.007899 -0.159240 0.000000
-0.417779 -0.024553 -0.191539 2.000000
0.059311 -0.019356 -0.655281 1.000000
-0.530416 -0.016096 -0.408076 2.000000
-0.395058 0.026773 0.066747 2.000000
0.169706 -0.020273 -0.530647 1.000000
-0.331913 -0.026030 -0.240623 2.000000
0.057604 -0.019764 0.423634 1.000000
0.707546 -0.031506 0.026323 0.000000
-0.237183 0.002881 0.083787 2.000000
-0.348954 -0.024553 0.158802 2.000000
0.266856 -0.071446 0.041122 0.000000
0.077294 -0.009983 0.724432 1.000000
0.051287 0.011618 -0.273558 0.000000
-0.453541 0.138799 0.092754 2.000000
-0.582124 0.011184 -0.108373 2.000000
0.182187 0.003365 0.498853 1.000000
0.051058 0.004587 -0.539537 1.000000
0.074492 0.008688 0.478654 1.000000
0.003374 -0.015001 0.571575 1.000000
0.414339 -0.012530 -0.280461 1.000000
-0.110714 0.049036 -0.062931 0.000000
-0.003172 -0.017319 0.485888 1.000000
0.240722 -0.000507 -0.474074 1.000000
0.016085 -0.022362 0.243573 0.000000
-0.399439 -0.021088 -0.314441 2.000000
-0.295157 -0.047426 0.087175 0.000000
-0.568955 -0.021139 0.230710 2.000000
-0.438462 0.025449 -0.094058 2.000000
0.707699 -0.018337 0.061423 0.000000
-0.586123 -0.015714 0.309087 2.000000
-0.514827 -0.004481 -0.236166 2.000000
0.133740 -0.022642 -0.446793 1.000000
-0.411946 0.170512 -0.153127 2.000000
-0.349590 -0.067218 -0.001289 0.000000
0.102435 -0.015001 0.317518 1.000000
0.035087 0.044374 -0.147345 0.000000
0.637982 0.029091 -0.081780 0.000000
-0.546488 -0.047503 -0.077959 2.000000
0.812771 0.010802 -0.060180 0.000000
-0.469920 -0.045338 -0.077374 2.000000
-0.268870 -0.041109 0.118480 0.000000
-0.000344 -0.017013 -0.313855 1.000000
0.463652 -0.047910 0.049910 0.000000
0.265990 0.008255 0.348976 1.000000
0.223477 -0.026336 0.204091 1.000000
-0.606449 -0.035531 -0.092020 2.000000
0.062724 -0.019305 -0.682638 1.000000
0.101696 -0.004685 -0.701895 1.000000
-0.592847 -0.019637 -0.122637 2.000000
-0.354761 0.031486 0.002252 2.000000
0.273606 -0.023865 -0.291720 1.000000
0.001591 -0.016376 0.800899 1.000000
0.460978 -0.026285 0.137788 0.000000
0.067666 0.001531 -0.716821 1.000000
0.070289 -0.073408 0.036792 0.000000
-0.365841 -0.032067 0.145328 2.000000
-0.570636 -0.017191 -0.353031 2.000000
-0.301805 0.016890 -0.182904 0.000000
-0.081065 0.034975 0.111144 0.000000
-0.174700 0.044425 -0.066777 0.000000
-0.391008 0.105915 -0.116142 2.000000
-0.208145 0.070712 -0.095331 2.000000
0.132645 -0.015001 0.286188 1.000000
0.096653 0.012993 0.422896 1.000000
0.058827 -0.018312 -0.736409 1.000000
0.080121 -0.015001 0.288429 1.000000
-0.167797 -0.065180 -0.108067 0.000000
-0.350609 0.141117 0.094384 2.000000
-0.486451 -0.024553 0.152511 2.000000
0.040105 0.037242 -0.188864 0.000000
-0.503670 0.180522 0.115398 2.000000
0.135039 -0.015001 0.655582 1.000000
-0.487852 0.052908 0.056456 2.000000
0.836918 -0.011868 0.035212 0.000000
0.160129 -0.015612 -0.655230 1.000000
0.354531 -0.015001 0.248515 1.000000
-0.033585 -0.071803 -0.084811 0.000000
0.306338 -0.077025 -0.053634 0.000000
-0.031013 -0.016223 -0.578789 1.000000
0.456902 0.016534 -0.170423 0.000000
-0.482834 0.091421 -0.118129 2.000000
-0.408431 0.163685 -0.146759 2.000000
0.576060 0.035714 0.040078 0.000000
-0.000294 -0.003105 0.261658 0.000000
0.333160 0.042490 -0.054933 0.000000
0.207659 -0.015001 0.402467 1.000000
0.167898 0.069872 -0.030378 0.000000
0.111961 -0.015281 0.692796 1.000000
0.127678 0.012229 -0.574382 1.000000
0.387695 0.026901 0.144997 0.000000
-0.378960 0.153751 0.102025 2.000000
-0.669110 -0.009320 -0.060282 2.000000
-0.463679 -0.008454 -0.308837 2.000000
-0.040921 -0.015510 0.680570 1.000000
-0.438640 0.131514 0.099122 2.000000
-0.088707 -0.030462 -0.257893 0.000000
0.205265 -0.024196 -0.385380 1.000000
0.138248 -0.018923 -0.609304 1.000000
0.095634 0.011847 -0.547942 1.000000
-0.358353 0.072317 -0.114970 2.000000
-0.309039 -0.024553 -0.145154 2.000000
-0.637423 -0.001068 0.006302 2.000000
0.065934 0.007236 -0.522445 1.000000
0.054802 0.005122 -0.547891 1.000000
0.333975 0.035765 0.022782 0.000000
-0.280026 -0.061360 -0.084327 0.000000
-0.118738 -0.071981 0.055998 0.000000
0.175463 -0.024094 -0.422697 1.000000
-0.225491 0.040783 -0.050144 0.000000
-0.288916 -0.058711 -0.090772 0.000000
-0.077524 0.026035 0.175767 0.000000
-0.222460 -0.070046 0.031035 0.000000
0.189014 -0.023152 0.392329 1.000000
-0.642645 -0.016937 -0.203383 2.000000
0.156079 -0.017854 -0.608362 1.000000
0.868223 -0.004634 -0.062498 0.000000
-0.549672 -0.024553 -0.198773 2.000000
-0.050244 -0.015001 0.610929 1.000000
0.342304 -0.001908 0.289524 1.000000
0.019524 -0.016096 0.810375 1.000000
-0.351221 0.093153 -0.120701 2.000000
-0.050703 -0.070402 -0.093395 0.000000
0.737731 -0.034920 0.009664 0.000000
-0.377406 0.135106 0.089748 2.000000
-0.552958 -0.024553 0.132617 2.000000
0.353792 -0.013982 0.336164 1.000000
0.324525 0.028913 0.173016 0.000000
-0.513477 0.108411 0.081648 2.000000
0.232367 0.060269 -0.115938 0.000000
-0.518138 0.134978 -0.136137 2.000000
-0.277887 -0.031277 0.148563 0.000000
0.071028 0.002957 -0.699704 1.000000
-0.468035 0.162641 0.111093 2.000000
0.486934 0.008484 -0.169684 0.000000
-0.102971 -0.032958 0.202691 0.000000
-0.457846 0.024073 -0.074495 2.000000
0.067589 0.062740 -0.027347 0.000000
0.071868 0.004995 0.633396 1.000000
-0.019015 0.036427 -0.176154 0.000000
0.405602 -0.058812 -0.076864 0.000000
-0.612690 0.000002 -0.122637 2.000000
0.140210 0.020074 0.432014 1.000000
-0.171669 -0.066632 0.060073 0.000000
0.072327 0.007873 -0.314441 1.000000
-0.412099 0.089893 -0.108016 2.000000
0.993010 -0.018669 -0.010790 0.000000
-0.337491 0.134596 -0.132189 2.000000
0.475038 -0.026438 -0.171671 0.000000
0.625196 0.025118 0.021891 0.000000
0.042550 -0.019000 0.358910 1.000000
0.170751 0.026289 -0.370708 1.000000
0.101161 -0.067957 -0.095764 0.000000
0.380792 -0.000074 -0.264389 1.000000
-0.601712 -0.042026 -0.007606 2.000000
0.085776 0.009631 0.556114 1.000000
0.540501 -0.062557 -0.014738 0.000000
-0.027217 0.041318 0.104700 0.000000
0.348010 0.006294 -0.279519 1.000000
0.243702 -0.052266 -0.145944 0.000000
0.309343 0.022265 0.211096 1.000000
0.170751 0.070330 -0.013312 0.000000
-0.087178 -0.041008 -0.220959 0.000000
-0.423204 -0.036015 -0.162577 2.000000
0.019753 0.039688 0.127574 0.000000
0.407996 -0.015001 0.222253 1.000000
0.124392 -0.043631 -0.178497 0.000000
-0.471244 -0.025521 -0.289147 2.000000
0.175488 -0.017904 0.536526 1.000000
-0.247983 -0.060111 -0.099407 0.000000
0.084044 0.005988 -0.663025 1.000000
-0.304505 0.007720 0.081087 2.000000
0.674815 0.008306 -0.070318 0.000000
0.298620 -0.020248 0.298669 1.000000
-0.591446 -0.010849 0.209950 2.000000
-0.452140 -0.030793 0.185624 2.000000
0.021765 -0.082832 -0.048157 0.000000
-0.431024 0.028454 -0.075998 2.000000
-0.287566 0.036325 0.002838 2.000000
0.949912 -0.015918 -0.048896 0.000000
0.128671 0.028989 0.199099 0.000000
-0.363931 0.142212 -0.134838 2.000000
0.103454 0.064166 -0.054092 0.000000
-0.153584 0.025092 -0.200378 0.000000
-0.277887 -0.062098 0.040791 0.000000
-0.362123 -0.024553 -0.182267 2.000000
-0.212093 -0.027609 -0.226919 0.000000
0.355117 0.031562 0.025686 0.000000
-0.541878 -0.024553 -0.156158 2.000000
-0.020595 -0.008684 0.402289 1.000000
-0.520889 -0.027278 0.244286 2.000000
0.082770 -0.077025 0.025177 0.000000
-0.169453 0.045597 -0.018915 0.000000
-0.632737 -0.000023 -0.052105 2.000000
-0.002128 0.044655 -0.110334 0.000000
-0.480949 0.071044 0.066467 2.000000
-0.486044 -0.057361 -0.029843 0.000000
0.414746 -0.015790 0.232442 1.000000
0.096041 -0.021038 0.241815 1.000000
0.145075 -0.023203 0.292454 1.000000
-0.050346 -0.029010 0.226099 0.000000
0.068430 -0.015204 0.759405 1.000000
0.059260 0.005963 0.340112 1.000000
0.176405 -0.038741 0.149327 0.000000
-0.013743 -0.007410 -0.442336 1.000000
-0.470353 -0.033773 0.159414 2.000000
-0.041864 -0.015714 0.512939 1.000000
0.143750 -0.008225 -0.658287 1.000000
-0.344853 0.032199 0.046675 2.000000
-0.511770 0.169595 -0.154452 2.000000
-0.010253 -0.015052 -0.913618 1.000000
-0.541598 -0.009219 0.081087 2.000000
-0.315458 0.001582 0.081087 2.000000
0.039188 -0.015001 0.573358 1.000000
0.086107 0.010522 0.484308 1.000000
-0.275187 -0.003742 -0.137105 0.000000
-0.538643 -0.048878 0.019318 2.000000
-0.152641 0.026187 0.142755 0.000000
-0.522086 0.042872 0.043313 2.000000
0.272333 0.001327 0.376154 1.000000
0.017690 -0.016631 0.786533 1.000000
0.308146 0.039815 -0.203358 0.000000
0.293016 0.053646 0.010072 0.000000
-0.323227 0.123618 -0.124522 2.000000
-0.018710 -0.015001 0.699088 1.000000
-0.397860 -0.024553 0.100675 2.000000
0.064966 0.034899 -0.209420 0.000000
0.204807 -0.044574 0.129000 0.000000
0.114865 0.055429 -0.108653 0.000000
0.051083 0.051201 -0.078596 0.000000
0.395209 -0.046229 -0.132444 0.000000
0.248899 0.061772 -0.109494 0.000000
0.027318 -0.018388 -0.416176 1.000000
0.966214 -0.013421 0.004264 0.000000
0.222433 -0.059780 -0.121924 0.000000
0.357409 0.056626 0.045045 0.000000
-0.534109 -0.054559 -0.023806 0.000000
0.148845 0.061976 0.040230 0.000000
0.070697 -0.015001 0.504457 1.000000
0.395821 -0.015001 0.227704 1.000000
-0.175108 -0.029367 0.191432 0.000000
0.602526 -0.034614 -0.085830 0.000000
0.236927 -0.033417 -0.206262 0.000000
-0.540121 -0.009244 0.281424 2.000000
0.195178 0.040783 -0.214591 0.000000
-0.580035 0.011847 0.019776 2.000000
0.061756 -0.019102 -0.694304 1.000000
-0.255319 0.016890 -0.188406 0.000000
-0.597662 -0.036142 0.065117 2.000000
0.210079 -0.015001 0.296580 1.000000
0.337770 0.052271 0.081520 0.000000
-0.327481 -0.004099 0.187815 2.000000
-0.044105 -0.015408 -0.721355 1.000000
0.287539 0.028454 -0.252213 1.000000
0.844331 0.006549 -0.058193 0.000000
0.026630 -0.018236 0.586502 1.000000
0.296939 -0.002672 0.360744 1.000000
-0.457719 0.005479 0.081087 2.000000
0.229260 -0.010034 0.499719 1.000000
-0.401273 0.053162 0.066568 2.000000
-0.484388 0.108818 0.077445 2.000000
-0.290241 -0.053056 -0.110436 0.000000
0.019880 -0.034716 0.190999 0.000000
0.215989 0.034542 0.261862 1.000000
-0.539229 0.078634 -0.103890 2.000000
-0.242557 0.039560 -0.036720 0.000000
0.173451 0.016152 0.444394 1.000000
0.510241 0.062638 0.006811 0.000000
-0.045353 -0.015001 0.428219 1.000000
-0.628457 -0.024833 -0.153356 2.000000
0.503618 0.043814 -0.078800 0.000000
-0.275594 -0.057921 -0.097980 0.000000
-0.228089 -0.074809 -0.053736 0.000000
0.341693 -0.018669 -0.314033 1.000000
0.221058 0.064243 -0.090211 0.000000
-0.205113 -0.070988 -0.075005 0.000000
0.181398 -0.061003 -0.118027 0.000000
-0.659762 -0.029851 -0.024570 2.000000
0.007323 -0.002749 -0.550642 1.000000
0.288329 -0.000634 -0.404306 1.000000
0.080376 0.044400 0.118939 0.000000
0.055235 -0.019611 0.404556 1.000000
-0.351781 -0.006875 0.238555 2.000000
0.245460 0.013757 -0.391978 1.000000
0.013436 -0.015001 0.656779 1.000000
0.005056 -0.017370 0.615998 1.000000
0.164917 0.014165 0.467497 1.000000
-0.499391 0.021068 -0.113951 2.000000
0.002789 -0.005500 -0.723291 1.000000
0.162294 0.045877 0.134706 0.000000
-0.468009 -0.043631 0.053552 2.000000
-0.500359 -0.024553 -0.208070 2.000000
0.126633 -0.015001 0.380867 1.000000
0.041098 -0.018923 0.522465 1.000000
-0.197268 0.006039 0.200576 0.000000
-0.358353 0.091574 -0.108169 2.000000
0.031037 -0.013982 -0.855516 1.000000
-0.514878 -0.008964 -0.317880 2.000000
0.089571 -0.021012 0.373225 1.000000
-0.017436 0.044655 -0.082391 0.000000
0.157225 0.007542 0.513779 1.000000
-0.057962 0.037803 -0.128037 0.000000
0.210640 -0.052521 -0.145129 0.000000
-0.328117 0.040859 -0.101088 2.000000
0.230864 0.016788 0.356057 1.000000
-0.630011 -0.018516 0.131624 2.000000
-0.403413 -0.026539 -0.257511 2.000000
-0.574941 0.012993 -0.046705 2.000000
0.489940 -0.041823 -0.102718 0.000000
0.315329 0.023640 -0.236522 1.000000
-0.435635 -0.030106 0.187637 2.000000
-0.090439 -0.090423 -0.017693 0.000000
-0.484464 -0.023865 0.269351 2.000000
-0.450205 0.096617 -0.112092 2.000000
-0.416582 0.041674 -0.082748 2.000000
-0.033331 -0.060876 -0.130839 0.000000
-0.535943 -0.009473 -0.327406 2.000000
-0.490501 -0.012352 -0.379776 2.000000
-0.393428 -0.010212 0.182924 2.000000
0.215326 0.067681 0.027596 0.000000
0.390268 -0.015001 0.235804 1.000000
-0.182010 0.050055 -0.085423 2.000000
0.060737 -0.019560 -0.598861 1.000000
-0.170803 0.023971 -0.121873 0.000000
0.201954 0.020915 0.377122 1.000000
0.344393 0.087651 -0.018533 0.000000
-0.572801 -0.018592 0.277094 2.000000
0.315839 -0.045949 -0.154426 0.000000
-0.023473 -0.016325 0.612534 1.000000
0.451604 0.035587 0.024158 0.000000
0.097723 -0.028552 -0.246227 0.000000
0.079663 -0.015001 0.582452 1.000000
0.102460 -0.020273 0.588005 1.000000
-0.003554 0.014165 -0.260160 0.000000
0.391873 -0.035760 -0.171824 0.000000
0.204730 -0.034741 0.161732 0.000000
-0.530263 0.018852 0.016924 2.000000
0.314107 -0.065129 0.051846 0.000000
0.143980 0.043152 0.144716 0.000000
0.441950 0.049724 0.039772 0.000000
0.097570 0.025270 0.204244 0.000000
-0.638035 -0.031150 0.021177 2.000000
-0.614371 0.003747 0.047592 2.000000
0.427763 0.095140 -0.020367 0.000000
0.007577 -0.042943 -0.199843 0.000000
0.179564 -0.024527 0.326280 1.000000
