0.090106 -0.098381 0.589194 3.000000
0.699352 -0.056710 0.055886 0.000000
0.092458 -0.023993 0.266274 1.000000
-0.707610 0.062771 -0.107030 2.000000
0.076875 0.105244 -0.000059 0.000000
-0.810572 0.083834 -0.241239 2.000000
0.182136 -0.050910 0.192046 1.000000
-0.734179 0.062824 0.073848 2.000000
0.127527 -0.060292 -0.254951 1.000000
-0.426923 0.106180 -0.015696 3.000000
0.601335 -0.079243 -0.055389 0.000000
0.400329 0.081482 -0.073057 0.000000
-0.370524 0.106233 -0.010563 0.000000
-0.765265 0.082043 0.241149 2.000000
0.099034 -0.068123 -0.163911 1.000000
-0.152972 -0.004160 0.611834 1.000000
-0.047925 -0.017230 0.487007 1.000000
-0.713036 0.058655 0.042227 2.000000
-0.419038 0.098107 0.026911 0.000000
0.084306 -0.032814 0.213617 1.000000
-0.263445 -0.037625 0.064039 0.000000
0.424733 0.034812 -0.096980 0.000000
0.584709 0.124917 -0.034486 0.000000
0.369296 -0.081248 -0.363366 3.000000
-0.191677 0.010114 -0.794460 1.000000
0.191438 -0.022763 -0.182434 1.000000
-0.822039 0.206416 -0.007623 2.000000
0.060490 -0.019342 -0.478517 1.000000
0.416982 -0.020999 -0.116733 1.000000
-0.727764 0.306304 -0.015321 2.000000
-0.152090 0.101796 -0.036224 0.000000
0.453735 0.096397 -0.064744 0.000000
0.301056 -0.015039 -0.147926 1.000000
0.269328 -0.073362 0.070614 1.000000
-0.718221 0.078381 -0.149530 2.000000
-0.605369 0.149909 -0.023367 2.000000
-0.023361 -0.030435 0.350526 1.000000
0.721190 0.127269 0.006276 0.000000
-0.156661 -0.005576 0.080023 0.000000
-0.319898 0.024575 0.862129 0.000000
-0.375148 0.099872 0.022528 0.000000
0.377449 -0.096002 0.019935 0.000000
0.237038 -0.096270 -0.018422 0.000000
0.308887 -0.053716 0.316820 3.000000
0.381244 0.001347 -0.100989 1.000000
-0.169705 0.013642 0.795412 1.000000
0.800951 0.050101 0.050968 0.000000
0.197960 -0.050616 0.151979 1.000000
0.052551 -0.058661 -0.618232 3.000000
0.363228 0.080413 -0.072923 0.000000
-0.502995 0.062958 -0.074046 2.000000
0.089892 -0.011778 0.356353 1.000000
0.114590 -0.057966 -0.562555 3.000000
-0.017240 -0.062163 0.066925 0.000000
0.960232 0.045424 0.003576 0.000000
0.615315 0.002790 0.080344 0.000000
-0.826583 0.276848 -0.014439 2.000000
0.762193 0.117273 0.021886 0.000000
0.031996 -0.018674 -0.488006 1.000000
0.008287 -0.020652 0.365254 1.000000
-0.775155 0.103774 -0.018689 2.000000
0.263394 -0.061414 -0.341609 3.000000
-0.684355 0.071645 0.160853 2.000000
-0.008847 -0.025116 0.354508 1.000000
-0.685879 0.070710 -0.073565 2.000000
0.100718 -0.052540 0.164114 1.000000
-0.313937 -0.030863 -0.080996 0.000000
-0.757835 0.076644 -0.148381 2.000000
0.212340 -0.011350 0.310004 1.000000
0.439835 0.121095 -0.039084 0.000000
-0.744122 0.069854 0.104293 2.000000
-0.199856 0.006398 0.732544 1.000000
0.022881 -0.012152 0.412405 1.000000
-0.033117 -0.091752 0.005448 0.000000
0.034429 -0.144623 0.045488 0.000000
0.170375 -0.021079 -0.219508 1.000000
-0.767484 0.059457 0.007826 2.000000
0.030205 -0.076169 -0.616816 3.000000
-0.752248 0.079931 0.146339 2.000000
-0.824525 0.091799 -0.286038 2.000000
-0.582462 0.052427 0.014348 2.000000
0.049451 0.104095 -0.026334 0.000000
-0.738910 0.077633 -0.228088 2.000000
0.105823 -0.021454 -0.451013 1.000000
-0.634264 0.091692 0.022394 2.000000
-0.245964 0.020298 -0.100000 0.000000
0.683047 0.116177 0.029477 0.000000
0.938608 0.012546 0.031375 0.000000
0.336793 -0.030194 0.207844 1.000000
-0.755883 0.077713 0.020737 2.000000
-0.653162 0.030936 -0.049722 2.000000
-0.684516 0.015139 -0.033043 2.000000
0.140117 -0.117145 -0.153647 3.000000
0.166125 -0.091726 0.050514 0.000000
0.388675 0.095060 -0.064477 0.000000
-0.089490 -0.006913 0.534345 1.000000
-0.691759 0.124383 0.002668 2.000000
-0.792931 0.061194 -0.025184 2.000000
0.031515 -0.096457 -0.008479 0.000000
0.050306 -0.116932 0.041399 0.000000
-0.193227 0.014845 0.777343 1.000000
-0.212980 -0.049894 -0.079766 0.000000
-0.036030 -0.068204 0.589060 3.000000
0.303809 -0.054839 -0.327228 3.000000
-0.773151 0.108372 -0.004897 2.000000
-0.730784 0.081829 0.165718 2.000000
0.765802 -0.084081 -0.018529 0.000000
0.275021 -0.017284 -0.285156 1.000000
0.769731 -0.037705 0.056955 0.000000
0.328828 -0.015974 0.060885 1.000000
0.021572 -0.084028 0.060778 0.000000
-0.436385 -0.013515 -0.072202 0.000000
0.158534 -0.044361 0.242672 1.000000
0.250724 -0.059410 -0.335220 3.000000
0.510455 -0.069513 0.061018 0.000000
0.373573 -0.073924 0.290331 3.000000
-0.827465 0.076510 -0.168027 2.000000
-0.801912 0.068598 -0.089469 2.000000
0.531036 -0.091966 -0.004282 0.000000
0.751448 0.071244 0.050727 0.000000
0.479796 -0.051925 0.080157 0.000000
0.141320 -0.096296 0.009671 0.000000
0.120551 -0.021614 -0.271497 1.000000
-0.640733 0.057799 0.055833 2.000000
-0.406796 -0.049172 0.003069 0.000000
-0.045359 -0.018460 0.424567 1.000000
-0.649313 0.074773 0.106565 2.000000
-0.500616 0.018961 -0.074527 0.000000
0.141400 -0.054090 0.220754 1.000000
0.076207 -0.089801 -0.075169 0.000000
0.309957 -0.115568 0.297494 3.000000
0.286034 -0.065905 0.315323 3.000000
0.155914 -0.017177 -0.268156 1.000000
-0.342859 -0.061040 0.017396 0.000000
0.241369 -0.100894 -0.352514 3.000000
-0.571637 0.005115 -0.054266 2.000000
0.362239 0.056623 0.068208 0.000000
0.269969 -0.073817 0.348120 3.000000
0.461994 -0.072240 -0.066428 0.000000
0.094730 -0.090977 -0.564800 3.000000
0.580780 -0.063446 -0.076078 0.000000
0.070112 -0.048932 0.600955 3.000000
-0.828320 0.224110 -0.012622 2.000000
0.952427 -0.020411 -0.042345 0.000000
-0.163103 0.010274 0.782582 1.000000
0.299452 -0.105999 -0.361950 3.000000
-0.036004 -0.028858 -0.376624 1.000000
0.071556 -0.134413 -0.066375 0.000000
-0.009836 -0.028430 0.336306 1.000000
-0.737654 0.072126 0.076789 2.000000
-0.239629 0.011584 -0.806382 1.000000
0.305947 -0.083627 0.281858 3.000000
0.336178 -0.074645 0.081627 0.000000
-0.273041 -0.077559 -0.015776 0.000000
0.251178 -0.021374 -0.111788 1.000000
-0.158559 0.003592 0.705895 1.000000
0.306856 -0.015146 -0.112323 1.000000
0.058191 -0.050161 -0.150092 1.000000
0.150408 -0.048290 -0.156587 1.000000
0.072090 -0.076998 -0.052155 0.000000
0.256845 -0.000017 0.080664 0.000000
0.231398 -0.012419 0.262559 1.000000
0.244015 -0.105384 0.327512 3.000000
0.146318 -0.032814 0.142757 1.000000
-0.029803 -0.014050 -0.517409 1.000000
0.017188 -0.029847 -0.377961 1.000000
-0.119453 0.000972 -0.695454 1.000000
0.011575 -0.037705 0.258469 1.000000
0.414415 -0.061922 -0.118925 0.000000
0.218141 -0.065156 0.113889 1.000000
-0.702772 0.074158 -0.107592 2.000000
0.796033 0.123474 0.003309 0.000000
-0.550681 0.102464 -0.029782 2.000000
-0.349087 0.083219 0.048803 0.000000
0.006817 -0.008436 0.572621 1.000000
-0.008953 -0.008757 -0.480388 1.000000
-0.027049 0.002068 -0.599174 1.000000
0.338771 -0.076410 0.281002 3.000000
-0.027290 -0.069620 0.580961 3.000000
0.213276 -0.051257 0.153716 1.000000
0.309074 -0.039603 -0.240812 1.000000
0.172674 -0.124202 -0.160409 3.000000
0.024218 -0.014718 0.073287 0.000000
0.070968 -0.126554 0.047146 0.000000
-0.317760 -0.058127 -0.058142 0.000000
0.066798 -0.086914 0.545464 3.000000
0.117504 -0.020518 -0.102727 0.000000
-0.725572 0.057425 0.018010 2.000000
-0.765853 0.056784 0.021993 2.000000
0.282505 -0.113724 -0.334418 3.000000
0.242678 -0.015039 0.300969 1.000000
0.557258 0.001828 0.080558 0.000000
0.083023 -0.047622 0.217546 1.000000
-0.227521 0.100032 0.021993 0.000000
0.034295 -0.088545 -0.569879 3.000000
-0.559475 0.066807 0.041452 2.000000
-0.170747 0.001106 -0.690295 1.000000
-0.098177 -0.053235 -0.083695 0.000000
-0.419546 0.074104 0.055913 0.000000
0.084520 -0.016268 0.327832 1.000000
0.322920 0.068170 -0.081370 0.000000
-0.007858 -0.003812 0.501601 1.000000
0.121273 -0.127196 -0.150840 3.000000
0.180719 -0.136551 0.111109 3.000000
-0.175131 -0.012633 0.078419 0.000000
-0.182268 -0.081568 -0.045392 0.000000
0.202531 -0.044414 -0.252786 1.000000
0.043196 -0.027094 -0.311992 1.000000
0.064499 -0.016963 -0.499206 1.000000
0.109699 0.083807 0.048990 0.000000
-0.028332 -0.069032 -0.581586 3.000000
0.077035 -0.069032 0.163526 1.000000
-0.385278 0.099631 -0.043655 0.000000
-0.717313 0.074799 -0.206170 2.000000
-0.502942 -0.024287 0.011702 0.000000
-0.075670 -0.010682 -0.571670 1.000000
0.360556 -0.050990 -0.340112 3.000000
-0.171603 0.014230 -0.815523 1.000000
0.048061 -0.050829 -0.181445 1.000000
0.372156 -0.052380 -0.332066 3.000000
0.007432 0.003913 0.080771 0.000000
0.054796 -0.080873 0.006062 0.000000
0.115392 -0.042864 0.258148 1.000000
-0.166070 -0.039443 -0.089629 0.000000
0.075191 -0.062377 0.102262 1.000000
-0.142307 0.105084 0.001545 0.000000
0.457851 -0.085685 0.022742 0.000000
0.878387 -0.061949 0.007613 0.000000
-0.199562 0.106260 -0.010403 0.000000
0.421071 0.117192 -0.045285 0.000000
0.372423 -0.009987 -0.102807 1.000000
-0.576608 0.045076 0.047039 2.000000
0.486879 -0.086059 -0.073699 0.000000
0.397683 0.118876 0.021619 0.000000
0.717983 0.019469 0.072993 0.000000
-0.694405 0.120801 -0.023180 2.000000
0.014649 -0.032413 -0.356791 1.000000
0.159015 -0.146788 0.117204 3.000000
0.317574 -0.095254 -0.056431 0.000000
-0.045813 -0.008062 -0.603398 1.000000
-0.454348 0.063493 0.059815 0.000000
0.218782 -0.096323 -0.015856 0.000000
0.083344 -0.035487 0.550275 3.000000
0.218809 0.028076 0.078312 0.000000
-0.071474 0.095595 -0.052716 0.000000
0.046056 -0.092100 0.577566 3.000000
0.055545 -0.048851 -0.624755 3.000000
-0.304876 0.037699 0.868063 0.000000
0.358898 0.028477 0.078259 0.000000
-0.695956 0.208447 0.000770 2.000000
0.791676 0.038714 0.057757 0.000000
-0.080214 0.006880 -0.671638 1.000000
0.100825 0.098963 -0.045258 0.000000
0.672569 0.101315 -0.061831 0.000000
0.868016 -0.077987 -0.036357 0.000000
-0.675935 0.104469 -0.006447 2.000000
0.848530 0.067850 0.026617 0.000000
0.385120 -0.015440 0.096622 1.000000
-0.587568 0.078247 -0.059639 2.000000
-0.653589 0.030348 0.029103 2.000000
-0.773685 0.264686 -0.002919 2.000000
0.171097 -0.122705 -0.143543 3.000000
0.470922 -0.039897 -0.103128 0.000000
0.592381 -0.026666 0.075773 0.000000
0.142443 -0.010735 -0.342143 1.000000
-0.753050 0.064802 0.081119 2.000000
0.133889 -0.136097 0.122924 3.000000
0.719453 -0.065584 -0.066161 0.000000
0.018578 -0.130350 -0.076318 0.000000
0.120524 -0.067295 -0.553868 3.000000
-0.281327 0.040425 0.871190 1.000000
-0.008419 -0.016322 0.497832 1.000000
0.063991 -0.046499 0.225512 1.000000
0.048675 -0.061013 -0.558198 3.000000
0.122823 0.050075 -0.091500 0.000000
0.078292 -0.095976 -0.044804 0.000000
-0.076686 0.004501 -0.636302 1.000000
-0.800736 0.088084 0.227463 2.000000
-0.051534 -0.058153 0.059976 0.000000
0.171498 -0.015707 0.252803 1.000000
-0.163878 -0.064862 -0.072015 0.000000
0.317013 0.092868 0.044072 0.000000
-0.018496 -0.011778 -0.465259 1.000000
0.268846 -0.051257 0.320829 3.000000
0.206219 -0.084348 0.331681 3.000000
0.280955 -0.070101 -0.314558 3.000000
-0.294585 -0.037117 -0.079846 0.000000
-0.001603 -0.079617 0.058265 0.000000
0.291299 -0.050910 0.309656 3.000000
0.412625 -0.019449 0.097344 1.000000
0.102241 0.040666 0.074918 0.000000
-0.769970 0.073490 0.165905 2.000000
-0.820783 0.348563 -0.005538 2.000000
0.301136 -0.015841 0.096863 1.000000
0.055224 -0.036957 -0.568302 3.000000
-0.257057 -0.070636 0.035331 0.000000
0.452211 -0.039844 0.084567 0.000000
0.106171 -0.081274 0.545812 3.000000
-0.830031 0.211334 -0.011098 2.000000
-0.696437 0.069961 -0.068166 2.000000
0.091122 0.094499 0.034877 0.000000
-0.006227 -0.079831 0.564095 3.000000
-0.786756 0.086346 0.272048 2.000000
0.034749 -0.066653 -0.560417 3.000000
0.296298 -0.092501 0.353733 3.000000
0.486024 -0.062590 -0.095029 0.000000
0.477123 0.093403 0.046264 0.000000
0.252702 -0.065237 0.322486 3.000000
0.444272 -0.096002 -0.042853 0.000000
0.881461 -0.058447 -0.038228 0.000000
0.791997 -0.126474 0.002026 0.000000
0.018097 -0.026532 0.394015 1.000000
-0.133914 -0.005790 0.597533 1.000000
0.262672 -0.023218 0.289983 1.000000
-0.144900 -0.047782 0.066150 0.000000
0.029002 -0.133290 0.034583 0.000000
0.099248 -0.028243 0.326442 1.000000
-0.833800 0.328596 -0.006661 2.000000
0.514197 -0.005496 -0.100401 0.000000
-0.773899 0.043125 0.013092 2.000000
-0.628464 0.224966 -0.017032 2.000000
-0.051159 -0.018888 0.467895 1.000000
0.321210 -0.110543 -0.308785 3.000000
-0.200898 0.008537 -0.733624 1.000000
0.000054 -0.010949 0.440043 1.000000
0.050306 0.093269 0.036962 0.000000
0.439381 0.028664 -0.098477 0.000000
-0.726240 0.043553 0.024105 2.000000
0.209480 -0.079884 0.322567 3.000000
-0.818030 0.074211 -0.142073 2.000000
-0.459560 -0.000337 -0.075596 0.000000
-0.025312 -0.045484 -0.089736 0.000000
0.263527 -0.039630 -0.344415 1.000000
0.062388 -0.113029 0.038539 0.000000
-0.530313 0.011851 -0.066241 0.000000
0.155139 -0.057325 -0.161719 1.000000
0.166205 -0.131285 -0.160302 3.000000
-0.016464 -0.030114 -0.374780 1.000000
-0.299771 0.105244 -0.020320 0.000000
0.286194 -0.007661 -0.100802 1.000000
0.042234 -0.016616 0.490188 1.000000
0.065355 -0.027548 0.269936 1.000000
0.299452 -0.064916 -0.326319 3.000000
-0.024269 -0.027013 -0.406454 1.000000
-0.766121 0.205774 -0.017727 2.000000
0.115820 -0.143688 0.153262 3.000000
-0.818938 0.089340 0.006811 2.000000
-0.746475 0.088592 0.016674 2.000000
-0.247568 0.001694 -0.099840 0.000000
0.163639 0.033876 0.077002 0.000000
-0.140650 0.078247 0.053587 0.000000
-0.034293 -0.069888 -0.594229 3.000000
0.340295 -0.065290 0.113194 1.000000
0.067627 -0.037545 0.302145 1.000000
0.311346 -0.065370 0.115894 1.000000
0.477738 -0.022202 -0.097408 0.000000
0.088903 -0.067776 -0.163750 1.000000
-0.733832 0.066085 -0.128788 2.000000
-0.667649 0.039276 0.031081 2.000000
0.343235 -0.076223 0.289449 3.000000
0.669228 -0.086300 0.014963 0.000000
0.112853 -0.061307 0.600554 3.000000
-0.783281 0.235471 -0.017005 2.000000
0.230062 -0.033963 -0.311645 1.000000
-0.779726 0.036603 -0.025398 2.000000
-0.600157 -0.006966 -0.009868 2.000000
-0.031914 -0.073656 0.044205 0.000000
0.611572 -0.072561 -0.065894 0.000000
-0.454615 0.049112 0.064547 0.000000
0.044666 -0.028617 0.373540 1.000000
0.093046 -0.016322 0.079408 0.000000
0.080430 -0.014210 0.344699 1.000000
0.117851 -0.038133 -0.310950 1.000000
0.183954 -0.054572 0.165103 1.000000
0.154524 -0.067161 0.089859 1.000000
-0.443282 0.028718 -0.086288 0.000000
0.068348 -0.072667 -0.595299 3.000000
-0.458517 0.109468 -0.020667 3.000000
0.205524 -0.028109 -0.122132 1.000000
0.113120 -0.040565 0.131023 1.000000
0.164949 -0.030889 -0.152684 1.000000
-0.835778 0.051063 -0.004389 2.000000
-0.477976 0.064990 0.056047 0.000000
0.282933 -0.096243 -0.000032 0.000000
-0.301027 0.019710 -0.877268 1.000000
0.285900 0.015700 0.080183 0.000000
0.305707 0.066433 0.062275 0.000000
0.390974 0.035935 -0.096633 0.000000
0.756874 0.112408 -0.048439 0.000000
-0.155752 -0.057565 -0.079018 0.000000
0.072304 -0.074913 -0.627133 3.000000
-0.719692 0.286150 -0.017166 2.000000
0.833615 -0.065531 0.026003 0.000000
-0.061637 -0.014584 -0.531575 1.000000
0.017348 -0.135001 0.021806 0.000000
0.177752 -0.141416 -0.142581 3.000000
0.102054 -0.007287 0.396046 1.000000
-0.838451 0.304459 -0.014092 2.000000
0.067386 -0.091672 0.566099 3.000000
-0.682938 0.058093 0.051342 2.000000
-0.022345 -0.013408 0.527368 1.000000
0.225331 -0.096109 0.010366 0.000000
-0.074895 -0.015119 -0.522835 1.000000
-0.081952 -0.068043 0.051128 0.000000
-0.514783 -0.026345 -0.008559 0.000000
-0.526437 0.100379 0.016861 2.000000
0.633277 0.007842 -0.099706 0.000000
-0.675588 0.065711 0.007960 2.000000
0.042153 -0.030675 -0.406214 1.000000
-0.699698 0.058548 0.048348 2.000000
0.658322 -0.051979 -0.081824 0.000000
0.375016 -0.070208 -0.117268 1.000000
0.038946 -0.033562 -0.296837 1.000000
0.053834 -0.038748 0.082990 0.000000
0.141908 -0.057325 -0.157603 1.000000
0.273925 -0.095682 -0.370503 3.000000
-0.458410 0.105672 -0.004469 0.000000
0.068215 -0.055427 -0.164606 1.000000
0.053006 -0.002609 -0.510459 1.000000
0.521307 0.126895 -0.026334 0.000000
-0.807124 0.176024 -0.007035 2.000000
0.442989 -0.033509 0.089485 0.000000
-0.032609 -0.005817 -0.618473 1.000000
0.188792 -0.067696 0.092746 1.000000
-0.023975 0.102571 -0.033257 0.000000
0.015076 -0.064141 -0.255486 1.000000
0.345079 -0.096189 -0.023901 0.000000
0.311640 -0.105304 0.335450 3.000000
0.132660 -0.036583 0.302306 1.000000
0.087433 -0.093623 0.040410 0.000000
0.109057 -0.057245 -0.161532 1.000000
0.399634 0.062424 0.064680 0.000000
-0.694887 0.066139 -0.034192 2.000000
-0.225382 0.011049 0.749197 1.000000
-0.755509 0.067876 -0.067684 2.000000
-0.393752 0.087362 -0.064397 0.000000
-0.674492 0.198878 -0.021362 2.000000
-0.340507 0.096343 -0.051059 0.000000
0.397683 -0.034070 0.140592 1.000000
0.284537 -0.057726 0.296238 3.000000
-0.815677 0.321085 -0.015829 2.000000
0.120311 -0.027922 0.082348 0.000000
-0.281434 -0.018407 -0.092169 0.000000
0.053059 -0.119899 -0.057367 0.000000
0.826451 -0.015707 -0.077708 0.000000
-0.184219 0.015032 0.811797 1.000000
0.156075 -0.045751 0.232862 1.000000
0.269007 -0.082370 -0.371679 3.000000
0.069177 -0.032734 -0.610321 3.000000
0.268205 0.108452 -0.040607 0.000000
0.030579 -0.044575 0.194719 1.000000
0.613791 0.031150 0.077537 0.000000
0.104487 -0.024073 -0.270080 1.000000
0.052444 -0.043666 0.069064 0.000000
-0.471187 0.019015 0.059495 0.000000
0.519623 -0.080018 -0.074073 0.000000
0.043142 -0.028778 0.283942 1.000000
0.436735 -0.095735 -0.053331 0.000000
0.157251 -0.028938 -0.368632 1.000000
0.069685 -0.094559 -0.059131 0.000000
0.412357 -0.085792 -0.081504 0.000000
0.126084 -0.095976 -0.569879 3.000000
-0.111515 0.005543 0.723456 1.000000
0.118012 -0.094853 0.032257 0.000000
0.200526 -0.019262 -0.203631 1.000000
-0.677085 0.071779 0.062889 2.000000
0.527695 0.031284 -0.097996 0.000000
-0.756498 0.083807 -0.203364 2.000000
-0.656690 0.132241 -0.023527 2.000000
-0.005826 -0.022389 -0.384937 1.000000
0.081205 -0.042303 0.151524 1.000000
-0.072490 -0.010602 0.556798 1.000000
0.856923 -0.005229 0.052652 0.000000
0.185531 -0.095895 0.025628 0.000000
-0.125067 0.048364 0.071977 0.000000
-0.112744 -0.000631 -0.678802 1.000000
0.148216 -0.040378 -0.083508 0.000000
-0.776519 0.072126 -0.108955 2.000000
-0.266733 0.091960 -0.058703 0.000000
-0.812924 0.086453 0.224924 2.000000
0.273177 -0.012874 -0.247975 1.000000
0.376566 -0.045644 -0.175431 1.000000
0.121219 -0.053449 -0.113606 1.000000
-0.554343 0.171480 -0.004817 2.000000
0.022881 -0.054973 -0.239181 1.000000
0.049691 -0.014317 0.509059 1.000000
0.107534 -0.071144 -0.606258 3.000000
0.023309 -0.051364 -0.594791 3.000000
0.064740 -0.003839 0.494491 1.000000
0.098793 0.048337 -0.092249 0.000000
0.149366 -0.010067 0.411282 1.000000
-0.840349 0.344527 -0.005699 2.000000
0.813808 0.046867 0.049150 0.000000
0.477925 -0.095575 0.000877 0.000000
0.697481 0.052293 -0.086636 0.000000
-0.036538 -0.025944 0.388321 1.000000
-0.517536 -0.012980 0.031482 0.000000
0.041966 -0.036048 0.554739 3.000000
0.355798 0.066754 -0.082332 0.000000
-0.009916 -0.092394 -0.039725 0.000000
0.399500 -0.015787 0.072592 1.000000
0.889426 0.006211 0.045595 0.000000
0.034936 -0.075634 -0.173346 1.000000
-0.603071 0.104710 -0.006634 2.000000
-0.214504 0.005677 -0.734479 1.000000
0.131831 -0.128479 -0.168776 3.000000
0.274433 -0.072774 -0.364783 3.000000
0.999632 0.022891 -0.014573 0.000000
-0.046188 0.004153 0.636478 1.000000
0.080189 -0.033054 -0.233755 1.000000
0.175748 -0.011270 -0.313008 1.000000
-0.265076 0.057906 0.067433 0.000000
0.311828 -0.074752 -0.302236 3.000000
0.205043 -0.016963 0.207175 1.000000
0.551137 0.063279 -0.084417 0.000000
0.455445 -0.048076 0.079782 0.000000
0.741585 0.045958 -0.083134 0.000000
-0.661715 0.059697 -0.089790 2.000000
0.099836 -0.065344 0.609348 3.000000
0.514919 -0.066226 0.053293 0.000000
-0.813138 0.078942 0.197018 2.000000
0.077837 -0.067776 -0.102032 1.000000
0.096468 0.070924 0.058987 0.000000
0.199510 0.056383 -0.088614 0.000000
0.805468 -0.133263 -0.006420 0.000000
0.223968 -0.013007 -0.261393 1.000000
0.068429 -0.057084 0.088523 0.000000
0.174064 -0.042811 0.251119 1.000000
0.044105 -0.090122 0.587082 3.000000
0.050199 -0.063045 0.237540 1.000000
-0.261173 0.015540 0.845129 1.000000
-0.739418 0.132161 -0.000727 2.000000
0.235595 -0.014183 0.212307 1.000000
0.022721 -0.077051 -0.623258 3.000000
-0.528148 0.060125 -0.072068 2.000000
-0.630976 0.070950 -0.084791 2.000000
-0.362505 0.016208 0.072592 0.000000
0.034803 -0.013355 0.521274 1.000000
0.733352 0.121068 0.020443 0.000000
0.008848 0.065738 -0.082947 0.000000
0.026009 -0.035193 0.317729 1.000000
0.244736 -0.024180 0.075506 1.000000
0.339920 -0.075447 0.066284 0.000000
0.239391 -0.071812 -0.090939 1.000000
0.769918 0.108184 0.029878 0.000000
-0.194456 0.015781 -0.806141 1.000000
0.351173 -0.075073 -0.099867 0.000000
-0.248904 0.012466 0.771623 1.000000
0.162677 -0.027842 0.082616 0.000000
0.072384 -0.096056 0.034823 0.000000
-0.034534 -0.006806 0.592161 1.000000
0.062361 -0.025383 0.403423 1.000000
-0.772162 0.076644 0.195762 2.000000
0.039881 -0.088812 0.596651 3.000000
0.078506 -0.050535 0.191966 1.000000
0.887421 -0.022068 0.042254 0.000000
0.019460 -0.001353 0.524695 1.000000
0.143993 0.025082 -0.099118 0.000000
0.192240 -0.061388 0.127896 1.000000
0.350398 -0.058180 0.322807 3.000000
0.488189 -0.074726 0.066712 0.000000
0.824179 -0.066252 0.028275 0.000000
0.133836 -0.023619 -0.242389 1.000000
-0.594170 0.209810 -0.008185 2.000000
0.102669 -0.065290 0.091597 1.000000
-0.067705 -0.009826 0.565805 1.000000
0.035444 -0.040458 0.597453 3.000000
0.849572 0.056062 0.033888 0.000000
0.800283 0.104950 0.024666 0.000000
-0.528843 0.095595 0.026270 2.000000
0.052578 -0.017899 -0.361094 1.000000
0.465014 0.080600 0.053855 0.000000
-0.107986 -0.012820 -0.538739 1.000000
-0.723808 0.063252 0.084460 2.000000
0.304290 -0.096109 0.010526 0.000000
0.467527 -0.095949 0.028087 0.000000
-0.181733 -0.086594 -0.032482 0.000000
-0.708545 0.082391 0.180954 2.000000
0.088395 -0.052112 -0.196547 1.000000
-0.302363 -0.070556 -0.030343 0.000000
0.256979 -0.076142 -0.359999 3.000000
-0.024938 -0.021026 0.392438 1.000000
-0.009916 -0.033642 -0.342304 1.000000
0.047660 0.076323 -0.075249 0.000000
-0.022398 -0.071064 0.590209 3.000000
-0.263980 0.016582 0.818426 1.000000
0.377662 -0.080526 -0.090538 0.000000
-0.337406 0.103480 -0.029167 0.000000
-0.018148 -0.027147 0.581522 1.000000
-0.760107 0.155549 -0.002865 2.000000
0.071128 0.003939 0.080771 0.000000
-0.073853 -0.016108 -0.480255 1.000000
0.157812 -0.012152 0.080237 1.000000
0.172112 -0.059704 0.131584 1.000000
0.749283 -0.082958 -0.031199 0.000000
0.418906 -0.014263 0.082803 0.000000
-0.151181 0.098081 -0.047183 0.000000
-0.147600 0.008751 -0.707563 1.000000
-0.018469 -0.006619 -0.609385 1.000000
0.059474 -0.073630 -0.035743 0.000000
0.812739 0.027461 -0.077681 0.000000
-0.288437 0.000946 0.077697 0.000000
0.265853 0.037084 -0.096285 0.000000
0.613256 0.129114 -0.021549 0.000000
0.088743 0.103801 0.007426 0.000000
0.349837 -0.115274 -0.328030 3.000000
-0.002645 -0.016268 0.582859 1.000000
0.143939 -0.050322 -0.216595 1.000000
-0.051614 -0.004267 -0.635366 1.000000
0.365420 -0.098889 -0.362645 3.000000
-0.090185 0.004153 -0.638280 1.000000
0.242571 -0.064916 0.117337 1.000000
-0.166283 0.013936 0.762561 1.000000
-0.379745 -0.054946 0.002587 0.000000
0.060490 -0.087208 -0.060227 0.000000
-0.655808 0.195670 0.001198 2.000000
0.358390 -0.059116 -0.331532 3.000000
0.239177 0.026900 0.078526 0.000000
0.217098 -0.012419 0.268172 1.000000
0.407760 0.009526 0.080558 0.000000
0.302686 -0.027281 -0.265376 1.000000
-0.121565 -0.005897 0.600286 1.000000
-0.692294 0.055287 -0.038442 2.000000
0.380790 -0.064408 -0.317632 3.000000
0.091737 -0.019984 -0.312661 1.000000
0.148564 -0.047034 0.070186 0.000000
0.105877 -0.091939 -0.605322 3.000000
-0.687215 0.068785 -0.056351 2.000000
-0.105554 -0.024982 -0.096579 0.000000
-0.175238 -0.060933 0.054416 0.000000
0.020796 -0.123427 0.049738 0.000000
-0.435343 0.085144 0.045970 0.000000
0.786437 -0.079216 0.014910 0.000000
-0.060381 -0.030194 0.494384 1.000000
0.069925 -0.104128 -0.057714 0.000000
0.140117 0.100941 0.018919 0.000000
0.019941 0.018801 -0.100268 0.000000
0.039801 -0.089507 -0.592973 3.000000
0.097671 -0.072774 -0.627909 3.000000
0.041351 -0.036529 0.309175 1.000000
0.280741 -0.073550 0.077804 1.000000
0.038572 -0.130430 -0.062766 0.000000
0.273364 -0.105812 0.291721 3.000000
-0.003608 -0.021186 0.078018 0.000000
-0.751820 0.070122 0.065108 2.000000
0.311507 -0.039496 0.222010 1.000000
0.858366 0.102518 0.006437 0.000000
-0.075537 0.096156 0.031188 0.000000
-0.014647 -0.085925 0.041532 0.000000
-0.447826 0.070736 0.056314 0.000000
0.755511 0.015380 0.068422 0.000000
0.073641 -0.041260 -0.235974 1.000000
-0.020795 -0.051364 0.069652 0.000000
0.087219 -0.064996 0.083792 1.000000
-0.296536 0.008938 0.078205 0.000000
0.058645 -0.037652 -0.274330 1.000000
-0.857349 0.313414 -0.007650 2.000000
-0.679383 0.061141 -0.099733 2.000000
-0.321823 0.048016 0.875788 0.000000
-0.510025 0.101823 -0.033684 2.000000
-0.386962 -0.052407 -0.039057 0.000000
0.268285 -0.019583 0.095312 1.000000
0.078532 -0.039737 -0.301087 1.000000
0.035899 0.044114 -0.094120 0.000000
-0.683607 0.049032 -0.049909 2.000000
-0.422005 -0.010334 -0.077815 0.000000
-0.065780 -0.019102 -0.456332 1.000000
0.105235 -0.050829 0.193035 1.000000
-0.761336 0.087202 0.220513 2.000000
-0.115925 -0.030595 -0.094842 0.000000
-0.097936 -0.015172 0.488423 1.000000
0.043811 -0.038320 0.218161 1.000000
0.291433 -0.067348 0.287391 3.000000
0.173636 0.078167 -0.073886 0.000000
-0.136293 0.025430 -0.099065 0.000000
-0.111916 -0.002743 0.638964 1.000000
-0.699350 0.079985 -0.173747 2.000000
-0.281675 -0.056469 0.047359 0.000000
0.232655 0.076430 -0.075195 0.000000
-0.785820 0.068411 0.095900 2.000000
-0.759358 0.073249 -0.188636 2.000000
0.204482 0.034919 -0.096927 0.000000
0.616999 0.125853 -0.031787 0.000000
-0.150700 0.027889 -0.098610 0.000000
-0.796058 0.332659 -0.015615 2.000000
0.060570 -0.066787 -0.556808 3.000000
0.221081 -0.078013 -0.341983 3.000000
0.224075 0.045477 0.073260 0.000000
-0.675160 0.043071 -0.051941 2.000000
-0.231370 -0.082450 -0.033096 0.000000
0.715203 -0.044334 -0.082412 0.000000
0.507434 -0.090362 0.037122 0.000000
-0.096947 -0.092768 -0.022592 0.000000
0.489231 0.093537 -0.066428 0.000000
-0.454401 0.018427 0.062355 0.000000
-0.433766 0.103560 -0.028633 0.000000
0.203493 -0.084322 0.308801 3.000000
-0.638728 0.073623 -0.050818 2.000000
-0.356624 0.036790 0.073127 0.000000
-0.344462 0.105939 -0.013584 0.000000
-0.573855 0.064776 0.009671 2.000000
-0.589893 0.048925 0.044633 2.000000
-0.588102 0.092922 -0.045419 2.000000
0.165644 -0.072373 -0.154315 1.000000
0.118894 -0.007314 -0.407149 1.000000
-0.027103 -0.024661 0.502483 1.000000
-0.042419 -0.014451 0.570536 1.000000
-0.601012 0.113263 0.006276 2.000000
-0.732789 0.080787 -0.041837 2.000000
0.053674 -0.063098 -0.009227 0.000000
0.056561 -0.026853 -0.407149 1.000000
-0.108868 0.000144 -0.615212 1.000000
0.089598 -0.049252 0.204369 1.000000
0.019353 -0.129735 -0.046114 0.000000
-0.051534 -0.085899 -0.042425 0.000000
0.707692 0.053683 -0.085112 0.000000
0.128116 -0.026853 0.381585 1.000000
0.379934 -0.066386 0.289930 3.000000
-0.198947 -0.076944 0.032257 0.000000
-0.093606 -0.014985 -0.503723 1.000000
0.759013 -0.069513 0.036267 0.000000
0.105877 -0.021908 0.430607 1.000000
0.067493 -0.097339 0.588472 3.000000
0.039293 -0.008303 0.425261 1.000000
0.427272 -0.009131 -0.102085 0.000000
0.348527 0.111045 0.028114 0.000000
0.089010 -0.034498 -0.214403 1.000000
0.257059 0.054325 -0.089603 0.000000
0.344518 -0.048718 0.158207 1.000000
-0.590267 0.061835 -0.061964 2.000000
-0.017213 0.014872 -0.100508 0.000000
-0.043862 -0.010120 -0.579475 1.000000
0.056721 -0.036583 -0.233782 1.000000
0.353445 -0.105010 -0.311137 3.000000
0.274700 -0.018754 -0.112002 1.000000
-0.755589 0.072207 -0.102727 2.000000
-0.725385 0.082685 0.176436 2.000000
0.796541 0.049727 -0.072202 0.000000
0.014034 -0.015279 -0.522915 1.000000
0.057256 -0.004935 0.448249 1.000000
-0.672567 0.066754 0.026136 2.000000
-0.038062 -0.015226 -0.526550 1.000000
0.201194 -0.094158 0.330291 3.000000
0.262565 0.114466 -0.013878 0.000000
0.486772 -0.094693 0.023089 0.000000
-0.040040 0.087175 0.045542 0.000000
0.008661 -0.010735 -0.452269 1.000000
0.349864 -0.082825 0.308213 3.000000
0.294534 -0.112361 0.302626 3.000000
-0.180985 0.003271 0.664357 1.000000
0.257086 -0.019850 0.111270 1.000000
-0.809824 0.248114 -0.015081 2.000000
0.290791 0.016903 -0.100375 0.000000
-0.490513 -0.031477 -0.003373 0.000000
0.809558 -0.068765 -0.048894 0.000000
0.007859 -0.024447 -0.093986 0.000000
0.323428 0.121389 -0.011339 0.000000
0.542557 -0.089373 -0.030450 0.000000
0.130842 -0.037812 0.129179 1.000000
0.009998 -0.013729 0.411710 1.000000
0.023309 -0.073790 -0.570039 3.000000
0.019487 -0.032680 -0.097835 0.000000
0.112746 -0.141068 0.122389 3.000000
0.130922 -0.061922 -0.625824 3.000000
0.194886 -0.023779 0.153609 1.000000
-0.842113 0.080145 -0.022271 2.000000
0.072251 0.105832 -0.014386 0.000000
-0.029909 -0.030141 -0.417895 1.000000
0.831637 0.014337 -0.078296 0.000000
-0.233027 0.017224 0.814203 1.000000
0.055705 -0.046980 -0.060761 0.000000
-0.035442 -0.019182 0.467013 1.000000
0.365955 -0.085017 0.286562 3.000000
0.138273 -0.013141 -0.322283 1.000000
0.184034 0.030990 -0.098049 0.000000
-0.678421 0.057505 -0.047397 2.000000
0.145142 -0.059276 -0.146537 1.000000
0.376754 -0.084535 0.350927 3.000000
0.667704 0.074692 -0.076639 0.000000
0.858500 0.093002 -0.032455 0.000000
0.263260 -0.047809 0.194586 1.000000
-0.371032 0.086667 -0.065306 0.000000
-0.716805 0.127804 -0.021523 2.000000
0.335777 0.092174 0.044580 0.000000
-0.116085 0.101262 0.017823 0.000000
0.136776 -0.015252 -0.304348 1.000000
0.220787 -0.046873 0.325587 1.000000
-0.090639 -0.017284 0.475967 1.000000
0.515346 -0.027013 0.072485 0.000000
0.792638 -0.057699 0.041105 0.000000
-0.043435 -0.024153 0.416093 1.000000
0.118092 -0.093356 0.558054 3.000000
-0.627956 0.097279 0.016273 2.000000
0.786437 -0.003679 0.064600 0.000000
0.075939 -0.124282 0.027606 0.000000
-0.730170 0.266931 -0.001823 2.000000
0.113922 -0.065798 -0.107324 1.000000
0.173155 -0.030836 0.126345 1.000000
0.365527 -0.071652 -0.114194 1.000000
0.784967 -0.080419 -0.029194 0.000000
-0.184727 0.102785 -0.032348 0.000000
0.093741 -0.059490 0.126933 1.000000
0.596444 0.129354 -0.000780 0.000000
-0.182294 -0.000097 -0.669714 1.000000
0.106438 -0.082664 -0.575198 3.000000
-0.090211 -0.011296 -0.522247 1.000000
0.372263 -0.113590 0.289796 3.000000
0.220172 -0.049119 -0.216996 1.000000
0.018819 -0.003385 0.489920 1.000000
0.430026 -0.047996 0.106352 0.000000
0.279966 -0.050161 -0.192404 1.000000
0.011414 -0.022683 0.077537 0.000000
-0.073104 0.003592 0.608893 1.000000
0.540686 0.128980 -0.021122 0.000000
0.090480 -0.029874 -0.104250 0.000000
-0.809957 0.040799 -0.015963 2.000000
0.256097 -0.066653 0.112980 1.000000
-0.704990 0.287032 -0.015856 2.000000
-0.420668 0.061515 0.064306 0.000000
0.531758 0.113664 0.031001 0.000000
0.233644 -0.060372 0.135407 1.000000
0.279966 -0.081996 -0.364890 3.000000
-0.001282 -0.000017 -0.607300 1.000000
-0.184166 -0.069406 0.044232 0.000000
0.219210 0.103534 -0.037320 0.000000
0.438499 0.121362 0.017369 0.000000
-0.036913 -0.033028 -0.094093 0.000000
0.128463 -0.096457 0.003202 0.000000
0.178501 -0.031451 -0.132985 1.000000
-0.720788 0.079263 -0.158966 2.000000
0.337835 -0.073710 -0.370877 3.000000
-0.788280 0.200615 -0.015589 2.000000
-0.301241 0.033101 0.076147 0.000000
-0.319230 0.078568 0.052839 0.000000
-0.056773 -0.026693 0.507321 1.000000
0.832572 -0.052888 0.037924 0.000000
-0.847592 0.092147 0.277314 2.000000
0.354648 0.106501 0.035144 0.000000
-0.063589 0.004688 0.622873 1.000000
0.281917 -0.082504 0.353546 3.000000
-0.663907 0.252978 -0.003480 2.000000
-0.796619 0.068972 0.093281 2.000000
0.473007 -0.095682 -0.041383 0.000000
0.895520 0.082096 -0.017968 0.000000
0.269568 -0.068738 -0.340807 3.000000
0.254653 -0.067428 -0.341341 3.000000
-0.772162 0.067235 0.048161 2.000000
0.083156 -0.004561 0.461453 1.000000
0.053861 -0.038962 0.289502 1.000000
0.343716 -0.084696 -0.083722 0.000000
0.777135 0.106260 -0.050337 0.000000
-0.596709 0.133417 -0.024089 2.000000
0.061639 -0.033402 -0.585917 3.000000
0.089598 -0.010120 -0.389615 1.000000
-0.698335 0.072501 0.071550 2.000000
0.103899 -0.095842 -0.047290 0.000000
0.146719 -0.059757 0.163419 1.000000
-0.513741 0.042457 -0.076719 2.000000
-0.821879 0.302080 -0.004897 2.000000
-0.256977 0.014230 0.792605 1.000000
-0.241153 0.019122 -0.857061 1.000000
-0.042232 -0.027495 0.370840 1.000000
0.161340 -0.045136 0.220513 1.000000
0.403162 0.053255 0.069812 0.000000
-0.761924 0.030776 -0.018395 2.000000
-0.046001 -0.068150 0.049952 0.000000
0.008314 -0.094960 -0.031546 0.000000
0.081259 -0.046473 -0.144959 1.000000
-0.278227 0.041200 -0.094868 0.000000
0.155620 -0.039496 0.318958 1.000000
0.057683 -0.092848 0.045381 0.000000
0.234152 -0.046820 -0.228062 1.000000
-0.018843 -0.038561 -0.598666 3.000000
0.867454 0.101342 0.001732 0.000000
0.009436 -0.017712 -0.401563 1.000000
-0.016491 0.001908 0.590343 1.000000
-0.231022 0.021501 0.079515 0.000000
0.122583 0.020298 -0.100000 0.000000
0.460604 -0.073924 -0.092329 0.000000
0.073293 -0.136818 -0.056298 0.000000
0.121059 -0.034792 0.158875 1.000000
0.125630 -0.118188 -0.131221 3.000000
-0.389689 -0.052995 -0.018930 0.000000
0.515400 0.073062 -0.078590 0.000000
0.680080 0.123581 -0.037828 0.000000
-0.464826 0.103935 -0.026173 0.000000
-0.474261 -0.030863 0.025040 0.000000
0.097911 -0.075207 -0.095323 0.000000
-0.348632 -0.061441 -0.032669 0.000000
0.241475 0.051598 -0.090805 0.000000
0.029965 -0.054384 0.541508 3.000000
0.056079 -0.042356 0.601382 3.000000
0.653752 -0.073149 0.041773 0.000000
0.098980 -0.043693 0.084727 0.000000
-0.262349 0.106180 -0.009093 0.000000
0.371060 -0.080633 0.343763 3.000000
-0.529912 0.061247 0.010125 2.000000
0.589066 0.116738 -0.049161 0.000000
-0.240698 -0.080526 0.015418 0.000000
-0.005185 -0.044815 -0.592198 3.000000
-0.122313 0.103346 0.009510 0.000000
0.459856 0.103320 -0.060628 0.000000
-0.551964 0.066085 -0.067711 2.000000
0.058645 -0.134466 -0.059666 0.000000
-0.810064 0.094873 -0.024864 2.000000
0.029350 -0.130777 -0.054239 3.000000
-0.192585 0.013803 0.822142 1.000000
-0.145007 -0.073576 -0.063702 0.000000
-0.667008 0.054645 0.023944 2.000000
0.220145 -0.011644 0.299927 1.000000
0.924949 -0.027521 -0.048546 0.000000
-0.727710 0.155950 -0.020560 2.000000
-0.146397 -0.084749 -0.043628 0.000000
0.303996 -0.014745 0.080263 1.000000
-0.339063 -0.049145 0.042014 0.000000
-0.216989 0.006479 0.708354 1.000000
-0.054474 -0.002690 0.637307 1.000000
0.355664 0.023986 -0.099332 0.000000
0.550389 -0.066627 -0.073084 0.000000
0.132152 -0.041715 -0.564640 3.000000
0.014863 -0.008704 0.565538 1.000000
-0.679571 0.225153 -0.000085 2.000000
0.032504 -0.096430 -0.591503 3.000000
-0.034667 -0.012072 -0.558091 1.000000
0.627289 -0.017738 0.077243 0.000000
0.019674 0.097840 0.027446 0.000000
0.446518 -0.058073 0.080558 0.000000
-0.703413 0.065845 -0.136085 2.000000
-0.398777 0.058681 -0.086048 0.000000
0.182858 0.048337 0.072004 0.000000
0.146666 -0.073229 0.075666 0.000000
-0.164706 -0.000150 -0.100241 0.000000
0.191518 -0.035861 0.292843 1.000000
0.415485 -0.096056 0.016326 0.000000
-0.034961 0.000251 0.559337 1.000000
-0.614163 0.014150 -0.050016 2.000000
0.184087 -0.041661 -0.274972 1.000000
-0.755509 0.067556 0.045034 2.000000
-0.134716 -0.079911 -0.054133 0.000000
-0.455711 0.043927 -0.085433 0.000000
0.273685 -0.041501 -0.243832 1.000000
0.536569 0.092174 -0.067257 0.000000
0.209534 -0.002823 -0.100909 0.000000
0.684945 0.020057 -0.096151 0.000000
-0.799132 0.071886 -0.140175 2.000000
-0.663453 0.140795 -0.023100 2.000000
0.492118 -0.035781 0.077991 0.000000
0.102803 0.056008 0.068583 0.000000
-0.635226 0.057639 -0.075302 2.000000
-0.174302 0.006292 0.735351 1.000000
-0.270609 0.075227 0.055565 0.000000
-0.360580 -0.059864 -0.008960 0.000000
0.036674 -0.021988 -0.455209 1.000000
0.311213 -0.083600 -0.322764 3.000000
0.154818 -0.087583 -0.078670 0.000000
-0.096894 -0.029473 0.074918 0.000000
0.107267 -0.078628 -0.091741 0.000000
-0.843717 0.276474 -0.007516 2.000000
0.272722 -0.072694 -0.106897 1.000000
-0.025927 -0.024741 -0.428827 1.000000
0.736560 0.002576 -0.091741 0.000000
-0.716056 0.209409 -0.000059 2.000000
-0.414414 0.076724 -0.074180 0.000000
-0.328532 0.098829 0.025281 0.000000
0.132954 -0.092822 -0.605536 3.000000
0.116488 -0.135348 -0.172865 3.000000
0.319419 0.005009 0.080798 1.000000
-0.657465 0.074372 -0.118070 2.000000
0.126378 0.097412 0.028408 0.000000
-0.500376 0.094339 -0.051353 0.000000
-0.834014 0.081829 -0.211569 2.000000
-0.622369 0.078515 0.034262 2.000000
0.924549 0.035774 -0.045793 0.000000
0.409818 0.122672 0.010740 0.000000
-0.790872 0.081963 0.174458 2.000000
-0.340052 -0.035273 0.052518 0.000000
0.533068 0.095408 0.045061 0.000000
0.064205 -0.044548 -0.258934 1.000000
0.720495 -0.081301 -0.040073 0.000000
0.138112 -0.055988 0.152888 1.000000
0.224288 -0.019235 0.332189 1.000000
-0.496473 -0.019716 0.030520 0.000000
-0.068854 -0.082290 -0.049802 0.000000
0.598956 0.028851 0.078179 0.000000
0.070460 -0.053770 0.218268 1.000000
0.126111 -0.027441 -0.393090 1.000000
-0.596041 0.061141 -0.091367 2.000000
0.011815 -0.087128 -0.594283 3.000000
0.053995 -0.096483 0.003015 0.000000
-0.069068 -0.013996 -0.488888 1.000000
-0.821237 0.088779 -0.256609 2.000000
0.351093 -0.092207 -0.363260 3.000000
0.275395 0.105592 -0.048012 0.000000
0.073160 -0.059864 -0.136406 1.000000
-0.471855 0.069266 -0.075089 0.000000
-0.703681 0.067716 0.131237 2.000000
-0.018924 -0.016188 -0.516687 1.000000
-0.087164 -0.015172 -0.602115 1.000000
0.357268 -0.016188 0.139282 1.000000
0.206192 -0.046366 0.316018 1.000000
0.128784 -0.092688 0.555621 3.000000
-0.604835 0.069881 0.083097 2.000000
0.064873 -0.014825 -0.372107 1.000000
-0.714960 0.072019 0.024292 2.000000
0.821399 -0.028804 -0.074100 0.000000
-0.826743 0.082150 0.193570 2.000000
0.235461 -0.104369 -0.342411 3.000000
-0.666714 0.066219 -0.031145 2.000000
0.119562 -0.091271 0.544716 3.000000
-0.016491 -0.013863 -0.448981 1.000000
0.566293 0.028397 0.078259 0.000000
0.294721 0.055073 -0.089282 0.000000
-0.150379 0.046600 -0.093024 0.000000
-0.490219 0.049754 0.059281 0.000000
0.036139 -0.143287 0.059254 0.000000
0.923105 0.017224 -0.055015 0.000000
-0.760909 0.078675 -0.235786 2.000000
0.034348 -0.061495 0.546988 3.000000
0.461540 -0.050509 -0.105052 0.000000
-0.006441 -0.005256 -0.590140 1.000000
0.454563 -0.020946 0.081547 0.000000
-0.037019 -0.029072 0.501013 1.000000
0.136268 0.105832 -0.005752 0.000000
-0.769943 0.089821 0.257774 2.000000
