0.010080 -0.016813 -0.345116 1.000000
0.463423 0.010292 -0.087520 0.000000
-0.792488 0.239018 0.006562 2.000000
-0.200310 -0.076042 -0.041554 0.000000
0.146736 -0.045297 0.179644 1.000000
0.927245 -0.016482 -0.050350 0.000000
-0.052789 0.044512 -0.590690 1.000000
0.656441 -0.045959 -0.074671 0.000000
0.438221 -0.070665 0.003695 1.000000
0.128951 0.085073 0.016599 0.000000
0.175441 -0.006500 -0.238515 1.000000
-0.084995 -0.088312 0.072657 0.000000
0.041928 -0.102595 -0.032317 0.000000
-0.517079 0.077766 -0.037584 0.000000
0.396501 -0.036225 -0.008135 1.000000
0.237923 0.062903 -0.060608 0.000000
0.497339 -0.018081 0.087133 0.000000
0.248787 -0.023872 0.006093 1.000000
0.746552 0.058243 -0.064441 0.000000
0.184347 -0.034405 0.007720 1.000000
0.426005 -0.039699 0.015220 1.000000
-0.091944 -0.038017 -0.079110 0.000000
-0.057063 0.050550 -0.632437 1.000000
-0.000123 -0.059994 -0.020846 1.000000
0.218042 -0.015324 -0.119340 1.000000
0.193474 -0.015710 0.103788 1.000000
-0.860540 0.205764 -0.003392 2.000000
-0.127625 0.069108 -0.052418 0.000000
0.257060 0.081102 -0.030001 0.000000
0.672296 0.055734 -0.067171 0.000000
0.401189 -0.086520 -0.004081 0.000000
-0.000729 0.017462 -0.418904 1.000000
0.232739 -0.021556 -0.167567 1.000000
0.092912 0.086589 0.006231 0.000000
-0.197938 0.078014 0.781225 1.000000
0.105458 -0.046317 0.175287 1.000000
0.122664 -0.032420 -0.089312 0.000000
-0.467722 0.083942 0.023713 0.000000
-0.083534 0.010127 0.444409 1.000000
0.060568 0.001414 -0.297744 1.000000
0.694052 0.086589 0.006093 0.000000
0.038977 0.018427 0.503445 1.000000
0.391538 0.026754 -0.084018 0.000000
0.911031 0.025100 -0.050295 0.000000
0.097131 -0.017226 0.312578 1.000000
0.086156 -0.013283 0.203468 1.000000
0.003297 -0.000379 0.420392 1.000000
0.089107 0.017048 0.087299 0.000000
-0.163967 -0.000213 0.089560 0.000000
0.296656 -0.071216 0.051425 1.000000
0.011376 -0.023320 -0.225142 1.000000
0.648086 -0.002447 -0.088540 0.000000
0.829716 -0.038596 0.068355 0.000000
0.033766 -0.101906 -0.073843 0.000000
0.185533 -0.092807 -0.308057 3.000000
0.471475 0.056727 -0.066398 0.000000
-0.949246 0.078510 -0.263800 2.000000
-0.116237 0.035054 -0.620111 1.000000
0.651615 -0.084121 -0.020598 0.000000
-0.807488 0.086534 0.006838 0.000000
0.043361 0.023528 -0.452517 1.000000
-0.133139 0.062076 -0.745049 1.000000
0.793235 0.049530 -0.065433 0.000000
0.165790 -0.057622 0.008851 1.000000
0.308761 -0.123028 0.281943 3.000000
0.466677 -0.027043 0.084514 0.000000
-0.060703 0.047627 0.609880 1.000000
-0.922609 0.081902 0.284701 2.000000
0.201195 -0.036473 0.279158 3.000000
0.147453 0.060615 0.064054 0.000000
0.260562 -0.120905 0.250123 3.000000
0.215037 -0.102623 0.063502 0.000000
-0.067872 0.017875 -0.462553 1.000000
-0.302361 0.083556 -0.024100 0.000000
0.671055 0.075477 0.044256 0.000000
0.466953 0.071975 0.049302 0.000000
0.012699 -0.033274 -0.216042 1.000000
-0.215034 0.065909 -0.748220 1.000000
-0.726724 0.052067 -0.049964 0.000000
0.177536 -0.098983 -0.081426 0.000000
-0.826266 0.069438 -0.115370 2.000000
-0.131402 0.075532 -0.757898 1.000000
0.917015 0.001303 0.055506 0.000000
0.150321 -0.102623 0.064743 0.000000
0.035034 0.023721 -0.511938 1.000000
-0.000123 -0.030297 0.225472 1.000000
0.280718 -0.089305 -0.090084 0.000000
0.168520 -0.087126 -0.300887 3.000000
0.162371 -0.102623 -0.059422 0.000000
0.269992 -0.070885 0.053907 1.000000
-0.016667 -0.032337 -0.221667 1.000000
0.242059 0.022894 0.086389 0.000000
-0.098672 0.007811 0.438205 1.000000
0.200340 -0.039920 -0.091187 0.000000
0.053012 -0.010995 0.335740 1.000000
0.155918 -0.011133 -0.275740 1.000000
-0.736981 0.176729 0.007803 2.000000
-0.162285 0.053170 -0.703026 1.000000
-0.856377 0.077021 -0.022528 0.000000
0.129365 -0.102623 -0.051040 0.000000
-0.838950 0.057995 -0.032152 2.000000
0.037019 -0.015131 -0.334417 1.000000
0.629198 -0.026188 -0.084156 0.000000
0.187739 -0.077200 -0.327193 3.000000
0.062305 -0.015682 0.322119 1.000000
0.023922 0.018068 0.407625 1.000000
-0.200034 -0.059994 -0.063613 0.000000
-0.148994 0.038501 -0.625322 1.000000
0.049566 -0.004129 -0.275795 1.000000
-0.214097 0.103327 -0.872413 1.000000
0.018959 -0.012484 -0.087189 0.000000
0.682305 -0.070582 0.050818 0.000000
-0.581492 0.023169 -0.073706 0.000000
0.071515 -0.045131 0.280978 1.000000
-0.175245 -0.029359 0.083521 0.000000
-0.695510 0.131232 -0.008273 2.000000
0.817473 0.079531 0.014090 0.000000
0.230092 -0.105463 0.329453 3.000000
-0.130161 0.063345 0.697731 1.000000
-0.381360 0.037728 0.080074 0.000000
0.263650 -0.082522 -0.233386 3.000000
-0.039719 0.015752 -0.516847 1.000000
0.132287 -0.009864 0.336402 1.000000
0.448699 0.086286 -0.007473 0.000000
-0.023671 0.041092 0.580459 1.000000
-0.437170 -0.024754 -0.080544 0.000000
-0.121641 0.033206 0.567747 1.000000
-0.048405 0.037563 0.548859 1.000000
-0.045234 0.046690 -0.609164 1.000000
-0.924981 0.078869 -0.014091 0.000000
0.239743 -0.025940 0.001075 1.000000
-0.828665 0.088906 -0.001820 2.000000
-0.630629 0.108980 0.003667 2.000000
0.159338 -0.028421 -0.043098 1.000000
-0.117836 -0.030490 -0.082309 0.000000
0.107802 0.063924 0.059973 0.000000
0.259900 -0.072016 0.096867 0.000000
-0.305752 0.019502 -0.086252 0.000000
0.187518 0.064558 0.059146 0.000000
-0.400248 0.015063 -0.086307 0.000000
0.264063 -0.064378 0.316163 3.000000
-0.005941 0.001248 0.335850 1.000000
0.186498 -0.009754 0.244443 1.000000
-0.272746 -0.069396 0.052390 0.000000
-0.747101 0.187593 -0.007611 2.000000
0.820699 0.079972 -0.007335 0.000000
-0.723801 0.081626 -0.023218 0.000000
-0.230806 0.084328 0.833312 1.000000
-0.110860 0.031331 0.553023 1.000000
0.514876 -0.077476 -0.038163 0.000000
-0.278041 0.069494 0.052611 0.000000
0.329000 -0.074801 -0.022639 1.000000
0.099750 -0.076896 0.314095 3.000000
0.346978 -0.019846 -0.021536 1.000000
0.570189 0.085073 0.016627 0.000000
0.015484 -0.010112 0.088209 0.000000
0.052020 0.009520 0.467847 1.000000
0.418395 -0.050398 0.071885 0.000000
0.172077 -0.121566 0.257540 3.000000
0.493093 0.081488 -0.029036 0.000000
-0.839253 0.050247 0.090332 2.000000
-0.110667 -0.089746 -0.055838 0.000000
0.341794 0.078786 -0.035626 0.000000
0.335066 -0.047861 -0.008135 1.000000
0.072011 -0.053431 0.008851 1.000000
-0.100685 0.014015 0.487700 1.000000
-0.234281 0.007838 -0.087851 0.000000
-0.019783 -0.102099 0.052914 0.000000
-0.140998 0.014566 -0.553024 1.000000
-0.345100 0.086700 0.005321 0.000000
-0.680896 -0.019074 0.028594 0.000000
0.302805 0.080137 -0.032317 0.000000
-0.795218 0.061635 -0.125958 2.000000
0.417926 -0.086106 0.007748 0.000000
0.027865 -0.003357 0.401118 1.000000
0.187739 0.087362 0.000827 0.000000
-0.201854 0.100707 -0.889591 1.000000
0.184981 -0.065315 -0.008135 1.000000
-0.890734 0.080634 -0.230519 2.000000
-0.618165 -0.001344 0.065377 0.000000
-0.070795 -0.005149 -0.346826 1.000000
0.637470 0.078124 0.037941 0.000000
-0.102587 0.026671 0.526111 1.000000
0.083289 -0.102623 0.047179 0.000000
-0.102780 -0.091125 0.029780 0.000000
0.013554 -0.029552 0.234819 1.000000
0.204972 -0.040719 -0.299619 3.000000
0.180156 -0.007658 0.218247 1.000000
0.115550 -0.087733 -0.251392 3.000000
0.529987 0.078042 0.038079 0.000000
0.724659 0.042444 0.078062 0.000000
0.205055 -0.047420 0.093751 0.000000
-0.538173 0.042140 0.072354 0.000000
0.248291 -0.102595 0.070065 0.000000
-0.324282 -0.071437 0.049247 0.000000
0.869119 -0.021886 0.067087 0.000000
-0.059738 0.002296 -0.420255 1.000000
0.928458 -0.004570 -0.051288 0.000000
0.236738 -0.020839 -0.030856 1.000000
-0.237479 0.104816 -0.884518 1.000000
0.053343 0.013105 -0.476092 1.000000
0.443735 0.036708 0.080488 0.000000
0.149466 -0.071437 0.279820 3.000000
0.718234 -0.078330 0.036756 0.000000
-0.066934 -0.006776 0.336898 1.000000
-0.076365 -0.003632 -0.449483 1.000000
0.065172 0.017544 0.087244 0.000000
-0.328253 -0.049709 0.072161 0.000000
-0.431324 -0.006197 0.086444 0.000000
0.671662 -0.029966 0.083245 0.000000
0.032939 -0.001261 -0.413830 1.000000
-0.418750 -0.047172 0.069210 0.000000
-0.019948 0.040513 -0.589697 1.000000
0.202546 -0.029414 0.222080 1.000000
0.043444 -0.038514 0.204847 1.000000
0.021137 0.077876 -0.037804 0.000000
0.066000 -0.000075 0.287872 1.000000
0.399286 0.085652 0.012656 0.000000
0.262106 -0.116741 0.321484 3.000000
0.059465 0.019061 0.466882 1.000000
0.479471 0.064392 0.059366 0.000000
0.012534 0.003923 0.089091 0.000000
0.158097 -0.088974 -0.270721 3.000000
0.339919 -0.019322 0.001406 1.000000
-0.174280 0.082536 -0.826778 1.000000
-0.629746 -0.009754 -0.057851 0.000000
-0.001832 -0.004598 0.303120 1.000000
-0.107275 0.061690 0.734570 1.000000
-0.817139 0.104899 -0.003089 2.000000
-0.070988 -0.087237 -0.077786 0.000000
0.911858 0.001138 -0.056692 0.000000
-0.728957 -0.010416 0.007472 0.000000
-0.848049 0.188999 0.003915 2.000000
-0.233591 0.073740 -0.781584 1.000000
-0.826238 0.067977 0.173964 2.000000
0.071873 -0.002337 0.403269 1.000000
0.263429 -0.078413 0.005514 1.000000
-0.125419 0.069990 0.725691 1.000000
0.765744 0.027885 -0.080875 0.000000
0.099888 -0.062255 -0.096151 0.000000
0.227500 -0.016620 -0.076849 1.000000
-0.049039 0.069769 0.052225 0.000000
0.585272 0.087058 0.002922 0.000000
0.171636 -0.040719 0.199028 1.000000
-0.364264 0.050412 0.072243 0.000000
-0.117615 0.017158 0.087299 0.000000
0.021661 0.005688 0.459575 1.000000
-0.349264 0.081185 -0.029835 0.000000
0.316950 -0.020232 0.047013 1.000000
0.088748 -0.067301 -0.050985 1.000000
0.387319 -0.064681 0.032840 1.000000
0.527312 0.021074 -0.086059 0.000000
0.038398 -0.018412 -0.304334 1.000000
0.076919 0.007866 0.439363 1.000000
0.432623 -0.042236 -0.077318 0.000000
0.076891 -0.003660 -0.263056 1.000000
-0.043110 -0.045517 -0.087961 0.000000
0.139209 -0.085858 0.297164 3.000000
-0.035279 0.036874 0.539374 1.000000
-0.095611 0.008252 -0.087796 0.000000
0.111635 -0.102595 -0.026140 0.000000
-0.191541 0.062683 0.742952 1.000000
0.081662 -0.026822 0.258064 1.000000
0.484186 -0.062172 -0.061270 0.000000
0.182996 -0.048137 -0.166850 1.000000
-0.834841 0.069797 -0.119258 2.000000
-0.874961 0.049227 0.058567 2.000000
-0.033873 -0.000985 -0.340070 1.000000
-0.090648 0.058106 -0.711905 1.000000
-0.258518 0.098474 -0.871778 1.000000
-0.896855 0.297089 -0.003999 2.000000
0.395784 0.082233 -0.027243 0.000000
0.137030 -0.115969 -0.301770 3.000000
0.118004 0.003013 -0.376771 1.000000
0.386078 -0.041740 0.043263 1.000000
-0.598505 0.049751 -0.064220 0.000000
0.001725 -0.013945 0.329288 1.000000
0.253172 -0.017861 0.041554 1.000000
-0.019369 -0.028697 0.194561 1.000000
0.443928 -0.085720 0.010367 0.000000
0.014216 0.007121 0.354711 1.000000
0.009942 -0.053155 0.110792 1.000000
-0.372150 -0.079957 0.030193 0.000000
-0.163609 0.065854 0.721141 1.000000
0.158372 -0.030407 0.240582 1.000000
-0.042780 0.012333 -0.441515 1.000000
0.933394 -0.039699 0.038162 0.000000
0.331895 -0.098901 0.008244 0.000000
-0.832828 0.149954 0.003584 2.000000
0.078739 -0.013449 -0.208349 1.000000
-0.081218 0.022673 -0.555202 1.000000
0.061036 -0.026822 0.258064 1.000000
-0.163416 0.051212 -0.665029 1.000000
0.277382 -0.107062 0.298157 3.000000
-0.295219 -0.086161 0.007334 0.000000
-0.083341 0.034778 -0.554154 1.000000
0.073776 -0.064488 0.073760 1.000000
-0.882406 0.080634 -0.233800 2.000000
-0.843720 0.273155 0.006535 2.000000
0.693252 -0.032751 0.082087 0.000000
-0.677449 0.072858 0.039844 0.000000
-0.085464 0.085624 0.012904 0.000000
-0.302719 -0.086685 -0.002730 0.000000
0.070163 0.050798 -0.071058 0.000000
0.978863 -0.028725 0.020928 0.000000
0.086790 -0.100389 -0.078476 0.000000
-0.342233 0.052150 -0.070093 0.000000
-0.072366 0.009548 0.474327 1.000000
-0.058386 0.029181 0.592095 1.000000
-0.045344 0.047821 -0.623613 1.000000
0.188428 -0.039010 -0.198119 1.000000
0.006936 0.072058 0.049192 0.000000
-0.167993 0.062159 0.708981 1.000000
0.706350 0.040238 -0.078283 0.000000
-0.074297 0.076635 -0.040810 0.000000
-0.835696 0.163631 -0.003557 2.000000
-0.169758 0.072720 -0.790435 1.000000
-0.090317 0.015531 0.505706 1.000000
0.244679 -0.066474 -0.087603 1.000000
-0.445166 0.035881 0.080185 0.000000
0.276499 -0.060655 -0.008135 1.000000
-0.862388 0.072416 -0.147604 2.000000
-0.945303 0.069714 0.219020 2.000000
-0.149132 0.033868 0.081701 0.000000
-0.882848 0.056727 0.137594 2.000000
-0.332085 0.085487 -0.013043 0.000000
0.225157 -0.076896 0.007141 1.000000
0.274155 -0.071657 0.247669 3.000000
-0.676264 0.142372 0.004908 2.000000
0.818989 0.008445 0.078034 0.000000
-0.223472 0.095854 0.850105 1.000000
0.664603 -0.030765 -0.082198 0.000000
0.012203 -0.003026 -0.302431 1.000000
0.018821 -0.010085 -0.263221 1.000000
0.235773 -0.036583 0.174046 1.000000
0.112710 -0.091097 0.253266 3.000000
0.009363 -0.035398 -0.140628 1.000000
-0.152248 0.058878 0.731123 1.000000
-0.106475 0.001469 0.453095 1.000000
0.185891 -0.102595 0.015055 0.000000
0.239771 0.075560 0.044118 0.000000
-0.096769 0.007811 0.426789 1.000000
-0.073469 0.079531 0.034550 0.000000
0.110945 -0.046289 -0.174736 1.000000
-0.812231 0.067701 0.097887 2.000000
0.013913 -0.029883 -0.169029 1.000000
-0.216716 0.084273 -0.808496 1.000000
0.027837 -0.061510 0.036425 1.000000
0.458929 -0.029359 -0.082805 0.000000
0.501006 0.086093 -0.008879 0.000000
-0.910063 0.272328 0.002013 2.000000
0.105293 -0.038569 -0.024679 1.000000
-0.003459 -0.049350 -0.121078 1.000000
0.797289 0.081571 0.018254 0.000000
0.303218 -0.073863 -0.282413 3.000000
0.237730 0.017324 -0.086555 0.000000
-0.046640 0.034337 -0.531543 1.000000
-0.898289 0.081268 0.237770 2.000000
-0.004369 0.007645 -0.471487 1.000000
0.248843 -0.122835 -0.315860 3.000000
0.185753 -0.008816 0.234902 1.000000
-0.015371 -0.011133 0.339656 1.000000
0.175716 -0.036859 -0.210941 1.000000
0.081303 -0.015489 -0.322671 1.000000
0.046367 0.015835 0.384022 1.000000
0.014492 -0.002447 0.406908 1.000000
-0.717376 0.092711 0.010616 2.000000
0.072948 -0.035811 0.075442 1.000000
-0.102422 0.043988 0.607812 1.000000
0.142738 -0.048054 -0.290354 1.000000
0.295525 -0.089663 -0.268709 3.000000
-0.847553 0.073630 0.161390 2.000000
0.733813 -0.080867 0.030469 0.000000
0.790919 -0.047834 -0.067694 0.000000
-0.597898 0.077490 -0.036646 0.000000
0.021633 -0.006886 0.344895 1.000000
0.502716 0.064172 0.059642 0.000000
-0.124426 -0.086327 0.025561 0.000000
0.162536 -0.102292 0.072492 0.000000
0.287639 0.040072 -0.078338 0.000000
-0.792212 0.066405 0.105249 2.000000
0.528773 -0.060435 0.063999 0.000000
0.306775 -0.103395 -0.240335 3.000000
-0.143645 0.078758 -0.767990 1.000000
-0.043882 -0.007410 -0.312689 1.000000
0.168520 -0.096033 -0.279848 3.000000
0.081414 0.059236 -0.064441 0.000000
-0.314686 -0.035012 0.081040 0.000000
0.290369 -0.073974 -0.235730 3.000000
-0.796541 0.066709 0.092510 2.000000
-0.897407 0.249193 -0.001875 2.000000
-0.324971 -0.083735 0.021673 0.000000
0.289128 -0.040609 0.090883 0.000000
-0.006796 -0.089250 -0.091711 0.000000
-0.030123 0.006542 0.465172 1.000000
-0.749858 0.207556 0.006673 2.000000
0.294312 -0.065012 -0.311035 3.000000
-0.956994 0.080303 0.278772 2.000000
0.052902 -0.025195 0.088264 0.000000
0.078325 -0.102595 -0.042602 0.000000
0.266490 -0.045131 0.254314 3.000000
0.042121 -0.045903 -0.030442 1.000000
0.023508 -0.021859 0.279710 1.000000
0.268172 -0.089139 0.244608 3.000000
0.324423 -0.127715 -0.280483 3.000000
-0.080142 0.037315 -0.631058 1.000000
0.028554 -0.048357 -0.028153 1.000000
-0.900440 0.067591 0.227761 2.000000
0.175330 -0.102595 0.019743 0.000000
-0.918832 0.070376 -0.190647 2.000000
-0.162781 0.062407 -0.706969 1.000000
-0.896552 0.061277 -0.174654 2.000000
-0.205686 0.091167 -0.861659 1.000000
0.089879 -0.059745 0.119147 1.000000
0.079539 -0.007217 -0.087879 0.000000
0.123850 -0.001068 -0.367010 1.000000
0.078822 0.002820 0.295289 1.000000
0.048132 0.017379 -0.395466 1.000000
-0.041842 0.007507 0.088595 0.000000
0.716001 0.049172 0.073043 0.000000
0.116405 -0.100803 -0.077538 0.000000
0.197527 -0.066005 0.092014 1.000000
-0.168489 0.075146 -0.044367 0.000000
-0.019728 -0.047172 0.103181 1.000000
0.161929 -0.016068 0.118816 1.000000
0.521301 0.058740 0.065515 0.000000
0.148060 -0.007796 0.193348 1.000000
0.296353 -0.099369 0.072409 0.000000
0.371133 -0.036170 0.080626 0.000000
-0.711007 0.154642 -0.007556 2.000000
-0.486637 -0.002281 0.083218 0.000000
-0.315376 -0.084176 -0.018916 0.000000
-0.034562 0.009382 -0.481386 1.000000
-0.751044 0.051047 0.063089 2.000000
0.228245 -0.128294 -0.306733 3.000000
-0.137827 0.032379 0.595432 1.000000
0.384120 -0.032034 0.008851 1.000000
0.156249 -0.102981 0.270500 3.000000
-0.171247 0.061607 -0.742870 1.000000
-0.151504 0.055872 -0.716730 1.000000
0.099088 -0.102595 0.026360 0.000000
0.437724 0.086672 -0.004909 0.000000
0.717021 -0.064350 0.059063 0.000000
0.171939 0.077711 0.038906 0.000000
0.116598 -0.043118 -0.188193 1.000000
0.697416 -0.050095 -0.071417 0.000000
0.386685 0.087224 -0.000993 0.000000
-0.072697 -0.000958 -0.381707 1.000000
-0.161623 0.034447 0.595156 1.000000
-0.770594 0.084797 -0.013815 0.000000
0.199430 -0.026546 -0.025313 1.000000
-0.040629 -0.036804 0.225775 1.000000
0.100191 -0.032695 -0.064055 1.000000
-0.902839 0.203806 0.000496 2.000000
0.992953 0.003399 0.014007 0.000000
0.291527 -0.114314 -0.284398 3.000000
0.413955 0.073768 -0.046214 0.000000
0.075044 -0.102595 0.001378 0.000000
-0.294585 -0.077145 0.039623 0.000000
-0.057339 0.082839 -0.025810 0.000000
0.165266 -0.050674 0.094578 0.000000
0.123161 0.032159 0.082418 0.000000
0.369451 -0.031868 0.041829 1.000000
0.411419 -0.042208 0.008851 1.000000
0.309753 -0.033109 0.087795 0.000000
-0.464192 0.077959 0.038741 0.000000
0.366004 -0.053569 0.056140 1.000000
0.012451 0.004640 -0.341917 1.000000
0.267731 -0.077779 0.096591 0.000000
-0.887232 0.071038 -0.253874 2.000000
0.301123 -0.078110 0.003226 1.000000
0.203318 -0.022907 0.234599 1.000000
-0.814216 0.233697 -0.007307 2.000000
0.102728 -0.091511 0.314481 3.000000
0.373367 -0.031151 0.008851 1.000000
0.864734 0.000062 -0.069900 0.000000
0.161764 -0.012291 -0.150113 1.000000
0.189421 -0.012373 0.150112 1.000000
-0.501279 -0.026133 -0.072796 0.000000
-0.814354 0.053639 -0.036012 0.000000
-0.831946 0.247759 0.007169 2.000000
0.029850 0.024851 -0.454474 1.000000
0.004841 0.028905 -0.484557 1.000000
0.299275 -0.108965 -0.325042 3.000000
-0.747129 0.054273 -0.046490 0.000000
0.449333 -0.037025 -0.008135 1.000000
0.274431 -0.057870 0.261539 3.000000
-0.881717 0.058492 -0.153339 2.000000
-0.533044 -0.034957 0.061131 0.000000
-0.940146 0.070569 0.008741 0.000000
0.010714 0.008721 -0.477636 1.000000
0.192206 -0.079268 0.096315 0.000000
-0.407362 -0.070747 -0.042354 0.000000
0.406731 -0.024920 0.085396 0.000000
0.156718 -0.058450 0.250288 3.000000
0.171746 -0.005673 -0.248966 1.000000
-0.768664 0.004254 0.011856 0.000000
0.168520 -0.065922 -0.264131 3.000000
-0.800264 0.052315 0.106545 2.000000
0.054253 -0.013366 0.229056 1.000000
0.366115 -0.082163 0.065157 0.000000
0.134549 -0.069341 0.066012 1.000000
0.347557 -0.038955 -0.064661 1.000000
0.065200 0.001607 -0.424364 1.000000
0.007708 0.018895 0.422074 1.000000
0.951648 -0.048357 -0.015056 0.000000
0.024694 -0.043835 0.073015 1.000000
-0.357840 0.076883 -0.040313 0.000000
0.256453 -0.041960 -0.256273 3.000000
-0.194960 -0.041602 -0.077593 0.000000
0.529159 -0.007134 0.088622 0.000000
-0.032880 0.023032 -0.468620 1.000000
0.154595 -0.035315 0.221942 1.000000
0.172297 -0.041574 -0.194645 1.000000
0.269275 -0.040968 0.307201 3.000000
-0.129720 0.014401 0.548804 1.000000
0.106975 -0.092917 -0.253322 3.000000
0.769163 0.068832 0.050488 0.000000
0.372236 -0.040168 -0.050240 1.000000
-0.139785 -0.004046 -0.088320 0.000000
-0.695317 0.117638 -0.009100 2.000000
0.185285 -0.102623 -0.050985 0.000000
0.470427 -0.073367 0.047124 0.000000
-0.633331 -0.036308 -0.020543 0.000000
-0.006823 0.066571 -0.055755 0.000000
0.183575 -0.066005 0.326530 3.000000
0.046229 -0.102595 0.034605 0.000000
0.027975 -0.043890 -0.067336 1.000000
0.083647 -0.102595 0.037280 0.000000
0.199375 0.074485 -0.045277 0.000000
-0.798499 0.066764 -0.119010 2.000000
-0.299052 0.029539 -0.082833 0.000000
0.062250 -0.066915 -0.014118 1.000000
0.142655 -0.018605 -0.292781 1.000000
0.047966 -0.019874 -0.197733 1.000000
-0.096356 0.017158 -0.512628 1.000000
-0.815760 0.064558 -0.062483 2.000000
0.256012 -0.043256 0.255583 3.000000
-0.838454 0.066902 0.094082 2.000000
0.014409 0.030614 0.502232 1.000000
0.323292 0.013353 0.087823 0.000000
0.218649 -0.100776 0.331466 3.000000
0.204421 0.085018 0.017068 0.000000
-0.013661 -0.039947 0.165774 1.000000
0.329083 0.085762 0.011939 0.000000
0.812978 0.044484 0.066398 0.000000
0.216747 -0.027567 -0.210776 1.000000
-0.800732 0.094448 0.004494 2.000000
-0.622605 -0.041078 0.015496 0.000000
0.286619 -0.075821 0.278800 3.000000
0.325829 -0.087761 0.079964 0.000000
0.351721 -0.073588 0.022941 1.000000
-0.652826 0.012085 -0.062317 0.000000
0.125863 -0.056409 0.258974 3.000000
-0.450350 0.085294 -0.014780 0.000000
-0.090069 0.075146 0.045111 0.000000
-0.119159 0.084108 -0.022501 0.000000
0.709907 -0.044028 0.076903 0.000000
0.190413 -0.129508 -0.275547 3.000000
-0.756752 0.172234 -0.008135 2.000000
0.057535 -0.044414 0.282936 1.000000
-0.014820 -0.008237 -0.364114 1.000000
-0.714784 0.170662 0.007279 2.000000
0.084281 -0.009644 -0.225803 1.000000
0.541237 -0.082522 0.026691 0.000000
-0.043000 -0.099011 -0.021977 0.000000
0.155146 -0.102623 -0.046931 0.000000
0.258769 -0.102182 -0.072492 0.000000
0.185340 -0.102595 -0.036591 0.000000
0.815101 0.059870 -0.052446 0.000000
0.055797 0.005963 0.450007 1.000000
0.394681 0.002434 0.089284 0.000000
-0.846726 0.066626 -0.204516 2.000000
-0.757110 0.123869 -0.008962 2.000000
-0.281018 0.010154 0.088236 0.000000
0.107361 -0.058808 -0.296751 3.000000
-0.238058 0.080247 0.810922 1.000000
0.035586 -0.064599 -0.009706 1.000000
-0.507594 -0.063661 0.023851 0.000000
-0.856956 0.048317 -0.065930 2.000000
0.145551 -0.051335 0.274305 1.000000
0.019565 0.009768 -0.364859 1.000000
-0.269134 -0.080481 -0.030883 0.000000
0.143317 -0.102595 -0.005239 0.000000
-0.678166 0.048400 -0.056775 0.000000
-0.497557 -0.026850 0.073760 0.000000
0.611771 0.086617 -0.005239 0.000000
-0.011152 -0.002419 0.407212 1.000000
0.079649 0.023693 -0.085314 0.000000
-0.184344 0.086534 -0.005901 0.000000
0.091588 -0.037962 -0.210004 1.000000
0.839449 0.064392 0.041636 0.000000
0.277906 -0.132044 0.276732 3.000000
0.412990 -0.053679 -0.008135 1.000000
-0.113975 0.063179 -0.060277 0.000000
-0.772635 0.080330 -0.023521 0.000000
0.296711 -0.090353 -0.244223 3.000000
0.056376 -0.002116 0.409059 1.000000
-0.346562 -0.048578 0.072905 0.000000
0.885525 0.028629 0.058760 0.000000
-0.354338 0.026340 0.085038 0.000000
-0.837047 0.086645 0.006011 0.000000
0.171332 -0.065564 0.095433 1.000000
-0.176237 0.044622 0.647905 1.000000
-0.927517 0.065247 0.187337 2.000000
0.162950 -0.023293 -0.263249 1.000000
0.279891 -0.044359 -0.253846 3.000000
0.187077 -0.102595 0.042794 0.000000
0.367328 -0.081722 -0.064248 0.000000
0.010218 -0.102595 0.042188 0.000000
0.109732 -0.039782 0.289829 1.000000
0.702131 -0.083542 -0.023493 0.000000
0.078187 -0.090656 0.091435 0.000000
0.298062 -0.094461 0.080846 0.000000
-0.321856 0.064365 0.059422 0.000000
0.139291 -0.001178 -0.255115 1.000000
-0.064398 0.023914 0.491671 1.000000
0.207206 -0.067521 -0.079441 1.000000
-0.010766 -0.068597 0.096867 0.000000
0.780386 0.003206 -0.083687 0.000000
-0.019259 -0.056905 0.021232 1.000000
0.979745 -0.022410 -0.024293 0.000000
-0.080473 0.041120 -0.077897 0.000000
-0.105593 -0.012125 0.336678 1.000000
0.555493 -0.064075 0.059422 0.000000
0.498497 0.073133 -0.047042 0.000000
0.366804 -0.026133 -0.028843 1.000000
-0.466564 0.035164 -0.079358 0.000000
0.215644 -0.132541 -0.289113 3.000000
0.003434 -0.026822 -0.242817 1.000000
-0.713626 0.065330 0.044807 0.000000
0.817445 -0.075352 0.032730 0.000000
-0.876726 0.075532 -0.179617 2.000000
-0.084416 0.022866 -0.496883 1.000000
0.256039 -0.030379 0.089532 0.000000
0.087232 -0.102595 0.004329 0.000000
0.060319 0.068087 -0.053770 0.000000
0.094649 -0.102595 -0.002758 0.000000
0.096331 -0.031758 0.230711 1.000000
-0.180787 0.049613 -0.071996 0.000000
0.273246 0.049751 0.072602 0.000000
-0.210843 0.080110 0.033144 0.000000
0.717903 -0.084204 -0.020157 0.000000
0.799577 -0.036390 -0.073126 0.000000
-0.871846 0.078290 -0.208873 2.000000
-0.277048 0.132445 0.910988 0.000000
0.052737 -0.020701 -0.086417 0.000000
-0.642403 -0.014111 0.051067 0.000000
0.147233 -0.016344 0.273533 1.000000
-0.016584 -0.030545 -0.183505 1.000000
0.261527 -0.075959 0.014421 1.000000
0.161709 -0.054617 -0.281089 3.000000
0.294698 -0.083294 -0.331880 3.000000
0.022791 -0.019101 -0.337919 1.000000
-0.631153 0.044126 -0.063420 0.000000
0.171387 0.026396 -0.084184 0.000000
-0.031281 0.023307 -0.085480 0.000000
0.362944 0.038004 -0.079220 0.000000
-0.852489 0.167519 -0.002289 2.000000
0.741975 -0.076814 -0.039293 0.000000
0.801342 0.083005 0.006866 0.000000
-0.048019 -0.018219 0.262118 1.000000
0.010604 -0.059801 0.035901 1.000000
-0.418557 0.070790 -0.050323 0.000000
-0.506629 0.012250 -0.081647 0.000000
0.811655 0.065661 -0.046076 0.000000
0.003820 0.016000 -0.408067 1.000000
0.039308 -0.087430 0.093448 0.000000
-0.757662 0.061084 0.052638 2.000000
-0.006713 -0.044276 0.146555 1.000000
-0.062219 -0.095895 -0.064523 0.000000
0.200864 -0.041988 0.183477 1.000000
-0.037320 0.022563 0.469667 1.000000
0.173979 0.058464 -0.065020 0.000000
0.582294 0.086479 -0.006177 0.000000
0.279670 -0.079323 0.294765 3.000000
-0.814685 0.056975 0.142585 2.000000
0.923357 0.007590 0.052418 0.000000
-0.554083 0.041892 -0.070728 0.000000
-0.445056 -0.063689 0.047482 0.000000
-0.766237 0.006983 0.021094 0.000000
-0.889769 0.047655 0.018943 0.000000
0.024749 -0.102595 -0.008300 0.000000
0.053398 -0.066915 -0.096151 0.000000
-0.856128 0.159302 -0.001738 2.000000
-0.850807 0.129688 0.002040 2.000000
0.523700 0.047710 0.074201 0.000000
0.154154 -0.002254 -0.268240 1.000000
0.690908 -0.080977 -0.029670 0.000000
-0.248426 -0.086933 -0.001296 0.000000
0.129061 -0.048743 0.008851 1.000000
-0.018956 -0.102209 0.066315 0.000000
-0.822157 0.252144 -0.006701 2.000000
0.007791 -0.102595 -0.041802 0.000000
0.059520 -0.031069 -0.237495 1.000000
0.281490 -0.043670 -0.311807 3.000000
-0.172267 0.090863 -0.822587 1.000000
0.702710 -0.017723 0.087188 0.000000
0.260286 -0.085637 0.234626 3.000000
-0.037154 0.003592 -0.437213 1.000000
0.134245 -0.020783 -0.286797 1.000000
0.422255 0.047324 -0.073788 0.000000
0.114530 0.074264 -0.045553 0.000000
0.144889 0.029208 0.083687 0.000000
-0.871487 0.086948 0.003915 0.000000
-0.209216 0.017241 0.087271 0.000000
-0.237121 0.094172 -0.873295 1.000000
-0.572144 -0.043256 -0.040672 0.000000
-0.043772 -0.022714 -0.085617 0.000000
-0.001226 0.030283 -0.493877 1.000000
0.275258 -0.107890 0.283046 3.000000
0.017607 -0.002502 0.302817 1.000000
0.498994 0.023087 -0.085590 0.000000
0.304432 -0.111474 0.318231 3.000000
-0.058000 -0.041050 0.085065 0.000000
-0.107082 0.053859 0.708016 1.000000
-0.476573 -0.055058 -0.051922 0.000000
0.099557 -0.117017 0.278634 3.000000
0.540410 -0.081943 -0.027326 0.000000
0.360131 -0.078827 0.008713 1.000000
-0.292462 0.014511 0.087657 0.000000
-0.077633 -0.094434 0.008410 0.000000
-0.174914 0.066102 0.764129 1.000000
0.249449 -0.071189 -0.050929 1.000000
0.050255 -0.102623 -0.059753 0.000000
0.278264 -0.050315 -0.093448 0.000000
0.336804 -0.098156 0.021535 0.000000
0.021082 -0.012787 0.249709 1.000000
-0.878491 0.056561 -0.074036 2.000000
-0.011731 -0.015103 -0.308636 1.000000
-0.046392 0.033565 0.528399 1.000000
0.161764 -0.040416 -0.091298 0.000000
-0.002218 0.017655 0.527076 1.000000
0.116405 -0.063661 0.104450 1.000000
0.634023 -0.086685 -0.003089 0.000000
-0.502410 -0.017116 -0.076628 0.000000
-0.195153 0.096020 0.842301 1.000000
-0.542227 -0.060242 0.006121 0.000000
0.019014 -0.061179 -0.029422 1.000000
-0.493310 0.086121 0.009761 0.000000
0.156828 -0.033633 0.090332 0.000000
-0.120538 0.066902 -0.709782 1.000000
0.026872 0.018840 -0.409253 1.000000
-0.611823 0.091443 0.008575 2.000000
0.480795 -0.052935 0.069872 0.000000
0.295966 -0.100224 -0.329040 3.000000
-0.518099 -0.008292 -0.078145 0.000000
0.127848 -0.004239 -0.226272 1.000000
-0.034397 0.026285 0.486404 1.000000
-0.379044 0.045725 0.075938 0.000000
-0.688644 0.084328 -0.017455 0.000000
0.416575 -0.062420 0.061627 0.000000
-0.639507 0.061663 0.053273 0.000000
-0.206817 0.080661 -0.031049 0.000000
-0.646677 0.106002 -0.008355 2.000000
0.174062 -0.013063 0.278138 1.000000
0.094291 -0.092200 0.090332 0.000000
-0.119794 0.040403 -0.645727 1.000000
-0.389108 -0.065343 -0.053163 0.000000
0.181452 -0.011601 -0.156731 1.000000
-0.866386 0.068005 0.230104 2.000000
0.505446 0.000724 -0.088816 0.000000
0.184347 -0.098184 0.328957 3.000000
0.122747 -0.072981 0.018419 1.000000
0.170091 -0.078082 -0.002234 1.000000
-0.297260 0.053721 0.069458 0.000000
-0.033239 -0.058174 0.093448 0.000000
0.268999 -0.123579 0.289168 3.000000
-0.194574 0.082371 0.828487 1.000000
0.165073 -0.056299 0.317762 3.000000
0.067158 -0.048109 -0.000772 1.000000
0.403670 -0.071685 -0.007914 1.000000
0.765606 0.011202 -0.084680 0.000000
-0.852434 0.232814 0.005763 2.000000
-0.466205 0.049585 0.072492 0.000000
0.831673 -0.009230 0.076242 0.000000
0.773851 0.077573 -0.034054 0.000000
-0.004976 -0.009809 0.345832 1.000000
0.102425 -0.030297 0.082115 1.000000
0.241563 -0.048716 0.248386 3.000000
0.209274 -0.095316 0.087299 0.000000
-0.282480 0.060091 0.064468 0.000000
-0.654067 0.111875 -0.007831 2.000000
0.035889 -0.002860 -0.088485 0.000000
-0.183986 0.070624 -0.782384 1.000000
0.348881 -0.061290 0.084900 0.000000
-0.855412 0.047931 0.064523 2.000000
-0.378355 -0.081115 -0.025010 0.000000
-0.250990 0.049833 -0.071831 0.000000
0.663389 0.065220 -0.057547 0.000000
-0.796045 0.083667 0.016516 0.000000
-0.173590 0.042885 -0.635745 1.000000
0.270847 -0.017750 -0.044698 1.000000
-0.166504 0.052729 0.698999 1.000000
-0.605288 -0.040471 -0.031269 0.000000
-0.789344 0.045945 -0.056499 2.000000
-0.028772 -0.003605 -0.323526 1.000000
-0.478779 0.062187 -0.060884 0.000000
0.337989 -0.062751 -0.059919 1.000000
0.122416 -0.109516 -0.266392 3.000000
0.143979 -0.052356 0.149643 1.000000
0.432844 0.028271 0.084100 0.000000
0.061643 -0.005259 0.264241 1.000000
-0.933446 0.069163 -0.226465 2.000000
0.149025 -0.058946 0.122097 1.000000
-0.293620 -0.016068 0.087409 0.000000
-0.295605 -0.001702 -0.088651 0.000000
0.058665 -0.024230 -0.268350 1.000000
-0.801256 0.221095 0.007831 2.000000
0.226370 -0.072099 -0.043677 1.000000
0.167224 -0.036059 0.218137 1.000000
-0.842093 0.064034 0.079440 2.000000
0.128813 -0.005728 -0.350576 1.000000
-0.190990 0.086479 0.844314 1.000000
-0.053065 0.045752 -0.652814 1.000000
-0.166366 0.044346 -0.650801 1.000000
-0.894677 0.082371 0.265895 2.000000
0.058417 -0.024920 0.159543 1.000000
-0.123020 0.071617 0.049771 0.000000
-0.127955 0.076470 0.041857 0.000000
0.366446 0.033317 0.081949 0.000000
-0.183875 -0.065646 -0.056610 0.000000
0.326188 -0.053762 0.008851 1.000000
0.134907 -0.014828 -0.313930 1.000000
-0.857838 0.190212 0.003364 2.000000
-0.364154 -0.072953 -0.045828 0.000000
-0.177037 0.019116 -0.549108 1.000000
0.144944 0.087224 -0.001021 0.000000
0.295305 -0.120381 0.272375 3.000000
-0.704747 0.044456 -0.054873 0.000000
-0.082872 0.007728 -0.417029 1.000000
-0.010463 -0.040223 -0.165554 1.000000
0.038426 -0.063440 -0.025892 1.000000
0.259183 -0.102595 0.032923 0.000000
0.748676 -0.081474 0.028787 0.000000
-0.022844 0.032048 -0.507223 1.000000
-0.553229 0.050468 -0.066950 0.000000
0.047746 -0.021886 0.186841 1.000000
-0.118553 0.054824 0.712676 1.000000
-0.224106 0.023693 0.086030 0.000000
-0.340165 0.008583 0.088484 0.000000
-0.417703 -0.027677 -0.080406 0.000000
0.126855 -0.017392 0.290767 1.000000
0.243852 -0.024010 -0.087244 0.000000
-0.832056 0.054356 -0.122787 2.000000
0.128675 0.003344 0.352891 1.000000
-0.804731 0.062959 -0.033199 2.000000
0.255874 -0.062365 0.328543 3.000000
0.124319 -0.071106 0.052197 1.000000
0.138436 -0.105215 0.318506 3.000000
-0.555821 -0.038707 -0.051646 0.000000
0.815873 -0.061814 0.053135 0.000000
0.222978 0.020440 0.086858 0.000000
0.286895 -0.017530 0.051646 1.000000
-0.015978 -0.048523 0.088733 1.000000
0.707701 0.053280 0.069817 0.000000
0.277657 -0.034763 0.008851 1.000000
-0.813554 0.070183 -0.031214 0.000000
0.797978 0.082702 -0.009844 0.000000
-0.237672 0.077104 0.796308 1.000000
-0.019755 0.018068 0.530385 1.000000
0.127076 -0.060462 -0.258809 3.000000
-0.547907 -0.019625 0.069541 0.000000
0.083702 -0.067935 0.027932 1.000000
0.276913 -0.068128 0.285611 3.000000
-0.819896 0.121029 0.003695 2.000000
0.070715 -0.064461 -0.064165 1.000000
-0.045868 0.021736 -0.469640 1.000000
0.119714 -0.052604 -0.008135 1.000000
0.098895 0.077628 0.039100 0.000000
-0.883399 0.069687 -0.148486 2.000000
-0.215282 0.078014 -0.787237 1.000000
-0.070491 0.055817 -0.675810 1.000000
-0.024333 -0.013394 -0.313268 1.000000
-0.781706 0.164569 -0.008190 2.000000
-0.891120 0.076387 0.196326 2.000000
0.001339 -0.048137 -0.067639 1.000000
-0.758848 0.044512 0.044532 2.000000
0.518792 0.081626 -0.028732 0.000000
0.262188 -0.024230 -0.005322 1.000000
-0.093929 0.013960 -0.491092 1.000000
0.296270 -0.085114 0.281116 3.000000
0.193391 -0.028421 0.019798 1.000000
0.709603 0.012526 0.087933 0.000000
-0.191320 0.006735 0.088705 0.000000
-0.298169 0.153401 0.924389 0.000000
-0.041759 0.017489 -0.526387 1.000000
0.333053 -0.068983 -0.318480 3.000000
0.306610 -0.018136 -0.033475 1.000000
0.050917 -0.050536 0.150333 1.000000
0.136148 -0.023844 0.091269 1.000000
0.366335 -0.012815 0.087850 0.000000
-0.228821 0.087775 0.849305 1.000000
0.848686 0.045201 -0.058044 0.000000
-0.224519 0.031855 0.082556 0.000000
0.161957 -0.025306 0.059311 1.000000
0.017084 0.084080 0.023438 0.000000
-0.763397 0.072086 -0.034137 0.000000
-0.258628 0.102996 -0.897395 1.000000
0.486558 -0.070996 0.050267 0.000000
0.743271 0.074705 -0.044505 0.000000
0.368183 -0.039754 0.053024 1.000000
0.008315 -0.093524 0.089091 0.000000
0.890047 -0.001840 -0.063586 0.000000
0.086818 -0.036363 -0.050792 1.000000
-0.901984 0.082343 -0.246953 2.000000
-0.865062 0.335968 0.001792 2.000000
0.099695 -0.022438 0.279903 1.000000
0.189641 -0.014634 -0.127999 1.000000
-0.595610 -0.021114 -0.059174 0.000000
0.104907 0.006790 -0.315391 1.000000
-0.072697 0.045863 0.075635 0.000000
0.098647 -0.002971 0.253018 1.000000
-0.102753 0.046662 -0.618622 1.000000
-0.270154 0.136526 0.918047 0.000000
-0.015564 -0.053017 0.049522 1.000000
0.847556 0.017351 -0.071637 0.000000
0.637387 -0.052631 -0.069432 0.000000
0.194522 -0.021418 -0.057382 1.000000
0.950682 0.035936 0.005432 0.000000
0.043996 -0.102623 0.057326 0.000000
-0.034673 0.021543 0.086692 0.000000
-0.885908 0.280986 -0.004412 2.000000
-0.038506 0.007563 0.453729 1.000000
0.706019 -0.086851 0.002509 0.000000
0.066165 0.028160 0.084128 0.000000
0.013278 -0.102595 -0.019909 0.000000
0.041459 0.014401 -0.376468 1.000000
0.432430 0.063372 0.060717 0.000000
0.664658 0.000834 0.089505 0.000000
0.245975 0.058409 0.065791 0.000000
0.156111 -0.028091 -0.248552 1.000000
-0.881303 0.053501 -0.100370 2.000000
0.187353 -0.111143 0.244994 3.000000
0.071652 -0.102595 -0.013567 0.000000
0.010521 -0.019101 0.086995 0.000000
0.149494 -0.084341 0.242071 3.000000
-0.256009 0.078786 0.036315 0.000000
-0.885440 0.073244 0.172861 2.000000
-0.918390 0.065661 -0.202145 2.000000
-0.201523 0.016883 -0.086610 0.000000
0.586210 -0.067549 0.054817 0.000000
-0.786394 0.049503 -0.041141 0.000000
-0.036520 0.005467 0.376825 1.000000
0.583122 -0.086465 -0.004550 0.000000
0.208061 -0.031703 -0.089147 0.000000
0.276279 -0.120381 0.277338 3.000000
-0.519147 0.084935 0.018198 0.000000
-0.282259 0.137987 -0.917579 1.000000
0.134962 -0.102595 -0.015414 0.000000
-0.016446 -0.059415 -0.008686 1.000000
0.027644 0.027443 0.518197 1.000000
0.613012 0.075615 -0.043209 0.000000
0.135238 -0.014800 0.151160 1.000000
-0.538173 0.074043 -0.043319 0.000000
-0.143397 0.023197 -0.085535 0.000000
-0.083561 0.038556 0.637647 1.000000
0.059685 -0.037025 -0.082557 1.000000
0.107499 -0.036859 0.033364 1.000000
0.003793 -0.035094 0.238211 1.000000
0.297400 -0.050894 0.272678 3.000000
-0.215503 -0.024782 0.085451 0.000000
0.312483 -0.128736 -0.297606 3.000000
0.720192 0.084990 0.017206 0.000000
0.192068 -0.118533 -0.313930 3.000000
-0.060427 0.000614 0.405750 1.000000
0.084915 -0.051694 -0.151685 1.000000
0.297235 0.086700 -0.004633 0.000000
-0.187267 0.078979 0.815389 1.000000
0.435601 -0.039975 0.078999 0.000000
-0.069306 -0.095536 -0.028015 0.000000
-0.124205 0.050026 -0.690094 1.000000
-0.379154 -0.076373 0.036976 0.000000
-0.758406 0.207115 -0.007114 2.000000
0.077884 -0.064957 -0.074671 1.000000
-0.003542 -0.018495 -0.343241 1.000000
0.354920 -0.080205 0.072988 0.000000
0.403091 -0.067549 0.019963 1.000000
-0.195401 -0.050150 -0.071362 0.000000
0.578379 -0.060132 -0.063503 0.000000
0.041018 -0.010609 0.088154 0.000000
-0.096797 0.038556 -0.579522 1.000000
0.405021 -0.043367 -0.031628 1.000000
0.152775 -0.067301 -0.257376 3.000000
0.085081 -0.008541 0.367588 1.000000
0.046174 -0.018633 0.303727 1.000000
0.049731 -0.054258 -0.128440 1.000000
0.404029 -0.071464 0.054789 0.000000
0.111745 -0.031785 0.058705 1.000000
-0.017935 -0.046041 -0.128798 1.000000
0.729925 -0.037797 -0.079027 0.000000
0.064704 0.016166 0.386531 1.000000
0.181865 -0.009147 0.257347 1.000000
-0.438631 -0.077420 -0.007390 0.000000
0.025549 -0.061207 0.008851 1.000000
-0.170419 0.056534 0.718853 1.000000
-0.069333 -0.007438 -0.087851 0.000000
-0.307379 0.085459 -0.013208 0.000000
0.295580 -0.078055 -0.293084 3.000000
0.099530 0.000283 0.396954 1.000000
-0.429559 -0.074525 0.027629 0.000000
-0.627320 -0.033936 -0.031021 0.000000
0.272170 -0.077503 0.002399 1.000000
0.227528 -0.090766 -0.090636 0.000000
-0.083424 -0.074994 -0.082281 0.000000
-0.534644 -0.027291 0.067087 0.000000
0.874937 -0.060297 -0.039514 0.000000
0.128207 0.001276 0.276677 1.000000
-0.053120 -0.001868 -0.389345 1.000000
-0.439045 -0.076979 0.010864 0.000000
0.335287 -0.047061 0.008851 1.000000
0.100688 -0.040251 0.289223 1.000000
0.148336 -0.074553 0.253542 3.000000
-0.708139 -0.004212 -0.037060 0.000000
-0.818242 0.061773 0.042271 2.000000
0.137609 0.062490 -0.061187 0.000000
0.593655 -0.016096 0.087409 0.000000
-0.431572 0.047352 -0.073816 0.000000
0.356326 -0.078661 -0.006646 1.000000
0.949056 0.029704 -0.027492 0.000000
0.274018 -0.019791 0.011002 1.000000
0.110697 -0.115472 -0.286163 3.000000
0.238613 -0.039396 -0.165141 1.000000
0.382218 -0.060187 0.072602 0.000000
