0.572260 -0.018047 -0.111313 0.000000
-0.469761 0.170388 -0.004648 2.000000
-0.086069 -0.062555 0.355582 1.000000
-0.056610 -0.075613 0.230392 1.000000
-0.161974 -0.026062 0.659282 1.000000
-0.155206 -0.059768 -0.350201 1.000000
0.058495 0.098597 0.084103 0.000000
-0.597737 0.241250 -0.006134 2.000000
-0.006289 -0.187931 -0.004833 0.000000
0.331833 -0.134824 -0.105394 0.000000
0.254149 0.122112 0.060801 0.000000
0.518516 0.031795 -0.083790 0.000000
-0.203456 0.101649 0.063561 0.000000
0.744002 -0.027734 -0.098547 0.000000
-0.111999 -0.021444 0.107803 0.000000
-0.152765 0.003344 -0.823890 1.000000
-0.523319 0.032645 -0.064283 0.000000
-0.210038 0.131772 -0.033656 0.000000
0.347438 0.043579 0.016027 0.000000
-0.531891 0.282706 -0.026968 2.000000
0.101013 -0.040712 -0.199718 1.000000
0.057752 -0.189311 -0.018528 0.000000
-0.003795 -0.045835 0.095780 1.000000
0.218320 -0.125216 -0.104067 0.000000
-0.501582 0.158020 -0.003719 2.000000
-0.208287 -0.023833 0.647843 1.000000
-0.005546 -0.065952 -0.382049 1.000000
-0.003635 -0.036705 0.276440 1.000000
-0.001353 -0.104860 0.104990 0.000000
-0.030282 -0.040951 -0.261158 1.000000
-0.196238 -0.011359 0.780225 1.000000
-0.186152 -0.040766 -0.485741 1.000000
-0.024231 -0.060113 0.392075 1.000000
-0.158232 0.031822 0.103159 0.000000
0.458376 -0.099154 0.035110 0.000000
-0.237003 -0.034184 0.095011 0.000000
-0.514534 0.192708 -0.031931 2.000000
-0.180897 -0.028769 -0.663083 1.000000
-0.407471 -0.023329 -0.106005 0.000000
-0.156693 -0.046020 -0.408669 1.000000
0.597102 0.071579 -0.107517 0.000000
-0.017994 -0.056477 -0.453203 1.000000
-0.144988 0.144963 -0.030471 0.000000
0.043526 -0.193478 0.074150 0.000000
0.055921 -0.182702 -0.067150 0.000000
-0.019029 0.106559 -0.114736 0.000000
-0.012818 -0.047454 -0.118585 1.000000
0.012926 -0.037475 0.047265 0.000000
0.341812 0.087954 0.092251 0.000000
-0.184533 -0.031078 0.596302 1.000000
0.112372 0.111947 -0.110596 0.000000
0.030920 -0.085194 -0.197595 1.000000
0.514801 0.048569 0.048380 0.000000
0.135329 -0.013774 0.111625 0.000000
-0.553415 0.117096 -0.007487 2.000000
0.524461 -0.008068 0.009153 0.000000
0.617219 -0.079753 -0.095150 0.000000
-0.677597 0.317925 -0.028268 2.000000
0.190294 0.026673 -0.147540 0.000000
0.450733 -0.119616 0.017460 0.000000
-0.239126 0.105710 -0.023120 2.000000
0.065555 -0.141512 -0.126653 0.000000
0.548745 -0.036386 0.074442 0.000000
0.577940 0.029513 0.096471 0.000000
0.027523 -0.037873 -0.261318 1.000000
-0.469548 -0.074392 -0.065504 0.000000
0.305531 -0.128905 -0.037902 0.000000
0.777681 0.020463 0.007296 0.000000
0.032433 -0.123199 0.099337 0.000000
0.217046 -0.170866 -0.114763 0.000000
-0.235172 -0.045118 0.094984 0.000000
0.213994 -0.125668 0.067409 0.000000
-0.074365 0.146847 -0.007328 0.000000
0.655357 0.038510 -0.104837 0.000000
-0.161788 -0.014677 0.753075 1.000000
-0.043552 -0.032352 0.577140 1.000000
-0.071578 -0.055522 -0.463342 1.000000
0.549117 0.118688 -0.071555 0.000000
0.444443 0.112531 -0.105872 0.000000
-0.473503 0.172963 -0.031957 0.000000
0.395688 -0.085380 0.106370 0.000000
0.158684 -0.105524 0.098594 0.000000
0.138779 -0.042411 0.084501 1.000000
-0.031874 0.134453 -0.079836 0.000000
0.280238 -0.119643 0.032694 0.000000
0.446221 -0.129755 -0.121769 0.000000
-0.323445 0.089998 0.045407 0.000000
-0.266781 -0.145042 0.011277 0.000000
-0.451262 0.065103 -0.004754 0.000000
-0.226706 -0.146263 0.036516 0.000000
-0.792728 0.383559 -0.168613 2.000000
0.280796 0.148678 -0.031559 0.000000
-0.523266 -0.003450 0.052573 0.000000
-0.098755 -0.023090 0.672552 1.000000
0.557743 -0.009289 -0.031055 0.000000
0.021923 -0.195176 -0.068291 0.000000
0.031557 -0.194168 -0.033178 0.000000
-0.085565 0.002203 -0.146160 0.000000
-0.128029 -0.064386 0.160751 1.000000
-0.749282 0.385390 0.118260 2.000000
-0.025956 -0.030839 0.355503 1.000000
-0.230209 0.122191 -0.003586 0.000000
0.658569 -0.010483 -0.120363 0.000000
-0.015287 -0.037236 -0.004674 0.000000
-0.037050 -0.031450 -0.384331 1.000000
0.339901 -0.031636 -0.144780 0.000000
-0.572896 0.020012 0.002863 0.000000
-0.030972 0.059105 0.037764 0.000000
-0.226281 -0.021338 0.653602 1.000000
-0.044136 -0.065262 -0.385181 1.000000
-0.526052 -0.012421 -0.056958 0.000000
0.818898 -0.043313 -0.074820 0.000000
-0.019506 0.112955 -0.109481 0.000000
-0.154012 0.137478 -0.027127 2.000000
-0.432525 -0.020515 -0.102236 0.000000
0.338627 0.143158 0.022078 0.000000
0.018871 -0.038271 0.202817 1.000000
-0.200537 -0.026036 0.632795 1.000000
-0.431941 -0.069933 0.046655 0.000000
-0.200935 -0.025638 -0.137110 0.000000
-0.505006 0.193186 -0.031665 2.000000
0.453785 -0.064758 0.077733 0.000000
0.305823 -0.182119 -0.035355 0.000000
-0.115688 0.107886 0.070673 0.000000
0.423555 0.042146 0.107909 0.000000
-0.559891 0.251309 -0.006081 2.000000
0.507927 0.074074 -0.109906 0.000000
0.529318 -0.074657 0.067144 0.000000
-0.046418 -0.036572 0.308580 1.000000
0.451768 -0.082938 0.084368 0.000000
-0.405985 0.083416 -0.004356 0.000000
-0.579239 0.267525 -0.030498 2.000000
-0.602992 -0.003715 -0.045971 0.000000
-0.165531 -0.037501 -0.473533 1.000000
-0.399668 -0.086362 0.042594 0.000000
0.315643 0.148758 -0.005736 0.000000
-0.099791 -0.023833 0.456064 1.000000
-0.530219 -0.043340 -0.018475 0.000000
-0.092253 -0.023859 0.449959 1.000000
0.306885 -0.007086 0.000554 0.000000
0.457076 -0.082434 0.058571 0.000000
0.283556 -0.041376 -0.144886 0.000000
-0.058706 0.102127 -0.117258 0.000000
-0.760270 0.384090 -0.186766 2.000000
0.205660 -0.166672 -0.087612 0.000000
0.118104 -0.110911 -0.145390 0.000000
-0.034979 -0.086229 0.109634 1.000000
0.121873 -0.162930 -0.141091 0.000000
-0.527247 0.006370 0.031367 0.000000
-0.882540 0.381011 -0.275596 2.000000
0.506387 0.077418 0.038374 0.000000
-0.289102 -0.117944 -0.084852 0.000000
-0.352772 0.149315 -0.033205 0.000000
-0.235305 0.130445 -0.033338 0.000000
-0.078160 -0.046843 -0.248738 1.000000
-0.150456 -0.068367 0.193608 1.000000
-0.355266 0.157675 -0.004382 2.000000
-0.243426 -0.013615 0.094055 0.000000
0.370661 -0.176890 -0.123203 0.000000
0.033096 -0.041296 -0.154122 1.000000
-0.161948 -0.046047 -0.416525 1.000000
0.350251 0.059397 0.060349 0.000000
0.066218 -0.035378 -0.039256 0.000000
-0.047984 0.089759 -0.084135 0.000000
-0.528945 0.070013 -0.049155 0.000000
-0.195813 -0.015950 -0.774923 1.000000
0.295393 0.142017 -0.061576 0.000000
-0.682241 0.308609 -0.009106 2.000000
-0.095305 -0.091298 0.103743 0.000000
-0.127737 -0.026036 0.662891 1.000000
-0.200882 -0.010085 0.656415 1.000000
0.056637 -0.037475 0.014196 0.000000
0.280902 -0.115237 -0.079093 0.000000
0.520692 -0.035776 -0.060833 0.000000
0.078533 -0.063962 0.316489 1.000000
-0.088272 -0.071552 0.250696 1.000000
0.603498 0.109956 -0.013830 0.000000
0.346483 -0.182119 0.017301 0.000000
-0.402030 0.042863 -0.100617 0.000000
-0.186046 0.146767 -0.030922 0.000000
0.396511 -0.057645 0.100850 0.000000
-0.641661 0.311184 -0.029914 2.000000
0.136736 -0.087158 -0.163491 1.000000
-0.148067 -0.021922 0.508799 1.000000
0.459040 0.141486 -0.049845 0.000000
-0.066668 0.011943 0.110563 0.000000
-0.615758 0.312272 -0.007169 2.000000
-0.138698 0.093687 -0.116143 0.000000
0.495081 0.014650 0.048937 0.000000
-0.048701 -0.058415 0.405876 1.000000
-0.048409 -0.018949 0.572814 1.000000
-0.527592 0.013297 -0.060010 0.000000
0.376818 -0.103507 0.068205 0.000000
-0.565279 0.318615 -0.010566 2.000000
0.499115 -0.098278 0.059898 0.000000
-0.315934 0.053134 0.074309 0.000000
-0.158338 0.124155 -0.080659 0.000000
0.667672 -0.097402 0.031102 0.000000
-0.173280 -0.008917 0.637068 1.000000
-0.064704 0.083920 0.052573 0.000000
-0.106771 -0.062555 -0.160385 1.000000
0.417823 -0.159719 -0.130952 0.000000
0.044057 0.075321 -0.135119 0.000000
0.303169 -0.127791 0.009525 0.000000
-0.079859 -0.032565 -0.640577 1.000000
-0.078903 0.022745 -0.146160 0.000000
-0.109027 -0.040527 0.548742 1.000000
-0.043419 -0.039040 -0.581021 1.000000
-0.128109 -0.070411 0.200030 1.000000
-0.039597 -0.021657 -0.508540 1.000000
-0.643360 0.394971 -0.011283 2.000000
-0.021470 -0.031530 -0.029303 0.000000
-0.225326 -0.010616 -0.133474 0.000000
0.107860 -0.048250 0.252129 1.000000
-0.266251 0.120466 0.007747 0.000000
0.156641 -0.186710 0.051060 0.000000
0.134931 -0.017622 -0.148363 0.000000
0.120573 -0.026275 0.111625 0.000000
-0.210941 -0.028822 0.559119 1.000000
-0.133656 -0.011757 -0.619663 1.000000
-0.196317 0.135222 -0.010885 0.000000
-0.210118 -0.014305 -0.783947 1.000000
0.026859 0.024046 -0.147885 0.000000
-0.151040 -0.039306 0.541948 1.000000
-0.457738 -0.065474 -0.079332 0.000000
0.201839 0.134665 0.042567 0.000000
0.477724 0.067970 -0.091036 0.000000
-0.153720 -0.052974 -0.362117 1.000000
0.140955 0.137240 0.036384 0.000000
0.377190 -0.123518 0.071072 0.000000
-0.736516 0.387938 -0.146744 2.000000
-0.562943 0.025293 0.035003 0.000000
0.545348 -0.024656 0.097081 0.000000
-0.056477 0.039837 0.017222 0.000000
-0.316358 0.104887 -0.003931 0.000000
-0.166088 -0.026460 0.104512 0.000000
0.113752 -0.130206 0.101035 0.000000
-0.063563 -0.146873 0.075212 0.000000
-0.030494 -0.151810 0.074575 0.000000
0.463339 0.122297 -0.089470 0.000000
-0.050877 -0.195442 -0.078084 0.000000
-0.211020 0.002628 0.762523 1.000000
-0.163620 -0.130339 -0.110224 0.000000
0.517906 0.037130 0.074071 0.000000
-0.555804 0.046631 0.020619 0.000000
-0.793710 0.402270 -0.012636 2.000000
-0.045755 0.007246 0.066719 0.000000
0.496116 -0.119351 0.003474 0.000000
0.235014 0.113937 0.071470 0.000000
0.487597 -0.093580 0.068391 0.000000
-0.203908 -0.137558 0.052812 0.000000
0.397573 -0.166539 0.074973 0.000000
0.005866 -0.038855 0.203693 1.000000
-0.154649 -0.111840 0.077282 0.000000
0.079754 -0.107753 0.108520 0.000000
-0.582636 -0.017861 0.007136 0.000000
-0.140079 0.013881 -0.142842 0.000000
-0.262960 0.013854 0.878185 1.000000
-0.018153 -0.036864 0.023326 0.000000
-0.097720 0.142282 0.012205 0.000000
0.326153 0.021285 0.111519 0.000000
0.076808 -0.040341 -0.149000 1.000000
0.309937 -0.084981 -0.144886 0.000000
0.386240 -0.189258 -0.051358 0.000000
-0.141936 -0.000212 -0.749179 1.000000
-0.537942 0.060538 -0.015184 0.000000
0.382471 0.110036 -0.112056 0.000000
-0.762260 0.394812 0.128637 2.000000
0.342581 -0.104568 -0.144780 0.000000
-0.144219 -0.004246 0.660927 1.000000
-0.482925 0.069111 -0.065053 0.000000
-0.313598 0.109293 -0.051518 0.000000
-0.113379 -0.004618 -0.719162 1.000000
-0.567269 0.151120 -0.029383 2.000000
-0.385549 0.050108 0.063693 0.000000
-0.435312 -0.098517 -0.000746 0.000000
0.336955 -0.182119 0.019822 0.000000
-0.151199 -0.034263 -0.625184 1.000000
0.411745 -0.060883 0.093047 0.000000
0.346854 0.148997 -0.029171 0.000000
-0.052576 0.028000 -0.066778 0.000000
-0.821524 0.393565 -0.150725 2.000000
-0.206509 0.024497 -0.135225 0.000000
-0.041535 0.045065 -0.007567 0.000000
0.234457 0.088910 0.091534 0.000000
0.017995 -0.018551 0.074442 0.000000
-0.583008 0.063431 0.003898 0.000000
0.069483 -0.071897 0.278908 1.000000
0.526054 -0.009820 0.037339 0.000000
-0.695166 0.298922 -0.010301 2.000000
0.123917 -0.195389 -0.075855 0.000000
-0.009979 -0.015022 -0.052712 0.000000
0.010245 -0.032857 -0.372919 1.000000
-0.277212 0.105365 -0.074979 0.000000
-0.125110 0.124182 -0.084985 0.000000
-0.010509 -0.083761 -0.191597 1.000000
0.501000 0.003902 0.074442 0.000000
0.045278 -0.039624 -0.177185 1.000000
-0.252821 -0.076515 0.086279 0.000000
-0.150509 -0.027522 0.473713 1.000000
0.607744 -0.008705 -0.056932 0.000000
-0.040818 0.091113 0.002890 0.000000
0.342316 0.044880 0.068285 0.000000
-0.296082 0.073304 0.066878 0.000000
0.263173 0.108921 0.076167 0.000000
-0.815155 0.383771 -0.283134 2.000000
-0.619447 0.246267 -0.029410 2.000000
-0.048382 -0.040235 -0.148363 0.000000
-0.553362 0.055522 -0.044458 0.000000
0.526266 -0.020170 -0.111313 0.000000
0.291279 -0.078851 -0.144886 0.000000
0.130021 -0.043313 -0.181644 1.000000
-0.029273 0.054063 0.016611 0.000000
-0.499035 0.109850 -0.032939 2.000000
0.056425 0.056133 -0.143081 0.000000
-0.041402 -0.019533 0.517424 1.000000
-0.341598 -0.024523 0.079511 0.000000
-0.216063 0.007219 0.804722 1.000000
0.233634 -0.176572 0.072478 0.000000
-0.128958 -0.010881 0.586694 1.000000
0.018234 -0.071897 0.296690 1.000000
-0.029618 -0.042862 -0.550022 1.000000
0.330797 0.149183 -0.027631 0.000000
-0.187532 -0.005175 0.827971 1.000000
0.325118 -0.189311 -0.010513 0.000000
-0.176306 -0.026646 0.647869 1.000000
-0.096261 -0.081292 0.083572 1.000000
0.520454 -0.087954 0.075053 0.000000
-0.147642 -0.027894 -0.503815 1.000000
-0.109637 -0.077709 0.105043 0.000000
-0.559201 0.023302 -0.055260 0.000000
0.421698 0.121926 0.059022 0.000000
-0.692619 0.352480 -0.008177 2.000000
-0.260783 -0.035511 -0.128219 0.000000
0.498054 0.061122 -0.007567 0.000000
-0.009288 -0.068235 0.327582 1.000000
0.142574 -0.044985 -0.190880 1.000000
0.201865 -0.172511 -0.110914 0.000000
-0.733597 0.403517 0.044717 2.000000
-0.040977 -0.007298 0.051113 0.000000
-0.018710 -0.195866 0.056474 0.000000
0.439161 0.145255 0.002624 0.000000
-0.166274 0.002495 0.739115 1.000000
-0.541499 -0.029858 0.023857 0.000000
-0.272089 0.027098 -0.124901 0.000000
-0.281219 0.034688 0.887766 1.000000
-0.128613 0.120254 0.052892 0.000000
-0.093978 -0.070437 -0.295289 1.000000
-0.206456 -0.004538 -0.872512 1.000000
0.429208 -0.123942 0.000793 0.000000
0.010882 -0.186259 0.081263 0.000000
-0.580566 0.015473 0.012099 0.000000
0.334752 -0.005202 0.109528 0.000000
-0.160488 -0.060564 0.103743 0.000000
0.056345 -0.048383 0.378805 1.000000
-0.127844 -0.107992 -0.127476 0.000000
0.419335 -0.156560 -0.118797 0.000000
-0.021258 0.020118 0.016186 0.000000
0.060406 -0.038111 -0.259168 1.000000
-0.401048 0.065289 -0.009080 0.000000
0.483589 0.089414 -0.065637 0.000000
-0.135222 -0.076250 0.095568 1.000000
-0.251839 0.045782 -0.125034 0.000000
0.554664 0.112239 -0.080712 0.000000
-0.080655 -0.179571 -0.055923 0.000000
-0.274876 0.094669 0.052812 0.000000
-0.135487 -0.173918 0.046389 0.000000
0.370979 -0.003583 0.108785 0.000000
0.438869 0.080045 0.094666 0.000000
0.275063 -0.110911 0.049972 0.000000
0.667805 -0.059131 -0.107225 0.000000
-0.067544 -0.144936 -0.112932 0.000000
0.615839 -0.031052 0.089013 0.000000
0.089839 -0.091033 0.103716 1.000000
-0.072029 -0.073649 -0.282364 1.000000
-0.510022 0.275673 -0.016830 2.000000
0.483191 0.050798 -0.048173 0.000000
0.337061 0.126438 0.055174 0.000000
-0.496540 0.162187 -0.032966 2.000000
0.050400 -0.088803 -0.163199 1.000000
-0.173360 -0.014066 -0.630651 1.000000
0.378596 0.060910 -0.007567 0.000000
-0.528494 -0.036227 0.007614 0.000000
-0.789596 0.390406 0.049893 2.000000
-0.045091 0.005255 -0.074899 0.000000
0.524249 -0.048993 -0.124344 0.000000
-0.783996 0.397307 -0.141728 2.000000
0.092546 0.016455 0.111625 0.000000
0.489455 0.100879 0.073487 0.000000
0.320686 -0.129675 -0.004648 0.000000
0.009130 -0.067863 0.327821 1.000000
-0.238330 -0.152553 0.013586 0.000000
-0.257307 0.140769 -0.003374 2.000000
-0.238596 -0.008678 0.779058 1.000000
-0.524779 0.176625 -0.004223 2.000000
0.484492 -0.092625 -0.102342 0.000000
-0.298550 0.126385 -0.003427 0.000000
0.083151 0.146635 -0.047085 0.000000
-0.214895 0.004565 0.781738 1.000000
-0.058282 -0.105736 0.108440 0.000000
0.081691 -0.086600 0.148463 1.000000
0.595217 0.047082 0.086863 0.000000
-0.778105 0.388761 0.058067 2.000000
0.173441 -0.077311 -0.198709 1.000000
0.624544 0.088459 -0.065743 0.000000
0.444708 -0.006184 -0.143612 0.000000
-0.019666 -0.047772 0.087049 1.000000
-0.528945 0.016190 0.034844 0.000000
-0.572922 0.202157 -0.030790 2.000000
-0.148439 -0.112557 0.090393 0.000000
0.163170 -0.049099 -0.177557 1.000000
-0.050399 -0.040367 -0.303702 1.000000
0.208208 -0.056690 -0.132147 1.000000
-0.327028 -0.129330 0.001749 0.000000
-0.036519 0.131958 0.047955 0.000000
-0.184586 -0.041456 0.442342 1.000000
-0.557104 -0.023196 -0.010194 0.000000
-0.401367 -0.107859 0.002386 0.000000
-0.231403 -0.021736 0.642774 1.000000
0.108576 -0.043844 0.221899 1.000000
0.175803 -0.182225 0.042859 0.000000
0.407578 -0.181349 0.072982 0.000000
-0.002362 -0.040686 0.496272 1.000000
-0.836148 0.377030 -0.283320 2.000000
-0.656657 0.008997 -0.018953 0.000000
0.023515 -0.054832 -0.447603 1.000000
-0.555990 -0.022347 0.030943 0.000000
0.078029 -0.040129 0.123833 1.000000
0.076994 -0.018525 -0.099104 0.000000
-0.133550 -0.079594 0.103238 0.000000
0.444575 -0.119988 -0.136340 0.000000
-0.413787 0.077232 0.036967 0.000000
-0.748141 0.387885 0.050158 2.000000
-0.526371 -0.023329 0.021946 0.000000
0.138408 -0.133789 0.100956 0.000000
0.203405 -0.148598 -0.117045 0.000000
0.813245 0.004406 -0.037796 0.000000
0.605382 -0.102816 -0.055472 0.000000
-0.686037 0.396404 -0.047324 2.000000
-0.088060 0.078055 0.094347 0.000000
0.580328 0.118953 -0.031639 0.000000
-0.675022 0.402402 -0.024314 2.000000
-0.035563 -0.041880 -0.559337 1.000000
0.046924 0.139150 0.031792 0.000000
0.563396 -0.024603 -0.111313 0.000000
-0.185834 -0.031954 -0.621733 1.000000
-0.178349 -0.040527 -0.535664 1.000000
-0.103825 -0.172538 0.029483 0.000000
0.148015 -0.092466 -0.139180 0.000000
0.195734 -0.148041 -0.131908 0.000000
0.186711 -0.068394 -0.192181 1.000000
-0.000106 -0.035511 -0.532160 1.000000
-0.629161 0.317182 -0.007010 2.000000
-0.375729 -0.108178 0.021362 0.000000
0.347624 -0.123916 -0.057675 0.000000
0.403173 -0.150801 0.081183 0.000000
-0.844322 0.384833 0.234400 2.000000
0.579771 0.072773 -0.112878 0.000000
0.064626 -0.036254 0.047026 0.000000
-0.181534 0.136443 -0.036257 0.000000
0.066829 -0.039571 0.148463 1.000000
0.175298 -0.046657 -0.130050 1.000000
-0.228245 0.013138 0.096311 0.000000
-0.085724 -0.079806 -0.161765 1.000000
-0.084344 -0.057035 0.407123 1.000000
0.503468 -0.010881 -0.104518 0.000000
-0.027522 -0.070809 -0.146929 0.000000
-0.043313 -0.049391 -0.148363 0.000000
0.382737 -0.101251 0.108122 0.000000
-0.267524 0.023860 -0.919886 1.000000
0.186472 -0.083761 0.124577 1.000000
-0.121341 -0.034263 0.598611 1.000000
0.206961 -0.182119 -0.062903 0.000000
-0.417317 0.027761 0.066029 0.000000
-0.772239 0.382922 0.146260 2.000000
0.395131 -0.114096 0.072239 0.000000
0.461614 -0.111442 0.020778 0.000000
-0.001141 -0.079594 -0.249481 1.000000
0.042093 -0.045516 0.111253 0.000000
-0.132913 -0.065501 -0.198789 1.000000
-0.078744 -0.063802 0.347116 1.000000
0.049365 -0.039969 -0.160916 1.000000
0.728157 -0.014358 0.064782 0.000000
0.059344 -0.080417 0.209532 1.000000
-0.016322 -0.016747 0.032827 0.000000
-0.340059 0.075905 0.055811 0.000000
-0.563793 0.007007 -0.058126 0.000000
-0.019506 0.021684 0.005756 0.000000
0.522205 -0.081000 -0.095787 0.000000
-0.008811 -0.151677 -0.147009 0.000000
-0.068951 0.022267 0.110139 0.000000
0.646281 -0.092837 -0.075908 0.000000
0.505618 0.011412 0.074442 0.000000
-0.520532 0.211897 -0.005470 2.000000
-0.186391 -0.045994 0.428276 1.000000
0.672263 -0.092227 0.038639 0.000000
-0.083070 -0.053584 0.439556 1.000000
0.342130 0.009767 0.009366 0.000000
-0.220256 -0.015340 -0.764095 1.000000
-0.323392 0.002283 -0.118956 0.000000
0.586167 0.096182 -0.086471 0.000000
-0.350011 0.166726 -0.027870 0.000000
0.869935 -0.061573 0.018947 0.000000
-0.135859 -0.061785 -0.245553 1.000000
0.597526 -0.109319 -0.020253 0.000000
-0.136681 -0.020568 0.106317 0.000000
0.302904 -0.011200 0.009153 0.000000
-0.278273 0.008281 -0.125644 0.000000
-0.572975 -0.027150 -0.025030 0.000000
-0.612175 0.313440 -0.029436 2.000000
-0.035908 0.080205 0.005623 0.000000
0.296322 0.125588 -0.093026 0.000000
-0.127207 -0.020595 0.504022 1.000000
0.201892 -0.099924 0.107724 0.000000
0.678553 0.049073 0.045062 0.000000
-0.067040 -0.024178 -0.468198 1.000000
0.064148 0.149607 -0.024420 0.000000
-0.544020 0.136603 -0.006399 2.000000
-0.581123 -0.021391 0.038268 0.000000
0.009502 -0.049630 0.450543 1.000000
-0.732084 0.389716 -0.053827 2.000000
-0.001459 -0.081213 0.191962 1.000000
-0.441495 -0.098464 -0.013247 0.000000
-0.276442 -0.043526 -0.125113 0.000000
-0.161284 -0.018047 -0.764758 1.000000
0.367794 0.010484 0.024653 0.000000
-0.123836 -0.067067 0.121604 1.000000
-0.799204 0.392450 0.161547 2.000000
0.109346 -0.184321 0.031527 0.000000
-0.020966 -0.037820 -0.301393 1.000000
-0.261102 -0.036386 0.091454 0.000000
-0.036439 0.112584 -0.109959 0.000000
-0.088192 -0.051329 -0.494765 1.000000
-0.182702 -0.019640 0.709602 1.000000
-0.414026 -0.023621 0.068152 0.000000
0.458854 -0.113300 0.081581 0.000000
0.489932 0.049020 -0.139445 0.000000
0.486137 -0.091484 -0.082861 0.000000
-0.848701 0.379047 -0.264370 2.000000
0.349588 -0.128667 -0.038805 0.000000
0.259829 -0.170786 0.061437 0.000000
-0.727201 0.407100 -0.045201 2.000000
-0.223813 0.111416 -0.032621 2.000000
0.627517 -0.061626 -0.109667 0.000000
0.314369 0.136125 0.039064 0.000000
0.513474 -0.010536 -0.139100 0.000000
-0.203191 -0.018047 0.715520 1.000000
0.494763 -0.102763 0.090101 0.000000
0.757457 -0.017304 -0.092841 0.000000
0.557902 0.097721 -0.098255 0.000000
-0.773088 0.407764 -0.025402 2.000000
0.257945 0.091378 0.089623 0.000000
-0.269621 0.086601 -0.098892 0.000000
0.070863 -0.010616 -0.074714 0.000000
-0.579292 0.340511 -0.023518 2.000000
-0.080257 -0.071234 -0.306542 1.000000
0.207916 -0.076037 -0.155953 1.000000
0.632692 -0.051514 -0.114949 0.000000
0.352003 -0.011173 -0.144912 0.000000
-0.062634 -0.078930 0.178692 1.000000
0.046579 -0.020170 -0.148363 0.000000
0.615706 -0.008095 -0.039362 0.000000
0.375969 0.022586 0.111333 0.000000
0.558406 -0.037475 0.037604 0.000000
0.076834 -0.038934 0.191378 1.000000
-0.038297 -0.054911 -0.469738 1.000000
-0.833335 0.389292 0.175905 2.000000
-0.007457 0.146502 0.011250 0.000000
-0.210357 0.018207 -0.913171 1.000000
-0.182835 0.007113 0.792407 1.000000
-0.005361 -0.066722 0.339658 1.000000
-0.585051 0.036785 -0.017068 0.000000
0.411718 -0.095173 -0.089258 0.000000
0.521383 0.134134 -0.043476 0.000000
0.168557 0.033520 -0.146638 0.000000
0.347704 -0.189311 -0.006134 0.000000
-0.101648 -0.042146 -0.572448 1.000000
0.111522 -0.076436 -0.258212 1.000000
-0.088166 -0.076197 -0.214315 1.000000
0.071951 -0.194062 -0.007195 0.000000
0.364397 0.033229 0.109926 0.000000
-0.694423 0.330744 -0.009080 2.000000
0.223310 -0.187559 -0.064496 0.000000
-0.087025 -0.018498 -0.712634 1.000000
-0.215453 0.078294 -0.116435 0.000000
0.227397 0.014969 -0.148363 0.000000
0.506732 -0.020807 0.039409 0.000000
0.578179 -0.037475 0.012604 0.000000
-0.570693 0.043473 -0.016325 0.000000
0.124129 -0.178907 0.088535 0.000000
0.011466 -0.040633 0.163219 1.000000
0.016110 -0.068686 -0.356862 1.000000
-0.223255 0.005998 -0.902290 1.000000
0.069960 -0.058521 -0.382102 1.000000
-0.449617 0.090423 -0.009372 0.000000
-0.589669 -0.018153 -0.041008 0.000000
0.341626 -0.034953 0.074442 0.000000
-0.121527 0.044773 -0.140533 0.000000
-0.014013 -0.140849 0.084262 0.000000
0.360788 0.081664 0.028130 0.000000
0.139283 -0.030309 -0.147673 0.000000
-0.015817 0.144352 -0.055976 0.000000
0.281831 -0.176253 0.055864 0.000000
0.036361 -0.123120 -0.145894 0.000000
-0.566447 -0.057804 0.005836 0.000000
0.324640 0.144644 -0.055286 0.000000
0.088751 -0.080257 0.201941 1.000000
-0.171927 -0.052841 0.103928 0.000000
-0.492585 0.234483 -0.028879 2.000000
-0.133443 -0.035112 0.401789 1.000000
-0.360229 -0.083097 -0.094168 0.000000
0.450414 0.061361 -0.138198 0.000000
0.006291 -0.031185 0.365402 1.000000
-0.220177 0.012156 -0.134243 0.000000
-0.208048 0.027310 0.097877 0.000000
-0.148598 -0.002574 -0.717119 1.000000
-0.014145 -0.173095 -0.084082 0.000000
-0.102391 -0.008678 -0.651883 1.000000
0.653234 -0.041668 0.080016 0.000000
0.621572 0.095784 -0.051332 0.000000
0.280185 -0.113273 0.107909 0.000000
0.005786 -0.057884 0.400329 1.000000
-0.220283 -0.131268 -0.096450 0.000000
-0.480271 -0.087689 -0.020678 0.000000
0.191302 -0.182119 0.020884 0.000000
-0.250141 0.004326 0.819266 1.000000
-0.122642 -0.137319 0.094560 0.000000
0.061494 -0.078320 0.227154 1.000000
-0.065023 -0.065793 0.334669 1.000000
-0.119722 -0.099844 -0.134748 0.000000
0.478281 0.131772 0.031314 0.000000
-0.601161 0.224079 -0.029755 2.000000
-0.140105 -0.001035 0.106105 0.000000
-0.183392 0.117175 -0.085622 0.000000
-0.216833 -0.024815 -0.663136 1.000000
0.129623 -0.143423 -0.130236 0.000000
-0.089174 -0.049311 -0.512892 1.000000
0.539111 0.026779 0.102124 0.000000
-0.174767 0.034768 0.101699 0.000000
-0.546462 0.022480 0.047106 0.000000
0.177501 -0.088352 -0.134482 1.000000
-0.804857 0.391415 -0.208343 2.000000
0.260227 -0.014385 -0.007567 0.000000
0.541208 -0.037475 0.038878 0.000000
-0.262535 0.045755 0.892490 1.000000
-0.129489 -0.059821 -0.380695 1.000000
0.204254 0.040633 0.108971 0.000000
0.038112 -0.091882 0.107644 0.000000
0.448238 -0.102816 0.047398 0.000000
0.178536 0.078426 0.097108 0.000000
-0.013535 -0.074339 0.109767 0.000000
0.332045 -0.138301 0.108016 0.000000
-0.115980 0.011864 0.107564 0.000000
0.425307 0.133497 0.041453 0.000000
-0.386000 -0.040394 0.070700 0.000000
0.180341 -0.189311 -0.018448 0.000000
-0.036519 -0.070517 0.303245 1.000000
0.470717 -0.058335 -0.118850 0.000000
0.089627 -0.040235 0.187742 1.000000
0.519286 0.064493 -0.130156 0.000000
-0.035961 -0.022002 0.058465 0.000000
0.553231 0.022082 0.100850 0.000000
0.330054 0.118396 -0.102395 0.000000
0.037475 -0.035803 -0.406493 1.000000
-0.010403 -0.095677 0.107272 0.000000
0.048835 -0.041429 -0.126467 1.000000
0.851144 -0.026142 -0.052632 0.000000
-0.572630 0.032910 0.007242 0.000000
-0.331805 -0.113804 0.035694 0.000000
-0.783200 0.396723 0.114412 2.000000
0.509546 -0.110062 -0.067468 0.000000
0.097775 -0.186126 -0.062824 0.000000
-0.242736 0.017809 0.880945 1.000000
0.400465 -0.075905 0.083705 0.000000
0.190347 -0.136655 0.086890 0.000000
-0.523053 0.113035 -0.005417 2.000000
0.076542 -0.019268 0.044664 0.000000
0.013377 -0.036519 0.463574 1.000000
-0.017065 -0.028876 -0.148363 0.000000
-0.078797 -0.174395 -0.068875 0.000000
0.307017 0.089096 0.091401 0.000000
0.082673 -0.087423 -0.177477 1.000000
0.028558 0.038245 0.109263 0.000000
-0.158604 -0.029088 -0.669612 1.000000
0.543384 0.132781 -0.010486 0.000000
0.256724 -0.178456 0.070753 0.000000
0.014465 -0.044136 -0.148363 0.000000
-0.061095 0.053930 -0.062717 0.000000
0.717833 0.042544 -0.060196 0.000000
0.080232 0.029938 -0.147115 0.000000
-0.237932 0.010669 0.849177 1.000000
-0.871951 0.383055 0.232940 2.000000
-0.123119 -0.043924 -0.369522 1.000000
0.287962 0.085407 0.094215 0.000000
0.502964 0.051409 -0.007567 0.000000
0.127951 -0.181004 0.041320 0.000000
-0.017436 -0.032591 0.335465 1.000000
0.024577 -0.063723 0.353725 1.000000
0.343298 -0.168663 -0.099131 0.000000
-0.036306 -0.021285 -0.071688 0.000000
0.019985 -0.008121 -0.098175 0.000000
-0.023169 -0.078001 -0.256700 1.000000
0.167735 -0.085937 0.120649 1.000000
0.119856 -0.041349 -0.154308 1.000000
0.365592 0.003716 0.014886 0.000000
0.505565 0.061441 0.096019 0.000000
0.508590 0.037873 0.074442 0.000000
-0.187532 0.011121 0.852362 1.000000
-0.035669 -0.038058 -0.320715 1.000000
0.262191 -0.032113 -0.007567 0.000000
0.202237 0.022188 0.111386 0.000000
-0.014915 -0.087184 -0.145868 1.000000
0.005946 -0.195627 0.047902 0.000000
0.519604 -0.115343 -0.052208 0.000000
-0.836573 0.391494 0.097479 2.000000
0.342449 -0.151942 0.103822 0.000000
-0.096208 -0.013880 0.550573 1.000000
-0.298444 -0.109133 -0.092310 0.000000
-0.580168 0.160701 -0.028905 2.000000
0.461694 0.005627 -0.144196 0.000000
0.583619 0.054301 -0.123335 0.000000
-0.208287 0.120121 -0.072882 0.000000
0.265402 -0.125694 0.016054 0.000000
0.401102 0.091643 0.089225 0.000000
0.158313 -0.060963 -0.231301 1.000000
0.135568 -0.177792 0.052493 0.000000
-0.053053 -0.186710 -0.001808 0.000000
0.250195 -0.025558 0.108759 0.000000
0.708411 0.010192 0.062711 0.000000
-0.213489 -0.018604 -0.736360 1.000000
-0.718708 0.389451 0.047451 2.000000
-0.016401 -0.049232 0.466839 1.000000
0.295287 0.088618 -0.128484 0.000000
-0.564748 0.033175 -0.021846 0.000000
0.355374 -0.123916 0.108069 0.000000
-0.307122 -0.039385 0.083837 0.000000
0.594819 -0.018259 -0.029303 0.000000
-0.597631 0.024099 -0.023544 0.000000
-0.176996 -0.044800 0.452879 1.000000
0.335654 -0.117228 -0.075563 0.000000
-0.064306 -0.076542 -0.250065 1.000000
0.244887 -0.187798 0.019982 0.000000
0.015102 -0.194221 -0.001781 0.000000
-0.316995 -0.083787 0.069400 0.000000
-0.141246 -0.063059 0.293266 1.000000
0.734102 -0.031636 0.065286 0.000000
0.326153 -0.189311 -0.023040 0.000000
0.618785 0.039120 -0.118770 0.000000
0.497151 -0.103586 -0.063009 0.000000
0.131109 -0.025372 0.111625 0.000000
0.329125 0.112159 -0.110410 0.000000
-0.089440 -0.061440 -0.401211 1.000000
0.479210 0.062847 -0.077819 0.000000
0.562838 -0.108257 -0.008363 0.000000
0.178138 -0.136708 -0.128617 0.000000
0.515252 0.067810 -0.107783 0.000000
0.299613 -0.105869 -0.095601 0.000000
0.267632 -0.107381 -0.092947 0.000000
0.499858 -0.101649 0.030412 0.000000
0.499009 0.115822 -0.091036 0.000000
0.001036 -0.010642 -0.033948 0.000000
-0.021311 -0.177952 -0.071370 0.000000
-0.272620 0.108496 -0.032860 0.000000
-0.392661 0.173122 -0.008363 2.000000
0.304178 -0.119059 -0.144700 0.000000
-0.749653 0.406808 -0.009849 2.000000
0.496275 0.028186 0.105123 0.000000
-0.114786 -0.041243 0.539665 1.000000
0.489587 0.031291 -0.034585 0.000000
-0.081584 -0.174183 -0.129970 0.000000
-0.159984 -0.054965 0.360943 1.000000
-0.753051 0.404340 0.032084 2.000000
0.386399 -0.189178 0.025104 0.000000
0.477750 0.116352 0.057695 0.000000
0.064281 -0.064227 0.331006 1.000000
-0.227794 -0.025186 0.608908 1.000000
0.448344 -0.079939 -0.127024 0.000000
-0.527937 -0.016402 0.030996 0.000000
0.280583 -0.037475 -0.006293 0.000000
-0.270815 0.054275 0.081555 0.000000
-0.033759 -0.029327 0.111625 0.000000
-0.117838 -0.022267 0.482896 1.000000
-0.055760 -0.151013 0.072744 0.000000
0.010006 -0.079806 0.107405 0.000000
-0.593730 -0.026036 0.033252 0.000000
0.209005 -0.054062 0.076512 1.000000
0.019322 -0.074657 0.270866 1.000000
-0.540198 0.175033 -0.004780 2.000000
-0.054778 0.135780 0.038719 0.000000
0.151545 -0.077285 -0.223312 1.000000
-0.649703 0.000956 -0.020731 0.000000
-0.110911 -0.022347 -0.513768 1.000000
0.551081 0.116352 0.038746 0.000000
-0.050293 -0.118236 0.108944 0.000000
0.004539 -0.037475 0.020459 0.000000
0.110381 -0.086070 -0.180927 1.000000
-0.723883 0.407604 0.003129 2.000000
-0.022214 -0.044747 0.144800 1.000000
-0.061520 0.108576 0.075291 0.000000
-0.045383 -0.043552 -0.239422 1.000000
0.032167 -0.087795 0.128903 1.000000
-0.104886 -0.052257 0.442501 1.000000
0.053665 0.149793 -0.022987 0.000000
-0.152499 -0.054142 0.379124 1.000000
-0.520771 0.048064 0.039834 0.000000
0.067598 -0.195309 -0.073280 0.000000
0.430190 0.138779 0.027997 0.000000
0.230661 -0.189311 -0.012689 0.000000
0.201839 -0.140557 -0.106164 0.000000
0.040182 -0.037607 -0.314637 1.000000
0.511961 0.075507 0.063269 0.000000
-0.035590 0.042279 0.074442 0.000000
0.050241 -0.037475 -0.035355 0.000000
-0.217735 0.136470 -0.003321 2.000000
-0.123517 -0.003822 0.674861 1.000000
-0.447865 0.137770 -0.033311 0.000000
0.377720 -0.189311 -0.003321 0.000000
-0.102577 -0.161152 -0.136101 0.000000
-0.803955 0.392131 0.049866 2.000000
-0.013774 -0.009315 0.065472 0.000000
0.569049 0.109213 -0.077341 0.000000
-0.388150 0.079063 -0.078429 0.000000
-0.462117 0.143105 -0.003506 2.000000
0.566793 -0.034130 -0.029303 0.000000
-0.258023 0.010510 -0.908898 1.000000
-0.050293 -0.043950 0.203507 1.000000
-0.553840 0.059291 -0.001304 0.000000
0.503680 0.136762 0.004323 0.000000
0.403066 -0.186073 -0.094645 0.000000
0.487252 -0.015154 0.103238 0.000000
-0.171502 0.000823 0.104194 0.000000
0.162135 -0.055893 -0.214315 1.000000
0.190426 -0.131294 -0.019908 0.000000
0.346032 -0.035219 0.108069 0.000000
0.589458 -0.049232 0.084262 0.000000
-0.082247 -0.040845 -0.336957 1.000000
0.855205 -0.015579 -0.031984 0.000000
-0.287483 0.142494 -0.033311 0.000000
0.552249 0.127897 0.002678 0.000000
-0.142228 -0.032750 0.429470 1.000000
0.375597 -0.126198 0.008490 0.000000
0.310760 0.031026 -0.146956 0.000000
-0.277079 -0.008785 -0.125804 0.000000
-0.129516 0.109823 -0.103085 0.000000
0.578338 -0.009952 -0.134217 0.000000
-0.081451 -0.075268 -0.240723 1.000000
-0.128852 0.036466 -0.141170 0.000000
0.223628 -0.151571 -0.131350 0.000000
-0.187904 0.004592 0.762470 1.000000
0.294915 -0.005228 0.002890 0.000000
-0.139070 -0.172272 -0.089072 0.000000
0.571995 -0.006237 -0.108950 0.000000
-0.305875 -0.088511 -0.105739 0.000000
0.317580 0.149315 -0.026623 0.000000
-0.062263 -0.020091 0.479737 1.000000
0.162718 -0.183047 -0.105606 0.000000
-0.539535 0.287430 -0.009398 2.000000
-0.099844 -0.027336 0.426763 1.000000
0.580594 -0.037475 -0.044882 0.000000
-0.375649 0.043473 0.068126 0.000000
0.061415 -0.195521 -0.080181 0.000000
0.364928 -0.177341 -0.099237 0.000000
0.130897 -0.056610 0.109422 0.000000
0.031875 -0.037475 0.023034 0.000000
0.438949 -0.105417 0.040524 0.000000
-0.127578 -0.054938 -0.295342 1.000000
-0.388946 0.099393 0.003606 0.000000
-0.391414 0.019693 0.071019 0.000000
-0.031051 -0.069084 -0.355509 1.000000
-0.143661 -0.076568 -0.111551 1.000000
-0.147032 -0.027469 0.652779 1.000000
-0.790021 0.395051 -0.169091 2.000000
-0.576585 0.029699 -0.024208 0.000000
0.430456 -0.085618 0.079405 0.000000
0.754246 0.035325 -0.013140 0.000000
-0.004485 -0.128348 0.094613 0.000000
-0.305530 0.097270 -0.004117 0.000000
0.032990 -0.079143 -0.261795 1.000000
-0.114228 -0.125960 0.098355 0.000000
-0.032989 -0.052072 -0.488714 1.000000
-0.252476 0.020595 -0.128749 0.000000
0.060061 -0.006900 -0.095840 0.000000
-0.155260 -0.023886 0.681416 1.000000
0.035299 0.052497 -0.144143 0.000000
0.199583 -0.050081 0.108706 0.000000
0.044137 -0.195044 0.027148 0.000000
-0.759235 0.389849 -0.194888 2.000000
-0.449457 0.035458 -0.095601 0.000000
0.048091 -0.039014 -0.208609 1.000000
-0.322516 0.081797 0.054909 0.000000
0.190002 -0.149766 -0.057569 0.000000
-0.235411 -0.013350 -0.767996 1.000000
0.206005 -0.161258 0.066321 0.000000
-0.564376 0.260970 -0.030365 2.000000
0.216011 -0.131798 -0.112932 0.000000
0.023887 -0.036015 -0.334144 1.000000
0.273550 0.146927 0.008012 0.000000
0.367051 -0.075507 -0.133872 0.000000
-0.701987 0.332920 -0.027260 2.000000
-0.289871 0.031981 -0.922460 1.000000
-0.112052 0.135461 -0.063859 0.000000
-0.335069 0.011147 -0.117204 0.000000
-0.013721 -0.038802 0.517955 1.000000
-0.060538 -0.043393 0.229808 1.000000
0.272117 0.080125 -0.133129 0.000000
0.033654 -0.014013 0.111625 0.000000
-0.087662 -0.186763 -0.117523 0.000000
-0.315536 0.164602 -0.027844 0.000000
-0.580539 -0.026434 0.030385 0.000000
0.228644 0.078294 -0.133898 0.000000
0.546304 0.104622 -0.094751 0.000000
-0.050134 -0.072030 0.279040 1.000000
-0.720061 0.345500 -0.026543 2.000000
-0.038377 -0.015207 0.011993 0.000000
0.309486 -0.104807 -0.144700 0.000000
0.497709 0.064360 -0.029303 0.000000
-0.034873 -0.190505 0.077096 0.000000
0.010935 -0.030282 0.427214 1.000000
-0.454686 -0.056690 -0.086896 0.000000
-0.160461 -0.009793 0.787577 1.000000
0.526292 0.020091 -0.032568 0.000000
-0.118422 -0.065501 0.294275 1.000000
0.132144 -0.046180 0.109634 0.000000
0.580647 -0.053292 0.082617 0.000000
0.036812 -0.086494 0.147985 1.000000
-0.733782 0.387487 -0.117656 2.000000
-0.055840 -0.046419 -0.205530 1.000000
0.399563 -0.097137 -0.093929 0.000000
-0.012659 0.116644 0.067913 0.000000
0.128641 -0.189311 -0.028852 0.000000
-0.046551 0.137850 0.034924 0.000000
-0.112450 0.155526 -0.014388 2.000000
0.232838 -0.066669 0.074071 0.000000
0.050241 -0.159480 0.107777 0.000000
0.479821 -0.120705 -0.037902 0.000000
0.097562 -0.194354 -0.039707 0.000000
0.496727 -0.109531 0.031766 0.000000
-0.064970 -0.196185 -0.103775 0.000000
0.019932 0.022931 0.111280 0.000000
0.270949 -0.068341 -0.144886 0.000000
-0.127525 -0.096473 -0.135438 0.000000
0.298817 -0.119829 0.066613 0.000000
-0.251282 0.147245 -0.003798 2.000000
-0.259642 -0.142759 -0.058391 0.000000
-0.095146 -0.063165 -0.144674 0.000000
0.307017 0.112265 0.073593 0.000000
-0.108602 -0.050877 0.453542 1.000000
-0.146422 -0.025346 -0.517218 1.000000
-0.167601 -0.034847 -0.611754 1.000000
-0.015844 -0.195627 0.047875 0.000000
-0.769240 0.385470 -0.130262 2.000000
0.001832 -0.046737 -0.108075 1.000000
-0.294118 -0.080868 0.075690 0.000000
-0.005573 -0.078028 0.229649 1.000000
0.273471 -0.188064 0.030385 0.000000
-0.200537 -0.015420 0.741079 1.000000
0.836149 -0.060087 -0.067495 0.000000
0.365114 0.139867 -0.066752 0.000000
-0.146926 -0.150695 0.079113 0.000000
-0.021205 0.135488 -0.077368 0.000000
0.573269 -0.106771 -0.039919 0.000000
0.338998 -0.007086 0.018655 0.000000
0.020118 -0.139893 -0.146558 0.000000
-0.336343 0.025691 0.078609 0.000000
-0.104541 0.143238 -0.030232 0.000000
0.757776 -0.014703 0.054776 0.000000
-0.185728 0.005467 -0.897061 1.000000
0.034317 -0.064201 -0.383907 1.000000
0.003292 -0.153455 -0.147089 0.000000
0.027602 -0.051435 -0.459520 1.000000
-0.155631 -0.063935 -0.291388 1.000000
0.457898 -0.106877 0.048539 0.000000
0.449751 -0.038218 -0.132412 0.000000
-0.352188 0.108337 -0.021660 0.000000
-0.165053 -0.058707 0.313224 1.000000
-0.034634 -0.072295 -0.321511 1.000000
0.330877 0.029938 0.110378 0.000000
-0.627701 0.300117 -0.030126 2.000000
0.091299 -0.186259 -0.053349 0.000000
-0.548426 0.018207 0.023750 0.000000
0.245763 -0.028584 0.057350 0.000000
-0.138964 -0.034290 -0.630120 1.000000
0.446115 -0.109345 0.099310 0.000000
0.136895 -0.157065 0.083519 0.000000
-0.125322 -0.023461 0.478649 1.000000
-0.512570 0.077869 -0.037584 0.000000
-0.197220 -0.006980 0.816267 1.000000
-0.193849 -0.016508 -0.643603 1.000000
0.744506 -0.071021 -0.087347 0.000000
0.017331 -0.044428 -0.123786 1.000000
-0.006051 -0.042093 0.165687 1.000000
-0.027707 -0.070092 0.311048 1.000000
0.135992 -0.089467 0.106582 1.000000
0.691134 -0.108071 -0.005868 0.000000
0.194275 -0.062183 0.133335 1.000000
0.677704 0.061096 -0.063567 0.000000
-0.375570 0.100561 0.007879 0.000000
-0.039942 -0.078798 0.200083 1.000000
-0.258342 -0.001725 0.832218 1.000000
0.797321 -0.074286 0.036463 0.000000
-0.601347 0.291226 -0.030073 2.000000
-0.055734 -0.145015 -0.146744 0.000000
-0.193451 -0.126517 -0.109534 0.000000
0.447866 -0.022081 -0.139153 0.000000
-0.561404 0.060485 -0.010752 2.000000
0.815925 0.005467 -0.026517 0.000000
0.221797 -0.162718 -0.101838 0.000000
0.044323 -0.004114 -0.003692 0.000000
0.096156 -0.071287 0.266991 1.000000
0.190002 -0.164814 -0.026251 0.000000
-0.152234 -0.051249 0.333501 1.000000
-0.130949 -0.150297 -0.097565 0.000000
-0.417981 0.152580 -0.003612 2.000000
0.219355 -0.102684 0.107777 0.000000
-0.082964 0.114999 0.065710 0.000000
-0.140158 -0.166646 0.033358 0.000000
0.374005 -0.062528 -0.141489 0.000000
-0.120359 -0.012845 0.563764 1.000000
-0.032405 -0.028584 0.003792 0.000000
0.096872 -0.042225 -0.147062 0.000000
0.200034 0.149475 -0.025588 0.000000
-0.007006 -0.179624 -0.124583 0.000000
-0.815871 0.383532 -0.185758 2.000000
-0.248867 -0.012288 -0.763352 1.000000
