0.355466 -0.076716 0.249028 3.000000
0.214267 -0.014271 0.220247 1.000000
0.150882 0.050562 -0.017626 0.000000
0.170061 0.013867 -0.505629 1.000000
-0.644761 -0.022962 0.025909 0.000000
-0.710184 0.078163 -0.005501 2.000000
0.184358 -0.058798 -0.197291 1.000000
-0.450585 0.053861 0.061155 0.000000
0.027520 -0.008504 -0.397261 1.000000
0.116709 -0.138330 -0.281302 3.000000
0.637651 -0.053755 -0.018269 0.000000
0.722307 0.050347 0.006221 0.000000
0.154155 0.012258 -0.755223 1.000000
0.119981 -0.064941 -0.163439 1.000000
0.036184 0.034548 0.071644 0.000000
0.675661 0.083260 -0.041633 0.000000
-0.307132 -0.049544 0.042164 0.000000
0.237362 -0.018911 0.013758 0.000000
0.043507 -0.004427 -0.406274 1.000000
-0.254397 -0.008718 -0.017626 0.000000
-0.160192 -0.013305 0.034546 0.000000
0.003272 0.027762 0.031140 0.000000
0.152519 0.032107 0.670643 1.000000
0.111854 0.005096 0.668524 1.000000
0.084145 0.009388 0.440871 1.000000
-0.797013 0.133420 -0.012341 2.000000
0.050240 -0.016739 0.214372 1.000000
0.163060 -0.005500 0.579228 1.000000
0.125722 -0.074624 0.238353 3.000000
0.703182 -0.030982 -0.066016 0.000000
-0.442243 0.033207 -0.009203 0.000000
0.091763 0.012633 0.045732 0.000000
0.056195 -0.021835 -0.180445 1.000000
0.092085 0.035702 0.750765 1.000000
0.153672 0.015798 -0.514856 1.000000
0.184653 0.026850 -0.718287 1.000000
-0.744116 0.018374 -0.262606 2.000000
0.100373 -0.132724 -0.285111 3.000000
-0.836578 0.083153 -0.019423 2.000000
0.138543 0.048792 -0.892936 1.000000
0.030149 -0.000135 -0.603991 1.000000
-0.726788 -0.028058 -0.029079 2.000000
-0.690523 0.061586 -0.004053 2.000000
0.758948 -0.050107 -0.039943 0.000000
0.155013 0.078915 -0.017626 0.000000
-0.739851 0.134896 -0.007325 2.000000
-0.667588 0.060889 -0.032352 2.000000
0.236664 -0.013198 0.063087 0.000000
0.565496 -0.037259 -0.082485 0.000000
0.123871 0.029318 -0.670272 1.000000
0.168264 0.028352 0.816430 1.000000
-0.042141 0.067193 -0.037663 0.000000
0.429607 -0.013466 0.187468 3.000000
0.073523 -0.025161 0.254286 1.000000
-0.450612 0.064886 0.054664 0.000000
-0.247449 -0.020655 -0.017626 0.000000
0.033287 -0.071486 -0.043725 0.000000
0.381727 0.028915 -0.396456 3.000000
0.046538 -0.026395 -0.134684 1.000000
-0.802994 0.066227 -0.012475 2.000000
-0.767936 0.002279 0.152356 2.000000
0.645859 0.099220 -0.007808 0.000000
0.502085 0.064698 -0.096326 0.000000
-0.763376 0.225399 -0.025861 2.000000
0.334732 -0.000215 0.210858 3.000000
0.036962 -0.025725 -0.113842 1.000000
-0.693607 0.003191 -0.124974 2.000000
0.155415 -0.061427 -0.051102 0.000000
0.108125 0.050991 0.901166 1.000000
0.233606 -0.026985 0.158713 1.000000
0.059119 0.014994 0.043103 0.000000
-0.603319 0.079746 -0.013227 2.000000
0.243451 -0.012420 0.410722 1.000000
0.038518 -0.005392 -0.498091 1.000000
-0.249837 -0.037688 -0.017626 0.000000
0.148307 -0.067516 -0.079964 0.000000
0.202115 0.008020 0.525500 1.000000
0.037606 0.024650 0.758866 1.000000
0.159144 0.024328 0.802696 1.000000
-0.099409 0.073684 -0.026612 0.000000
0.134466 -0.047935 0.043801 0.000000
-0.812329 0.125293 -0.014165 2.000000
0.487171 0.036748 0.069229 0.000000
0.055846 0.035085 0.856290 1.000000
0.153565 -0.037956 -0.085838 1.000000
-0.215958 0.030793 -0.034310 0.000000
-0.034040 -0.026207 -0.093242 0.000000
0.313085 -0.085729 0.220113 3.000000
-0.378697 -0.075724 -0.017787 0.000000
0.027198 0.006276 -0.574539 1.000000
0.208687 -0.004132 -0.272075 1.000000
0.101902 0.011855 -0.494390 1.000000
0.347848 -0.009228 -0.284172 3.000000
0.195544 -0.014405 -0.204587 1.000000
-0.179854 0.025777 0.071644 0.000000
-0.168588 0.052601 -0.029750 0.000000
-0.551737 0.074837 0.030898 2.000000
0.210404 -0.074758 -0.004536 0.000000
0.335778 -0.088787 0.209866 3.000000
-0.054748 -0.032967 -0.017626 0.000000
-0.289321 -0.076797 -0.016016 0.000000
0.734431 -0.057484 0.005496 0.000000
0.312790 -0.000993 -0.256625 3.000000
0.320327 0.083340 0.051150 0.000000
0.047397 0.002360 -0.017626 0.000000
0.241251 0.010648 -0.007486 0.000000
0.025133 0.011560 -0.683040 1.000000
0.043293 -0.044179 0.046644 0.000000
0.196509 0.013760 0.069524 0.000000
0.216413 0.112444 -0.022320 0.000000
0.204074 0.068963 -0.017626 0.000000
0.066575 -0.043321 -0.231249 1.000000
0.274995 -0.052897 -0.517860 3.000000
-0.577541 0.021780 0.051874 0.000000
0.083635 -0.018563 -0.171674 1.000000
0.210297 -0.004668 0.340095 1.000000
-0.261156 -0.076421 -0.013924 0.000000
0.208446 0.016442 -0.504904 1.000000
-0.240851 -0.063278 0.026338 0.000000
-0.262685 -0.027361 0.016011 0.000000
0.099434 0.009039 0.693899 1.000000
0.147234 -0.058852 -0.468102 3.000000
-0.050859 -0.063975 0.015904 0.000000
-0.808252 0.014726 -0.053087 2.000000
0.127063 0.027574 0.612328 1.000000
0.233553 0.066817 -0.097319 0.000000
0.073308 0.036748 0.795507 1.000000
0.216386 -0.046379 0.030925 0.000000
0.135539 0.002923 0.328078 1.000000
0.119606 -0.021782 -0.526283 1.000000
0.237845 -0.005312 0.242644 1.000000
0.311234 -0.014164 0.250423 3.000000
0.002226 -0.011535 -0.017626 0.000000
0.406056 -0.025859 -0.242757 3.000000
-0.577863 0.062498 -0.029777 2.000000
0.123388 -0.132483 -0.243213 3.000000
0.498383 -0.020628 0.058580 0.000000
-0.598222 0.067944 -0.030313 2.000000
0.476495 0.107294 0.014187 0.000000
-0.603453 -0.051744 -0.015238 0.000000
-0.717534 0.017193 -0.256276 2.000000
0.200184 0.010085 -0.552999 1.000000
-0.360484 0.001957 -0.101423 0.000000
0.047826 -0.054211 0.037497 0.000000
-0.637144 0.067005 0.009144 2.000000
-0.009389 -0.032565 -0.198122 1.000000
0.348626 0.023363 0.071268 0.000000
0.686041 0.038089 0.037282 0.000000
0.777456 -0.021433 -0.041606 0.000000
-0.011616 0.029076 -0.063682 0.000000
-0.363220 0.014296 -0.103596 0.000000
0.457155 0.003486 0.067647 0.000000
-0.774615 0.014591 -0.359252 2.000000
-0.085622 0.101554 0.027519 0.000000
-0.822120 0.104692 -0.020523 2.000000
-0.667454 0.065422 -0.018591 2.000000
0.290312 -0.033262 0.053591 0.000000
-0.780838 0.004372 0.326093 2.000000
0.120089 -0.141952 -0.260031 1.000000
0.077815 -0.012420 0.213380 1.000000
0.022960 -0.018133 0.256700 1.000000
0.141816 -0.002308 -0.302761 1.000000
-0.810451 0.005257 -0.084873 2.000000
-0.123953 -0.031840 -0.087314 0.000000
0.187148 -0.005285 0.237628 1.000000
0.615897 0.060701 0.045571 0.000000
0.358256 0.046029 0.070624 0.000000
0.144498 -0.057216 -0.223014 1.000000
0.084413 -0.067730 0.053028 0.000000
0.031678 -0.055982 -0.184603 1.000000
0.115019 -0.042543 -0.264967 1.000000
-0.734916 0.022048 -0.081761 2.000000
-0.108342 -0.064485 -0.059336 0.000000
0.195195 -0.064565 0.101740 1.000000
0.216225 -0.079077 0.254205 3.000000
0.104263 0.013036 0.470190 1.000000
0.137363 -0.010489 0.491032 1.000000
-0.714396 0.034629 0.022690 2.000000
-0.754578 0.002440 0.227006 2.000000
-0.017114 -0.019555 -0.374461 1.000000
0.013465 -0.040773 -0.282778 1.000000
0.473544 -0.062500 -0.063092 0.000000
0.092165 -0.002415 -0.344365 1.000000
-0.061856 -0.047854 0.100908 1.000000
0.159841 -0.037715 0.338083 1.000000
0.408041 -0.075938 0.216009 3.000000
0.427461 -0.033074 -0.283743 3.000000
0.380868 0.002038 0.501976 3.000000
0.017649 -0.025832 0.176658 1.000000
0.657662 -0.146136 -0.018994 3.000000
0.009709 -0.035435 -0.017626 0.000000
0.102761 0.001823 -0.675744 1.000000
0.112283 -0.050080 0.473033 1.000000
-0.418906 0.102814 -0.024010 0.000000
-0.568609 0.063518 -0.073499 0.000000
0.393797 0.104317 0.021725 0.000000
0.012123 -0.041282 -0.083746 0.000000
-0.298012 0.002145 -0.017626 0.000000
-0.729605 0.020358 0.138381 2.000000
0.140206 -0.068642 -0.232805 1.000000
0.149783 0.001743 0.642693 1.000000
0.215125 -0.029480 0.185805 1.000000
0.428695 -0.031411 -0.244634 3.000000
0.104209 0.010246 -0.473521 1.000000
0.083877 0.030498 0.846231 1.000000
0.575018 0.052440 0.057534 0.000000
-0.098873 -0.034120 0.057829 0.000000
0.321534 -0.086105 -0.260246 3.000000
0.354984 -0.075241 -0.007218 0.000000
0.055390 -0.067730 -0.067759 0.000000
0.356459 -0.014351 0.472792 3.000000
0.084386 0.071136 -0.041633 0.000000
-0.863964 0.033287 -0.018672 2.000000
0.003030 0.067488 -0.041338 0.000000
0.115797 -0.007297 0.223975 1.000000
-0.742131 0.002172 -0.235005 2.000000
0.127465 0.036801 0.719086 1.000000
0.553371 0.038304 0.064562 0.000000
0.183366 0.010675 0.661496 1.000000
0.145571 0.031866 -0.066740 0.000000
-0.528830 0.059843 0.048468 0.000000
0.078190 -0.040826 0.193047 1.000000
0.278536 -0.078621 0.243154 3.000000
0.176392 -0.017356 0.095382 1.000000
0.244738 -0.004212 0.490281 1.000000
-0.254048 0.084038 0.050346 0.000000
0.587974 0.099917 0.019954 0.000000
0.388647 -0.050295 -0.297906 3.000000
-0.180605 -0.001074 -0.059256 0.000000
0.789447 0.025991 -0.002631 0.000000
0.208902 -0.039485 -0.302627 1.000000
0.299888 -0.019984 -0.095683 0.000000
0.537385 -0.084281 -0.040506 0.000000
0.179289 0.025884 -0.675691 1.000000
-0.187820 -0.006009 -0.101155 0.000000
-0.803745 0.014377 0.049085 2.000000
0.212282 -0.048203 -0.231518 1.000000
-0.795940 0.015691 0.040555 2.000000
0.190152 -0.008611 0.516165 1.000000
0.038330 0.012124 -0.702863 1.000000
0.058904 0.072021 -0.041016 0.000000
-0.091657 -0.009630 0.043023 0.000000
-0.006921 -0.071003 -0.045093 0.000000
0.016657 -0.015290 0.307209 1.000000
-0.096405 -0.053112 -0.083961 0.000000
0.070358 0.042729 0.871418 1.000000
-0.042168 -0.048230 0.132319 1.000000
0.695671 -0.128593 -0.016928 0.000000
0.069285 0.011131 -0.540258 1.000000
0.014940 -0.049168 0.185725 1.000000
0.058931 0.031812 -0.017626 0.000000
0.549992 0.080068 0.047797 0.000000
-0.209172 -0.019716 -0.065801 0.000000
0.019259 -0.023069 0.206084 1.000000
0.070653 0.040074 -0.017626 0.000000
-0.223737 -0.064324 -0.059632 0.000000
-0.685989 0.002118 0.025856 2.000000
-0.813268 0.013009 0.041601 2.000000
-0.567617 0.028191 0.053511 0.000000
-0.039324 -0.033959 0.068908 0.000000
-0.474002 0.076286 -0.008854 0.000000
-0.816648 0.007617 0.244817 2.000000
0.044956 -0.047988 -0.244205 1.000000
0.371453 -0.025698 0.452379 3.000000
0.164911 0.068292 -0.096353 0.000000
-0.799266 0.011909 0.262011 2.000000
0.036533 0.030122 -0.834004 1.000000
0.267431 0.014377 0.474803 3.000000
-0.153164 0.015316 -0.105044 0.000000
-0.380200 0.095599 0.032696 0.000000
0.020171 -0.062312 -0.113520 0.000000
-0.550718 0.018695 0.055791 0.000000
0.297259 -0.057940 -0.510108 3.000000
0.081972 -0.067730 0.065152 1.000000
-0.701654 0.002977 -0.157726 2.000000
0.038250 -0.017919 0.220703 1.000000
0.219014 -0.041175 0.492105 3.000000
0.201418 0.047316 -0.017626 0.000000
0.221455 0.010085 0.476547 3.000000
0.682796 0.068748 0.008045 0.000000
0.273091 -0.084844 0.236260 3.000000
0.283257 -0.006304 -0.239323 1.000000
0.146617 -0.010730 -0.581647 1.000000
-0.734782 0.248896 -0.026236 2.000000
0.128565 -0.051100 -0.270117 1.000000
0.065583 0.025857 0.796392 1.000000
0.289936 -0.053031 -0.459277 3.000000
0.299727 -0.075965 -0.283126 3.000000
-0.124919 -0.018455 -0.017626 0.000000
0.053486 0.110969 -0.036375 0.000000
-0.183797 -0.050027 -0.076933 0.000000
0.136156 0.033019 -0.919277 1.000000
-0.333687 -0.043267 0.047046 0.000000
-0.801707 0.010541 -0.361666 2.000000
0.047128 0.024784 0.712595 1.000000
0.171295 -0.015022 0.254286 1.000000
0.507262 0.100427 -0.061429 0.000000
0.007912 -0.008209 -0.448467 1.000000
0.151687 0.031973 0.030979 0.000000
0.248199 0.034387 0.462035 3.000000
0.246026 -0.062688 -0.473709 3.000000
0.116012 0.044553 0.818254 1.000000
0.154611 0.030498 -0.688754 1.000000
0.111451 0.009790 -0.460270 1.000000
-0.351820 0.064188 -0.018672 0.000000
0.115851 0.018642 0.070410 0.000000
0.097369 0.032241 -0.737546 1.000000
0.005739 -0.062983 0.066279 0.000000
-0.085917 -0.022667 -0.017626 0.000000
-0.184950 0.036855 -0.017626 0.000000
-0.072076 0.021136 -0.106117 0.000000
-0.094313 0.104075 0.022234 0.000000
0.683788 -0.138062 -0.009310 0.000000
0.203510 -0.031062 -0.368721 1.000000
0.141467 -0.014003 -0.556406 1.000000
0.153135 0.095492 -0.072319 0.000000
0.072799 -0.002281 0.343501 1.000000
0.267565 -0.004561 0.426816 3.000000
0.538297 -0.038734 -0.005957 0.000000
0.581724 0.100829 -0.053999 0.000000
-0.401900 0.096860 0.027867 0.000000
-0.770430 0.040074 -0.003355 2.000000
0.356834 0.040986 -0.106895 0.000000
-0.670378 0.118560 -0.004697 2.000000
-0.806401 0.006330 0.244039 2.000000
0.053432 -0.032511 0.344977 1.000000
-0.208609 -0.067274 -0.054159 0.000000
0.127385 -0.108744 -0.249543 3.000000
0.064027 0.045224 0.913773 1.000000
0.104343 0.027547 0.838130 1.000000
0.145383 -0.067730 -0.105688 1.000000
0.414720 0.099891 0.031006 0.000000
0.381888 -0.081411 -0.265959 3.000000
0.231407 -0.025778 0.144792 1.000000
-0.738510 0.002601 0.241115 2.000000
0.133447 0.042890 0.789204 1.000000
-0.325077 0.019688 -0.013790 0.000000
0.043212 -0.023042 0.205172 1.000000
0.066951 -0.057028 -0.207805 1.000000
0.132347 -0.034201 0.365309 1.000000
-0.792479 0.004693 -0.251072 2.000000
-0.828691 0.016898 -0.021998 2.000000
-0.736472 0.005337 -0.017626 2.000000
-0.500021 0.031759 -0.097507 0.000000
0.266170 0.112444 -0.016553 0.000000
-0.810237 0.008529 -0.380791 2.000000
-0.746262 0.018266 -0.017626 2.000000
0.141145 -0.067730 -0.087501 0.000000
-0.072693 -0.054238 0.067781 0.000000
0.100668 -0.070091 -0.254425 1.000000
0.482637 0.052305 0.066976 0.000000
0.435106 0.084816 -0.084685 0.000000
0.095357 0.015959 0.516729 1.000000
0.020036 -0.024491 -0.266925 1.000000
0.353186 -0.031062 -0.221646 3.000000
-0.802243 0.011158 -0.316280 2.000000
0.121269 0.027842 0.843951 1.000000
-0.245303 0.028030 -0.004563 0.000000
0.062901 -0.017892 0.207532 1.000000
0.143077 0.007456 -0.415501 1.000000
0.121269 -0.030231 -0.274328 1.000000
0.117245 -0.029373 0.402594 1.000000
-0.782877 0.094097 -0.024144 2.000000
-0.410832 -0.047371 0.040930 0.000000
-0.766487 0.001743 0.084787 2.000000
0.127814 0.042300 -0.990896 1.000000
-0.167488 0.010541 -0.053891 0.000000
0.013840 -0.030285 -0.167624 1.000000
0.244872 -0.089806 -0.261533 3.000000
0.142540 -0.054480 -0.513408 3.000000
-0.011723 -0.013144 0.424214 1.000000
0.211504 -0.064646 0.447470 3.000000
0.154155 0.004586 -0.383393 1.000000
-0.787866 0.172905 -0.011161 2.000000
0.066119 -0.041926 -0.320760 1.000000
0.135405 0.012016 0.432851 1.000000
-0.802082 0.196536 -0.012851 2.000000
-0.766648 0.016040 -0.319633 2.000000
0.101929 -0.024088 0.256271 1.000000
0.342752 -0.069447 -0.049573 0.000000
0.501897 -0.050644 -0.075377 0.000000
0.115046 -0.123363 0.200612 3.000000
0.068990 0.088383 -0.080527 0.000000
0.183580 -0.064833 -0.479368 3.000000
0.316062 -0.000752 0.229850 3.000000
-0.188196 0.008985 -0.103891 0.000000
0.182105 -0.009899 -0.556299 1.000000
-0.026556 -0.023525 -0.350373 1.000000
-0.072773 0.059897 -0.101155 0.000000
0.356217 -0.026288 0.057963 0.000000
0.109198 0.047692 0.022047 0.000000
0.428936 -0.018589 -0.294473 3.000000
0.144015 0.018803 -0.809487 1.000000
-0.365473 0.093238 0.036612 0.000000
-0.765414 0.011212 0.016628 2.000000
0.048362 -0.000671 0.580167 1.000000
0.227088 -0.026261 -0.126718 1.000000
0.100159 -0.039646 -0.295894 1.000000
0.205817 -0.011428 -0.017626 0.000000
0.105175 -0.074061 0.261501 3.000000
-0.789314 0.016845 -0.066552 2.000000
0.146161 0.108957 -0.045281 0.000000
0.176955 -0.012045 -0.204318 1.000000
0.295730 0.013867 -0.258422 3.000000
0.097128 0.031303 0.691673 1.000000
0.230388 -0.030231 0.018077 0.000000
0.230254 -0.046674 -0.191523 1.000000
0.112739 -0.109656 0.234785 3.000000
-0.296537 0.037955 0.071644 0.000000
0.280628 -0.009469 -0.283341 3.000000
0.141414 -0.003488 0.254044 1.000000
0.134761 0.066281 -0.017626 0.000000
0.194712 0.000428 0.352836 1.000000
-0.185326 0.033878 -0.037958 0.000000
0.497739 0.112444 -0.021086 0.000000
0.497739 0.094633 0.035539 0.000000
-0.001181 0.057322 -0.017626 0.000000
-0.711633 0.013089 0.261287 2.000000
0.259491 -0.002039 0.479953 3.000000
0.136693 0.028888 -0.887383 1.000000
0.330923 0.001153 0.422256 3.000000
-0.778853 0.015182 0.238916 2.000000
-0.015639 -0.015800 -0.415903 1.000000
0.121537 -0.174623 0.211663 3.000000
0.063062 -0.054909 -0.017626 0.000000
0.163060 0.017462 -0.782744 1.000000
0.198816 -0.007780 0.258873 1.000000
0.342537 0.008368 -0.267247 3.000000
-0.567241 0.035675 -0.029884 2.000000
-0.804416 0.015611 -0.017626 2.000000
0.227383 -0.064270 0.461096 3.000000
0.207534 -0.034228 -0.338625 1.000000
0.203457 0.008368 0.068532 0.000000
0.126795 -0.066550 -0.044530 0.000000
-0.676601 0.006196 -0.106707 2.000000
-0.539291 0.044714 -0.028918 0.000000
0.294228 0.012365 -0.272558 3.000000
-0.217085 -0.033638 0.038355 0.000000
-0.657637 0.008073 -0.004965 2.000000
0.300558 0.007993 0.481134 3.000000
-0.509838 0.065878 -0.082271 0.000000
0.689528 -0.055123 0.006998 0.000000
0.367671 -0.082698 -0.265959 3.000000
0.260269 0.032778 0.071644 0.000000
0.608816 0.024543 0.058285 0.000000
-0.062688 0.086908 -0.011778 0.000000
0.092407 -0.037393 0.335428 1.000000
-0.376256 -0.068938 0.011800 0.000000
0.082080 -0.007055 -0.596963 1.000000
0.319657 0.012848 -0.263035 3.000000
0.090529 -0.025832 -0.454717 1.000000
0.503050 -0.071352 0.009735 0.000000
-0.139833 0.071592 -0.022508 0.000000
-0.131222 0.110915 0.001366 0.000000
-0.515766 0.015718 -0.094610 0.000000
0.181569 -0.044018 -0.526551 3.000000
0.127090 -0.013573 -0.174383 1.000000
0.149514 -0.013413 0.201121 1.000000
0.721878 0.052815 -0.030474 0.000000
0.702672 0.033287 -0.067840 0.000000
0.417349 0.084655 0.049621 0.000000
0.081087 0.031598 -0.755330 1.000000
-0.168802 0.017891 -0.105527 0.000000
0.133876 -0.030499 0.189614 1.000000
0.100454 0.010541 0.445431 1.000000
0.164616 0.000563 0.621904 1.000000
0.159546 0.040825 -0.955998 1.000000
0.035755 -0.027012 0.083902 1.000000
-0.366949 0.019312 -0.022132 0.000000
-0.766836 -0.009174 0.008447 2.000000
0.301041 -0.057028 0.430115 3.000000
0.108340 0.026474 -0.866944 1.000000
0.430144 0.007778 -0.342997 3.000000
0.004935 -0.026583 0.346184 1.000000
-0.155283 -0.053675 0.038033 0.000000
0.448571 -0.061078 0.030389 0.000000
-0.715415 0.030095 -0.031493 2.000000
-0.483739 0.043212 -0.008050 0.000000
0.232855 -0.034952 0.193396 1.000000
-0.845751 0.077600 -0.018591 2.000000
0.663456 0.021592 -0.083934 0.000000
0.073711 -0.059683 0.155950 1.000000
0.022316 0.004184 -0.626094 1.000000
-0.645915 0.024114 -0.002846 2.000000
-0.001369 -0.024088 0.245112 1.000000
0.311234 -0.003515 -0.245654 3.000000
0.132106 -0.012447 -0.185944 1.000000
0.732098 0.004693 -0.065023 0.000000
0.193639 0.027440 -0.017626 0.000000
0.025374 0.084092 0.050265 0.000000
-0.094125 0.008824 0.068612 0.000000
0.742291 0.018105 -0.061429 0.000000
0.015369 -0.056143 0.133714 1.000000
-0.024062 -0.056706 0.081702 0.000000
0.110647 -0.040022 -0.355577 1.000000
0.022343 0.008341 0.620992 1.000000
0.330896 -0.078540 -0.237446 3.000000
0.251230 -0.034335 0.494224 3.000000
-0.688484 -0.012957 -0.059819 0.000000
0.098630 -0.063036 0.203482 1.000000
0.058019 0.022907 0.666217 1.000000
0.341357 0.018132 -0.105580 0.000000
0.724936 -0.063331 0.005174 0.000000
-0.700421 0.217298 -0.024305 2.000000
0.217110 -0.033691 0.280734 1.000000
0.046082 0.003567 -0.102898 0.000000
0.149729 0.031490 0.661469 1.000000
0.620350 -0.069447 -0.039862 0.000000
0.146805 0.001850 0.315444 1.000000
-0.584381 0.046351 -0.004965 2.000000
-0.813321 0.153323 -0.021327 2.000000
0.428132 -0.087929 -0.261614 0.000000
-0.288060 0.060406 -0.100994 0.000000
0.257533 0.002279 -0.252655 3.000000
0.008422 -0.065397 0.048790 0.000000
0.500663 0.078083 0.052170 0.000000
-0.169205 0.054612 0.067700 0.000000
0.102144 0.039216 0.775067 1.000000
0.202518 -0.061829 0.116010 1.000000
0.094016 0.001045 0.425716 1.000000
-0.731107 0.072638 -0.028865 2.000000
0.301792 -0.033745 -0.528000 3.000000
0.335268 -0.063170 0.026553 0.000000
-0.798568 0.005176 0.199914 2.000000
-0.356085 0.110888 -0.022883 0.000000
-0.769035 0.003486 0.312627 2.000000
-0.220894 -0.055821 -0.071112 0.000000
0.274030 -0.008665 -0.447931 3.000000
0.046511 -0.011267 0.283685 1.000000
0.725338 -0.003380 -0.066928 0.000000
-0.050805 0.044366 -0.017626 0.000000
0.206139 0.033904 -0.054562 0.000000
-0.203029 0.060111 -0.020898 0.000000
-0.691810 0.032027 -0.002685 2.000000
-0.425210 0.094955 -0.024412 0.000000
0.322393 -0.097853 0.233739 3.000000
0.166950 -0.054694 -0.242354 1.000000
-0.001047 -0.017517 0.323625 1.000000
-0.193024 0.111210 0.000132 0.000000
0.542562 -0.063868 0.024541 0.000000
0.126339 0.035380 -0.737653 1.000000
0.351657 0.083528 -0.086160 0.000000
-0.089672 -0.029721 -0.090908 0.000000
0.336904 -0.028970 0.264854 3.000000
0.099274 -0.044501 0.046429 0.000000
0.000804 -0.032967 -0.167865 1.000000
0.135888 0.088035 0.045705 0.000000
-0.444201 0.090341 -0.066928 0.000000
0.308364 0.011158 -0.465098 3.000000
0.023228 -0.072505 0.005604 0.000000
-0.564612 0.067514 0.035485 2.000000
0.237952 -0.007994 -0.032942 0.000000
0.209707 -0.056625 -0.087314 0.000000
0.190447 0.018534 -0.479422 1.000000
-0.586554 0.072396 0.022556 2.000000
0.346159 -0.076421 -0.235541 3.000000
0.084306 0.022665 -0.106385 0.000000
0.046833 -0.007109 0.330224 1.000000
-0.688404 0.016684 0.033634 2.000000
-0.713484 0.258526 -0.011510 2.000000
0.029666 0.017247 0.665225 1.000000
0.185297 -0.037259 -0.220225 1.000000
0.067917 -0.057591 0.237977 1.000000
-0.044179 0.068883 0.060699 0.000000
-0.770591 0.019500 -0.052148 2.000000
0.056838 -0.024357 0.089401 1.000000
0.047665 -0.064002 0.024997 0.000000
0.171939 0.048255 -0.105098 0.000000
0.153726 -0.051422 -0.456515 1.000000
-0.614263 0.036909 0.043506 0.000000
0.200560 -0.025832 -0.410941 1.000000
0.277383 -0.079479 0.202248 3.000000
-0.795645 0.009790 0.357986 2.000000
-0.003998 -0.023793 -0.290422 1.000000
0.127224 -0.123953 0.225477 3.000000
0.002547 0.014699 -0.104937 0.000000
0.315177 -0.022050 0.244308 3.000000
0.039430 0.020144 -0.762626 1.000000
0.260108 -0.033879 0.053189 0.000000
-0.672578 0.187792 -0.018833 2.000000
-0.245491 0.002977 -0.017626 0.000000
0.111425 0.087498 0.046295 0.000000
0.210538 -0.006680 -0.475372 1.000000
-0.326740 0.061586 0.065340 0.000000
-0.758601 0.016335 0.310723 2.000000
0.269255 -0.063197 -0.061751 0.000000
-0.102575 -0.049785 -0.017626 0.000000
-0.703720 -0.020440 0.015475 2.000000
0.241707 0.008395 -0.457909 1.000000
0.066575 0.042005 -0.954550 1.000000
0.103968 -0.026690 -0.228701 1.000000
0.342859 -0.031760 0.416220 3.000000
-0.241226 0.033153 -0.017626 0.000000
0.122261 0.039108 0.749451 1.000000
-0.731080 0.022102 -0.094905 2.000000
0.114080 0.021244 -0.075753 0.000000
0.112819 -0.026502 0.424777 1.000000
-0.523545 0.069607 -0.077898 0.000000
0.095599 0.012526 0.476574 1.000000
0.379715 0.097852 0.034305 0.000000
-0.069608 -0.048230 -0.078757 0.000000
0.420836 -0.042650 0.228884 3.000000
-0.795457 0.183366 -0.023259 2.000000
-0.728988 0.001877 0.173037 2.000000
0.699936 -0.053997 -0.046783 0.000000
0.536794 -0.078219 0.004718 0.000000
0.221348 -0.024491 0.097502 1.000000
0.196778 -0.030124 -0.530789 1.000000
0.382800 -0.080472 0.447309 3.000000
0.381217 -0.049973 -0.493290 3.000000
-0.239778 -0.074624 -0.003865 0.000000
-0.485670 0.079397 -0.008532 0.000000
0.288434 -0.079640 0.248626 3.000000
0.046216 -0.054587 0.172554 1.000000
0.067514 -0.037393 0.320701 1.000000
-0.473921 0.064618 -0.026585 0.000000
-0.181114 0.053110 -0.017626 0.000000
-0.213893 -0.044743 -0.023339 0.000000
0.094848 -0.003246 -0.632961 1.000000
0.094338 0.052896 -0.980247 1.000000
0.645323 -0.016229 0.049031 0.000000
-0.034121 0.029559 0.025185 0.000000
0.058394 -0.018241 0.182881 1.000000
0.119418 -0.041068 -0.347637 1.000000
0.311717 -0.026234 -0.231571 3.000000
-0.596935 0.076822 -0.043913 2.000000
-0.215073 0.105819 -0.053838 0.000000
0.427568 -0.007860 -0.209388 3.000000
-0.763000 0.003674 0.346050 2.000000
0.151177 -0.047854 0.043881 0.000000
-0.692856 0.107991 -0.005635 2.000000
0.071082 -0.004695 0.318609 1.000000
-0.233903 0.044634 -0.011403 0.000000
0.292619 -0.048122 -0.303566 3.000000
0.703879 0.051393 -0.050780 0.000000
0.092058 -0.124463 0.233927 3.000000
0.130765 0.005605 0.358898 1.000000
0.051393 0.027574 0.795641 1.000000
-0.739905 0.002843 -0.301018 2.000000
0.152814 -0.144097 0.204313 3.000000
0.084467 -0.017382 -0.184040 1.000000
0.256487 -0.059066 0.430249 3.000000
0.125775 -0.006680 -0.612816 1.000000
-0.106571 0.103378 0.023710 0.000000
0.137551 -0.127333 0.193799 3.000000
0.456967 0.060353 -0.101020 0.000000
0.188194 0.007108 -0.457695 1.000000
0.030203 0.009897 0.575473 1.000000
0.429527 -0.117569 -0.268454 0.000000
0.080497 0.112444 -0.019262 0.000000
-0.630625 0.054961 -0.064567 2.000000
-0.015612 0.084172 -0.017626 0.000000
0.108635 -0.061534 0.154341 1.000000
0.020305 -0.006224 -0.547795 1.000000
0.094392 -0.045628 -0.505092 1.000000
0.067917 -0.067730 -0.095092 0.000000
-0.677459 0.004613 0.050506 2.000000
0.031115 0.048309 0.020249 0.000000
0.043427 0.026152 0.738480 1.000000
0.117889 0.053298 0.916348 1.000000
-0.746101 0.020224 0.112362 2.000000
-0.815736 0.009146 0.263245 2.000000
0.052359 0.032510 -0.827996 1.000000
0.120357 0.082268 -0.003972 0.000000
0.387279 -0.066738 0.195730 3.000000
-0.708950 0.018561 0.160135 2.000000
0.513431 0.083180 0.047663 0.000000
-0.818847 0.009093 0.236019 2.000000
0.019795 -0.060461 -0.134630 1.000000
0.029586 0.001153 0.472255 1.000000
0.153189 0.006196 -0.103381 0.000000
0.505652 0.015584 0.066547 0.000000
0.119204 -0.001637 -0.017626 0.000000
-0.077360 0.094285 0.038436 0.000000
0.103083 0.005981 -0.707530 1.000000
0.012821 -0.017838 0.419117 1.000000
-0.699079 0.022638 0.012846 2.000000
0.210833 -0.001959 -0.466734 1.000000
0.177599 -0.054319 0.010942 0.000000
-0.580063 0.078646 -0.048714 0.000000
0.246348 -0.084307 -0.300159 3.000000
-0.664906 0.061211 0.007213 2.000000
-0.493315 0.098335 -0.021917 0.000000
0.566864 0.085433 -0.077335 0.000000
0.071404 -0.010650 0.525071 1.000000
-0.694171 0.015611 -0.197693 2.000000
0.065985 0.046887 -0.105580 0.000000
0.067058 -0.021165 0.134411 1.000000
0.022236 -0.050885 -0.214431 1.000000
0.216547 -0.002361 0.225826 1.000000
-0.813724 0.010407 0.202624 2.000000
0.157132 0.051259 0.909293 1.000000
0.137470 -0.007484 -0.243186 1.000000
-0.749106 0.020332 -0.127200 2.000000
0.101554 0.047826 -0.017626 0.000000
0.117084 -0.047264 0.261287 1.000000
-0.000457 -0.054104 0.134974 1.000000
0.107830 -0.014915 0.203509 1.000000
0.305923 0.056892 0.066923 0.000000
-0.044206 -0.070386 -0.046863 0.000000
0.002306 -0.027361 -0.017626 0.000000
0.232078 -0.014298 -0.086160 0.000000
0.118184 -0.008262 -0.245359 1.000000
0.002467 -0.057859 0.033822 0.000000
0.150104 -0.068938 -0.230954 1.000000
0.225345 -0.041363 -0.083692 0.000000
-0.092945 0.056597 -0.102281 0.000000
-0.508041 -0.047854 0.029933 0.000000
0.028566 -0.024678 -0.416976 1.000000
0.429446 -0.082993 0.224646 3.000000
-0.774615 0.000563 -0.004563 2.000000
0.197985 -0.014485 -0.530360 1.000000
0.037204 -0.007672 -0.553080 1.000000
0.181354 0.014377 -0.726200 1.000000
-0.205524 -0.027951 0.037148 0.000000
-0.828879 0.005954 -0.044235 2.000000
0.660961 -0.113867 -0.026692 0.000000
0.004640 -0.032752 0.125586 1.000000
-0.549698 0.105711 -0.027980 0.000000
0.117809 -0.008933 -0.595461 1.000000
-0.036722 -0.029480 0.268395 1.000000
0.212496 -0.007082 0.420861 1.000000
-0.658576 -0.004346 -0.068993 0.000000
0.644760 0.007885 -0.087367 0.000000
0.331915 -0.096298 0.217403 3.000000
0.180791 -0.075858 -0.290235 1.000000
0.197529 -0.004561 0.491595 1.000000
0.544681 0.008020 -0.099518 0.000000
0.175936 -0.027334 -0.438730 1.000000
0.173039 0.003272 -0.084336 0.000000
0.213006 -0.000108 0.066976 0.000000
0.064403 -0.045735 -0.290610 1.000000
-0.709138 0.022075 -0.017626 2.000000
-0.119634 0.005069 -0.017626 0.000000
0.411528 -0.023525 -0.094315 0.000000
-0.767614 0.001099 0.014751 2.000000
0.264937 0.018669 -0.497582 3.000000
0.063920 0.024060 0.781371 1.000000
0.301175 -0.054399 -0.461960 3.000000
0.144901 0.000858 -0.339268 1.000000
0.078619 -0.005285 0.571932 1.000000
-0.180175 0.081892 -0.087501 0.000000
0.663590 -0.134441 -0.028436 0.000000
-0.614022 -0.015424 0.036451 0.000000
0.044339 -0.000108 0.452781 1.000000
0.391115 0.102412 -0.060973 0.000000
-0.363059 -0.029990 0.054396 0.000000
0.088946 -0.050939 0.195086 1.000000
0.145544 0.093292 -0.016472 0.000000
0.101339 0.014323 0.735288 1.000000
-0.300909 -0.011803 0.063623 0.000000
0.087391 -0.150589 0.215445 3.000000
0.136800 -0.011562 -0.196137 1.000000
0.649695 0.051340 -0.077577 0.000000
-0.555170 -0.047237 0.022368 0.000000
-0.766192 0.020037 0.015180 2.000000
0.130657 -0.008289 0.214104 1.000000
-0.203083 0.010997 0.069015 0.000000
0.398465 0.092675 -0.075565 0.000000
0.029612 0.080175 0.000185 0.000000
0.281487 -0.067140 -0.224517 3.000000
0.125158 0.034495 -0.065935 0.000000
-0.141415 -0.010086 -0.099545 0.000000
0.107857 0.037499 0.745696 1.000000
0.171295 0.035675 -0.888644 1.000000
0.218424 -0.087982 -0.301742 3.000000
-0.222289 -0.073498 0.002438 0.000000
-0.598303 -0.023042 0.034546 0.000000
0.332049 -0.013627 0.195462 3.000000
0.124434 0.015959 0.752294 1.000000
0.057134 0.031866 0.773056 1.000000
-0.079506 -0.056706 0.031220 0.000000
0.132428 -0.067730 0.053484 0.000000
0.356003 -0.031787 -0.089781 0.000000
0.367698 -0.074088 -0.034444 0.000000
0.021995 -0.036320 -0.323764 1.000000
0.193344 -0.018455 0.495592 1.000000
0.112712 -0.156973 -0.247075 3.000000
0.104343 -0.005231 0.260697 1.000000
-0.260325 0.000831 -0.043725 0.000000
0.161746 0.008368 -0.433339 1.000000
-0.084790 0.110754 -0.037422 0.000000
0.669250 -0.139296 -0.005555 3.000000
0.276739 -0.010972 0.411821 3.000000
0.253429 -0.065102 -0.222451 1.000000
-0.754578 0.128029 -0.008264 2.000000
0.175909 -0.083583 0.225155 1.000000
0.140636 0.112444 -0.019932 0.000000
0.205576 -0.103299 0.264908 3.000000
0.294496 0.018776 -0.481380 3.000000
0.210699 -0.035649 -0.321001 1.000000
-0.736767 0.057295 -0.029026 2.000000
0.064483 -0.005124 0.324671 1.000000
0.224299 -0.063948 -0.478269 3.000000
-0.224515 0.111425 -0.000861 0.000000
0.058770 0.042193 -0.017626 0.000000
-0.477757 0.032510 0.064455 0.000000
-0.765280 -0.023257 -0.018082 2.000000
0.172234 0.041040 0.829546 1.000000
-0.800956 0.009951 -0.383715 2.000000
0.604229 0.106892 -0.007433 0.000000
0.314641 -0.006143 0.065850 0.000000
-0.049115 -0.057457 -0.100752 0.000000
0.025321 -0.005580 -0.438113 1.000000
0.139214 0.049945 0.871552 1.000000
-0.686097 0.021405 -0.052282 2.000000
0.174085 0.075669 -0.017626 0.000000
-0.255791 -0.052307 -0.074653 0.000000
0.151043 -0.129854 0.248277 3.000000
0.220221 -0.021862 0.138354 1.000000
0.173468 -0.029855 -0.017626 0.000000
0.103324 -0.009604 -0.588594 1.000000
0.036292 0.020037 -0.717723 1.000000
-0.041738 -0.011615 -0.098955 0.000000
0.142165 0.028701 0.850657 1.000000
0.270248 -0.060059 0.432717 3.000000
-0.719975 0.021592 0.082480 2.000000
-0.621693 0.050857 0.034225 2.000000
0.189374 -0.000376 0.573193 1.000000
0.098764 -0.000135 -0.360539 1.000000
-0.004507 0.087310 0.046537 0.000000
-0.302223 -0.060649 -0.066230 0.000000
0.015020 0.005203 -0.103193 0.000000
-0.807367 0.253563 -0.021086 2.000000
0.380493 -0.127869 0.451198 3.000000
-0.824748 0.002950 -0.021569 2.000000
0.759431 0.022907 0.018855 0.000000
0.012821 -0.011240 0.054745 0.000000
0.235082 -0.053970 -0.466681 3.000000
0.066307 -0.003461 0.574748 1.000000
0.195007 -0.023391 0.402755 1.000000
0.068721 -0.046808 -0.080178 0.000000
0.262791 -0.070574 -0.046300 0.000000
-0.258098 -0.069823 0.013168 0.000000
0.311261 -0.026663 0.256485 3.000000
0.024435 0.003755 0.516112 1.000000
0.217378 0.070894 0.059412 0.000000
-0.137821 -0.049893 0.016923 0.000000
0.243343 -0.059415 0.474884 3.000000
0.164026 -0.067596 0.018318 0.000000
-0.049169 -0.040934 -0.212285 1.000000
0.004184 -0.015532 0.334381 1.000000
0.163838 0.032885 -0.729365 1.000000
-0.742453 0.147905 -0.027872 2.000000
-0.142059 -0.048739 -0.058290 0.000000
0.186236 -0.044072 -0.303298 1.000000
0.122020 -0.013198 0.415389 1.000000
0.245114 -0.061776 0.436285 3.000000
0.111317 -0.061507 -0.288223 1.000000
-0.685963 0.083287 -0.030769 2.000000
0.184358 -0.002361 -0.086884 0.000000
0.279260 -0.070359 0.011693 0.000000
0.525770 -0.075456 -0.004723 0.000000
0.156944 -0.067730 -0.139378 1.000000
0.213435 -0.009577 0.283390 1.000000
0.446801 0.063920 -0.099196 0.000000
0.394549 -0.007270 -0.270063 3.000000
0.141467 -0.034550 0.362627 1.000000
-0.703291 0.004345 -0.200375 2.000000
-0.815226 -0.009604 -0.005689 2.000000
0.125024 -0.014861 0.126713 1.000000
-0.782179 0.003460 0.158069 2.000000
0.055766 -0.062527 0.121375 1.000000
-0.447876 0.021485 -0.008935 0.000000
-0.810827 0.007134 -0.309574 2.000000
0.221992 -0.035435 0.183766 1.000000
0.028271 0.107509 -0.050297 0.000000
0.233714 -0.106464 0.187924 1.000000
-0.704954 0.022424 -0.067357 2.000000
-0.016149 -0.060434 -0.103274 0.000000
0.007993 -0.067730 0.014214 0.000000
0.805514 -0.005634 -0.024171 0.000000
0.096967 -0.035623 0.351280 1.000000
-0.728880 0.026984 -0.031037 2.000000
0.265446 0.034575 0.455356 3.000000
-0.768284 0.003701 -0.383179 2.000000
0.164723 -0.008262 -0.278030 1.000000
0.203215 -0.062661 0.083929 1.000000
0.114912 0.020627 -0.580681 1.000000
0.046163 0.112337 -0.004804 0.000000
0.251364 0.014270 0.430330 3.000000
0.047450 -0.023418 -0.443237 1.000000
0.129236 0.050025 0.871525 1.000000
0.036184 0.017113 -0.017626 0.000000
-0.569172 -0.009630 0.046242 0.000000
0.060808 0.084172 -0.002551 0.000000
-0.685185 0.006517 -0.152361 2.000000
0.178698 0.057858 0.005899 0.000000
0.155952 -0.058905 -0.068000 0.000000
0.153243 -0.082644 0.235697 3.000000
-0.593367 0.001045 0.045786 0.000000
-0.079667 0.082053 0.052143 0.000000
-0.264938 0.014913 0.069739 0.000000
0.119043 -0.059952 -0.201770 1.000000
0.119257 -0.120654 0.254340 3.000000
0.218934 0.016710 -0.504958 1.000000
0.232158 -0.104559 -0.222371 3.000000
-0.178164 -0.041255 0.048495 0.000000
0.209841 -0.022854 0.496289 1.000000
0.125883 -0.001154 -0.318453 1.000000
0.107052 -0.067730 0.024729 0.000000
0.675258 0.053137 0.031676 0.000000
0.159949 -0.062232 -0.059632 0.000000
-0.137150 0.078378 -0.016258 0.000000
0.099274 0.056624 -0.051397 0.000000
0.130604 -0.036293 0.349134 1.000000
0.295274 -0.021004 0.192967 3.000000
0.138087 0.067756 0.005443 0.000000
-0.153030 -0.027575 -0.080366 0.000000
0.318664 -0.012527 0.203643 3.000000
0.306460 -0.063439 0.198171 3.000000
-0.016417 -0.029426 0.299833 1.000000
0.427220 -0.011025 -0.329129 3.000000
0.374833 -0.015827 0.253428 3.000000
-0.526496 0.072048 0.039562 0.000000
0.169203 -0.021674 -0.488247 1.000000
0.129853 0.029157 0.071644 0.000000
-0.324862 -0.074839 -0.004992 0.000000
-0.390500 0.071592 -0.012127 0.000000
0.473303 -0.077038 -0.017948 0.000000
0.299941 0.012982 -0.509974 3.000000
0.141843 -0.003434 0.488644 1.000000
0.238944 -0.090182 0.221802 3.000000
0.090449 0.007483 -0.469444 1.000000
0.001233 -0.020011 -0.323040 1.000000
-0.107644 0.082455 0.051848 0.000000
0.570726 -0.046379 -0.075270 0.000000
0.191440 -0.021701 0.420861 1.000000
0.102761 -0.015049 -0.546749 1.000000
0.167754 0.039430 0.784536 1.000000
0.098737 -0.003676 -0.320250 1.000000
0.120920 -0.045655 -0.312176 1.000000
0.119767 -0.119339 0.225880 3.000000
0.204181 0.059119 -0.032808 0.000000
0.154074 -0.078031 -0.239994 1.000000
-0.757287 0.310537 -0.022052 2.000000
0.156998 0.040423 -0.810533 1.000000
0.685693 -0.066872 0.007133 0.000000
0.007456 -0.028273 -0.257966 1.000000
0.210243 -0.107537 0.187951 1.000000
0.022960 -0.009040 0.495323 1.000000
0.221992 -0.016873 -0.258100 1.000000
0.331406 -0.096083 0.236448 3.000000
0.228242 0.019312 0.462116 1.000000
-0.396830 0.080256 -0.084363 0.000000
0.159707 0.020868 -0.106063 0.000000
-0.813321 0.030632 -0.005796 2.000000
-0.220813 0.037392 -0.029965 0.000000
0.151687 0.041952 -0.058639 0.000000
0.188382 0.023390 -0.690980 1.000000
0.078217 0.001582 0.623058 1.000000
0.169015 0.062177 0.065072 0.000000
-0.758735 -0.030526 -0.017223 2.000000
0.674427 0.038706 -0.075887 0.000000
0.592266 -0.073927 -0.031145 0.000000
-0.595486 0.106087 -0.006011 2.000000
0.506376 -0.076663 -0.020040 0.000000
0.159064 -0.011159 0.203267 1.000000
0.166681 -0.011320 0.170113 1.000000
0.169364 0.042944 0.840625 1.000000
0.121269 -0.011186 0.243020 1.000000
0.062525 -0.015290 -0.517753 1.000000
-0.733092 0.018588 -0.250938 2.000000
-0.818632 0.190447 -0.020523 2.000000
-0.170707 -0.053836 -0.019772 0.000000
0.163624 -0.009979 -0.239833 1.000000
0.027708 -0.018268 0.429579 1.000000
-0.777512 0.017864 -0.093107 2.000000
-0.713645 0.005418 -0.276233 2.000000
-0.005231 0.018534 -0.070629 0.000000
0.719490 -0.043133 -0.051504 0.000000
0.205790 -0.032135 -0.220359 1.000000
-0.286960 0.025723 -0.017626 0.000000
0.149166 0.014270 -0.774509 1.000000
0.220838 -0.029265 -0.327493 1.000000
-0.422393 -0.025269 0.055040 0.000000
0.117433 0.035433 0.712568 1.000000
0.065073 -0.022559 -0.156787 1.000000
0.311556 -0.088143 0.243610 3.000000
-0.693017 0.024275 -0.068027 2.000000
0.237362 -0.026127 0.264345 1.000000
0.147824 -0.046218 -0.307911 1.000000
-0.009040 -0.017490 0.343823 1.000000
-0.512306 0.114349 -0.023554 0.000000
0.043239 -0.054855 -0.203272 1.000000
0.424645 -0.074758 -0.004536 0.000000
-0.207965 0.022880 -0.039889 0.000000
0.095411 0.065449 0.062953 0.000000
0.169042 0.044714 0.893172 1.000000
-0.801680 -0.008852 -0.000351 2.000000
0.354125 -0.016336 -0.097104 0.000000
-0.803477 0.133903 -0.022266 2.000000
0.186075 -0.015907 -0.166470 1.000000
-0.748515 0.004908 -0.017626 2.000000
0.003754 -0.008638 0.475179 1.000000
0.152277 -0.068911 0.015797 0.000000
0.079934 -0.037956 0.434353 1.000000
0.255173 -0.058101 0.472765 3.000000
0.044285 -0.002442 0.393179 1.000000
-0.738242 0.003030 -0.317997 2.000000
0.121323 -0.038868 0.329258 1.000000
-0.738215 0.013116 0.351549 2.000000
-0.371348 -0.045038 0.044525 0.000000
0.719839 0.051715 -0.039755 0.000000
0.188140 -0.006143 -0.572581 1.000000
0.341277 0.014860 0.458253 3.000000
-0.808225 0.003969 -0.042974 2.000000
-0.485134 0.099220 -0.016982 0.000000
0.009119 -0.067730 -0.038763 0.000000
-0.393129 -0.065826 -0.053113 0.000000
0.760584 -0.008504 0.019471 0.000000
-0.020065 0.002923 -0.078810 0.000000
0.408550 -0.007538 0.065286 0.000000
0.209572 0.023658 -0.482748 1.000000
-0.122022 0.054129 0.067861 0.000000
0.284947 0.011238 -0.266066 3.000000
0.113222 0.016013 0.494438 1.000000
-0.392324 0.039189 -0.023580 0.000000
0.582877 -0.075026 -0.008747 0.000000
0.161585 -0.047264 -0.299677 1.000000
-0.533068 0.065637 -0.079266 0.000000
0.634084 0.004050 -0.089325 0.000000
0.211289 -0.060381 0.075640 1.000000
0.082401 0.048201 -0.944974 1.000000
