-0.601585 0.094304 -0.031602 0.000000
-0.697918 0.208373 0.002770 2.000000
0.229747 -0.015204 0.008457 0.000000
-0.501170 -0.032489 0.035904 0.000000
-0.787016 0.025137 0.019548 0.000000
-0.002022 -0.029674 -0.424226 1.000000
-0.136303 -0.061428 0.314798 1.000000
-0.090726 -0.033249 -0.505076 1.000000
-0.343692 0.096275 0.054371 0.000000
0.612574 0.044420 -0.107667 0.000000
-0.096187 -0.026690 0.661592 1.000000
0.189293 0.058946 -0.109834 0.000000
-0.105871 -0.034994 -0.564588 1.000000
0.086007 -0.037471 0.091165 1.000000
-0.092725 -0.018132 0.871149 1.000000
0.023258 0.122512 0.040690 0.000000
0.704403 0.054977 0.055582 0.000000
-0.296314 0.010751 0.055075 0.000000
0.660178 -0.015204 0.007838 0.000000
-0.898467 0.082312 -0.274603 2.000000
-0.315597 0.077723 -0.062681 0.000000
-0.849118 0.081186 -0.247071 2.000000
0.109232 -0.080177 0.347200 3.000000
-0.455790 -0.001748 0.058144 0.000000
0.700377 0.008049 -0.102121 0.000000
-0.736091 0.304312 0.000659 2.000000
0.750289 0.080679 0.055244 0.000000
0.290243 -0.015204 -0.113860 0.000000
0.711216 0.114094 -0.011052 0.000000
-0.102212 0.015312 -0.118927 0.000000
-0.021446 -0.072407 0.064562 0.000000
-0.103788 -0.005351 0.088434 0.000000
0.086485 -0.114014 -0.019919 0.000000
-0.870766 0.078990 0.044800 2.000000
0.144477 -0.064102 -0.159268 1.000000
-0.408834 -0.002142 0.046545 0.000000
0.114102 -0.048000 -0.100263 0.000000
0.159228 -0.087468 0.052654 0.000000
0.028635 -0.065791 0.186428 1.000000
0.000962 0.119190 -0.053954 0.000000
-0.258929 0.094135 0.027459 0.000000
0.658348 -0.143826 -0.003930 3.000000
-0.258816 -0.077531 0.003502 0.000000
-0.098524 -0.033080 -0.793766 1.000000
0.129472 -0.061147 0.308323 1.000000
-0.579176 0.002869 -0.056150 0.000000
0.266597 -0.002789 0.024841 0.000000
0.513341 -0.072717 -0.078558 0.000000
0.511821 0.089603 -0.057755 0.000000
-0.765650 0.082537 0.162247 2.000000
0.039192 -0.110214 0.059044 0.000000
-0.358359 0.077948 0.070220 0.000000
-0.076622 -0.036374 0.723271 1.000000
-0.803682 0.229064 -0.007617 2.000000
0.437221 -0.015204 0.108788 0.000000
0.327375 -0.080937 -0.067861 0.000000
-0.726688 0.183515 0.003221 2.000000
0.271157 -0.015204 -0.020060 0.000000
-0.056016 -0.197933 0.179869 3.000000
-0.187650 0.099653 -0.000833 0.000000
-0.438787 -0.016161 0.064562 0.000000
0.159876 -0.066411 0.108112 1.000000
-0.057789 -0.141180 0.174605 3.000000
-0.072090 -0.020834 -0.834022 1.000000
0.237770 -0.120911 0.319949 3.000000
-0.014099 -0.038316 -0.661681 1.000000
0.240529 -0.099151 -0.022735 0.000000
-0.116569 0.002813 -0.054827 0.000000
-0.114063 -0.074687 -0.062794 0.000000
0.230676 0.034990 -0.098011 0.000000
0.047693 -0.044819 -0.508764 1.000000
-0.136584 -0.013712 0.073936 0.000000
-0.107842 -0.098419 -0.048859 0.000000
-0.384539 0.084395 -0.000777 0.000000
-0.222445 0.063366 0.091193 0.000000
-0.164454 -0.181014 -0.153975 3.000000
-0.135852 -0.049773 0.543160 1.000000
-0.040617 -0.010897 0.110843 0.000000
0.499069 0.002813 -0.103923 0.000000
-0.316723 0.094389 0.059833 0.000000
0.253337 -0.161899 -0.335325 3.000000
0.520773 0.048981 0.105466 0.000000
0.598189 0.006613 0.113151 0.000000
-0.426541 0.027698 -0.065862 0.000000
0.628198 -0.015373 -0.037261 0.000000
-0.033129 0.093403 0.047559 0.000000
-0.118286 0.129127 0.008879 0.000000
0.094368 -0.076376 -0.333636 3.000000
0.407043 0.122680 0.040296 0.000000
0.672057 -0.185265 -0.024283 3.000000
-0.051314 -0.032855 0.765272 1.000000
-0.083660 -0.059936 0.351422 1.000000
0.582171 0.128057 -0.031856 0.000000
0.124884 -0.059964 -0.324430 1.000000
-0.033354 -0.075475 -0.074955 0.000000
-0.078902 -0.037246 0.710687 1.000000
0.022385 -0.116266 -0.025803 0.000000
0.227495 0.073782 0.088096 0.000000
-0.882533 0.086647 -0.380423 2.000000
-0.441405 0.064182 0.070643 0.000000
-0.226020 -0.010362 0.008626 0.000000
0.190983 0.105170 -0.015359 0.000000
-0.083970 -0.064328 -0.274941 1.000000
0.012110 0.027220 0.053330 0.000000
-0.151814 -0.040540 0.681466 1.000000
0.309809 -0.025310 -0.111298 0.000000
0.714819 -0.008025 -0.060795 0.000000
0.717887 -0.015204 0.008457 0.000000
-0.914710 0.086675 -0.381549 2.000000
-0.413788 0.020858 0.076076 0.000000
0.096169 0.003348 -0.073576 0.000000
-0.881632 0.061621 0.011075 0.000000
-0.063194 -0.063005 -0.291043 1.000000
0.162268 -0.095604 0.368341 3.000000
0.305501 -0.015204 0.008598 0.000000
0.525953 -0.101093 0.002883 0.000000
-0.076650 -0.193147 0.142513 3.000000
0.021006 0.023363 -0.118364 0.000000
-0.640039 -0.011488 0.026305 0.000000
-0.314218 -0.007068 0.068362 0.000000
0.022864 0.002813 -0.090213 0.000000
0.101546 -0.054024 -0.326401 1.000000
0.612574 -0.025395 0.032442 0.000000
0.702348 0.055258 0.019802 0.000000
-0.058240 -0.049942 0.496541 1.000000
-0.114908 -0.056586 -0.442440 1.000000
-0.320130 0.089406 -0.045199 0.000000
-0.057733 -0.045832 0.134546 1.000000
-0.002866 -0.033418 -0.301825 1.000000
0.719070 -0.015204 0.038888 0.000000
-0.570956 0.002559 0.053358 0.000000
-0.059535 -0.066157 -0.227253 1.000000
0.201511 0.005544 -0.062653 0.000000
-0.217378 -0.019595 -0.098292 0.000000
-0.659548 0.096472 -0.000017 0.000000
-0.130194 -0.036683 0.747706 1.000000
-0.116428 -0.052786 -0.489593 1.000000
-0.795884 0.137291 0.004037 2.000000
0.714453 0.075415 0.044068 0.000000
0.218627 0.108549 0.065885 0.000000
-0.165298 -0.026605 -0.912817 1.000000
-0.130813 -0.053208 -0.429490 1.000000
-0.674271 0.096500 -0.009954 2.000000
-0.003007 -0.028182 0.469038 1.000000
0.263894 0.104776 0.011553 0.000000
-0.005541 0.086506 0.088603 0.000000
0.186084 -0.075701 -0.074673 0.000000
0.719492 0.039832 0.042351 0.000000
0.173022 -0.094449 -0.041005 0.000000
0.017093 -0.064468 0.218352 1.000000
0.091299 0.083944 -0.095787 0.000000
-0.122368 -0.072463 -0.067157 0.000000
-0.306195 0.074711 0.061860 0.000000
0.329092 0.001968 0.112532 0.000000
-0.648935 0.144892 -0.009109 2.000000
0.762535 0.004333 0.024728 0.000000
-0.766269 0.207359 0.002798 2.000000
0.044484 -0.015204 -0.006463 0.000000
0.331963 0.128564 -0.027999 0.000000
-0.070147 -0.056896 -0.397426 1.000000
-0.777473 0.074598 -0.002607 2.000000
-0.503478 0.014918 0.070305 0.000000
0.142084 -0.121981 0.374844 3.000000
-0.077495 -0.068100 0.192256 1.000000
0.344913 -0.009461 0.111040 0.000000
-0.357177 -0.061710 0.015326 0.000000
-0.730714 0.207669 0.002770 2.000000
-0.076200 -0.091944 0.008795 0.000000
0.191067 -0.066580 0.305677 3.000000
0.064978 0.091348 -0.055446 0.000000
-0.805765 0.066097 0.021913 0.000000
0.049579 -0.070690 -0.052293 0.000000
-0.868739 0.315488 0.000856 2.000000
0.468187 0.072374 0.099047 0.000000
0.238192 0.113982 -0.064004 0.000000
0.343027 0.097541 0.080130 0.000000
0.079082 -0.045635 -0.317027 1.000000
-0.205020 0.081157 0.058341 0.000000
-0.094160 -0.054559 0.173845 1.000000
0.256378 0.002025 -0.036106 0.000000
-0.091486 -0.018300 -0.885821 1.000000
0.169897 -0.118744 -0.354327 3.000000
-0.090473 -0.016189 0.109857 0.000000
-0.087826 -0.074040 -0.023832 0.000000
0.130232 -0.020693 -0.113212 0.000000
0.212180 -0.015204 0.032245 0.000000
0.472860 -0.058894 0.086689 0.000000
0.612574 0.108070 0.016339 0.000000
-0.532136 -0.038682 -0.002550 0.000000
-0.091458 -0.057459 0.089842 1.000000
0.069088 -0.053996 -0.363870 1.000000
-0.264053 0.013764 -0.015894 0.000000
0.696633 -0.144643 -0.009166 3.000000
0.238023 -0.015204 -0.068368 0.000000
0.229184 -0.095941 -0.369613 3.000000
0.744490 0.004192 -0.034164 0.000000
-0.131264 -0.030912 0.741090 1.000000
0.080630 -0.041300 0.255793 1.000000
0.079054 -0.053039 -0.373216 1.000000
-0.760160 0.071558 -0.011446 2.000000
0.683937 -0.014416 0.097161 0.000000
-0.066291 -0.029842 -0.523009 1.000000
0.607648 0.076034 -0.101867 0.000000
0.557088 0.070995 -0.081993 0.000000
0.213954 -0.076855 -0.073181 0.000000
-0.065531 -0.091944 0.061803 0.000000
-0.064827 -0.032095 0.463154 1.000000
-0.095146 -0.072463 0.073796 0.000000
0.026129 0.083100 -0.096406 0.000000
-0.096047 -0.033390 0.521540 1.000000
-0.204316 -0.011178 0.011159 0.000000
-0.095258 -0.047634 0.554420 1.000000
0.025144 -0.035304 -0.217400 1.000000
-0.181063 0.010498 0.069432 0.000000
0.489863 -0.015204 0.016424 0.000000
-0.090388 -0.020158 0.955743 1.000000
0.264176 0.065956 0.101806 0.000000
-0.075215 -0.039301 0.324904 1.000000
0.242218 0.003883 -0.061386 0.000000
-0.080197 -0.086145 -0.061048 0.000000
-0.605751 0.084873 -0.044721 0.000000
-0.091261 -0.202015 0.152422 3.000000
-0.816462 0.078596 0.178405 2.000000
0.230816 0.046898 -0.041286 0.000000
-0.051145 -0.091944 -0.088665 0.000000
-0.378543 0.069953 0.064590 0.000000
-0.786059 0.080031 0.213172 2.000000
-0.476368 0.041746 -0.079206 0.000000
-0.580837 -0.021369 0.032667 0.000000
0.055519 0.100244 -0.043848 0.000000
-0.333839 -0.019370 0.078328 0.000000
0.059967 -0.137436 -0.291268 3.000000
0.206409 -0.020356 -0.113353 0.000000
-0.901704 0.075499 0.001194 0.000000
0.041613 -0.053377 0.384359 1.000000
-0.898664 0.081383 -0.129315 2.000000
-0.140948 -0.051519 0.517627 1.000000
-0.071865 -0.036176 -0.392978 1.000000
-0.126591 -0.074997 0.001588 0.000000
0.027650 -0.030490 -0.372963 1.000000
-0.618813 0.022209 0.057018 0.000000
-0.050836 -0.091944 -0.000805 0.000000
0.030774 -0.044284 -0.540772 1.000000
0.136397 0.094501 0.065153 0.000000
0.180707 -0.131947 -0.279755 3.000000
-0.752841 0.125355 -0.009447 2.000000
0.098225 -0.007293 -0.076503 0.000000
0.530176 0.038846 -0.090438 0.000000
0.488456 0.090701 0.051106 0.000000
0.427171 -0.032770 -0.108201 0.000000
0.370756 0.020379 -0.118758 0.000000
0.364731 -0.099714 0.013383 0.000000
-0.826541 0.083522 -0.304415 2.000000
0.612574 0.020604 0.056511 0.000000
-0.006188 -0.030743 -0.391881 1.000000
0.260910 0.007655 -0.100516 0.000000
-0.133488 -0.074124 0.049135 0.000000
0.097155 -0.039217 -0.083710 1.000000
0.752232 0.073866 0.047334 0.000000
-0.140328 -0.191486 -0.175258 3.000000
0.077505 -0.037021 0.112898 1.000000
0.092538 -0.089438 -0.355988 3.000000
0.127417 0.123075 -0.044552 0.000000
-0.063532 -0.022129 -0.820988 1.000000
-0.866290 0.085662 0.266237 2.000000
-0.844079 0.274837 -0.006801 2.000000
-0.106744 -0.071084 0.147467 1.000000
0.530119 0.016635 -0.119265 0.000000
-0.907757 0.078427 -0.127964 2.000000
-0.137710 -0.048000 -0.577087 1.000000
-0.853706 0.058158 -0.021580 0.000000
-0.012719 -0.031898 0.669586 1.000000
0.240163 -0.126401 0.355026 3.000000
0.386605 -0.099235 -0.022228 0.000000
0.637544 0.126565 -0.011193 0.000000
-0.851708 0.078202 -0.023354 2.000000
0.024722 0.089378 0.086407 0.000000
0.008056 -0.052729 -0.084273 1.000000
0.208971 0.012103 0.113855 0.000000
0.665048 0.075415 -0.027211 0.000000
-0.875495 0.375450 -0.005028 2.000000
0.556638 -0.054559 -0.095224 0.000000
0.476632 -0.096645 0.030499 0.000000
0.723377 -0.006505 0.021294 0.000000
-0.192521 -0.029674 0.092094 0.000000
-0.035775 -0.074237 -0.027830 0.000000
-0.433072 -0.002620 0.048431 0.000000
0.577526 -0.015204 0.064675 0.000000
0.612574 0.067814 -0.049225 0.000000
-0.082844 -0.104978 0.063886 0.000000
0.141211 -0.097659 -0.033291 0.000000
-0.320045 -0.042989 -0.067692 0.000000
0.062670 -0.061766 0.238114 1.000000
0.265696 0.007655 -0.054151 0.000000
0.068525 -0.061597 -0.242736 1.000000
-0.273005 0.013764 -0.028196 0.000000
0.084712 -0.107202 -0.349372 3.000000
0.045103 -0.091128 -0.049056 0.000000
0.070439 -0.035557 0.167426 1.000000
-0.845740 0.091799 0.004825 2.000000
0.248861 -0.015204 0.088125 0.000000
0.094593 0.014017 -0.058515 0.000000
-0.132587 -0.084315 -0.006520 0.000000
0.266540 0.075021 -0.076954 0.000000
-0.132615 -0.070521 -0.089256 1.000000
0.253028 -0.091268 0.043505 0.000000
0.212265 -0.088875 -0.303542 3.000000
-0.758105 0.073951 0.064675 2.000000
-0.096441 0.063901 0.086013 0.000000
-0.533318 -0.036599 0.012088 0.000000
-0.556290 0.071079 -0.009870 0.000000
-0.824401 0.026601 0.008316 0.000000
0.612574 -0.044397 0.073092 0.000000
0.041275 -0.031926 -0.350611 1.000000
0.083614 0.105733 -0.020370 0.000000
-0.071865 -0.035726 0.397956 1.000000
0.124490 -0.097912 0.026924 0.000000
-0.823866 0.085352 0.256271 2.000000
-0.572674 0.086309 -0.010151 2.000000
0.239008 0.020351 -0.109271 0.000000
0.052648 -0.123445 -0.282823 3.000000
0.043527 -0.137352 0.325608 3.000000
0.116495 0.105565 -0.020511 0.000000
-0.089656 -0.067678 -0.211713 1.000000
0.043752 0.097626 0.079736 0.000000
0.246018 -0.015204 -0.031264 0.000000
-0.209242 0.054695 -0.097842 0.000000
0.218824 0.022856 0.113235 0.000000
-0.809931 0.044195 0.023574 0.000000
-0.148689 -0.044847 -0.631334 1.000000
0.173332 0.006107 -0.036106 0.000000
0.681460 0.036369 0.024897 0.000000
-0.723704 0.071699 0.009273 2.000000
-0.069950 -0.024043 0.659114 1.000000
0.564689 0.002813 -0.046128 0.000000
-0.778740 0.078230 -0.024424 2.000000
0.265330 0.052021 0.107493 0.000000
-0.832734 0.080285 -0.010799 0.000000
0.471227 0.129606 -0.020060 0.000000
0.355920 -0.061428 0.084746 0.000000
-0.276636 -0.009067 -0.018399 0.000000
-0.879296 0.079356 -0.061611 2.000000
-0.009397 -0.117393 0.012792 0.000000
0.666709 -0.080796 0.052739 0.000000
-0.133882 -0.027421 0.804262 1.000000
-0.097004 0.123694 -0.012206 0.000000
0.232815 -0.156100 -0.330990 3.000000
-0.410241 0.034173 0.035398 0.000000
-0.351856 -0.005661 0.013496 0.000000
0.612574 -0.050280 0.062789 0.000000
-0.213240 0.065843 0.091024 0.000000
-0.170732 -0.090733 -0.005591 0.000000
-0.068008 -0.050759 -0.494323 1.000000
0.178962 -0.092085 0.366005 3.000000
0.237770 0.095937 0.071825 0.000000
-0.130729 -0.056502 0.433567 1.000000
0.164915 -0.143967 -0.342841 3.000000
0.478744 0.007655 -0.072872 0.000000
0.118690 -0.051463 -0.084357 1.000000
0.625214 0.111842 0.057862 0.000000
0.717550 0.031443 0.010793 0.000000
-0.277959 -0.008419 -0.066116 0.000000
-0.432678 0.049375 -0.048211 0.000000
-0.224585 0.079609 -0.086947 0.000000
0.447158 0.123694 -0.043060 0.000000
0.584057 0.105762 -0.036669 0.000000
-0.742425 0.074964 -0.094661 2.000000
-0.348309 -0.012051 0.079510 0.000000
-0.074680 -0.073730 0.011525 0.000000
-0.146324 -0.210066 -0.157804 3.000000
-0.030060 -0.031898 0.382811 1.000000
0.701504 -0.010306 0.055582 0.000000
-0.097004 -0.071760 0.040465 0.000000
-0.082027 -0.113114 0.030753 0.000000
0.625242 -0.015345 -0.101530 0.000000
-0.806610 0.079581 -0.207688 2.000000
-0.497679 0.075640 -0.002269 0.000000
0.094171 -0.089270 -0.305851 3.000000
-0.196940 0.094670 -0.046353 0.000000
0.036208 0.057820 0.093952 0.000000
0.697928 -0.085835 -0.040273 0.000000
-0.083097 -0.138590 -0.179818 3.000000
-0.143538 -0.184223 0.164527 3.000000
0.150698 0.064830 0.102172 0.000000
-0.121974 -0.199481 0.152422 3.000000
0.553935 -0.015204 -0.062737 0.000000
-0.035775 -0.082682 0.108816 0.000000
0.113370 0.124764 -0.040470 0.000000
0.816923 0.011652 -0.033854 0.000000
-0.096215 -0.091944 0.142231 0.000000
0.014841 -0.039808 -0.621481 1.000000
0.491580 0.002813 -0.048380 0.000000
0.375936 0.093910 0.046911 0.000000
0.581861 0.065787 -0.088777 0.000000
0.198893 -0.046621 -0.101333 0.000000
-0.488445 0.100272 -0.035881 0.000000
-0.774911 0.076090 -0.122193 2.000000
0.151712 0.074429 0.081312 0.000000
0.314791 0.129662 -0.019666 0.000000
-0.114063 -0.039273 0.698695 1.000000
-0.094132 -0.071309 0.137051 1.000000
0.515284 0.088730 0.086886 0.000000
-0.541229 -0.025873 -0.040836 0.000000
0.232984 0.074120 -0.103303 0.000000
0.127783 0.047489 0.109351 0.000000
0.082178 -0.114155 0.014059 0.000000
0.164154 -0.090987 -0.016738 0.000000
-0.234297 -0.010052 -0.069100 0.000000
0.508527 -0.062019 -0.089509 0.000000
-0.065812 -0.072463 0.032442 0.000000
0.090004 -0.098616 -0.343292 3.000000
0.250241 0.114066 -0.063863 0.000000
0.322927 -0.064665 0.082269 0.000000
-0.056663 -0.058050 -0.371161 1.000000
-0.887488 0.083297 -0.192768 2.000000
-0.123663 -0.014190 0.049614 0.000000
0.029339 -0.090396 0.045588 0.000000
0.035025 0.007655 -0.080557 0.000000
0.331119 -0.015204 -0.076672 0.000000
-0.208229 0.015425 0.087252 0.000000
0.103770 -0.149288 0.339740 3.000000
0.127445 -0.112551 0.006543 0.000000
-0.303211 0.037777 0.091278 0.000000
-0.248992 0.122117 0.002545 0.000000
0.158102 0.027361 -0.049591 0.000000
-0.011593 0.095261 0.068700 0.000000
-0.043517 -0.030743 -0.447451 1.000000
0.061431 -0.070380 0.003953 0.000000
0.161565 0.013651 0.079060 0.000000
-0.049231 -0.059823 0.333631 1.000000
0.565477 -0.007124 -0.111720 0.000000
-0.282858 0.113616 -0.037176 0.000000
-0.260421 0.002194 -0.087792 0.000000
-0.127266 -0.024860 0.816986 1.000000
-0.269148 -0.074209 -0.022566 0.000000
0.134568 -0.102923 -0.349682 3.000000
0.164633 0.019929 -0.037852 0.000000
0.161199 0.074936 0.075400 0.000000
0.145265 -0.032461 -0.108342 0.000000
-0.358725 -0.005407 0.038916 0.000000
-0.436704 0.021083 -0.049366 0.000000
0.464978 -0.015204 0.051472 0.000000
-0.144579 -0.045466 -0.601466 1.000000
-0.199812 -0.002508 -0.065243 0.000000
-0.046866 -0.059570 -0.084555 1.000000
0.749389 0.056131 -0.080754 0.000000
0.737959 0.013848 0.024559 0.000000
-0.207046 -0.011066 -0.038105 0.000000
-0.817391 0.081721 0.135531 2.000000
-0.038337 -0.031419 -0.108765 0.000000
0.051634 -0.115253 0.015776 0.000000
0.342886 -0.002789 0.065153 0.000000
-0.827526 0.079750 0.206669 2.000000
-0.163187 -0.142672 -0.160056 3.000000
-0.454495 -0.015992 -0.067382 0.000000
-0.454551 0.102074 -0.037092 0.000000
-0.039097 0.073500 0.097752 0.000000
0.103630 0.005909 0.024841 0.000000
0.080771 -0.015204 0.015269 0.000000
0.228930 -0.070774 -0.330201 3.000000
0.420048 0.007655 0.076836 0.000000
-0.012072 -0.055291 0.384444 1.000000
0.081643 -0.056671 0.308379 1.000000
-0.753995 0.074767 -0.090072 2.000000
0.022104 0.042534 -0.115859 0.000000
-0.160879 -0.024297 0.930688 1.000000
-0.045600 -0.072463 0.058763 0.000000
0.758566 0.080031 0.047108 0.000000
-0.024909 -0.117956 0.046545 0.000000
-0.870991 0.290320 0.001306 2.000000
0.035391 0.019985 0.113601 0.000000
-0.018575 -0.031813 0.703312 1.000000
0.344885 0.073979 -0.086807 0.000000
-0.099706 -0.026943 -0.892464 1.000000
0.750318 0.018437 -0.018427 0.000000
0.160579 0.036031 0.057355 0.000000
-0.890528 0.071783 -0.017048 2.000000
-0.162371 -0.024972 -0.950343 1.000000
-0.061590 0.129690 -0.019413 0.000000
0.087189 0.043351 -0.053560 0.000000
-0.051793 -0.073167 0.043955 0.000000
0.176654 -0.140533 -0.285244 3.000000
-0.200881 -0.006308 0.057890 0.000000
-0.217378 0.097344 -0.020398 0.000000
0.520998 0.103425 -0.003085 0.000000
0.253675 -0.001297 0.095331 0.000000
-0.050526 -0.060077 -0.335494 1.000000
0.205818 -0.078516 -0.276264 3.000000
-0.533712 0.020801 -0.016626 0.000000
-0.053116 0.117529 0.052739 0.000000
0.690187 0.102271 -0.056403 0.000000
0.391475 0.042140 -0.115887 0.000000
-0.842024 0.027642 -0.000326 0.000000
-0.112459 -0.024269 0.937107 1.000000
0.496817 0.002813 -0.062146 0.000000
-0.088755 -0.015204 0.029035 0.000000
-0.479015 0.068377 0.061831 0.000000
-0.270668 0.008950 -0.081176 0.000000
0.562549 0.007655 0.028585 0.000000
0.073620 -0.037021 -0.121179 1.000000
0.410364 -0.015204 0.064703 0.000000
0.243118 -0.136451 -0.371358 3.000000
-0.076847 -0.020947 0.765863 1.000000
-0.419278 0.039156 -0.056037 0.000000
-0.074849 -0.045269 0.580376 1.000000
0.184367 0.018606 -0.119012 0.000000
0.612574 0.015988 0.043449 0.000000
-0.095427 -0.030884 -0.827266 1.000000
-0.027020 -0.015204 0.032526 0.000000
-0.211410 0.028008 -0.060288 0.000000
0.734074 -0.022073 -0.090691 0.000000
0.730921 0.026263 0.014594 0.000000
-0.608285 -0.005069 0.044547 0.000000
0.501546 -0.096223 0.031541 0.000000
-0.152771 -0.013233 -0.109187 0.000000
0.013264 -0.052166 -0.425183 1.000000
0.339677 0.002813 0.044518 0.000000
0.316480 0.011737 0.088350 0.000000
-0.219912 -0.010587 -0.071098 0.000000
-0.352672 0.110519 0.028078 0.000000
-0.132024 -0.199763 -0.144939 3.000000
-0.207272 0.011680 -0.049760 0.000000
-0.430144 0.108549 -0.025409 0.000000
0.106923 -0.052279 0.263140 1.000000
-0.034508 -0.072745 0.059945 0.000000
-0.669457 0.023504 -0.051787 0.000000
-0.094526 0.032935 0.111912 0.000000
0.114468 -0.122882 0.353702 3.000000
-0.017674 -0.042623 0.110195 1.000000
0.412307 -0.090987 -0.049366 0.000000
0.361015 -0.015204 -0.077573 0.000000
-0.260674 -0.009067 -0.067608 0.000000
0.201004 -0.095153 0.034103 0.000000
-0.408552 0.079497 0.064281 0.000000
-0.536302 0.023532 0.031231 0.000000
-0.093935 -0.054756 -0.173259 1.000000
-0.076256 -0.026380 -0.625169 1.000000
0.096113 -0.038147 0.078441 1.000000
-0.085631 0.131154 0.003080 0.000000
-0.132756 -0.059739 0.382895 1.000000
-0.504520 -0.041497 0.006571 0.000000
-0.108433 -0.091944 -0.166700 0.000000
0.689117 0.050416 -0.048183 0.000000
0.392967 -0.101572 -0.000861 0.000000
0.216769 -0.146726 0.284225 3.000000
0.748629 -0.048479 0.070164 0.000000
-0.305575 -0.007378 -0.089988 0.000000
0.127248 -0.049182 -0.101670 1.000000
-0.061392 -0.030265 -0.501332 1.000000
-0.768183 0.073557 -0.059950 2.000000
0.301504 0.062015 0.088462 0.000000
-0.080929 -0.015204 0.037255 0.000000
0.335285 0.002813 -0.049281 0.000000
0.532118 0.031217 0.078581 0.000000
0.586478 0.131351 -0.006829 0.000000
-0.032735 -0.043890 0.117599 1.000000
0.572796 0.007655 -0.097560 0.000000
-0.139793 -0.052898 -0.481148 1.000000
-0.084673 -0.127442 0.161205 1.000000
0.201877 -0.015204 0.022026 0.000000
0.056927 -0.049661 -0.439822 1.000000
0.702630 -0.045072 -0.086131 0.000000
0.077590 -0.103092 0.339458 3.000000
-0.088558 -0.081472 -0.081205 0.000000
0.235377 0.034793 0.064224 0.000000
-0.290937 -0.007941 0.066336 0.000000
0.140057 0.074570 0.080017 0.000000
0.745138 -0.015204 0.029035 0.000000
-0.760892 0.300990 -0.006351 2.000000
-0.208454 0.063732 -0.097560 0.000000
-0.074961 -0.117167 -0.011277 0.000000
0.363155 0.088871 0.086801 0.000000
-0.443629 0.090841 0.050318 0.000000
0.397781 -0.015204 0.086013 0.000000
0.022076 -0.059655 0.295317 1.000000
-0.073160 -0.033474 -0.457360 1.000000
0.598527 0.081439 -0.097701 0.000000
-0.000980 -0.027590 -0.491451 1.000000
-0.791887 0.078145 0.015832 2.000000
0.781115 -0.036486 -0.074871 0.000000
0.243231 0.012863 0.113967 0.000000
0.647228 -0.088875 0.040408 0.000000
-0.820910 0.078202 0.018253 2.000000
-0.441574 0.104270 -0.033911 0.000000
0.241260 -0.078065 0.339993 3.000000
0.122575 -0.048479 0.309252 1.000000
0.134793 -0.148725 0.288645 3.000000
-0.049485 -0.026267 -0.574216 1.000000
-0.349125 0.082818 -0.054461 0.000000
0.264739 -0.015204 -0.064877 0.000000
0.499998 0.129662 0.014481 0.000000
-0.097004 -0.051322 -0.034248 0.000000
-0.771758 0.071642 0.008316 2.000000
0.295339 0.091123 -0.061302 0.000000
0.306909 0.095852 0.071403 0.000000
0.109119 -0.065341 0.154223 1.000000
0.304066 -0.093014 -0.044467 0.000000
0.316931 0.009991 -0.046353 0.000000
0.703727 0.115474 0.005079 0.000000
-0.173997 -0.042651 -0.739660 1.000000
0.779285 -0.004056 -0.060570 0.000000
-0.099734 -0.046789 -0.350076 1.000000
-0.589198 0.003235 -0.031771 0.000000
0.060333 -0.014838 0.110308 0.000000
0.020753 0.074908 -0.084780 0.000000
-0.857394 0.086253 -0.371189 2.000000
-0.146437 -0.072998 -0.133932 1.000000
0.066583 -0.015204 0.000603 0.000000
-0.419700 0.058665 0.074922 0.000000
0.055773 -0.094759 0.307140 3.000000
0.116804 -0.144277 -0.370936 3.000000
-0.483463 -0.041863 -0.025690 0.000000
-0.060576 0.105762 0.031484 0.000000
-0.029356 -0.033333 0.744975 1.000000
-0.097004 -0.097996 -0.006942 0.000000
-0.036817 -0.033446 -0.369585 1.000000
-0.755628 0.080623 0.099160 2.000000
-0.597109 -0.000537 -0.026451 0.000000
0.247904 0.104776 -0.037993 0.000000
-0.891457 0.087548 0.328845 2.000000
0.314763 0.037016 -0.111383 0.000000
-0.098158 -0.058472 -0.118843 1.000000
0.325461 -0.000087 0.065153 0.000000
-0.121551 -0.026690 0.902481 1.000000
-0.044389 0.033610 -0.117013 0.000000
0.383001 0.058862 -0.097814 0.000000
-0.088277 -0.078347 0.065998 0.000000
0.220260 -0.015204 -0.042469 0.000000
0.005410 -0.027984 -0.482189 1.000000
0.402257 0.092418 0.048882 0.000000
-0.097004 0.058918 0.096683 0.000000
0.237826 -0.084484 -0.324036 3.000000
-0.031299 -0.026014 0.105804 0.000000
0.748403 -0.002958 0.045166 0.000000
0.092285 -0.047521 0.279215 1.000000
-0.100494 -0.042764 0.723468 1.000000
0.015573 0.108830 -0.070704 0.000000
-0.120482 -0.015288 -0.992598 1.000000
-0.133178 -0.072745 0.127649 1.000000
0.060952 -0.103345 -0.291381 3.000000
0.218627 -0.114859 0.351113 3.000000
-0.118624 -0.021819 0.835059 1.000000
-0.081408 -0.024466 -0.921601 1.000000
-0.205273 0.097429 -0.073519 0.000000
0.337960 -0.015204 -0.086328 0.000000
0.007324 -0.027619 -0.110341 0.000000
-0.068740 -0.065228 -0.249689 1.000000
-0.033495 -0.040765 -0.104880 0.000000
0.569615 0.102468 0.073796 0.000000
-0.133290 0.103875 -0.035853 0.000000
0.779032 0.045462 0.024700 0.000000
0.612574 -0.014500 0.096654 0.000000
-0.087207 -0.091944 -0.181563 0.000000
-0.728687 0.287252 -0.006576 2.000000
0.207226 -0.127245 0.349846 3.000000
-0.875186 0.268475 -0.006914 2.000000
-0.222980 0.045546 0.098034 0.000000
0.612574 0.051261 -0.091592 0.000000
-0.324549 0.116938 0.007612 0.000000
0.259277 -0.015204 0.052232 0.000000
0.486401 -0.015204 -0.059500 0.000000
-0.710896 0.119302 0.004347 2.000000
-0.308560 0.052218 -0.025634 0.000000
-0.099819 -0.053377 0.465547 1.000000
-0.107110 -0.045185 -0.417639 1.000000
-0.906574 0.077920 0.109210 2.000000
0.329740 -0.077615 0.066983 0.000000
0.344885 0.073754 0.098372 0.000000
-0.629370 -0.000030 -0.047986 0.000000
0.017290 0.025137 -0.038922 0.000000
0.482685 0.062972 -0.092465 0.000000
-0.238069 0.079778 0.058538 0.000000
0.588054 0.064154 0.085675 0.000000
0.155963 0.052528 0.107352 0.000000
0.200103 0.130591 0.007472 0.000000
-0.014014 -0.039301 0.640900 1.000000
0.217501 -0.015204 -0.078361 0.000000
0.553063 0.000223 0.029598 0.000000
-0.161836 -0.069057 -0.068902 0.000000
-0.865811 0.268644 0.001701 2.000000
-0.105027 -0.044397 -0.616949 1.000000
-0.135796 -0.170317 0.169876 3.000000
0.164492 -0.068241 0.293741 3.000000
-0.037746 -0.118406 -0.048268 0.000000
0.689061 0.032203 -0.102205 0.000000
-0.031580 -0.031813 -0.775693 1.000000
0.487527 0.033723 0.111800 0.000000
0.003214 0.046532 0.109745 0.000000
-0.508039 0.074823 0.016227 0.000000
0.036911 -0.070999 0.059044 0.000000
-0.451117 0.020210 -0.081880 0.000000
-0.078255 -0.086060 -0.168220 1.000000
-0.580668 0.002925 0.035820 0.000000
0.105488 0.098470 0.079004 0.000000
0.132316 0.059059 -0.097560 0.000000
-0.111220 -0.053095 0.476329 1.000000
0.004875 0.066547 -0.087792 0.000000
0.090286 -0.015204 -0.006857 0.000000
-0.878761 0.286520 0.001391 2.000000
0.396796 -0.015204 0.045082 0.000000
0.240078 -0.094309 -0.041371 0.000000
0.050902 -0.001832 0.065153 0.000000
0.254266 0.005994 0.100455 0.000000
0.106642 -0.143601 0.345651 3.000000
0.502503 -0.086454 -0.060316 0.000000
0.177188 -0.091691 0.294191 3.000000
-0.008862 -0.035079 0.259818 1.000000
0.192728 0.104720 -0.038021 0.000000
0.273099 0.007655 0.098259 0.000000
-0.091289 -0.034966 0.468249 1.000000
0.322167 -0.011432 -0.108399 0.000000
-0.156093 0.055596 0.093980 0.000000
-0.392788 0.060269 -0.081711 0.000000
0.785000 0.038255 0.054597 0.000000
0.435869 0.127832 0.027881 0.000000
-0.442052 -0.037134 -0.048183 0.000000
-0.464010 0.078230 0.012426 0.000000
0.050818 0.130591 -0.012572 0.000000
-0.616871 0.074204 0.047277 0.000000
0.143914 -0.166347 0.345313 3.000000
0.463711 0.025418 -0.094604 0.000000
0.360340 0.072346 0.075006 0.000000
-0.412494 0.079637 -0.068987 0.000000
0.091159 -0.078347 0.295092 3.000000
0.861289 0.018634 -0.019638 0.000000
-0.757148 0.077639 -0.000974 2.000000
-0.210059 0.022659 0.065153 0.000000
0.624566 -0.099685 -0.011108 0.000000
0.521956 -0.029336 0.104424 0.000000
0.039726 -0.034178 0.236791 1.000000
0.303306 0.073754 -0.093816 0.000000
0.527670 -0.015204 0.018479 0.000000
-0.325760 0.116881 -0.012656 0.000000
0.180567 -0.086764 0.259621 3.000000
0.612574 0.035806 -0.036782 0.000000
-0.812634 0.056075 -0.028703 0.000000
0.258067 0.120738 0.044969 0.000000
0.170826 0.066941 -0.087285 0.000000
0.239459 0.018578 0.081509 0.000000
-0.298369 0.015734 0.092572 0.000000
0.248101 -0.083133 0.324960 3.000000
0.115763 -0.126035 -0.274209 3.000000
0.481080 -0.006139 -0.106963 0.000000
0.111653 0.029669 -0.117548 0.000000
-0.011987 -0.053321 -0.421017 1.000000
0.041472 -0.003211 0.024841 0.000000
0.136566 -0.095801 0.032526 0.000000
-0.123578 -0.096758 -0.011699 0.000000
0.272621 0.003911 0.112785 0.000000
-0.302310 0.027473 -0.050351 0.000000
-0.843572 0.083607 0.198083 2.000000
-0.185060 -0.050871 0.599969 1.000000
0.088850 -0.089298 -0.312691 3.000000
0.651620 0.092981 -0.079375 0.000000
-0.111896 0.015030 -0.117857 0.000000
-0.828370 0.068489 0.005248 2.000000
-0.133516 0.018465 0.061691 0.000000
-0.796109 0.074486 -0.083091 2.000000
-0.782822 0.239620 0.002207 2.000000
0.050086 -0.015204 0.092263 0.000000
0.242077 0.104889 0.005248 0.000000
0.358510 0.104270 -0.012656 0.000000
-0.273202 0.003066 0.048629 0.000000
0.462923 0.010160 -0.047029 0.000000
0.612574 0.033976 -0.069381 0.000000
0.045526 -0.060246 0.272346 1.000000
-0.900663 0.082452 0.272402 2.000000
0.526432 -0.071196 0.075344 0.000000
-0.077748 -0.024240 0.672345 1.000000
-0.857394 0.081721 -0.259964 2.000000
-0.422909 0.027558 -0.046916 0.000000
-0.358134 -0.035642 0.062563 0.000000
0.191348 -0.013543 -0.036106 0.000000
0.124827 -0.110130 0.372113 3.000000
-0.077354 0.071417 0.076217 0.000000
-0.141173 -0.122460 0.161543 3.000000
0.348460 -0.015204 -0.004352 0.000000
-0.055171 -0.072463 -0.045875 0.000000
-0.174532 -0.082936 0.035088 0.000000
-0.310502 0.090138 0.018985 0.000000
-0.107532 -0.072463 -0.179227 1.000000
-0.249442 0.089349 0.071881 0.000000
0.316987 0.093572 0.063464 0.000000
0.103320 -0.065791 -0.155833 1.000000
-0.120763 -0.032883 -0.663483 1.000000
-0.067867 -0.034234 -0.757845 1.000000
0.252549 -0.108722 0.262746 3.000000
0.647200 0.058299 -0.076222 0.000000
-0.125127 -0.038119 -0.612388 1.000000
0.657982 0.123778 -0.006041 0.000000
-0.133488 -0.079726 -0.090466 0.000000
-0.064658 -0.137211 -0.175426 3.000000
0.294663 0.047545 0.107324 0.000000
0.032801 -0.068297 -0.140547 1.000000
-0.110432 -0.137464 0.172015 3.000000
0.148784 -0.015204 0.028416 0.000000
0.093692 0.017536 -0.106062 0.000000
-0.141426 -0.033755 0.754828 1.000000
0.426213 0.020295 -0.118786 0.000000
0.398513 -0.089776 0.047108 0.000000
0.028128 0.007655 -0.051843 0.000000
-0.854607 0.076231 -0.125458 2.000000
-0.734261 0.035496 0.036805 0.000000
0.054647 -0.070352 0.084071 1.000000
-0.588945 0.071305 0.053330 0.000000
-0.111924 -0.045720 0.594507 1.000000
0.582058 -0.015204 0.076245 0.000000
-0.848583 0.085324 -0.348246 2.000000
0.067343 -0.095350 -0.300023 3.000000
0.072945 0.105790 -0.008715 0.000000
0.047299 0.074232 0.072557 0.000000
0.602102 0.096162 -0.080726 0.000000
-0.153447 -0.043383 0.644898 1.000000
-0.117751 -0.017963 0.911630 1.000000
0.535299 0.117444 -0.058177 0.000000
0.693706 0.043942 -0.098574 0.000000
0.870495 -0.004929 -0.039738 0.000000
-0.017280 -0.046987 0.078750 1.000000
-0.027527 0.057651 0.105156 0.000000
-0.127322 -0.183351 -0.157804 3.000000
0.622286 0.073106 -0.101727 0.000000
-0.381752 0.064436 -0.031095 0.000000
-0.123719 -0.028041 -0.757677 1.000000
-0.042953 -0.077812 0.182741 0.000000
-0.542158 0.029754 0.010202 0.000000
0.038769 0.116346 -0.060767 0.000000
-0.058183 -0.073308 0.022532 0.000000
-0.047767 0.101060 -0.080839 0.000000
-0.044445 -0.062357 0.437424 1.000000
0.044737 -0.095350 -0.038865 0.000000
0.155484 -0.107821 0.025179 0.000000
-0.881745 0.069109 -0.014064 0.000000
-0.022994 -0.031109 0.718795 1.000000
0.167673 -0.175440 0.312095 3.000000
0.058897 0.103312 0.072698 0.000000
0.731372 -0.005942 -0.017161 0.000000
-0.056241 -0.047916 -0.533002 1.000000
-0.094695 0.106691 0.006796 0.000000
-0.060604 -0.205196 0.141555 3.000000
-0.823923 0.080144 -0.221256 2.000000
-0.137175 -0.058303 -0.390952 1.000000
-0.308925 0.096810 -0.062766 0.000000
0.166970 0.131661 -0.004408 0.000000
0.016558 -0.056839 0.343484 1.000000
-0.743129 0.267068 -0.006942 2.000000
0.199062 0.007655 0.095331 0.000000
-0.074624 -0.061203 0.326311 1.000000
0.195177 0.007655 0.074218 0.000000
0.556581 0.097007 0.080524 0.000000
0.232815 -0.104049 0.297710 3.000000
0.513623 -0.015204 -0.071633 0.000000
0.240979 -0.071506 -0.319983 3.000000
0.145293 -0.151624 -0.301628 3.000000
0.168546 0.128198 0.025516 0.000000
-0.196405 -0.011488 0.068165 0.000000
0.021682 0.004080 0.043421 0.000000
0.492960 0.060495 0.090461 0.000000
-0.082281 -0.046874 -0.240118 1.000000
-0.087038 0.106634 -0.035431 0.000000
0.471283 0.103678 0.000434 0.000000
-0.071358 -0.072463 0.055610 0.000000
-0.133769 -0.049042 0.553829 1.000000
-0.242798 -0.035050 -0.086778 0.000000
-0.001065 -0.027365 0.494430 1.000000
0.235687 -0.071309 0.299596 3.000000
0.800004 -0.022917 -0.075574 0.000000
-0.048021 0.075246 0.077427 0.000000
0.396233 0.009372 -0.102881 0.000000
-0.089206 -0.071028 -0.145558 1.000000
-0.278241 -0.005351 -0.050858 0.000000
-0.111727 -0.091944 0.046433 0.000000
0.076041 -0.015204 -0.089228 0.000000
-0.795800 0.078990 0.188343 2.000000
-0.388818 -0.039498 0.051753 0.000000
0.251367 0.096500 -0.079769 0.000000
0.015882 -0.065791 -0.198088 1.000000
0.293171 -0.015204 0.009414 0.000000
-0.599136 0.056244 -0.064426 0.000000
0.300434 -0.015204 0.079060 0.000000
0.098056 -0.069507 -0.055052 0.000000
0.195599 -0.150048 -0.370373 3.000000
-0.764861 0.029303 0.027966 0.000000
0.710962 -0.055150 -0.077376 0.000000
-0.080507 -0.052251 -0.135424 1.000000
0.281291 -0.015204 0.008541 0.000000
-0.652595 -0.013374 -0.019497 0.000000
0.552584 -0.015204 -0.115183 0.000000
-0.014324 -0.039555 0.171480 1.000000
-0.118455 -0.030265 0.844771 1.000000
0.213109 -0.087186 0.313306 3.000000
-0.131827 -0.074378 -0.099897 1.000000
0.041584 0.061395 -0.108821 0.000000
0.188927 0.129380 0.016621 0.000000
-0.078734 -0.067678 0.201039 1.000000
-0.076932 -0.055573 -0.422622 1.000000
-0.353207 -0.005604 -0.081402 0.000000
0.145350 -0.068860 -0.298785 3.000000
-0.055678 -0.038738 -0.679050 1.000000
0.012561 -0.028913 0.432357 1.000000
0.089104 0.063000 0.087196 0.000000
0.789983 0.066857 -0.023298 0.000000
0.364309 -0.015204 0.024109 0.000000
0.547770 -0.015204 -0.006238 0.000000
-0.795349 0.270305 -0.006886 2.000000
0.070130 0.067054 -0.087144 0.000000
-0.042531 -0.059035 0.342301 1.000000
0.475647 0.104467 -0.076419 0.000000
-0.082703 -0.064159 0.272796 1.000000
-0.391774 0.103988 0.037481 0.000000
-0.027358 -0.043777 -0.582351 1.000000
-0.155417 -0.029617 0.869065 1.000000
0.498196 0.046081 0.109942 0.000000
-0.094977 -0.072463 -0.058740 0.000000
0.428071 0.007655 -0.042835 0.000000
-0.133488 -0.086257 0.175562 0.000000
-0.778430 0.120935 -0.009532 2.000000
-0.500269 0.079919 -0.060401 0.000000
-0.905364 0.053400 -0.011812 0.000000
-0.127970 -0.041384 0.723468 1.000000
0.702235 -0.023283 0.090630 0.000000
0.397527 0.113109 -0.065130 0.000000
-0.889909 0.367567 -0.005168 2.000000
0.252802 -0.116970 -0.263145 3.000000
-0.075834 -0.053208 -0.609770 1.000000
-0.084279 -0.142672 0.148199 3.000000
-0.888417 0.081861 -0.263230 2.000000
0.085979 -0.114043 0.038522 0.000000
0.117170 -0.143911 0.366033 3.000000
0.660149 -0.006956 0.102482 0.000000
0.009971 0.053569 -0.104711 0.000000
0.106557 -0.128597 -0.358916 3.000000
0.778638 0.066603 -0.046663 0.000000
-0.800979 0.078371 0.172775 2.000000
-0.601528 -0.027365 0.004206 0.000000
0.185296 -0.152581 0.302749 3.000000
0.154133 -0.059317 0.087730 1.000000
-0.028062 0.075021 -0.084555 0.000000
0.055378 -0.015204 0.053780 0.000000
-0.039406 -0.072463 -0.010855 0.000000
0.466498 0.014383 -0.067636 0.000000
-0.892837 0.071248 -0.001171 2.000000
-0.049090 0.000476 -0.117548 0.000000
-0.005315 -0.032235 -0.342447 1.000000
0.072945 -0.093943 0.037002 0.000000
0.751950 0.086140 -0.052209 0.000000
0.234926 -0.083076 0.350747 3.000000
0.036686 -0.099939 -0.016795 0.000000
0.445469 0.092390 -0.089284 0.000000
0.625214 0.016410 -0.036529 0.000000
0.750712 -0.086623 -0.020736 0.000000
-0.755769 0.067504 -0.035009 0.000000
-0.525520 0.027586 0.069601 0.000000
-0.403429 -0.003718 -0.045931 0.000000
0.497098 0.103538 -0.002438 0.000000
0.091102 0.074880 -0.083091 0.000000
-0.876255 0.038114 0.004994 0.000000
-0.178360 -0.049858 -0.600959 1.000000
-0.060379 -0.055629 0.407077 1.000000
-0.240687 -0.009827 0.068869 0.000000
0.517733 0.111589 0.061888 0.000000
0.309077 0.041127 0.068982 0.000000
0.250184 -0.143263 -0.276123 3.000000
0.688329 -0.166629 -0.019188 3.000000
-0.111276 -0.056023 -0.266073 1.000000
0.713777 -0.008588 -0.097560 0.000000
-0.093147 -0.015204 -0.078221 0.000000
0.327544 -0.099967 0.011525 0.000000
-0.369563 0.082621 0.065576 0.000000
-0.141229 -0.057346 -0.430870 1.000000
0.024018 -0.030912 -0.442158 1.000000
0.323997 0.061170 -0.108905 0.000000
0.274057 0.007655 -0.058233 0.000000
-0.257437 0.108943 0.047334 0.000000
-0.042222 -0.072182 -0.099672 1.000000
0.048847 -0.065791 -0.182042 1.000000
0.716930 0.039325 -0.060795 0.000000
-0.705012 0.127410 -0.009419 2.000000
0.037671 -0.070971 -0.001424 0.000000
0.442682 0.018690 0.113770 0.000000
0.241092 -0.156776 0.323609 3.000000
0.124968 -0.066720 0.121934 1.000000
-0.790479 0.079300 0.195662 2.000000
-0.029891 -0.072632 0.001532 0.000000
-0.065024 -0.091944 -0.047282 0.000000
-0.388368 0.084113 -0.015669 0.000000
0.528993 0.043576 0.033905 0.000000
-0.045403 0.097401 0.078778 0.000000
0.727290 0.069728 0.073542 0.000000
0.534004 0.120794 0.044884 0.000000
-0.630580 -0.007997 0.034131 0.000000
0.542055 0.073979 0.080777 0.000000
-0.898551 0.077019 -0.021524 2.000000
-0.110150 0.097175 -0.084386 0.000000
-0.828314 0.258538 0.001869 2.000000
-0.810776 0.123750 0.004262 2.000000
0.247200 -0.078854 0.284141 3.000000
0.104277 -0.053292 0.294022 1.000000
0.012955 -0.092254 0.041140 0.000000
-0.461082 -0.048788 -0.004239 0.000000
0.535187 0.037382 -0.078023 0.000000
0.559368 0.090166 -0.062822 0.000000
0.028128 -0.066270 0.177420 1.000000
-0.162371 -0.026999 0.913319 1.000000
0.167927 -0.015204 0.003024 0.000000
-0.794842 0.078314 -0.027126 2.000000
0.202722 -0.088031 0.051303 0.000000
0.415910 0.007655 0.054568 0.000000
-0.106125 -0.013008 -0.030054 0.000000
-0.128195 -0.046198 -0.601719 1.000000
0.073508 0.003629 -0.117970 0.000000
-0.108912 -0.070915 -0.157184 1.000000
0.169813 -0.173329 -0.334199 3.000000
0.041247 -0.040484 -0.482415 1.000000
0.165590 -0.067847 -0.012347 0.000000
-0.060632 -0.035642 0.372676 1.000000
0.514721 0.118007 0.051613 0.000000
0.092059 -0.038429 0.144990 1.000000
0.064105 -0.114803 -0.014064 0.000000
-0.858323 0.087463 -0.331327 2.000000
-0.058465 -0.015204 -0.105105 0.000000
-0.097004 -0.024888 -0.000045 0.000000
0.117283 -0.080317 0.073852 0.000000
0.091468 0.124313 0.036383 0.000000
0.267751 -0.006477 0.095331 0.000000
