0.057712 -0.012458 -0.398258 1.000000
-0.041636 0.056371 0.058048 0.000000
0.333959 -0.027057 0.061309 0.000000
0.033173 -0.034978 0.196094 3.000000
-0.604899 0.020209 0.106065 2.000000
0.000014 -0.006038 -0.791455 1.000000
-0.569281 0.014049 -0.218096 2.000000
0.107049 0.063127 0.053388 0.000000
-0.261738 0.008380 -0.062552 0.000000
0.066824 -0.003579 -0.840041 1.000000
-0.512773 0.078865 0.012412 2.000000
-0.540652 0.020209 -0.097341 2.000000
0.179243 0.011616 0.194101 3.000000
-0.160993 0.070996 -0.046089 0.000000
0.079223 -0.001482 0.618878 1.000000
0.082044 -0.018075 0.557659 1.000000
0.098041 -0.038369 0.157188 1.000000
0.219831 -0.042976 -0.152788 3.000000
0.128741 -0.057576 0.196249 3.000000
-0.578884 0.014049 0.178311 2.000000
-0.022843 -0.024054 0.439933 1.000000
0.071716 0.009079 -0.823242 1.000000
0.148207 -0.014580 0.626824 1.000000
0.037832 -0.006634 0.517019 1.000000
0.140752 -0.023304 0.268650 1.000000
-0.566873 -0.014891 -0.037805 0.000000
0.364038 0.049693 0.059213 0.000000
-0.005914 -0.030112 -0.315865 1.000000
0.110337 -0.028403 -0.349697 1.000000
0.643547 -0.028921 0.056546 0.000000
-0.091361 0.096726 -0.008840 0.000000
-0.605572 -0.038912 0.016114 0.000000
-0.561800 0.078063 0.012412 2.000000
-0.552662 0.020209 0.091776 2.000000
0.031568 -0.001482 -0.615021 1.000000
0.009850 -0.002699 0.861474 1.000000
-0.001643 -0.022708 -0.462065 1.000000
0.168113 -0.033218 0.166792 1.000000
0.066798 -0.033865 0.246078 1.000000
0.149372 0.029295 0.065865 0.000000
0.007831 -0.019732 0.258684 1.000000
-0.551368 0.020209 -0.306831 2.000000
-0.516397 -0.052891 0.012101 0.000000
0.361346 0.094345 -0.004543 0.000000
0.135212 -0.034797 0.227751 1.000000
0.164359 -0.024132 0.438224 1.000000
0.029782 -0.078206 0.009461 0.000000
-0.708750 0.033385 0.013111 0.000000
-0.000219 -0.030862 -0.406748 3.000000
0.153669 -0.024158 -0.342423 1.000000
-0.424349 -0.060863 0.023646 0.000000
0.152090 -0.032959 -0.055744 0.000000
0.189520 0.015912 0.438043 3.000000
0.702643 -0.017945 -0.046943 0.000000
0.124108 -0.007902 -0.754516 1.000000
-0.195731 0.045499 -0.057892 0.000000
-0.533870 0.017621 -0.249702 2.000000
0.040136 0.012418 0.906929 1.000000
0.106998 -0.020586 -0.504284 1.000000
0.564002 -0.070208 -0.001514 0.000000
-0.164591 0.094241 0.022352 0.000000
0.256174 -0.010465 0.199226 3.000000
-0.013835 -0.014399 0.364037 1.000000
-0.023283 -0.013105 -0.416688 1.000000
0.045598 -0.031069 -0.297176 1.000000
0.132132 -0.033606 0.251074 1.000000
-0.617298 0.014049 0.021032 2.000000
0.164644 -0.029128 0.272507 1.000000
-0.455593 -0.026099 0.050360 0.000000
0.082614 -0.049914 0.414488 3.000000
0.256174 -0.018101 0.188018 3.000000
0.568972 -0.130287 0.001799 0.000000
0.288427 -0.061536 -0.223092 3.000000
0.307841 -0.018644 0.063950 0.000000
0.100449 -0.000421 -0.902062 1.000000
0.444619 -0.035004 -0.054605 0.000000
0.037340 -0.020197 0.249314 1.000000
0.023103 -0.124204 0.178984 3.000000
0.062630 -0.026746 -0.116056 1.000000
0.317833 -0.056722 -0.041429 0.000000
0.170753 -0.032571 -0.205387 1.000000
-0.053957 -0.027937 0.351768 1.000000
0.126929 -0.008083 0.648180 1.000000
0.573372 0.089220 -0.018055 0.000000
0.146706 -0.046316 -0.157369 3.000000
-0.513576 0.084457 -0.008348 2.000000
0.207976 -0.076679 0.018107 0.000000
0.378870 0.008328 -0.063173 0.000000
0.022223 -0.029309 -0.331991 1.000000
0.037754 -0.020793 0.504102 1.000000
0.496441 0.010943 -0.062578 0.000000
0.268936 -0.025219 -0.218329 3.000000
0.087221 0.008354 0.813328 1.000000
0.507598 -0.071243 0.028383 0.000000
0.091440 -0.014270 -0.628714 1.000000
-0.127652 0.059193 -0.052819 0.000000
0.022612 0.007370 0.793707 1.000000
-0.555743 0.014049 0.259616 2.000000
0.112899 -0.017661 -0.561930 1.000000
-0.474256 -0.058766 -0.006665 0.000000
-0.593095 0.179870 -0.008348 2.000000
0.184705 0.012573 0.180589 3.000000
-0.559703 0.014049 -0.040083 2.000000
0.116782 -0.014399 0.630397 1.000000
-0.494628 -0.054910 -0.012024 0.000000
0.184705 -0.030189 0.431701 3.000000
-0.594700 0.167341 0.012412 2.000000
-0.542981 0.052773 0.038349 0.000000
-0.626565 0.064577 0.012412 2.000000
0.182298 0.088210 -0.024940 0.000000
0.047591 -0.001793 0.613053 1.000000
-0.617971 0.014049 0.030014 2.000000
0.045857 -0.001353 -0.883865 1.000000
0.255449 -0.031302 -0.381924 3.000000
-0.591438 0.018760 -0.039747 0.000000
0.220582 -0.017997 0.428725 3.000000
0.101691 -0.002492 0.599231 1.000000
0.376618 0.047829 -0.055666 0.000000
-0.561619 0.014049 -0.161666 2.000000
0.746829 -0.050561 0.024293 0.000000
0.079844 -0.160987 0.195783 3.000000
-0.390983 0.027095 0.063458 0.000000
-0.525923 0.110316 0.012412 2.000000
0.155066 -0.044737 0.439105 3.000000
-0.015699 -0.008575 -0.514431 1.000000
0.124211 -0.023045 -0.188975 1.000000
0.081889 -0.031898 -0.280894 1.000000
0.248357 -0.000576 -0.146394 3.000000
0.089810 -0.028377 0.087945 1.000000
-0.512307 0.135942 0.005319 2.000000
0.815581 -0.023433 0.003740 0.000000
-0.301032 -0.007436 0.064364 0.000000
-0.010185 -0.025375 -0.409647 1.000000
0.034571 0.044619 -0.057970 0.000000
0.118051 -0.037955 0.165368 1.000000
-0.488570 0.047881 -0.044199 0.000000
0.129544 -0.038731 0.150096 1.000000
-0.166843 -0.064772 -0.033457 0.000000
-0.049738 -0.032208 0.278927 1.000000
-0.650767 0.066777 -0.008348 2.000000
-0.045156 0.013117 0.068014 0.000000
0.013707 -0.028947 -0.072958 1.000000
0.031956 -0.039301 -0.134746 1.000000
0.028306 0.009726 -0.917179 1.000000
0.115151 -0.034020 -0.238753 1.000000
-0.043033 -0.024080 -0.210227 1.000000
0.298393 0.002090 0.066900 0.000000
0.325443 -0.076834 0.017253 0.000000
0.090690 -0.056023 0.183824 3.000000
-0.352595 -0.032053 -0.051550 0.000000
0.097187 -0.008368 0.483161 1.000000
-0.462659 0.071048 0.012412 2.000000
-0.312447 0.039727 -0.058177 0.000000
0.085487 -0.143696 -0.174920 3.000000
-0.551032 0.020209 -0.037598 2.000000
0.410062 0.075449 0.042387 0.000000
0.016891 -0.152756 0.192496 3.000000
-0.210356 0.081713 0.039902 0.000000
0.517434 0.053213 0.056909 0.000000
0.309420 -0.052114 0.049273 0.000000
-0.602776 0.014049 -0.221565 2.000000
0.234793 -0.005650 0.436257 3.000000
-0.505241 0.071100 -0.025018 0.000000
0.021757 -0.028507 -0.347885 1.000000
0.268470 -0.013804 0.164695 3.000000
0.159001 -0.021052 0.492739 1.000000
-0.420751 0.008406 -0.057737 0.000000
0.179968 -0.037282 0.178595 1.000000
0.490488 -0.049034 -0.046762 0.000000
-0.076399 -0.038654 -0.147222 1.000000
0.013707 -0.013674 -0.374288 1.000000
0.138112 -0.010620 0.664410 1.000000
0.064339 -0.118924 0.178984 3.000000
0.047280 -0.013493 0.648206 1.000000
0.233913 -0.002906 -0.444955 3.000000
-0.128377 -0.006841 0.066978 0.000000
0.092114 -0.031846 -0.282059 1.000000
0.120665 -0.009714 -0.062060 0.000000
0.538142 0.022513 -0.061309 0.000000
-0.259848 -0.029982 -0.054838 0.000000
0.218848 -0.051027 -0.406670 3.000000
0.192289 -0.047791 -0.153538 3.000000
0.042854 -0.006970 -0.772843 1.000000
0.176577 -0.038809 0.051758 1.000000
-0.517769 -0.044659 0.027891 0.000000
-0.276648 0.060901 0.054579 0.000000
0.411072 -0.012587 0.065192 0.000000
-0.447956 0.058597 0.047720 0.000000
0.218874 -0.013208 0.223584 3.000000
0.015856 -0.018877 -0.271497 1.000000
0.252395 -0.001353 0.423107 3.000000
0.538349 -0.071269 0.028357 0.000000
-0.571636 0.020209 0.320680 2.000000
-0.588384 0.014049 0.308488 2.000000
-0.433538 0.043351 -0.003197 2.000000
-0.228009 -0.052114 -0.043267 0.000000
-0.468380 -0.032105 0.045286 0.000000
0.089059 -0.076627 -0.014405 0.000000
-0.555018 0.233452 -0.000893 2.000000
0.181340 -0.013519 0.452435 3.000000
0.765415 0.002633 0.039203 0.000000
-0.580334 0.020209 0.017926 2.000000
0.073450 -0.010283 0.178880 3.000000
0.266114 -0.059155 0.184161 3.000000
0.591647 0.028752 0.064597 0.000000
0.225008 -0.078336 -0.004646 0.000000
0.165058 -0.027445 -0.327824 1.000000
0.136843 0.015498 -0.395203 3.000000
0.111760 0.002892 0.067392 0.000000
0.112252 -0.002078 0.668966 1.000000
-0.557736 0.113422 0.012412 2.000000
0.135808 0.014075 0.396394 3.000000
-0.609299 -0.037489 -0.013654 0.000000
0.313018 0.042574 0.061594 0.000000
0.049558 0.000666 -0.657498 1.000000
0.122140 -0.023718 -0.442133 1.000000
0.156490 -0.024520 0.430407 1.000000
-0.092112 0.060332 0.056029 0.000000
0.059343 -0.000395 0.906748 1.000000
-0.362639 -0.010102 -0.058721 0.000000
0.184705 -0.021802 -0.389068 3.000000
0.141218 -0.021906 0.481971 1.000000
0.099620 -0.056955 -0.182789 3.000000
0.044407 -0.079345 0.002964 0.000000
0.613857 -0.049888 0.048522 0.000000
-0.579143 0.014049 -0.240849 2.000000
0.139380 -0.017298 0.454636 1.000000
-0.304112 0.067165 0.050670 0.000000
0.071975 -0.163239 -0.174920 3.000000
-0.503739 0.014049 -0.060144 2.000000
-0.229355 -0.035107 0.057426 0.000000
-0.595709 0.020132 0.280764 2.000000
0.259229 -0.030137 0.179294 3.000000
0.106506 -0.013286 0.385807 1.000000
0.084089 -0.009533 -0.722393 1.000000
-0.302792 -0.070751 -0.015259 0.000000
-0.606141 0.014049 0.126799 2.000000
-0.308849 0.056708 -0.002964 2.000000
0.218874 -0.026384 0.160993 3.000000
0.235647 0.001080 -0.062862 0.000000
-0.057892 -0.040414 0.116859 1.000000
-0.585873 0.020209 -0.146265 2.000000
0.096980 0.009441 0.404444 3.000000
-0.015543 -0.036453 -0.190787 1.000000
0.092269 -0.039430 0.136351 1.000000
0.045184 -0.015745 -0.061232 0.000000
0.190219 0.092352 -0.017382 0.000000
0.740021 -0.058896 0.005138 0.000000
-0.593043 0.205341 -0.008348 2.000000
0.055512 -0.013053 -0.386687 1.000000
-0.152994 -0.069819 -0.027218 0.000000
0.034260 -0.012613 -0.661640 1.000000
-0.054915 0.043661 -0.058617 0.000000
0.473843 0.058727 0.053984 0.000000
0.071354 -0.057187 0.045260 0.000000
-0.029728 -0.029050 -0.070628 1.000000
0.184705 -0.002699 0.403875 3.000000
-0.650017 0.165219 -0.008348 2.000000
-0.028797 0.058727 0.056624 0.000000
-0.037830 -0.027549 -0.366548 1.000000
0.685637 0.045577 0.047487 0.000000
-0.180432 0.095199 -0.016321 0.000000
-0.030997 -0.037075 -0.178776 1.000000
-0.451606 0.054714 -0.008348 2.000000
0.051629 -0.026669 0.387878 1.000000
0.018056 0.008690 -0.815554 1.000000
0.068066 -0.008963 0.471513 1.000000
0.076531 -0.011500 -0.417128 1.000000
-0.506509 0.080884 0.005578 0.000000
0.038065 -0.019473 -0.526079 1.000000
0.258116 0.028182 0.446560 3.000000
0.219107 -0.023045 0.411200 3.000000
-0.050488 -0.037748 0.169251 1.000000
0.000609 -0.024469 -0.160890 1.000000
0.411460 0.085440 -0.026959 0.000000
-0.427248 0.043351 0.003792 2.000000
-0.058176 0.071540 0.049428 0.000000
0.095246 0.089401 0.027969 0.000000
0.037884 0.001417 0.942340 1.000000
-0.619110 0.251442 0.009849 2.000000
0.142900 -0.048257 -0.208182 3.000000
0.256174 -0.043261 0.200520 3.000000
0.252654 -0.056204 0.205594 3.000000
0.130061 -0.020094 -0.514016 1.000000
0.164515 -0.026358 0.394323 1.000000
-0.512514 0.014049 0.135729 2.000000
-0.531281 0.014049 -0.118774 2.000000
-0.010056 0.096985 0.008219 0.000000
0.067315 0.016741 0.067341 0.000000
0.026701 0.008483 0.815657 1.000000
0.185404 -0.077870 -0.007261 0.000000
0.097109 -0.040957 0.106039 1.000000
0.167724 -0.026539 -0.379284 1.000000
0.071276 -0.015020 -0.614063 1.000000
-0.585329 0.020209 -0.191823 2.000000
-0.607332 0.019640 -0.132079 2.000000
-0.136945 -0.072822 -0.021782 0.000000
-0.578133 0.181863 -0.008348 2.000000
-0.044431 0.036595 -0.060766 0.000000
0.005294 -0.002544 0.597911 1.000000
0.224827 0.027897 -0.408612 3.000000
0.058126 -0.036842 0.206086 3.000000
-0.382363 -0.061200 0.031049 0.000000
0.271007 -0.001638 0.168371 3.000000
-0.011039 -0.025349 0.147714 1.000000
0.037470 -0.008109 0.754361 1.000000
0.129414 -0.046367 -0.390181 3.000000
-0.372734 0.027664 0.063665 0.000000
0.202928 -0.041294 0.152762 3.000000
-0.625918 0.084819 0.012412 2.000000
0.550515 0.041254 -0.057038 0.000000
0.117170 -0.002000 0.737795 1.000000
0.172591 0.018579 0.393132 3.000000
0.011507 -0.015616 0.339809 1.000000
-0.602957 0.014049 0.193428 2.000000
-0.184419 0.033359 0.065839 0.000000
0.251385 -0.001793 -0.408197 3.000000
0.116575 -0.033399 -0.251436 1.000000
-0.014042 -0.025789 -0.135004 1.000000
-0.292360 -0.044167 0.050412 0.000000
0.481454 0.055491 -0.051732 0.000000
0.099077 -0.036816 -0.209735 3.000000
-0.012825 -0.006349 0.584631 1.000000
0.768651 -0.039818 0.026856 0.000000
0.282241 -0.030293 0.060403 0.000000
-0.568582 0.014049 0.111941 2.000000
0.187242 0.022047 0.066460 0.000000
0.262154 -0.019007 -0.404729 3.000000
0.114478 -0.007203 -0.508917 1.000000
0.005890 -0.008627 0.744318 1.000000
-0.588772 0.014049 -0.228140 2.000000
0.658017 -0.073236 0.007209 0.000000
0.725888 0.048839 -0.006950 0.000000
0.353658 -0.029879 -0.056339 0.000000
0.044795 -0.018153 -0.552171 1.000000
0.259824 0.016430 -0.185118 3.000000
0.128819 -0.016910 0.354253 1.000000
-0.093639 0.092895 0.024138 0.000000
0.555718 -0.042821 -0.003973 0.000000
-0.057995 -0.028869 0.078549 1.000000
-0.584786 0.020209 0.053207 2.000000
0.148699 -0.039042 -0.153098 3.000000
0.269635 -0.001560 -0.169069 3.000000
0.668889 -0.067179 0.023387 0.000000
-0.136790 0.098253 -0.002006 0.000000
0.282163 0.005144 -0.156567 3.000000
-0.176964 0.043765 -0.058669 0.000000
0.222472 -0.002984 -0.150536 3.000000
0.605289 -0.014037 0.063820 0.000000
0.576634 0.084612 0.030376 0.000000
0.082174 -0.019524 0.528901 1.000000
-0.267640 0.017776 -0.062112 0.000000
0.270178 -0.051777 -0.209373 3.000000
0.608990 0.090747 -0.005682 0.000000
0.031516 -0.034874 -0.222082 1.000000
0.160036 -0.036660 0.191046 1.000000
0.236113 -0.030112 0.060533 0.000000
-0.572982 0.064836 -0.008348 2.000000
-0.615486 0.042057 0.034777 0.000000
0.434860 -0.011319 -0.061206 0.000000
0.119966 -0.007462 0.066357 0.000000
-0.295000 -0.065704 -0.024915 0.000000
-0.383373 0.060875 -0.049273 0.000000
0.818350 0.001805 0.003637 0.000000
0.743412 -0.035159 -0.034699 0.000000
0.537288 0.092067 0.014586 0.000000
-0.111474 0.097943 -0.002757 0.000000
0.023233 -0.041682 0.091957 1.000000
0.258504 -0.044737 0.154600 3.000000
0.565115 -0.077482 0.013629 0.000000
0.023647 -0.011215 0.693065 1.000000
0.058980 -0.019421 0.531075 1.000000
-0.519477 0.055387 -0.035942 0.000000
0.110518 -0.038007 -0.160087 1.000000
0.048031 -0.007255 -0.501126 1.000000
-0.336469 0.000045 -0.060403 0.000000
0.115928 -0.022786 -0.460667 1.000000
0.066565 -0.013545 -0.643184 1.000000
-0.537261 0.014049 -0.301783 2.000000
0.023052 -0.017195 0.308979 1.000000
0.128379 -0.004356 0.828600 1.000000
-0.488286 0.047208 0.012412 2.000000
0.136351 0.089375 -0.023439 0.000000
-0.015181 -0.026850 0.118102 1.000000
-0.598169 0.113319 -0.008348 2.000000
0.821715 -0.015719 0.006225 0.000000
0.588903 -0.035392 0.058307 0.000000
0.022275 -0.010801 0.435066 1.000000
-0.540160 0.014049 0.038271 2.000000
0.079663 -0.034150 0.059549 0.000000
-0.551497 0.014049 0.133451 2.000000
0.191202 -0.040673 0.110828 1.000000
0.178648 -0.010672 -0.149759 3.000000
0.167362 -0.034175 0.239685 1.000000
-0.156851 -0.047869 0.052198 0.000000
0.184705 0.003746 -0.385962 3.000000
0.002162 -0.005650 0.536640 1.000000
-0.613648 0.014049 0.060688 2.000000
0.103063 -0.035263 0.218355 1.000000
-0.254231 0.066182 0.002420 2.000000
-0.072387 -0.047662 0.052301 0.000000
0.057634 -0.001638 0.882234 1.000000
-0.211469 0.091523 0.026519 0.000000
0.005993 0.004161 -0.063691 0.000000
0.071535 -0.006245 -0.787028 1.000000
0.246907 -0.017687 -0.183928 3.000000
0.184446 -0.039560 0.133529 1.000000
-0.049453 -0.026824 -0.190477 1.000000
0.218408 -0.035107 0.152607 3.000000
0.028539 -0.006867 0.512463 1.000000
-0.624131 0.017724 0.080982 2.000000
0.098559 -0.091408 0.177223 3.000000
-0.576969 0.014049 0.145928 2.000000
-0.046010 -0.024313 0.265880 1.000000
0.125169 -0.022165 0.210745 1.000000
0.085124 -0.030759 0.307504 1.000000
0.290861 0.025205 -0.227829 3.000000
-0.643442 0.015265 0.050463 2.000000
0.030092 -0.008679 -0.472937 1.000000
0.573165 -0.058301 -0.039669 0.000000
-0.038400 -0.019291 -0.387593 1.000000
0.813458 -0.017117 -0.012723 0.000000
-0.539461 -0.050069 -0.006432 0.000000
0.617274 0.081117 -0.027089 0.000000
0.274941 -0.041190 0.223869 3.000000
0.187087 -0.014089 -0.146938 3.000000
0.127550 -0.008730 0.742273 1.000000
0.071716 0.001365 -0.394659 3.000000
0.004233 -0.039094 0.142925 1.000000
0.553518 -0.057809 -0.006381 0.000000
-0.264456 0.030020 -0.060973 0.000000
0.037444 0.009467 0.835253 1.000000
0.201323 -0.062054 -0.191357 3.000000
0.600448 -0.148847 -0.004543 0.000000
-0.368152 -0.066170 0.023051 0.000000
0.057376 -0.016781 0.583156 1.000000
0.553648 0.038510 0.061931 0.000000
-0.634149 0.015006 0.170519 2.000000
-0.023102 0.078348 -0.038815 0.000000
0.134669 -0.015124 -0.483834 1.000000
-0.619860 0.146245 -0.008348 2.000000
0.193817 -0.023770 0.226820 3.000000
-0.530401 0.014049 0.220633 2.000000
-0.547537 0.019847 0.325132 2.000000
0.112200 -0.034098 0.159854 3.000000
0.038324 0.010140 0.932633 1.000000
0.040861 -0.014373 -0.626824 1.000000
0.621027 0.005222 0.064545 0.000000
0.576142 -0.066403 -0.031800 0.000000
0.052198 -0.028714 -0.385522 3.000000
0.242352 -0.051648 -0.045571 0.000000
-0.568504 0.014049 -0.321611 2.000000
0.565374 0.079901 0.036874 0.000000
-0.533740 0.091601 -0.008348 2.000000
0.075676 -0.022398 0.472419 1.000000
-0.611111 0.014049 0.093847 2.000000
0.041456 -0.040957 -0.176809 3.000000
0.001645 -0.001431 -0.779936 1.000000
-0.677403 0.227110 0.002032 2.000000
0.201660 -0.002285 0.375660 3.000000
-0.695808 0.022953 0.019168 0.000000
0.114711 0.002478 -0.862354 1.000000
-0.250141 -0.027756 -0.055744 0.000000
-0.048133 0.047260 0.061542 0.000000
0.253534 0.087071 0.030143 0.000000
-0.573034 0.014049 -0.045467 2.000000
0.114789 -0.047351 -0.048185 0.000000
0.111553 0.001028 -0.767381 1.000000
0.385135 0.062144 0.052482 0.000000
-0.674452 0.137832 0.007235 2.000000
0.116937 0.007759 -0.430459 3.000000
0.245406 0.005455 0.410113 3.000000
-0.648049 0.043351 -0.007157 2.000000
-0.002264 -0.014140 -0.631199 1.000000
0.110389 0.007241 -0.390828 3.000000
0.038246 0.018915 0.067211 0.000000
0.303725 -0.019266 0.177948 3.000000
0.067419 -0.002440 -0.595866 1.000000
0.292284 -0.071606 0.027866 0.000000
-0.441692 0.011098 -0.055822 0.000000
-0.064751 -0.071942 0.027425 0.000000
0.021007 -0.004537 -0.554553 1.000000
-0.069178 0.001831 -0.063639 0.000000
-0.276570 -0.064953 0.031593 0.000000
0.020023 0.002737 0.968743 1.000000
-0.382544 -0.024831 0.057789 0.000000
-0.060221 -0.031923 -0.128870 1.000000
0.251515 -0.041501 0.406489 3.000000
-0.559160 0.014049 -0.217138 2.000000
0.007210 0.021245 0.067056 0.000000
0.123849 -0.005831 -0.683953 1.000000
0.050619 0.012677 -0.906773 1.000000
-0.023361 -0.015253 0.613261 1.000000
0.132702 -0.052606 -0.412986 3.000000
0.008556 -0.024106 -0.434704 1.000000
0.222006 0.013117 -0.399500 3.000000
0.100526 0.049486 -0.056210 0.000000
0.032008 -0.002544 0.408198 3.000000
0.138940 -0.012147 -0.616548 1.000000
0.354098 -0.061510 0.040782 0.000000
-0.623950 -0.031483 -0.019194 0.000000
-0.468250 0.021478 -0.052431 0.000000
-0.627885 0.016560 0.154936 2.000000
0.225552 0.013893 -0.377239 3.000000
0.117792 -0.023148 0.457457 1.000000
-0.698629 0.048606 0.003456 2.000000
-0.412054 0.081143 0.035683 0.000000
-0.550902 0.020209 0.213411 2.000000
-0.579997 0.014049 0.081966 2.000000
-0.054449 -0.030940 -0.056727 0.000000
0.158613 -0.053460 -0.401441 3.000000
-0.554190 0.014049 0.363753 2.000000
0.241368 -0.050690 -0.418241 3.000000
0.573812 0.044050 -0.056080 0.000000
0.485699 0.093154 -0.006355 0.000000
0.123745 0.064629 -0.048392 0.000000
-0.607850 0.014049 -0.193686 2.000000
0.356506 0.085673 -0.027270 0.000000
0.116575 0.000770 -0.825597 1.000000
0.108292 -0.050820 -0.404625 3.000000
-0.457508 0.086062 -0.008348 2.000000
0.126127 -0.027730 -0.096643 1.000000
-0.023930 -0.014554 0.602932 1.000000
-0.305846 0.095354 0.017149 0.000000
0.237330 -0.051104 0.411925 3.000000
-0.469208 0.079383 -0.008348 2.000000
-0.593276 0.014049 -0.075572 2.000000
0.008012 0.001469 0.067470 0.000000
-0.484895 -0.038032 0.039747 0.000000
0.309032 -0.022760 -0.184963 3.000000
0.101562 -0.040673 -0.107592 1.000000
0.119448 -0.005184 0.812499 1.000000
-0.618023 0.140912 0.012412 2.000000
0.104771 0.078943 0.041326 0.000000
0.065607 -0.041320 -0.428699 3.000000
-0.569022 0.236817 0.008167 2.000000
-0.192417 0.021892 -0.062836 0.000000
-0.010754 -0.007747 -0.491056 1.000000
0.133426 -0.050431 -0.162210 3.000000
0.082277 -0.035651 -0.206629 1.000000
0.226070 0.024196 0.421037 3.000000
0.033173 0.000252 -0.915445 1.000000
-0.181571 0.080807 -0.037081 0.000000
-0.669431 0.043351 -0.004983 2.000000
0.291093 -0.060811 0.041533 0.000000
0.109974 -0.018541 -0.544639 1.000000
0.015286 -0.015616 0.606297 1.000000
0.056754 -0.023563 -0.445343 1.000000
0.037081 -0.152290 0.178984 3.000000
0.289955 -0.039896 -0.201581 3.000000
-0.364166 -0.019395 0.059886 0.000000
-0.548780 0.020209 0.291041 2.000000
-0.558849 0.014049 0.209140 2.000000
0.576478 -0.150141 0.004103 0.000000
-0.587582 0.110005 0.012412 2.000000
0.697363 -0.009248 0.053414 0.000000
0.065348 -0.003036 0.588048 1.000000
0.046814 -0.000784 -0.628688 1.000000
0.167491 0.015395 -0.384771 3.000000
-0.448552 -0.021207 0.052974 0.000000
0.013578 -0.003320 -0.845063 1.000000
-0.506043 0.014049 -0.166869 2.000000
0.074304 0.096856 0.005656 0.000000
0.091208 -0.016936 -0.309989 1.000000
-0.558461 0.020209 -0.050282 2.000000
-0.322853 0.060668 0.008219 2.000000
0.043656 -0.029206 -0.067625 1.000000
-0.546424 0.020209 -0.020203 2.000000
-0.544819 0.109462 0.012412 2.000000
0.126826 0.095484 0.011377 0.000000
-0.426239 0.048942 0.055019 0.000000
-0.622501 0.184270 0.012412 2.000000
-0.003455 -0.022294 -0.203911 1.000000
0.157318 -0.011293 0.065891 0.000000
0.093304 -0.008161 -0.197129 3.000000
0.056444 -0.049629 -0.183954 3.000000
0.081811 -0.016599 -0.582794 1.000000
0.133090 0.018294 0.066978 0.000000
0.639147 0.055258 -0.046580 0.000000
-0.040186 -0.050406 -0.046632 0.000000
0.572777 -0.131841 -0.006225 0.000000
-0.609170 0.018035 -0.266191 2.000000
0.030041 0.026577 0.066460 0.000000
-0.540781 0.014049 -0.280402 2.000000
0.057246 -0.014399 -0.626074 1.000000
0.024035 0.006231 0.954299 1.000000
0.015726 -0.002518 -0.594571 1.000000
0.130320 -0.019602 -0.272455 1.000000
-0.555898 0.020209 -0.132054 2.000000
0.313277 -0.016806 -0.060455 0.000000
-0.598790 0.020520 0.042879 0.000000
0.096177 0.009907 -0.418112 3.000000
0.113987 -0.042925 0.067366 1.000000
0.168113 -0.030474 0.256898 1.000000
0.266451 -0.037929 0.186982 3.000000
0.212713 0.075759 0.043604 0.000000
0.223688 0.030667 0.065503 0.000000
0.597989 0.063101 -0.046399 0.000000
0.224724 -0.055712 0.203393 3.000000
0.146007 0.057070 0.056650 0.000000
-0.106478 0.023600 -0.063095 0.000000
0.221643 0.083551 0.035942 0.000000
0.112330 -0.013390 0.446327 3.000000
0.099103 -0.067593 0.035113 0.000000
0.146861 -0.032467 0.273465 1.000000
0.024682 -0.041372 -0.416377 3.000000
0.021266 -0.025840 -0.400173 1.000000
0.237356 -0.033632 -0.409725 3.000000
-0.666635 0.013609 0.028823 0.000000
0.107153 -0.001845 0.877989 1.000000
0.098973 -0.012587 -0.662106 1.000000
0.222006 0.009881 0.429009 3.000000
0.047746 -0.011992 -0.673547 1.000000
0.120743 -0.009714 0.505863 1.000000
0.128094 -0.008989 -0.626902 1.000000
-0.143572 0.066984 0.052508 0.000000
0.250920 -0.021569 0.381225 3.000000
0.162910 0.023316 0.419949 3.000000
0.383944 0.050676 0.058824 0.000000
0.705076 0.043014 0.040808 0.000000
0.157966 -0.012535 0.452487 3.000000
0.022068 -0.036505 0.058565 0.000000
0.244837 -0.064617 0.037857 0.000000
0.142538 0.000563 0.171115 3.000000
0.069800 -0.003734 0.574536 1.000000
0.052897 -0.015409 -0.339705 1.000000
0.097109 -0.001172 -0.434445 3.000000
-0.628092 0.219785 0.012412 2.000000
0.050050 0.006128 -0.765310 1.000000
0.041534 0.011538 -0.914953 1.000000
0.026003 -0.027937 -0.358886 1.000000
0.022922 -0.035314 0.217346 1.000000
0.015234 -0.003320 0.582742 1.000000
0.111502 -0.019628 0.260910 1.000000
-0.116625 0.075034 0.046814 0.000000
-0.586365 0.063101 0.021808 0.000000
0.223611 -0.031639 -0.419872 3.000000
-0.593820 0.014049 -0.027503 2.000000
0.204430 -0.018851 0.455568 3.000000
0.016503 0.002374 0.695265 1.000000
-0.143960 -0.015020 -0.061801 0.000000
-0.033741 -0.034900 -0.221565 1.000000
0.158147 0.002426 -0.063173 0.000000
-0.523283 0.122275 -0.005811 2.000000
0.165343 -0.033968 -0.239995 1.000000
0.157500 -0.043494 0.054398 0.000000
-0.577642 0.014049 -0.198630 2.000000
0.256174 -0.031199 -0.155273 3.000000
-0.135288 0.043558 0.063018 0.000000
0.105211 -0.030060 -0.317263 1.000000
-0.042593 -0.028041 -0.090637 1.000000
-0.525949 0.046431 0.044251 0.000000
-0.587685 0.014049 0.269297 2.000000
0.348999 -0.000033 0.066564 0.000000
-0.002652 -0.033606 -0.247295 1.000000
0.218874 -0.008342 -0.213204 3.000000
0.119655 -0.005521 -0.801524 1.000000
-0.297563 0.055931 -0.002006 2.000000
0.080413 -0.039586 -0.129025 1.000000
-0.005577 -0.045746 -0.049247 0.000000
-0.024940 -0.023744 -0.441538 1.000000
-0.007700 0.035559 -0.060947 0.000000
0.513603 -0.061226 -0.036873 0.000000
0.266425 0.010968 -0.163323 3.000000
-0.058694 -0.071761 -0.023672 0.000000
0.073347 0.078814 -0.037624 0.000000
0.160476 -0.031225 -0.165290 1.000000
0.056366 -0.022967 -0.457121 1.000000
-0.661173 0.057122 -0.008348 2.000000
0.064830 -0.008368 0.483187 1.000000
-0.640853 0.032505 0.033327 0.000000
0.520437 0.071514 -0.041326 0.000000
0.083468 -0.007177 0.194152 3.000000
0.442393 0.053990 0.056857 0.000000
0.661097 -0.064901 -0.024707 0.000000
0.051888 -0.013623 -0.375038 1.000000
-0.314181 0.023186 -0.060895 0.000000
-0.583285 0.020209 0.076815 2.000000
-0.684625 0.121291 0.004724 2.000000
-0.612690 0.015705 0.353554 2.000000
0.013733 0.095147 0.017667 0.000000
-0.055950 -0.029982 -0.149138 1.000000
0.500195 0.085751 0.029289 0.000000
-0.018028 -0.010775 -0.626177 1.000000
0.376075 0.062635 -0.048211 0.000000
-0.170492 0.066259 0.052767 0.000000
-0.018313 -0.027678 0.368231 1.000000
0.035658 -0.001275 -0.413116 3.000000
-0.517821 0.014437 0.264276 2.000000
0.209141 -0.040957 -0.439493 3.000000
-0.629127 0.014049 -0.138033 2.000000
0.444489 -0.054055 -0.043888 0.000000
0.095168 -0.011189 -0.380630 3.000000
-0.364528 0.076225 -0.039333 0.000000
-0.480261 -0.021854 -0.045209 0.000000
0.145515 -0.031147 0.299480 1.000000
0.578963 0.079202 0.037469 0.000000
-0.062887 -0.040310 -0.114762 1.000000
0.227209 -0.016651 0.419768 3.000000
0.139095 -0.042381 0.077824 1.000000
-0.162649 -0.079009 0.003093 0.000000
-0.051084 0.037216 0.064648 0.000000
0.070240 -0.040776 -0.105573 1.000000
0.085513 0.054041 0.058721 0.000000
0.084193 -0.102668 -0.193402 3.000000
0.171529 -0.034331 0.157861 1.000000
0.228814 0.010451 0.208260 3.000000
0.140079 -0.023381 0.378378 3.000000
0.235958 -0.021440 -0.451141 3.000000
0.438432 0.014411 -0.062396 0.000000
0.174066 -0.034150 0.184963 1.000000
-0.548780 0.213132 0.004362 2.000000
0.002887 0.032660 -0.061801 0.000000
-0.075338 0.098176 0.003999 0.000000
0.051965 -0.019861 -0.251876 1.000000
0.034234 -0.014839 -0.617557 1.000000
0.086367 -0.004433 0.827150 1.000000
-0.645590 -0.033270 -0.009461 0.000000
-0.602880 0.014049 0.334425 2.000000
0.152685 -0.022993 0.376851 1.000000
-0.341180 0.068356 -0.005708 2.000000
0.145256 -0.013260 -0.648904 1.000000
0.015338 -0.020508 0.430071 3.000000
0.468563 0.020287 -0.061749 0.000000
0.016373 -0.011655 0.418060 1.000000
-0.421838 0.065224 0.047435 0.000000
0.105004 -0.036764 0.189001 1.000000
0.218874 -0.035754 0.216000 3.000000
0.673522 -0.003036 0.059834 0.000000
0.164644 -0.017583 0.222005 3.000000
0.167362 -0.032648 -0.175437 1.000000
-0.037572 -0.018670 -0.405635 1.000000
0.176655 -0.054910 -0.043293 0.000000
0.236139 -0.003553 -0.394142 3.000000
0.116963 -0.046290 0.432504 3.000000
0.223481 -0.029490 0.060766 0.000000
0.253896 -0.017712 0.448553 3.000000
0.319541 0.093931 -0.008503 0.000000
0.077152 -0.038990 -0.431908 3.000000
-0.009693 -0.067930 -0.030532 0.000000
0.286408 -0.032441 -0.216698 3.000000
0.057298 -0.034823 0.227208 1.000000
0.072389 -0.022682 -0.196171 1.000000
0.040861 -0.142479 0.193919 3.000000
0.783483 0.001624 -0.031619 0.000000
0.036460 0.007862 -0.799401 1.000000
-0.507777 0.017750 -0.033508 2.000000
0.074615 -0.010646 -0.700364 1.000000
-0.032576 -0.018101 -0.328963 1.000000
0.100319 0.006387 0.815580 1.000000
0.088412 -0.028300 -0.351871 1.000000
0.216880 0.060953 0.054061 0.000000
0.404393 0.080108 -0.033845 0.000000
0.082199 0.004471 0.399785 3.000000
0.156697 -0.029956 -0.176395 1.000000
0.172306 0.009519 -0.173522 3.000000
-0.226301 0.063515 -0.049609 0.000000
0.256174 -0.039456 0.444851 3.000000
0.104642 -0.028196 -0.087634 1.000000
0.372425 -0.041786 -0.051059 0.000000
-0.601611 0.245101 0.011014 2.000000
-0.092474 -0.076498 0.019116 0.000000
-0.657368 -0.033761 -0.001462 0.000000
0.221410 0.059736 -0.050670 0.000000
0.036823 -0.017712 -0.560920 1.000000
0.058152 -0.030759 -0.303052 1.000000
0.232023 -0.034641 -0.375194 3.000000
0.030765 0.001805 -0.946326 1.000000
-0.533999 0.014049 -0.031049 2.000000
0.379725 0.070401 0.047538 0.000000
-0.562654 -0.041941 0.021808 0.000000
-0.040833 -0.021751 -0.451296 1.000000
0.009514 -0.024080 -0.168914 1.000000
0.144428 -0.026229 0.202539 1.000000
0.638681 0.087019 -0.006743 0.000000
0.299765 -0.024753 -0.188017 3.000000
0.049662 -0.034098 -0.237329 1.000000
0.156671 -0.021595 -0.484145 1.000000
-0.508114 0.014049 -0.153202 2.000000
0.001204 -0.034719 -0.225215 1.000000
-0.326580 0.034110 0.063717 0.000000
0.233240 -0.021984 -0.442651 3.000000
0.054554 -0.104583 -0.193065 3.000000
-0.114632 0.058520 0.057194 0.000000
-0.613104 0.014049 0.246596 2.000000
-0.715688 0.008302 -0.009849 0.000000
0.046348 -0.024158 0.437759 1.000000
0.096851 -0.017790 0.563302 1.000000
0.091000 -0.019162 -0.531981 1.000000
0.480082 0.076976 -0.036330 0.000000
0.031620 0.004885 -0.740668 1.000000
0.231894 -0.058275 -0.192211 3.000000
-0.422201 -0.027057 0.054061 0.000000
0.036952 0.097477 0.000531 0.000000
0.202669 0.094397 -0.010471 0.000000
0.148543 -0.035237 0.381536 3.000000
-0.017200 -0.039327 -0.134306 1.000000
0.116368 0.001779 0.863260 1.000000
0.088127 -0.018826 -0.272688 1.000000
-0.267277 0.078943 0.041921 0.000000
0.043915 -0.028843 -0.433487 3.000000
-0.526104 0.014049 -0.297797 2.000000
0.197415 0.001779 0.067082 0.000000
0.459011 0.036284 -0.058902 0.000000
0.566228 0.091549 0.016243 0.000000
0.576453 -0.041035 0.055278 0.000000
-0.064389 -0.033710 0.249055 1.000000
0.566746 -0.044659 0.053233 0.000000
-0.361189 -0.043184 -0.044924 0.000000
0.166689 -0.027989 -0.358239 1.000000
0.072544 0.011564 -0.872527 1.000000
-0.017692 -0.014503 0.628145 1.000000
0.115540 0.082308 -0.033897 0.000000
-0.273775 0.096467 0.012050 0.000000
0.032759 -0.009248 0.731944 1.000000
0.649164 0.086709 -0.001437 0.000000
0.236838 0.006257 0.376152 3.000000
-0.646005 0.198196 0.012412 2.000000
-0.121517 -0.032364 -0.056391 0.000000
0.073735 0.055051 -0.054113 0.000000
0.325133 -0.072279 0.026623 0.000000
-0.583000 0.020209 -0.075080 2.000000
0.075547 -0.030319 0.049868 1.000000
0.007676 -0.012975 -0.654185 1.000000
0.145023 -0.058352 -0.193065 3.000000
0.036331 -0.036997 0.184342 1.000000
-0.499416 0.015369 0.094779 2.000000
0.061310 -0.013571 -0.376488 1.000000
0.203161 0.020442 -0.435558 3.000000
0.172125 -0.053719 -0.408793 3.000000
0.489944 0.088262 -0.020851 0.000000
0.213930 0.000821 -0.152969 3.000000
0.149009 -0.023407 0.332483 1.000000
0.036279 -0.046885 0.416222 3.000000
0.256174 -0.021362 -0.202591 3.000000
0.649475 -0.017505 -0.055563 0.000000
0.279782 0.057484 -0.051654 0.000000
0.135963 -0.017454 0.421969 1.000000
0.267408 -0.007928 0.222316 3.000000
0.262231 -0.054444 0.165886 3.000000
-0.308487 -0.049215 0.046865 0.000000
0.562112 -0.054651 -0.043215 0.000000
-0.514042 0.014308 0.245069 2.000000
0.023336 0.009855 -0.838618 1.000000
-0.606711 0.064887 -0.008788 0.000000
-0.038426 -0.021026 0.291093 1.000000
-0.451114 0.050599 -0.047616 0.000000
-0.135392 0.093749 -0.019090 0.000000
0.064830 -0.028895 0.077902 1.000000
-0.561619 0.014049 0.378015 2.000000
0.248176 -0.028248 0.146446 3.000000
0.106247 -0.017065 0.311309 1.000000
-0.124520 -0.075721 0.020644 0.000000
-0.606245 -0.004951 0.040601 0.000000
0.038583 0.000795 0.664125 1.000000
0.066513 -0.048594 -0.406851 3.000000
0.156128 -0.077611 -0.008814 0.000000
0.110466 0.000330 0.921295 1.000000
0.266451 -0.016082 -0.156153 3.000000
0.553466 -0.003967 0.065710 0.000000
0.083934 0.062221 -0.049971 0.000000
-0.017148 -0.036971 0.184575 1.000000
-0.232022 0.034317 -0.060869 0.000000
-0.350731 0.056785 -0.006510 2.000000
0.256174 0.000770 0.178129 3.000000
0.168371 -0.004123 0.452228 3.000000
0.258607 -0.000551 -0.397429 3.000000
0.072415 -0.006504 -0.515958 1.000000
0.097782 -0.036272 0.058617 0.000000
-0.524421 0.017129 0.180304 2.000000
-0.036562 -0.028455 -0.082380 1.000000
0.111553 -0.016237 0.593976 1.000000
0.099646 -0.040569 -0.052094 0.000000
0.358059 0.087615 0.027788 0.000000
-0.003791 -0.021000 -0.059704 0.000000
-0.524629 0.019511 -0.067237 2.000000
0.053985 -0.027212 0.377420 1.000000
-0.523360 0.014049 0.156205 2.000000
-0.655479 0.123725 -0.008348 2.000000
0.189080 -0.030189 0.060610 0.000000
0.576271 -0.004951 -0.061516 0.000000
0.242636 0.017595 0.436594 3.000000
0.054476 -0.023097 -0.188302 1.000000
-0.191330 -0.055816 -0.041170 0.000000
0.676680 -0.041812 0.047383 0.000000
-0.474774 0.032841 0.054476 0.000000
0.071768 -0.156121 -0.193065 3.000000
-0.178491 -0.038084 -0.053104 0.000000
0.556391 -0.142324 0.012360 0.000000
0.271964 -0.000680 -0.201219 3.000000
0.105807 -0.046704 0.397507 3.000000
-0.515258 0.115985 0.009642 2.000000
-0.456602 0.109798 0.001618 2.000000
-0.106297 0.094448 0.021524 0.000000
-0.614709 0.018320 0.171503 2.000000
0.120587 -0.078517 0.007727 0.000000
0.056651 -0.021285 -0.224127 1.000000
-0.041972 -0.067749 -0.030868 0.000000
0.225992 0.002711 -0.212764 3.000000
0.068092 -0.027316 0.375220 1.000000
0.552379 0.066570 -0.045027 0.000000
0.260808 -0.032571 -0.223869 3.000000
-0.548055 0.014101 -0.381743 2.000000
0.398336 0.090850 -0.017356 0.000000
0.212713 -0.041605 0.442625 3.000000
0.085306 -0.153377 -0.188147 3.000000
-0.531022 0.016068 -0.277969 2.000000
0.120095 -0.025245 0.447103 3.000000
0.577980 -0.125628 0.016347 0.000000
-0.413089 0.087848 0.010859 2.000000
-0.045208 0.092895 0.023543 0.000000
0.048652 0.012625 -0.893520 1.000000
-0.201477 0.080419 0.041274 0.000000
0.454507 -0.078155 -0.005708 0.000000
-0.547459 0.014049 -0.301291 2.000000
-0.591620 0.014049 -0.357618 2.000000
0.545778 -0.008083 0.065321 0.000000
0.054658 -0.010413 -0.704739 1.000000
0.041715 -0.025116 0.062422 0.000000
0.050568 -0.138467 0.178673 3.000000
0.112433 -0.000473 -0.725059 1.000000
0.047461 -0.009481 -0.430278 3.000000
0.364064 -0.008031 0.065736 0.000000
0.067781 -0.169866 -0.189985 3.000000
-0.484895 -0.040724 -0.033042 0.000000
-0.383554 -0.040595 0.049842 0.000000
0.150925 -0.060449 0.041999 0.000000
0.224568 0.003695 0.447129 3.000000
-0.509848 0.046742 -0.042128 0.000000
0.126670 -0.016651 0.448708 3.000000
-0.436386 -0.048464 0.037547 0.000000
-0.505370 -0.005236 0.051654 0.000000
-0.034569 -0.017635 0.403150 1.000000
0.067419 -0.001741 0.879956 1.000000
0.118620 -0.029102 0.073657 1.000000
-0.697361 0.072627 0.001178 2.000000
0.468356 0.047285 0.059549 0.000000
-0.171398 -0.023925 -0.058669 0.000000
0.111553 0.001391 -0.780660 1.000000
0.307505 -0.060087 -0.038168 0.000000
0.038169 -0.016677 -0.315166 1.000000
0.128379 -0.050690 -0.204273 3.000000
-0.305199 -0.010827 -0.059756 0.000000
0.251489 0.091730 -0.017693 0.000000
-0.308280 0.073222 0.006976 2.000000
0.040110 -0.039482 0.135186 1.000000
0.511921 0.090074 0.021394 0.000000
0.100656 -0.014477 0.362458 1.000000
0.094909 -0.024883 0.157059 1.000000
0.402193 -0.057524 0.044639 0.000000
-0.212478 0.028674 0.065943 0.000000
-0.184134 0.047622 0.061439 0.000000
-0.639947 0.015628 -0.061464 2.000000
-0.602388 0.019899 -0.188923 2.000000
-0.028149 -0.022087 0.211936 1.000000
0.141813 -0.030836 -0.301990 1.000000
0.184705 0.005325 0.385056 3.000000
-0.024940 -0.035237 0.219209 1.000000
0.059964 0.008794 0.821585 1.000000
0.158043 -0.032519 0.106505 1.000000
-0.549711 0.014049 -0.203885 2.000000
-0.547770 0.136357 -0.008348 2.000000
0.775484 -0.046704 0.005087 0.000000
-0.340455 -0.009481 -0.059394 0.000000
-0.018391 -0.018023 0.558927 1.000000
0.245354 -0.016651 -0.060610 0.000000
0.162599 -0.028455 -0.274397 1.000000
0.044278 -0.032804 -0.262929 1.000000
0.343951 0.082929 0.035631 0.000000
-0.074691 0.027250 -0.062655 0.000000
0.105444 -0.021078 0.232230 1.000000
0.106247 0.006879 -0.926058 1.000000
-0.360413 0.086243 0.010471 2.000000
0.249781 -0.028481 -0.442884 3.000000
-0.058823 -0.037981 -0.160553 1.000000
0.044821 -0.008756 0.741833 1.000000
0.104953 -0.002414 0.189959 3.000000
-0.016009 -0.021466 0.224568 1.000000
0.149320 -0.053072 0.048936 0.000000
0.157526 0.001287 -0.444566 3.000000
0.184705 0.001054 -0.403926 3.000000
0.052897 -0.019136 0.270462 1.000000
0.089861 -0.040440 0.116186 1.000000
0.205051 -0.056074 0.166843 3.000000
0.061828 0.090229 -0.022870 0.000000
0.635626 0.030408 -0.056624 0.000000
-0.405531 0.048554 -0.053440 0.000000
0.086445 -0.000991 0.894814 1.000000
0.510859 -0.045099 -0.048988 0.000000
0.490824 0.023005 0.065477 0.000000
0.129880 -0.017039 -0.359119 1.000000
0.093149 -0.002414 -0.862846 1.000000
0.184705 -0.010387 0.398801 3.000000
-0.038840 -0.023977 0.441098 1.000000
0.104849 -0.028144 0.092553 1.000000
0.078317 -0.008264 0.388680 3.000000
0.044174 0.004575 0.738468 1.000000
0.017150 0.065845 0.052301 0.000000
-0.550669 0.014049 0.192159 2.000000
0.014898 0.005662 0.872165 1.000000
-0.009098 -0.010982 0.697595 1.000000
-0.110490 -0.059258 0.043371 0.000000
0.588593 -0.128113 -0.006898 0.000000
0.232412 0.016327 0.185300 3.000000
0.011274 -0.004071 0.833984 1.000000
0.600526 0.038666 0.061154 0.000000
-0.012101 -0.079061 0.004621 0.000000
-0.492790 -0.002000 0.053311 0.000000
0.254854 0.007422 -0.188458 3.000000
-0.570627 0.095121 -0.008348 2.000000
-0.525535 0.066363 -0.008348 2.000000
0.062113 -0.030992 0.302896 1.000000
-0.530323 0.020209 0.071249 2.000000
0.073839 -0.048490 -0.417154 3.000000
-0.580075 0.262366 -0.001618 2.000000
-0.051757 -0.027290 0.218277 1.000000
0.247037 0.020624 -0.432478 3.000000
0.186465 0.075319 0.044225 0.000000
0.071975 -0.033451 -0.250349 1.000000
0.132702 -0.030500 -0.042309 1.000000
0.055797 0.004238 0.998433 1.000000
-0.022972 -0.026824 0.385082 1.000000
-0.589782 0.067916 -0.006174 0.000000
-0.042826 -0.025711 -0.136739 1.000000
