0.122470 -0.051012 0.153655 1.000000
0.618965 0.049421 0.062700 0.000000
0.091053 -0.068588 -0.030194 0.000000
0.032049 -0.045146 0.141049 1.000000
0.506411 0.009640 0.066482 0.000000
-0.732875 0.070584 -0.087502 2.000000
-0.075342 0.101783 -0.020158 0.000000
-0.504470 0.011095 0.044228 0.000000
0.095247 0.074851 0.049900 0.000000
0.111222 -0.061800 0.047234 1.000000
-0.647520 0.137152 0.006508 2.000000
-0.047537 -0.025437 -0.534689 1.000000
-0.731154 0.082947 -0.239643 2.000000
-0.134589 -0.102235 0.514202 3.000000
-0.002423 -0.028952 0.242258 1.000000
0.794185 -0.026456 0.027961 0.000000
-0.266973 -0.005293 -0.744041 1.000000
-0.696052 0.051676 0.012859 2.000000
0.318538 -0.053897 0.077681 1.000000
0.397057 0.040112 0.069657 0.000000
0.271557 0.009325 -0.097490 0.000000
0.043588 -0.068588 -0.015916 0.000000
0.576373 0.126655 0.023962 0.000000
-0.590019 0.029785 -0.058945 0.000000
-0.078930 -0.114599 0.506736 3.000000
0.719350 -0.040879 -0.045879 0.000000
0.109380 -0.112344 0.218502 3.000000
-0.801819 0.243452 -0.008498 2.000000
0.846426 0.068305 0.046288 0.000000
0.644856 0.062075 0.059936 0.000000
-0.686331 0.068984 -0.101441 2.000000
-0.136116 0.093686 -0.049855 0.000000
-0.723421 0.195308 -0.000450 2.000000
-0.042761 -0.067836 0.026289 0.000000
-0.299578 -0.013486 -0.716454 1.000000
-0.116868 0.061469 0.060179 0.000000
-0.020289 0.069396 -0.079769 0.000000
0.119949 0.073614 0.050870 0.000000
-0.012993 -0.047570 -0.122362 1.000000
-0.002762 -0.044419 0.085778 1.000000
-0.094857 -0.013414 -0.521550 1.000000
0.037139 -0.050915 0.511851 3.000000
-0.106032 -0.030431 0.354183 1.000000
0.591281 0.057881 -0.089029 0.000000
-0.696610 0.235646 -0.000765 2.000000
0.178469 -0.115423 0.264028 3.000000
0.495308 0.088765 0.055500 0.000000
0.006765 -0.026965 0.256464 1.000000
0.468764 -0.031255 0.049658 0.000000
0.250709 -0.081072 -0.262067 3.000000
0.653267 0.130582 -0.041103 0.000000
-0.735760 0.070220 -0.077733 2.000000
-0.636417 0.025567 -0.040352 2.000000
-0.425102 -0.014941 -0.067939 0.000000
0.258248 0.092353 -0.053054 0.000000
0.329543 -0.006650 -0.095599 1.000000
0.387869 0.013883 0.069948 0.000000
0.879104 0.106389 -0.036255 0.000000
0.125331 -0.020662 -0.281484 1.000000
0.895564 0.052936 -0.062024 0.000000
-0.725263 0.074317 0.013441 2.000000
-0.701409 0.077760 0.217895 2.000000
0.498435 -0.063085 -0.026970 0.000000
-0.018156 -0.030262 0.242307 1.000000
-0.477149 0.093953 0.020204 0.000000
-0.523160 0.049736 -0.072933 0.000000
-0.323069 -0.039837 -0.061321 0.000000
-0.027053 0.045930 -0.092835 0.000000
0.289763 -0.028807 -0.122143 1.000000
-0.676150 0.095868 -0.033540 2.000000
-0.245471 -0.008299 -0.689327 1.000000
0.102374 -0.029462 0.131813 1.000000
-0.019901 -0.038940 -0.151015 1.000000
0.160990 0.097905 -0.039673 0.000000
0.241934 0.097395 0.015210 0.000000
-0.002956 -0.098987 0.533571 3.000000
-0.032192 -0.071157 -0.545186 3.000000
-0.020314 -0.027934 0.271858 1.000000
-0.710258 0.069542 0.063451 2.000000
0.017552 -0.041922 -0.260855 1.000000
-0.276937 0.076523 0.047209 0.000000
-0.129765 -0.105072 0.529887 3.000000
0.086593 -0.018892 -0.351010 1.000000
0.228722 -0.118453 0.249846 3.000000
-0.692076 0.198338 0.003356 2.000000
0.784561 -0.029559 0.025974 0.000000
-0.624442 0.065081 0.059645 2.000000
-0.721772 0.084523 0.230356 2.000000
-0.022980 0.083481 -0.065830 0.000000
-0.199096 0.001132 0.069585 0.000000
0.281472 -0.064612 -0.069563 1.000000
0.174493 -0.051958 0.184878 1.000000
-0.278124 -0.008347 0.690609 1.000000
-0.013817 -0.055788 -0.520362 3.000000
-0.671059 0.074729 0.022992 2.000000
0.170687 -0.022698 -0.219038 1.000000
-0.648975 0.066366 -0.086605 2.000000
-0.026519 -0.110477 -0.588967 3.000000
-0.214005 -0.020856 -0.632068 1.000000
0.743641 0.041688 0.055864 0.000000
-0.565195 0.105007 -0.029031 2.000000
-0.134856 -0.029219 -0.509042 1.000000
-0.722936 0.072620 0.055282 2.000000
-0.069621 -0.079497 0.489015 3.000000
0.588081 0.138243 -0.010534 0.000000
-0.710743 0.192472 0.001077 2.000000
0.574918 -0.042746 0.032786 0.000000
0.150833 -0.022238 -0.283933 1.000000
0.556301 -0.063085 -0.013686 0.000000
-0.452519 -0.017826 -0.058775 0.000000
-0.060215 -0.068200 -0.015868 0.000000
0.024800 -0.117653 0.517548 3.000000
0.135561 -0.127301 -0.231304 3.000000
0.067999 -0.029316 -0.193341 1.000000
0.136724 0.022488 -0.097805 0.000000
-0.105620 -0.031668 0.399805 1.000000
0.130616 -0.082818 -0.252491 3.000000
-0.012483 -0.049437 0.084493 1.000000
0.354052 -0.057921 0.044688 0.000000
-0.046276 -0.130331 0.535462 3.000000
-0.079972 -0.023110 -0.400269 1.000000
0.262248 -0.068588 -0.038800 0.000000
0.075247 -0.047158 0.200926 1.000000
0.635910 0.089226 -0.078266 0.000000
0.661146 0.020476 0.058991 0.000000
-0.094784 -0.068491 0.541983 3.000000
-0.255846 0.046488 0.065488 0.000000
-0.717773 0.079311 -0.175936 2.000000
-0.042034 -0.132150 -0.554325 3.000000
-0.132407 -0.008468 -0.094193 0.000000
0.351361 -0.061582 0.025392 0.000000
-0.736924 0.084959 0.285748 2.000000
0.346488 0.093032 -0.062388 0.000000
-0.544032 0.020234 0.039379 0.000000
0.195244 -0.047061 0.213847 1.000000
0.054254 -0.112077 -0.520920 3.000000
0.152409 -0.119907 0.190308 3.000000
0.780343 0.030052 0.052421 0.000000
-0.036895 0.091384 -0.055430 0.000000
0.016582 -0.057315 -0.579852 3.000000
-0.078979 -0.011911 0.508772 1.000000
0.793215 0.124498 0.021828 0.000000
0.384378 -0.034795 -0.080763 0.000000
-0.749166 0.251840 -0.000886 2.000000
-0.689313 0.091699 0.011792 2.000000
0.462267 -0.061364 0.011477 0.000000
-0.789601 0.200617 -0.008910 2.000000
-0.022107 -0.039037 0.217289 1.000000
-0.185206 -0.023547 0.472531 1.000000
0.273084 -0.139277 0.247204 3.000000
0.631256 0.007507 0.057973 0.000000
-0.624684 0.068160 -0.129852 2.000000
0.087780 -0.036710 0.349140 1.000000
0.035127 -0.094163 -0.589839 3.000000
0.023564 -0.038843 0.083572 1.000000
0.348452 -0.065097 -0.032473 0.000000
-0.161667 -0.052346 -0.061151 0.000000
0.155585 -0.084224 -0.221122 3.000000
0.265981 -0.070745 0.243083 3.000000
0.091974 -0.048249 0.191278 1.000000
0.575088 0.061130 0.063936 0.000000
-0.032628 0.100644 0.003211 0.000000
-0.155025 -0.068151 -0.011140 0.000000
0.106762 -0.114477 0.227229 3.000000
-0.484713 0.100886 -0.026995 0.000000
0.007322 -0.045655 -0.094290 1.000000
-0.208357 -0.008517 0.636259 1.000000
-0.033719 -0.083424 0.479827 3.000000
-0.706912 0.073542 -0.170287 2.000000
-0.067658 -0.056224 0.543583 3.000000
-0.659495 0.102074 0.003089 2.000000
-0.047319 -0.013462 -0.489915 1.000000
0.141476 -0.027765 0.129171 1.000000
0.714526 0.088329 0.049173 0.000000
-0.011174 -0.055449 -0.578324 3.000000
0.208383 0.016477 -0.098435 3.000000
0.731811 0.086365 -0.074678 0.000000
0.070448 -0.033728 0.109414 1.000000
0.187099 -0.148804 0.216465 3.000000
0.050691 -0.066818 -0.061248 0.000000
-0.052846 0.010077 0.071912 0.000000
0.254515 -0.135931 -0.247788 3.000000
-0.029259 -0.036904 0.330571 1.000000
-0.045501 -0.064879 -0.068884 0.000000
0.154033 -0.143543 0.222307 3.000000
-0.750257 0.064136 -0.002680 2.000000
0.216140 -0.075351 0.255664 3.000000
0.138373 -0.023910 0.289336 1.000000
0.036582 -0.076806 0.562249 3.000000
0.288381 -0.125410 0.248779 3.000000
-0.706185 0.119455 -0.023504 2.000000
-0.768365 0.074463 -0.137052 2.000000
0.926787 0.011337 -0.054485 0.000000
0.128628 -0.028759 0.121074 1.000000
0.184844 -0.090211 0.218283 3.000000
0.164966 -0.027643 -0.141270 1.000000
0.037212 -0.031062 -0.436850 1.000000
-0.030616 -0.017898 0.393018 1.000000
-0.222877 -0.015668 0.570443 1.000000
-0.672998 0.073251 -0.053636 2.000000
-0.244622 -0.018286 -0.629499 1.000000
0.036267 -0.043134 -0.283302 1.000000
-0.198781 -0.019207 0.514323 1.000000
0.133161 -0.129216 0.227326 3.000000
0.157766 -0.110890 -0.280539 3.000000
0.013770 0.081444 0.042797 0.000000
-0.051343 0.069130 0.054288 0.000000
-0.568734 0.134146 -0.011625 2.000000
-0.097160 -0.024395 0.376146 1.000000
0.143779 -0.118671 0.200005 3.000000
-0.139486 -0.016613 0.490300 1.000000
0.256576 -0.010238 0.069924 1.000000
0.073502 -0.064636 0.218186 1.000000
-0.766838 0.083166 -0.265412 2.000000
-0.049452 -0.017195 -0.440413 1.000000
-0.064337 0.013713 -0.098071 0.000000
0.015516 -0.041437 0.254767 1.000000
-0.669822 0.075917 0.065003 2.000000
0.129088 -0.021462 -0.313144 1.000000
-0.691592 0.133782 -0.026195 2.000000
-0.016120 -0.025680 0.294548 1.000000
0.008825 -0.117823 0.518954 3.000000
0.041333 -0.034964 -0.423105 1.000000
0.269569 -0.058552 0.088735 1.000000
-0.707858 0.080960 -0.269557 2.000000
0.176408 -0.053049 -0.185826 1.000000
0.225570 -0.087714 -0.209608 3.000000
0.317931 -0.067521 0.013635 0.000000
-0.257543 -0.005511 0.709324 1.000000
0.076508 -0.018650 0.340801 1.000000
0.772682 0.135770 -0.028376 0.000000
0.139876 -0.069194 0.218186 3.000000
-0.119341 -0.083060 0.521378 3.000000
-0.220114 -0.010892 0.616115 1.000000
-0.164382 -0.025171 -0.550495 1.000000
0.187972 0.102680 -0.012183 0.000000
0.343191 0.091553 0.038070 0.000000
0.378390 0.103480 -0.054606 0.000000
-0.484931 0.000259 -0.067139 0.000000
-0.692949 0.076208 0.086481 2.000000
-0.160819 0.006222 -0.096811 0.000000
-0.670695 0.232301 -0.011795 2.000000
0.713120 0.123019 -0.051067 0.000000
0.229764 -0.102066 0.211399 3.000000
0.883952 -0.011401 0.027258 0.000000
-0.697628 0.039555 -0.016910 2.000000
-0.775298 0.234846 -0.020449 2.000000
-0.241495 -0.016516 0.715288 1.000000
-0.207702 -0.021559 0.511439 1.000000
0.126810 -0.094842 0.240949 3.000000
0.255339 -0.089654 -0.272588 3.000000
0.040703 -0.079109 -0.576458 3.000000
0.137064 -0.068588 0.003114 0.000000
-0.072142 -0.059933 -0.538229 3.000000
0.070545 0.069566 -0.079623 0.000000
0.935417 -0.001050 0.021465 0.000000
0.529198 0.114825 -0.062727 0.000000
-0.421829 0.086438 0.032010 0.000000
-0.047004 -0.013414 0.490542 1.000000
0.557707 -0.059861 0.007211 0.000000
-0.147874 -0.058527 -0.052303 0.000000
0.326368 -0.014553 0.069924 1.000000
-0.771468 0.082753 0.235277 2.000000
0.668540 -0.046164 -0.043334 0.000000
0.843783 0.038367 -0.073757 0.000000
0.125064 -0.049994 0.180757 1.000000
0.103150 -0.051231 -0.135379 1.000000
0.292502 0.081420 0.042846 0.000000
0.006765 -0.132222 0.536771 3.000000
-0.649241 0.067821 -0.114725 2.000000
-0.193593 -0.020977 -0.518011 1.000000
-0.483816 0.039482 -0.078508 0.000000
0.161766 -0.100150 -0.280830 3.000000
-0.028822 0.076135 0.048906 0.000000
0.260163 -0.035474 -0.181172 1.000000
0.213692 -0.075303 -0.281242 3.000000
-0.562650 0.075214 0.052252 2.000000
0.181669 -0.142234 0.220514 3.000000
-0.554020 -0.009826 -0.007795 0.000000
0.161136 -0.079351 0.239713 3.000000
-0.781189 0.257197 -0.020837 2.000000
0.667279 -0.044613 0.020786 0.000000
0.583597 0.129661 0.018144 0.000000
0.408038 -0.046697 -0.063139 0.000000
0.042885 0.005228 0.071281 0.000000
0.906327 0.085008 0.007938 0.000000
-0.660198 0.071893 0.149800 2.000000
0.487478 -0.065509 -0.011892 0.000000
-0.133765 0.012065 0.072178 0.000000
0.108337 -0.052225 -0.110410 1.000000
0.272090 -0.061170 -0.076496 1.000000
0.280042 -0.047764 -0.155379 1.000000
-0.082591 -0.072563 0.544480 3.000000
-0.179315 -0.021341 -0.667704 1.000000
-0.094590 -0.043352 0.059597 0.000000
-0.172552 0.061736 0.059742 0.000000
-0.770644 0.078657 0.173557 2.000000
0.622190 0.076766 -0.082993 0.000000
-0.224744 -0.009171 0.714657 1.000000
-0.235217 -0.020516 0.060930 0.000000
-0.223556 -0.021607 -0.086508 0.000000
0.125549 -0.049049 -0.232613 1.000000
-0.223096 -0.020225 0.539365 1.000000
-0.086421 -0.093848 0.497621 3.000000
-0.139001 -0.027813 0.059791 0.000000
-0.061791 -0.027571 -0.543271 1.000000
0.364379 0.030125 -0.096641 0.000000
-0.671641 0.071554 0.139692 2.000000
0.472182 0.009107 -0.093150 0.000000
0.265642 -0.026140 0.095257 1.000000
-0.640902 0.089541 -0.043624 2.000000
0.907248 -0.030601 -0.020474 0.000000
0.046133 -0.048322 -0.095744 1.000000
0.685824 0.081517 0.052761 0.000000
0.111901 -0.050625 -0.178724 1.000000
-0.015708 0.097856 0.014095 0.000000
-0.580395 0.049276 -0.065490 0.000000
0.038012 -0.066309 -0.252079 1.000000
-0.105984 -0.011280 0.068324 0.000000
-0.360522 -0.031449 0.039864 0.000000
-0.025235 -0.032371 -0.249219 1.000000
0.257497 -0.102866 0.252513 3.000000
-0.045040 0.023628 -0.097659 0.000000
-0.050810 -0.056976 0.508142 3.000000
-0.032119 -0.014674 -0.505551 1.000000
-0.123195 -0.028856 -0.434741 1.000000
0.095053 -0.020856 0.268609 1.000000
0.161669 -0.081290 0.249507 3.000000
0.273351 -0.091545 0.248367 3.000000
0.113162 0.062851 0.059112 0.000000
-0.252428 -0.017510 -0.690588 1.000000
-0.460592 0.020234 0.053730 0.000000
-0.013962 -0.063812 0.044858 0.000000
0.177329 -0.027062 -0.142555 1.000000
0.036145 -0.041170 -0.344877 1.000000
0.012195 -0.068588 -0.009565 0.000000
0.105331 -0.047255 0.232319 1.000000
-0.017841 -0.018189 0.380800 1.000000
-0.144455 -0.024783 -0.087429 0.000000
0.046666 -0.034649 0.119886 1.000000
0.250782 -0.037946 0.168079 1.000000
-0.050664 -0.029365 -0.526520 1.000000
0.063054 -0.013074 -0.095599 1.000000
0.808802 -0.019013 0.033367 0.000000
-0.746087 0.281705 -0.023989 2.000000
0.168578 -0.138889 -0.267085 3.000000
-0.672368 0.066972 0.050143 2.000000
-0.535572 0.071845 -0.064739 0.000000
-0.451744 0.000477 0.047937 0.000000
-0.190830 -0.007886 -0.659146 1.000000
0.778888 0.137613 -0.007141 0.000000
-0.105523 -0.030504 -0.357725 1.000000
-0.464083 -0.032298 -0.004547 0.000000
0.281496 0.023555 -0.097659 3.000000
-0.671616 0.077663 -0.117853 2.000000
-0.284161 0.038779 -0.092738 0.000000
-0.075245 0.051651 -0.090459 0.000000
0.101283 -0.045558 -0.302744 1.000000
0.060751 -0.021922 0.277142 1.000000
0.239558 -0.051619 0.155812 1.000000
0.097162 -0.111350 0.235277 3.000000
0.180578 0.031894 0.070894 0.000000
0.114640 -0.103908 -0.231571 3.000000
0.286781 -0.132440 -0.222892 3.000000
0.778888 0.061445 0.052446 0.000000
-0.092190 -0.042431 -0.559561 3.000000
0.481466 0.128037 0.009707 0.000000
-0.217302 0.077711 0.047040 0.000000
0.290393 -0.061097 -0.077733 1.000000
0.320307 0.104038 -0.029782 0.000000
0.271193 -0.120998 -0.212177 3.000000
-0.082033 -0.073557 0.518032 3.000000
0.040557 -0.057897 0.547777 3.000000
-0.235556 -0.018989 -0.663364 1.000000
0.177426 -0.026213 0.131086 1.000000
0.137137 -0.054770 -0.093271 1.000000
0.029528 -0.009656 -0.095599 1.000000
0.007831 -0.036128 0.417138 1.000000
0.288599 -0.076200 -0.243910 3.000000
-0.770741 0.081881 -0.247522 2.000000
-0.691689 0.067675 0.045343 2.000000
-0.295942 -0.013874 -0.680043 1.000000
-0.769795 0.317535 -0.020377 2.000000
-0.074857 -0.032080 0.454568 1.000000
-0.103608 0.049591 -0.091308 0.000000
-0.753796 0.156473 -0.019164 2.000000
-0.204720 -0.028371 0.481937 1.000000
0.128240 -0.032080 -0.100786 1.000000
-0.198078 -0.020371 -0.527877 1.000000
-0.636660 0.082705 0.023598 2.000000
-0.077888 -0.014480 0.470058 1.000000
-0.731227 0.073639 -0.102144 2.000000
0.007904 -0.068588 0.014725 0.000000
0.351628 0.023725 -0.097441 0.000000
-0.768656 0.296566 -0.023770 2.000000
-0.030131 -0.024322 -0.345895 1.000000
0.046109 -0.047764 0.218186 1.000000
0.267775 -0.002384 0.070288 1.000000
0.264236 -0.093751 -0.210602 3.000000
-0.122347 -0.009947 0.564504 1.000000
-0.007368 -0.027498 -0.290017 1.000000
0.290732 -0.068370 -0.037928 0.000000
-0.037889 -0.041025 0.113559 1.000000
-0.156649 0.100014 0.007962 0.000000
0.010522 -0.066188 0.038022 0.000000
0.005601 -0.039522 0.325505 1.000000
-0.780559 0.126170 -0.014049 3.000000
0.124337 -0.052394 -0.147694 1.000000
-0.486797 0.096402 -0.039794 0.000000
-0.593994 0.077372 0.089342 2.000000
0.170930 -0.085751 0.218186 3.000000
-0.095754 -0.025559 0.363346 1.000000
-0.805043 0.222750 -0.010195 2.000000
-0.042349 0.090365 0.031186 0.000000
0.137670 -0.083133 0.218186 3.000000
-0.548056 0.114583 -0.013637 2.000000
-0.403357 0.047433 0.059015 0.000000
-0.555450 0.072330 -0.078387 2.000000
0.159294 0.033203 0.070724 0.000000
-0.018617 -0.049316 0.504530 3.000000
0.115610 -0.061461 0.218186 1.000000
0.136918 -0.047085 -0.281266 1.000000
0.595984 -0.051643 0.017925 0.000000
0.199923 -0.082575 -0.257461 3.000000
0.005989 -0.129919 -0.568046 3.000000
0.390366 0.078123 0.055694 0.000000
-0.077209 0.102098 -0.007747 0.000000
0.142858 -0.112223 -0.273727 3.000000
-0.730281 0.085420 -0.289460 2.000000
0.810572 -0.031668 -0.047503 0.000000
-0.777383 0.077541 0.159206 2.000000
-0.018447 -0.039522 0.115692 1.000000
-0.118347 -0.052831 0.533887 3.000000
-0.186200 -0.023377 0.513233 1.000000
0.176360 -0.079981 0.247786 3.000000
0.467188 0.115262 0.030313 0.000000
-0.104457 -0.030383 -0.459346 1.000000
-0.374146 0.020137 0.063185 0.000000
0.694284 0.046027 0.058724 0.000000
-0.602115 0.094802 -0.039334 2.000000
0.113695 -0.105265 0.230598 3.000000
-0.147946 0.059651 -0.087138 0.000000
0.999488 0.028210 0.001465 0.000000
-0.141692 0.059021 0.061730 0.000000
0.841020 -0.037995 -0.032473 0.000000
0.091174 -0.049097 -0.195717 1.000000
-0.215363 -0.036831 -0.075817 0.000000
0.684539 0.094777 0.047525 0.000000
-0.051925 -0.111229 0.559074 3.000000
-0.373346 -0.049291 -0.025176 0.000000
-0.239216 0.087723 0.034046 0.000000
-0.032628 -0.128659 0.502372 3.000000
0.081017 -0.040710 -0.362524 1.000000
-0.710427 0.096741 0.004568 2.000000
-0.100239 -0.028128 -0.367009 1.000000
-0.213423 0.102704 -0.013225 0.000000
0.311774 -0.056467 -0.098071 1.000000
0.136409 -0.126986 0.206211 3.000000
-0.064506 -0.012904 0.482785 1.000000
-0.746038 0.069517 0.025925 2.000000
0.045745 0.097299 0.015501 0.000000
0.056363 -0.092829 0.491027 3.000000
-0.051585 -0.018480 0.514978 1.000000
0.131803 0.009422 -0.097514 1.000000
-0.296912 -0.026746 0.052252 0.000000
-0.028507 -0.055812 0.054312 0.000000
0.202104 -0.024686 -0.094071 1.000000
0.018207 -0.038601 -0.118095 1.000000
-0.704609 0.076669 0.101511 2.000000
-0.615642 0.171502 -0.005225 2.000000
-0.070179 -0.071618 -0.517963 3.000000
-0.266658 -0.013220 0.632163 1.000000
0.435649 -0.039789 0.044494 0.000000
-0.703106 0.253585 -0.021298 2.000000
0.247315 0.101589 -0.021686 0.000000
0.155294 -0.070357 0.224635 3.000000
0.163536 -0.107908 0.260222 3.000000
0.698696 0.054609 -0.083357 0.000000
0.467673 0.026488 0.069488 0.000000
0.153548 -0.051788 0.165655 1.000000
0.456546 0.125080 -0.031673 0.000000
0.034497 -0.080903 0.496239 3.000000
-0.428932 -0.006674 -0.073490 0.000000
-0.244671 -0.018238 -0.652553 1.000000
-0.747202 0.074269 0.119595 2.000000
0.176432 -0.122186 0.254961 3.000000
-0.388352 -0.044588 -0.036982 0.000000
0.008558 -0.036249 0.135086 1.000000
0.191390 -0.024540 -0.172348 1.000000
0.445225 0.004768 -0.093223 0.000000
0.009770 -0.064127 -0.535417 3.000000
-0.648587 0.074366 0.026677 2.000000
-0.168940 -0.024831 0.503027 1.000000
0.158445 -0.075206 -0.232661 3.000000
-0.096845 -0.111471 -0.556337 3.000000
-0.312039 0.037252 -0.091453 0.000000
0.644443 -0.049340 0.015113 0.000000
0.563646 0.136231 -0.027237 0.000000
0.028873 -0.028589 0.215205 1.000000
0.167536 -0.119762 0.260731 3.000000
-0.701216 0.072863 -0.068763 2.000000
-0.485319 0.072839 0.041900 0.000000
0.048751 -0.061291 -0.259691 1.000000
0.153015 -0.132125 -0.223328 3.000000
0.280720 -0.135859 -0.247207 3.000000
-0.012871 -0.131107 0.508287 3.000000
0.010013 0.046051 0.067112 0.000000
-0.044555 -0.116247 0.556916 3.000000
-0.716173 0.074220 0.073997 2.000000
0.200189 0.026804 0.071548 0.000000
0.694794 0.035288 -0.083987 0.000000
0.116071 -0.046746 -0.286236 1.000000
-0.329590 0.080111 -0.068230 0.000000
0.122373 -0.050479 -0.192396 1.000000
0.843662 0.090753 0.040131 0.000000
-0.053694 -0.050576 -0.562567 3.000000
-0.680731 0.082681 -0.226116 2.000000
-0.121765 -0.028225 0.512893 1.000000
0.215171 -0.068588 -0.028982 0.000000
-0.265349 0.012137 -0.095187 0.000000
0.080144 -0.032637 0.115329 1.000000
-0.114056 -0.025195 -0.597572 1.000000
-0.127026 -0.092902 -0.566373 3.000000
0.132216 -0.025704 0.300826 1.000000
0.080896 -0.031401 -0.155936 1.000000
0.168942 -0.043740 0.250113 1.000000
-0.142104 -0.025971 0.558395 1.000000
-0.078542 -0.032783 -0.353094 1.000000
-0.268670 -0.063400 -0.010171 0.000000
-0.706888 0.076790 -0.130943 2.000000
0.194202 -0.054988 -0.153197 1.000000
0.072799 -0.031328 -0.164979 1.000000
0.977089 0.030900 -0.037419 0.000000
0.024194 -0.062624 0.534396 3.000000
0.027879 -0.017559 0.410520 1.000000
-0.635181 0.041470 -0.052788 2.000000
0.434292 -0.059739 -0.041491 0.000000
0.064411 0.078948 0.046094 0.000000
-0.647666 0.159745 0.005417 2.000000
-0.066736 -0.044685 -0.556216 3.000000
-0.205569 -0.012904 -0.609305 1.000000
-0.014835 -0.021389 0.336753 1.000000
0.446728 -0.065218 -0.005953 0.000000
-0.087803 -0.029777 0.515390 1.000000
0.639813 0.046342 -0.087502 0.000000
0.186493 -0.129992 0.259664 3.000000
-0.120093 -0.033825 -0.418014 1.000000
-0.115002 -0.093993 0.519826 3.000000
0.187511 -0.055837 -0.125610 1.000000
-0.072094 -0.033195 0.386763 1.000000
0.563937 -0.048006 0.028446 0.000000
0.060048 -0.057049 0.218186 1.000000
0.203826 -0.098696 0.180272 3.000000
0.300356 0.011701 0.072081 1.000000
0.235146 -0.068345 0.029513 0.000000
0.616565 0.051482 -0.088278 0.000000
-0.155582 -0.009220 0.625617 1.000000
0.036849 -0.042091 0.288584 1.000000
0.027734 -0.047328 -0.548362 3.000000
0.774791 0.060669 -0.078411 0.000000
0.055103 -0.089896 -0.585815 3.000000
0.101162 -0.092175 0.230938 3.000000
-0.508033 0.075287 0.038822 0.000000
-0.027125 -0.042746 0.084905 1.000000
-0.074203 -0.019256 0.069463 0.000000
0.058569 -0.043255 0.285118 1.000000
-0.033113 0.061203 0.060373 0.000000
0.407650 -0.057243 0.022216 0.000000
-0.022689 -0.043522 -0.094968 1.000000
-0.143801 -0.012759 -0.562349 1.000000
0.715351 0.015822 0.054627 0.000000
0.014619 -0.064539 0.538759 3.000000
-0.769577 0.082050 0.224077 2.000000
0.783252 0.084159 -0.072811 0.000000
0.241715 -0.109241 0.268585 3.000000
0.627838 -0.056661 -0.001638 0.000000
-0.119729 -0.054964 -0.058485 0.000000
0.964216 0.045906 0.009513 0.000000
-0.014932 -0.035740 0.165461 1.000000
0.550919 -0.006165 0.058942 0.000000
0.217837 0.093783 -0.049636 0.000000
-0.306996 -0.012880 0.691167 1.000000
-0.394291 -0.038528 -0.048545 0.000000
-0.619715 0.064136 -0.071502 2.000000
0.397614 -0.066261 -0.007674 0.000000
0.163803 -0.076394 -0.259497 3.000000
-0.193448 -0.022698 0.543704 1.000000
-0.034519 -0.027837 0.287348 1.000000
0.108822 0.001689 0.070821 1.000000
0.193765 -0.141992 0.197945 3.000000
0.320356 0.062924 -0.086557 0.000000
0.177014 -0.078939 0.204150 3.000000
-0.704924 0.239525 -0.000135 2.000000
0.157888 0.049857 0.065536 0.000000
0.211122 0.006028 0.071378 1.000000
0.532883 0.063166 0.065100 0.000000
0.282902 -0.082963 -0.233849 3.000000
-0.163873 -0.037316 0.051888 0.000000
0.433928 0.099553 0.042773 0.000000
-0.310948 -0.006820 -0.087429 0.000000
-0.623569 0.078705 -0.097974 2.000000
-0.121183 -0.054261 0.518032 1.000000
0.363142 0.056136 0.065342 0.000000
-0.032313 -0.036686 0.308438 1.000000
-0.062300 -0.031231 -0.300417 1.000000
-0.051149 -0.036055 -0.273679 1.000000
-0.060797 -0.069727 0.518032 3.000000
-0.001817 -0.039546 0.280972 1.000000
-0.132868 -0.012711 -0.555828 1.000000
-0.693143 0.081857 0.169679 2.000000
0.575258 0.089178 0.055306 0.000000
0.009504 -0.079739 0.567461 3.000000
0.153427 -0.025243 0.273191 1.000000
-0.733093 0.195235 -0.001735 2.000000
0.027831 -0.048952 0.094069 1.000000
0.027128 -0.052661 -0.528605 3.000000
0.650989 -0.051643 -0.035673 0.000000
0.449467 -0.001874 0.064833 0.000000
-0.166418 -0.009486 0.642999 1.000000
0.298611 0.004356 -0.096835 0.000000
0.098810 -0.048443 -0.218383 1.000000
0.906133 0.009083 -0.059212 0.000000
0.192820 -0.024734 0.142770 1.000000
-0.297348 -0.013632 0.717978 1.000000
-0.085572 -0.031643 0.292899 1.000000
-0.427138 0.102050 -0.007480 0.000000
0.901527 0.094802 -0.019455 0.000000
0.164142 -0.022504 0.236998 1.000000
0.798936 0.048864 -0.078120 0.000000
-0.425902 0.003822 -0.078969 0.000000
-0.116796 -0.019692 0.440192 1.000000
-0.006496 -0.014723 -0.453843 1.000000
-0.801358 0.298699 -0.020328 2.000000
0.806451 0.138049 -0.015989 0.000000
0.504472 0.107504 -0.068812 0.000000
0.061721 -0.020856 -0.317992 1.000000
0.425710 0.121855 -0.004013 0.000000
-0.078760 -0.100272 -0.584046 3.000000
0.879685 0.116110 -0.022704 0.000000
0.781749 0.131019 0.012204 0.000000
-0.793334 0.277924 -0.020328 2.000000
-0.203072 0.078366 0.046482 0.000000
-0.060773 -0.016492 -0.457407 1.000000
-0.696876 0.082487 0.181921 2.000000
0.021043 -0.068588 0.026919 0.000000
-0.032992 -0.116805 0.558928 3.000000
-0.679349 0.081154 -0.175063 2.000000
-0.206102 -0.009123 0.626708 1.000000
-0.734572 0.150849 -0.004256 2.000000
-0.770838 0.083747 0.250137 2.000000
0.171584 -0.066939 0.035064 0.000000
-0.743590 0.214410 -0.002123 2.000000
0.236891 -0.101266 0.252295 3.000000
0.144167 -0.049534 0.219520 1.000000
0.926205 0.051651 0.025077 0.000000
0.702793 0.138025 -0.009201 0.000000
-0.593122 0.120789 -0.030607 2.000000
0.512423 -0.050212 0.029440 0.000000
-0.779492 0.077808 -0.195208 2.000000
0.724296 0.080620 -0.076884 0.000000
0.127682 -0.106090 -0.253922 3.000000
-0.099972 -0.101581 0.505160 3.000000
0.509126 0.076645 0.061124 0.000000
-0.543135 0.057178 0.043719 0.000000
-0.136359 -0.016904 -0.546228 1.000000
-0.730839 0.108353 -0.019674 3.000000
-0.064797 -0.113944 0.554056 3.000000
0.303386 -0.065024 -0.068302 0.000000
-0.165109 0.056257 -0.088350 0.000000
0.923830 0.078608 -0.006147 0.000000
0.505005 -0.050309 -0.055406 0.000000
0.238273 -0.120077 -0.292466 3.000000
0.099829 -0.047813 -0.234625 1.000000
-0.250222 -0.056491 -0.046921 0.000000
0.174784 -0.050140 -0.235886 1.000000
-0.160237 -0.057533 0.027889 0.000000
0.283339 -0.080369 0.213338 3.000000
-0.275167 0.011725 -0.094629 0.000000
0.423529 -0.028516 -0.078678 0.000000
0.088338 -0.022213 0.348922 1.000000
0.279702 -0.043716 0.133195 1.000000
0.256188 0.012040 0.072178 1.000000
-0.152407 -0.025971 0.541062 1.000000
-0.428617 -0.005147 0.049052 0.000000
-0.082978 -0.115229 0.539026 3.000000
-0.575595 0.069081 -0.099502 2.000000
-0.291191 0.033567 0.067379 0.000000
-0.755711 0.082414 -0.249728 2.000000
0.195002 -0.004541 -0.095671 1.000000
-0.085475 -0.114308 -0.555828 3.000000
0.641753 -0.053388 -0.033903 0.000000
-0.707349 0.067578 0.028058 2.000000
-0.771298 0.075093 0.122019 2.000000
0.104653 -0.042285 -0.335956 1.000000
-0.019562 -0.017098 -0.422159 1.000000
0.124022 -0.020686 0.255179 1.000000
-0.212793 -0.018674 0.062385 0.000000
-0.413005 0.047627 -0.083793 0.000000
0.192068 -0.040492 -0.258940 1.000000
0.269060 -0.032249 -0.167451 1.000000
0.766452 -0.030868 0.026361 0.000000
-0.491888 0.057809 -0.074411 0.000000
0.279484 -0.031425 0.126407 1.000000
-0.448107 -0.027328 -0.047721 0.000000
0.347385 0.099505 0.027840 0.000000
0.197014 0.100668 0.003114 0.000000
0.665000 -0.035789 -0.056521 0.000000
-0.530117 0.060378 0.044349 0.000000
-0.076166 -0.120707 -0.529889 3.000000
-0.430702 0.032646 0.058506 0.000000
0.174881 -0.031401 0.254234 1.000000
-0.781650 0.148885 -0.010583 2.000000
0.010061 -0.041558 0.220538 1.000000
-0.695882 0.070463 0.095281 2.000000
-0.737093 0.084402 -0.265315 2.000000
0.085647 -0.043401 -0.335446 1.000000
0.027831 -0.042285 0.265676 1.000000
0.144942 -0.047934 0.243495 1.000000
-0.034277 -0.036419 -0.393360 1.000000
0.668782 -0.023425 -0.066921 0.000000
-0.011126 -0.038431 -0.346549 1.000000
0.881285 0.090317 -0.051333 0.000000
0.265909 -0.066673 0.230235 3.000000
-0.676392 0.068257 0.071063 2.000000
0.051781 -0.081581 -0.586373 3.000000
-0.040846 -0.067885 0.016010 0.000000
-0.654890 0.039821 0.019816 2.000000
-0.064967 -0.121532 0.531826 3.000000
-0.139874 -0.016904 0.527802 1.000000
0.123222 0.077008 -0.073927 0.000000
0.021722 -0.054115 -0.081999 1.000000
0.276211 -0.115617 0.185751 3.000000
-0.269470 -0.060103 -0.036134 0.000000
0.734671 0.118389 0.029367 0.000000
0.167608 -0.114429 -0.287836 3.000000
-0.061209 -0.036855 0.199181 1.000000
0.092314 0.101104 -0.000304 0.000000
0.040339 -0.085799 -0.589015 3.000000
0.036800 -0.117677 -0.543489 3.000000
0.623329 0.065324 0.060785 0.000000
-0.700391 0.083675 -0.230528 2.000000
-0.015489 -0.038164 -0.091017 1.000000
-0.065767 -0.020274 0.532335 1.000000
-0.198030 -0.021462 -0.650492 1.000000
-0.043828 -0.058309 0.494373 3.000000
-0.177352 -0.048225 0.039913 0.000000
0.242152 -0.083351 -0.211886 3.000000
-0.564322 0.017277 -0.058388 0.000000
0.309204 0.083360 0.042361 0.000000
0.660588 0.136982 -0.022704 0.000000
-0.185691 -0.010771 0.669325 1.000000
0.020340 -0.025001 -0.291957 1.000000
-0.336668 0.085178 0.035816 0.000000
-0.319772 0.005980 -0.090775 0.000000
0.564058 0.110825 -0.067527 0.000000
0.020025 -0.042407 -0.245194 1.000000
-0.716682 0.164303 -0.024473 2.000000
-0.059052 -0.032928 0.249095 1.000000
-0.089936 -0.074721 0.525766 3.000000
0.351628 -0.027425 0.067863 3.000000
-0.093596 -0.116780 -0.544095 3.000000
0.171705 -0.101750 0.263179 3.000000
-0.123535 -0.028904 -0.402281 1.000000
-0.022083 -0.018044 -0.411008 1.000000
-0.089887 -0.030237 0.495148 1.000000
-0.010083 -0.040419 -0.287981 1.000000
-0.358292 -0.009123 0.056470 0.000000
0.559210 -0.039013 -0.063794 0.000000
0.123270 -0.086987 -0.248419 3.000000
-0.022398 -0.015329 -0.448171 1.000000
-0.195024 -0.011741 0.586128 1.000000
0.694891 0.106922 0.040107 0.000000
-0.730669 0.079505 0.237580 2.000000
0.261303 -0.026916 0.123692 1.000000
-0.620563 0.064669 -0.081102 2.000000
0.520156 0.075481 -0.087090 0.000000
-0.249713 0.079432 -0.070460 0.000000
0.462897 0.067821 -0.089199 0.000000
0.420329 0.058172 -0.091623 0.000000
0.250297 -0.025898 0.125025 1.000000
0.069235 -0.049752 0.075500 1.000000
-0.067512 0.066560 0.056252 0.000000
0.486581 0.019652 -0.093950 0.000000
0.010425 0.029300 0.071233 0.000000
-0.042689 -0.037825 -0.189414 1.000000
-0.793843 0.318068 -0.003310 2.000000
-0.062034 -0.034383 -0.257146 1.000000
0.401178 0.037300 -0.095623 0.000000
-0.325759 0.087408 -0.058800 0.000000
-0.275288 0.034003 0.068154 0.000000
-0.163316 -0.067788 -0.014656 0.000000
-0.816849 0.253827 -0.015310 2.000000
-0.736681 0.289026 -0.006510 2.000000
0.101574 -0.022383 0.241555 1.000000
0.029431 -0.038770 -0.405311 1.000000
0.854838 0.129419 -0.009444 0.000000
0.262515 -0.113217 -0.290793 3.000000
0.793676 0.087990 0.045488 0.000000
-0.103196 0.017543 -0.098459 0.000000
-0.155849 -0.033922 0.390521 1.000000
0.999997 0.001010 -0.002195 0.000000
0.253885 -0.093339 -0.290623 3.000000
0.912097 -0.029268 -0.003310 0.000000
-0.047270 -0.080515 -0.508339 3.000000
-0.660732 0.065469 -0.057854 2.000000
0.651328 0.135576 -0.030607 0.000000
0.291508 -0.027983 -0.107501 1.000000
0.256018 -0.056443 0.112589 1.000000
-0.002205 -0.065679 -0.565913 3.000000
-0.115438 -0.099714 0.539705 3.000000
-0.710573 0.196084 -0.026946 2.000000
-0.170006 -0.009438 -0.673643 1.000000
-0.156188 -0.063012 -0.040740 0.000000
0.738138 0.137419 -0.019940 0.000000
0.147488 -0.136222 -0.246407 3.000000
0.129379 -0.067279 -0.059357 0.000000
0.061842 -0.027425 -0.093538 1.000000
-0.025792 -0.070430 -0.551634 3.000000
0.132119 -0.029486 -0.132349 1.000000
0.049333 -0.055376 0.540868 3.000000
0.718381 0.112619 -0.060836 0.000000
0.017455 -0.035983 0.129971 1.000000
0.067926 -0.047400 -0.187354 1.000000
-0.449853 0.101904 -0.019358 0.000000
-0.124117 -0.019013 0.064154 0.000000
0.055200 -0.067933 0.552722 3.000000
0.048194 -0.023401 -0.290066 1.000000
0.072508 0.101711 -0.020837 0.000000
-0.281470 0.006247 0.067791 0.000000
0.297544 0.065299 -0.082896 0.000000
0.404887 -0.012032 -0.088399 0.000000
-0.015199 -0.038237 0.290936 1.000000
-0.111729 -0.028686 0.345407 1.000000
0.945356 0.062221 0.004447 0.000000
0.898545 0.098559 -0.011213 0.000000
0.236649 0.050754 0.065148 0.000000
-0.004944 -0.035061 0.432992 1.000000
-0.603861 0.075481 0.114965 2.000000
-0.070955 -0.086260 -0.587197 3.000000
-0.248525 -0.006020 0.696549 1.000000
0.106907 -0.014213 0.069924 0.000000
-0.747638 0.076838 -0.161536 2.000000
0.832268 0.136182 -0.008353 0.000000
0.151706 0.017301 -0.098483 3.000000
0.136191 -0.048273 0.238356 1.000000
-0.067949 -0.035377 0.266282 1.000000
0.029285 -0.079739 -0.508848 3.000000
0.017479 -0.016274 -0.409360 1.000000
-0.098881 -0.045873 -0.080593 0.000000
0.191802 -0.100902 0.181290 3.000000
0.062884 -0.046697 0.178333 1.000000
0.901164 0.031119 0.037513 0.000000
-0.040846 -0.002141 -0.095987 0.000000
0.063539 -0.054018 0.056445 1.000000
-0.217496 -0.009656 -0.652528 1.000000
0.236479 -0.057897 -0.124059 1.000000
-0.667641 0.070584 -0.150409 2.000000
0.699424 0.121055 0.027792 0.000000
0.030182 -0.072830 0.500336 3.000000
0.805506 0.137152 -0.004935 0.000000
-0.350971 0.023337 -0.090896 0.000000
0.094495 -0.018989 -0.332247 1.000000
0.172602 -0.091278 0.233774 3.000000
0.096653 -0.075666 0.233653 1.000000
0.191341 -0.068588 -0.044812 0.000000
-0.311505 0.073736 0.048325 0.000000
0.931781 0.072596 -0.000280 0.000000
0.619984 -0.014383 -0.076157 0.000000
-0.758596 0.077784 0.179230 2.000000
-0.605776 0.075675 -0.142894 2.000000
0.232116 -0.026456 -0.115259 1.000000
0.571476 -0.047740 -0.053636 0.000000
0.257230 -0.064394 -0.250746 3.000000
-0.661120 0.035361 0.013441 2.000000
0.001625 -0.055837 0.553159 3.000000
-0.034665 -0.039740 0.165897 1.000000
0.330731 0.097541 0.026919 0.000000
-0.788025 0.084572 0.269603 2.000000
0.382415 -0.045946 0.042458 0.000000
0.174881 -0.081096 -0.243861 3.000000
-0.009647 -0.018019 -0.403178 1.000000
0.086059 -0.074188 0.229919 1.000000
0.181257 -0.122307 -0.281509 3.000000
0.787809 0.022852 0.051306 0.000000
0.157912 -0.133143 0.206817 3.000000
-0.233520 -0.012323 -0.638589 1.000000
0.888485 -0.017365 0.021853 0.000000
-0.709336 0.075287 -0.110580 2.000000
0.169111 -0.142525 0.230986 3.000000
-0.512736 -0.016104 -0.039649 0.000000
0.277181 -0.068588 -0.017492 0.000000
0.137743 -0.021631 -0.252831 1.000000
0.176723 -0.142210 -0.270382 3.000000
-0.076627 -0.079545 0.559510 3.000000
-0.276064 -0.015353 0.618733 1.000000
-0.741772 0.084378 -0.314574 2.000000
0.221522 -0.127398 0.263761 3.000000
-0.774935 0.181757 -0.007965 2.000000
-0.363674 0.015143 -0.088932 0.000000
0.138737 0.096911 -0.042073 0.000000
-0.383285 0.013083 0.061633 0.000000
0.249327 -0.066964 -0.231837 3.000000
0.202953 0.097759 -0.040012 0.000000
-0.006738 -0.133216 0.531923 3.000000
0.086496 -0.041485 -0.353773 1.000000
0.071248 -0.049364 0.092881 1.000000
-0.735202 0.062124 0.005029 2.000000
0.051030 0.100086 0.007404 0.000000
0.081502 -0.029316 -0.179960 1.000000
0.155754 0.099480 0.010192 0.000000
-0.000435 -0.043328 -0.151912 1.000000
-0.141062 -0.027013 -0.548628 1.000000
0.300817 -0.053824 0.093341 1.000000
-0.617242 0.078802 0.069027 2.000000
-0.068336 -0.030043 -0.320465 1.000000
-0.049355 -0.079327 0.489548 3.000000
0.255315 -0.068588 0.001853 0.000000
0.243631 -0.068588 -0.020667 0.000000
0.781506 -0.046431 -0.023528 0.000000
0.653049 0.103868 0.043500 0.000000
-0.131438 -0.019329 0.456265 1.000000
-0.030786 -0.037122 0.280415 1.000000
-0.280330 -0.015086 -0.732769 1.000000
-0.022641 -0.057291 0.555050 3.000000
0.120676 -0.004347 -0.095696 1.000000
-0.059488 -0.033777 -0.445819 1.000000
0.301568 -0.016807 -0.095599 1.000000
-0.193715 -0.018189 -0.696624 1.000000
-0.352183 -0.053267 -0.010947 0.000000
0.158809 -0.022238 -0.233292 1.000000
-0.060240 -0.049800 0.526832 3.000000
0.250636 -0.068588 0.022943 0.000000
-0.290682 -0.008686 -0.723532 1.000000
-0.620054 0.076208 0.032931 2.000000
-0.050713 -0.013001 -0.515902 1.000000
-0.127753 -0.015983 0.486736 1.000000
0.404741 0.026052 -0.096762 0.000000
-0.671592 0.076014 -0.213947 2.000000
0.275702 -0.130283 -0.266818 3.000000
-0.826254 0.334116 -0.007407 2.000000
-0.342729 0.019386 0.065269 0.000000
-0.043343 -0.013123 -0.499393 1.000000
0.105550 -0.048346 -0.227619 1.000000
0.517756 0.123431 0.026968 0.000000
0.228722 -0.110259 0.243446 3.000000
0.086253 -0.061970 0.047015 1.000000
-0.004920 -0.068588 0.017150 0.000000
0.188626 -0.130865 -0.285169 3.000000
-0.088554 -0.110332 0.507415 3.000000
0.015807 -0.115762 -0.584870 3.000000
0.042400 -0.048394 -0.085417 1.000000
0.219728 -0.053461 -0.183039 1.000000
-0.434217 0.054730 -0.079623 0.000000
-0.673871 0.081250 -0.045782 2.000000
0.612760 -0.027716 0.043040 0.000000
0.250200 -0.117217 -0.206868 3.000000
0.034836 -0.017826 -0.377094 1.000000
0.284599 -0.057170 -0.114338 1.000000
-0.732875 0.081057 0.258646 2.000000
0.017504 -0.042625 -0.219038 1.000000
0.238467 -0.041655 0.180563 1.000000
-0.724803 0.082390 -0.226674 2.000000
0.683909 0.027264 0.058191 0.000000
0.335410 0.074657 -0.079236 0.000000
-0.792340 0.081760 -0.254382 2.000000
-0.191266 0.086414 -0.061733 0.000000
0.200868 -0.006432 0.069924 1.000000
-0.117377 -0.023886 -0.424002 1.000000
0.120846 -0.053243 0.079790 1.000000
0.803833 -0.000444 0.043719 0.000000
0.056872 -0.046503 0.159255 1.000000
0.503623 0.091723 -0.079623 0.000000
-0.382752 0.073348 0.046506 0.000000
-0.657702 0.075602 -0.077345 2.000000
0.331846 0.107335 -0.018704 0.000000
-0.496955 0.048936 0.050409 0.000000
-0.107341 -0.012371 -0.600772 1.000000
0.082520 0.100135 -0.032764 0.000000
0.391457 -0.063036 0.010920 0.000000
0.156627 -0.142889 -0.239886 3.000000
-0.673653 0.067869 -0.091914 2.000000
0.257133 0.090365 0.031186 0.000000
-0.307384 0.087990 -0.058412 0.000000
-0.187945 -0.015304 -0.570082 1.000000
-0.735542 0.136400 -0.005153 3.000000
-0.727178 0.072620 0.107038 2.000000
-0.158201 0.066875 -0.081611 0.000000
-0.114444 -0.029486 0.458980 1.000000
-0.104263 -0.085290 -0.550277 3.000000
-0.061840 -0.054382 0.514396 3.000000
0.657267 0.050318 -0.086120 0.000000
0.596081 0.075529 0.058942 0.000000
-0.244695 0.026755 -0.095550 0.000000
0.262345 -0.084563 0.188927 3.000000
-0.008217 -0.075763 -0.507078 3.000000
-0.093039 -0.036952 -0.551101 1.000000
0.051175 -0.105120 0.558128 3.000000
0.693606 -0.045849 -0.040206 0.000000
0.016219 -0.019644 0.338741 1.000000
0.106325 -0.124004 0.227665 3.000000
-0.291724 0.098583 0.011719 0.000000
-0.810958 0.205223 -0.012134 2.000000
-0.212963 -0.011959 -0.727266 1.000000
0.572009 -0.029995 -0.070630 0.000000
-0.476834 -0.026577 0.009004 0.000000
-0.258658 -0.016541 0.697518 1.000000
0.035636 -0.091642 -0.509042 3.000000
0.177232 -0.062915 -0.071575 1.000000
0.011104 -0.060855 0.527463 3.000000
-0.063537 -0.061315 -0.531829 3.000000
0.893309 0.064936 -0.059066 0.000000
-0.048143 -0.033995 -0.457334 1.000000
-0.090857 -0.029777 -0.535683 1.000000
-0.363964 0.001616 0.060421 0.000000
0.503938 0.025422 0.068251 0.000000
0.103901 -0.028104 0.148491 1.000000
-0.618430 0.082269 0.025634 2.000000
-0.105717 -0.055885 -0.057273 0.000000
-0.678695 0.226919 -0.002341 2.000000
-0.287457 0.102365 -0.009880 0.000000
-0.762159 0.083335 -0.308465 2.000000
-0.384327 -0.038601 -0.051939 0.000000
0.356767 0.091165 0.041100 0.000000
0.904121 0.005447 0.032543 0.000000
