-0.771966 0.046672 0.070807 2.000000
0.966976 -0.029178 0.040226 0.000000
0.307583 -0.049766 -0.094192 1.000000
0.318914 -0.061752 -0.261375 3.000000
0.317658 -0.082421 -0.041113 0.000000
-0.049282 0.009839 -0.567699 1.000000
0.301494 -0.101452 0.017919 0.000000
-0.693385 0.230784 0.024827 2.000000
0.059197 -0.023417 -0.226207 1.000000
-0.042892 -0.043540 0.106575 0.000000
0.170871 -0.052660 -0.144104 1.000000
0.163909 0.109335 0.062179 0.000000
0.574616 0.110591 0.058875 0.000000
0.565388 0.010221 -0.085973 0.000000
-0.001035 -0.053943 -0.128431 1.000000
0.298627 -0.042912 0.108323 1.000000
-0.881291 0.081266 -0.253484 2.000000
-0.070688 -0.015854 0.027339 0.000000
0.025340 0.003395 -0.578621 1.000000
0.375351 -0.052032 0.330905 3.000000
0.325030 -0.122777 -0.313853 3.000000
0.138953 -0.027786 -0.080840 0.000000
-0.160218 -0.096073 0.036131 0.000000
0.046747 -0.168402 -0.175258 3.000000
0.111539 -0.100333 0.095353 0.000000
0.210462 -0.084770 -0.327751 3.000000
-0.213925 -0.002120 0.116568 0.000000
-0.703323 0.152175 -0.000484 2.000000
0.129342 -0.000837 -0.396639 1.000000
-0.234594 0.003723 0.117196 0.000000
0.570712 0.120229 0.011147 0.000000
0.092836 -0.054189 0.010082 0.000000
-0.747146 0.301228 0.015871 2.000000
0.334204 0.048310 0.114821 0.000000
0.214667 -0.016810 0.221880 1.000000
0.304142 -0.015854 0.075203 0.000000
-0.140941 -0.091459 0.054697 0.000000
-0.804867 0.223657 0.028731 2.000000
0.120304 -0.089848 0.010082 0.000000
0.057887 0.012105 -0.085973 0.000000
0.237903 -0.025247 0.108323 1.000000
0.729676 -0.095555 -0.008839 0.000000
-0.073282 0.120557 0.011065 0.000000
-0.046606 -0.005151 0.661421 1.000000
-0.156095 0.101117 -0.043597 0.000000
0.399133 0.074932 0.102425 0.000000
-0.845168 0.068597 0.063298 0.000000
0.027579 -0.015854 -0.063666 0.000000
0.048494 -0.017984 -0.377936 1.000000
-0.784580 0.142646 0.015871 2.000000
0.622808 0.065376 -0.075762 0.000000
0.041095 -0.165699 -0.162998 3.000000
0.175485 -0.013342 -0.180964 1.000000
-0.535294 0.102837 -0.043433 0.000000
0.603750 0.069553 0.105647 0.000000
0.462806 -0.096319 0.033892 0.000000
-0.027493 -0.015854 0.099667 0.000000
-0.767351 0.111110 0.027967 2.000000
0.695137 0.089840 -0.053372 0.000000
-0.226540 -0.096292 0.034055 0.000000
0.059443 0.011122 0.587536 1.000000
-0.816198 0.216285 0.004512 2.000000
0.947208 -0.042503 -0.021945 0.000000
0.070884 -0.030789 -0.279969 1.000000
0.956109 -0.035759 -0.016949 0.000000
-0.064954 0.013525 -0.609993 1.000000
0.119922 -0.022653 -0.339164 1.000000
0.086420 -0.098422 -0.068526 0.000000
-0.893851 0.063191 -0.126056 2.000000
0.250845 -0.051076 0.184665 1.000000
-0.050101 -0.083677 0.071025 0.000000
0.415133 0.063928 -0.076908 0.000000
-0.042701 0.104229 0.070479 0.000000
0.072549 -0.006543 -0.482265 1.000000
-0.747966 0.085499 0.070315 0.000000
0.928423 -0.068305 -0.007419 0.000000
0.012480 -0.017028 0.417514 1.000000
-0.835229 0.203725 0.006669 2.000000
0.099744 -0.013342 -0.416325 1.000000
-0.428180 0.103410 0.073182 0.000000
0.180127 -0.056128 -0.124663 1.000000
0.289890 -0.097248 -0.337416 3.000000
0.384252 -0.031226 0.010082 0.000000
0.355774 -0.073984 -0.051079 0.000000
0.059197 -0.173754 0.192747 3.000000
0.089423 -0.015854 0.001536 0.000000
-0.104272 0.023682 -0.085973 0.000000
0.261166 -0.023772 0.115585 1.000000
-0.795857 0.050495 -0.015829 2.000000
-0.779420 0.105103 -0.016184 0.000000
-0.349845 -0.075595 -0.044253 0.000000
-0.055589 -0.094790 -0.012307 0.000000
-0.372944 0.111083 0.059230 0.000000
-0.055917 -0.015854 0.103763 0.000000
-0.885605 0.320587 0.021359 2.000000
-0.849127 0.174264 0.015871 2.000000
-0.471130 -0.035513 -0.068635 0.000000
-0.700620 -0.023936 0.024581 0.000000
0.186980 -0.031117 -0.294740 3.000000
-0.816362 0.062317 0.091776 2.000000
0.178434 -0.046216 -0.282535 1.000000
0.048713 -0.100661 0.077332 0.000000
-0.764184 0.059669 -0.124854 2.000000
-0.910834 0.080557 0.290741 2.000000
0.148427 0.120694 0.016936 0.000000
-0.727760 0.129622 0.032226 2.000000
0.810442 -0.060551 0.086889 0.000000
0.091553 -0.035295 0.010082 0.000000
-0.575131 -0.044769 -0.030055 0.000000
0.280579 -0.101452 0.029605 0.000000
0.264224 -0.100033 -0.064649 0.000000
-0.288165 0.062973 -0.077509 0.000000
0.135267 0.017894 0.117715 0.000000
-0.852840 0.070263 -0.152650 2.000000
-0.129938 0.026440 0.847389 1.000000
-0.177747 -0.014052 -0.083543 0.000000
0.700980 -0.015308 0.114439 0.000000
0.228264 -0.086517 -0.232187 3.000000
0.089614 -0.004496 -0.498101 1.000000
0.244974 -0.023035 -0.144404 1.000000
-0.077459 -0.015854 -0.058123 0.000000
-0.244533 0.093171 0.085660 0.000000
0.176113 -0.074531 0.326728 3.000000
0.023047 -0.015854 0.005823 0.000000
0.056576 0.110646 -0.027816 0.000000
-0.088108 0.024256 -0.787742 1.000000
0.279323 -0.065302 -0.327751 3.000000
-0.004885 -0.070763 0.085824 0.000000
0.092372 -0.039499 0.254290 1.000000
-0.906902 0.043095 0.043694 0.000000
0.014637 -0.029998 0.317008 1.000000
-0.080627 0.116762 0.045632 0.000000
0.045900 0.014726 0.606786 1.000000
-0.126033 0.037116 -0.859115 1.000000
0.851862 -0.065193 0.073455 0.000000
-0.462338 -0.050612 -0.056840 0.000000
0.250790 -0.062408 -0.091652 1.000000
-0.554052 0.129240 0.009509 2.000000
0.110120 -0.055336 -0.129086 1.000000
0.170762 -0.042557 0.010082 0.000000
-0.085814 0.075615 -0.070219 0.000000
-0.768471 0.092297 -0.031256 0.000000
0.401754 0.114031 0.052731 0.000000
0.409290 -0.068797 -0.044744 0.000000
0.160796 0.067642 0.106930 0.000000
-0.754955 0.064038 -0.066642 2.000000
-0.092777 0.115560 -0.017822 0.000000
0.183868 -0.091951 0.053332 0.000000
0.076781 -0.161740 0.227259 3.000000
-0.737563 0.063027 -0.021126 2.000000
0.120058 -0.011267 0.115585 0.000000
-0.711897 0.252299 0.015871 2.000000
-0.851475 0.282033 0.007680 2.000000
-0.594489 0.001211 -0.067734 0.000000
0.297726 -0.051541 0.101742 0.000000
0.664256 -0.003977 -0.084717 0.000000
0.017340 -0.011076 0.470129 1.000000
-0.569861 0.122141 0.002410 2.000000
0.909828 0.025730 0.047407 0.000000
0.051580 -0.089493 0.203368 1.000000
-0.064463 -0.075377 0.021659 0.000000
-0.036449 0.009757 0.584178 1.000000
0.306463 -0.101452 0.062370 0.000000
-0.072736 0.113103 0.054643 0.000000
-0.458105 -0.079090 0.022997 0.000000
-0.218348 0.070700 0.105374 0.000000
0.005600 -0.001028 0.567577 1.000000
-0.568114 -0.053779 0.034465 0.000000
0.708270 -0.142054 0.019147 0.000000
-0.026892 0.023628 -0.659714 1.000000
-0.091985 0.016529 0.744207 1.000000
0.653416 0.032119 -0.085072 0.000000
-0.338814 0.120202 0.006342 0.000000
-0.369176 -0.046025 0.102561 0.000000
0.857678 -0.016728 -0.061154 0.000000
0.041122 -0.080810 -0.178398 1.000000
-0.170594 -0.039445 -0.076663 0.000000
-0.011820 -0.095364 0.042137 0.000000
0.319187 -0.103637 -0.313143 3.000000
0.891644 0.001457 0.082602 0.000000
0.813390 -0.042230 -0.065714 0.000000
-0.172805 -0.048128 0.104363 0.000000
-0.125760 -0.002857 -0.084745 0.000000
-0.986685 0.060051 0.012513 0.000000
-0.785208 0.068324 -0.146861 2.000000
0.794305 0.092079 0.059557 0.000000
-0.793017 0.068161 -0.108281 2.000000
0.331446 0.014754 0.117715 0.000000
0.005518 -0.003676 -0.510169 1.000000
0.612596 -0.026994 0.112828 0.000000
0.653552 -0.070080 -0.054929 0.000000
-0.006715 0.011914 -0.663400 1.000000
0.184059 0.025812 0.117661 0.000000
0.049423 -0.188115 0.196242 3.000000
0.596105 -0.090340 0.057537 0.000000
0.342723 -0.149944 -0.275190 3.000000
0.320880 -0.035513 0.319438 1.000000
-0.793208 0.259535 0.027748 2.000000
0.015156 0.080775 0.098384 0.000000
-0.283387 0.118537 0.038069 0.000000
-0.159290 0.029061 0.878188 1.000000
0.168523 -0.083131 -0.256869 3.000000
0.046392 -0.082749 -0.083625 0.000000
-0.838424 0.077007 -0.225606 2.000000
0.194789 -0.045643 -0.183367 1.000000
-0.243932 -0.032318 -0.079803 0.000000
0.554684 0.078263 -0.068362 0.000000
0.370054 -0.130722 0.279410 3.000000
0.123717 -0.024100 0.358947 1.000000
-0.768580 0.115560 0.004185 0.000000
0.051525 -0.079964 0.215873 1.000000
-0.406528 -0.085834 0.034929 0.000000
-0.778355 0.053853 -0.115817 2.000000
-0.752580 -0.011485 0.012922 0.000000
-0.150798 0.034167 -0.848412 1.000000
0.263486 -0.020168 -0.076553 1.000000
-0.181324 -0.057356 -0.065550 0.000000
0.338928 -0.100060 -0.010669 0.000000
0.147908 0.084570 0.094889 0.000000
0.109164 -0.018584 0.222535 1.000000
-0.485437 0.000119 0.113592 0.000000
0.749717 -0.092169 -0.020471 0.000000
-0.955504 0.046563 0.017618 0.000000
0.196537 -0.050776 -0.070601 0.000000
-0.125269 -0.015854 0.057291 0.000000
0.204291 -0.015690 -0.181374 1.000000
0.030719 -0.029561 -0.223094 1.000000
-0.842519 0.065512 -0.209825 2.000000
0.292074 -0.060414 -0.087011 0.000000
0.711246 -0.145494 0.010410 3.000000
0.437004 -0.033929 0.110862 0.000000
-0.355115 -0.090585 0.041591 0.000000
0.632501 0.118646 0.025864 0.000000
-0.307169 0.012569 -0.085973 0.000000
0.132645 -0.066449 -0.087530 0.000000
0.354982 -0.141507 -0.256050 3.000000
0.788435 0.085362 -0.040840 0.000000
0.209042 -0.072920 0.354742 3.000000
-0.026073 0.024064 0.700657 1.000000
-0.041200 -0.099050 -0.040048 0.000000
-0.825809 0.149390 0.015871 2.000000
0.436785 0.039164 0.116131 0.000000
0.701007 0.035041 -0.083680 0.000000
0.531230 0.049621 0.114384 0.000000
-0.718969 0.196872 0.015871 2.000000
0.348320 -0.098940 0.083913 0.000000
0.092973 -0.019486 0.238590 1.000000
0.886702 -0.040482 0.080855 0.000000
0.584309 -0.096947 0.027830 0.000000
-0.046387 -0.015854 -0.018478 0.000000
0.223322 -0.020468 0.144773 1.000000
0.346354 -0.062790 0.340434 3.000000
0.023429 -0.013479 -0.343068 1.000000
-0.941442 0.094072 0.030861 0.000000
-0.892568 0.294948 0.015871 2.000000
-0.072709 0.045007 0.115476 0.000000
0.026924 -0.005397 -0.493623 1.000000
0.568528 0.080638 -0.066451 0.000000
0.715451 -0.112046 0.019284 0.000000
-0.146730 0.026440 -0.815702 1.000000
-0.151344 0.105294 0.068786 0.000000
0.460622 0.119246 0.034465 0.000000
0.200551 -0.094135 0.021659 0.000000
-0.476945 0.117881 0.042492 0.000000
-0.563117 0.123260 0.015871 2.000000
0.971454 -0.046489 0.028404 0.000000
0.636433 -0.088592 0.062042 0.000000
0.477387 -0.095473 0.041482 0.000000
0.015839 -0.047773 0.104636 0.000000
0.238476 -0.034121 0.021659 0.000000
0.186571 -0.080565 0.075203 0.000000
0.072713 -0.021561 0.252133 1.000000
-0.040162 0.005607 0.645749 1.000000
0.170844 -0.034366 -0.256241 1.000000
0.167513 -0.017028 0.169047 1.000000
0.091580 -0.012277 -0.426564 1.000000
0.070747 0.037362 -0.084608 0.000000
-0.589138 0.118045 0.015871 2.000000
0.064904 -0.026011 0.343984 1.000000
0.733117 0.070481 -0.068144 0.000000
0.065095 0.093335 -0.053700 0.000000
0.141410 -0.095500 -0.074151 0.000000
-0.334036 0.109062 -0.031420 0.000000
0.361454 0.027204 0.117497 0.000000
-0.222854 -0.096947 0.007434 0.000000
0.317385 -0.101125 -0.059598 0.000000
0.152468 -0.101452 0.084350 0.000000
0.202134 -0.015854 0.064663 0.000000
-0.622886 0.116434 -0.012989 0.000000
-0.274131 -0.055172 0.098657 0.000000
0.055812 -0.058995 0.212706 1.000000
-0.850902 0.058331 0.053578 2.000000
-0.759215 0.048911 0.102425 2.000000
-0.871735 0.039737 -0.020389 0.000000
0.315501 -0.128920 -0.294713 3.000000
0.708161 0.018713 -0.084854 0.000000
-0.848581 0.065266 0.135599 2.000000
0.378382 0.120475 0.009209 0.000000
-0.792771 0.223220 0.029523 2.000000
0.170980 -0.056974 -0.086710 0.000000
-0.866793 0.314006 0.015871 2.000000
0.276647 -0.152675 0.319028 3.000000
0.048631 -0.041001 -0.126411 1.000000
0.252865 -0.094790 0.260597 3.000000
0.202517 -0.047117 -0.175066 1.000000
0.373658 0.076952 -0.069290 0.000000
0.030474 -0.007499 -0.473200 1.000000
-0.752361 0.060625 0.136500 2.000000
0.182011 -0.101452 -0.006027 0.000000
0.358559 -0.036551 0.010082 0.000000
-0.014305 0.008993 0.553870 1.000000
0.269548 0.015436 -0.085973 0.000000
-0.645029 0.112038 -0.000484 2.000000
0.257507 -0.061506 -0.062191 0.000000
-0.881073 0.072966 0.223791 2.000000
-0.448413 0.111192 -0.027843 0.000000
0.156700 -0.096183 0.035148 0.000000
0.420348 -0.070080 0.086452 0.000000
0.579176 -0.035731 0.110097 0.000000
0.225588 -0.059595 0.136992 1.000000
-0.653903 0.114823 -0.014873 0.000000
0.018897 -0.165699 0.203450 3.000000
-0.163904 -0.040127 -0.007529 0.000000
0.283064 -0.066339 -0.076553 1.000000
-0.043329 -0.066640 0.010082 0.000000
0.055976 -0.062954 -0.223695 1.000000
0.064303 -0.081821 -0.041959 0.000000
-0.062115 0.030754 -0.737203 1.000000
-0.220587 0.113868 -0.021345 0.000000
0.359843 -0.090558 0.021659 0.000000
0.246585 -0.028441 0.216610 1.000000
0.370873 -0.122995 0.346168 3.000000
0.474192 -0.007827 0.115968 0.000000
-0.376139 -0.084087 -0.026041 0.000000
0.676816 -0.100196 0.016117 0.000000
-0.314568 0.065212 -0.076608 0.000000
-0.197215 -0.091896 -0.021699 0.000000
0.087703 -0.101343 0.041346 0.000000
0.054419 -0.100770 -0.002860 0.000000
0.154024 0.013443 -0.085973 0.000000
0.013245 -0.060305 -0.237811 1.000000
0.634167 -0.081766 0.073892 0.000000
-0.791898 0.210961 0.001727 2.000000
-0.126607 0.019068 -0.735128 1.000000
-0.607131 -0.044687 0.028212 0.000000
-0.446256 0.119711 0.031052 0.000000
-0.328029 -0.018639 0.114166 0.000000
-0.256683 0.019122 0.117715 0.000000
-0.833018 0.303085 0.006123 2.000000
0.293248 0.111164 -0.026805 0.000000
-0.015561 -0.043732 -0.223340 1.000000
0.027115 0.000583 0.460327 1.000000
-0.628401 0.055191 -0.066478 0.000000
-0.420235 -0.040783 -0.070410 0.000000
0.079102 -0.026803 -0.306836 1.000000
0.150584 -0.096811 0.002437 0.000000
0.339091 -0.046872 -0.291873 1.000000
-0.798260 0.062918 -0.173019 2.000000
-0.036203 0.039764 -0.084335 0.000000
0.211472 -0.022653 0.299233 1.000000
-0.404617 0.104475 -0.039420 0.000000
0.014446 -0.100060 -0.003187 0.000000
0.725826 -0.151910 0.025919 3.000000
-0.655787 0.001320 -0.052280 0.000000
-0.658326 0.080529 -0.054683 0.000000
0.272934 -0.127200 0.360203 3.000000
-0.252342 0.038809 -0.084444 0.000000
-0.163904 -0.070626 0.010328 0.000000
0.764352 -0.094408 0.044595 0.000000
0.079839 -0.001492 -0.523330 1.000000
-0.163904 -0.031800 0.063080 0.000000
0.013627 -0.015854 -0.058724 0.000000
-0.190553 -0.036086 0.109906 0.000000
-0.573301 0.106768 0.020676 2.000000
0.364675 -0.042448 -0.077291 0.000000
0.088795 -0.006079 -0.486742 1.000000
0.233370 -0.075077 0.021659 0.000000
-0.424221 -0.003021 0.114985 0.000000
-0.560960 0.115888 -0.017467 0.000000
0.828763 0.080502 -0.027297 0.000000
0.602903 -0.073520 0.083339 0.000000
0.240578 -0.043895 0.321485 3.000000
-0.718177 0.241050 0.005140 2.000000
0.242162 -0.146886 0.322250 3.000000
0.285166 -0.058667 0.010082 0.000000
-0.836212 0.308546 0.025345 2.000000
-0.092777 0.119956 0.027721 0.000000
0.221766 -0.039800 0.252406 1.000000
-0.031097 -0.018939 0.112418 0.000000
0.209479 -0.108115 -0.319887 3.000000
0.174366 -0.079391 -0.086328 0.000000
-0.156914 0.085471 0.093988 0.000000
0.434137 -0.086845 0.066220 0.000000
-0.511267 0.106768 0.010055 2.000000
-0.856363 0.080256 -0.267136 2.000000
0.092918 0.055846 -0.080458 0.000000
0.373331 -0.095118 0.357663 3.000000
-0.731037 0.061389 -0.059761 2.000000
0.592801 -0.021806 -0.082260 0.000000
-0.515744 -0.065411 -0.009112 0.000000
-0.496440 0.034085 -0.084117 0.000000
0.249507 -0.147596 -0.270549 3.000000
-0.909414 0.387345 0.019420 2.000000
0.208332 -0.015854 0.054752 0.000000
0.293466 -0.054189 0.141279 1.000000
0.408771 0.102646 0.072936 0.000000
-0.017636 -0.000782 -0.538211 1.000000
-0.128081 0.024911 -0.796098 1.000000
-0.032217 -0.002502 0.116541 0.000000
0.033695 0.120011 0.027284 0.000000
0.172509 -0.020687 -0.082451 0.000000
0.054228 0.119902 0.003229 0.000000
-0.003629 -0.015854 0.072554 0.000000
-0.773631 0.211725 0.001673 2.000000
-0.038988 -0.090067 -0.026423 0.000000
0.052399 -0.031336 -0.080048 0.000000
0.006337 -0.009110 0.459999 1.000000
-0.136272 -0.032237 -0.062983 0.000000
0.593483 0.030181 0.117114 0.000000
-0.089391 0.035805 0.865601 1.000000
-0.163904 -0.055800 -0.040567 0.000000
0.141929 -0.100961 -0.060635 0.000000
0.381904 0.115642 0.049346 0.000000
0.850852 0.004706 -0.064075 0.000000
0.048085 -0.019431 -0.365895 1.000000
0.766782 0.072502 0.092896 0.000000
0.872040 0.040665 -0.044307 0.000000
0.212237 -0.097712 0.350510 3.000000
0.344962 -0.015854 -0.056621 0.000000
-0.647514 0.110864 -0.023283 0.000000
-0.787311 0.133909 0.028267 2.000000
0.370273 -0.082558 0.072691 0.000000
0.380102 -0.089247 0.044731 0.000000
-0.018728 -0.034667 -0.082342 0.000000
-0.125323 0.027669 -0.766691 1.000000
0.891726 -0.076797 -0.013617 0.000000
0.200332 -0.084114 -0.250098 3.000000
-0.839953 0.401762 0.019994 2.000000
0.602958 -0.070189 -0.054710 0.000000
0.110829 -0.024127 -0.326959 1.000000
-0.896500 0.367386 0.011475 2.000000
-0.383647 -0.085616 0.050493 0.000000
-0.625206 0.140598 0.001973 2.000000
-0.020967 0.023027 0.681189 1.000000
-0.923831 0.382376 0.018028 2.000000
0.005545 -0.012960 -0.365622 1.000000
0.974130 -0.041711 0.003966 0.000000
0.032057 -0.027376 -0.082806 0.000000
0.794196 0.058195 -0.065659 0.000000
-0.536031 0.120584 0.011229 0.000000
0.625893 0.117745 0.034984 0.000000
0.213274 -0.019322 0.152937 1.000000
0.078911 -0.012987 -0.419820 1.000000
-0.084558 -0.085643 -0.036389 0.000000
-0.820294 0.377488 0.020922 2.000000
0.632692 -0.068442 0.088145 0.000000
-0.184055 0.094400 -0.052335 0.000000
-0.844431 0.076379 0.239300 2.000000
-0.240274 0.042358 0.115777 0.000000
0.172946 0.087492 0.092022 0.000000
-0.182416 0.086209 0.093278 0.000000
-0.054906 0.006754 -0.554102 1.000000
-0.288793 -0.032919 0.110889 0.000000
-0.119071 -0.042394 -0.069127 0.000000
-0.751597 0.067642 0.075039 0.000000
0.863848 0.014426 -0.059270 0.000000
-0.030742 0.008255 0.658472 1.000000
0.206230 -0.015827 0.216692 1.000000
0.236264 -0.015854 -0.005863 0.000000
-0.659473 0.165609 0.002055 2.000000
0.072276 0.003368 -0.404066 1.000000
0.046665 -0.181617 -0.161005 3.000000
-0.801891 0.059068 0.190426 2.000000
0.574808 0.119055 0.032936 0.000000
0.124017 0.089895 -0.057932 0.000000
0.662317 0.069089 -0.073632 0.000000
0.097287 0.120639 0.018383 0.000000
-0.652456 0.098632 0.072855 0.000000
0.866224 -0.045179 0.084077 0.000000
-0.044394 0.018331 -0.728575 1.000000
0.406178 -0.006107 -0.084390 0.000000
-0.790150 0.064802 -0.076198 2.000000
0.045982 -0.132388 -0.188391 1.000000
-0.078988 0.010139 0.117715 0.000000
0.669744 -0.037397 -0.077837 0.000000
0.187199 -0.015854 -0.060908 0.000000
0.067198 -0.036660 -0.084362 0.000000
0.093437 -0.079582 0.021659 0.000000
-0.003356 -0.015854 -0.000648 0.000000
0.169670 -0.034421 0.287710 1.000000
-0.061650 0.026604 0.731238 1.000000
-0.001663 -0.041820 0.239136 1.000000
0.043334 -0.021561 0.292434 1.000000
0.495953 0.116298 0.047134 0.000000
0.585401 0.009511 -0.085973 0.000000
0.114051 -0.059595 0.118671 0.000000
0.566398 -0.071746 -0.053181 0.000000
-0.300424 -0.007335 -0.084171 0.000000
-0.318199 0.109690 -0.030055 0.000000
-0.336002 0.038290 0.116405 0.000000
-0.831762 0.053444 -0.131216 2.000000
0.340648 0.005580 0.117415 0.000000
0.674904 -0.060469 0.095080 0.000000
0.382942 0.111219 -0.026669 0.000000
0.050378 0.011969 0.523071 1.000000
0.143704 -0.035349 0.281594 1.000000
-0.285844 0.109253 0.062506 0.000000
-0.203031 0.102809 -0.040922 0.000000
-0.717167 -0.011786 -0.020007 0.000000
0.605934 0.018658 0.117715 0.000000
0.083143 -0.027076 -0.168513 1.000000
-0.061022 0.065403 0.107968 0.000000
0.128850 -0.079500 0.076459 0.000000
0.004890 -0.019950 0.010082 0.000000
-0.504932 -0.037888 -0.060963 0.000000
0.425290 -0.039827 0.000362 0.000000
0.731205 -0.166081 0.010519 3.000000
0.191731 -0.041138 -0.075898 0.000000
0.498302 0.120229 0.025045 0.000000
-0.184491 -0.096947 0.017810 0.000000
0.141847 -0.047745 0.021659 0.000000
0.620678 0.075314 0.101278 0.000000
0.093355 -0.066940 -0.057577 0.000000
-0.056981 0.024611 -0.681175 1.000000
0.400935 -0.075787 0.080582 0.000000
-0.262226 -0.042312 -0.075379 0.000000
-0.176573 0.063246 0.108978 0.000000
-0.047780 -0.045206 -0.074096 0.000000
-0.112873 -0.085862 0.090356 0.000000
0.287924 -0.047008 -0.121823 1.000000
-0.837851 0.069062 -0.131626 2.000000
0.084235 -0.009875 -0.286877 1.000000
0.858879 -0.087828 0.014560 0.000000
-0.008517 -0.097439 0.010082 0.000000
-0.474515 0.120366 0.024117 0.000000
0.320661 -0.152675 0.322933 3.000000
0.330027 -0.073111 0.021659 0.000000
-0.309844 0.114004 0.053004 0.000000
0.098570 0.016993 -0.085973 0.000000
0.362955 -0.089684 -0.241470 3.000000
0.054665 -0.082503 -0.178971 1.000000
-0.752471 0.282334 0.015871 2.000000
0.126147 -0.015008 -0.402646 1.000000
0.298600 0.106823 0.066383 0.000000
-0.063971 0.004487 0.581611 1.000000
0.613334 -0.064537 -0.059734 0.000000
-0.057746 0.031218 -0.085291 0.000000
-0.861987 0.070236 0.189825 2.000000
0.233589 -0.096374 0.021659 0.000000
0.319433 -0.051704 0.101606 0.000000
-0.010674 -0.088592 0.021659 0.000000
0.057614 -0.100824 0.086916 0.000000
0.125819 -0.043322 0.229334 1.000000
0.475093 0.105622 0.068295 0.000000
0.014146 -0.100060 0.024991 0.000000
0.739396 -0.096947 0.007325 0.000000
0.190530 -0.105002 0.328666 3.000000
0.373030 -0.091787 0.001045 0.000000
-0.011165 0.020733 0.635892 1.000000
0.349139 0.056147 0.112118 0.000000
-0.808772 0.376778 0.015871 2.000000
0.053436 -0.050312 0.188951 1.000000
0.365959 -0.041902 0.108432 0.000000
-0.875557 0.082959 -0.292228 2.000000
-0.877824 0.078208 -0.232432 2.000000
0.835398 0.070427 0.069114 0.000000
0.714522 -0.128156 0.010874 0.000000
-0.002865 -0.015854 0.022642 0.000000
-0.819256 0.171015 0.026246 2.000000
-0.136409 -0.074066 0.082739 0.000000
-0.012694 0.006453 0.640342 1.000000
-0.791515 0.005716 -0.012198 0.000000
-0.729918 -0.017356 0.012949 0.000000
0.002432 0.004433 0.620465 1.000000
-0.000325 -0.015854 -0.061891 0.000000
0.176660 -0.011513 -0.210835 1.000000
-0.009090 0.007027 -0.503452 1.000000
0.274790 -0.094353 0.368913 3.000000
0.425290 -0.055745 0.062288 0.000000
-0.312111 -0.063281 -0.058833 0.000000
-0.035084 0.104038 -0.039038 0.000000
-0.086934 0.120147 0.005741 0.000000
0.409181 -0.015854 -0.039638 0.000000
0.310968 -0.033001 0.308625 1.000000
-0.046988 0.002057 -0.514674 1.000000
0.490547 -0.065739 0.090329 0.000000
-0.050920 0.021716 -0.654389 1.000000
-0.819529 0.236681 0.015871 2.000000
-0.472467 0.012870 0.115558 0.000000
0.305562 -0.067240 -0.329471 3.000000
-0.647814 0.040747 0.095271 0.000000
0.092044 -0.029806 -0.286494 1.000000
0.070774 -0.101043 -0.021536 0.000000
0.294913 0.119765 0.029687 0.000000
0.206694 -0.128347 0.324216 3.000000
0.317084 -0.015854 0.048308 0.000000
-0.132450 -0.059131 -0.066751 0.000000
0.318559 -0.118408 0.279956 3.000000
0.260783 0.011477 -0.085973 0.000000
-0.879953 0.075696 0.244870 2.000000
0.339392 -0.015854 0.068759 0.000000
0.040603 -0.169685 0.205662 3.000000
-0.809782 0.315454 0.015871 2.000000
0.002460 -0.091186 -0.023611 0.000000
-0.024380 0.011013 -0.654280 1.000000
-0.072845 0.005225 -0.596477 1.000000
0.017422 -0.030271 -0.236309 1.000000
-0.913182 0.068543 0.215436 2.000000
0.058706 -0.146613 -0.202207 3.000000
0.364539 -0.015854 -0.053399 0.000000
-0.035466 -0.011540 0.465569 1.000000
0.209506 -0.075077 0.010082 0.000000
-0.891776 0.355345 0.015871 2.000000
-0.664251 -0.009956 -0.040212 0.000000
0.346928 -0.103964 0.260925 3.000000
-0.407566 -0.042148 0.102261 0.000000
-0.750832 0.116079 0.031134 0.000000
0.716925 -0.151692 0.020622 3.000000
0.774728 0.066140 -0.064294 0.000000
0.388812 -0.044414 0.021659 0.000000
-0.141296 0.085908 -0.061836 0.000000
0.516076 0.096748 0.081100 0.000000
0.168277 -0.066066 -0.282016 3.000000
0.035880 -0.045124 -0.117810 1.000000
-0.974589 0.089157 0.016772 0.000000
0.069655 -0.001383 0.399056 1.000000
-0.005076 0.013880 0.713954 1.000000
0.068235 -0.180143 0.205443 3.000000
-0.000872 -0.015854 0.104282 0.000000
0.051853 0.003450 0.606895 1.000000
0.056085 -0.144893 -0.163189 3.000000
-0.765194 0.106768 0.009072 2.000000
0.041095 0.001784 -0.563085 1.000000
0.747260 -0.035977 -0.076744 0.000000
0.076153 -0.037506 -0.235681 1.000000
-0.320165 -0.005206 -0.084335 0.000000
0.790865 -0.059841 0.090356 0.000000
-0.061623 0.007272 0.596929 1.000000
0.278668 -0.015854 -0.023775 0.000000
0.199267 -0.121330 0.334782 3.000000
-0.093023 0.035041 0.816426 1.000000
0.142147 -0.052414 0.177183 1.000000
-0.593315 0.078454 -0.064949 0.000000
0.385754 -0.028550 0.112418 0.000000
-0.317326 0.003450 -0.085263 0.000000
-0.032708 0.015518 -0.586129 1.000000
-0.033281 -0.004250 0.536232 1.000000
0.340020 -0.132442 -0.263668 3.000000
0.304006 -0.082476 -0.335669 3.000000
0.270039 -0.058667 0.010082 0.000000
-0.447457 0.022972 0.116759 0.000000
-0.218403 0.071382 -0.073140 0.000000
0.798346 -0.094244 -0.006464 0.000000
0.489482 -0.016318 -0.083297 0.000000
0.386764 -0.021561 0.097510 0.000000
-0.026728 -0.099323 0.014424 0.000000
0.371310 0.107123 -0.034177 0.000000
-0.883749 0.198401 0.012540 2.000000
0.132673 -0.048209 -0.168978 1.000000
0.158038 -0.092852 0.050383 0.000000
0.211554 -0.091841 -0.321116 3.000000
-0.123904 -0.015854 0.017127 0.000000
-0.280138 0.103874 -0.039392 0.000000
0.453932 0.112557 0.055708 0.000000
-0.849072 0.051314 -0.041003 2.000000
0.068890 -0.042503 0.021659 0.000000
0.279186 -0.075377 -0.087338 0.000000
0.178434 0.076461 0.101360 0.000000
0.828462 0.092652 0.021851 0.000000
-0.779311 0.048365 -0.076253 2.000000
0.700188 -0.177549 0.031653 3.000000
0.313890 -0.072647 0.294564 3.000000
-0.001117 0.001511 -0.560518 1.000000
0.353262 -0.098230 -0.054055 0.000000
0.844026 0.078236 0.051120 0.000000
-0.232465 -0.091159 0.055435 0.000000
-0.356725 -0.045834 0.103135 0.000000
-0.860540 0.052597 -0.041304 2.000000
0.749281 0.054700 -0.075352 0.000000
0.339146 -0.135992 0.305103 3.000000
0.317849 -0.090230 -0.308665 3.000000
-0.782696 0.159656 0.015871 2.000000
-0.132423 -0.043104 0.021659 0.000000
-0.672115 0.164680 0.030588 2.000000
-0.662941 0.144885 0.031516 2.000000
0.703901 0.087874 0.086889 0.000000
0.170407 -0.007717 -0.313880 1.000000
0.646126 0.114987 -0.014000 0.000000
0.564459 0.100024 -0.044881 0.000000
-0.669193 -0.030598 0.029359 0.000000
0.703683 -0.159501 0.022233 3.000000
0.303514 -0.015854 0.022615 0.000000
0.633402 0.118264 0.002110 0.000000
0.078638 -0.015144 0.288584 1.000000
0.095430 -0.101452 0.030533 0.000000
0.231732 -0.030407 -0.084417 0.000000
-0.127016 0.017075 -0.717298 1.000000
0.055948 -0.017219 0.021659 0.000000
-0.386432 0.031737 0.117169 0.000000
0.796298 -0.028905 -0.072813 0.000000
0.226353 -0.089302 -0.028280 0.000000
0.373112 -0.015854 -0.024348 0.000000
-0.781304 0.057485 -0.136868 2.000000
-0.261407 -0.084742 0.069442 0.000000
0.355802 -0.100060 -0.230248 3.000000
0.217097 -0.021233 -0.247559 1.000000
0.192687 -0.054926 -0.131407 1.000000
0.127840 -0.065520 0.111763 1.000000
0.349986 -0.119773 0.280666 3.000000
-0.746901 0.053908 0.119053 2.000000
0.039648 -0.054790 -0.180937 1.000000
-0.010701 -0.073220 0.021659 0.000000
-0.796348 0.070700 -0.151476 2.000000
0.197547 -0.015854 0.032035 0.000000
-0.237734 0.001293 -0.085209 0.000000
-0.003383 -0.006489 -0.482783 1.000000
-0.118989 0.115506 0.049810 0.000000
-0.107385 0.036024 -0.806418 1.000000
0.388512 -0.062216 0.093333 0.000000
0.394164 -0.091459 0.054670 0.000000
-0.647159 0.130468 -0.000402 2.000000
-0.004940 -0.015854 0.082793 0.000000
-0.656688 0.205855 0.015871 2.000000
-0.097583 0.023518 0.117715 0.000000
-0.868868 0.083587 -0.276173 2.000000
0.717116 -0.165016 0.001318 3.000000
-0.067903 -0.000837 0.569379 1.000000
0.003415 -0.023991 0.113456 0.000000
0.600828 -0.037288 -0.077727 0.000000
0.204428 -0.061152 0.325171 3.000000
0.028153 -0.041138 0.010082 0.000000
0.305043 -0.052906 -0.271341 1.000000
0.155144 -0.005014 0.351247 1.000000
0.262340 -0.092742 -0.019024 0.000000
0.714905 -0.039336 0.107858 0.000000
0.213001 -0.017219 -0.169223 1.000000
-0.854042 0.053826 0.141006 2.000000
0.394410 -0.061315 -0.065495 0.000000
0.063457 -0.030953 0.310455 1.000000
0.198312 -0.076333 0.343028 3.000000
-0.433286 0.080447 0.099831 0.000000
0.215076 0.050659 -0.082260 0.000000
-0.905810 0.084980 0.315533 2.000000
-0.386596 -0.063145 0.086507 0.000000
-0.061787 0.019750 0.773067 1.000000
-0.449177 -0.066121 -0.042314 0.000000
0.077518 -0.011021 0.470566 1.000000
0.825595 -0.077507 0.067803 0.000000
-0.072135 -0.054954 0.099121 0.000000
0.324238 -0.058776 0.335629 3.000000
0.295705 -0.106558 -0.336242 3.000000
0.033231 -0.001547 0.562553 1.000000
0.350969 0.111328 -0.026450 0.000000
-0.072627 0.004460 -0.561009 1.000000
0.299446 0.084352 0.095080 0.000000
-0.148095 0.028324 -0.839702 1.000000
0.001176 -0.030189 0.315724 1.000000
-0.293052 0.082331 0.097292 0.000000
0.315583 -0.091186 -0.262685 3.000000
-0.095890 -0.012741 -0.083680 0.000000
-0.090347 0.018549 -0.675441 1.000000
-0.050701 -0.081411 0.010082 0.000000
-0.059657 -0.089247 0.060158 0.000000
-0.802601 0.187234 0.015871 2.000000
-0.539526 0.117035 0.003557 2.000000
-0.752498 0.057812 -0.104922 2.000000
0.003907 -0.036032 0.256338 1.000000
0.247787 -0.086326 0.366919 3.000000
0.371665 -0.126217 -0.253020 3.000000
0.492158 -0.077179 -0.047529 0.000000
0.728065 0.107806 -0.021454 0.000000
-0.070606 -0.052715 0.010082 0.000000
0.190175 -0.052305 0.177784 1.000000
0.578275 -0.055390 -0.067106 0.000000
0.031921 -0.012769 -0.337799 1.000000
-0.453327 -0.037916 0.101087 0.000000
-0.666736 -0.031581 0.009100 0.000000
0.358860 -0.078135 0.078097 0.000000
-0.091111 0.098850 -0.046655 0.000000
0.122952 -0.029015 -0.291955 1.000000
0.178325 -0.027568 0.108323 1.000000
0.065669 -0.001956 -0.367942 1.000000
-0.357818 -0.068933 -0.051570 0.000000
0.023757 -0.077916 0.010082 0.000000
0.422123 -0.015854 0.055271 0.000000
-0.382473 0.075260 -0.071420 0.000000
0.171963 -0.073630 -0.294358 3.000000
0.833950 -0.040701 -0.061973 0.000000
0.338463 -0.045370 0.322550 3.000000
0.632091 -0.096947 0.010055 0.000000
-0.028722 0.003941 0.615659 1.000000
0.223786 -0.043213 0.302373 1.000000
-0.101787 -0.013178 0.115367 0.000000
-0.195249 -0.005560 0.116213 0.000000
-0.737972 0.118618 0.015025 0.000000
-0.289257 -0.095609 0.010710 0.000000
0.058324 -0.153712 -0.161851 3.000000
0.281234 -0.151965 0.303465 3.000000
-0.136081 0.078154 -0.068444 0.000000
-0.434952 0.120557 0.011093 0.000000
0.369399 -0.093097 0.046479 0.000000
0.030009 -0.036250 0.454784 1.000000
-0.704388 0.106768 0.002410 2.000000
0.261739 -0.049657 -0.154834 1.000000
0.070419 -0.093835 0.047134 0.000000
-0.028121 0.060870 0.110097 0.000000
0.702864 -0.089111 0.060513 0.000000
-0.246908 0.116789 -0.013836 0.000000
0.368580 -0.118681 -0.317512 3.000000
0.178462 -0.035595 0.279983 1.000000
0.122543 -0.041411 -0.210098 1.000000
-0.465423 0.107915 -0.034369 0.000000
-0.213679 -0.050776 -0.070574 0.000000
0.307528 -0.041465 -0.294740 3.000000
0.351761 -0.043377 0.302618 3.000000
-0.120327 -0.046735 0.021659 0.000000
-0.880063 0.286921 0.009864 2.000000
0.089587 -0.044878 0.219477 1.000000
0.048904 -0.036414 0.274495 1.000000
0.336061 -0.100415 0.059421 0.000000
0.411365 -0.044141 -0.074560 0.000000
-0.259823 -0.069916 -0.054874 0.000000
0.011388 -0.028742 0.112364 0.000000
-0.871216 0.208940 0.009209 2.000000
-0.878561 0.057157 -0.099844 2.000000
0.287541 -0.087991 0.063325 0.000000
-0.288929 0.077253 -0.069236 0.000000
0.554794 -0.045534 -0.073959 0.000000
-0.281967 -0.039254 -0.076444 0.000000
0.426847 0.072229 0.104309 0.000000
0.171936 -0.078217 0.118480 0.000000
0.240251 -0.015854 -0.069809 0.000000
-0.913810 0.034495 0.024936 0.000000
-0.548400 0.119956 0.002765 0.000000
0.214967 -0.015854 0.008035 0.000000
-0.128518 0.033266 -0.869382 1.000000
0.331910 -0.151391 -0.275354 3.000000
-0.234867 -0.059377 -0.063993 0.000000
0.213602 -0.096947 0.024472 0.000000
-0.081937 0.053908 0.112882 0.000000
0.105532 -0.026748 -0.140145 1.000000
0.353535 -0.029097 0.021659 0.000000
-0.081118 -0.016701 0.107503 0.000000
0.177861 -0.087090 0.336366 3.000000
0.347774 -0.082694 0.274604 3.000000
-0.476700 -0.065329 0.066820 0.000000
-0.877605 0.059805 0.182207 2.000000
-0.523089 0.086673 -0.063939 0.000000
0.638180 0.030699 -0.085263 0.000000
0.699806 -0.185522 0.026847 3.000000
0.241643 -0.022953 0.136637 1.000000
0.619613 -0.096947 0.012704 0.000000
-0.792553 0.081430 0.065155 0.000000
0.297234 0.020215 -0.085973 0.000000
0.032439 -0.004769 -0.386536 1.000000
-0.033090 -0.015854 0.037905 0.000000
0.224879 -0.080264 0.117770 0.000000
0.152168 -0.101452 -0.017631 0.000000
-0.575022 -0.040892 0.068650 0.000000
0.767247 0.053198 0.105319 0.000000
0.015784 -0.085097 0.021659 0.000000
-0.472877 0.112639 0.056827 0.000000
-0.108258 0.013771 0.715210 1.000000
0.212373 -0.140852 0.314086 3.000000
-0.133651 -0.061725 0.093742 0.000000
0.345016 -0.050448 -0.252473 3.000000
-0.842629 0.197254 0.015871 2.000000
0.257343 -0.015854 0.002792 0.000000
0.149738 -0.005451 -0.277539 1.000000
-0.094907 0.010631 -0.620232 1.000000
-0.851885 0.074195 -0.190329 2.000000
-0.606858 0.013798 -0.068280 0.000000
0.190530 -0.088674 -0.278849 3.000000
-0.114948 0.027942 0.866475 1.000000
-0.406992 0.045607 0.115394 0.000000
-0.822588 0.067478 -0.110520 2.000000
-0.062906 -0.015854 -0.027215 0.000000
-0.709521 -0.016291 -0.015365 0.000000
-0.436672 0.091478 -0.057795 0.000000
-0.059548 0.012515 -0.669816 1.000000
0.010596 -0.028196 -0.297361 1.000000
-0.459525 -0.010393 -0.080949 0.000000
0.039184 -0.174846 -0.161087 3.000000
-0.119808 0.119601 0.000390 0.000000
0.266326 -0.095036 -0.228337 3.000000
0.458192 0.091205 -0.056403 0.000000
-0.843666 0.111383 0.007844 0.000000
-0.436672 -0.020660 -0.079393 0.000000
-0.003165 0.062099 -0.077755 0.000000
-0.100914 -0.054189 0.107067 0.000000
-0.825236 0.057703 0.064909 0.000000
0.029054 -0.033684 0.261116 1.000000
0.692843 0.114304 0.040881 0.000000
0.005108 -0.057657 0.147832 1.000000
-0.713126 0.050631 -0.047993 2.000000
-0.300097 -0.077916 -0.044498 0.000000
-0.555526 -0.056674 0.035475 0.000000
-0.817727 0.071655 0.184637 2.000000
-0.560195 0.079246 -0.069072 0.000000
0.129260 -0.021069 -0.146561 1.000000
-0.154293 0.024583 -0.788780 1.000000
-0.068313 0.033402 -0.788807 1.000000
0.077710 -0.061015 -0.097223 1.000000
0.698358 -0.184866 0.002028 3.000000
0.006091 -0.033356 -0.237265 1.000000
-0.466843 0.082304 -0.067106 0.000000
0.272333 -0.051158 -0.086219 0.000000
0.079675 -0.010912 0.317472 1.000000
0.313890 -0.075950 -0.302740 3.000000
-0.899012 0.062481 0.163477 2.000000
-0.206116 0.087874 -0.059898 0.000000
0.177096 -0.021370 0.119954 1.000000
0.700543 -0.112865 0.018219 0.000000
0.107007 -0.083869 -0.084444 0.000000
0.728912 0.077307 0.094561 0.000000
0.268947 -0.007963 0.115940 0.000000
0.171390 -0.021206 0.326482 1.000000
0.254995 -0.021670 0.010082 0.000000
-0.113173 0.033047 -0.790746 1.000000
0.231677 -0.002857 0.116486 0.000000
0.338955 -0.053070 0.116405 1.000000
-0.488631 0.082659 -0.067133 0.000000
0.270913 -0.018093 0.115094 1.000000
0.392089 -0.075814 0.010082 0.000000
-0.365135 -0.085152 -0.025413 0.000000
-0.847571 0.321351 0.015871 2.000000
-0.007151 -0.023827 -0.414632 1.000000
0.357959 -0.146804 0.323779 3.000000
0.920259 -0.021178 -0.039775 0.000000
-0.795939 0.031191 0.063298 0.000000
0.174584 -0.015854 0.105783 0.000000
0.943849 0.017320 0.004840 0.000000
0.119294 -0.002229 0.478893 1.000000
0.043634 -0.075650 -0.049331 0.000000
-0.955777 0.050904 0.028813 0.000000
0.052016 -0.009847 -0.450210 1.000000
-0.056053 0.013197 0.708957 1.000000
0.649156 0.115970 0.041837 0.000000
0.057860 -0.092906 -0.018478 0.000000
0.213165 -0.026066 -0.081222 0.000000
-0.762519 0.026959 -0.037863 0.000000
0.806865 -0.087391 -0.025358 0.000000
0.070365 -0.143118 -0.204200 3.000000
-0.381791 0.093335 0.086561 0.000000
0.184059 -0.036469 -0.242480 1.000000
0.057668 -0.032373 -0.167039 1.000000
-0.385777 -0.001465 -0.084280 0.000000
-0.002482 -0.029452 -0.288897 1.000000
0.025204 -0.009711 -0.451493 1.000000
0.073123 -0.099732 0.095845 0.000000
0.318450 -0.136866 -0.283027 3.000000
0.002924 -0.044469 0.205443 1.000000
-0.775433 0.048693 -0.039174 0.000000
-0.049718 -0.015854 -0.069536 0.000000
0.708051 0.110209 0.050957 0.000000
-0.466078 -0.077234 0.029823 0.000000
0.425290 -0.031991 -0.017304 0.000000
0.161752 -0.101452 -0.043570 0.000000
0.034269 -0.095309 -0.010587 0.000000
0.306490 -0.047472 0.021659 0.000000
0.116836 -0.029888 0.137702 1.000000
0.160850 -0.006953 -0.264078 1.000000
0.145096 -0.068414 0.010082 0.000000
0.032986 -0.039581 0.253771 1.000000
-0.961866 0.073649 -0.002887 0.000000
0.247432 0.082195 0.097182 0.000000
0.063894 0.118318 -0.007419 0.000000
0.331201 -0.054544 0.350564 3.000000
-0.159727 0.026221 0.844604 1.000000
0.144932 -0.061097 -0.096758 1.000000
0.451830 0.097758 0.079790 0.000000
-0.743105 0.069225 -0.044608 0.000000
0.178298 -0.048073 0.201511 1.000000
0.365986 -0.078708 -0.330672 3.000000
-0.890438 0.417598 0.015871 2.000000
0.070692 0.004296 0.446456 1.000000
0.474137 0.074222 0.102944 0.000000
-0.048899 0.015518 -0.702308 1.000000
-0.723337 0.063737 -0.031174 2.000000
-0.298950 -0.094108 -0.005180 0.000000
-0.811065 0.062809 -0.063639 2.000000
0.893282 0.045717 0.030588 0.000000
0.187718 -0.049547 0.193184 1.000000
-0.842219 0.342894 0.015871 2.000000
-0.624060 0.055628 0.098903 0.000000
0.054528 -0.075595 0.010082 0.000000
0.664529 -0.071172 0.085660 0.000000
-0.804485 0.084161 -0.031147 0.000000
0.298463 -0.101452 -0.035979 0.000000
0.403884 -0.077616 0.033127 0.000000
0.051771 -0.064128 -0.085154 1.000000
0.422942 -0.015854 0.038997 0.000000
-0.810601 0.109881 0.015871 2.000000
0.360607 -0.135992 -0.271532 3.000000
0.157001 -0.015854 0.074629 0.000000
0.408526 -0.074449 0.004349 0.000000
-0.677357 0.047491 -0.058014 0.000000
0.398805 -0.096947 0.019120 0.000000
0.265917 -0.048892 0.302373 1.000000
0.033777 -0.048319 -0.101455 1.000000
-0.321367 0.117990 0.040991 0.000000
0.250299 -0.015854 0.061988 0.000000
0.077955 -0.078080 -0.046437 0.000000
0.366641 -0.060387 0.277553 3.000000
0.169615 -0.009738 0.262454 1.000000
0.730632 -0.168047 0.000335 3.000000
-0.837086 0.066358 0.139476 2.000000
-0.545806 -0.028141 -0.060580 0.000000
0.544828 0.093253 0.085551 0.000000
-0.909469 0.067014 -0.169660 2.000000
0.924600 0.025266 -0.002013 0.000000
0.126202 -0.045725 -0.182985 1.000000
0.166748 -0.013342 -0.173483 1.000000
-0.798642 0.167493 0.028513 2.000000
0.934402 -0.055308 0.053332 0.000000
-0.700729 0.169923 0.032035 2.000000
0.064986 0.084188 -0.063502 0.000000
0.203772 -0.101452 0.006697 0.000000
0.487516 -0.090230 -0.025959 0.000000
0.148482 -0.039827 0.010082 0.000000
0.714086 -0.068059 0.087981 0.000000
0.190530 -0.076141 -0.274126 3.000000
0.071266 -0.101070 0.067694 0.000000
0.272797 -0.085753 -0.083461 0.000000
