0.231951 -0.123745 0.024060 0.000000
-0.791526 0.258274 0.017283 2.000000
0.807855 -0.009665 -0.053938 0.000000
-0.711861 0.178859 0.013922 2.000000
0.120592 -0.085941 -0.304210 1.000000
0.139675 -0.060608 0.194307 1.000000
-0.747138 0.150165 0.017866 2.000000
0.381837 -0.085941 0.051921 0.000000
-0.279871 -0.085941 -0.055132 0.000000
0.205341 -0.085941 -0.613009 1.000000
-0.225178 -0.063441 0.089726 0.000000
-0.146318 -0.085941 0.075893 0.000000
0.248201 0.149193 -0.060160 0.000000
-0.018432 0.188275 -0.043299 0.000000
0.060788 -0.085941 0.552132 1.000000
0.577027 -0.044969 0.082837 0.000000
0.090093 -0.077330 0.578437 1.000000
0.220312 -0.085941 0.631102 1.000000
0.217729 -0.002220 0.125058 0.000000
-0.653168 -0.016748 -0.005161 0.000000
0.032983 -0.080302 0.590242 1.000000
0.039539 0.017335 -0.119214 0.000000
-0.943523 0.146193 -0.001134 2.000000
0.009234 -0.085941 -0.881475 1.000000
0.208368 -0.017664 -0.098992 0.000000
0.590637 -0.077163 0.080142 0.000000
0.185785 -0.064024 -0.237850 1.000000
0.011900 -0.085941 -0.287572 1.000000
-0.424312 0.021640 0.138836 0.000000
-0.294370 0.025612 -0.123992 0.000000
0.289311 -0.085941 -0.198296 1.000000
-0.653168 -0.032692 0.023421 0.000000
0.134453 -0.046886 0.169140 1.000000
-0.666195 0.120110 -0.074187 0.000000
-0.767138 0.141026 0.040754 2.000000
0.077621 -0.077496 -0.530149 1.000000
0.025595 -0.183522 -0.482567 3.000000
-0.841025 0.139610 0.027060 2.000000
0.505445 0.150165 -0.036188 0.000000
0.408114 0.210803 -0.031911 0.000000
0.577027 0.117110 -0.010494 0.000000
0.548583 0.150165 -0.001050 0.000000
0.187119 -0.188661 -0.123242 1.000000
0.169508 0.150165 0.063337 0.000000
0.011623 -0.078746 -0.181130 1.000000
-0.418062 0.075167 -0.102909 0.000000
0.332504 -0.044080 0.081753 1.000000
0.640164 -0.085941 -0.013717 0.000000
-0.196039 0.099527 0.105975 0.000000
0.056372 -0.068108 0.127669 1.000000
-0.961161 0.144138 -0.156436 2.000000
0.298172 -0.165633 -0.467456 3.000000
0.538416 0.031140 -0.127186 0.000000
-0.460728 0.074806 0.120253 0.000000
0.034789 -0.079274 0.080587 0.000000
0.102065 -0.085357 -0.834698 1.000000
-0.085736 -0.044608 -0.211018 1.000000
0.544027 -0.085941 -0.029772 0.000000
-0.226205 0.150165 -0.026244 0.000000
0.667775 -0.036386 -0.075576 0.000000
0.140148 -0.099163 -0.274711 1.000000
-0.667529 -0.075358 0.063754 0.000000
-0.273454 0.155665 0.076726 0.000000
0.563471 0.096611 0.107670 0.000000
0.356532 0.190803 -0.002967 0.000000
0.342115 -0.085941 0.085531 1.000000
-0.105430 -0.044608 0.225972 1.000000
0.069038 -0.085941 -0.517678 1.000000
0.289089 -0.163356 -0.477790 3.000000
0.610026 -0.085941 0.049949 0.000000
0.213368 -0.085941 -0.507428 1.000000
-0.189567 0.150165 0.048726 0.000000
0.044539 0.087167 0.113114 0.000000
0.053011 -0.079830 -0.707645 1.000000
0.297866 0.036196 0.142558 0.000000
0.084482 -0.082857 -0.823337 1.000000
0.299033 -0.085941 -0.439485 1.000000
0.059899 -0.178855 0.479995 3.000000
0.716385 -0.019664 -0.010356 0.000000
0.003262 -0.044608 -0.162685 1.000000
0.281644 -0.047969 0.117836 1.000000
-0.285287 -0.085941 -0.006633 0.000000
0.233118 -0.085941 0.069754 0.000000
0.083593 -0.085941 -0.002022 0.000000
0.319227 0.118527 -0.077854 0.000000
0.196702 -0.085941 0.276027 1.000000
0.211590 -0.085941 -0.063049 1.000000
0.113093 0.150165 -0.018105 0.000000
-0.060987 -0.069302 0.086337 0.000000
0.028678 -0.100913 -0.487678 1.000000
0.125009 -0.085941 0.797321 1.000000
0.692830 0.110583 -0.020716 0.000000
0.024372 -0.044608 -0.195990 1.000000
0.312894 0.097944 -0.089743 0.000000
0.008595 -0.085941 0.865680 1.000000
0.361032 -0.085941 0.100114 1.000000
0.079927 -0.085941 0.099559 1.000000
0.352171 -0.085941 0.003144 0.000000
0.316366 -0.080052 0.379497 1.000000
0.252923 -0.097746 0.504827 1.000000
0.327088 -0.163050 0.478078 3.000000
0.308033 -0.155356 0.274555 3.000000
0.308116 0.052223 -0.116131 0.000000
0.237784 -0.067441 -0.254267 1.000000
0.342560 -0.053275 0.136697 1.000000
-0.391368 0.165887 0.042727 0.000000
-0.016627 -0.044608 0.200279 1.000000
0.138675 -0.085941 -0.111742 1.000000
0.624331 0.029973 -0.113048 0.000000
0.638720 0.034557 -0.105742 0.000000
0.060233 -0.074302 -0.290238 1.000000
0.362281 -0.085941 -0.047910 0.000000
0.195646 -0.067386 0.283582 1.000000
0.271228 -0.121412 -0.487678 1.000000
-0.102791 0.183220 0.058421 0.000000
-0.783332 0.179303 0.018894 2.000000
0.162369 0.052251 -0.116131 0.000000
-0.791165 0.143582 0.153724 2.000000
-0.507560 0.150165 -0.027133 0.000000
0.616859 0.138638 -0.006050 0.000000
-0.015266 -0.110329 -0.485539 1.000000
-0.054431 -0.085941 0.132391 1.000000
0.105732 -0.085941 0.696823 1.000000
0.292894 -0.044275 -0.072549 1.000000
0.195702 -0.101107 -0.133519 1.000000
0.304949 -0.180939 -0.473540 3.000000
0.483557 -0.085941 -0.019105 0.000000
0.230979 -0.151023 -0.472651 3.000000
0.236507 -0.085941 0.411441 1.000000
0.734856 -0.020525 0.089337 0.000000
0.198674 -0.058358 -0.185352 1.000000
-0.736972 -0.017609 0.062809 0.000000
0.767550 -0.107662 0.031060 0.000000
-0.750360 0.139721 -0.044994 0.000000
-0.167346 0.130693 0.087976 0.000000
-0.139402 -0.068663 -0.265711 1.000000
-0.486255 -0.085941 -0.042160 0.000000
0.059205 -0.080719 0.803043 1.000000
0.360754 -0.084830 0.183223 1.000000
-0.049654 0.007557 -0.113575 0.000000
-0.660279 0.001557 0.122725 0.000000
0.283367 0.014779 -0.117742 0.000000
0.095176 -0.060552 -0.087409 1.000000
0.058372 -0.078941 -0.620064 1.000000
-0.901051 0.153554 -0.113131 2.000000
0.216535 -0.085941 -0.431929 1.000000
0.622220 0.076667 -0.087632 0.000000
-0.109986 -0.085941 -0.247045 1.000000
0.111787 -0.073913 0.408829 1.000000
0.003401 -0.148800 0.511716 3.000000
0.183202 0.034723 0.143391 0.000000
0.067621 -0.091968 0.502661 1.000000
0.677969 0.116416 0.010977 0.000000
0.520972 0.199747 0.076726 0.000000
0.577027 -0.035997 -0.052466 0.000000
-0.080431 -0.063386 0.076726 1.000000
-0.856163 0.063306 0.022199 0.000000
-0.586281 -0.015109 -0.100492 0.000000
-0.716861 0.032973 -0.087659 0.000000
-0.138124 -0.085941 -0.148380 1.000000
-0.672140 0.144665 0.075893 2.000000
0.053788 -0.080357 -0.761033 1.000000
-0.052070 0.150165 -0.005856 0.000000
0.310894 -0.196272 -0.466345 3.000000
0.129981 -0.065969 -0.240684 1.000000
-0.066764 0.062639 0.127252 0.000000
0.129898 0.046584 0.136558 0.000000
0.178647 -0.085941 0.476939 1.000000
-0.935606 0.141443 0.183529 2.000000
-0.653973 0.012057 0.132780 0.000000
-0.012127 -0.044608 0.277082 1.000000
-0.008988 -0.085941 0.159974 1.000000
0.181147 -0.149384 -0.498067 3.000000
-0.144846 0.150165 0.039810 0.000000
0.462668 -0.013637 0.118475 0.000000
0.217201 -0.085941 0.303665 1.000000
0.331893 -0.061719 0.194140 1.000000
-0.392590 0.032112 -0.087104 0.000000
-0.812275 0.139888 0.078892 2.000000
-0.548143 0.156471 0.050615 0.000000
0.215507 -0.182355 -0.504428 3.000000
0.268617 -0.178689 0.487967 3.000000
0.201868 -0.085941 -0.458762 1.000000
-0.335814 -0.062580 0.090226 0.000000
-0.664307 -0.077746 0.020810 0.000000
0.358059 -0.085941 -0.069021 1.000000
0.042733 -0.085941 0.863736 1.000000
-0.411979 0.032112 -0.102742 0.000000
-0.624752 0.150165 -0.005467 0.000000
-0.648446 -0.040608 0.102892 0.000000
0.049483 -0.085941 -0.341181 1.000000
-0.042571 -0.044608 -0.144769 1.000000
0.207868 -0.158717 -0.457929 3.000000
0.040511 0.070028 -0.105853 0.000000
0.026178 -0.074996 0.186196 1.000000
-0.125708 0.116333 0.096281 0.000000
0.577027 0.053501 -0.100492 0.000000
-0.504921 0.032112 -0.035355 0.000000
0.210340 -0.212216 0.130669 3.000000
-0.008044 -0.043553 0.101197 0.000000
0.080399 -0.085941 0.460939 1.000000
-0.760027 0.012307 0.065421 0.000000
-0.954411 0.143832 -0.138880 2.000000
0.207229 -0.061275 0.228722 1.000000
0.195146 -0.085941 -0.073604 1.000000
-0.832275 0.154721 -0.101104 2.000000
0.362531 -0.052719 0.130780 1.000000
0.716385 0.012363 -0.061077 0.000000
0.025622 -0.066219 0.928623 1.000000
0.245895 -0.057414 -0.175407 1.000000
0.019150 -0.069913 -0.911474 1.000000
0.208674 0.192386 0.076726 0.000000
0.756967 0.038973 -0.058827 0.000000
0.257145 -0.074469 -0.331765 1.000000
0.237784 -0.176855 0.155974 3.000000
-0.130069 -0.044608 0.281777 1.000000
0.373531 -0.157856 -0.488123 3.000000
0.716385 -0.031109 -0.019911 0.000000
0.521250 -0.048191 0.098531 0.000000
-0.954328 0.143360 0.175390 2.000000
-0.925773 0.151415 0.150224 2.000000
-0.371952 0.150165 0.037421 0.000000
0.256673 0.150165 0.072309 0.000000
0.190008 0.200803 0.045115 0.000000
0.035733 -0.085941 -0.838587 1.000000
-0.728472 0.154221 -0.030216 2.000000
-0.218844 0.150165 -0.057493 0.000000
0.078010 -0.085941 -0.421513 1.000000
0.314310 0.208247 0.051754 0.000000
0.323310 -0.202327 -0.482928 3.000000
0.224562 -0.053969 -0.150102 1.000000
-0.457783 0.032112 0.099586 0.000000
-0.516310 0.032112 0.097753 0.000000
0.653081 -0.085941 -0.030355 0.000000
0.259312 0.024946 -0.123603 0.000000
-0.011932 -0.083802 0.262111 1.000000
-0.716083 0.144026 0.066948 2.000000
0.002095 -0.085941 0.166196 1.000000
0.140731 -0.079107 0.644019 1.000000
0.281617 -0.091746 -0.485539 1.000000
0.232118 -0.085941 -0.342543 1.000000
0.201507 -0.047247 -0.095715 1.000000
-0.575892 0.150165 -0.046938 0.000000
0.577027 0.021390 -0.070465 0.000000
-0.122541 0.066917 0.124808 0.000000
-0.046320 -0.044608 -0.079326 1.000000
-0.855636 0.159443 0.026394 2.000000
0.115315 -0.072858 -0.067160 0.000000
0.170147 -0.085830 0.731656 1.000000
-0.304481 0.126277 0.090531 0.000000
0.151231 -0.083774 0.735072 1.000000
0.032844 -0.135078 0.495911 3.000000
0.204229 -0.169328 0.509494 3.000000
0.067899 -0.085941 -0.501650 1.000000
0.156758 -0.085941 0.177279 1.000000
0.160675 -0.067219 -0.070382 0.000000
0.481223 0.150165 0.011894 0.000000
-0.756332 0.265635 0.013477 2.000000
0.075399 0.150165 0.040060 0.000000
0.220701 -0.150828 -0.496178 3.000000
0.327366 -0.158189 0.489522 3.000000
0.284728 -0.072969 0.279416 1.000000
-0.561142 0.150165 0.005616 0.000000
0.577027 0.042668 0.027588 0.000000
0.309088 0.172415 0.076726 0.000000
-0.867246 0.139499 -0.100465 2.000000
-0.224483 0.175915 -0.039299 0.000000
-0.777276 0.261163 0.007811 2.000000
-0.177512 0.007502 -0.113548 0.000000
0.344393 -0.182133 0.472106 3.000000
-0.564837 0.155471 -0.029800 0.000000
0.208840 -0.064052 -0.237878 1.000000
0.453363 0.139582 -0.065715 0.000000
-0.205428 0.078472 0.118114 0.000000
0.487001 0.198581 -0.059577 0.000000
-0.131680 0.181470 0.038254 0.000000
0.342699 -0.170522 -0.466456 3.000000
-0.653168 0.015974 0.119780 0.000000
0.090093 -0.044608 -0.219045 1.000000
0.334782 0.150165 0.061254 0.000000
-0.096486 0.149749 0.076976 0.000000
0.168397 -0.053136 -0.078521 0.000000
-0.464339 0.043973 0.138058 0.000000
0.101648 -0.068358 0.265138 1.000000
0.620942 0.128610 0.074976 0.000000
0.273922 -0.073663 0.293499 1.000000
-0.457311 0.161943 0.064143 0.000000
-0.302398 0.119999 -0.077021 0.000000
0.039622 -0.078941 0.376997 1.000000
0.179536 0.150165 0.044504 0.000000
-0.930523 0.298440 0.008311 2.000000
0.589026 0.149026 0.021866 0.000000
0.310005 -0.087441 0.008894 0.000000
-0.435367 0.140332 0.082420 0.000000
0.125787 -0.085941 0.539021 1.000000
0.804188 0.060778 0.020838 0.000000
0.194702 -0.085941 0.317332 1.000000
-0.539115 -0.085941 0.002366 0.000000
-0.567781 -0.023498 0.112781 0.000000
0.242173 -0.181605 -0.471956 3.000000
-0.633085 0.151387 0.076615 0.000000
0.258228 -0.072135 -0.278988 1.000000
0.179619 0.059889 -0.111714 0.000000
-0.000599 -0.044608 -0.094631 1.000000
0.716385 0.021835 -0.001578 0.000000
0.239979 -0.043636 0.076837 1.000000
0.260923 -0.184494 0.522049 3.000000
0.413503 0.210803 -0.001578 0.000000
-0.175234 0.090472 0.111197 0.000000
0.067094 -0.078080 0.562854 1.000000
0.742884 -0.042775 0.074587 0.000000
-0.499199 -0.075858 -0.065410 0.000000
0.374531 0.210803 -0.032688 0.000000
0.155314 -0.058552 -0.170130 1.000000
0.585888 0.095472 0.105309 0.000000
0.283894 -0.198688 -0.487317 3.000000
0.007456 -0.085941 -0.116131 1.000000
-0.887135 0.146943 0.258305 2.000000
-0.653168 0.094528 0.069809 0.000000
0.239562 -0.190383 0.513355 3.000000
-0.838164 0.147221 -0.196768 2.000000
0.011567 -0.082219 -0.523150 1.000000
0.279422 -0.185300 0.506744 3.000000
-0.918468 0.148582 0.237361 2.000000
0.027761 -0.083496 -0.059577 1.000000
-0.653168 -0.030775 0.086614 0.000000
0.087760 -0.070330 -0.261433 1.000000
0.026872 -0.044608 -0.137214 1.000000
-0.923467 0.152832 -0.092576 2.000000
0.301061 0.150165 -0.035716 0.000000
0.008095 -0.034220 0.106586 0.000000
0.273645 -0.022553 0.113336 0.000000
-0.244872 -0.057858 0.092948 0.000000
0.257839 -0.085941 0.375691 1.000000
0.069621 -0.128384 -0.487678 3.000000
0.524389 0.050167 -0.117325 0.000000
0.278450 -0.078969 -0.378653 1.000000
0.057983 -0.085941 0.674601 1.000000
0.094010 -0.085941 -0.340987 1.000000
-0.629780 -0.041914 -0.084993 0.000000
0.494362 0.034168 0.143724 0.000000
-0.289621 0.105055 0.102781 0.000000
0.812410 0.056889 -0.023633 0.000000
0.005706 -0.170022 -0.458957 3.000000
0.239951 -0.181272 0.507522 3.000000
0.300727 -0.074858 0.083142 0.000000
0.018039 -0.044608 0.189223 1.000000
-0.101153 -0.044608 -0.127936 1.000000
0.095593 -0.044608 0.182085 1.000000
0.193924 0.020640 -0.121131 0.000000
-0.007044 -0.084191 0.538549 1.000000
-0.727250 0.236108 0.010505 2.000000
0.345560 -0.085941 -0.231851 1.000000
-0.641418 0.057584 0.130197 0.000000
0.165175 -0.136051 -0.267322 3.000000
0.117954 0.173276 -0.059577 0.000000
0.009151 -0.085941 -0.370375 1.000000
0.084093 -0.044608 -0.079798 1.000000
-0.705472 0.056778 -0.102409 0.000000
0.123537 -0.173744 -0.456623 3.000000
-0.554309 0.156109 0.015061 0.000000
0.133814 -0.044803 -0.136769 1.000000
0.141231 -0.085941 -0.183518 1.000000
0.321755 -0.134440 0.281555 3.000000
-0.445923 0.032112 0.055754 0.000000
-0.355008 -0.085941 -0.020355 0.000000
0.557777 0.169387 -0.009050 0.000000
0.233923 -0.077052 0.444968 1.000000
0.168786 -0.094190 -0.128881 1.000000
0.521750 -0.005081 0.123419 0.000000
0.403669 -0.059469 -0.074882 0.000000
0.343782 0.197664 -0.059577 0.000000
0.110565 -0.076996 0.573159 1.000000
0.019095 -0.044608 -0.155380 1.000000
-0.020432 -0.085857 -0.745756 1.000000
-0.481894 0.160470 -0.012883 0.000000
-0.901996 0.141138 0.086670 2.000000
0.327199 -0.085941 -0.265072 1.000000
0.315144 -0.085941 -0.284349 1.000000
-0.833997 0.140165 0.147252 2.000000
-0.021015 0.150165 -0.054521 0.000000
-0.305898 -0.024192 0.112392 0.000000
0.350782 -0.175355 -0.455596 3.000000
0.443696 0.101083 0.105086 0.000000
-0.844803 0.157832 -0.048132 2.000000
0.006067 -0.082718 0.587825 1.000000
0.498640 0.123721 -0.074854 0.000000
-0.749777 0.157248 0.033338 2.000000
-0.888746 0.135832 -0.017883 0.000000
0.067010 -0.048053 -0.221434 1.000000
0.492362 0.150165 0.025755 0.000000
-0.932467 0.140193 0.236306 2.000000
-0.140291 -0.085857 0.137836 1.000000
0.532555 0.194525 0.062198 0.000000
0.144342 -0.075302 0.487022 1.000000
-0.377230 0.032112 -0.029966 0.000000
-0.045765 -0.085941 -0.257267 1.000000
0.179063 -0.077719 0.542826 1.000000
0.143148 0.136777 -0.067327 0.000000
0.062899 -0.085941 0.051754 0.000000
-0.890163 0.176942 0.001589 2.000000
-0.082292 0.184442 0.042115 0.000000
0.773022 -0.071913 0.044699 0.000000
-0.653168 -0.001665 -0.081854 0.000000
0.326643 -0.085941 -0.315071 1.000000
0.239645 -0.085941 -0.149269 1.000000
-0.125041 0.150165 -0.018744 0.000000
0.033594 -0.085941 0.106781 1.000000
0.577027 -0.068135 -0.059466 0.000000
-0.382952 0.144749 0.079865 0.000000
0.801577 -0.064858 0.017699 0.000000
0.194230 -0.118634 0.026144 0.000000
-0.463450 0.161554 0.016838 0.000000
0.044983 -0.085941 0.670657 1.000000
-0.606863 0.124971 -0.074132 0.000000
0.828132 -0.092746 0.011727 0.000000
0.185841 -0.028970 -0.092465 0.000000
-0.837358 0.159832 -0.009272 2.000000
0.300672 -0.089552 -0.272544 1.000000
0.149425 -0.085941 -0.540677 1.000000
0.684080 0.054417 0.095948 0.000000
0.201368 -0.163383 0.523188 3.000000
0.197452 0.139471 0.082920 0.000000
0.082566 0.150165 0.076142 0.000000
0.816743 -0.060080 -0.016217 0.000000
-0.486755 0.024057 0.140252 0.000000
0.291200 -0.062025 -0.193907 1.000000
0.056038 -0.115496 -0.478401 3.000000
0.072094 -0.080719 0.795293 1.000000
0.098287 -0.112718 0.504827 1.000000
0.311755 0.208108 0.003950 0.000000
0.196507 -0.085941 -0.120520 1.000000
0.184202 -0.082635 0.652796 1.000000
0.152842 -0.056025 0.224195 1.000000
0.524667 -0.003359 -0.107270 0.000000
-0.044571 -0.085941 0.041004 0.000000
0.739745 0.091416 0.034032 0.000000
0.360587 0.187498 0.076726 0.000000
0.180674 -0.166494 -0.455123 3.000000
0.199785 -0.115357 0.291860 1.000000
0.184980 -0.068080 -0.277350 1.000000
-0.245427 -0.066858 -0.070604 0.000000
-0.429867 0.093166 -0.092520 0.000000
-0.050070 0.051084 -0.116798 0.000000
-0.895996 0.139443 0.205473 2.000000
0.189285 0.149082 -0.060216 0.000000
0.112315 -0.075024 0.451940 1.000000
0.051094 -0.085941 0.634991 1.000000
0.321310 -0.199244 -0.469484 3.000000
0.189952 -0.184050 0.480217 3.000000
0.385475 -0.085941 -0.107270 1.000000
0.150175 -0.076135 -0.497067 1.000000
-0.031737 -0.085941 0.235000 1.000000
0.606359 -0.076191 -0.061354 0.000000
0.039067 -0.080385 -0.706840 1.000000
0.141342 -0.078469 0.621936 1.000000
-0.104125 0.168165 -0.059577 0.000000
0.480807 0.150165 -0.019244 0.000000
0.211035 -0.164689 -0.117825 1.000000
0.138203 -0.085941 0.098781 1.000000
-0.745138 0.037001 -0.071993 0.000000
-0.790943 0.150165 -0.012967 2.000000
0.073871 0.160470 -0.059577 0.000000
0.735273 0.053612 -0.060743 0.000000
0.294422 -0.093413 0.289693 1.000000
-0.050931 -0.085941 0.028282 0.000000
0.210479 -0.165078 -0.484734 3.000000
0.332643 -0.070663 -0.237712 1.000000
-0.495227 0.032112 -0.047716 0.000000
-0.844469 0.139527 -0.101881 2.000000
-0.010210 -0.081191 0.289693 1.000000
-0.781332 0.141999 0.101114 2.000000
0.218535 -0.165133 -0.455679 3.000000
-0.528226 0.150165 0.041477 0.000000
0.280422 -0.060525 0.205445 1.000000
0.141675 -0.055914 0.134391 1.000000
0.099260 0.150165 0.001644 0.000000
-0.399951 0.076306 -0.102242 0.000000
0.161203 -0.072219 0.404330 1.000000
0.476612 0.013307 -0.116881 0.000000
-0.411451 0.160054 -0.059577 0.000000
0.212146 -0.065663 -0.249156 1.000000
0.087760 -0.085941 0.442884 1.000000
-0.904190 0.140249 -0.126186 2.000000
0.261423 -0.087163 0.012977 0.000000
-0.651890 0.150248 0.031505 0.000000
-0.546643 -0.085941 0.043143 0.000000
-0.390535 0.165943 0.016533 0.000000
0.273033 -0.086774 0.291860 1.000000
0.080788 -0.085941 -0.239184 1.000000
-0.485561 0.160248 0.072393 0.000000
-0.787276 0.153860 -0.084021 2.000000
0.051233 -0.085941 0.244389 1.000000
0.059177 -0.115718 0.493550 3.000000
-0.090431 0.040529 0.140030 0.000000
0.103621 -0.076608 -0.520483 1.000000
-0.112152 0.109833 0.100031 0.000000
-0.000905 0.150165 -0.052466 0.000000
0.312199 -0.131162 -0.271100 1.000000
-0.384452 0.150165 -0.049244 0.000000
0.050650 -0.080496 0.787904 1.000000
-0.494977 -0.061136 -0.073910 0.000000
0.147731 -0.085941 -0.567704 1.000000
0.150370 -0.076191 0.516855 1.000000
0.002901 0.064445 -0.109103 0.000000
-0.032515 -0.069274 0.937429 1.000000
0.271672 -0.085941 0.041171 0.000000
-0.423201 -0.082052 -0.061827 0.000000
-0.475339 0.138221 0.083642 0.000000
-0.084403 -0.044608 -0.187407 1.000000
-0.155568 0.047779 -0.118714 0.000000
-0.021071 -0.044608 0.156363 1.000000
0.499973 -0.085941 -0.051771 0.000000
-0.021515 -0.044608 -0.145269 1.000000
0.093149 -0.085941 -0.664285 1.000000
0.289561 -0.143662 -0.258489 3.000000
0.051205 -0.068830 0.114947 1.000000
-0.196345 0.177609 0.059587 0.000000
0.375003 -0.057386 -0.059577 1.000000
0.070871 -0.132773 0.491300 3.000000
0.577027 0.038057 0.056226 0.000000
0.459807 -0.077024 0.081892 0.000000
-0.760999 0.144554 0.057087 2.000000
-0.450645 0.150165 0.020060 0.000000
0.168258 -0.083413 0.696545 1.000000
-0.078264 -0.085941 0.093698 1.000000
-0.277371 0.032112 -0.051771 0.000000
0.481751 -0.119134 0.016894 0.000000
0.108148 -0.105829 -0.274711 1.000000
-0.721778 0.152804 0.054421 2.000000
0.096315 -0.085163 0.859042 1.000000
0.594832 0.120333 0.087892 0.000000
0.107593 -0.072302 -0.343654 1.000000
-0.278649 0.032112 0.049532 0.000000
-0.003460 -0.085941 0.009672 0.000000
0.658803 0.122194 0.065143 0.000000
0.088399 -0.146384 -0.463901 3.000000
-0.104680 0.108361 -0.083743 0.000000
-0.142596 0.074222 0.120586 0.000000
-0.771749 0.150165 -0.032494 2.000000
-0.930523 0.154637 -0.012106 2.000000
0.198757 -0.052053 0.142724 1.000000
0.268950 -0.085941 -0.462040 1.000000
0.126509 -0.085941 -0.709645 1.000000
-0.003516 -0.083830 -0.835726 1.000000
0.599748 0.145554 0.002977 0.000000
0.016734 -0.085941 0.756794 1.000000
0.375670 -0.085941 0.100642 1.000000
0.051872 -0.085941 -0.195490 1.000000
0.005762 -0.065497 0.928623 1.000000
-0.106736 -0.044608 -0.246100 1.000000
0.153036 -0.061275 -0.248406 1.000000
0.284422 -0.159633 0.279943 3.000000
0.383698 -0.084441 -0.060466 0.000000
0.564749 -0.092802 0.006950 0.000000
0.279922 -0.085941 -0.122325 1.000000
0.457363 0.037695 0.141669 0.000000
-0.749749 0.166081 0.017560 2.000000
-0.408118 -0.085941 0.059782 0.000000
0.151564 -0.085941 -0.514705 1.000000
-0.577725 -0.082385 0.078781 0.000000
-0.198761 0.050917 -0.116881 0.000000
0.080066 -0.139412 0.511855 3.000000
0.332810 -0.201827 0.505688 3.000000
0.182452 -0.165494 -0.475456 3.000000
0.340671 -0.085941 0.272305 1.000000
0.207285 -0.085941 0.486106 1.000000
0.760884 0.004530 0.092920 0.000000
-0.934078 0.179498 0.005089 2.000000
0.569777 0.028640 -0.125742 0.000000
0.420114 0.150165 0.048588 0.000000
-0.809692 0.294579 0.008338 2.000000
0.079843 -0.077108 0.502911 1.000000
0.113315 -0.079219 0.685018 1.000000
0.081427 -0.044608 0.137113 1.000000
0.287283 -0.085941 0.180779 1.000000
0.187869 -0.058025 -0.192074 1.000000
0.716385 0.008168 0.085809 0.000000
0.117926 -0.085941 0.262999 1.000000
0.072844 -0.085941 -0.259933 1.000000
-0.034182 0.150165 0.060282 0.000000
0.500389 0.063834 0.126586 0.000000
0.674497 -0.085941 0.035449 0.000000
0.251728 0.150165 -0.036799 0.000000
-0.783082 0.151360 0.124780 2.000000
0.861242 -0.016692 -0.032438 0.000000
-0.966689 0.148332 0.113447 2.000000
-0.164623 0.134777 -0.068465 0.000000
0.174397 -0.115190 -0.280905 3.000000
0.106648 -0.085941 -0.059382 0.000000
-0.931078 0.143054 0.095642 2.000000
0.415169 0.140332 -0.065271 0.000000
-0.555892 0.150165 -0.026411 0.000000
-0.674445 -0.050275 0.083781 0.000000
0.025345 -0.106440 -0.272544 1.000000
0.456168 -0.011581 -0.102520 0.000000
0.232118 -0.155356 -0.480845 3.000000
-0.005682 -0.085941 -0.902891 1.000000
0.358115 -0.006609 0.122530 0.000000
0.090732 -0.077607 0.604158 1.000000
-0.358341 -0.085941 0.014227 0.000000
0.518278 0.080944 -0.099548 0.000000
-0.915940 0.141443 -0.096381 2.000000
0.232590 -0.062052 -0.213768 1.000000
0.264089 -0.053636 0.095392 0.000000
0.577027 0.089778 0.026894 0.000000
0.076316 -0.044608 -0.094409 1.000000
0.270672 -0.044997 -0.078271 1.000000
0.181619 -0.085941 -0.435790 1.000000
0.207479 -0.085107 -0.634342 1.000000
-0.140291 -0.079107 0.130197 1.000000
0.010650 -0.082330 -0.553843 1.000000
0.075316 0.150165 0.024783 0.000000
-0.555365 0.082417 -0.098715 0.000000
0.578749 0.011279 -0.115492 0.000000
0.064733 -0.049747 -0.236739 1.000000
-0.760999 0.145554 0.130919 2.000000
0.629248 0.112583 0.081170 0.000000
-0.952772 0.146804 0.228028 2.000000
-0.069959 0.185192 -0.042660 0.000000
0.338171 -0.170828 0.473995 3.000000
-0.033376 -0.085941 0.251611 1.000000
0.072066 -0.085941 -0.624147 1.000000
-0.083097 0.055473 0.131419 0.000000
-0.367424 0.032112 0.127252 0.000000
0.233729 -0.017331 -0.099215 0.000000
0.179174 -0.085941 0.004116 0.000000
0.016039 -0.077274 -0.148102 1.000000
0.247173 -0.085941 0.317082 1.000000
0.112426 -0.085941 -0.096465 1.000000
-0.272315 0.140943 0.082059 0.000000
-0.936189 0.152554 -0.066354 2.000000
0.691774 0.033168 -0.088715 0.000000
0.802494 -0.064636 0.042699 0.000000
-0.025571 -0.044608 -0.209934 1.000000
0.411058 0.210803 -0.057938 0.000000
-0.775276 0.148804 -0.123492 2.000000
0.109982 -0.155689 0.519660 3.000000
-0.020849 -0.076524 0.937845 1.000000
-0.072487 0.137860 0.083837 0.000000
0.236979 -0.085941 0.381497 1.000000
0.577027 -0.041469 0.004700 0.000000
-0.105208 0.102416 0.104309 0.000000
-0.798998 0.152193 -0.111714 2.000000
0.277033 -0.129245 -0.279738 3.000000
-0.774471 0.150332 -0.108881 2.000000
-0.883552 0.271940 0.019449 2.000000
0.016234 -0.057386 0.289693 1.000000
-0.520838 0.006918 -0.113214 0.000000
-0.799665 0.021779 -0.023577 0.000000
0.326754 0.070917 -0.105353 0.000000
-0.754082 0.034807 -0.065049 0.000000
-0.420229 0.032112 0.026782 0.000000
0.072899 -0.085941 -0.275766 1.000000
0.254562 -0.178744 0.503994 3.000000
-0.513782 -0.085941 -0.005133 0.000000
0.095065 -0.085941 0.458662 1.000000
-0.017849 -0.047664 -0.081687 0.000000
0.115509 -0.085941 0.210334 1.000000
0.100843 -0.085941 0.609769 1.000000
0.070288 -0.085941 -0.230823 1.000000
-0.956994 0.145610 -0.237850 2.000000
0.147147 -0.106357 -0.272544 1.000000
0.316033 -0.165661 0.280610 3.000000
0.063149 -0.085941 0.728017 1.000000
-0.440978 0.032112 0.092309 0.000000
0.441002 0.150165 0.016172 0.000000
-0.681362 0.019946 0.119892 0.000000
-0.503560 0.032112 0.113281 0.000000
-0.009821 -0.085941 0.633019 1.000000
0.451363 0.150165 0.031449 0.000000
0.315921 -0.085941 0.180529 1.000000
0.309810 0.148276 -0.060688 0.000000
0.074288 -0.158828 -0.503844 3.000000
-0.180067 -0.085941 0.019283 0.000000
0.193646 -0.085941 -0.106076 1.000000
-0.739222 0.045918 -0.080937 0.000000
0.008262 -0.133328 -0.482651 3.000000
0.338671 0.078583 -0.100909 0.000000
-0.718861 -0.022831 0.071337 0.000000
-0.897024 0.375771 0.019672 2.000000
-0.833747 0.137860 -0.028355 0.000000
0.861659 -0.038081 -0.020661 0.000000
-0.069237 0.154221 -0.059577 0.000000
-0.849414 0.095916 0.056754 0.000000
0.586471 0.015168 0.133975 0.000000
-0.285760 0.172220 -0.044994 0.000000
0.277228 0.090222 -0.094215 0.000000
-0.688834 0.148582 -0.030938 2.000000
0.240423 -0.151550 -0.292905 3.000000
0.108371 -0.085941 0.441357 1.000000
0.716385 0.028112 0.008505 0.000000
-0.908662 0.152332 0.152974 2.000000
-0.920690 0.149082 0.223306 2.000000
0.188341 -0.180494 -0.457457 3.000000
0.195980 0.197942 -0.059577 0.000000
0.220729 -0.189772 -0.495289 3.000000
0.312894 -0.085941 -0.247628 1.000000
0.355393 -0.063219 0.129975 1.000000
0.199091 -0.085941 0.409552 1.000000
0.220507 -0.065163 0.259111 1.000000
-0.852330 0.146971 -0.212434 2.000000
-0.050487 -0.085941 -0.180296 1.000000
-0.430895 0.124138 -0.074632 0.000000
0.294477 0.047640 -0.118770 0.000000
-0.962605 0.143082 0.220639 2.000000
-0.136152 0.150165 -0.056410 0.000000
-0.874663 0.345633 0.008838 2.000000
0.577027 0.023446 -0.091159 0.000000
0.596415 0.143554 0.060087 0.000000
-0.017932 -0.085468 -0.275016 1.000000
-0.033904 -0.006192 -0.105631 0.000000
-0.606863 0.137165 -0.067104 0.000000
-0.749332 0.226219 0.015116 2.000000
-0.793498 0.156359 -0.057438 2.000000
0.278950 -0.085941 -0.007050 0.000000
-0.274482 0.150165 0.030282 0.000000
0.105648 -0.136773 -0.474178 3.000000
0.154369 0.082222 0.115975 0.000000
0.147536 0.150165 -0.037994 0.000000
0.090510 0.039918 -0.123242 0.000000
0.537583 -0.168578 -0.004300 0.000000
-0.910690 0.326300 0.008116 2.000000
0.035317 0.133804 0.086170 0.000000
-0.605752 -0.085941 -0.030466 0.000000
0.159036 -0.059969 -0.232851 1.000000
-0.653168 -0.029664 0.036005 0.000000
0.259312 -0.085941 -0.503261 1.000000
-0.820970 0.297967 0.007783 2.000000
-0.874330 0.140054 0.074281 2.000000
0.024039 -0.085941 -0.856142 1.000000
0.463224 0.134666 -0.018939 0.000000
0.318255 -0.060525 -0.171046 1.000000
-0.263010 0.173609 -0.042299 0.000000
0.179508 -0.174050 -0.123242 1.000000
0.338893 -0.171716 0.488967 3.000000
-0.387785 0.014474 -0.117548 0.000000
0.274283 -0.107857 -0.487678 1.000000
0.242173 -0.058330 0.199556 1.000000
0.431391 0.200581 0.076726 0.000000
-0.105347 0.080417 -0.099881 0.000000
0.025928 0.150165 0.057171 0.000000
-0.866663 0.140526 0.230028 2.000000
0.047011 -0.079135 0.532438 1.000000
0.067760 0.069056 -0.106409 0.000000
-0.835914 0.160137 0.020560 2.000000
0.233423 -0.193022 -0.148519 1.000000
0.258062 -0.085941 -0.127047 1.000000
0.225340 -0.051525 -0.079465 0.000000
0.587526 -0.085941 -0.008383 0.000000
0.233395 0.134999 -0.068354 0.000000
0.048733 -0.078552 -0.386736 1.000000
0.088371 0.164443 -0.059577 0.000000
0.160703 -0.088107 0.149446 3.000000
-0.024765 -0.044608 -0.125325 1.000000
0.603582 0.025612 0.137391 0.000000
0.088260 -0.085941 0.355803 1.000000
0.151536 -0.189938 -0.481456 3.000000
-0.701917 0.090083 0.101086 2.000000
0.492945 0.207858 -0.059577 0.000000
-0.056042 0.164443 0.076726 0.000000
-0.906746 0.142332 0.041560 2.000000
0.264506 -0.070552 -0.260711 1.000000
0.139536 -0.085941 0.549076 1.000000
0.345921 -0.132523 0.010922 0.000000
-0.897440 0.178498 0.017366 2.000000
0.145731 0.143526 0.080587 0.000000
-0.432756 0.150165 0.000200 0.000000
-0.222067 0.086861 -0.096131 0.000000
-0.688667 0.150165 -0.005689 2.000000
0.221507 -0.071024 -0.314043 1.000000
0.155147 -0.085941 -0.165963 1.000000
-0.130096 -0.085941 0.042088 0.000000
-0.628946 -0.041108 0.102614 0.000000
-0.298287 0.150165 -0.034438 0.000000
0.282672 -0.068635 -0.238406 1.000000
-0.038210 -0.085941 -0.109187 1.000000
0.598276 0.120971 -0.069688 0.000000
0.536222 0.039445 0.140669 0.000000
0.300588 -0.198466 -0.470873 3.000000
0.089149 -0.037497 -0.087548 0.000000
0.146814 -0.085941 0.510966 1.000000
0.181841 -0.156467 0.165668 3.000000
0.060899 -0.068163 0.162391 1.000000
0.070955 -0.085941 -0.145269 1.000000
0.047011 -0.049358 -0.249267 1.000000
-0.376785 0.150165 -0.017383 0.000000
0.180452 -0.105940 0.289693 1.000000
0.049372 0.143360 -0.063521 0.000000
-0.010905 -0.044608 -0.246350 1.000000
-0.021932 0.165220 -0.059577 0.000000
0.121176 -0.052386 -0.207073 1.000000
-0.653168 0.081611 -0.098992 0.000000
0.447002 0.091194 -0.093631 0.000000
0.122342 -0.055386 -0.067410 1.000000
0.140203 -0.067497 -0.266683 1.000000
0.156453 -0.067163 0.283193 1.000000
0.208285 -0.068941 0.298499 1.000000
0.818438 0.054028 -0.003689 0.000000
-0.254677 -0.064302 0.089226 0.000000
0.267200 -0.062886 0.225028 1.000000
0.037150 -0.085941 -0.539844 1.000000
-0.817748 0.144054 -0.190435 2.000000
-0.198650 0.087555 -0.095743 0.000000
0.329643 0.169193 -0.059577 0.000000
0.304255 -0.181355 0.503522 3.000000
0.221174 -0.070135 0.311443 1.000000
0.049288 -0.085941 -0.137908 1.000000
-0.768221 0.153276 0.091809 2.000000
0.547722 -0.206216 -0.008994 0.000000
0.135398 -0.085941 -0.084576 1.000000
0.144870 -0.085941 0.324665 1.000000
-0.004849 -0.063302 -0.272544 1.000000
0.032678 -0.085941 -0.072188 1.000000
0.213479 -0.113968 0.502661 1.000000
0.571499 -0.004692 -0.106492 0.000000
-0.461339 -0.055164 0.094503 0.000000
0.119898 -0.076830 -0.550288 1.000000
-0.440784 0.130277 0.088226 0.000000
-0.906190 0.374243 0.010144 2.000000
-0.365508 -0.085941 -0.045577 0.000000
-0.903523 0.142582 0.263888 2.000000
-0.308592 -0.085941 -0.042827 0.000000
0.093176 -0.085941 -0.135381 1.000000
0.716385 -0.076663 0.001755 0.000000
0.159175 -0.085691 0.502661 1.000000
0.796077 -0.006637 -0.059493 0.000000
-0.661946 0.150165 0.060976 2.000000
-0.917718 0.139471 0.253361 2.000000
0.111287 -0.077857 -0.608398 1.000000
-0.371758 0.143693 0.080476 0.000000
-0.078959 -0.044608 0.169529 1.000000
0.065316 -0.085941 0.903818 1.000000
0.175897 -0.172550 -0.489289 3.000000
0.017289 -0.081913 -0.751089 1.000000
0.672330 0.056612 0.098364 0.000000
0.209535 -0.085941 0.115253 1.000000
0.101398 -0.085941 0.757349 1.000000
-0.424979 0.112888 -0.081104 0.000000
0.093038 0.150165 0.047921 0.000000
-0.042765 -0.036108 -0.088354 0.000000
-0.120902 0.033334 0.144197 0.000000
-0.236844 -0.085941 -0.047327 0.000000
-0.073153 -0.085941 0.024588 0.000000
-0.885413 0.257246 0.004422 2.000000
-0.086431 -0.045386 -0.059577 1.000000
0.350060 0.097194 -0.090187 0.000000
0.099898 -0.044608 0.078420 1.000000
0.084649 -0.010665 0.120197 0.000000
0.097426 0.084361 0.114725 0.000000
0.577027 -0.054747 0.009255 0.000000
0.263367 -0.127384 0.021310 0.000000
0.058899 -0.069274 -0.166324 1.000000
0.340365 -0.068052 0.076726 1.000000
-0.155790 0.022807 0.139530 0.000000
0.577027 -0.017970 0.093559 0.000000
-0.079903 0.101777 -0.087520 0.000000
0.054927 -0.085941 -0.463679 1.000000
-0.860358 0.140027 -0.019911 2.000000
-0.401007 -0.085941 -0.037716 0.000000
0.193035 -0.172466 -0.137742 1.000000
0.553583 0.026196 -0.124325 0.000000
0.060122 -0.153245 -0.458957 3.000000
0.452141 0.161220 0.076726 0.000000
-0.762915 0.155165 0.067365 2.000000
0.033456 -0.078857 -0.328182 1.000000
-0.653168 0.096972 0.089114 0.000000
0.130898 -0.085941 0.130780 1.000000
-0.098430 -0.085941 -0.105603 1.000000
0.846521 0.035334 -0.020050 0.000000
0.714496 0.033862 -0.080715 0.000000
0.102260 -0.080469 -0.730256 1.000000
0.206535 -0.153217 -0.148519 1.000000
0.370865 -0.097551 0.006811 0.000000
-0.120958 -0.066858 0.289693 1.000000
-0.047570 0.134027 0.086059 0.000000
-0.200067 0.004946 0.129197 0.000000
0.606776 -0.085941 -0.052632 0.000000
0.081232 0.194275 0.040338 0.000000
-0.314426 0.170498 -0.017578 0.000000
0.539861 0.167470 -0.059577 0.000000
-0.081542 0.080028 0.117225 0.000000
0.391364 -0.073858 -0.059577 1.000000
0.259423 0.184914 0.076726 0.000000
-0.884079 0.140499 0.066976 2.000000
0.043928 -0.085941 0.487522 1.000000
-0.437839 0.032112 -0.002134 0.000000
0.172647 -0.139689 0.504827 3.000000
0.775050 -0.066858 -0.000884 0.000000
0.176341 -0.166606 -0.464123 3.000000
0.841715 -0.066191 0.024783 0.000000
0.210118 0.201997 -0.038633 0.000000
-0.958328 0.285301 0.014533 2.000000
0.042233 -0.069941 0.094559 1.000000
0.196563 -0.166522 0.502938 3.000000
0.314977 0.188998 -0.059577 0.000000
0.161342 -0.085941 0.325970 1.000000
0.246062 -0.127579 -0.279738 3.000000
-0.036626 -0.080774 -0.921724 1.000000
-0.089264 -0.085941 0.113614 1.000000
0.051983 -0.079635 -0.682757 1.000000
-0.718750 0.092750 -0.078826 0.000000
-0.004766 -0.083607 0.312276 1.000000
0.603776 0.109916 0.090864 0.000000
0.239340 -0.169411 0.520716 3.000000
-0.103541 -0.044608 0.203112 1.000000
0.186813 -0.078413 -0.534288 1.000000
0.835938 -0.055802 -0.009133 0.000000
-0.137124 0.042029 0.139169 0.000000
0.299922 -0.085941 0.443940 1.000000
-0.484061 0.020779 -0.121214 0.000000
0.139481 -0.100940 -0.487678 1.000000
0.067510 0.131860 -0.070160 0.000000
-0.615752 0.149082 -0.060216 0.000000
0.245201 0.126221 -0.073410 0.000000
-0.697611 -0.008026 0.093420 0.000000
-0.098930 -0.053247 -0.272544 1.000000
0.577027 -0.053525 -0.012856 0.000000
0.258562 -0.085941 -0.542621 1.000000
0.352587 0.210553 -0.037022 0.000000
0.074955 -0.077385 -0.485262 1.000000
0.826938 -0.025692 -0.038883 0.000000
-0.909523 0.148499 -0.224545 2.000000
0.348310 -0.188494 -0.478290 3.000000
0.113898 -0.061302 -0.150130 1.000000
-0.108208 0.093528 -0.092298 0.000000
-0.772887 0.140360 -0.005467 2.000000
-0.824081 0.153137 0.019644 2.000000
0.207202 -0.183744 0.478911 3.000000
-0.359869 0.150165 0.005311 0.000000
0.352976 0.210580 0.044393 0.000000
-0.049459 -0.085941 -0.217101 1.000000
0.826493 -0.070330 -0.016217 0.000000
0.102732 -0.085941 0.295054 1.000000
0.007039 -0.085941 -0.864725 1.000000
0.341504 -0.179883 -0.467901 3.000000
0.577027 -0.017803 -0.048410 0.000000
0.256173 -0.173105 -0.467373 3.000000
0.066844 0.098555 -0.089382 0.000000
0.318394 -0.112884 -0.008633 0.000000
-0.968633 0.146999 0.101309 2.000000
0.142620 -0.063052 0.230806 1.000000
0.098399 -0.055830 0.094114 0.000000
0.554194 0.048973 0.135169 0.000000
-0.246510 -0.085941 -0.016911 0.000000
0.183147 -0.049358 -0.081354 1.000000
0.122120 -0.184077 -0.463706 3.000000
-0.528837 0.076333 -0.102242 0.000000
0.330254 -0.055358 0.152530 1.000000
0.097815 -0.145023 -0.495567 3.000000
0.091621 0.194886 -0.006745 0.000000
0.200452 -0.078385 -0.512150 1.000000
0.168230 0.009196 -0.114520 0.000000
0.082093 -0.078607 0.671101 1.000000
0.467307 -0.085941 -0.051466 0.000000
-0.383674 0.032112 0.106614 0.000000
-0.704361 0.149082 0.068476 2.000000
0.079177 -0.085941 0.644963 1.000000
-0.820748 0.038390 -0.024661 0.000000
0.030289 -0.080719 -0.644452 1.000000
0.251506 -0.150273 0.487661 3.000000
-0.283732 0.032112 0.004950 0.000000
-0.105930 0.121527 0.093281 0.000000
-0.334231 -0.085941 -0.008883 0.000000
-0.752444 0.098889 -0.068132 0.000000
0.273728 -0.061969 -0.059577 1.000000
0.333143 -0.085941 -0.135186 1.000000
0.282144 -0.078552 0.377636 1.000000
-0.639835 0.150971 -0.030883 0.000000
0.285367 -0.057164 0.093337 0.000000
-0.460728 0.114694 0.097225 0.000000
-0.461950 0.070861 -0.105381 0.000000
-0.566503 0.044001 0.138030 0.000000
-0.960189 0.151026 0.042949 2.000000
0.297338 -0.049080 0.098003 0.000000
0.137731 -0.049497 0.076726 1.000000
-0.953633 0.186748 0.007366 2.000000
-0.282287 0.150165 -0.045299 0.000000
-0.068320 -0.085941 -0.183352 1.000000
-0.503949 0.139527 -0.065743 0.000000
-0.010377 0.179026 -0.059577 0.000000
0.100593 -0.068941 -0.255572 1.000000
-0.139402 -0.046164 -0.243739 1.000000
0.233923 -0.170883 0.483022 3.000000
0.423947 -0.053664 -0.078215 0.000000
0.244951 -0.026192 0.111225 0.000000
-0.002544 -0.083663 0.489411 1.000000
-0.498088 0.150165 0.068170 0.000000
0.341060 -0.085941 0.186751 1.000000
0.435530 0.159859 -0.059577 0.000000
0.329727 -0.085941 -0.296988 1.000000
-0.541948 0.150165 -0.008328 0.000000
-0.148457 0.101166 -0.087882 0.000000
0.072760 -0.044608 0.200417 1.000000
0.010012 -0.095718 -0.487678 1.000000
-0.750360 0.142388 -0.032633 2.000000
0.105732 -0.059413 0.122058 1.000000
-0.661501 0.151721 0.009866 2.000000
0.092760 -0.085941 -0.513483 1.000000
0.600415 0.059556 -0.104465 0.000000
-0.119208 -0.085941 0.255111 1.000000
0.397253 0.210803 0.033449 0.000000
0.024456 -0.081607 -0.792838 1.000000
-0.399090 -0.085941 -0.010883 0.000000
0.027789 -0.085941 0.850014 1.000000
-0.730222 0.150082 -0.068576 2.000000
-0.143374 -0.085941 -0.011494 0.000000
0.436530 0.141582 -0.064549 0.000000
0.536444 0.190636 -0.033022 0.000000
0.144314 -0.111301 0.291860 1.000000
-0.718833 0.101805 0.090726 2.000000
0.716385 0.066750 -0.008689 0.000000
0.044705 -0.044608 0.169779 1.000000
0.456057 0.057917 0.130002 0.000000
-0.007321 -0.085941 0.726017 1.000000
-0.376535 -0.064913 -0.071743 0.000000
-0.161679 0.145999 0.079142 0.000000
-0.456867 0.032112 0.087559 0.000000
0.199868 -0.157995 0.155974 3.000000
-0.759860 0.157415 0.038282 2.000000
0.478918 -0.063441 -0.072576 0.000000
0.336032 -0.139967 -0.260628 3.000000
-0.876885 0.139610 -0.102853 2.000000
0.840354 0.043584 0.032116 0.000000
