0.137461 0.042473 -0.386235 1.000000
-0.542829 0.019133 -0.137509 2.000000
0.385310 -0.162921 0.001375 0.000000
-0.571086 0.026151 -0.010999 2.000000
-0.013219 0.010776 -0.000241 1.000000
0.114145 0.015878 0.472231 1.000000
0.120978 0.031415 0.053756 1.000000
-0.171680 -0.081521 -0.033277 0.000000
-0.498482 0.011261 0.138111 2.000000
-0.054358 0.012230 0.350985 1.000000
0.073237 0.027675 0.034664 1.000000
0.168858 0.010383 -0.312176 1.000000
0.139262 0.014100 -0.431575 1.000000
-0.445523 -0.051394 0.009662 2.000000
0.249704 -0.062752 -0.049183 0.000000
-0.492133 0.011468 -0.071045 2.000000
-0.594010 -0.008916 -0.010191 2.000000
-0.025616 0.014100 0.421927 1.000000
-0.498482 0.021511 -0.054124 2.000000
-0.513857 0.021626 0.136288 2.000000
-0.005139 0.024535 -0.361395 1.000000
0.009012 0.022527 -0.626165 1.000000
0.023995 0.008490 -0.275770 1.000000
0.069566 0.010961 -0.346481 1.000000
-0.014535 0.012023 0.362389 1.000000
0.045903 0.042519 -0.805957 1.000000
0.005018 0.013477 0.404382 1.000000
0.166157 0.009252 0.269031 1.000000
-0.000337 0.013731 -0.004489 2.000000
-0.098244 -0.142490 -0.013054 0.000000
0.194783 0.015116 0.353247 1.000000
0.012637 -0.053033 -0.017025 0.000000
0.155976 0.024743 -0.664488 1.000000
-0.092288 -0.000421 -0.006498 0.000000
0.019793 0.032407 0.815816 1.000000
0.020601 0.030537 -0.791690 1.000000
0.008735 0.016016 -0.491460 1.000000
0.170266 0.044458 0.760641 1.000000
0.279947 -0.091540 -0.056178 0.000000
-0.495850 0.022642 -0.200834 2.000000
0.239639 -0.116657 0.035195 0.000000
0.176776 0.003850 -0.111399 1.000000
0.032606 0.015809 -0.485365 1.000000
0.116130 0.046582 -0.515792 1.000000
-0.020006 0.015762 0.469623 1.000000
0.062040 0.045797 -0.706481 1.000000
0.121532 0.013154 -0.407543 1.000000
0.026742 -0.116173 -0.026675 0.000000
0.224333 -0.072656 0.011163 0.000000
0.026627 0.037232 -0.581079 1.000000
-0.547423 0.050299 -0.012408 2.000000
0.164264 0.031784 0.776478 1.000000
0.127858 -0.028793 0.170570 1.000000
-0.484076 0.014747 0.218842 2.000000
0.146280 0.053531 0.935077 1.000000
-0.005278 -0.112156 0.003452 0.000000
-0.471448 0.012646 -0.135224 2.000000
0.030574 0.035870 0.457803 1.000000
0.135153 0.024212 -0.658000 1.000000
0.353659 -0.098166 -0.044774 0.000000
0.172321 -0.059751 0.032979 0.000000
0.138800 -0.000190 -0.022173 1.000000
0.052575 0.037463 0.836894 1.000000
-0.018344 -0.140828 0.001859 0.000000
0.006912 0.034000 -0.683118 1.000000
0.085218 0.019664 -0.566881 1.000000
0.031128 0.040580 0.725667 1.000000
-0.023539 0.015116 -0.216024 1.000000
0.071436 0.011584 0.006315 1.000000
-0.525930 0.013246 -0.119803 2.000000
0.012360 0.038225 0.922911 1.000000
0.088404 0.006020 -0.204735 1.000000
-0.555642 0.140541 -0.003358 2.000000
0.104910 0.036678 -0.232092 1.000000
0.202125 0.019248 -0.373307 1.000000
0.020140 -0.083552 -0.023281 0.000000
0.044426 -0.022260 0.004814 0.000000
0.194945 0.020356 -0.108768 1.000000
-0.498482 0.022434 -0.187467 2.000000
-0.026263 0.004958 -0.174700 1.000000
0.015915 0.029660 -0.375269 1.000000
0.033829 0.016594 -0.503072 1.000000
0.226549 -0.112086 0.000820 0.000000
0.159324 0.013015 0.382682 1.000000
-0.520598 0.012600 0.065207 2.000000
-0.461521 0.019387 -0.223042 2.000000
0.201617 -0.191848 -0.013700 0.000000
0.178046 0.024189 0.608530 1.000000
-0.533641 -0.047539 -0.002550 2.000000
-0.498482 0.022827 0.005853 2.000000
-0.007494 0.031345 0.751269 1.000000
0.040917 0.027559 0.715486 1.000000
-0.009318 0.008744 0.268569 1.000000
0.100755 0.046651 -0.545388 1.000000
-0.324184 -0.110932 -0.010746 0.000000
-0.013912 0.016270 0.482181 1.000000
0.120932 0.032430 -0.829389 1.000000
0.050751 0.012230 0.368276 1.000000
0.027527 0.009414 -0.302134 1.000000
-0.024347 -0.123560 -0.006336 0.000000
0.117377 0.049514 -0.649066 1.000000
0.087942 -0.081936 0.026169 0.000000
-0.471933 -0.091979 -0.003589 2.000000
0.095376 0.006967 -0.231999 1.000000
0.014207 0.036193 -0.720724 1.000000
0.067835 0.039541 0.393786 1.000000
-0.602160 0.065143 -0.005736 2.000000
0.024780 0.004958 -0.174447 1.000000
-0.095728 0.011215 -0.011946 0.000000
0.150135 0.041087 0.352024 1.000000
0.177654 0.024697 0.618872 1.000000
0.316353 -0.124576 0.035449 0.000000
0.125272 0.001680 -0.077971 1.000000
0.121832 0.000734 -0.221426 1.000000
0.105788 0.048082 0.585398 1.000000
0.137808 0.034439 0.854370 1.000000
-0.028179 0.018302 0.524290 1.000000
-0.023839 0.015301 0.209377 1.000000
0.047058 0.011307 0.341751 1.000000
0.105972 0.037232 0.232278 1.000000
0.043872 0.009368 -0.300795 1.000000
-0.536434 0.009968 -0.002227 2.000000
-0.470525 0.012484 0.076265 2.000000
-0.570094 0.119556 -0.004212 2.000000
0.083579 0.012946 -0.403134 1.000000
0.204549 -0.035465 -0.016286 0.000000
-0.260029 -0.129470 -0.010238 0.000000
-0.002600 0.023104 0.623466 1.000000
0.063241 0.000387 0.029147 1.000000
0.092929 0.028829 -0.027760 1.000000
-0.009410 0.027698 0.469276 1.000000
0.145264 0.005628 -0.188067 1.000000
0.051051 0.045335 -0.840793 1.000000
0.343363 -0.168646 -0.024204 0.000000
0.030182 0.029775 -0.775969 1.000000
0.078246 0.037348 0.918271 1.000000
0.095607 0.041018 0.356849 1.000000
-0.509101 0.026405 -0.006151 2.000000
-0.530340 0.019826 -0.170614 2.000000
-0.435781 0.007521 -0.013054 2.000000
0.208519 -0.107539 -0.033231 0.000000
0.024872 -0.032302 -0.017302 0.000000
0.081271 0.031161 0.790122 1.000000
0.108489 0.055331 0.954585 1.000000
0.006404 0.019410 0.124883 1.000000
0.200324 -0.126769 0.012271 0.000000
0.152421 0.002973 0.096095 1.000000
0.139608 0.039218 -0.956799 1.000000
0.013629 0.033977 0.524751 1.000000
0.071852 0.002857 0.099674 1.000000
0.420031 -0.152856 -0.005482 0.000000
0.247788 -0.113564 -0.030830 0.000000
0.149258 0.030006 -0.047452 0.000000
0.052344 0.035478 -0.353453 1.000000
0.130466 -0.154472 -0.045305 0.000000
0.305249 -0.066423 0.022613 0.000000
0.114653 0.049214 0.624413 1.000000
0.283179 -0.152348 0.008924 0.000000
0.112275 0.040187 -0.325704 1.000000
0.044864 -0.019997 -0.019149 0.000000
-0.028110 0.022180 -0.618893 1.000000
0.128319 0.052192 0.759049 1.000000
0.038816 0.026820 -0.714838 1.000000
0.085772 0.043050 0.438780 1.000000
-0.036282 0.021857 -0.611944 1.000000
0.115368 0.049975 -0.672937 1.000000
-0.572656 0.019872 -0.003474 2.000000
0.151913 0.007428 0.224106 1.000000
0.041263 0.038802 -0.504850 1.000000
0.104079 -0.175434 0.002598 0.000000
0.051352 0.046259 0.826528 1.000000
0.089997 0.052584 -0.863510 1.000000
0.194968 0.007682 -0.153762 1.000000
0.128227 -0.035719 -0.027644 0.000000
0.086950 0.030468 -0.790120 1.000000
-0.503491 0.011445 -0.179017 2.000000
0.112991 0.003758 -0.139679 1.000000
-0.627208 -0.024291 -0.008714 2.000000
-0.426477 0.019548 0.006223 2.000000
-0.002346 0.029591 -0.772344 1.000000
0.062987 -0.126076 -0.035101 0.000000
-0.034574 0.020103 -0.447043 1.000000
0.096069 0.007590 0.235279 1.000000
0.349573 -0.125476 0.029054 0.000000
0.101563 0.037325 0.240727 1.000000
0.068804 0.023381 -0.643826 1.000000
-0.487724 0.022411 0.029816 2.000000
0.029859 0.019964 -0.010769 1.000000
0.149166 0.013546 0.399857 1.000000
0.213390 -0.069978 -0.020442 0.000000
0.032675 0.012600 -0.393369 1.000000
0.172413 0.005882 -0.178879 1.000000
-0.008140 0.011953 -0.374969 1.000000
-0.054612 0.002465 -0.103342 1.000000
0.122687 0.027028 0.006315 0.000000
0.137808 0.030237 -0.036394 0.000000
0.025796 0.006320 0.199150 1.000000
0.017462 0.037371 0.739287 1.000000
0.138870 0.049098 0.625636 1.000000
-0.024785 0.005258 -0.020788 1.000000
0.028127 0.031599 -0.363172 1.000000
0.098285 0.018625 0.530892 1.000000
-0.418882 0.018556 -0.035263 2.000000
0.148727 0.031922 0.799310 1.000000
0.220478 -0.058758 -0.044728 0.000000
-0.017513 0.002881 -0.114908 1.000000
-0.002715 0.022919 0.284752 1.000000
-0.022223 0.015324 0.456810 1.000000
-0.589878 -0.026900 -0.010422 2.000000
-0.037713 0.005905 -0.058787 1.000000
0.141732 0.026659 -0.707681 1.000000
0.169043 0.044966 -0.794783 1.000000
0.052921 0.038340 -0.951397 1.000000
0.200070 0.023588 0.305483 1.000000
0.076053 0.041503 -0.435800 1.000000
0.165303 0.045843 0.674439 1.000000
0.189197 -0.128039 -0.008114 0.000000
-0.014558 0.007059 -0.234562 1.000000
0.134252 0.025943 0.679403 1.000000
-0.046324 -0.140574 -0.010099 0.000000
0.194829 0.005305 -0.086744 1.000000
-0.021530 0.022342 0.607491 1.000000
0.004695 0.001703 0.067192 1.000000
0.009312 0.033123 -0.548966 1.000000
0.041910 0.044481 0.860441 1.000000
0.018501 0.039379 0.901695 1.000000
0.125965 0.036724 -0.917992 1.000000
0.034799 0.038202 0.530430 1.000000
0.011482 0.019849 0.556056 1.000000
0.047866 0.046051 -0.888050 1.000000
0.016723 0.009391 -0.301626 1.000000
0.110036 0.014885 -0.459024 1.000000
0.021663 0.021003 -0.095909 1.000000
0.182963 0.009114 0.233756 1.000000
0.109782 0.045912 -0.493376 1.000000
-0.602737 -0.087754 -0.008275 2.000000
0.047035 0.037140 0.913862 1.000000
0.019424 0.020541 0.080466 1.000000
0.039185 0.044112 -0.900285 1.000000
0.097108 0.009760 0.297842 1.000000
0.101863 -0.120351 -0.043019 0.000000
0.187881 0.025989 0.154294 1.000000
-0.631086 -0.058643 -0.008922 2.000000
0.079262 0.044897 0.530454 1.000000
-0.303661 -0.113425 -0.001419 0.000000
0.195961 0.027744 0.326399 1.000000
0.087712 0.002119 0.079127 1.000000
0.161378 0.006459 0.194556 1.000000
-0.030626 0.018625 -0.545157 1.000000
0.073699 0.043211 0.480427 1.000000
0.282578 -0.171786 0.008323 0.000000
-0.126478 -0.036227 -0.141526 0.000000
-0.496542 -0.079258 0.020905 2.000000
0.192636 0.023058 0.133171 1.000000
-0.053966 0.006066 -0.186105 1.000000
0.007304 0.034485 0.705859 1.000000
-0.003038 0.006990 0.218473 1.000000
0.150320 -0.117350 -0.049853 0.000000
0.166988 0.042680 -0.916261 1.000000
0.047727 0.008444 -0.274569 1.000000
0.050197 0.046628 0.875193 1.000000
-0.458035 0.013108 0.076796 2.000000
-0.503445 0.022596 -0.135247 2.000000
0.117377 0.052261 0.762835 1.000000
0.012752 0.012092 0.364352 1.000000
0.252798 -0.122706 -0.053731 0.000000
0.132406 0.045451 -0.469829 1.000000
-0.499774 0.019341 0.220781 2.000000
-0.009433 0.012046 -0.032007 1.000000
0.039462 0.041480 0.675709 1.000000
0.043456 0.015093 0.450138 1.000000
0.199724 -0.042321 -0.168790 1.000000
0.280985 -0.065846 0.031501 0.000000
0.081386 -0.138358 0.024622 0.000000
0.193883 -0.085284 -0.055324 0.000000
0.064787 0.018025 0.518403 1.000000
-0.008602 0.022942 -0.436562 1.000000
-0.026309 0.000272 -0.040111 1.000000
0.099370 0.012069 -0.378063 1.000000
0.060216 0.026082 -0.699532 1.000000
-0.508732 0.022203 -0.120818 2.000000
0.156230 0.032846 -0.149145 1.000000
0.086604 -0.080066 -0.040341 0.000000
0.270366 -0.202398 -0.013700 0.000000
0.144826 0.052238 -0.844372 1.000000
0.089766 0.045820 0.529715 1.000000
0.071667 -0.129239 -0.037086 0.000000
0.196492 0.018764 -0.459186 1.000000
-0.493010 0.011630 0.214110 2.000000
-0.026678 0.008998 -0.064743 1.000000
0.060101 -0.172132 -0.010030 0.000000
-0.499220 0.049421 -0.011946 2.000000
-0.038290 0.001495 0.060636 1.000000
0.079678 0.045405 0.552916 1.000000
0.129589 0.010707 -0.335885 1.000000
0.067073 -0.059774 0.017742 0.000000
0.177885 -0.109085 -0.002227 0.000000
0.183171 0.036470 -0.709435 1.000000
0.318200 -0.077273 -0.049322 0.000000
-0.035012 0.011215 0.339604 1.000000
0.062248 0.010730 -0.339764 1.000000
0.049251 0.018879 0.536133 1.000000
0.178970 -0.060721 0.005368 0.000000
-0.534403 -0.059335 -0.008622 2.000000
0.252844 -0.180005 0.004029 0.000000
-0.042238 0.013962 0.309685 1.000000
0.041540 0.009922 0.302274 1.000000
0.190836 0.029037 -0.293153 1.000000
-0.514180 0.021996 0.024968 2.000000
0.083256 0.037717 0.925889 1.000000
0.052367 -0.155534 0.018273 0.000000
0.105164 0.035847 0.193679 1.000000
0.050128 0.028206 0.729060 1.000000
0.023418 0.034554 0.860210 1.000000
0.107681 0.041318 -0.383626 1.000000
0.094314 0.053461 -0.887219 1.000000
0.179847 0.004012 -0.020788 0.000000
-0.004793 -0.112640 -0.018110 0.000000
0.043248 0.034577 -0.366797 1.000000
0.026835 0.019941 0.557995 1.000000
0.016053 0.036378 0.678410 1.000000
0.153460 -0.157288 -0.046921 0.000000
-0.441783 0.019387 0.100851 2.000000
0.153898 0.041757 -0.396624 1.000000
-0.034458 0.005836 -0.032492 1.000000
0.094822 0.050991 0.753554 1.000000
0.199470 -0.168023 0.009501 0.000000
0.123125 -0.160266 0.029724 0.000000
-0.438205 0.019826 -0.069914 2.000000
0.011552 0.021788 0.159789 1.000000
0.053014 0.016340 0.483451 1.000000
0.012798 0.002142 -0.094177 1.000000
0.162117 0.035732 -0.256193 1.000000
0.274914 -0.165091 0.005715 0.000000
0.157823 0.043465 -0.459740 1.000000
0.002987 0.008860 -0.286043 1.000000
0.194783 -0.129216 -0.018918 0.000000
-0.615318 -0.051556 -0.009568 2.000000
0.015361 0.030145 0.769206 1.000000
-0.566100 0.015693 -0.055670 2.000000
-0.498482 0.022411 0.173940 2.000000
0.013006 0.003458 -0.131715 1.000000
0.102440 0.042496 0.387599 1.000000
-0.451040 0.017748 -0.206790 2.000000
0.390920 -0.162552 -0.005967 0.000000
0.175045 -0.185407 -0.006936 0.000000
-0.051195 0.009691 0.254717 1.000000
0.020232 0.002419 -0.102188 1.000000
-0.489039 0.021880 -0.239294 2.000000
0.336137 -0.090386 0.034895 0.000000
0.031198 0.032546 -0.833314 1.000000
0.181140 0.002119 -0.052485 0.000000
-0.491971 0.018810 -0.248113 2.000000
0.062410 0.007498 0.232786 1.000000
0.391705 -0.143922 0.013217 0.000000
0.169043 0.034277 0.236988 1.000000
0.208196 -0.127785 0.016750 0.000000
0.039439 0.007544 -0.248436 1.000000
0.197577 0.016478 0.037873 0.000000
-0.050618 0.005420 0.173063 1.000000
0.097985 0.006528 0.205245 1.000000
-0.472187 0.012530 -0.125251 2.000000
0.095145 0.052861 -0.855107 1.000000
0.013837 0.025366 -0.684757 1.000000
0.092652 0.040441 -0.360725 1.000000
0.008250 -0.000375 0.007677 1.000000
0.157338 0.042034 -0.416685 1.000000
0.004926 0.028113 -0.528189 1.000000
0.083487 0.031068 -0.802956 1.000000
0.185711 0.037648 0.592416 1.000000
-0.521613 0.012900 0.122690 2.000000
0.041009 0.027790 0.168331 1.000000
0.102579 0.053738 0.855547 1.000000
0.191782 -0.199466 -0.011484 0.000000
0.135984 0.055101 0.949229 1.000000
0.162717 0.031969 0.137303 1.000000
-0.517920 0.021095 -0.192038 2.000000
0.025796 0.014447 -0.446327 1.000000
0.028612 0.038756 -0.651052 1.000000
-0.013127 0.017055 0.498133 1.000000
0.039993 0.032223 -0.780239 1.000000
0.172275 -0.120674 0.036742 0.000000
-0.546661 0.014677 0.081967 2.000000
0.232575 -0.132725 -0.052738 0.000000
0.083695 0.034785 0.207276 1.000000
0.246034 -0.130786 -0.000195 0.000000
0.008020 0.020149 0.535048 1.000000
0.286110 -0.056888 -0.029445 0.000000
0.082794 0.029568 0.060613 1.000000
-0.443768 0.014031 -0.088406 2.000000
0.047288 0.043812 0.724951 1.000000
0.104957 0.027328 0.710707 1.000000
0.058808 0.032938 -0.253169 1.000000
0.081294 0.024789 0.658372 1.000000
0.100709 0.023081 0.622773 1.000000
0.022079 0.018325 -0.538855 1.000000
0.005411 -0.021290 -0.001188 0.000000
0.029489 -0.038327 0.003937 0.000000
0.034799 0.042657 -0.863694 1.000000
0.177838 -0.170793 -0.006036 0.000000
0.089928 0.008606 -0.278817 1.000000
0.175368 0.029175 -0.146674 1.000000
-0.424930 0.014862 0.022844 2.000000
0.197692 0.023150 -0.525257 1.000000
0.050451 0.000803 0.040967 1.000000
0.030159 0.041826 0.872307 1.000000
0.080555 0.046928 -0.637523 1.000000
0.170589 -0.010601 -0.001650 0.000000
0.378869 -0.083714 -0.013539 0.000000
0.126242 0.043789 0.408122 1.000000
0.187442 0.002234 -0.037987 0.000000
-0.051634 0.000249 0.025245 1.000000
0.162833 0.046213 0.650615 1.000000
0.079585 0.038848 0.334409 1.000000
-0.557789 0.018625 -0.079518 2.000000
0.180447 -0.108185 -0.018248 0.000000
0.190859 0.031091 0.617856 1.000000
0.149235 -0.010532 -0.021503 0.000000
0.285880 -0.170216 -0.011161 0.000000
0.048720 0.036886 0.395310 1.000000
0.135291 0.001934 -0.083419 1.000000
0.083002 0.047044 0.616817 1.000000
0.124349 0.004520 0.145453 1.000000
0.323740 -0.104560 -0.051030 0.000000
-0.438320 0.014700 -0.098841 2.000000
0.203787 -0.082698 -0.039557 0.000000
0.141386 0.030676 0.776409 1.000000
-0.496612 0.030814 -0.011831 2.000000
0.111605 0.036909 0.908852 1.000000
0.097015 0.015624 -0.480171 1.000000
0.114329 0.036770 0.211870 1.000000
0.126796 -0.027500 -0.193446 1.000000
-0.017051 -0.155672 -0.010630 0.000000
0.046619 0.041688 0.603474 1.000000
0.047473 0.002742 0.096557 1.000000
0.173337 0.002742 -0.086490 1.000000
-0.480913 0.021534 0.208177 2.000000
-0.017352 0.026382 0.521196 1.000000
0.155538 0.049560 -0.805195 1.000000
0.157823 0.025181 0.656963 1.000000
0.248665 -0.141798 0.037365 0.000000
0.197300 0.015601 -0.013123 0.000000
0.041332 0.029314 -0.224704 1.000000
0.079470 0.052099 -0.900308 1.000000
0.239362 -0.150109 0.036534 0.000000
0.212952 -0.038512 -0.000865 0.000000
0.132890 0.013177 -0.405996 1.000000
0.013976 0.034300 0.543543 1.000000
0.074599 -0.005938 -0.205012 1.000000
-0.029010 0.018256 0.333070 1.000000
0.143533 -0.099251 -0.049876 0.000000
-0.496935 -0.024684 -0.012223 2.000000
-0.027717 0.012715 -0.396762 1.000000
0.119108 0.019087 0.539134 1.000000
0.057608 0.033769 -0.282349 1.000000
0.079355 0.047898 -0.693137 1.000000
0.048651 0.023288 -0.012823 1.000000
0.145080 0.050876 -0.763987 1.000000
0.165672 -0.007254 0.006846 0.000000
0.127696 0.018510 0.526275 1.000000
-0.032888 0.017032 -0.512122 1.000000
0.028312 0.032015 -0.686973 1.000000
0.171259 0.016686 -0.489521 1.000000
0.063726 0.029175 -0.125459 1.000000
-0.009295 0.031068 -0.781024 1.000000
0.102117 0.049560 0.662781 1.000000
0.094499 0.035270 0.875239 1.000000
-0.496034 0.022734 -0.116386 2.000000
0.117192 0.036840 -0.225512 1.000000
-0.444484 0.014077 0.081851 2.000000
0.034822 -0.139212 0.014141 0.000000
0.067304 0.018463 0.527198 1.000000
-0.368786 -0.000421 -0.011831 0.000000
0.188112 0.036886 0.538557 1.000000
0.250951 -0.105969 0.012202 0.000000
0.066704 0.028898 -0.757754 1.000000
0.135130 0.044897 0.440027 1.000000
0.016631 -0.027431 0.000867 0.000000
-0.018968 0.011376 -0.358348 1.000000
-0.553172 -0.037566 -0.002227 2.000000
0.010074 0.024766 -0.268752 1.000000
0.180378 0.037740 -0.432291 1.000000
-0.548670 -0.049732 -0.001927 2.000000
-0.055397 0.007890 -0.249013 1.000000
-0.054704 0.001842 -0.085359 1.000000
-0.026494 0.016063 -0.265612 1.000000
0.076284 0.047944 0.698979 1.000000
0.176315 0.041780 0.583389 1.000000
0.202933 -0.069793 0.042375 0.000000
0.181070 0.039148 0.674093 1.000000
0.131297 0.040880 0.963311 1.000000
-0.540521 0.019987 0.054472 2.000000
-0.502637 0.097855 -0.002966 2.000000
0.031590 0.036517 0.470384 1.000000
0.100501 -0.033041 0.011209 0.000000
-0.313288 -0.112086 -0.004766 0.000000
0.157315 0.041711 0.393301 1.000000
0.124303 0.048452 0.584036 1.000000
-0.026955 0.006205 -0.210553 1.000000
0.080163 0.013939 -0.431876 1.000000
0.064603 0.047251 -0.762348 1.000000
0.163179 0.024396 0.636671 1.000000
-0.009502 0.024004 -0.656454 1.000000
0.152698 0.011561 0.342028 1.000000
0.018501 0.024512 0.623120 1.000000
-0.584037 -0.057281 -0.003427 2.000000
0.059062 0.041618 0.494532 1.000000
0.062202 0.018694 -0.546796 1.000000
0.034661 0.043396 0.917763 1.000000
-0.569447 0.097324 -0.004074 2.000000
0.116384 0.034023 -0.145589 1.000000
0.041055 0.021949 0.599341 1.000000
-0.005301 0.021049 0.248623 1.000000
0.171698 0.029960 0.128969 1.000000
0.176615 0.036678 0.356341 1.000000
-0.476527 0.011976 -0.007860 2.000000
0.027781 0.015462 -0.475161 1.000000
-0.012250 0.004774 0.155102 1.000000
-0.581775 -0.006238 -0.003681 2.000000
0.042002 0.025620 0.101243 1.000000
-0.557396 -0.074918 -0.012177 2.000000
0.082887 -0.025261 0.008254 0.000000
0.050059 0.027652 0.125114 1.000000
0.151359 0.045797 0.503466 1.000000
0.076215 0.030907 0.117542 1.000000
0.127119 0.054108 0.849822 1.000000
0.120078 0.030676 -0.047359 1.000000
-0.547192 0.005004 -0.012523 2.000000
-0.549062 0.100395 -0.012038 2.000000
0.037315 -0.063930 0.011301 0.000000
0.107704 0.029383 -0.002550 1.000000
0.126957 0.001103 -0.061603 1.000000
0.173544 0.042865 0.608853 1.000000
0.068620 0.044481 -0.587866 1.000000
0.086396 0.053669 0.951284 1.000000
0.036346 0.029268 -0.250837 1.000000
-0.478328 -0.061252 -0.003404 2.000000
0.141271 0.046720 -0.527358 1.000000
0.015684 0.013431 0.402974 1.000000
0.053314 0.031345 -0.230845 1.000000
0.195430 0.004935 0.057565 0.000000
0.100316 0.032453 0.103760 1.000000
0.088843 -0.110586 -0.042073 0.000000
0.313121 -0.195726 -0.003173 0.000000
0.134876 -0.024915 -0.023974 0.000000
-0.012919 0.027282 0.709737 1.000000
0.081201 0.037417 0.289600 1.000000
0.132475 0.020703 0.571177 1.000000
0.138269 0.024489 0.648606 1.000000
-0.625522 -0.010786 -0.005851 2.000000
-0.460021 0.012669 -0.020926 2.000000
0.029743 0.037047 0.518380 1.000000
0.329719 -0.167354 0.023283 0.000000
-0.035682 0.021072 -0.483980 1.000000
0.021479 0.030791 -0.644080 1.000000
0.180586 0.028298 0.148892 1.000000
0.022102 0.016432 0.485575 1.000000
0.166434 0.002834 -0.099487 1.000000
0.049643 0.027328 -0.131461 1.000000
0.037916 0.034485 0.739126 1.000000
-0.471794 0.022180 -0.042073 2.000000
0.111582 0.036309 0.896409 1.000000
0.114699 0.005905 -0.201041 1.000000
0.136792 -0.113841 0.033810 0.000000
0.129312 0.005143 -0.215885 1.000000
0.096092 0.048683 0.638749 1.000000
0.159878 0.006043 -0.197024 1.000000
0.054584 0.042196 0.560950 1.000000
-0.498966 0.016155 -0.213346 2.000000
0.023695 0.005028 0.162421 1.000000
0.330366 -0.169431 -0.028637 0.000000
0.197069 -0.009401 -0.007721 0.000000
0.141432 0.051522 0.762442 1.000000
-0.464799 0.022203 0.001467 2.000000
0.137692 -0.094333 0.034895 0.000000
0.107265 0.053000 0.810622 1.000000
0.072475 0.031668 -0.166551 1.000000
0.092421 0.028529 -0.017625 1.000000
-0.011142 0.030122 0.724305 1.000000
0.001856 0.016386 -0.498801 1.000000
0.184325 0.022296 -0.026744 0.000000
0.390366 -0.108393 -0.031176 0.000000
0.087989 0.044804 0.488992 1.000000
0.201478 -0.177488 0.015295 0.000000
0.000517 -0.054464 0.000059 0.000000
0.228119 -0.078866 0.019681 0.000000
-0.048841 0.004520 0.089100 1.000000
0.111051 0.002327 -0.099141 1.000000
-0.589763 0.055701 -0.004743 2.000000
0.154545 0.030006 0.756070 1.000000
0.095145 0.024974 -0.676654 1.000000
0.141663 0.037278 0.227315 1.000000
0.020140 -0.046015 0.003429 0.000000
0.016284 0.037209 -0.767865 1.000000
0.152075 0.000457 0.023999 1.000000
-0.560767 -0.087869 -0.012038 2.000000
-0.568016 -0.043753 -0.002827 2.000000
0.037731 0.004981 -0.175508 1.000000
0.193260 -0.134087 -0.036486 0.000000
-0.033465 0.022850 0.568753 1.000000
-0.550725 0.126943 -0.002573 2.000000
-0.474934 0.021788 -0.099833 2.000000
0.190120 0.035224 -0.575607 1.000000
-0.478743 0.011930 0.010055 2.000000
0.134760 0.033308 -0.122296 1.000000
0.096530 0.044412 0.452562 1.000000
-0.014743 0.007798 -0.255916 1.000000
0.164102 0.047090 0.817455 1.000000
0.182017 -0.072841 0.017257 0.000000
-0.551417 0.018879 -0.097155 2.000000
0.281470 -0.061113 -0.038079 0.000000
0.064441 0.003550 -0.133977 1.000000
0.167888 -0.174095 -0.033162 0.000000
0.108512 0.028390 0.732846 1.000000
0.092790 0.039749 -0.340318 1.000000
0.068874 0.014400 -0.445104 1.000000
0.070513 0.026336 -0.007906 1.000000
0.067627 -0.000282 -0.024251 1.000000
0.135730 0.016871 0.006315 0.000000
0.107865 0.030145 -0.783471 1.000000
0.253006 -0.172571 -0.040226 0.000000
-0.051957 0.003435 -0.131115 1.000000
0.041494 -0.158235 -0.030230 0.000000
0.115876 0.012461 0.374001 1.000000
-0.529901 0.018971 0.219327 2.000000
0.024157 0.013754 -0.426243 1.000000
0.069058 0.046559 0.676101 1.000000
0.096877 0.002049 -0.091338 1.000000
-0.497096 -0.047285 -0.065828 2.000000
0.227888 -0.127138 0.016449 0.000000
0.166826 -0.170863 0.026146 0.000000
-0.580205 0.004012 -0.003658 2.000000
0.061763 0.042934 0.899133 1.000000
-0.533641 0.036978 -0.003358 2.000000
0.126842 0.045174 0.447783 1.000000
-0.442222 0.015670 0.139750 2.000000
0.154937 0.044597 0.466760 1.000000
0.092629 0.053300 0.871892 1.000000
0.031336 0.034000 0.849152 1.000000
0.019793 0.037140 0.664258 1.000000
0.002594 0.027121 0.706667 1.000000
-0.251903 0.007913 -0.001419 0.000000
0.161609 0.047898 0.899202 1.000000
-0.044870 0.002488 -0.103943 1.000000
0.142702 0.040718 -0.341587 1.000000
-0.012942 0.023819 -0.392122 1.000000
0.148104 0.001726 -0.075409 1.000000
0.085911 0.001011 -0.061280 1.000000
0.018847 0.000226 0.024783 1.000000
0.154568 -0.000121 0.006984 1.000000
0.111398 0.047459 0.547906 1.000000
-0.556935 -0.092810 -0.002273 2.000000
-0.417289 0.017217 0.042629 2.000000
0.071644 0.019456 -0.562379 1.000000
0.102902 0.035662 -0.205451 1.000000
0.288027 -0.164237 -0.048675 0.000000
0.052206 0.009714 -0.310860 1.000000
-0.014304 0.003388 0.115395 1.000000
-0.546384 0.014193 -0.039026 2.000000
0.078616 0.024420 -0.664926 1.000000
0.017531 0.036263 0.634062 1.000000
0.095815 -0.009447 -0.021273 1.000000
0.162232 0.000156 0.013518 0.000000
0.012752 0.014400 0.430469 1.000000
0.085403 0.036655 -0.271245 1.000000
-0.064100 -0.138681 -0.001696 0.000000
0.074230 0.032476 -0.832113 1.000000
0.082056 0.035178 0.223390 1.000000
-0.048933 0.007867 -0.257925 1.000000
0.098747 0.054108 0.883781 1.000000
-0.563653 0.171545 -0.010399 2.000000
-0.485738 0.055470 -0.009568 2.000000
0.044264 0.004243 -0.154108 1.000000
0.179824 -0.052918 -0.004074 0.000000
0.017739 0.000780 -0.055209 1.000000
0.108189 0.036378 -0.220479 1.000000
-0.559289 0.018417 -0.090322 2.000000
-0.007494 0.023173 -0.639370 1.000000
0.057146 0.047944 0.960795 1.000000
0.007766 0.013800 -0.428159 1.000000
0.061024 0.049421 -0.964117 1.000000
0.166295 0.006597 -0.206974 1.000000
0.096507 0.004473 0.146491 1.000000
0.102117 0.047759 -0.592668 1.000000
0.160316 0.048452 -0.833475 1.000000
0.048096 0.008744 0.268569 1.000000
0.178369 0.018325 0.006315 0.000000
0.108027 0.044019 0.425044 1.000000
0.193698 -0.112894 0.038727 0.000000
0.084641 0.029498 -0.068275 1.000000
0.038770 0.035431 -0.414492 1.000000
-0.530525 0.019802 0.168261 2.000000
-0.572287 0.159125 -0.009360 2.000000
-0.038821 0.014100 0.422181 1.000000
-0.374049 -0.105622 -0.007952 0.000000
-0.441021 0.018394 -0.148752 2.000000
-0.479251 0.012346 -0.177009 2.000000
0.146326 0.015832 0.465398 1.000000
0.194529 0.033538 -0.510252 1.000000
0.153344 0.049329 -0.749420 1.000000
0.033506 0.039956 -0.666173 1.000000
0.015430 0.031091 -0.803002 1.000000
0.159000 0.048637 0.790030 1.000000
0.078131 -0.058527 0.018804 0.000000
0.188827 -0.080020 0.020628 0.000000
0.061024 0.045266 -0.917369 1.000000
0.154983 0.039333 0.316033 1.000000
-0.208548 -0.134664 -0.013054 0.000000
0.000240 0.007752 -0.254346 1.000000
-0.037182 0.016640 -0.504157 1.000000
0.126819 0.016016 0.474032 1.000000
0.125711 0.021695 -0.606635 1.000000
0.055461 0.034254 -0.868612 1.000000
0.038747 0.011722 0.353825 1.000000
0.162717 0.004404 0.134602 1.000000
0.159531 0.046974 -0.669289 1.000000
0.228904 -0.109524 0.040343 0.000000
0.191505 0.017840 0.451546 1.000000
0.147942 0.050160 0.730122 1.000000
0.132152 0.052746 -0.806072 1.000000
0.011159 0.006274 -0.212284 1.000000
0.041609 0.024119 0.060220 1.000000
0.106319 0.050922 -0.729889 1.000000
0.189820 -0.070440 -0.029468 0.000000
-0.426569 0.014954 0.036788 2.000000
0.161263 0.042588 0.433886 1.000000
0.059801 0.043650 -0.610213 1.000000
0.101148 0.015786 0.470546 1.000000
0.029212 0.030052 0.767313 1.000000
0.163433 0.042888 -0.467936 1.000000
-0.531171 0.014031 -0.161357 2.000000
0.165026 0.014839 0.430469 1.000000
0.071829 0.038086 0.338242 1.000000
0.056500 0.029729 0.156718 1.000000
0.196168 -0.167723 -0.013700 0.000000
-0.552571 0.018325 0.125599 2.000000
0.020971 0.028552 0.736078 1.000000
0.001602 0.021695 0.221682 1.000000
-0.566538 0.043211 -0.003266 2.000000
0.124695 -0.174441 -0.026213 0.000000
0.162694 0.002073 0.067654 1.000000
0.059916 0.021765 0.595786 1.000000
0.154868 0.036863 0.244744 1.000000
0.057469 0.028390 0.114518 1.000000
-0.498482 0.017240 0.090739 2.000000
-0.008948 0.000226 -0.039118 1.000000
-0.455496 0.012969 0.026284 2.000000
0.073098 -0.093272 -0.037294 0.000000
0.282070 -0.169524 0.030970 0.000000
-0.435619 0.019710 0.048239 2.000000
-0.010888 0.019271 -0.248159 1.000000
-0.576973 -0.042598 -0.003266 2.000000
-0.054473 0.013408 -0.416824 1.000000
-0.054081 0.016155 -0.494323 1.000000
-0.532002 0.178979 -0.002712 2.000000
-0.206516 0.005582 -0.013054 0.000000
0.246403 -0.149670 -0.001303 0.000000
0.119270 0.040764 0.972823 1.000000
0.268196 -0.091101 -0.056571 0.000000
0.047912 0.045774 -0.860208 1.000000
0.280039 -0.170124 -0.043966 0.000000
0.100247 0.042634 -0.409644 1.000000
0.094430 0.013639 -0.423195 1.000000
0.356730 -0.073072 -0.001511 0.000000
0.097246 0.049398 -0.682841 1.000000
0.137392 0.011699 0.348723 1.000000
0.141617 -0.015588 0.007654 0.000000
0.159324 0.045035 0.519326 1.000000
0.034776 0.021049 -0.024366 1.000000
-0.484607 -0.072864 -0.011600 2.000000
0.008412 0.010453 -0.332122 1.000000
0.122040 0.054570 -0.885187 1.000000
0.118993 0.009899 -0.314600 1.000000
0.005296 0.023496 0.249338 1.000000
0.091521 0.007221 0.224891 1.000000
0.068019 0.029775 0.113410 1.000000
0.000586 0.033746 0.789868 1.000000
0.007835 0.004081 -0.149537 1.000000
0.134252 0.050229 0.671554 1.000000
-0.053019 0.012138 -0.380256 1.000000
-0.543960 -0.076234 -0.001719 2.000000
-0.603222 -0.009101 -0.004766 2.000000
0.075684 0.003412 -0.130584 1.000000
0.146072 0.048429 -0.633645 1.000000
-0.498482 0.020195 -0.037964 2.000000
0.119478 0.001749 0.066915 1.000000
0.066588 0.039818 -0.965387 1.000000
0.008135 0.035755 -0.817731 1.000000
0.015846 0.027098 -0.302249 1.000000
0.271266 -0.107377 0.040389 0.000000
-0.509886 0.166697 -0.004789 2.000000
0.366749 -0.105068 -0.041242 0.000000
-0.509886 0.022111 0.090370 2.000000
-0.506677 0.022296 0.142405 2.000000
0.064187 0.020680 -0.587843 1.000000
0.012244 0.005351 0.171678 1.000000
0.025265 0.005582 0.177842 1.000000
0.094868 0.022319 0.607283 1.000000
0.114214 0.041111 -0.992605 1.000000
-0.001515 0.019502 0.179643 1.000000
0.036946 0.034277 -0.869235 1.000000
0.352274 -0.110563 -0.044104 0.000000
0.376076 -0.172248 -0.002758 0.000000
0.098354 0.038825 0.289715 1.000000
-0.010103 0.014839 -0.457824 1.000000
0.295391 -0.108785 0.038889 0.000000
0.061255 0.048175 0.827659 1.000000
0.003726 0.008467 0.260697 1.000000
-0.021530 0.018048 -0.284958 1.000000
0.098008 0.039979 -0.986580 1.000000
-0.030580 -0.000421 0.002506 1.000000
0.154614 0.022804 -0.020788 0.000000
0.157361 0.029475 0.042906 0.000000
0.009220 0.017909 -0.530290 1.000000
0.175253 0.033192 -0.260510 1.000000
0.012152 0.034093 -0.573068 1.000000
-0.583783 0.138001 -0.008714 2.000000
0.067188 0.005905 0.187515 1.000000
0.170959 0.026382 -0.036555 0.000000
0.088566 -0.116657 0.026446 0.000000
0.194714 -0.032764 0.005992 0.000000
-0.002392 0.020333 -0.580409 1.000000
0.010028 0.018902 -0.100965 1.000000
-0.490217 0.011584 0.075572 2.000000
-0.529139 0.014862 -0.240933 2.000000
0.226480 -0.201567 -0.011946 0.000000
-0.481952 0.011976 -0.108698 2.000000
-0.531217 0.090976 -0.001419 2.000000
-0.535349 0.013431 0.012548 2.000000
0.013860 0.033608 0.495825 1.000000
-0.500767 0.021118 -0.100018 2.000000
0.060563 0.039933 -0.445704 1.000000
-0.019475 0.016617 -0.503672 1.000000
0.165880 -0.064668 -0.052831 0.000000
0.204202 -0.090386 -0.023627 0.000000
0.138962 0.033192 -0.843217 1.000000
-0.450279 -0.100313 -0.001419 0.000000
0.087458 0.028667 -0.752906 1.000000
-0.498482 0.011699 -0.064858 2.000000
0.030020 -0.018705 -0.016932 0.000000
0.031659 0.026012 0.683535 1.000000
0.091613 0.051453 -0.803071 1.000000
0.170728 -0.028655 -0.025359 0.000000
0.113891 0.034439 0.857740 1.000000
0.034199 0.032500 0.817940 1.000000
0.080486 0.010430 -0.331060 1.000000
-0.450740 0.020472 0.073010 2.000000
0.173152 0.020103 -0.553976 1.000000
0.186749 -0.098743 -0.030114 0.000000
0.082679 0.031299 0.110478 1.000000
-0.362968 -0.116450 -0.001419 0.000000
-0.029264 0.000895 -0.058279 1.000000
0.087642 0.044712 -0.499817 1.000000
-0.486408 0.011769 -0.098979 2.000000
0.110220 0.011330 0.342605 1.000000
0.130536 0.049421 0.628983 1.000000
0.073699 0.051153 0.967905 1.000000
-0.454342 0.020841 -0.075039 2.000000
0.113244 0.055216 -0.918731 1.000000
0.066288 0.005582 -0.192500 1.000000
-0.506123 0.011561 0.048816 2.000000
0.154129 0.005074 -0.170430 1.000000
0.115738 0.006089 0.191901 1.000000
0.033483 0.043004 -0.923394 1.000000
-0.577920 -0.053125 -0.011300 2.000000
0.082864 0.036770 0.266376 1.000000
-0.524545 0.013477 0.151201 2.000000
0.035723 0.040603 0.973469 1.000000
0.132729 0.054546 -0.897169 1.000000
0.005803 0.034808 -0.784787 1.000000
0.051098 0.012877 0.387183 1.000000
0.032237 0.017748 0.512377 1.000000
0.029397 0.027513 0.224937 1.000000
0.147019 0.031599 -0.088037 1.000000
0.091521 0.041041 0.366799 1.000000
-0.000545 0.015139 0.451477 1.000000
0.040478 0.030976 -0.277063 1.000000
0.189173 0.021418 -0.543057 1.000000
-0.539990 0.019595 0.097873 2.000000
0.238231 -0.108139 -0.032123 0.000000
0.129543 0.037740 -0.249267 1.000000
0.165141 0.016201 0.469369 1.000000
-0.426131 -0.100059 -0.004582 0.000000
-0.556057 0.015001 0.041336 2.000000
-0.041130 0.013038 0.274964 1.000000
0.138454 0.043996 0.416087 1.000000
0.185826 0.038063 -0.536616 1.000000
-0.030510 -0.145976 -0.008322 0.000000
0.104657 0.044666 -0.461148 1.000000
0.170243 0.044527 -0.761332 1.000000
-0.025801 0.024904 0.582512 1.000000
0.149420 0.026428 -0.701725 1.000000
0.123402 0.053946 -0.855499 1.000000
0.106757 0.019318 0.544974 1.000000
0.208635 -0.180928 -0.021711 0.000000
0.133421 -0.000721 -0.222603 1.000000
0.133468 0.019872 0.553493 1.000000
0.055299 0.042680 -0.595554 1.000000
0.182848 0.024835 -0.085151 1.000000
0.121255 0.007798 -0.254069 1.000000
-0.488278 0.022434 -0.065805 2.000000
0.184510 0.038456 -0.594999 1.000000
0.107865 0.055539 -0.962455 1.000000
0.132613 0.050229 -0.683903 1.000000
-0.465723 0.021996 0.017650 2.000000
0.116176 0.036678 -0.918269 1.000000
0.099739 0.036170 0.210762 1.000000
0.148727 0.042426 0.960079 1.000000
0.032283 0.021765 0.044106 1.000000
0.086003 0.032453 -0.149214 1.000000
-0.043092 0.019687 -0.514176 1.000000
0.194876 -0.142998 -0.010930 0.000000
0.118023 0.047805 0.554393 1.000000
-0.006871 0.001472 -0.074485 1.000000
-0.546523 -0.062452 -0.001834 2.000000
0.042163 0.041919 -0.684549 1.000000
0.161655 0.048106 -0.868819 1.000000
0.134299 0.031622 -0.073446 0.000000
-0.027786 0.003412 -0.130006 1.000000
0.048904 0.001519 -0.076032 1.000000
0.022679 -0.138243 -0.025797 0.000000
0.113822 0.035986 0.190008 1.000000
0.055438 0.026220 0.061051 1.000000
0.048466 0.047136 -0.690436 1.000000
-0.039260 0.014239 -0.309429 1.000000
-0.462929 0.020010 -0.207344 2.000000
0.010767 0.031922 -0.584034 1.000000
0.023095 0.025897 0.213371 1.000000
0.010074 0.034831 0.866051 1.000000
0.130305 -0.182498 -0.006175 0.000000
0.148704 0.043973 0.431716 1.000000
0.125803 0.040487 0.313794 1.000000
0.037523 0.040049 0.610723 1.000000
0.012591 -0.068454 -0.019703 0.000000
0.326049 -0.153872 0.032125 0.000000
0.082009 0.010106 -0.322288 1.000000
0.353890 -0.080136 0.017004 0.000000
0.195083 -0.166199 -0.005020 0.000000
0.409019 -0.138750 -0.019887 0.000000
-0.488370 -0.023068 -0.002966 2.000000
0.068643 0.027559 -0.729959 1.000000
0.124995 0.023519 0.630276 1.000000
-0.506123 0.022503 -0.044959 2.000000
0.037616 0.042680 0.782758 1.000000
-0.426246 0.000872 -0.013054 2.000000
0.195776 -0.092163 -0.041242 0.000000
-0.008764 0.017979 0.517618 1.000000
-0.002669 0.023265 -0.308852 1.000000
0.178185 0.038294 0.761865 1.000000
0.124141 0.049975 0.655555 1.000000
0.190305 0.028852 -0.630044 1.000000
0.068343 0.038225 -0.368205 1.000000
-0.033581 0.007752 0.240266 1.000000
-0.001861 0.027005 -0.482249 1.000000
0.098423 0.054893 0.938910 1.000000
-0.018506 0.009483 0.289438 1.000000
0.058739 0.017609 -0.524265 1.000000
0.057954 -0.003168 0.005738 1.000000
0.057746 0.037209 -0.929927 1.000000
0.192475 0.032015 -0.601394 1.000000
-0.610748 -0.000236 -0.005274 2.000000
-0.523068 -0.027500 -0.001419 2.000000
0.199724 0.019895 0.190216 1.000000
0.015915 0.022411 -0.168006 1.000000
0.190351 -0.118320 -0.046829 0.000000
0.139401 0.046997 -0.536823 1.000000
0.164656 0.022203 0.591538 1.000000
0.068597 -0.171740 -0.014231 0.000000
0.174514 0.041388 -0.490652 1.000000
0.001625 0.021257 0.208731 1.000000
0.130951 0.038040 -0.944102 1.000000
0.288534 -0.086484 -0.056363 0.000000
0.078200 -0.017481 -0.021896 0.000000
0.094406 0.039610 0.965781 1.000000
0.176315 0.004335 0.111563 1.000000
-0.013889 0.029129 -0.709158 1.000000
0.030644 0.038202 -0.949689 1.000000
0.063125 0.036009 0.890753 1.000000
0.175299 0.006574 -0.192130 1.000000
0.147250 0.005443 0.167453 1.000000
0.331012 -0.077666 -0.042050 0.000000
0.183587 0.018602 0.494278 1.000000
0.036230 0.041064 0.688499 1.000000
-0.300360 -0.067323 -0.029122 0.000000
0.064534 0.039887 -0.979908 1.000000
0.284448 -0.197481 -0.004258 0.000000
0.059986 0.023704 -0.650290 1.000000
-0.457689 0.020426 0.126361 2.000000
0.090851 0.016871 -0.508913 1.000000
-0.475211 0.021834 0.075826 2.000000
-0.495757 0.020980 0.229462 2.000000
-0.202061 0.011215 -0.002435 0.000000
0.020417 -0.131848 0.010793 0.000000
0.035168 0.019826 0.555686 1.000000
-0.536942 0.155708 -0.013031 2.000000
0.049412 0.007752 0.239943 1.000000
0.083718 0.033862 -0.860439 1.000000
-0.040899 -0.152856 -0.005667 0.000000
0.152559 0.030353 -0.066105 0.000000
0.274521 -0.136834 0.037365 0.000000
0.020809 -0.156042 0.010955 0.000000
-0.262199 0.011215 -0.001534 0.000000
0.129220 0.036216 -0.205797 1.000000
0.138200 0.048821 0.610146 1.000000
0.177792 0.027467 0.101844 1.000000
0.380670 -0.106915 -0.035540 0.000000
0.031752 0.029198 -0.710313 1.000000
0.065619 0.000757 0.039835 1.000000
0.090505 0.047829 -0.635400 1.000000
0.020578 0.021072 0.581196 1.000000
0.370789 -0.082098 -0.019541 0.000000
0.077300 0.011122 0.336556 1.000000
-0.012688 0.009229 0.282443 1.000000
0.150135 0.024350 0.644359 1.000000
-0.482298 0.022619 -0.013608 2.000000
-0.016774 0.026867 -0.566535 1.000000
0.032075 0.024466 0.651631 1.000000
0.208958 -0.059197 -0.048237 0.000000
-0.309825 -0.115734 -0.013054 0.000000
0.068504 0.011792 -0.370260 1.000000
0.090551 0.049144 -0.698285 1.000000
0.114306 0.016432 0.485067 1.000000
-0.539459 0.016986 0.208407 2.000000
0.042002 0.041434 -0.656892 1.000000
