0.853234 -0.034270 0.009607 0.000000
-0.284813 -0.034340 0.054974 0.000000
-0.588596 0.087155 0.123996 2.000000
0.155914 -0.038196 0.159547 0.000000
-0.385062 -0.026112 -0.029754 0.000000
0.176880 -0.014589 0.416232 1.000000
-0.217732 -0.057970 0.118924 0.000000
-0.164511 0.060696 0.123224 0.000000
-0.477737 0.045504 -0.141946 2.000000
-0.108041 -0.015174 0.239694 0.000000
-0.194569 0.011495 -0.232237 0.000000
-0.465513 0.054549 -0.141665 2.000000
0.075440 -0.017487 0.234832 0.000000
0.249010 -0.009774 -0.229526 1.000000
0.504948 -0.001547 -0.130563 0.000000
0.252960 -0.021157 -0.223893 1.000000
-0.447936 -0.016506 0.327320 1.000000
0.299613 -0.029314 -0.197645 0.000000
-0.295799 0.032648 0.057475 0.000000
0.276520 -0.017487 0.136991 0.000000
-0.445762 -0.027632 0.175207 0.000000
0.276544 -0.009190 -0.122616 0.000000
0.889322 0.009181 -0.025851 0.000000
0.157924 0.091713 -0.122476 0.000000
0.353769 -0.056965 -0.016151 0.000000
-0.017119 0.002099 0.076641 0.000000
0.178913 0.080026 -0.189487 0.000000
-0.453288 -0.017487 0.302007 1.000000
-0.068049 -0.030156 0.187384 0.000000
0.098883 -0.048270 -0.128810 0.000000
0.421365 0.085636 -0.081222 0.000000
-0.190035 0.029399 -0.212206 0.000000
-0.312885 -0.014893 -0.571851 1.000000
0.116390 -0.062294 -0.096204 0.000000
-0.239843 -0.017487 0.694188 1.000000
0.433168 0.109500 -0.021784 0.000000
0.641144 -0.055960 -0.015099 0.000000
0.017778 0.082480 -0.030736 0.000000
-0.568238 -0.018469 -0.052192 0.000000
0.483818 -0.062388 -0.030105 0.000000
-0.091189 -0.038383 -0.002010 0.000000
-0.305031 0.046976 0.136290 0.000000
-0.199010 -0.058110 0.081784 0.000000
0.210117 -0.011995 -0.283915 1.000000
0.467854 0.046041 -0.103754 0.000000
-0.231288 -0.017464 0.489648 1.000000
-0.323894 -0.015197 0.309603 1.000000
-0.335276 -0.012135 -0.389773 1.000000
0.179264 -0.017020 0.479948 1.000000
0.428657 -0.029455 0.143302 0.000000
0.794473 0.017082 -0.079048 0.000000
-0.543696 0.069508 0.122570 2.000000
0.846292 0.014698 0.018816 0.000000
-0.334552 -0.017487 0.413545 1.000000
0.223650 -0.017487 -0.404802 1.000000
-0.237295 0.017946 0.198580 0.000000
0.210537 -0.014168 -0.342092 1.000000
-0.225048 0.034027 -0.198603 0.000000
-0.456444 0.004717 -0.009910 0.000000
-0.526891 0.036528 0.122032 2.000000
0.188333 -0.017487 0.444912 1.000000
-0.198519 0.044569 0.037865 0.000000
-0.298978 -0.017487 -0.253787 1.000000
-0.301946 -0.017487 -0.551867 1.000000
0.318172 0.098070 -0.077155 0.000000
-0.392518 -0.015781 -0.242895 0.000000
-0.314988 -0.017487 0.258790 1.000000
-0.287127 -0.013467 -0.457930 1.000000
-0.453616 -0.015805 -0.314020 1.000000
0.354377 -0.030390 0.167914 0.000000
0.016913 -0.028333 0.198627 0.000000
-0.333383 -0.012766 -0.381967 1.000000
0.018128 -0.042941 0.037164 0.000000
0.404887 -0.001103 -0.130236 0.000000
-0.409884 -0.017487 -0.365582 1.000000
-0.160795 0.051698 0.031858 0.000000
0.231760 -0.017487 -0.384444 1.000000
-0.095186 -0.034690 0.159593 0.000000
-0.150277 0.049430 -0.191404 0.000000
0.188403 -0.050187 0.098355 0.000000
-0.157849 -0.017487 0.638022 1.000000
-0.351778 -0.027515 -0.071966 0.000000
-0.291405 -0.011831 0.243059 1.000000
-0.334084 -0.017487 0.457393 1.000000
0.087804 0.007615 0.215993 0.000000
0.045662 0.001655 0.222818 0.000000
0.482650 0.096504 -0.054787 0.000000
0.237697 0.044592 0.166722 0.000000
-0.004778 -0.041983 0.012575 0.000000
-0.309005 -0.017487 0.290087 1.000000
-0.610708 -0.051426 0.158214 0.000000
-0.243139 -0.043806 -0.084307 0.000000
0.908535 -0.028590 -0.013416 0.000000
0.076842 -0.045395 0.036650 0.000000
0.584370 -0.061757 0.047635 0.000000
-0.090721 -0.038407 -0.063902 0.000000
0.327311 -0.017487 0.165460 0.000000
0.304522 -0.054908 0.002665 0.000000
-0.152193 -0.015921 0.255237 0.000000
0.163066 -0.017324 0.501101 1.000000
0.897503 0.010350 -0.019213 0.000000
-0.334482 -0.054581 0.081737 0.000000
-0.300754 0.003198 0.060093 0.000000
0.881212 0.011869 -0.025220 0.000000
-0.447515 -0.023518 0.012715 0.000000
-0.583548 0.033513 -0.144236 2.000000
0.152128 -0.002458 -0.237309 0.000000
-0.364072 -0.018890 0.222514 0.000000
-0.241059 0.053147 0.147089 0.000000
-0.369869 -0.032259 -0.182919 0.000000
0.107952 -0.017487 0.531229 1.000000
0.356457 0.112141 -0.037093 0.000000
-0.443074 -0.016366 -0.344873 1.000000
0.198360 0.095639 0.110533 0.000000
0.088201 -0.017487 0.235977 1.000000
-0.193915 -0.034106 -0.064627 0.000000
0.318008 -0.053973 0.092863 0.000000
-0.552321 -0.026697 0.186122 0.000000
0.102249 -0.062505 0.084121 0.000000
-0.229863 -0.016623 -0.662867 1.000000
0.567238 -0.063510 -0.074093 0.000000
-0.148313 0.041016 -0.202202 0.000000
0.190787 -0.059817 0.088375 0.000000
-0.311015 0.028605 -0.038963 0.000000
0.221967 0.070069 -0.175043 0.000000
-0.179750 -0.017487 -0.288894 1.000000
-0.269995 -0.017487 0.674788 1.000000
0.247841 -0.017487 -0.238454 1.000000
0.765631 0.027950 0.050113 0.000000
0.344023 -0.038079 0.150197 0.000000
-0.160467 -0.020713 -0.245373 0.000000
0.473674 -0.059536 -0.097466 0.000000
-0.488582 -0.021788 -0.007643 0.000000
-0.192278 -0.017487 -0.621590 1.000000
0.283626 0.035383 0.086552 0.000000
-0.127417 0.064132 -0.115300 0.000000
-0.342008 -0.013210 0.286113 1.000000
-0.378377 -0.010592 -0.364694 1.000000
-0.719440 0.113380 0.128156 2.000000
0.010719 -0.060004 -0.120840 0.000000
0.515606 0.028044 0.088492 0.000000
0.632543 -0.037822 -0.100412 0.000000
-0.235940 -0.017487 0.295533 1.000000
0.199388 -0.034059 -0.193484 0.000000
0.651475 0.061631 -0.048476 0.000000
0.366344 -0.057479 0.034803 0.000000
0.444201 0.092648 -0.073041 0.000000
-0.531238 0.026174 0.144541 0.000000
0.032994 -0.043572 0.012061 0.000000
-0.343083 0.042465 0.152277 0.000000
-0.215465 -0.015267 -0.577625 1.000000
-0.131134 -0.015407 0.247500 0.000000
0.633034 0.065207 0.027324 0.000000
0.132167 0.089235 -0.119718 0.000000
0.417345 -0.043923 -0.145779 0.000000
-0.251413 -0.017301 -0.713143 1.000000
0.318405 0.010257 -0.123878 0.000000
-0.137398 -0.036467 -0.074748 0.000000
0.198827 -0.011294 -0.287351 1.000000
-0.160748 -0.057035 0.076899 0.000000
0.077356 0.081382 0.151062 0.000000
-0.343013 -0.009611 0.230344 1.000000
0.904234 -0.020807 0.061005 0.000000
-0.241175 0.054572 0.123622 0.000000
0.223954 0.114221 -0.013954 0.000000
0.444528 0.021639 0.094849 0.000000
-0.563353 -0.033592 -0.199117 0.000000
0.177978 -0.017815 0.224127 0.000000
0.875111 -0.032002 -0.033424 0.000000
0.569832 -0.063252 -0.020872 0.000000
0.202661 -0.009354 0.093681 0.000000
-0.360192 -0.027164 0.007503 0.000000
-0.408505 0.015399 0.056517 0.000000
-0.401400 0.018718 -0.199070 0.000000
0.282808 -0.053997 0.017250 0.000000
0.733025 0.020120 -0.085780 0.000000
0.484473 0.102114 0.012786 0.000000
-0.385763 -0.056942 -0.151342 0.000000
-0.158574 0.039988 0.177030 0.000000
0.709371 -0.048971 0.000585 0.000000
0.185762 0.101553 0.034990 0.000000
0.292064 -0.054394 0.013861 0.000000
-0.297482 -0.017487 -0.610301 1.000000
0.086495 0.002567 0.082345 0.000000
-0.144924 0.005278 -0.241142 0.000000
0.266867 -0.053342 -0.034242 0.000000
0.182817 -0.049836 -0.042890 0.000000
-0.191951 0.048519 0.163801 0.000000
0.276193 -0.016529 0.259281 1.000000
-0.428816 -0.012953 0.297426 1.000000
0.267218 0.094401 0.054741 0.000000
-0.364166 -0.017487 0.414503 1.000000
0.224094 -0.031698 0.179975 0.000000
0.044657 -0.031605 -0.204680 0.000000
0.057162 0.035523 0.196687 0.000000
0.240315 -0.017487 -0.294761 1.000000
0.100052 -0.046377 0.039361 0.000000
-0.546805 -0.057549 0.137225 0.000000
0.235687 0.111019 -0.043264 0.000000
-0.256578 0.051651 0.141666 0.000000
0.204040 -0.017487 0.240886 1.000000
-0.287829 -0.054815 0.079516 0.000000
-0.084691 0.038048 -0.214006 0.000000
-0.252418 -0.015781 0.479317 1.000000
-0.305452 -0.012673 0.471370 1.000000
-0.227759 -0.015057 0.266550 1.000000
-0.585815 -0.058578 0.129535 0.000000
-0.566813 -0.049182 -0.105577 0.000000
-0.474114 0.008667 -0.081689 0.000000
0.682795 -0.051706 -0.009910 0.000000
0.767080 -0.015361 -0.106512 0.000000
0.987607 -0.013771 -0.053805 0.000000
0.067259 -0.035041 -0.190609 0.000000
0.299987 0.083626 0.060841 0.000000
-0.245593 -0.021110 0.220925 0.000000
-0.205999 -0.017487 -0.542401 1.000000
0.256209 -0.012112 0.097818 0.000000
-0.193938 -0.034106 0.004418 0.000000
-0.357504 -0.012088 -0.336856 1.000000
-0.052973 0.071331 -0.096485 0.000000
-0.560969 -0.012462 -0.070844 0.000000
0.048163 -0.062481 -0.106021 0.000000
-0.622254 0.073528 -0.145078 2.000000
-0.273664 0.043774 0.066568 0.000000
-0.549072 -0.019264 -0.037023 0.000000
-0.539372 0.028418 -0.136570 0.000000
-0.300754 -0.014449 0.407117 1.000000
-0.024435 -0.045372 -0.078370 0.000000
0.142077 0.007405 0.211926 0.000000
0.163136 0.091128 0.147696 0.000000
0.387380 -0.017487 -0.147041 0.000000
0.200651 -0.017487 0.323908 1.000000
0.141516 0.090147 -0.099640 0.000000
-0.146771 0.055320 -0.082811 0.000000
-0.484305 0.029633 0.148748 0.000000
-0.287408 -0.017137 0.668454 1.000000
-0.048439 -0.044250 0.055231 0.000000
-0.179610 -0.050444 -0.088982 0.000000
-0.496599 0.028488 -0.166371 0.000000
0.282013 0.015352 -0.206152 0.000000
0.623801 -0.042474 -0.095456 0.000000
0.314338 -0.052337 -0.122967 0.000000
0.810016 -0.038687 0.011243 0.000000
0.033461 -0.039622 0.145219 0.000000
0.162879 -0.016155 0.468074 1.000000
-0.016067 -0.040323 0.133696 0.000000
-0.298417 -0.017487 -0.560889 1.000000
0.226899 -0.041398 -0.167259 0.000000
-0.028151 -0.034830 -0.185537 0.000000
0.438287 -0.060494 0.009373 0.000000
0.133032 -0.047756 0.025454 0.000000
-0.209738 -0.017487 0.267975 1.000000
-0.324829 -0.015548 -0.343120 1.000000
-0.143311 -0.019474 0.233243 0.000000
-0.094274 0.054502 -0.076314 0.000000
-0.291288 -0.018259 -0.249837 0.000000
-0.332565 0.045737 0.129839 0.000000
0.041291 0.086173 0.009209 0.000000
0.280938 0.102301 0.048056 0.000000
0.024790 -0.041959 0.129138 0.000000
0.039375 0.076660 -0.067923 0.000000
-0.618397 -0.027935 -0.206410 0.000000
0.397244 0.054970 0.076969 0.000000
0.474750 0.072663 0.061566 0.000000
0.245971 0.083088 -0.124042 0.000000
-0.372113 -0.015477 -0.244882 0.000000
-0.386557 0.014674 -0.069045 0.000000
0.164445 0.092344 0.069349 0.000000
-0.005128 0.061958 -0.077342 0.000000
-0.229302 0.028862 0.053946 0.000000
-0.005035 0.054222 -0.204049 0.000000
-0.010808 -0.034994 -0.186192 0.000000
-0.159369 -0.060541 0.087954 0.000000
-0.349487 -0.011597 0.430841 1.000000
-0.194662 -0.016389 0.635053 1.000000
0.441559 -0.060635 0.032279 0.000000
0.317026 -0.063533 0.071055 0.000000
-0.114679 -0.000191 0.072014 0.000000
0.290334 -0.017487 -0.143652 0.000000
0.559852 -0.064281 -0.023326 0.000000
-0.286543 -0.017487 -0.389095 1.000000
-0.522871 0.081475 -0.142928 2.000000
-0.577494 -0.056451 -0.124650 0.000000
-0.516653 -0.012860 -0.220527 0.000000
0.875345 0.007218 -0.065398 0.000000
0.120503 -0.008185 0.224454 0.000000
-0.282102 -0.056357 0.127151 0.000000
-0.269667 0.036201 -0.193975 0.000000
-0.289862 -0.014449 -0.569280 1.000000
0.142848 -0.017487 0.486399 1.000000
0.207452 0.113403 -0.016992 0.000000
0.886190 -0.030319 0.032372 0.000000
-0.007279 0.074393 -0.083910 0.000000
0.204367 -0.017487 -0.388347 1.000000
-0.368139 -0.017487 0.276460 1.000000
-0.329176 -0.056030 -0.106302 0.000000
0.351035 -0.056848 0.017554 0.000000
-0.164674 0.062473 -0.139562 0.000000
-0.366620 0.039520 0.153890 0.000000
-0.031821 0.073388 0.134748 0.000000
0.505532 -0.063299 -0.053454 0.000000
0.401965 -0.017487 -0.177216 0.000000
-0.059261 -0.030413 0.186636 0.000000
0.081330 0.084303 -0.167773 0.000000
0.094395 0.085589 0.113501 0.000000
-0.579668 0.069555 0.123715 2.000000
0.270794 0.114361 -0.029170 0.000000
0.573595 0.081405 -0.050930 0.000000
0.148248 0.093840 -0.064393 0.000000
0.036266 -0.041819 -0.151996 0.000000
-0.242461 -0.060611 0.098589 0.000000
-0.476662 0.030358 -0.170952 0.000000
0.246486 0.030334 0.089029 0.000000
-0.535866 0.040408 -0.143208 2.000000
-0.603883 0.006587 0.073019 2.000000
-0.356149 -0.040440 -0.175253 0.000000
-0.127184 0.054222 -0.064206 0.000000
-0.341003 -0.017487 -0.279989 1.000000
0.742771 -0.033989 0.066825 0.000000
0.999177 -0.016740 0.036954 0.000000
-0.009078 -0.038383 -0.167376 0.000000
-0.257093 0.008363 -0.229783 0.000000
0.501442 0.095289 0.027394 0.000000
0.109237 -0.046751 -0.012341 0.000000
-0.622908 -0.031558 -0.085429 0.000000
0.597576 -0.033451 0.088585 0.000000
-0.190993 -0.005637 0.069840 0.000000
0.768318 -0.033124 -0.086972 0.000000
0.126323 -0.015921 0.481608 1.000000
0.684946 0.041670 0.053665 0.000000
0.487792 -0.062551 0.047869 0.000000
0.117231 0.080891 -0.186566 0.000000
-0.255737 0.053778 -0.145732 0.000000
-0.323753 -0.017487 -0.498927 1.000000
-0.329877 -0.014987 0.338680 1.000000
0.440695 -0.060588 -0.057101 0.000000
0.815696 -0.037892 0.030082 0.000000
0.371626 -0.017487 -0.178408 0.000000
0.298094 -0.047873 -0.142296 0.000000
-0.500923 -0.053389 0.148024 0.000000
0.028529 -0.043385 -0.037818 0.000000
0.240502 -0.052244 0.025781 0.000000
0.210561 0.069274 0.062851 0.000000
-0.127558 0.058289 -0.046513 0.000000
-0.445926 -0.056988 0.134163 0.000000
-0.564195 -0.012439 0.052637 0.000000
0.558216 -0.028029 -0.124276 0.000000
-0.595305 -0.016763 -0.212697 2.000000
0.264927 0.013202 -0.113898 0.000000
0.317564 0.112351 0.017741 0.000000
-0.308304 -0.037635 0.057966 0.000000
-0.405303 -0.047733 0.073299 0.000000
0.930342 0.002333 -0.018114 0.000000
0.282270 -0.046681 0.126053 0.000000
-0.271724 -0.017487 0.422473 1.000000
0.174145 -0.049462 -0.043147 0.000000
0.144204 0.047560 -0.210406 0.000000
-0.567327 -0.018516 -0.037467 0.000000
0.225777 0.089749 0.139843 0.000000
0.474586 -0.009985 0.112403 0.000000
-0.143428 -0.008606 -0.252548 0.000000
-0.256625 0.015703 -0.221135 0.000000
-0.114375 0.065394 -0.110929 0.000000
-0.172995 -0.017487 0.614532 1.000000
-0.211351 -0.058975 -0.107657 0.000000
-0.322889 -0.013163 0.387179 1.000000
-0.353110 -0.012556 0.319210 1.000000
-0.365872 -0.057666 -0.113921 0.000000
-0.097126 0.067077 0.077810 0.000000
0.246743 -0.055820 0.055021 0.000000
0.345168 -0.025411 -0.196265 0.000000
0.550456 0.047467 -0.092488 0.000000
0.916482 -0.003090 0.053058 0.000000
0.063683 0.009111 0.078441 0.000000
0.189875 -0.017768 -0.240324 0.000000
-0.191203 -0.016412 -0.630051 1.000000
0.359823 0.094962 0.054484 0.000000
-0.262024 -0.017487 -0.290951 1.000000
-0.267774 -0.015127 -0.596604 1.000000
0.249875 -0.017347 0.338984 1.000000
0.411758 -0.052290 0.102703 0.000000
0.358280 0.066773 0.070401 0.000000
0.937097 -0.003978 -0.055815 0.000000
-0.297949 -0.017487 -0.392531 1.000000
-0.417527 0.004811 -0.076664 0.000000
-0.227549 -0.023658 0.208888 0.000000
0.458084 0.038936 -0.108639 0.000000
0.059873 0.024327 0.205265 0.000000
-0.390204 -0.017487 0.378111 1.000000
-0.346355 -0.041001 -0.085429 0.000000
0.577499 0.001982 -0.121447 0.000000
-0.047644 0.070162 0.062080 0.000000
0.440648 0.070420 0.066170 0.000000
0.479284 -0.062201 -0.003085 0.000000
-0.443799 0.033536 -0.169971 0.000000
0.003239 -0.033755 -0.193391 0.000000
0.344957 -0.017487 0.130236 0.000000
0.149510 0.090918 0.090385 0.000000
-0.189941 -0.034270 0.047355 0.000000
-0.287244 -0.049649 -0.159406 0.000000
-0.515391 -0.057175 -0.156858 0.000000
0.568547 0.064272 -0.077693 0.000000
0.216591 -0.015781 0.365302 1.000000
0.021728 -0.061873 0.091390 0.000000
0.147546 -0.048364 -0.058153 0.000000
-0.086771 0.060790 0.056704 0.000000
0.579135 0.013319 0.089894 0.000000
-0.195457 0.026221 0.192456 0.000000
0.364030 0.063571 -0.095643 0.000000
0.742304 -0.018586 -0.110182 0.000000
-0.211094 -0.017487 0.674718 1.000000
0.495552 0.101062 -0.035504 0.000000
0.014482 0.022084 -0.094031 0.000000
-0.589625 -0.046938 0.080919 0.000000
-0.490522 -0.021718 -0.028562 0.000000
0.768178 0.027062 -0.075542 0.000000
0.021961 0.078577 0.114740 0.000000
0.808521 0.024725 -0.036813 0.000000
-0.044232 -0.037892 0.146200 0.000000
0.413932 0.090427 -0.078604 0.000000
0.297673 -0.054628 -0.042399 0.000000
-0.335183 -0.013561 0.501452 1.000000
-0.574502 0.013529 -0.186238 0.000000
0.153483 0.017035 0.080381 0.000000
0.177090 0.010701 0.084261 0.000000
0.808778 -0.029268 0.063529 0.000000
0.069105 0.080704 0.151109 0.000000
-0.251273 -0.017487 0.503579 1.000000
-0.159065 0.007919 0.066264 0.000000
0.247444 -0.035204 -0.186986 0.000000
-0.437652 -0.017487 0.325310 1.000000
0.422978 -0.053810 0.097187 0.000000
-0.081419 0.068573 -0.121237 0.000000
-0.228788 -0.012228 -0.251403 0.000000
-0.331677 -0.036583 0.157934 0.000000
-0.291264 -0.014192 0.431098 1.000000
-0.649437 0.103773 0.125936 2.000000
-0.203918 -0.017043 0.239717 0.000000
-0.053301 -0.013327 -0.104081 0.000000
-0.003328 -0.037518 0.153540 0.000000
0.061088 0.082363 0.069396 0.000000
0.565017 -0.044577 0.078441 0.000000
-0.467710 -0.017487 0.234294 1.000000
-0.056199 0.055087 0.169597 0.000000
-0.019713 0.038024 0.062197 0.000000
0.526451 0.002964 -0.127758 0.000000
0.336894 -0.017487 0.133906 0.000000
-0.001178 -0.042146 0.021270 0.000000
0.236435 -0.017487 0.289666 1.000000
-0.456561 -0.023120 -0.013463 0.000000
-0.622441 0.085215 0.125071 2.000000
-0.290236 -0.023518 -0.221696 0.000000
0.230288 -0.014519 -0.311473 1.000000
-0.206349 0.026992 0.056003 0.000000
0.211683 0.094401 0.137319 0.000000
0.127679 -0.008933 -0.112449 0.000000
-0.540751 -0.004983 0.189464 0.000000
-0.383262 -0.017487 0.231677 1.000000
0.074178 0.037931 -0.091156 0.000000
0.136234 -0.047873 -0.016945 0.000000
0.281429 0.115250 -0.021293 0.000000
0.157433 -0.057152 0.060070 0.000000
-0.296220 -0.029829 0.040904 0.000000
0.152805 0.091222 -0.157068 0.000000
-0.298440 -0.019591 0.224641 0.000000
-0.152754 -0.026276 -0.219779 0.000000
0.226572 -0.037215 -0.181868 0.000000
0.140137 -0.017487 0.370093 1.000000
-0.184846 -0.021718 -0.239810 0.000000
0.116133 -0.000308 -0.239319 0.000000
-0.406799 0.045714 0.118223 2.000000
0.037248 -0.043736 0.021457 0.000000
0.040006 -0.046868 0.114950 0.000000
-0.241362 -0.014542 0.549671 1.000000
0.325464 -0.043292 -0.157185 0.000000
-0.102478 0.030311 0.196663 0.000000
-0.318144 -0.017487 0.555093 1.000000
0.982184 -0.019381 -0.064557 0.000000
0.240736 0.039637 -0.112519 0.000000
-0.374123 -0.048738 -0.167142 0.000000
-0.270088 -0.014706 -0.293078 1.000000
0.356481 0.079255 0.063646 0.000000
-0.566976 -0.018516 -0.022134 0.000000
0.754154 -0.044390 -0.024098 0.000000
0.683894 0.016778 0.072154 0.000000
-0.246762 -0.017487 -0.587628 1.000000
-0.586329 -0.016646 0.006732 0.000000
0.213015 0.057284 -0.091343 0.000000
-0.069592 -0.034503 0.163777 0.000000
0.252796 -0.017487 0.262272 1.000000
-0.004848 0.073575 0.152114 0.000000
0.677373 -0.031535 -0.102305 0.000000
-0.644248 0.070770 -0.145569 2.000000
0.056671 -0.039926 -0.165927 0.000000
-0.371412 -0.009120 0.234668 1.000000
0.302722 0.069064 -0.091460 0.000000
0.791668 -0.021999 -0.098472 0.000000
-0.388053 -0.017487 -0.389610 1.000000
-0.505761 0.083252 0.121378 2.000000
0.689574 -0.051005 -0.016712 0.000000
-0.208710 -0.033475 0.034499 0.000000
-0.319219 0.037300 -0.188178 0.000000
0.269088 -0.006292 0.130517 0.000000
-0.531425 -0.055563 0.143886 0.000000
-0.552555 -0.039155 0.068554 0.000000
-0.027263 0.074907 0.014562 0.000000
0.483795 0.004460 0.104175 0.000000
-0.058022 -0.008138 -0.252432 0.000000
0.138244 -0.043712 -0.153165 0.000000
0.197378 0.090077 0.053829 0.000000
0.889229 -0.030343 -0.046139 0.000000
-0.127020 0.022341 -0.086014 0.000000
0.044657 0.080774 -0.110392 0.000000
0.590728 0.037440 -0.093867 0.000000
-0.382607 0.039473 0.147837 0.000000
-0.429634 -0.059606 -0.138136 0.000000
0.136140 -0.017487 0.497268 1.000000
0.407434 -0.059209 0.042049 0.000000
0.257144 -0.017487 0.319163 1.000000
-0.420285 -0.014776 0.220902 0.000000
0.376395 -0.023354 -0.188786 0.000000
-0.543018 0.007873 0.066848 0.000000
-0.326137 -0.017487 0.355696 1.000000
-0.383402 -0.017487 -0.272392 1.000000
-0.512914 -0.020783 -0.046302 0.000000
-0.205227 -0.016038 0.620141 1.000000
0.168045 0.092694 0.089988 0.000000
0.044330 0.051978 0.060303 0.000000
0.544776 -0.064935 -0.028936 0.000000
0.150304 -0.010382 0.237520 1.000000
-0.111243 0.065698 -0.155152 0.000000
-0.453382 -0.013070 -0.264095 1.000000
-0.115497 0.060439 0.020499 0.000000
0.716687 0.028161 0.059018 0.000000
0.011093 0.078647 -0.050650 0.000000
0.335445 -0.044554 0.132153 0.000000
0.218110 -0.059676 0.060818 0.000000
-0.148851 0.062075 0.127806 0.000000
0.383196 -0.058180 -0.025500 0.000000
0.096780 0.035196 -0.093493 0.000000
-0.574596 -0.053179 -0.114249 0.000000
0.699998 0.020260 0.067269 0.000000
-0.077889 0.068924 -0.109924 0.000000
0.385276 0.011940 0.099921 0.000000
-0.079409 -0.038874 -0.011453 0.000000
-0.271537 -0.016576 0.688134 1.000000
-0.512166 0.006610 -0.084448 0.000000
-0.392541 -0.016506 -0.446056 1.000000
0.361389 -0.057573 -0.098285 0.000000
0.593299 0.065909 0.042142 0.000000
0.305760 -0.013584 0.111351 0.000000
-0.097616 -0.061009 -0.107003 0.000000
0.879879 -0.028707 0.053969 0.000000
0.267031 -0.002949 0.158378 0.000000
0.403835 0.111814 -0.018231 0.000000
-0.404812 -0.012509 0.338142 1.000000
-0.601195 0.020237 0.099080 0.000000
0.741042 -0.027561 0.075660 0.000000
-0.047995 -0.040183 -0.047564 0.000000
-0.178418 -0.048738 -0.152487 0.000000
-0.330228 0.044522 0.094429 0.000000
0.276848 -0.063673 -0.091717 0.000000
0.046994 0.004156 0.079470 0.000000
0.068007 0.083018 -0.137388 0.000000
-0.020134 -0.041352 -0.046700 0.000000
-0.081980 -0.038781 -0.022415 0.000000
-0.321977 -0.028753 -0.045250 0.000000
-0.467079 -0.015805 0.216297 0.000000
0.187585 0.067638 0.166862 0.000000
0.017193 0.059294 -0.200683 0.000000
0.403998 0.080751 0.061589 0.000000
0.223790 0.080540 0.060818 0.000000
0.504667 0.101459 0.002782 0.000000
0.627634 -0.057339 -0.034078 0.000000
0.050196 0.024538 0.205452 0.000000
0.057769 -0.044601 0.046653 0.000000
0.706216 0.041203 0.034406 0.000000
0.236645 -0.013304 0.252830 1.000000
0.240642 -0.053506 -0.112192 0.000000
-0.119634 -0.054020 0.120677 0.000000
0.758665 -0.042871 0.050417 0.000000
-0.506837 0.001351 -0.205147 0.000000
-0.542995 -0.009517 -0.035784 0.000000
-0.320364 -0.024967 0.191101 0.000000
0.718253 -0.048060 -0.052660 0.000000
-0.351638 0.021382 -0.062827 0.000000
0.250482 -0.017487 0.232541 1.000000
-0.280676 -0.017487 -0.566920 1.000000
0.843651 -0.026580 -0.084798 0.000000
-0.201230 -0.017137 -0.676657 1.000000
0.676531 0.046836 -0.059017 0.000000
-0.190338 -0.018376 -0.254535 0.000000
-0.526681 0.011472 0.068180 0.000000
0.293092 -0.017487 0.179274 0.000000
-0.610100 -0.058975 0.125071 0.000000
0.204718 -0.017487 0.262670 1.000000
-0.218690 -0.016553 0.657352 1.000000
-0.367952 -0.020339 0.213539 0.000000
0.276193 -0.034760 -0.185888 0.000000
-0.507024 0.027436 0.150127 0.000000
0.326446 0.111977 0.018792 0.000000
-0.522380 0.075889 0.121892 2.000000
0.055666 0.037066 -0.090454 0.000000
-0.414348 -0.011294 0.295112 1.000000
-0.278619 -0.026299 -0.206339 0.000000
0.645071 0.010023 -0.105834 0.000000
0.198547 0.027459 0.192620 0.000000
0.223907 0.066914 0.087580 0.000000
-0.250431 -0.015103 -0.291325 1.000000
0.313076 -0.032096 0.170018 0.000000
-0.389222 0.038842 0.092535 0.000000
-0.311132 -0.017487 0.599152 1.000000
0.174917 0.108495 -0.009887 0.000000
0.237113 -0.015851 0.323861 1.000000
0.840215 0.005395 0.057849 0.000000
0.366508 0.019349 -0.118783 0.000000
0.196093 -0.017487 0.296421 1.000000
0.207663 -0.017487 -0.319326 1.000000
0.589676 0.086384 -0.004300 0.000000
-0.359702 0.029727 0.170088 0.000000
0.209158 -0.050234 -0.122312 0.000000
-0.456771 -0.046447 0.073907 0.000000
-0.202493 -0.017487 -0.656112 1.000000
0.203923 0.096177 -0.088912 0.000000
-0.300777 -0.017067 0.357706 1.000000
-0.455906 0.024070 -0.187851 0.000000
0.692542 -0.050701 -0.034756 0.000000
-0.022378 -0.061944 0.086715 0.000000
-0.363044 -0.011153 -0.277862 1.000000
-0.564428 -0.041866 -0.094872 0.000000
-0.085392 -0.061593 -0.112051 0.000000
0.201422 0.044008 -0.095877 0.000000
-0.104301 0.047280 -0.077552 0.000000
-0.211234 -0.017487 0.278680 1.000000
0.326773 -0.048036 -0.141572 0.000000
-0.259477 -0.031348 0.050978 0.000000
-0.533108 -0.007904 -0.022976 0.000000
0.246229 -0.052477 0.039151 0.000000
-0.202539 -0.017487 -0.299505 1.000000
-0.323894 0.026501 0.010004 0.000000
0.526007 0.035360 -0.105156 0.000000
-0.530233 0.011355 -0.091226 0.000000
-0.029997 0.066049 0.045415 0.000000
-0.400161 0.004296 -0.214567 0.000000
-0.009172 0.044873 -0.213001 0.000000
-0.105283 0.062426 -0.004394 0.000000
-0.226427 0.054456 0.149706 0.000000
0.237697 0.085799 0.128764 0.000000
0.264506 -0.057947 -0.079212 0.000000
0.668538 0.017456 -0.097046 0.000000
0.946984 -0.000799 -0.014772 0.000000
0.556229 0.001024 0.102282 0.000000
-0.312698 -0.017487 -0.293101 1.000000
-0.401026 0.040081 -0.152651 0.000000
0.092198 -0.046050 -0.029544 0.000000
0.910779 0.002310 -0.039197 0.000000
0.101407 -0.027865 -0.218026 0.000000
0.109822 -0.017487 -0.266946 1.000000
-0.208780 -0.017487 -0.584777 1.000000
-0.495945 -0.043689 0.164502 0.000000
-0.570389 -0.049135 0.083794 0.000000
-0.400581 -0.053225 0.141736 0.000000
-0.305008 -0.012953 -0.491354 1.000000
-0.288647 -0.017487 -0.535529 1.000000
-0.424866 -0.010522 -0.272907 1.000000
0.188216 0.001048 -0.231325 0.000000
0.839794 0.023276 0.001449 0.000000
-0.509852 -0.004071 -0.035200 0.000000
0.117558 0.079559 0.053478 0.000000
0.393691 -0.020970 -0.186285 0.000000
0.102810 0.027343 0.073416 0.000000
0.270256 -0.008185 0.181891 0.000000
-0.297715 -0.012883 -0.483500 1.000000
0.106363 0.041016 0.068180 0.000000
0.574717 -0.052057 -0.089777 0.000000
-0.369542 -0.017487 -0.258649 1.000000
-0.295775 -0.006198 0.222865 0.000000
-0.144012 -0.061429 -0.117053 0.000000
-0.425825 -0.058975 0.124861 0.000000
0.178282 0.083929 -0.078978 0.000000
-0.014665 -0.035181 0.165437 0.000000
0.058167 0.082083 -0.083840 0.000000
0.667089 -0.044717 0.063459 0.000000
0.496791 -0.050911 0.090899 0.000000
-0.412455 0.011940 0.036767 0.000000
-0.161683 0.021803 0.201548 0.000000
0.214488 -0.017487 0.341157 1.000000
0.343181 -0.048551 -0.139445 0.000000
-0.252652 -0.017487 0.464311 1.000000
-0.168975 0.041180 0.052473 0.000000
-0.068750 0.055204 0.052590 0.000000
0.400048 0.019980 -0.118432 0.000000
0.024159 -0.043198 0.004768 0.000000
0.226899 0.114034 -0.021153 0.000000
0.356036 -0.057059 -0.038799 0.000000
-0.299959 -0.029268 -0.181143 0.000000
-0.126576 0.058920 0.007153 0.000000
0.262683 0.004086 -0.127525 0.000000
0.182092 -0.038079 -0.179998 0.000000
-0.233252 -0.023401 -0.227960 0.000000
-0.284697 -0.029525 0.164011 0.000000
-0.330017 -0.053202 0.137108 0.000000
-0.409720 -0.046237 0.154194 0.000000
0.501325 -0.063136 -0.028585 0.000000
0.229213 0.058336 -0.145802 0.000000
-0.280723 -0.013374 -0.503227 1.000000
0.361506 -0.024944 0.172706 0.000000
0.166292 0.061468 -0.087089 0.000000
-0.323192 0.012290 0.195261 0.000000
0.045241 0.082059 0.032372 0.000000
-0.329340 -0.028450 0.017156 0.000000
0.139716 0.068994 0.168592 0.000000
-0.248071 0.002310 0.063459 0.000000
-0.383659 0.016684 -0.005679 0.000000
-0.294700 -0.017487 0.410950 1.000000
-0.630949 0.015562 -0.179507 2.000000
-0.244565 0.039543 -0.009840 0.000000
-0.040118 0.069181 -0.182312 0.000000
-0.178792 0.005418 -0.089753 0.000000
-0.302577 0.048262 0.129208 0.000000
-0.183584 0.059200 0.098963 0.000000
-0.236010 -0.017487 -0.685165 1.000000
-0.369074 -0.012673 -0.421210 1.000000
-0.266115 -0.016810 -0.691827 1.000000
-0.201628 -0.017487 0.663055 1.000000
-0.317559 -0.039552 0.060046 0.000000
0.226081 -0.015758 0.344359 1.000000
-0.448777 -0.017487 0.275011 1.000000
-0.325132 -0.017487 -0.259327 1.000000
0.829860 -0.011995 -0.094966 0.000000
-0.020601 0.041367 0.190119 0.000000
0.269532 0.018320 0.186005 0.000000
-0.403900 -0.016179 -0.417845 1.000000
0.166479 -0.049135 0.028983 0.000000
0.940323 -0.025154 -0.038145 0.000000
-0.342592 -0.017487 -0.433925 1.000000
0.660380 0.020447 -0.096064 0.000000
0.484777 -0.021578 -0.155596 0.000000
0.767804 -0.043011 -0.007596 0.000000
0.840285 -0.016646 0.074094 0.000000
-0.442466 -0.037869 0.166535 0.000000
0.113164 0.009672 -0.234130 0.000000
-0.177483 0.050552 -0.001566 0.000000
0.196794 0.016521 0.200146 0.000000
-0.054563 0.072640 0.104760 0.000000
0.330606 0.107934 -0.057194 0.000000
-0.258074 -0.011761 0.234481 0.000000
0.175735 -0.017487 -0.329190 1.000000
0.153016 0.037229 -0.095830 0.000000
0.232041 -0.023307 -0.221088 0.000000
-0.762634 0.147715 -0.148140 2.000000
0.225333 0.064600 -0.125374 0.000000
-0.321439 0.024561 -0.067969 0.000000
0.478302 -0.062154 -0.053104 0.000000
-0.239142 -0.032213 -0.070377 0.000000
-0.350095 -0.017487 -0.304671 1.000000
-0.194125 -0.034083 -0.052262 0.000000
0.034817 -0.005497 -0.247921 0.000000
-0.395720 -0.008091 -0.249580 1.000000
-0.347010 -0.031021 -0.181587 0.000000
-0.457916 0.029283 -0.104058 0.000000
0.073219 0.052656 -0.209425 0.000000
-0.407406 -0.015618 -0.400712 1.000000
0.162599 0.106017 0.001823 0.000000
0.479822 0.102184 -0.038519 0.000000
0.339582 0.106017 -0.061869 0.000000
0.206354 0.095406 -0.155947 0.000000
-0.250244 -0.029268 -0.191567 0.000000
-0.398291 -0.017487 0.320495 1.000000
0.165637 -0.009774 0.243971 1.000000
-0.277942 -0.017487 -0.429835 1.000000
0.214277 0.108308 0.025150 0.000000
-0.271327 -0.017487 0.264914 1.000000
-0.430195 -0.015992 -0.363034 1.000000
0.162599 0.099987 0.030082 0.000000
0.054310 -0.057596 -0.088024 0.000000
0.568921 0.043143 -0.092932 0.000000
-0.528527 -0.047849 0.161042 0.000000
0.030306 -0.033755 -0.194933 0.000000
-0.220724 -0.012486 -0.252432 0.000000
-0.620641 0.020190 0.149216 2.000000
-0.411193 -0.011668 -0.320635 1.000000
-0.484679 -0.017487 -0.242475 1.000000
0.215680 0.085051 -0.182475 0.000000
0.332219 -0.063790 -0.091273 0.000000
0.252680 0.114922 -0.005282 0.000000
-0.007325 -0.041889 -0.046840 0.000000
0.177815 -0.009774 0.254209 1.000000
-0.599418 0.023509 -0.153305 2.000000
0.824087 -0.034947 -0.076454 0.000000
0.412273 0.054269 0.077319 0.000000
-0.361992 -0.043105 0.154288 0.000000
-0.399343 -0.025528 -0.058059 0.000000
0.038580 0.082667 0.027347 0.000000
0.149884 0.090941 0.123552 0.000000
-0.493981 -0.004422 0.191802 0.000000
-0.538694 0.029025 -0.144049 0.000000
0.677630 -0.007273 0.090782 0.000000
0.839280 -0.023284 -0.089847 0.000000
-0.499193 -0.058812 0.109995 0.000000
-0.491808 -0.021648 -0.047962 0.000000
-0.118442 0.058219 0.031087 0.000000
-0.038622 -0.038266 -0.164104 0.000000
-0.048696 -0.037729 -0.166044 0.000000
-0.285631 -0.060144 0.111398 0.000000
-0.339858 -0.017487 -0.501054 1.000000
-0.488231 0.017058 0.068624 0.000000
-0.116759 -0.046634 -0.149285 0.000000
-0.108532 0.061888 -0.029263 0.000000
-0.142353 0.020307 -0.227586 0.000000
-0.325834 -0.059536 0.096813 0.000000
-0.043460 -0.016693 -0.262646 1.000000
-0.328007 -0.013163 0.279335 1.000000
-0.004053 0.076053 -0.116142 0.000000
0.000481 0.052516 -0.081339 0.000000
-0.363535 -0.053436 -0.102912 0.000000
0.094816 -0.013701 0.089286 0.000000
-0.464835 -0.032914 0.059088 0.000000
-0.274038 -0.013935 -0.530878 1.000000
-0.156447 -0.046377 0.133181 0.000000
0.200160 0.033583 0.188343 0.000000
-0.610170 -0.056077 -0.164501 0.000000
-0.520557 -0.026790 -0.200543 0.000000
-0.631370 -0.057175 -0.160551 0.000000
-0.167246 -0.025621 -0.222023 0.000000
-0.467195 -0.039996 -0.185023 0.000000
0.144905 -0.017487 0.244462 1.000000
-0.433444 0.016684 0.177591 0.000000
-0.240778 -0.017487 0.677803 1.000000
0.504878 0.092180 -0.057218 0.000000
-0.443588 -0.057549 -0.119017 0.000000
-0.241012 -0.016085 0.641411 1.000000
0.323968 -0.014285 0.114857 0.000000
-0.414489 -0.017487 0.237660 1.000000
0.365760 -0.014309 -0.137622 0.000000
0.144555 0.087552 0.149683 0.000000
-0.214927 -0.016202 0.634516 1.000000
0.146495 0.037276 0.191147 0.000000
-0.033761 -0.017487 -0.263020 1.000000
-0.235636 0.037440 -0.066918 0.000000
0.228909 -0.051753 -0.032278 0.000000
-0.458407 -0.038453 -0.185701 0.000000
-0.412782 -0.024967 -0.023116 0.000000
-0.116666 -0.061102 0.100319 0.000000
-0.399343 -0.014332 0.384865 1.000000
-0.049093 -0.040136 0.026693 0.000000
0.140067 0.102020 0.005633 0.000000
0.542415 -0.064842 -0.014468 0.000000
0.250202 0.024327 0.137061 0.000000
0.154956 -0.017487 0.349595 1.000000
-0.025930 0.020284 -0.232401 0.000000
0.107531 -0.051613 0.105040 0.000000
-0.339764 -0.017487 0.365395 1.000000
0.253895 -0.052805 -0.010658 0.000000
0.217853 0.076754 0.092208 0.000000
-0.130900 -0.054394 -0.141268 0.000000
-0.271654 -0.060354 -0.129675 0.000000
-0.182251 -0.017230 0.280901 1.000000
0.444575 0.107162 0.008555 0.000000
-0.214834 0.017409 -0.223893 0.000000
-0.586820 0.040782 -0.144307 2.000000
0.871745 0.017502 -0.006591 0.000000
0.352904 -0.056918 0.006171 0.000000
0.469771 -0.017487 -0.147088 0.000000
0.196584 0.001094 0.089170 0.000000
-0.350539 -0.016669 0.230461 0.000000
0.528087 -0.041983 -0.114155 0.000000
0.295219 -0.054511 -0.011242 0.000000
-0.610240 0.021616 -0.125281 2.000000
-0.522006 0.018578 0.166652 0.000000
0.132798 -0.059840 -0.088164 0.000000
0.146261 -0.017487 -0.273748 1.000000
0.036032 -0.053482 0.109364 0.000000
-0.013052 -0.037215 -0.173804 0.000000
0.710890 -0.048434 -0.068133 0.000000
0.118073 -0.047125 0.011593 0.000000
0.133709 0.089375 -0.095246 0.000000
-0.415447 -0.015571 0.375563 1.000000
-0.358556 -0.014449 0.470552 1.000000
0.348347 0.068059 0.069606 0.000000
0.641448 0.071752 -0.030736 0.000000
-0.541803 0.045060 0.122523 2.000000
-0.078474 -0.038243 0.137225 0.000000
0.636470 -0.056427 0.035598 0.000000
-0.680641 0.095569 -0.146363 2.000000
-0.485917 0.043166 0.120747 2.000000
-0.503471 0.000276 0.055442 0.000000
-0.424890 -0.022419 -0.209144 0.000000
-0.175777 0.026571 0.194186 0.000000
-0.591939 -0.041422 -0.095503 0.000000
0.573104 0.067591 -0.071195 0.000000
0.914519 -0.027959 0.006007 0.000000
-0.352923 0.044896 0.106022 0.000000
-0.436623 -0.023962 0.033494 0.000000
0.809292 0.020518 0.040974 0.000000
0.043722 0.075188 -0.184181 0.000000
-0.365638 -0.033031 0.056330 0.000000
0.514087 -0.010499 0.112706 0.000000
-0.475072 -0.003487 0.052847 0.000000
-0.034695 -0.053506 0.063996 0.000000
-0.690995 0.108705 -0.146574 2.000000
-0.226474 -0.012743 0.238385 0.000000
0.592037 -0.022162 0.104479 0.000000
-0.207261 -0.017464 -0.308598 1.000000
0.752635 0.032648 -0.047635 0.000000
0.667650 0.040525 0.057031 0.000000
-0.338806 0.024047 0.017484 0.000000
-0.405163 -0.030577 -0.079095 0.000000
0.079857 0.079582 0.049505 0.000000
0.480336 -0.008839 -0.134560 0.000000
0.455700 -0.052828 -0.118760 0.000000
-0.305803 -0.017487 0.393677 1.000000
-0.548909 -0.056053 -0.162491 0.000000
-0.365101 -0.017487 -0.314324 1.000000
-0.294139 0.048028 0.144985 0.000000
0.929104 -0.026019 -0.048476 0.000000
-0.205835 -0.017487 0.630589 1.000000
-0.329480 -0.017487 0.244953 1.000000
0.099047 -0.017184 0.518958 1.000000
0.564410 -0.063813 0.016128 0.000000
0.899466 -0.029034 -0.052075 0.000000
-0.135645 -0.042287 -0.154567 0.000000
-0.324127 -0.050397 -0.095480 0.000000
-0.041474 0.006797 -0.096859 0.000000
-0.409230 0.030849 0.163076 0.000000
-0.228671 -0.003230 0.224618 0.000000
-0.262141 -0.017487 0.721231 1.000000
0.387684 0.043120 -0.106208 0.000000
-0.213642 0.008761 0.212394 0.000000
0.314712 0.000603 0.106372 0.000000
0.064220 0.028254 -0.225926 0.000000
0.017895 -0.014916 -0.254418 0.000000
-0.115076 -0.048247 -0.083863 0.000000
-0.562886 0.005582 -0.197551 0.000000
-0.250735 -0.016202 -0.478358 1.000000
-0.423698 -0.010920 -0.282069 1.000000
-0.476007 0.032157 -0.124533 0.000000
0.219747 -0.017487 -0.353708 1.000000
-0.412759 -0.017487 -0.278259 1.000000
0.110032 -0.038570 0.156742 0.000000
-0.339273 -0.013935 -0.309112 1.000000
-0.362670 -0.035134 0.161931 0.000000
-0.470398 0.032602 0.138440 0.000000
0.753406 0.032298 0.026763 0.000000
0.325908 -0.017487 0.144447 0.000000
0.172790 -0.049415 -0.069699 0.000000
0.194153 0.047070 -0.206059 0.000000
-0.034766 0.074603 -0.132339 0.000000
-0.272472 0.021032 -0.211598 0.000000
0.207008 0.082597 0.154732 0.000000
-0.493257 -0.056264 0.096672 0.000000
0.166362 -0.002388 -0.112051 0.000000
0.209743 -0.054254 -0.077809 0.000000
-0.425778 -0.019240 -0.230671 0.000000
0.243447 0.042442 -0.201151 0.000000
-0.160350 -0.014963 -0.264469 1.000000
0.048233 0.013552 -0.235626 0.000000
-0.402147 -0.002832 -0.080497 0.000000
0.035658 0.048402 -0.084915 0.000000
0.143596 -0.039856 0.152184 0.000000
-0.078778 -0.029758 -0.207555 0.000000
-0.494776 -0.043806 -0.094334 0.000000
-0.513849 -0.004726 0.015380 0.000000
-0.470468 -0.050140 0.153025 0.000000
-0.447562 -0.013304 -0.279615 1.000000
0.028763 0.038842 -0.088257 0.000000
-0.330648 -0.017487 0.348239 1.000000
-0.438283 -0.016553 -0.357565 1.000000
0.306181 -0.053225 0.095901 0.000000
-0.398267 -0.045863 0.070261 0.000000
0.724774 0.000089 -0.101463 0.000000
0.252259 -0.006596 -0.118479 0.000000
-0.305732 -0.011457 -0.259654 1.000000
-0.136650 -0.060471 0.086038 0.000000
-0.001996 -0.023985 0.215689 0.000000
0.181765 -0.009774 -0.252245 1.000000
-0.243887 0.052890 0.086739 0.000000
0.262403 0.004554 0.187034 0.000000
0.595309 0.084350 -0.024939 0.000000
-0.041824 0.070443 -0.084471 0.000000
0.086308 0.084794 0.124300 0.000000
-0.286333 -0.017487 0.444000 1.000000
-0.111150 0.061468 0.004722 0.000000
-0.453429 -0.021297 0.194583 0.000000
0.470472 -0.044297 0.108873 0.000000
-0.628471 0.023650 -0.151856 2.000000
0.087430 -0.045722 -0.132456 0.000000
-0.697353 0.150941 -0.146714 2.000000
-0.191507 -0.017487 -0.653214 1.000000
-0.249707 0.052072 0.076267 0.000000
0.658721 0.026361 0.068765 0.000000
-0.412759 0.011893 -0.006801 0.000000
-0.289254 -0.017487 0.652981 1.000000
-0.257911 -0.015758 0.631314 1.000000
0.231199 -0.000472 -0.226674 0.000000
-0.320434 -0.017487 0.583819 1.000000
0.354120 0.031433 -0.112005 0.000000
-0.611806 -0.058531 -0.138650 0.000000
-0.120966 -0.037144 -0.050182 0.000000
0.925785 -0.026019 -0.055909 0.000000
0.119265 -0.019077 -0.243994 0.000000
0.409678 0.019302 -0.118806 0.000000
-0.226637 0.011121 -0.084845 0.000000
0.195111 0.027740 -0.216273 0.000000
-0.502255 0.031620 0.129886 0.000000
0.146869 -0.013701 0.407117 1.000000
0.121929 -0.037963 0.159944 0.000000
0.550199 -0.056217 0.065188 0.000000
-0.547179 -0.010195 0.022252 0.000000
0.481481 -0.062294 0.034733 0.000000
-0.599512 0.009696 -0.099664 0.000000
-0.197491 -0.012602 0.232845 0.000000
0.151964 -0.017487 0.323534 1.000000
-0.162711 -0.061032 0.101043 0.000000
0.300712 -0.017487 -0.164244 0.000000
-0.174164 -0.059326 0.111701 0.000000
-0.252021 -0.017487 0.300441 1.000000
-0.267517 -0.015197 0.603126 1.000000
-0.293298 -0.056942 0.084425 0.000000
0.151496 -0.047686 -0.130259 0.000000
-0.411941 0.017152 -0.081432 0.000000
0.832034 -0.027374 -0.085429 0.000000
0.717178 -0.016038 -0.114225 0.000000
0.197004 -0.009774 0.219452 1.000000
