-0.628753 0.135871 0.262580 2.000000
-0.154471 -0.047027 0.068656 0.000000
0.138822 -0.132772 0.034862 0.000000
0.057076 0.079743 -0.651017 1.000000
0.121429 -0.010687 -0.093920 0.000000
0.307000 -0.142194 0.088723 0.000000
-0.655009 0.115218 -0.279365 2.000000
0.500721 -0.204204 -0.009678 0.000000
0.177454 -0.132568 -0.061553 0.000000
-0.327081 0.045389 0.269991 1.000000
-0.662190 0.082570 -0.279161 2.000000
0.055573 -0.186556 0.074131 0.000000
0.084146 -0.053954 0.007130 0.000000
-0.017056 0.031128 0.058393 0.000000
-0.021258 0.077248 -0.776413 1.000000
0.078340 0.090414 0.791843 1.000000
0.095606 0.066475 0.382781 1.000000
0.231468 0.025093 -0.109633 1.000000
0.037951 0.092374 -0.909040 1.000000
0.193549 0.020254 0.030788 1.000000
-0.550852 0.043785 0.228659 2.000000
-0.261404 0.044524 -0.283872 1.000000
0.105512 -0.087417 -0.067232 0.000000
-0.039925 -0.064650 -0.095728 0.000000
-0.047819 0.049642 -0.413316 1.000000
-0.439234 0.022546 -0.278066 1.000000
0.597213 -0.191471 0.006544 0.000000
0.200476 0.066552 0.689826 1.000000
-0.010384 0.062350 -0.515410 1.000000
0.097923 0.095227 -0.866079 1.000000
0.024887 0.080838 0.824669 1.000000
0.008410 -0.118638 -0.050246 0.000000
0.109765 0.018446 0.071075 0.000000
-0.011352 -0.197812 0.042145 0.000000
0.617000 -0.179910 0.014744 0.000000
0.566526 -0.052197 -0.069065 0.000000
0.230984 0.050814 -0.338650 1.000000
0.258589 0.048089 -0.027785 0.000000
0.107091 0.063241 -0.328998 1.000000
0.336337 0.033777 0.036849 0.000000
-0.002490 0.083563 -0.860833 1.000000
-0.025918 0.045491 -0.368623 1.000000
0.166937 0.077731 -0.845528 1.000000
-0.558746 0.031740 0.183915 2.000000
0.041872 0.030161 0.156157 1.000000
0.168872 -0.125005 -0.136805 1.000000
0.040268 0.070932 0.529618 1.000000
0.318817 -0.136413 -0.085211 0.000000
0.510526 -0.064115 0.072068 0.000000
-0.328533 0.064642 -0.268058 1.000000
-0.634737 0.030976 0.261001 1.000000
0.267019 -0.135930 -0.100083 0.000000
0.283699 0.038717 0.042935 0.000000
0.210229 0.062732 -0.646765 1.000000
0.103119 -0.210571 -0.047139 0.000000
-0.032794 0.050152 0.244067 1.000000
-0.633490 0.068691 0.265840 2.000000
0.411157 -0.220936 -0.011945 0.000000
0.049334 0.045007 -0.392816 1.000000
-0.134481 -0.092917 0.072399 0.000000
-0.719081 -0.024948 0.259983 2.000000
-0.465107 0.053004 0.250229 1.000000
0.429722 -0.212124 -0.060025 0.000000
0.440774 -0.057137 -0.085262 0.000000
-0.113522 0.021629 0.057425 0.000000
-0.084312 0.030415 0.246460 1.000000
-0.206066 -0.068419 -0.048005 0.000000
-0.003101 0.050788 0.290389 1.000000
-0.636087 0.035050 0.106244 2.000000
0.203175 0.098715 0.907256 1.000000
0.263555 -0.078860 0.047137 0.000000
0.155553 -0.082960 0.086711 0.000000
0.209363 0.096500 0.937331 1.000000
0.207937 0.060796 -0.308167 1.000000
-0.129897 0.039838 -0.018617 0.000000
0.016279 0.082137 0.773991 1.000000
0.445307 -0.069794 -0.096925 0.000000
0.098255 -0.047231 -0.055186 0.000000
-0.188673 -0.007147 -0.058038 0.000000
0.092270 -0.100812 0.041076 0.000000
-0.592285 0.032987 -0.243737 2.000000
0.126598 0.058657 0.212387 1.000000
0.201927 0.083079 -0.666272 1.000000
0.114375 -0.029787 0.084266 0.000000
-0.705813 -0.053190 0.259881 2.000000
0.036576 0.078088 0.658248 1.000000
0.277689 -0.071322 -0.037029 0.000000
-0.018686 -0.192490 -0.045407 0.000000
-0.703012 0.033828 0.252394 2.000000
-0.631809 0.034872 -0.221837 2.000000
0.216239 -0.216632 -0.036214 0.000000
0.054427 -0.161421 -0.095474 0.000000
0.274913 -0.055839 -0.039346 0.000000
0.053409 0.058072 -0.302768 1.000000
-0.657759 0.041035 0.082127 2.000000
0.117252 0.051425 -0.509095 1.000000
0.171088 -0.097705 0.086966 0.000000
-0.182077 0.053208 0.244729 1.000000
0.169458 0.019898 -0.042937 1.000000
0.031253 0.071900 0.568123 1.000000
-0.322064 0.045873 0.244168 1.000000
0.043859 0.053411 -0.497966 1.000000
0.197267 -0.057316 0.087017 0.000000
-0.508935 0.041060 -0.281504 1.000000
0.125121 0.088555 0.712032 1.000000
-0.112682 0.065788 -0.276996 1.000000
0.000999 -0.199289 0.033232 0.000000
0.292943 -0.148484 -0.059745 0.000000
0.134391 -0.018098 0.083019 0.000000
-0.710372 0.133808 0.265433 2.000000
0.083535 -0.050363 -0.078462 0.000000
0.072534 0.000518 -0.090075 0.000000
-0.004170 0.027334 0.043750 1.000000
0.096192 0.036986 -0.314253 1.000000
0.079639 0.082468 0.658019 1.000000
-0.689541 0.165488 0.249389 2.000000
0.282146 0.046714 0.002826 0.000000
0.177072 0.066042 0.318377 1.000000
0.013885 0.081271 0.764212 1.000000
0.175035 0.057027 0.127075 1.000000
0.060361 0.053131 0.489255 1.000000
0.194007 0.082774 0.633138 1.000000
0.139408 0.035789 0.308419 1.000000
0.113203 0.073937 0.773227 1.000000
0.072941 0.088860 0.930532 1.000000
0.079919 0.032045 0.222930 1.000000
-0.076774 -0.099869 -0.092596 0.000000
-0.639678 0.015008 -0.276742 2.000000
-0.197942 0.067774 0.260569 1.000000
-0.568806 0.044040 -0.254510 2.000000
-0.678845 0.061637 -0.277938 2.000000
-0.102597 0.040525 0.052612 0.000000
0.421140 -0.057086 -0.034508 0.000000
0.322637 -0.130098 0.089640 0.000000
-0.017871 0.030288 -0.133978 1.000000
0.188532 0.056544 -0.171465 1.000000
0.026160 0.093673 -0.947010 1.000000
0.209440 -0.156506 -0.097867 0.000000
0.148779 -0.217574 0.002087 0.000000
-0.161296 -0.009134 -0.065856 0.000000
-0.174462 0.029677 -0.012378 0.000000
0.214813 0.078394 -0.771472 1.000000
-0.042777 0.033471 0.031883 1.000000
0.211401 -0.129843 0.087450 0.000000
-0.096994 -0.115251 -0.087146 0.000000
0.014547 0.045873 -0.257311 1.000000
-0.666494 0.040118 0.207599 2.000000
-0.533051 0.043530 0.245442 2.000000
0.126267 0.043352 0.398315 1.000000
0.444696 -0.128799 0.086686 0.000000
0.186444 0.063521 -0.308905 1.000000
0.000821 0.044192 0.270602 1.000000
-0.005265 0.046001 0.209025 1.000000
0.027892 0.042308 0.336738 1.000000
0.172921 0.020433 -0.064048 1.000000
0.039402 0.067163 0.466997 1.000000
0.044954 -0.087187 0.086558 0.000000
-0.661935 0.036196 -0.007539 2.000000
0.174296 0.103147 -0.979276 1.000000
-0.778952 0.193500 -0.266148 2.000000
0.073323 0.054914 0.269278 1.000000
-0.207059 0.052775 -0.258457 1.000000
0.185349 0.002250 -0.254917 1.000000
0.498684 -0.034421 0.012936 0.000000
-0.747018 0.067163 -0.266963 2.000000
-0.106290 0.056442 0.245875 1.000000
-0.041249 0.049311 0.357467 1.000000
0.008053 0.066170 -0.648140 1.000000
0.002909 0.029728 0.123917 1.000000
0.152064 0.055780 -0.123639 1.000000
-0.573390 0.047274 -0.263525 2.000000
0.376880 0.018777 -0.023735 0.000000
0.050760 0.026646 -0.102528 1.000000
0.064232 0.093750 -0.981695 1.000000
0.158355 0.039532 -0.070848 0.000000
0.131386 -0.044786 -0.097664 0.000000
0.052288 -0.143850 -0.071026 0.000000
0.115317 0.061178 0.619132 1.000000
0.168745 0.046026 -0.465700 1.000000
0.079944 0.081399 -0.858261 1.000000
0.273181 -0.134325 0.016068 0.000000
0.042127 0.049871 0.439392 1.000000
0.021729 0.042053 -0.012683 1.000000
0.069885 0.047732 -0.039066 1.000000
0.637755 -0.089912 0.057094 0.000000
0.569200 -0.037121 -0.020527 0.000000
0.061303 0.025246 -0.068785 1.000000
-0.674516 -0.029481 -0.275545 2.000000
-0.570257 0.031943 0.201895 2.000000
0.334759 -0.062001 0.089691 0.000000
-0.613499 0.111576 -0.278448 2.000000
0.277689 -0.071220 0.002800 0.000000
0.116819 0.038106 -0.339134 1.000000
0.180943 0.047758 0.047697 0.000000
-0.074024 -0.170640 0.031195 0.000000
0.084503 0.082850 0.864931 1.000000
-0.549248 0.043760 0.167617 2.000000
-0.103768 -0.042571 0.078511 0.000000
0.582646 -0.195571 0.020958 0.000000
0.060794 0.055703 -0.534714 1.000000
0.148881 0.067570 -0.354133 1.000000
0.120461 0.053895 0.118493 1.000000
-0.031979 0.028276 0.045074 1.000000
-0.032489 0.060618 -0.280511 1.000000
0.016177 0.060134 0.403332 1.000000
0.013962 -0.166005 -0.084370 0.000000
-0.011301 0.075618 0.722193 1.000000
0.175188 0.084735 -0.643123 1.000000
0.170782 -0.141252 0.077951 0.000000
0.163830 0.052444 -0.262786 1.000000
-0.045680 0.050126 0.381176 1.000000
0.129119 0.071645 -0.765997 1.000000
-0.097988 0.022546 -0.275061 1.000000
0.015031 0.078877 0.797013 1.000000
-0.646146 0.054914 0.265254 2.000000
0.148372 0.022572 0.086686 1.000000
-0.628804 0.139716 -0.268440 2.000000
-0.683301 0.037138 -0.230903 2.000000
0.032450 0.091534 0.893300 1.000000
0.104010 0.067214 -0.397731 1.000000
0.102278 -0.132950 -0.016019 0.000000
-0.756720 0.210308 -0.265893 2.000000
-0.651927 0.041671 0.114520 2.000000
0.119366 0.082825 -0.635865 1.000000
0.147761 0.098537 -0.874763 1.000000
0.290371 -0.219255 0.024548 0.000000
0.040930 -0.178916 0.038937 0.000000
0.153643 0.086441 -0.938326 1.000000
0.385895 -0.033454 -0.095041 0.000000
0.130749 0.049617 -0.492796 1.000000
-0.676400 0.074395 0.249287 2.000000
0.164823 -0.179018 -0.080041 1.000000
0.157769 0.104038 0.960302 1.000000
0.111573 0.029193 -0.269051 1.000000
-0.038550 0.057155 0.479526 1.000000
-0.124574 -0.135853 0.052357 0.000000
-0.575605 0.044116 -0.226217 2.000000
-0.685644 0.038055 -0.127739 2.000000
0.200730 0.031026 -0.252956 1.000000
-0.001369 0.065253 -0.543016 1.000000
-0.677470 0.038946 0.202378 2.000000
-0.598576 0.079692 -0.278473 2.000000
0.049156 -0.257250 -0.168103 0.000000
-0.718368 0.124997 -0.278244 2.000000
-0.062946 0.069047 -0.267115 1.000000
-0.664049 0.160573 0.264338 2.000000
0.147812 0.103274 0.966490 1.000000
0.050913 0.084404 -0.745548 1.000000
0.061838 0.024202 -0.030790 1.000000
0.089723 0.065915 -0.679336 1.000000
-0.662445 -0.032792 0.251757 2.000000
-0.718750 0.032835 0.260874 2.000000
-0.656944 -0.048810 -0.266275 2.000000
-0.695856 -0.019651 0.253336 2.000000
0.190773 0.072715 0.457778 1.000000
0.068994 0.032045 -0.227057 1.000000
0.660547 -0.073767 -0.021876 0.000000
0.008334 -0.219764 -0.068352 0.000000
-0.030120 0.040653 -0.183026 1.000000
0.358671 -0.132874 -0.046044 0.000000
0.196426 0.102052 0.952076 1.000000
0.126318 0.088453 -0.720795 1.000000
0.308121 -0.111202 -0.100872 0.000000
0.087304 0.044447 0.244601 1.000000
0.093441 0.024456 -0.089438 1.000000
-0.023041 0.033675 0.185112 1.000000
0.631337 -0.098545 0.014540 0.000000
-0.031852 0.037495 0.109809 1.000000
0.420936 -0.059939 -0.048081 0.000000
0.156878 0.055627 -0.581520 1.000000
0.076787 -0.111737 -0.099039 0.000000
0.140095 -0.040457 -0.097180 0.000000
0.127260 -0.141303 -0.006546 0.000000
0.033189 0.046688 -0.118087 1.000000
0.068561 0.074064 -0.767067 1.000000
0.135893 0.054965 0.118417 1.000000
0.573809 -0.196081 0.035219 0.000000
-0.583551 0.043479 0.249873 2.000000
0.634342 -0.065337 -0.025034 0.000000
0.435910 -0.119860 0.086991 0.000000
0.130698 0.021579 -0.046477 1.000000
-0.087164 -0.105396 -0.069014 0.000000
-0.594425 0.044371 -0.086560 2.000000
-0.054746 0.041901 -0.310841 1.000000
0.191588 -0.148051 0.063231 0.000000
-0.616886 0.044702 0.216079 2.000000
-0.689388 0.037673 0.007384 2.000000
0.195000 0.056263 -0.576478 1.000000
-0.023194 0.065278 0.577928 1.000000
-0.112019 0.005688 -0.079888 0.000000
-0.735914 0.115701 -0.276767 2.000000
0.117711 0.076102 -0.528958 1.000000
0.176385 -0.180419 -0.091985 1.000000
-0.568347 0.031918 0.013190 2.000000
0.067288 0.092604 0.840840 1.000000
-0.206779 0.018344 -0.271496 1.000000
0.128177 0.040500 0.362790 1.000000
0.147735 0.096780 -0.843541 1.000000
0.024224 -0.144537 0.038682 0.000000
0.086591 0.049489 0.050142 1.000000
-0.212280 -0.023038 -0.060407 0.000000
-0.214113 -0.018327 0.048003 0.000000
0.287977 -0.133205 -0.084523 0.000000
0.644529 -0.061339 -0.041231 0.000000
0.189984 -0.122101 0.129061 1.000000
0.099120 0.028276 0.164383 1.000000
-0.658064 0.164775 0.250178 2.000000
0.325260 -0.006256 -0.095601 0.000000
-0.252491 0.049668 0.244270 1.000000
0.236867 0.034413 -0.147017 1.000000
-0.226439 0.067978 0.259423 1.000000
-0.713657 0.140505 -0.262251 2.000000
0.270049 -0.116295 0.051084 0.000000
0.135970 -0.127933 -0.098784 0.000000
0.000133 0.052520 -0.470004 1.000000
0.018724 0.065202 0.483830 1.000000
-0.083752 -0.105396 -0.054881 0.000000
-0.029917 -0.067833 -0.096288 0.000000
0.027128 0.044243 0.052638 1.000000
0.140528 0.092935 0.772209 1.000000
0.133703 -0.132797 -0.076017 0.000000
0.475510 -0.209297 -0.055441 0.000000
0.550304 -0.037987 0.027553 0.000000
-0.680500 0.073377 -0.278295 2.000000
-0.087776 -0.107509 -0.080678 0.000000
-0.574892 0.046484 0.250433 2.000000
0.588376 -0.097272 0.073876 0.000000
0.058757 0.047376 0.043062 1.000000
-0.063379 0.039354 -0.270400 1.000000
0.072406 0.053717 0.184858 1.000000
0.094231 -0.044200 -0.025594 0.000000
0.473371 -0.094140 -0.096900 0.000000
-0.228680 -0.022351 -0.047444 0.000000
0.114298 0.060567 0.018182 0.000000
0.215450 0.069200 0.450037 1.000000
-0.019577 0.062783 0.000559 0.000000
0.005252 0.038284 -0.284254 1.000000
0.674579 -0.082451 -0.018617 0.000000
-0.186890 0.018166 -0.050679 0.000000
-0.004119 0.058785 -0.441253 1.000000
0.062093 0.040373 -0.340127 1.000000
0.118526 -0.062893 0.087704 0.000000
-0.222160 -0.004499 0.027248 0.000000
0.131259 0.051654 -0.026664 1.000000
0.035990 0.025984 -0.056307 1.000000
-0.002999 0.078343 0.751301 1.000000
-0.739276 -0.046289 0.257029 2.000000
-0.072521 0.033420 -0.282752 1.000000
-0.011887 0.062885 0.004889 0.000000
-0.085942 -0.022707 -0.089413 0.000000
0.226120 0.019210 -0.081238 0.000000
0.156954 0.068334 0.345702 1.000000
0.153083 0.061051 -0.648140 1.000000
0.022544 -0.204204 0.033232 0.000000
0.195357 0.071441 -0.458799 1.000000
-0.076723 0.023489 -0.075406 0.000000
-0.582303 0.036247 -0.261640 2.000000
-0.036640 0.034031 -0.032037 1.000000
0.159704 0.050584 0.506521 1.000000
-0.005851 0.053997 -0.486608 1.000000
-0.349848 0.019898 -0.274857 1.000000
-0.044534 0.035661 -0.222983 1.000000
0.092295 -0.109190 0.087195 0.000000
0.228896 0.039430 -0.302666 1.000000
0.122626 -0.181132 -0.088980 0.000000
0.211095 0.034541 0.279541 1.000000
0.482488 -0.198933 0.068146 0.000000
0.386098 -0.199799 0.075022 0.000000
-0.545122 0.043709 -0.001274 2.000000
-0.015579 -0.074098 -0.096823 0.000000
0.185069 -0.100990 0.087017 0.000000
-0.667945 -0.062893 -0.267676 2.000000
-0.011657 0.078928 -0.786039 1.000000
0.127286 0.073453 -0.474639 1.000000
0.161309 0.055270 -0.084752 1.000000
-0.686128 0.198594 0.258277 2.000000
-0.044789 0.037138 -0.153307 1.000000
0.097414 0.029397 -0.275188 1.000000
0.151912 0.088351 0.680149 1.000000
0.387626 -0.219891 -0.027912 0.000000
-0.190430 0.062681 0.264898 1.000000
0.456996 -0.206725 0.055872 0.000000
0.145392 0.029117 0.222166 1.000000
0.279548 0.031714 -0.064532 0.000000
0.055471 0.086925 -0.779443 1.000000
0.042611 0.075414 -0.612360 1.000000
0.043502 0.093164 0.965802 1.000000
0.098484 0.075007 0.518923 1.000000
0.120486 0.067749 -0.272514 1.000000
0.045387 -0.247217 -0.168103 0.000000
-0.548789 0.031561 -0.077444 2.000000
0.019946 0.031052 -0.172483 1.000000
-0.051232 -0.144817 0.092237 0.000000
-0.049245 0.072460 0.257385 1.000000
-0.657759 -0.036688 0.262428 2.000000
-0.001598 -0.203517 -0.011384 0.000000
0.007748 0.051450 -0.287794 1.000000
0.175111 0.042715 -0.066060 0.000000
-0.642530 0.042665 0.005907 2.000000
-0.163436 0.049642 0.270118 1.000000
0.187946 -0.123502 -0.143503 1.000000
0.285023 -0.030780 -0.096925 0.000000
0.205340 0.029830 -0.232405 1.000000
0.413118 -0.060626 0.086788 0.000000
0.043248 0.026392 -0.080729 1.000000
0.058909 0.083512 0.864014 1.000000
-0.007099 -0.221903 -0.074464 0.000000
0.666226 -0.095948 0.003972 0.000000
-0.085127 -0.175326 -0.117247 0.000000
-0.245029 -0.029710 0.012197 0.000000
-0.021334 0.022979 0.068045 0.000000
-0.133589 -0.020313 0.072348 0.000000
0.023817 0.020611 0.070031 0.000000
0.157438 0.069480 0.739765 1.000000
-0.251879 -0.081203 -0.093360 0.000000
0.157387 0.055703 -0.110932 1.000000
0.175723 -0.018760 0.216690 1.000000
0.067415 0.087103 0.746768 1.000000
0.498073 -0.186913 -0.087579 0.000000
-0.562974 0.043938 0.204161 2.000000
0.657924 -0.099182 0.007206 0.000000
-0.624500 -0.039718 0.261638 2.000000
0.184559 0.052826 -0.018235 1.000000
-0.005062 0.070728 0.627688 1.000000
-0.078557 -0.158111 0.101991 0.000000
0.302595 -0.218873 -0.041918 0.000000
0.183795 0.072103 -0.774528 1.000000
-0.780251 0.115905 -0.269204 2.000000
-0.066460 -0.180342 0.108357 0.000000
-0.556276 0.005611 0.256952 2.000000
0.335573 -0.170283 0.087679 0.000000
0.226426 0.049031 -0.091985 1.000000
0.085802 -0.063529 0.050651 0.000000
-0.139727 -0.058996 -0.083759 0.000000
0.343392 -0.106389 -0.101203 0.000000
-0.247932 0.080558 0.121523 0.000000
0.093110 0.037775 0.310304 1.000000
0.115139 0.056544 -0.196523 1.000000
0.189576 -0.076721 0.086889 0.000000
0.208905 0.096042 -0.939218 1.000000
-0.635578 0.043403 0.031475 2.000000
0.052033 -0.143646 -0.050908 0.000000
-0.096994 -0.144792 -0.046884 0.000000
0.045158 -0.229365 -0.164894 0.000000
0.156521 0.035661 -0.328234 1.000000
0.053230 -0.228779 0.140878 2.000000
0.099935 0.059905 -0.038022 0.000000
0.511952 -0.268863 -0.015943 0.000000
0.315812 -0.152712 0.088316 0.000000
0.008868 0.081169 0.031984 0.000000
0.024759 0.072052 -0.728766 1.000000
-0.667436 0.039354 -0.264008 2.000000
-0.029204 0.048140 0.308496 1.000000
-0.740371 0.218024 -0.264798 2.000000
-0.638557 0.144809 0.250433 2.000000
-0.093174 0.042079 -0.050398 0.000000
0.022620 -0.229721 0.140547 2.000000
0.024836 0.078674 0.798032 1.000000
0.188939 0.062757 0.650812 1.000000
0.159297 -0.215180 0.019735 0.000000
0.099859 -0.056119 0.073163 0.000000
-0.023423 0.069047 0.661176 1.000000
0.085471 0.055525 -0.054651 0.000000
0.068867 0.068742 -0.704827 1.000000
-0.044865 0.047911 -0.392409 1.000000
0.066524 -0.152533 0.085642 0.000000
0.064410 0.085473 -0.734699 1.000000
0.025218 -0.228448 -0.153511 0.000000
0.073272 0.026392 0.255195 1.000000
0.236536 -0.001316 -0.093538 0.000000
0.020124 -0.138985 0.085362 0.000000
0.093161 0.075261 0.779772 1.000000
-0.533306 0.043530 0.003437 2.000000
0.219652 -0.126100 0.087806 0.000000
-0.036283 -0.121439 0.083502 0.000000
0.168006 -0.020721 0.221402 1.000000
0.104825 0.071670 0.458237 1.000000
0.051346 0.064082 -0.637520 1.000000
0.052314 0.067316 -0.453731 1.000000
0.171775 -0.150012 0.110675 1.000000
-0.042981 -0.005798 0.077161 0.000000
0.126547 0.085600 -0.673504 1.000000
0.435477 -0.101525 -0.074999 0.000000
0.066065 0.056773 0.252394 1.000000
-0.546930 0.031536 -0.238670 2.000000
0.177658 0.038615 -0.370813 1.000000
0.030362 0.037571 0.273964 1.000000
-0.010053 0.037877 0.018691 1.000000
0.079359 0.064693 -0.011919 0.000000
0.071235 0.053971 -0.518059 1.000000
0.378102 -0.022911 0.081312 0.000000
0.114044 0.053386 -0.532473 1.000000
-0.532975 0.043530 0.077340 2.000000
0.657567 -0.030933 -0.058522 0.000000
0.174347 0.080609 0.862614 1.000000
-0.050697 0.034235 0.269303 1.000000
0.207071 0.085320 0.898623 1.000000
0.160010 0.069659 -0.375830 1.000000
-0.019272 0.028302 -0.073649 1.000000
0.117150 0.066832 0.364751 1.000000
-0.603210 0.033522 -0.220028 2.000000
0.154917 0.072409 0.771241 1.000000
0.017629 0.052647 -0.478408 1.000000
0.336567 -0.148408 0.005856 0.000000
-0.530224 0.043505 -0.068250 2.000000
0.172947 0.063012 0.665658 1.000000
0.002986 0.081831 0.828998 1.000000
-0.112758 0.055729 -0.259297 1.000000
0.033189 0.074319 -0.616409 1.000000
-0.113751 -0.154342 0.029285 0.000000
0.167421 0.059600 -0.022258 0.000000
0.071159 0.042919 -0.283821 1.000000
0.225254 0.055678 0.298335 1.000000
0.238751 -0.195928 0.073392 0.000000
0.467437 -0.263821 -0.002242 0.000000
0.058298 0.067621 0.440716 1.000000
0.176919 0.075287 0.473287 1.000000
0.035582 0.033599 0.216843 1.000000
0.232792 0.043760 -0.165786 1.000000
-0.314450 0.019541 0.261587 1.000000
-0.561548 0.058479 -0.275901 2.000000
0.281229 -0.218236 -0.041409 0.000000
0.166682 0.087281 -0.950932 1.000000
0.303282 -0.022860 0.084929 0.000000
0.125580 -0.209858 -0.052614 0.000000
0.224312 0.063470 -0.524833 1.000000
-0.029968 0.067418 -0.649948 1.000000
-0.042650 0.013175 -0.082206 0.000000
0.136275 0.074141 0.785782 1.000000
0.276034 -0.107127 -0.000714 0.000000
0.035455 -0.109980 -0.098631 0.000000
0.227623 0.048267 -0.229655 1.000000
0.036626 0.056111 0.284176 1.000000
0.140936 0.063725 -0.298515 1.000000
0.283368 -0.134402 -0.011410 0.000000
0.227011 0.032147 -0.072529 0.000000
-0.688828 0.037393 -0.020934 2.000000
0.112643 0.051705 0.046220 0.000000
0.284488 -0.138298 -0.071892 0.000000
-0.060832 0.045211 -0.345653 1.000000
0.077754 0.070703 -0.482584 1.000000
0.131310 -0.148128 -0.031706 0.000000
-0.639627 0.042970 -0.163392 2.000000
0.225636 0.052291 -0.262481 1.000000
-0.612607 0.044625 -0.227974 2.000000
-0.102291 0.038361 -0.256853 1.000000
0.288563 -0.144079 -0.085211 0.000000
0.196095 0.028123 0.260161 1.000000
0.182573 -0.104046 -0.153180 1.000000
0.059266 0.060695 0.327850 1.000000
0.202080 0.052571 -0.110600 1.000000
0.028528 0.050177 -0.450777 1.000000
0.078289 0.028123 -0.157840 1.000000
-0.637462 -0.047868 0.253005 2.000000
0.164925 -0.091415 0.157354 1.000000
0.106073 -0.119173 -0.006546 0.000000
0.664214 -0.030627 -0.083886 0.000000
-0.108938 -0.105396 0.062009 0.000000
-0.706781 0.174681 0.249109 2.000000
0.576279 -0.060295 0.061958 0.000000
0.116947 0.079234 0.568658 1.000000
0.122549 0.081017 0.858132 1.000000
0.105461 0.086772 -0.714326 1.000000
0.270940 -0.088563 0.088086 0.000000
0.430639 -0.090320 0.076194 0.000000
0.008665 0.087077 -0.005196 0.000000
-0.537762 0.025297 0.249516 1.000000
-0.023626 0.028251 -0.261156 1.000000
0.147455 0.080736 0.560127 1.000000
-0.558517 0.031612 0.267113 1.000000
-0.620043 0.034337 0.089360 2.000000
0.229431 0.022011 0.014158 1.000000
0.033265 0.063343 0.041356 0.000000
0.195459 0.026468 0.170036 1.000000
0.142642 0.079539 0.545840 1.000000
0.083535 0.060440 -0.261666 1.000000
0.515263 -0.201021 -0.004763 0.000000
-0.030349 0.053029 0.394597 1.000000
0.214762 0.056467 0.546375 1.000000
0.018138 0.017402 -0.082842 0.000000
-0.157909 0.025806 0.038860 0.000000
-0.008882 0.042868 -0.164461 1.000000
0.289174 -0.148484 0.024879 0.000000
0.019717 0.054735 -0.313999 1.000000
0.506502 -0.035949 -0.035628 0.000000
-0.097962 -0.105396 -0.047877 0.000000
0.543123 -0.151719 -0.090890 0.000000
-0.035392 0.033700 -0.013549 1.000000
0.438049 -0.031951 -0.015281 0.000000
-0.122461 0.046688 0.270348 1.000000
0.108237 0.059829 0.265713 1.000000
0.384163 0.013455 -0.039601 0.000000
0.219524 0.055270 -0.530359 1.000000
0.544447 -0.045194 -0.059745 0.000000
-0.174768 -0.098342 0.026204 0.000000
-0.706399 0.032504 -0.275035 2.000000
0.007009 0.037368 0.260110 1.000000
-0.606470 0.044549 0.241265 2.000000
-0.531778 0.031841 0.111413 2.000000
0.071744 0.049566 0.449706 1.000000
0.008741 0.026315 0.265152 1.000000
0.153694 0.087791 0.669326 1.000000
0.039173 0.084709 0.874252 1.000000
0.039453 0.045262 -0.035501 1.000000
0.308197 -0.133103 -0.050704 0.000000
0.027943 0.043887 -0.046349 1.000000
0.178065 0.087943 -0.702714 1.000000
-0.023041 0.048089 0.391006 1.000000
-0.363039 0.056824 -0.262812 1.000000
0.010600 0.061917 0.447465 1.000000
0.145622 0.077553 -0.521802 1.000000
-0.656205 0.166354 -0.274526 2.000000
0.549998 -0.034854 -0.009602 0.000000
-0.617293 0.034210 0.055617 2.000000
0.049461 0.038794 0.244321 1.000000
0.055701 0.028123 -0.140549 1.000000
0.016101 -0.096890 0.086176 0.000000
-0.029687 -0.169494 -0.049685 0.000000
0.393687 -0.206904 -0.072198 0.000000
-0.147163 0.029422 -0.281631 1.000000
-0.739403 0.086135 -0.275290 2.000000
0.102737 0.077935 0.815476 1.000000
0.009760 -0.205401 0.042400 0.000000
0.041236 0.076076 -0.784205 1.000000
0.046355 0.040143 0.270628 1.000000
0.204015 0.050559 0.016017 1.000000
-0.013160 -0.116321 0.038122 0.000000
0.038536 -0.208406 -0.034609 0.000000
0.107626 -0.149350 0.085871 0.000000
-0.588262 0.032809 0.171768 2.000000
0.169050 0.072129 0.404885 1.000000
-0.594959 -0.018480 0.262122 2.000000
-0.688038 0.037800 0.136650 2.000000
-0.586097 0.044269 -0.105456 2.000000
0.004514 0.028505 0.097178 1.000000
-0.092385 -0.034702 -0.090737 0.000000
0.047373 0.051068 0.456480 1.000000
-0.002108 0.089471 0.916882 1.000000
-0.697639 0.195512 -0.264620 2.000000
-0.209860 0.051017 0.244296 1.000000
0.289836 -0.201403 -0.079863 0.000000
0.526391 -0.153552 0.080778 0.000000
-0.659592 -0.052120 0.260798 2.000000
-0.022022 0.049770 -0.425591 1.000000
0.164568 0.092782 0.746081 1.000000
0.092245 0.066119 0.670421 1.000000
0.145163 -0.132746 -0.036851 0.000000
0.135893 0.068716 -0.734597 1.000000
-0.230946 0.054303 0.245671 1.000000
0.314513 -0.101270 0.089029 0.000000
0.394247 -0.057952 -0.098861 0.000000
0.594208 -0.192133 0.020525 0.000000
0.542919 -0.201785 -0.048972 0.000000
0.511774 -0.186556 -0.085618 0.000000
0.230449 -0.221521 -0.007004 0.000000
-0.076596 -0.170309 -0.037207 0.000000
0.038842 0.083461 -0.871554 1.000000
0.027255 -0.120191 -0.050526 0.000000
0.380547 -0.089607 0.089054 0.000000
0.037849 0.026417 0.060456 1.000000
0.140070 -0.148128 -0.053684 0.000000
0.044470 0.089955 -0.950117 1.000000
0.154484 0.055117 -0.279441 1.000000
0.268903 -0.109572 -0.066238 0.000000
-0.644949 0.035432 -0.047444 2.000000
-0.034424 0.032172 0.148416 1.000000
-0.657555 0.035992 0.034531 2.000000
-0.009518 0.050432 0.048283 0.000000
0.145112 0.066068 -0.333200 1.000000
0.200246 0.029117 -0.274933 1.000000
-0.251115 0.006222 0.032748 0.000000
-0.017107 -0.017843 0.080039 0.000000
0.099579 -0.147873 -0.055721 0.000000
0.633094 -0.157016 -0.004076 0.000000
-0.331716 0.046383 -0.283439 1.000000
0.351363 -0.148382 -0.026231 0.000000
0.129349 0.023463 -0.103164 1.000000
0.171393 0.094794 -0.803687 1.000000
-0.596436 0.015339 -0.264314 2.000000
-0.122410 0.031918 -0.259170 1.000000
0.005863 0.046561 -0.060076 0.000000
0.036372 0.064107 0.619743 1.000000
0.149874 -0.181056 -0.082002 1.000000
0.163957 0.104114 -0.954930 1.000000
0.151708 0.102510 -0.939574 1.000000
-0.535369 0.031332 -0.081951 2.000000
0.103832 -0.148179 0.052510 0.000000
-0.251447 0.033089 -0.283745 1.000000
0.211732 0.062299 -0.340891 1.000000
0.033902 -0.212328 0.084903 0.000000
-0.199088 -0.050109 0.054853 0.000000
0.404103 -0.022147 -0.081773 0.000000
0.168796 -0.209501 -0.056027 0.000000
0.032985 0.040729 0.243455 1.000000
0.008257 0.039303 0.289142 1.000000
-0.693488 0.199918 0.251554 2.000000
0.217207 -0.209629 -0.059515 0.000000
0.066829 0.053131 -0.192601 1.000000
-0.546472 0.031510 0.053402 2.000000
-0.547643 0.043734 0.144214 2.000000
0.126446 0.084684 0.899590 1.000000
0.194338 0.063292 0.308139 1.000000
0.138746 0.067112 -0.357444 1.000000
0.262868 -0.084870 -0.099752 0.000000
0.013223 0.025653 0.003182 1.000000
0.156343 0.072689 0.417924 1.000000
-0.620833 0.042283 -0.264722 1.000000
0.180714 0.079718 -0.568584 1.000000
-0.043159 0.033268 -0.038022 1.000000
0.257061 -0.220401 0.009014 0.000000
-0.592795 0.033013 -0.232609 2.000000
-0.064347 0.035458 -0.179181 1.000000
0.114273 0.060363 -0.262888 1.000000
-0.645739 0.096067 -0.261793 2.000000
0.453074 -0.055711 -0.084218 0.000000
-0.097478 0.066985 -0.265511 1.000000
0.143890 0.027589 -0.202915 1.000000
-0.548535 0.043760 0.102093 2.000000
0.075182 0.057078 0.041432 0.000000
-0.115763 -0.145683 0.047162 0.000000
0.155248 0.042792 0.405700 1.000000
0.621813 -0.171098 -0.046731 0.000000
0.158125 0.099530 0.868344 1.000000
0.489465 -0.188517 0.075786 0.000000
-0.559714 0.031765 -0.092443 2.000000
0.179542 0.072944 0.774297 1.000000
-0.593610 0.044371 0.202328 2.000000
0.356914 -0.148128 -0.100796 0.000000
0.182115 0.039736 0.254406 1.000000
-0.004883 0.033089 -0.076934 0.000000
-0.033838 -0.149096 -0.090660 0.000000
0.109103 0.101568 0.948103 1.000000
-0.684498 0.038182 -0.182390 2.000000
0.201571 0.062859 0.316034 1.000000
-0.202857 0.020891 0.027452 0.000000
0.094638 -0.044277 -0.097638 0.000000
-0.337293 0.038997 -0.283923 1.000000
0.353705 -0.185385 -0.093538 0.000000
0.139586 0.055881 0.132652 1.000000
-0.421891 0.021680 0.263497 1.000000
0.252223 -0.031467 -0.096696 0.000000
0.173685 0.048165 -0.492771 1.000000
0.155757 0.078190 -0.847718 1.000000
0.137931 0.026112 -0.166779 1.000000
-0.445193 0.045109 0.245976 1.000000
0.597365 -0.092332 -0.084549 0.000000
0.056847 0.052494 0.181063 1.000000
-0.678972 -0.011731 0.261511 2.000000
-0.190837 -0.054311 -0.070415 0.000000
0.111013 0.098512 -0.908760 1.000000
0.625913 -0.069387 0.017953 0.000000
0.185884 0.082315 0.609455 1.000000
0.492369 -0.173670 0.082535 0.000000
0.164543 0.083283 -0.906265 1.000000
0.530135 -0.180801 -0.005349 0.000000
0.242571 -0.216708 -0.042224 0.000000
-0.576700 0.044142 0.170979 2.000000
0.178498 -0.148077 0.008276 0.000000
0.227852 0.028684 -0.183867 1.000000
0.638697 -0.109470 -0.068454 0.000000
-0.155006 0.043887 -0.045713 0.000000
0.170018 0.060491 -0.274781 1.000000
0.056134 0.069429 -0.483960 1.000000
-0.723436 0.187822 -0.263066 2.000000
-0.221269 0.008667 0.028165 0.000000
0.070853 0.057893 0.555263 1.000000
0.426997 -0.105599 0.087297 0.000000
-0.524138 0.034974 0.057221 2.000000
-0.578788 0.044167 0.137414 2.000000
-0.028898 -0.105396 0.067051 0.000000
0.033800 -0.238584 0.109936 0.000000
-0.729268 -0.037758 -0.268032 2.000000
0.324190 -0.041985 -0.099217 0.000000
0.076048 0.051883 0.141769 1.000000
-0.736526 0.148374 0.250000 2.000000
0.232385 0.054073 0.000890 0.000000
0.012841 -0.252132 -0.144878 0.000000
-0.707112 -0.041756 -0.266657 2.000000
0.202971 0.100804 -0.953326 1.000000
0.032985 0.069608 0.688985 1.000000
-0.668506 0.060440 0.264821 2.000000
-0.072369 -0.148306 -0.112485 0.000000
0.109969 -0.112068 0.050728 0.000000
0.040294 0.040933 0.323954 1.000000
0.185349 -0.007682 0.235128 1.000000
0.206995 0.096245 0.899769 1.000000
-0.670645 0.039660 0.008326 2.000000
0.072177 0.058606 -0.290009 1.000000
0.096141 0.060389 -0.612334 1.000000
0.166682 0.026901 -0.208874 1.000000
0.348128 -0.148408 0.018029 0.000000
0.109638 0.093138 -0.821641 1.000000
-0.470583 0.034923 0.268769 1.000000
0.133474 0.051399 -0.000867 1.000000
0.026618 0.043581 -0.365262 1.000000
-0.602828 0.033497 0.050549 2.000000
0.013962 0.073504 -0.643785 1.000000
-0.586326 0.044269 -0.222753 2.000000
0.120537 -0.152126 -0.097562 0.000000
-0.022226 0.020534 -0.270426 1.000000
-0.657530 0.052240 -0.278117 2.000000
0.147710 0.012411 0.073927 0.000000
0.131870 0.070015 0.401065 1.000000
0.053129 0.085499 0.747787 1.000000
-0.608838 0.039634 -0.268465 2.000000
0.233887 -0.160250 0.086253 0.000000
0.075870 0.078062 0.805035 1.000000
-0.013669 0.048853 -0.295077 1.000000
0.186215 0.075643 -0.812091 1.000000
0.212292 0.033828 -0.280740 1.000000
0.273105 -0.045881 -0.046069 0.000000
0.630853 -0.076874 0.014031 0.000000
0.045641 0.025959 0.261536 1.000000
-0.222135 -0.030321 -0.024550 0.000000
0.112770 0.050177 0.007537 1.000000
-0.044279 0.071518 -0.269331 1.000000
0.430002 -0.100990 0.012630 0.000000
0.178575 0.066221 0.700700 1.000000
-0.034246 0.057766 -0.523610 1.000000
0.174678 -0.148077 -0.027275 0.000000
0.392847 0.009966 0.024650 0.000000
0.353425 -0.173263 0.086839 0.000000
-0.395763 0.046586 0.268845 1.000000
-0.014382 0.067239 -0.602683 1.000000
0.209949 0.050839 0.061449 1.000000
-0.090526 0.073046 0.009243 0.000000
0.661795 -0.175606 0.112890 0.000000
-0.248238 0.077579 0.132194 0.000000
0.191639 -0.132517 0.066720 0.000000
0.190518 0.054914 0.550781 1.000000
0.038664 0.057129 0.531121 1.000000
-0.747221 0.153544 -0.276996 2.000000
-0.005622 0.068844 -0.610017 1.000000
0.269947 -0.115608 0.067433 0.000000
0.057076 0.054990 0.231359 1.000000
-0.267618 0.037877 0.243557 1.000000
-0.125134 0.063190 -0.006546 0.000000
0.100088 0.097646 0.891772 1.000000
-0.048099 0.041824 0.248396 1.000000
0.279523 -0.081432 0.008632 0.000000
0.213438 0.057308 0.563845 1.000000
0.533165 -0.203084 -0.025976 0.000000
0.157794 0.077477 0.495214 1.000000
0.130342 0.038386 0.061882 0.000000
-0.230259 -0.032231 -0.022309 0.000000
0.485926 -0.212175 -0.032063 0.000000
-0.005596 0.043963 0.165962 1.000000
0.231366 0.028480 0.151421 1.000000
-0.246965 -0.044532 -0.043217 0.000000
0.020787 0.046968 -0.406466 1.000000
0.470086 -0.186276 -0.090864 0.000000
0.202335 0.054353 -0.159495 1.000000
0.289200 -0.134962 -0.059643 0.000000
-0.222110 0.001766 -0.026409 0.000000
0.122320 0.061127 0.262861 1.000000
-0.572829 0.032071 -0.074362 2.000000
-0.053906 0.034082 0.105378 1.000000
0.293274 -0.140310 -0.100312 0.000000
0.174627 0.088860 0.698281 1.000000
-0.232653 0.050534 -0.258024 1.000000
-0.644898 -0.044914 -0.275112 2.000000
0.233123 0.043123 0.201385 1.000000
-0.210981 -0.070685 0.007537 0.000000
0.471741 -0.069488 -0.093131 0.000000
0.052288 -0.163891 0.059946 0.000000
0.168032 0.104420 0.953502 1.000000
0.217691 0.055499 -0.549968 1.000000
0.201494 0.087791 0.730062 1.000000
-0.031139 -0.202523 0.053351 0.000000
-0.272329 0.051323 -0.258380 1.000000
-0.047565 0.055041 0.464196 1.000000
0.046813 0.074956 0.759399 1.000000
0.176614 -0.177516 0.079352 0.000000
0.144094 0.069098 -0.742797 1.000000
-0.062641 0.031867 0.073469 1.000000
0.092295 0.043810 0.386830 1.000000
0.372296 -0.088359 -0.100923 0.000000
0.133780 0.077146 -0.830681 1.000000
-0.046342 0.048369 -0.283847 1.000000
0.679214 -0.090676 0.001476 0.000000
0.064206 0.029218 0.155215 1.000000
0.260499 -0.061263 0.005220 0.000000
-0.641359 0.042792 -0.052181 2.000000
0.240687 0.030492 -0.044974 1.000000
0.134926 0.020713 -0.021494 1.000000
0.066193 -0.243702 0.149358 2.000000
0.035226 0.059752 0.350133 1.000000
-0.000121 0.080151 -0.819654 1.000000
-0.565520 0.031867 0.090633 2.000000
-0.608405 0.117229 0.254686 2.000000
0.545465 -0.055024 -0.073394 0.000000
0.056312 0.047248 0.270093 1.000000
-0.046520 0.035967 -0.133978 1.000000
-0.023168 0.055372 0.484747 1.000000
0.643103 -0.125310 0.006544 0.000000
-0.582659 0.032529 0.100743 2.000000
-0.546319 0.051960 0.252114 1.000000
-0.066078 0.031510 -0.126644 1.000000
-0.099032 -0.161447 -0.033642 0.000000
0.369825 -0.134605 -0.018566 0.000000
0.010294 0.065380 0.626466 1.000000
-0.181797 0.065813 0.263166 1.000000
0.215730 0.026188 0.140012 1.000000
-0.390848 0.020560 -0.265995 1.000000
-0.038881 0.061815 -0.567132 1.000000
-0.244469 -0.092663 -0.083555 0.000000
0.137600 0.064107 0.252114 1.000000
-0.022735 0.037291 -0.073929 1.000000
-0.542448 0.036680 0.261180 2.000000
0.341558 -0.184799 0.081745 0.000000
0.292790 -0.222795 -0.011919 0.000000
0.310413 -0.133103 -0.035781 0.000000
0.061023 0.061790 -0.355687 1.000000
-0.750889 0.166837 -0.276920 2.000000
0.093085 0.004414 0.076728 0.000000
0.530160 -0.088945 0.080039 0.000000
0.243819 0.038539 0.049709 0.000000
0.105105 -0.085176 -0.077545 0.000000
0.034105 0.074064 0.744349 1.000000
0.057458 0.051654 -0.258253 1.000000
0.009505 0.084404 0.822836 1.000000
0.208166 0.028811 0.198126 1.000000
0.119748 0.062044 -0.294186 1.000000
-0.246888 -0.048148 -0.032292 0.000000
0.158660 0.000162 0.080217 0.000000
-0.115992 -0.135497 -0.078157 0.000000
0.085980 0.098690 0.974410 1.000000
-0.760999 0.102332 -0.266784 2.000000
0.071439 0.051985 0.150071 1.000000
0.209847 0.077579 0.808880 1.000000
-0.005240 0.028123 -0.084650 1.000000
-0.589866 0.032886 -0.006750 2.000000
-0.098344 0.020433 -0.073853 0.000000
0.057279 0.064973 -0.263525 1.000000
-0.070764 0.033751 0.269176 1.000000
0.059622 0.052112 -0.181447 1.000000
-0.028490 0.071187 -0.699148 1.000000
-0.014866 -0.106975 0.038096 0.000000
0.168999 0.054786 -0.045993 1.000000
0.169687 0.086339 0.646508 1.000000
-0.389677 0.030517 0.245747 1.000000
0.067822 0.027334 -0.135048 1.000000
0.043502 0.070142 0.699452 1.000000
-0.179123 0.021069 0.262046 1.000000
-0.604356 0.038488 0.265458 1.000000
-0.572702 0.032071 -0.113300 2.000000
0.263173 -0.234484 -0.006266 0.000000
-0.654652 0.041366 -0.179334 2.000000
0.076608 -0.043819 -0.097511 0.000000
0.232512 0.039150 -0.228432 1.000000
0.119315 0.023412 0.076397 1.000000
-0.070662 0.053997 -0.003210 0.000000
0.164212 0.050966 -0.526081 1.000000
-0.162519 0.045720 -0.011588 0.000000
0.020405 0.090363 0.937688 1.000000
-0.031674 0.042741 0.222471 1.000000
0.211324 0.075669 0.548998 1.000000
-0.201304 -0.014991 -0.066009 0.000000
-0.037149 0.047274 -0.324643 1.000000
-0.678819 0.164087 0.264618 2.000000
0.234855 0.043021 0.055362 1.000000
0.045998 -0.278718 -0.168078 0.000000
-0.685619 0.037240 0.211572 2.000000
0.111268 0.059396 -0.038302 0.000000
0.125605 0.042359 -0.068963 0.000000
0.266357 -0.069616 -0.000714 0.000000
0.037390 0.078394 0.798668 1.000000
0.457989 -0.082425 -0.088649 0.000000
0.193931 0.020152 -0.038684 1.000000
-0.188010 0.066017 -0.265129 1.000000
0.478973 -0.215689 -0.005705 0.000000
0.258819 -0.051433 -0.044541 0.000000
-0.150270 -0.121185 -0.041078 0.000000
0.037110 0.053666 -0.249136 1.000000
0.020405 0.079259 -0.816140 1.000000
0.063213 0.054939 0.513880 1.000000
0.660343 -0.101652 0.034913 0.000000
-0.525029 0.034617 -0.155650 2.000000
0.154051 0.077298 -0.508229 1.000000
0.078213 0.051323 0.126005 1.000000
0.071923 0.076789 -0.586359 1.000000
-0.309560 0.042104 -0.283999 1.000000
0.130546 -0.089479 -0.098631 0.000000
-0.677648 0.015747 -0.275570 2.000000
-0.253382 -0.009312 0.006569 0.000000
-0.705712 0.090439 0.249949 2.000000
0.508514 -0.284117 -0.003923 0.000000
0.102737 0.054634 0.530230 1.000000
-0.600129 0.033369 -0.110677 2.000000
0.464865 -0.144639 -0.097638 0.000000
-0.482475 0.034133 -0.259348 1.000000
0.085903 0.072765 -0.507898 1.000000
-0.541098 0.021553 -0.273660 1.000000
0.197547 0.055423 0.024650 0.000000
0.111115 0.093826 -0.831802 1.000000
0.420121 -0.070074 0.009574 0.000000
0.179568 0.094641 0.799789 1.000000
0.172386 0.078877 0.525264 1.000000
0.179542 -0.148077 0.068554 0.000000
-0.605757 0.044549 0.254228 2.000000
0.234015 0.051756 -0.026231 0.000000
-0.776125 0.130497 0.253591 2.000000
0.107677 -0.099386 0.051644 0.000000
0.081778 0.036680 0.290466 1.000000
0.034207 0.075057 -0.626061 1.000000
-0.655900 0.041238 0.017749 2.000000
0.038409 0.074395 -0.762457 1.000000
0.193447 0.101568 0.969113 1.000000
0.115240 0.078470 -0.569882 1.000000
0.644198 -0.112501 -0.054066 0.000000
0.079104 0.025118 -0.091654 1.000000
0.002120 0.033115 -0.201591 1.000000
0.204601 0.025755 -0.157560 1.000000
0.087584 0.056976 -0.242311 1.000000
-0.128700 0.032809 0.050677 0.000000
0.193549 0.096042 0.847156 1.000000
0.187335 0.025882 0.068121 0.000000
-0.572371 0.032045 -0.258992 2.000000
-0.051792 0.036884 0.158577 1.000000
0.113891 -0.132874 -0.032827 0.000000
-0.688955 0.099530 0.248956 2.000000
-0.562465 0.031816 -0.111594 2.000000
0.092295 -0.100863 0.059131 0.000000
0.171572 -0.145148 -0.006546 0.000000
