0.140446 -0.079240 -0.243734 1.000000
0.009708 -0.115174 0.036272 0.000000
-0.054694 -0.053832 0.586836 1.000000
0.137117 -0.081860 -0.176419 1.000000
0.032669 -0.068666 0.211413 1.000000
-0.586654 0.276306 0.022638 2.000000
-0.127835 -0.053856 0.702838 1.000000
0.098246 -0.080171 -0.192428 1.000000
-0.359301 0.104371 -0.002208 2.000000
-0.184893 0.045598 0.071814 0.000000
0.852272 -0.035180 0.081385 0.000000
0.212119 -0.091602 -0.062595 0.000000
-0.074619 -0.062644 0.575331 1.000000
-0.133783 -0.105799 -0.002281 0.000000
-0.329584 -0.007862 0.144759 3.000000
-0.316635 0.147868 -0.005292 2.000000
0.078272 -0.073145 -0.369087 1.000000
0.234614 -0.085727 0.165615 1.000000
-0.117554 -0.053612 -0.686031 1.000000
-0.020400 -0.064529 -0.542026 1.000000
0.677767 0.066478 0.053774 0.000000
0.489065 0.050323 -0.054248 0.000000
0.192952 0.031254 -0.067589 0.000000
0.166516 -0.053905 0.278533 1.000000
0.690300 -0.077723 0.070811 0.000000
-0.184551 0.128237 -0.015255 2.000000
0.570088 -0.080758 0.067310 0.000000
0.152294 -0.060000 -0.057724 1.000000
-0.177966 0.030740 -0.062767 0.000000
0.127718 -0.113436 -0.113339 3.000000
0.034945 -0.084772 0.067898 1.000000
-0.243005 0.041878 0.066674 0.000000
0.381581 0.071252 -0.024703 0.000000
0.539368 0.052232 -0.052192 0.000000
-0.020473 -0.089839 -0.069376 0.000000
0.151731 0.056614 -0.047492 0.000000
0.001728 0.070224 0.047263 0.000000
-0.256370 -0.008303 0.101433 3.000000
0.319847 -0.081590 -0.104282 1.000000
0.307951 -0.052975 -0.100537 1.000000
0.423586 0.078277 0.014168 0.000000
-0.594218 0.259587 -0.053294 2.000000
-0.135301 0.031744 0.139888 3.000000
0.979143 -0.063770 -0.005194 0.000000
-0.731076 0.257898 -0.126190 2.000000
-0.654410 0.283184 0.014242 2.000000
-0.329804 0.014731 -0.050577 0.000000
0.731448 -0.099533 -0.018633 0.000000
-0.700551 0.259195 -0.074394 2.000000
0.054748 -0.076646 -0.252889 1.000000
0.634686 -0.021619 0.095362 0.000000
-0.114812 0.072818 0.039870 0.000000
0.026329 -0.076597 0.255450 1.000000
-0.154271 -0.103156 0.023959 0.000000
0.148255 -0.087563 0.086966 0.000000
0.627073 -0.099264 0.039772 0.000000
0.226610 -0.050332 -0.156029 1.000000
-0.275096 -0.027763 0.138297 3.000000
0.272922 -0.091504 -0.003334 1.000000
0.068946 -0.062693 0.228744 1.000000
0.314731 -0.087147 0.115997 1.000000
0.103068 -0.053587 0.348810 1.000000
0.104831 -0.158550 0.120746 0.000000
-0.709975 0.235794 0.002517 2.000000
0.078149 -0.071628 -0.403234 1.000000
0.094990 0.070272 -0.027298 0.000000
0.222179 -0.073929 0.244630 1.000000
-0.231035 0.028782 -0.057161 0.000000
0.520397 -0.063256 -0.063354 0.000000
-0.717906 0.257555 -0.023724 2.000000
0.839886 0.027142 -0.054885 0.000000
0.130606 -0.076499 -0.312298 1.000000
0.721436 0.031156 0.085081 0.000000
0.173467 -0.055521 0.102388 1.000000
-0.002825 -0.057039 0.416932 1.000000
-0.028943 -0.076964 0.090271 0.000000
-0.235172 -0.006736 0.101360 3.000000
0.051688 -0.084479 0.093110 1.000000
-0.046959 -0.062497 -0.399562 1.000000
-0.330098 -0.068837 0.041388 0.000000
-0.006545 -0.077135 -0.199698 1.000000
-0.301801 0.067727 -0.018780 2.000000
-0.410729 -0.044261 -0.025193 0.000000
-0.630641 0.253002 0.026114 2.000000
0.662860 -0.099949 -0.018388 0.000000
-0.303833 0.027778 0.124810 3.000000
-0.006300 0.053652 -0.050675 0.000000
-0.160562 -0.006736 -0.142027 3.000000
0.476557 -0.101613 -0.013247 0.000000
0.515844 0.018085 0.093086 0.000000
-0.354038 -0.060196 0.044081 0.000000
0.897582 -0.085238 -0.023847 0.000000
0.827745 -0.005243 -0.066341 0.000000
-0.002262 -0.115639 0.026603 0.000000
0.215423 0.038989 -0.063085 0.000000
0.286336 -0.091871 0.035513 1.000000
-0.069332 -0.060515 -0.452068 1.000000
0.798837 -0.032756 -0.069033 0.000000
-0.300798 -0.015377 0.150194 3.000000
-0.433567 -0.018388 -0.033320 0.000000
-0.253824 -0.008914 0.082169 0.000000
-0.210033 -0.056574 -0.734008 1.000000
-0.580486 0.002933 0.027754 0.000000
0.561912 -0.096057 -0.026931 0.000000
-0.039664 -0.053979 -0.532357 1.000000
-0.635880 0.252929 -0.094368 2.000000
0.641075 0.047948 -0.056819 0.000000
-0.354209 0.035073 0.052550 0.000000
-0.217229 0.146228 -0.009576 2.000000
0.033575 -0.074418 -0.299740 1.000000
0.211115 -0.109055 0.073161 0.000000
-0.521297 0.086453 -0.001645 2.000000
-0.062600 0.056467 -0.047639 0.000000
-0.527172 -0.031851 0.023470 0.000000
0.145024 -0.084993 -0.111601 1.000000
0.108747 0.022516 -0.072118 0.000000
0.125931 -0.067931 -0.362453 1.000000
0.168449 -0.075422 -0.285053 1.000000
-0.331126 0.136021 -0.009527 2.000000
-0.470505 -0.014814 -0.027004 0.000000
0.007872 -0.053612 0.519251 1.000000
-0.503551 0.200815 0.024767 2.000000
0.367433 -0.065337 0.082022 0.000000
0.121280 -0.087220 -0.020150 1.000000
0.168156 -0.081811 0.218267 1.000000
-0.067471 -0.053587 -0.606844 1.000000
0.132932 -0.053587 0.303182 1.000000
-0.213313 -0.038484 -0.064480 0.000000
0.143041 -0.080048 0.245610 1.000000
0.173076 -0.053489 0.161747 1.000000
-0.109770 -0.060686 0.616479 1.000000
0.224333 -0.113192 -0.030407 0.000000
0.167837 -0.055962 -0.273891 1.000000
0.587345 -0.089325 -0.037187 0.000000
-0.092390 -0.108786 -0.010212 0.000000
0.986462 -0.023993 -0.021790 0.000000
-0.165017 -0.005463 -0.072411 0.000000
0.114597 -0.054199 -0.282948 1.000000
0.126690 -0.063697 0.035415 1.000000
0.033623 -0.085703 -0.218081 1.000000
-0.226286 0.149043 0.012430 2.000000
0.729172 -0.034225 0.092082 0.000000
-0.725641 0.253002 -0.131037 2.000000
0.369415 -0.060808 0.021022 1.000000
-0.527858 0.199909 -0.004778 2.000000
-0.559728 0.282572 0.002370 2.000000
-0.122817 0.110123 -0.011754 2.000000
0.123189 -0.087269 -0.003260 1.000000
-0.016165 -0.069841 0.298556 1.000000
0.264624 -0.087392 -0.126998 1.000000
0.502944 -0.104061 0.024669 0.000000
-0.070996 -0.066903 0.461752 1.000000
0.323984 0.032625 0.086648 0.000000
-0.611695 0.254495 0.094114 2.000000
-0.042259 -0.108712 -0.042988 0.000000
-0.329633 0.144050 0.025942 2.000000
-0.001087 -0.066708 0.513744 1.000000
-0.636125 0.261937 0.067139 2.000000
0.460181 -0.072754 -0.057039 0.000000
-0.128373 -0.080415 -0.052559 0.000000
0.193197 -0.052119 -0.128148 1.000000
-0.278253 0.125348 0.033922 2.000000
0.315539 -0.092703 -0.014324 1.000000
0.838197 -0.158574 0.016910 3.000000
0.819007 -0.075593 0.069440 0.000000
-0.113001 -0.102837 -0.025878 0.000000
-0.486857 0.003839 -0.023798 0.000000
-0.394182 0.051375 0.018158 2.000000
-0.348824 -0.013370 0.069048 0.000000
-0.103038 -0.061616 -0.573235 1.000000
-0.271497 0.018379 -0.092043 0.000000
-0.500540 0.023495 0.025502 0.000000
0.223379 -0.063574 -0.230467 1.000000
-0.384415 0.093233 0.001733 2.000000
0.031518 -0.084675 0.054729 1.000000
-0.618158 0.252513 0.064716 2.000000
0.106299 -0.053685 0.088704 0.000000
0.096851 -0.036991 0.093575 0.000000
-0.512461 0.084641 0.022344 2.000000
-0.471974 -0.046831 0.016396 0.000000
0.139149 -0.060955 -0.072729 1.000000
0.341094 0.051914 -0.052535 0.000000
0.547323 -0.098040 -0.022574 0.000000
0.352672 -0.054713 0.018305 1.000000
0.857927 -0.096179 -0.016821 0.000000
-0.137724 -0.004362 0.106378 3.000000
0.154962 -0.030137 -0.074933 0.000000
0.400748 -0.086535 -0.047860 0.000000
0.250721 -0.088493 0.121872 1.000000
-0.001674 -0.106264 0.080161 0.000000
0.295467 0.037643 -0.063844 0.000000
-0.129475 0.023201 -0.139971 3.000000
-0.356118 0.080406 0.032821 2.000000
-0.161517 0.004769 0.164097 3.000000
-0.061279 -0.056378 -0.497059 1.000000
0.636938 0.059331 -0.044580 0.000000
0.697399 0.076294 -0.006075 0.000000
0.321144 -0.037554 0.093453 0.000000
0.080915 -0.062987 -0.175171 1.000000
0.830781 -0.103547 0.014315 0.000000
-0.749043 0.256870 -0.224396 2.000000
0.080328 -0.070428 -0.048349 1.000000
0.072691 0.054337 0.069807 0.000000
-0.676049 0.260321 0.120159 2.000000
0.232925 -0.066830 -0.221067 1.000000
-0.314261 -0.012807 0.115067 3.000000
0.073033 -0.055472 0.343327 1.000000
-0.747158 0.252953 -0.164474 2.000000
0.300289 -0.030896 -0.074810 0.000000
-0.283002 0.001782 0.103954 0.000000
-0.138874 -0.056892 0.720217 1.000000
-0.015382 -0.053832 0.567008 1.000000
-0.573216 0.144172 0.018599 2.000000
0.844807 -0.103816 0.009346 0.000000
0.314511 -0.086951 -0.059585 0.000000
-0.815109 0.253174 0.249012 2.000000
0.737494 0.069807 0.039650 0.000000
0.098442 -0.067809 -0.021399 1.000000
0.694510 0.045207 0.078693 0.000000
-0.582885 0.212319 -0.002967 2.000000
-0.582566 0.078913 0.007069 2.000000
0.007163 -0.073121 0.337134 1.000000
-0.240973 0.115851 0.034289 2.000000
0.171167 -0.047052 0.091740 0.000000
0.027700 -0.084552 -0.000715 1.000000
0.192756 -0.088909 -0.065851 1.000000
-0.129622 -0.017922 -0.098750 3.000000
-0.760180 0.245561 0.016812 2.000000
-0.595344 0.187792 0.020190 2.000000
0.026035 -0.072191 -0.148612 1.000000
-0.026103 -0.072068 0.342445 1.000000
0.220906 -0.048667 0.091446 0.000000
0.114475 -0.073953 -0.350214 1.000000
0.107743 -0.056647 0.247347 1.000000
-0.340942 -0.043992 -0.043062 0.000000
0.103582 -0.085629 0.098961 1.000000
0.149112 -0.110695 0.071961 0.000000
-0.561123 0.266514 -0.002795 2.000000
-0.514443 0.137490 -0.002306 2.000000
-0.133685 -0.023406 -0.119874 3.000000
0.029682 -0.081908 -0.111185 1.000000
0.402069 0.075560 0.031695 0.000000
0.250353 -0.086780 0.151931 1.000000
-0.014696 -0.072068 0.263552 1.000000
-0.207658 0.003104 -0.071432 0.000000
0.098662 -0.069474 -0.396723 1.000000
-0.219408 -0.066120 -0.049573 0.000000
-0.105217 -0.065508 0.469756 1.000000
-0.417485 0.082854 -0.012954 2.000000
0.069166 -0.075691 0.309693 1.000000
-0.311372 -0.002403 -0.055668 0.000000
-0.408967 0.104003 0.030887 2.000000
0.337129 0.057079 -0.047003 0.000000
-0.266895 0.131419 -0.012684 2.000000
0.301072 -0.047052 -0.034592 1.000000
-0.209763 0.025918 0.109780 3.000000
-0.140563 0.001440 -0.134635 3.000000
-0.016679 -0.073978 -0.216808 1.000000
0.063218 -0.066218 -0.162099 1.000000
0.156161 -0.056231 -0.112825 1.000000
-0.194856 -0.020689 0.088876 0.000000
0.326897 0.076882 -0.006736 0.000000
-0.160219 -0.021178 -0.092802 3.000000
-0.697345 0.259465 -0.082325 2.000000
0.767309 -0.099802 0.037422 0.000000
0.454918 0.047630 -0.057137 0.000000
-0.245232 0.117491 -0.019881 2.000000
-0.398074 0.133842 -0.007397 2.000000
0.169429 -0.056623 0.296304 1.000000
0.107572 -0.073904 0.376617 1.000000
0.102603 -0.113265 0.184463 1.000000
-0.277323 0.141945 0.006311 2.000000
-0.766863 0.252684 -0.218962 2.000000
-0.169986 -0.057920 0.677576 1.000000
-0.022995 0.071790 0.042955 0.000000
0.547617 0.034387 0.085620 0.000000
-0.469281 0.014120 -0.023088 0.000000
0.410025 -0.004215 0.095362 0.000000
-0.634338 0.262084 -0.027665 2.000000
0.936747 0.029198 0.023935 0.000000
-0.198944 0.002762 0.087896 0.000000
-0.246481 -0.027542 0.116952 3.000000
-0.517258 -0.000249 -0.018608 0.000000
-0.410117 0.062439 -0.013541 2.000000
0.342955 0.077885 0.017644 0.000000
-0.587168 0.101605 0.004622 2.000000
0.822189 0.069293 0.012332 0.000000
-0.199164 -0.075373 -0.042695 0.000000
0.318941 -0.048226 0.082536 1.000000
-0.023484 -0.093193 -0.133925 1.000000
0.099299 -0.065312 -0.092288 1.000000
0.248836 -0.087808 0.132863 1.000000
-0.317320 0.006531 -0.089179 3.000000
-0.560022 -0.008254 0.004083 3.000000
-0.112267 0.148725 0.016543 2.000000
0.373944 -0.074394 -0.059022 1.000000
0.289519 -0.068715 0.174892 1.000000
0.277598 0.077053 -0.005072 0.000000
0.234467 0.004451 -0.074810 0.000000
0.008558 -0.076352 -0.229928 1.000000
0.218018 -0.051017 -0.086755 1.000000
0.143898 -0.136984 -0.144377 3.000000
-0.159118 0.051669 0.069342 0.000000
0.082041 0.068437 -0.030480 0.000000
0.302174 -0.092336 0.055830 1.000000
-0.081987 -0.099827 0.064373 0.000000
-0.752543 0.254226 -0.032854 2.000000
-0.813714 0.253639 -0.199722 2.000000
0.344399 -0.085384 0.092474 1.000000
-0.117505 0.021267 -0.089154 3.000000
-0.114102 0.076196 -0.009992 0.000000
-0.571257 0.014903 0.018452 0.000000
-0.329070 0.088974 -0.012538 2.000000
-0.689732 0.259856 0.104077 2.000000
-0.041011 -0.006711 0.095362 0.000000
-0.214732 -0.023430 0.152690 3.000000
-0.044462 -0.067687 -0.433587 1.000000
-0.135350 0.004206 -0.108174 3.000000
0.177482 -0.082520 0.207252 1.000000
-0.511775 0.248865 -0.000641 2.000000
-0.500760 0.111861 -0.005708 2.000000
0.838467 -0.134120 0.003202 3.000000
0.131512 -0.149346 -0.101075 3.000000
0.136995 -0.131428 0.157855 0.000000
-0.683490 0.252415 -0.140118 2.000000
-0.457238 -0.039072 0.036615 0.000000
-0.364906 0.062146 0.015514 2.000000
0.079569 -0.061175 -0.210811 1.000000
0.570773 -0.034445 0.094041 0.000000
-0.045000 -0.031728 0.094530 0.000000
-0.214169 -0.081860 -0.031826 0.000000
0.485638 0.044693 0.079623 0.000000
0.136358 -0.084748 -0.111650 1.000000
0.761972 0.072524 0.027631 0.000000
0.679603 0.071619 0.043469 0.000000
-0.774573 0.256038 0.217655 2.000000
-0.301924 0.000045 0.124908 3.000000
0.965558 -0.035400 -0.029011 0.000000
0.300118 -0.089374 0.111934 1.000000
-0.758491 0.253908 -0.074981 2.000000
0.106079 -0.077674 -0.261212 1.000000
-0.372592 0.021145 -0.039023 0.000000
-0.339694 0.082977 -0.016944 2.000000
-0.125191 0.036982 -0.064236 0.000000
0.088504 -0.022451 -0.075496 0.000000
0.421138 0.077640 -0.000005 0.000000
-0.072490 -0.069082 -0.384680 1.000000
-0.009948 0.072353 -0.021374 0.000000
0.204579 0.006605 -0.074639 0.000000
0.109016 -0.063403 -0.101198 1.000000
0.364985 -0.059144 -0.051017 1.000000
0.443291 -0.105163 0.010178 0.000000
0.173810 -0.088689 -0.024287 1.000000
0.250843 -0.060833 -0.194704 1.000000
-0.003314 -0.076841 -0.209269 1.000000
-0.554637 0.049564 0.007216 2.000000
-0.045098 -0.059389 -0.429891 1.000000
0.385767 -0.110940 -0.033638 0.000000
0.931753 -0.085654 -0.009257 0.000000
-0.647262 0.140011 0.008758 2.000000
-0.452538 0.115998 0.027484 2.000000
-0.003265 -0.053661 -0.496545 1.000000
-0.751123 0.253198 0.162653 2.000000
-0.009287 -0.062620 0.365063 1.000000
0.466202 -0.088542 -0.038117 0.000000
0.097340 -0.114024 0.046235 0.000000
-0.621903 0.173766 0.002761 2.000000
0.858955 -0.110107 0.037422 0.000000
-0.040301 -0.075128 0.418695 1.000000
-0.303760 0.123513 -0.012024 2.000000
0.524093 -0.001204 -0.075251 0.000000
-0.288999 0.019652 0.118886 0.000000
0.603427 -0.047223 -0.071848 0.000000
0.050122 -0.062106 0.286978 1.000000
0.333849 -0.088616 0.094359 1.000000
0.270083 0.054680 0.069440 0.000000
0.131292 -0.060441 -0.357435 1.000000
0.083632 -0.055448 0.327636 1.000000
0.110558 -0.054811 0.297601 1.000000
-0.089771 -0.071114 -0.397017 1.000000
0.091686 -0.082202 0.156607 1.000000
0.086447 -0.083940 -0.137107 1.000000
-0.754061 0.253076 -0.159309 2.000000
0.000578 -0.057553 -0.070992 0.000000
0.363712 -0.112555 0.027019 0.000000
-0.403410 0.033800 0.041314 0.000000
-0.710783 0.252953 0.135702 2.000000
-0.647115 0.232294 -0.001057 2.000000
-0.605649 0.198293 0.020361 2.000000
-0.567830 -0.025070 -0.004044 0.000000
0.216696 -0.050772 0.120404 1.000000
0.124976 0.068167 -0.030945 0.000000
-0.591795 0.252806 -0.033246 2.000000
0.931166 -0.054713 -0.037481 0.000000
-0.639821 0.261741 -0.056060 2.000000
-0.400351 0.003006 -0.039464 0.000000
0.259435 -0.051482 -0.142590 1.000000
-0.151211 -0.060515 0.613688 1.000000
0.606291 -0.043649 0.092352 0.000000
-0.299990 -0.073464 -0.024018 0.000000
-0.081473 -0.109520 -0.012611 0.000000
0.087916 -0.069327 0.050151 1.000000
0.077244 -0.060025 -0.238373 1.000000
0.946318 -0.054371 -0.032561 0.000000
-0.112267 0.142312 0.033114 2.000000
-0.078609 0.045305 0.079280 0.000000
-0.309830 0.019456 0.137000 3.000000
0.062948 -0.104061 0.080969 0.000000
0.300828 -0.057357 -0.124941 1.000000
-0.119953 0.007388 0.162408 3.000000
0.996229 -0.065116 0.001268 0.000000
0.027896 -0.073512 -0.321257 1.000000
0.195326 -0.046807 0.091789 0.000000
0.603109 -0.078433 -0.050234 0.000000
0.110534 -0.086902 -0.048055 1.000000
0.369097 -0.027371 -0.075447 0.000000
0.439472 0.075633 -0.011632 0.000000
0.111293 -0.094123 -0.146703 1.000000
-0.123820 -0.059119 -0.634504 1.000000
0.220441 -0.051066 -0.077185 1.000000
0.201495 -0.082961 0.212050 1.000000
0.340262 -0.051531 -0.018657 1.000000
0.796071 -0.096595 0.043713 0.000000
-0.679941 0.259734 0.030299 2.000000
-0.510968 0.237459 0.022319 2.000000
0.205338 -0.113510 0.035636 0.000000
0.047111 -0.077356 -0.229977 1.000000
-0.154173 0.064838 -0.033271 0.000000
0.003466 -0.039439 0.093110 0.000000
0.202792 -0.053514 0.237556 1.000000
-0.123233 -0.032805 0.094359 0.000000
0.246437 -0.090745 0.054704 1.000000
-0.170623 -0.058311 -0.617737 1.000000
0.342465 -0.052021 -0.007446 1.000000
0.143212 -0.136446 0.160768 0.000000
-0.110284 -0.062840 -0.540165 1.000000
0.384592 0.022173 -0.072215 0.000000
-0.599163 0.146155 0.017130 2.000000
-0.110357 -0.035180 -0.074076 0.000000
-0.729484 0.257237 0.079549 2.000000
-0.049137 0.048071 -0.056672 0.000000
-0.179484 0.038328 0.134650 3.000000
-0.199507 0.119033 -0.019538 2.000000
0.211702 -0.089766 0.013507 1.000000
-0.166682 0.024572 0.087676 0.000000
-0.606090 0.011402 0.004744 0.000000
-0.460298 0.077591 0.027558 2.000000
-0.454031 0.126842 -0.006394 2.000000
0.122798 -0.083646 0.145543 1.000000
0.063683 -0.072852 -0.007373 1.000000
-0.655364 0.260615 0.115557 2.000000
-0.029800 -0.069204 0.421388 1.000000
-0.162202 -0.054909 0.702789 1.000000
0.042803 -0.070771 -0.410259 1.000000
-0.127859 0.014511 0.112497 3.000000
-0.206679 -0.056476 -0.717852 1.000000
0.353896 0.070762 -0.026123 0.000000
-0.210571 -0.023161 -0.067222 0.000000
-0.729387 0.253932 0.052697 2.000000
-0.241169 -0.047761 -0.057749 0.000000
-0.175029 0.126499 0.039503 2.000000
0.130435 -0.146041 0.121064 0.000000
-0.763827 0.252953 0.206371 2.000000
0.058958 -0.017702 -0.075496 0.000000
-0.070433 -0.002942 0.095264 0.000000
0.298771 -0.085091 -0.119311 1.000000
0.796217 -0.101173 -0.013321 0.000000
0.005718 -0.083475 0.151711 1.000000
0.356148 0.052354 0.071937 0.000000
-0.428207 -0.004337 -0.034911 0.000000
0.281220 0.065915 0.054704 0.000000
-0.038538 -0.059291 -0.421617 1.000000
-0.514003 0.060897 -0.000421 2.000000
-0.032761 -0.055692 0.622917 1.000000
-0.738786 0.257678 0.217313 2.000000
0.102774 -0.116129 0.175798 0.000000
0.845149 0.063565 -0.002428 0.000000
-0.141640 -0.022843 0.146962 3.000000
-0.103259 0.119327 -0.018584 2.000000
-0.296392 -0.064529 0.055340 0.000000
-0.705373 0.198098 0.009297 2.000000
0.126004 -0.162393 -0.152504 3.000000
-0.209396 0.106109 0.028537 2.000000
-0.146634 0.013116 -0.084259 3.000000
0.972681 -0.072998 0.026946 0.000000
-0.390021 0.065597 0.031597 2.000000
-0.647042 0.263577 -0.003040 2.000000
-0.120516 0.027607 -0.136936 3.000000
-0.498777 -0.040810 0.017057 0.000000
-0.470089 0.177095 0.024841 2.000000
-0.264227 0.001660 0.121481 0.000000
0.033207 -0.074027 0.329912 1.000000
0.051566 -0.066071 -0.191375 1.000000
-0.197671 -0.053587 -0.742233 1.000000
-0.135961 0.050054 -0.054542 0.000000
0.441332 -0.099582 -0.024140 0.000000
0.075114 -0.074271 0.354293 1.000000
-0.088351 -0.085996 0.078570 0.000000
0.221763 0.076686 0.028268 0.000000
0.997991 -0.055888 0.029834 0.000000
-0.779444 0.253639 0.151687 2.000000
0.028973 -0.068494 0.222845 1.000000
0.429975 0.043812 0.080137 0.000000
0.037246 -0.065875 -0.489936 1.000000
0.080059 -0.080709 -0.166995 1.000000
0.221518 -0.055692 -0.209709 1.000000
0.015975 -0.070722 -0.195757 1.000000
0.137876 -0.081345 -0.190151 1.000000
0.227882 -0.056500 0.087089 1.000000
0.656814 -0.000984 -0.075251 0.000000
0.168915 -0.052682 -0.182930 1.000000
-0.362287 0.146767 -0.002281 2.000000
-0.033496 -0.053783 -0.574924 1.000000
-0.339424 -0.050209 0.059722 0.000000
-0.699670 0.236039 0.018134 2.000000
0.267978 0.075144 0.032943 0.000000
-0.178970 -0.058214 -0.648236 1.000000
0.275664 0.078497 0.007632 0.000000
0.208716 -0.113755 -0.008915 0.000000
-0.182495 -0.055913 -0.671515 1.000000
0.014702 -0.079583 -0.065019 1.000000
-0.150428 -0.029207 -0.073635 0.000000
-0.151187 0.033237 0.116022 3.000000
0.821063 -0.104135 0.010766 0.000000
-0.109794 -0.055888 0.597728 1.000000
0.051150 -0.064970 -0.210395 1.000000
0.979143 -0.015768 -0.021497 0.000000
0.074086 -0.081223 0.170094 1.000000
-0.158212 -0.060906 0.602061 1.000000
0.073694 -0.085874 -0.033099 1.000000
-0.078585 0.077102 -0.004802 0.000000
0.106299 -0.053832 0.364941 1.000000
0.099813 -0.117231 0.130758 0.000000
-0.068353 -0.058287 0.494014 1.000000
-0.161345 0.112326 0.032821 2.000000
0.619656 0.074679 -0.014520 0.000000
-0.265916 0.096978 0.017840 2.000000
0.055385 -0.082692 -0.109398 1.000000
0.150066 0.024082 0.091617 0.000000
0.003344 -0.060735 0.570656 1.000000
-0.762897 0.256258 -0.154511 2.000000
0.170261 -0.088591 0.007706 1.000000
0.129798 -0.057137 0.180644 1.000000
0.621419 0.039405 0.082707 0.000000
0.179856 -0.081908 -0.203933 1.000000
-0.139462 0.003888 0.117760 3.000000
-0.273651 0.018428 0.110221 0.000000
0.609400 0.065279 -0.035963 0.000000
-0.164821 -0.056867 -0.686006 1.000000
-0.307921 -0.075006 -0.019000 0.000000
0.522918 -0.104184 0.008514 0.000000
0.131879 -0.057920 -0.142174 1.000000
0.091661 -0.144279 -0.115811 3.000000
-0.113980 0.003080 -0.088665 3.000000
-0.079784 -0.068176 -0.407200 1.000000
-0.067325 -0.057283 -0.071212 0.000000
0.202572 -0.096351 -0.062473 0.000000
-0.573925 0.060995 0.010570 2.000000
0.711425 -0.027347 -0.074174 0.000000
-0.278229 0.024278 -0.128980 3.000000
-0.203864 0.015857 -0.139775 3.000000
-0.558235 0.142924 0.000411 2.000000
-0.648633 0.148040 0.011745 2.000000
-0.144088 -0.077380 -0.494929 1.000000
-0.339131 0.014487 -0.093316 3.000000
-0.220044 0.019260 -0.098260 0.000000
0.159344 -0.079216 -0.257124 1.000000
0.424883 -0.106264 0.040042 0.000000
-0.206606 -0.028717 -0.126949 3.000000
0.214322 -0.089839 0.036664 1.000000
0.068334 -0.086853 -0.137303 1.000000
0.890140 -0.040393 -0.052510 0.000000
-0.229174 0.014144 0.159446 3.000000
-0.314971 0.097223 0.037055 2.000000
0.645554 -0.023210 -0.075496 0.000000
-0.355458 0.096293 -0.015426 2.000000
-0.693746 0.259636 0.096880 2.000000
0.579365 -0.062571 0.083613 0.000000
0.138170 -0.143667 -0.100928 3.000000
0.736344 -0.008009 -0.072950 0.000000
-0.089159 -0.059046 -0.495566 1.000000
0.019597 -0.065141 0.533155 1.000000
0.341241 0.018672 -0.073072 0.000000
-0.015700 -0.074124 0.231706 1.000000
-0.006839 -0.067271 0.493402 1.000000
-0.087984 -0.079828 0.414999 1.000000
0.194054 -0.087612 -0.089277 1.000000
0.039058 -0.076425 -0.010383 1.000000
0.305405 -0.047247 0.042392 1.000000
0.091270 -0.050430 0.090540 0.000000
0.061651 -0.064284 -0.197691 1.000000
-0.301728 0.016469 -0.098236 3.000000
0.281661 0.040531 -0.062179 0.000000
0.390760 0.058352 0.065499 0.000000
-0.481887 0.067776 0.024376 2.000000
0.101036 -0.063060 -0.126924 1.000000
-0.660799 0.252635 0.106892 2.000000
-0.498459 -0.040589 0.001807 0.000000
-0.216911 -0.017604 0.106451 3.000000
0.089728 -0.062424 -0.164009 1.000000
0.622300 -0.087832 -0.038974 0.000000
-0.434791 -0.006932 0.053603 0.000000
-0.016288 -0.079730 -0.070306 0.000000
0.223452 -0.051237 -0.062253 1.000000
-0.640482 0.252488 -0.074100 2.000000
-0.172483 -0.049769 -0.066708 0.000000
0.412252 -0.019244 -0.075496 0.000000
-0.499634 -0.019367 0.040605 0.000000
0.596500 -0.104184 -0.004191 0.000000
-0.156743 0.141602 0.028488 2.000000
0.023685 -0.060392 -0.070184 0.000000
-0.401623 0.172469 0.022295 2.000000
-0.426126 0.067311 0.032013 2.000000
-0.154957 -0.025584 -0.099974 3.000000
0.257061 -0.086339 -0.138821 1.000000
0.001214 -0.083108 0.059208 1.000000
0.130631 -0.085482 0.114871 1.000000
-0.149327 0.021683 -0.086853 3.000000
-0.020522 0.028219 -0.069351 0.000000
-0.293919 0.001562 -0.080685 3.000000
-0.106392 0.009297 -0.074443 0.000000
-0.165531 0.015515 -0.104894 0.000000
-0.044315 -0.064602 0.542090 1.000000
-0.032419 -0.064774 0.545761 1.000000
-0.149767 0.110001 -0.011681 2.000000
0.135575 -0.079975 0.242036 1.000000
0.243598 -0.103621 -0.058997 0.000000
-0.770167 0.253663 0.134821 2.000000
-0.358982 0.104738 0.035170 2.000000
0.300828 -0.061592 0.084176 0.000000
0.553369 -0.083916 0.063541 0.000000
0.271087 -0.055276 -0.151549 1.000000
-0.080371 -0.057308 0.521259 1.000000
0.068407 -0.068935 0.123782 1.000000
0.000847 -0.067271 -0.479508 1.000000
-0.086981 -0.056182 -0.538011 1.000000
-0.053519 -0.061616 -0.600382 1.000000
-0.052173 -0.086217 0.085791 0.000000
-0.599089 0.262671 0.043322 2.000000
-0.252355 -0.012953 -0.062449 0.000000
0.332821 -0.112580 0.055928 0.000000
-0.500246 0.092890 0.024351 2.000000
-0.032003 0.078448 0.007290 0.000000
-0.563669 0.087970 0.002933 2.000000
-0.328189 0.130293 0.032429 2.000000
0.306066 -0.113094 0.007241 0.000000
0.671330 -0.077600 0.071104 0.000000
0.461723 -0.098578 -0.021423 0.000000
0.188350 -0.084601 0.162653 1.000000
0.919710 0.006017 -0.040173 0.000000
-0.310148 0.153107 0.000436 2.000000
-0.062282 -0.054566 -0.639938 1.000000
-0.079490 -0.056574 -0.513435 1.000000
-0.697638 0.195552 0.008465 2.000000
0.207590 -0.113926 0.019211 0.000000
-0.375628 0.082071 0.034632 2.000000
0.014286 -0.069082 -0.226869 1.000000
-0.002262 -0.067417 -0.284613 1.000000
0.182573 -0.081223 -0.223075 1.000000
0.180444 -0.086706 0.118152 1.000000
0.125980 -0.084699 -0.107440 1.000000
0.046621 -0.063721 -0.245423 1.000000
-0.556154 -0.013957 0.032527 0.000000
0.129749 -0.080513 -0.204985 1.000000
0.302517 -0.079069 -0.060735 0.000000
-0.302413 0.025551 -0.049965 0.000000
-0.252208 0.143291 -0.005390 2.000000
-0.272060 0.027583 -0.093634 3.000000
0.224578 0.002125 -0.075006 0.000000
0.104317 -0.034347 -0.074174 0.000000
0.180909 -0.055839 -0.040173 1.000000
-0.210914 0.097076 0.038769 2.000000
0.052153 -0.057308 0.335200 1.000000
0.880912 0.046504 -0.022158 0.000000
0.427747 -0.106754 0.027974 0.000000
-0.120222 -0.061518 0.592980 1.000000
0.596133 0.045647 0.079060 0.000000
-0.281778 0.017424 -0.085287 0.000000
-0.786739 0.253296 -0.178108 2.000000
0.078761 -0.079608 -0.193627 1.000000
-0.527515 0.137318 -0.001694 2.000000
-0.325178 0.104566 0.034314 2.000000
0.068848 -0.057014 0.320709 1.000000
0.120986 -0.082790 0.162482 1.000000
0.133299 -0.053734 0.277480 1.000000
-0.348457 0.048193 0.037692 2.000000
0.099396 0.078350 0.013483 0.000000
0.340605 -0.112678 -0.009723 0.000000
0.146909 -0.087930 0.066503 1.000000
-0.177232 -0.054444 -0.714279 1.000000
0.588226 -0.031997 -0.074614 0.000000
-0.445293 0.123096 0.027068 2.000000
0.979143 -0.030920 -0.006149 0.000000
-0.510380 0.104615 -0.004288 2.000000
0.076118 -0.080293 0.194572 1.000000
0.031983 0.036321 -0.064627 0.000000
-0.103699 -0.064235 -0.490915 1.000000
0.062018 -0.073096 -0.041667 1.000000
0.277255 -0.089472 0.117907 1.000000
0.024101 0.063737 0.058474 0.000000
0.075457 -0.074296 -0.334010 1.000000
0.036806 -0.112261 -0.048202 0.000000
-0.003216 -0.068543 0.294027 1.000000
0.119983 -0.136152 0.150487 1.000000
-0.161639 0.008122 -0.085115 0.000000
0.112982 0.066552 -0.033760 0.000000
-0.023117 0.035905 -0.064872 0.000000
0.968544 -0.070771 -0.013419 0.000000
-0.760645 0.249575 0.002517 2.000000
-0.006252 -0.077429 -0.217959 1.000000
-0.121128 -0.054077 0.675422 1.000000
-0.483552 0.195895 -0.004558 2.000000
0.077464 -0.061518 -0.441665 1.000000
-0.223006 -0.045314 0.081704 0.000000
0.247441 -0.087563 -0.116643 1.000000
0.120154 -0.107660 -0.128834 1.000000
-0.094520 -0.053636 -0.669924 1.000000
-0.338910 0.044595 -0.026001 0.000000
-0.688826 0.257090 -0.166628 2.000000
-0.074913 -0.055350 0.690158 1.000000
0.341412 -0.033735 -0.074296 0.000000
0.362488 -0.064039 0.090565 1.000000
-0.028380 0.076808 -0.007373 0.000000
0.930309 0.031377 -0.011216 0.000000
-0.035478 -0.064260 0.557853 1.000000
0.087451 -0.067589 0.104615 1.000000
-0.208637 0.131150 0.034558 2.000000
0.125001 -0.087318 0.042440 1.000000
-0.155691 -0.058654 -0.641309 1.000000
-0.564036 -0.028203 0.019602 0.000000
0.381679 -0.081664 -0.056133 0.000000
0.146860 -0.059217 0.102412 1.000000
0.742439 0.038279 -0.059707 0.000000
0.387138 -0.043967 -0.072436 0.000000
0.953441 -0.004043 -0.031582 0.000000
0.164508 -0.058214 0.018280 1.000000
0.675687 0.032674 0.086624 0.000000
-0.080567 0.058694 -0.045265 0.000000
0.041873 -0.073512 -0.331146 1.000000
-0.441327 0.213984 0.004964 2.000000
-0.763632 0.254153 -0.055717 2.000000
0.502895 -0.102837 -0.009013 0.000000
0.060966 -0.085213 -0.065117 1.000000
-0.251768 0.010888 -0.081003 3.000000
0.823902 -0.163421 0.000730 3.000000
0.815433 -0.067271 0.075829 0.000000
-0.069626 -0.064284 -0.512162 1.000000
-0.399396 -0.002550 0.059942 0.000000
0.070586 -0.000837 -0.075226 0.000000
0.154228 -0.077747 0.300685 1.000000
0.063585 -0.056892 -0.452117 1.000000
0.112688 -0.117402 -0.130229 3.000000
-0.233972 0.017253 0.104052 3.000000
-0.719767 0.253198 -0.101320 2.000000
-0.441523 0.099377 -0.009918 2.000000
0.028140 0.026579 0.090173 0.000000
0.667266 0.021365 -0.072411 0.000000
0.821234 0.027631 0.078840 0.000000
-0.026789 -0.053587 0.558979 1.000000
0.232289 -0.049377 0.122827 1.000000
-0.123894 -0.004386 0.159667 3.000000
0.187102 -0.078579 0.268081 1.000000
0.257795 -0.113510 0.000118 0.000000
0.370101 0.077910 0.002394 0.000000
-0.588490 0.168528 0.000876 2.000000
0.530041 -0.057700 0.086403 0.000000
0.157826 -0.056574 -0.295040 1.000000
0.100669 -0.150105 -0.101002 3.000000
0.054552 -0.082618 0.130268 1.000000
0.127889 -0.128025 -0.120242 3.000000
-0.739814 0.252709 0.200251 2.000000
0.069190 -0.084063 0.109951 1.000000
-0.501152 0.257727 0.011794 2.000000
-0.759005 0.256503 0.174109 2.000000
-0.037559 -0.053587 -0.559797 1.000000
0.875111 0.010644 0.073503 0.000000
-0.607828 0.183509 0.000925 2.000000
-0.184673 0.065157 0.046186 0.000000
-0.235221 -0.008890 -0.081909 3.000000
-0.203742 -0.012953 0.159618 3.000000
-0.297297 0.025331 -0.094564 3.000000
0.570137 0.054166 -0.050136 0.000000
0.753454 -0.016650 0.091960 0.000000
-0.204476 0.016078 -0.075887 0.000000
0.290424 -0.046905 0.009468 1.000000
0.025374 -0.055031 0.426308 1.000000
-0.211550 0.121824 -0.015573 2.000000
0.413623 -0.082912 0.064740 0.000000
-0.166094 -0.055178 -0.677904 1.000000
0.325110 -0.070453 0.080431 0.000000
0.555817 0.071031 0.045207 0.000000
-0.088156 -0.066340 0.518199 1.000000
0.075750 -0.066463 -0.128687 1.000000
-0.502694 0.126132 0.023959 2.000000
0.720115 -0.104184 0.019137 0.000000
0.014016 -0.066977 0.517220 1.000000
-0.397829 -0.005488 -0.040369 0.000000
-0.168150 0.002639 -0.076548 0.000000
0.211017 -0.052437 0.075413 1.000000
0.106544 -0.130204 0.170878 0.000000
-0.355776 -0.036281 -0.044090 0.000000
0.089654 -0.073782 -0.358978 1.000000
-0.181809 -0.054077 -0.730385 1.000000
-0.140147 0.013508 -0.107929 3.000000
0.752255 0.045060 0.073870 0.000000
-0.266014 0.052036 -0.031826 0.000000
0.012499 -0.080268 0.035880 1.000000
-0.534809 -0.003089 0.035538 0.000000
0.571067 0.061730 0.061852 0.000000
-0.568344 -0.005610 -0.008376 0.000000
-0.035625 -0.071701 0.345676 1.000000
0.061871 0.060236 -0.043576 0.000000
-0.228832 0.130929 -0.014765 2.000000
-0.302634 0.007584 -0.125945 3.000000
-0.787914 0.253835 0.140598 2.000000
0.842138 0.062121 0.030422 0.000000
0.132981 -0.053734 -0.263096 1.000000
0.004617 -0.082055 -0.095372 1.000000
0.141964 -0.095641 -0.064578 0.000000
-0.144015 0.038940 -0.121980 3.000000
-0.333990 0.020435 -0.103596 3.000000
-0.218502 -0.083010 0.049417 0.000000
-0.149131 -0.058997 0.653196 1.000000
-0.034940 -0.113387 0.003667 0.000000
-0.215663 -0.055962 -0.720398 1.000000
-0.223520 0.035048 0.124712 3.000000
0.022780 -0.075593 0.278826 1.000000
0.028728 -0.074638 -0.289533 1.000000
-0.377537 -0.009453 -0.044017 0.000000
0.314119 0.071986 -0.022525 0.000000
0.111758 -0.053905 0.316033 1.000000
0.063805 -0.085580 -0.001890 1.000000
0.736882 -0.059682 0.083295 0.000000
-0.053641 -0.058360 -0.071163 0.000000
-0.391930 0.099524 0.033775 2.000000
-0.459710 0.221230 0.018966 2.000000
-0.336487 0.076588 -0.003065 2.000000
-0.647360 0.261643 0.028561 2.000000
-0.664128 0.260199 -0.109643 2.000000
0.686898 -0.046831 -0.071824 0.000000
-0.200339 0.036395 0.138713 3.000000
0.992239 -0.005243 0.028610 0.000000
-0.111777 0.110270 0.036419 2.000000
0.287830 -0.088444 -0.105653 1.000000
-0.079564 -0.065337 -0.481026 1.000000
-0.458780 -0.029280 -0.024679 0.000000
-0.016875 -0.071334 0.369763 1.000000
-0.673943 0.252757 -0.089595 2.000000
-0.254877 0.044399 -0.042230 0.000000
-0.311323 0.074923 0.038108 2.000000
-0.028013 -0.055913 0.490955 1.000000
-0.328923 0.062342 -0.018608 2.000000
-0.302413 -0.005855 0.140011 3.000000
0.065225 -0.114954 0.029247 0.000000
0.132613 0.072720 0.040213 0.000000
-0.140857 0.037790 0.145078 3.000000
-0.485461 0.159789 0.024204 2.000000
0.361215 -0.111258 -0.045191 0.000000
-0.109231 -0.057234 0.091103 0.000000
-0.057338 -0.067858 -0.357631 1.000000
0.261271 0.012382 0.094065 0.000000
-0.742213 0.256233 0.059796 2.000000
0.115601 -0.117402 0.145102 1.000000
-0.804290 0.253149 -0.215315 2.000000
-0.681336 0.252660 -0.110206 2.000000
-0.672744 0.253688 -0.145944 2.000000
0.275199 -0.051531 0.147256 1.000000
-0.012959 -0.077233 -0.158256 1.000000
0.441528 0.035734 -0.064970 0.000000
0.237698 -0.047149 0.091715 0.000000
0.127302 -0.059780 0.140353 1.000000
-0.172973 0.136755 -0.016797 2.000000
-0.702901 0.258877 -0.060662 2.000000
0.075310 -0.085898 0.035587 1.000000
0.578875 0.046137 0.078619 0.000000
0.825175 -0.102960 0.025820 0.000000
-0.133954 -0.059854 0.569799 1.000000
-0.191429 0.136021 0.036982 2.000000
0.685478 -0.093952 0.051424 0.000000
0.272164 -0.089839 0.108776 1.000000
-0.014501 -0.056965 0.434214 1.000000
0.600123 0.044032 -0.060123 0.000000
-0.186019 -0.065508 -0.055717 0.000000
0.328390 0.018232 -0.073195 0.000000
0.111366 -0.119752 -0.157106 3.000000
-0.155813 -0.093364 0.049564 0.000000
0.138757 -0.077356 0.313365 1.000000
-0.077410 -0.101344 -0.044188 0.000000
0.032008 -0.109520 -0.057357 0.000000
0.029903 -0.061616 0.320586 1.000000
0.067232 -0.072338 -0.055130 1.000000
0.364030 0.028978 0.088778 0.000000
0.043488 -0.070991 -0.127805 1.000000
0.185829 -0.089032 0.026089 1.000000
0.824759 -0.085140 -0.037995 0.000000
-0.391857 0.163730 -0.002648 2.000000
-0.164797 0.070248 -0.018853 0.000000
0.189231 -0.080366 -0.233306 1.000000
-0.141102 -0.025364 0.127698 3.000000
-0.711273 0.258167 -0.041373 2.000000
0.229890 -0.050723 0.026848 1.000000
0.838834 -0.045289 0.082144 0.000000
0.219389 -0.082618 0.214180 1.000000
0.826056 -0.033001 -0.066634 0.000000
0.197187 -0.043453 -0.072509 0.000000
-0.136157 0.005626 -0.097330 3.000000
0.917482 0.031450 -0.023186 0.000000
-0.242784 -0.054836 0.073332 0.000000
0.831246 -0.093854 0.010178 0.000000
0.014261 -0.082496 -0.091749 1.000000
0.521964 0.067237 0.052428 0.000000
0.137215 0.077224 0.023519 0.000000
0.902012 -0.038093 0.069195 0.000000
-0.322265 -0.020493 0.120575 3.000000
-0.289317 0.021928 0.149704 3.000000
-0.728872 0.257702 -0.097403 2.000000
0.421505 -0.020517 -0.075496 0.000000
-0.614315 0.125055 0.013997 2.000000
-0.117505 -0.107048 0.015368 0.000000
-0.055918 -0.108076 -0.038068 0.000000
0.319553 -0.112849 0.027191 0.000000
-0.342117 -0.027885 0.068779 0.000000
0.070635 -0.113975 -0.035155 0.000000
-0.043801 -0.038778 -0.073366 0.000000
0.834257 -0.035449 0.084641 0.000000
0.052276 -0.083475 -0.068397 0.000000
0.148475 -0.087220 -0.073464 1.000000
-0.347013 -0.012611 -0.094637 3.000000
0.225949 -0.051139 -0.169712 1.000000
-0.734649 0.275889 0.012871 2.000000
-0.015798 -0.058018 0.422930 1.000000
0.879639 -0.047370 0.073675 0.000000
0.270940 -0.088542 -0.110989 1.000000
0.331278 0.036786 0.084225 0.000000
-0.535519 0.283257 0.010643 2.000000
0.606193 -0.002134 -0.075324 0.000000
0.959022 -0.018045 -0.032365 0.000000
0.598238 0.006580 0.094506 0.000000
-0.020498 -0.072998 0.320121 1.000000
-0.178970 0.018623 -0.068299 0.000000
-0.681997 0.173546 0.010521 2.000000
0.028654 -0.068299 -0.470427 1.000000
0.100767 -0.089570 0.086428 0.000000
0.053818 0.033873 -0.066047 0.000000
0.177727 -0.113412 0.055194 0.000000
0.016782 -0.070110 -0.410186 1.000000
0.007187 -0.071603 -0.201436 1.000000
0.122137 -0.047149 -0.071848 0.000000
0.434527 -0.048887 -0.071530 0.000000
-0.125779 -0.066805 -0.495958 1.000000
0.467671 0.016543 -0.073611 0.000000
-0.362679 0.074189 -0.015573 2.000000
-0.548468 -0.030480 0.000925 0.000000
0.002463 -0.067417 0.496119 1.000000
-0.362752 0.151711 0.021487 2.000000
0.411518 0.077175 0.023862 0.000000
-0.066199 -0.066512 0.511541 1.000000
-0.084435 -0.063232 0.464347 1.000000
-0.765908 0.252562 0.249257 2.000000
-0.325398 0.021022 0.068657 0.000000
0.455750 0.059600 0.064128 0.000000
0.131806 -0.114954 -0.165110 1.000000
0.215497 -0.052021 -0.040541 1.000000
-0.406152 0.119816 0.029320 2.000000
-0.145435 -0.104428 0.008954 0.000000
-0.085708 -0.044481 -0.072436 0.000000
0.092053 -0.146849 0.170143 0.000000
-0.166902 0.035807 -0.125945 3.000000
0.013478 -0.067222 0.090100 0.000000
0.042313 -0.071970 0.133744 1.000000
0.259190 -0.057088 0.191904 1.000000
-0.295045 0.022809 0.072353 0.000000
0.455016 -0.003407 0.095289 0.000000
-0.354038 -0.071089 -0.003040 0.000000
-0.108815 -0.018485 0.095362 0.000000
-0.178480 -0.056647 0.729127 1.000000
-0.669293 0.260737 -0.002502 2.000000
0.009561 -0.078457 -0.176272 1.000000
-0.294091 0.148799 0.025722 2.000000
-0.636541 0.261056 -0.077454 2.000000
-0.553682 0.157195 0.020459 2.000000
0.468258 -0.052094 0.089610 0.000000
0.126665 -0.081003 0.210973 1.000000
0.500447 0.035391 -0.065166 0.000000
0.149234 -0.078677 0.283649 1.000000
0.076925 -0.064382 -0.160949 1.000000
-0.056040 -0.071212 0.352261 1.000000
0.214713 -0.050185 0.163999 1.000000
-0.601072 0.252635 -0.040614 2.000000
-0.101814 -0.062938 -0.539015 1.000000
-0.074227 -0.053808 0.620004 1.000000
-0.704150 0.252415 0.185442 2.000000
0.105394 0.056858 0.067090 0.000000
-0.460151 0.176361 -0.004900 2.000000
-0.454594 -0.010848 0.050029 0.000000
-0.063775 -0.059560 0.474285 1.000000
0.164239 -0.088420 -0.036135 1.000000
-0.113956 -0.053783 -0.665298 1.000000
-0.250593 0.015515 0.089879 0.000000
-0.608219 0.111739 0.013458 2.000000
0.354386 -0.112555 -0.017556 0.000000
0.141940 -0.113608 -0.034274 0.000000
0.251504 -0.048789 -0.055472 1.000000
-0.670370 0.260615 -0.035890 2.000000
-0.328213 -0.020713 0.129485 3.000000
0.079691 -0.053587 -0.373126 1.000000
0.162159 -0.054322 0.165517 1.000000
-0.529620 0.144907 0.020728 2.000000
-0.371319 0.171074 0.004034 2.000000
0.106201 -0.119629 0.191855 1.000000
0.119713 0.059698 0.064030 0.000000
-0.022211 -0.089815 0.237556 1.000000
0.300044 -0.047125 -0.061837 1.000000
0.609130 0.067580 0.051816 0.000000
0.046940 -0.075275 -0.044457 1.000000
-0.363486 -0.066732 0.029663 0.000000
-0.545359 0.011549 -0.008915 0.000000
-0.732373 0.253492 0.104737 2.000000
-0.678717 0.206616 0.015294 2.000000
0.098687 -0.119752 -0.140583 3.000000
0.119664 -0.021643 -0.075496 0.000000
0.052863 -0.073194 -0.076548 1.000000
-0.078854 -0.053587 -0.636781 1.000000
-0.231231 0.014976 -0.063110 0.000000
