-0.214670 0.097749 0.854592 1.000000
-0.011672 -0.018167 -0.073397 0.000000
0.208584 -0.102356 -0.303370 3.000000
-0.130216 -0.036088 -0.043316 0.000000
-0.204103 -0.048699 -0.057016 0.000000
0.049074 -0.115046 0.129841 3.000000
-0.469387 -0.050902 0.035404 0.000000
-0.075497 0.004215 0.688073 1.000000
0.276418 -0.064814 -0.299069 3.000000
-0.752831 0.113546 -0.079556 2.000000
-0.009415 -0.015937 -0.430011 1.000000
-0.871163 0.125785 0.215437 2.000000
0.028604 -0.146640 0.185781 3.000000
0.052260 -0.023848 -0.331220 1.000000
0.060464 -0.030804 -0.051839 0.000000
0.122775 -0.087594 0.026934 0.000000
-0.811957 0.082111 0.028155 0.000000
-0.459033 0.115617 -0.010819 0.000000
-0.759973 0.030021 0.022872 0.000000
-0.085612 -0.011821 0.516058 1.000000
-0.168102 0.016905 -0.813600 1.000000
0.320544 -0.061788 -0.217030 3.000000
0.869908 -0.092081 0.000225 0.000000
0.864837 -0.046309 0.068670 0.000000
0.516002 0.078713 0.058342 0.000000
-0.829161 0.382016 0.005164 2.000000
0.444902 -0.082390 0.001978 0.000000
-0.011459 0.062411 -0.064635 0.000000
0.691442 0.016056 0.089698 0.000000
0.223505 0.003338 0.092087 0.000000
0.032693 -0.121577 0.176727 3.000000
-0.542239 -0.012166 0.064900 0.000000
0.221487 -0.088390 0.085184 0.000000
0.216389 -0.066062 0.276501 3.000000
0.020241 -0.041451 -0.130717 1.000000
-0.145986 -0.076284 -0.026484 0.000000
0.355934 -0.019255 0.089804 0.000000
0.184769 -0.118604 -0.228367 3.000000
0.037100 -0.050212 -0.134116 1.000000
-0.218387 0.069500 -0.830592 1.000000
0.141546 -0.003166 -0.076238 0.000000
-0.696333 0.027552 0.046767 0.000000
0.025577 0.095731 0.049740 0.000000
-0.518292 0.034933 -0.071007 0.000000
0.316614 -0.136445 -0.250509 3.000000
0.186680 -0.060513 -0.238934 3.000000
0.081969 0.004639 -0.077008 0.000000
-0.022159 -0.028123 -0.038139 0.000000
-0.015973 0.072049 0.073290 0.000000
0.062242 -0.032158 -0.068910 0.000000
-0.651438 0.211036 0.000305 2.000000
0.025206 0.100192 0.040528 0.000000
0.093040 -0.045805 0.233596 1.000000
0.357819 -0.104612 0.051625 0.000000
-0.569108 0.180424 0.007925 2.000000
0.291074 -0.084169 -0.027546 0.000000
0.195150 0.085244 -0.043024 0.000000
-0.002087 -0.022043 0.481543 1.000000
-0.542664 0.115989 0.020111 2.000000
-0.193723 0.108873 0.031235 0.000000
-0.100109 0.056783 -0.067928 0.000000
0.159839 -0.130923 0.271031 3.000000
0.835951 -0.089612 -0.022714 0.000000
0.326969 -0.102595 -0.291608 3.000000
0.172609 0.088855 0.054413 0.000000
-0.026009 -0.067549 -0.042785 0.000000
0.260303 -0.084859 0.201763 3.000000
-0.776195 0.367520 0.011509 2.000000
0.200752 -0.028468 0.086087 0.000000
-0.348215 -0.073576 0.018385 0.000000
0.278170 -0.057858 -0.253350 3.000000
0.054092 -0.029530 0.280749 1.000000
-0.299204 0.018897 0.092352 0.000000
0.247638 -0.036990 0.073794 0.000000
0.285790 -0.016653 0.089963 0.000000
-0.796718 0.102103 0.073688 2.000000
0.501506 0.081076 0.056033 0.000000
0.298003 -0.138410 -0.255421 3.000000
-0.537487 0.000551 0.074219 0.000000
-0.092940 -0.016441 0.504323 1.000000
0.093173 -0.038796 0.141655 1.000000
-0.152942 -0.073682 -0.031661 0.000000
0.135413 -0.033565 0.232481 1.000000
-0.285770 0.010507 -0.076769 0.000000
0.044242 -0.031123 0.390505 1.000000
0.226956 -0.058389 0.128115 1.000000
0.042410 -0.128348 -0.142851 3.000000
0.227354 -0.049522 -0.126416 1.000000
-0.092675 -0.026769 0.000677 0.000000
0.401467 -0.036247 0.043076 0.000000
0.046605 -0.041716 -0.064795 0.000000
0.794932 -0.097285 -0.012704 0.000000
-0.103932 -0.014689 -0.505120 1.000000
-0.131357 0.009763 -0.731004 1.000000
-0.002114 -0.042884 0.220269 1.000000
0.537029 0.070695 -0.052635 0.000000
0.717938 -0.072912 -0.051918 0.000000
0.189070 -0.085921 0.085981 0.000000
0.141944 -0.031282 -0.010527 0.000000
0.049658 -0.091125 0.192338 1.000000
-0.052638 -0.016069 -0.517625 1.000000
-0.166430 0.010454 -0.748872 1.000000
-0.012176 -0.046442 -0.089114 1.000000
0.526781 0.038543 0.085051 0.000000
0.016179 -0.033220 -0.338574 1.000000
0.236965 -0.124976 0.265005 3.000000
-0.158836 -0.001547 0.090706 0.000000
-0.188837 0.012790 -0.808821 1.000000
-0.111525 0.005701 -0.683773 1.000000
0.141466 -0.075514 -0.276475 3.000000
-0.797063 0.196779 0.009252 2.000000
0.217212 -0.055708 0.274032 3.000000
0.662450 -0.004042 0.092193 0.000000
0.226372 -0.055495 0.235030 3.000000
0.035507 -0.157499 0.175639 3.000000
0.729886 0.088191 0.022607 0.000000
0.432981 -0.038132 -0.033387 0.000000
0.154582 -0.079576 -0.031687 0.000000
-0.085586 -0.023662 -0.399373 1.000000
-0.202272 -0.057195 0.065537 0.000000
-0.502521 0.107838 -0.005801 2.000000
0.800242 -0.083665 0.012358 0.000000
-0.019053 0.061004 0.080591 0.000000
0.030914 -0.032981 0.363079 1.000000
0.073977 -0.031335 -0.382328 1.000000
0.467947 -0.037521 -0.008748 0.000000
-0.717971 0.098599 0.078255 2.000000
0.161299 -0.129250 0.250933 3.000000
0.128484 -0.039672 -0.101354 1.000000
0.185486 -0.052708 -0.256085 3.000000
-0.286859 -0.014052 0.087441 0.000000
0.325747 -0.053664 -0.253616 3.000000
0.256692 -0.134428 -0.230332 3.000000
0.050985 -0.090063 -0.185649 1.000000
0.210097 -0.089824 -0.008430 0.000000
-0.869410 0.440186 0.006756 2.000000
-0.575639 0.026330 0.075467 0.000000
0.231735 -0.062186 -0.069866 1.000000
0.384820 -0.036247 -0.039573 0.000000
0.222257 -0.050000 0.242145 1.000000
0.953088 -0.019388 0.044829 0.000000
0.218646 -0.035291 -0.068857 0.000000
-0.255079 -0.079310 0.030810 0.000000
0.021595 -0.038796 -0.271722 1.000000
0.495081 -0.093169 -0.017032 0.000000
-0.618463 0.009312 0.059643 0.000000
-0.008990 -0.028362 0.001500 0.000000
-0.100241 0.083040 -0.051839 0.000000
-0.039071 -0.044132 0.177577 1.000000
-0.112242 0.001984 -0.711915 1.000000
0.174945 0.097483 -0.025289 0.000000
0.000674 -0.051805 -0.088212 1.000000
-0.702732 0.086625 -0.032112 0.000000
0.187955 0.017436 0.091237 0.000000
0.020745 -0.020397 -0.374443 1.000000
0.179539 -0.071213 -0.226535 3.000000
-0.187749 0.071013 0.076131 0.000000
0.205504 -0.129436 -0.290467 3.000000
0.260940 -0.033565 0.042280 0.000000
0.163556 -0.043522 -0.258262 3.000000
0.077986 -0.151738 0.175532 3.000000
-0.198687 0.065199 -0.832610 1.000000
-0.721210 0.077943 -0.032086 0.000000
0.772816 -0.041982 -0.065989 0.000000
0.358297 -0.059797 -0.065166 0.000000
-0.798443 0.107546 -0.102734 2.000000
-0.043770 -0.033194 -0.303529 1.000000
0.154741 -0.036167 -0.165418 1.000000
0.260648 -0.063673 0.075467 1.000000
0.078969 -0.133020 0.149355 3.000000
0.156839 -0.055283 -0.260306 3.000000
-0.414589 0.114714 0.025925 0.000000
-0.130349 0.106537 0.033572 0.000000
-0.196484 0.009525 -0.760289 1.000000
0.045304 -0.052761 -0.105708 1.000000
-0.153500 -0.050079 0.071670 0.000000
0.259081 0.055668 -0.065671 0.000000
0.105253 -0.046681 0.227888 1.000000
0.333314 -0.085178 0.294475 3.000000
0.477824 0.014011 -0.076078 0.000000
-0.783257 0.317739 0.003597 2.000000
-0.149146 0.104546 -0.023537 0.000000
-0.610844 0.011887 -0.048467 0.000000
-0.739636 0.050809 -0.028050 0.000000
0.438981 0.099103 -0.004660 0.000000
0.045330 -0.049256 -0.151639 1.000000
0.914937 -0.003936 -0.042838 0.000000
-0.485981 0.113599 -0.018492 0.000000
-0.618941 0.057765 0.068591 0.000000
0.120598 -0.105621 -0.047060 0.000000
-0.691873 0.087819 -0.033068 0.000000
-0.147473 0.015286 -0.794192 1.000000
-0.766451 0.096740 0.050059 2.000000
-0.186607 0.006710 0.745022 1.000000
-0.730237 0.106218 0.039306 2.000000
0.979718 -0.005635 0.017483 0.000000
0.674264 -0.072328 0.067449 0.000000
-0.140676 -0.056372 -0.039626 0.000000
-0.013583 -0.045991 0.171338 1.000000
-0.863012 0.142512 0.341600 2.000000
0.647927 -0.042380 0.084202 0.000000
-0.004211 -0.086824 -0.001102 0.000000
0.135254 -0.110931 -0.263784 3.000000
-0.640951 0.143255 -0.001713 2.000000
-0.536053 -0.000538 -0.059140 0.000000
0.173565 -0.059239 -0.085742 1.000000
0.557101 -0.081010 -0.040263 0.000000
0.159573 -0.036831 0.212543 1.000000
0.497444 0.098280 -0.002616 0.000000
-0.037823 -0.076125 0.046076 0.000000
-0.885632 0.134918 0.285156 2.000000
0.089482 -0.046123 -0.062432 0.000000
0.345952 -0.014954 0.090282 0.000000
-0.779460 0.113758 -0.155621 2.000000
0.257833 -0.068133 0.299705 3.000000
0.787259 -0.016839 0.085104 0.000000
-0.048045 -0.032477 -0.284440 1.000000
0.206699 -0.117807 0.277908 3.000000
-0.499468 0.111342 0.039067 0.000000
-0.079718 0.000338 0.635637 1.000000
-0.209520 0.102873 -0.842354 1.000000
0.710345 -0.039486 -0.069866 0.000000
0.010364 -0.018406 0.527766 1.000000
0.370882 0.070668 0.069281 0.000000
0.280401 -0.110851 -0.033041 0.000000
-0.053355 0.100616 -0.027838 0.000000
-0.249264 0.073907 -0.060069 0.000000
0.255072 -0.118816 0.209038 3.000000
0.061871 -0.063567 0.096255 1.000000
0.153414 -0.054248 -0.249607 3.000000
0.011479 -0.011795 0.499358 1.000000
0.187583 -0.021910 0.088343 0.000000
0.048861 -0.036459 0.197409 1.000000
-0.231609 0.112564 0.015598 0.000000
-0.135632 -0.062133 -0.046502 0.000000
-0.031053 -0.101533 -0.022475 0.000000
-0.339560 0.113997 -0.005563 0.000000
0.156839 -0.084381 -0.286378 3.000000
0.032932 -0.036380 -0.192711 1.000000
-0.144579 0.010879 -0.805609 1.000000
-0.690307 0.111926 -0.006704 0.000000
-0.674085 0.107838 0.015491 2.000000
-0.117711 0.026702 -0.075919 0.000000
-0.142800 0.000365 0.691259 1.000000
0.122483 0.103351 0.030120 0.000000
-0.464529 0.110918 0.021067 2.000000
-0.582409 0.181194 0.001048 2.000000
0.108996 -0.051699 0.167806 1.000000
-0.643393 0.077784 -0.044511 0.000000
-0.845436 0.138848 -0.274165 2.000000
0.197699 -0.097391 0.217932 3.000000
0.049844 -0.135038 -0.125089 3.000000
-0.586816 0.115909 -0.004102 2.000000
0.059640 -0.038875 -0.141019 1.000000
0.182008 -0.055814 0.231074 3.000000
-0.678625 0.055402 -0.043316 0.000000
-0.558966 -0.037521 0.009465 0.000000
0.228974 0.087076 0.055183 0.000000
-0.787770 0.219320 0.010181 2.000000
0.048490 -0.087090 0.020961 0.000000
0.087172 0.084182 0.061475 0.000000
-0.048762 -0.028548 0.335919 1.000000
-0.365472 -0.057407 -0.039121 0.000000
0.018701 -0.030857 -0.368682 1.000000
-0.062939 -0.007998 0.543590 1.000000
0.611315 -0.098055 -0.005005 0.000000
0.450610 0.078978 0.064475 0.000000
0.605819 0.087926 0.042837 0.000000
-0.052346 -0.098081 -0.023776 0.000000
-0.851436 0.407981 0.008827 2.000000
-0.787717 0.105103 0.044882 2.000000
0.171308 -0.105515 -0.291316 3.000000
0.144254 -0.057354 0.112796 1.000000
-0.174315 -0.084435 0.010447 0.000000
0.999338 -0.036353 -0.001554 0.000000
0.041242 -0.106285 -0.005509 0.000000
-0.047620 -0.037229 0.081281 0.000000
-0.153500 0.052084 0.084892 0.000000
0.659503 0.095413 -0.000996 0.000000
-0.850746 0.122307 -0.162763 2.000000
-0.747574 0.109086 -0.127478 2.000000
0.470655 0.006843 0.091821 0.000000
0.124740 -0.084674 0.272996 3.000000
-0.733211 0.110095 0.021465 0.000000
0.336367 0.102395 0.010819 0.000000
-0.370012 0.025587 -0.077220 0.000000
0.261922 -0.010228 0.090627 0.000000
0.059136 -0.034070 -0.346194 1.000000
-0.429271 0.010666 0.089724 0.000000
0.521285 -0.095373 -0.011244 0.000000
0.205584 -0.041185 -0.131142 1.000000
-0.322621 -0.043601 -0.056432 0.000000
-0.167279 0.012949 -0.773271 1.000000
-0.139163 -0.072540 0.025368 0.000000
-0.044567 -0.055071 0.081972 0.000000
0.082234 -0.046469 0.220932 1.000000
0.271108 -0.064682 -0.274537 3.000000
0.080641 -0.145817 0.146354 3.000000
0.361350 -0.035477 0.034076 0.000000
-0.317842 -0.050345 0.066838 0.000000
0.372926 -0.054487 0.075440 0.000000
0.210203 -0.110851 -0.227703 3.000000
-0.483432 0.101147 -0.005934 2.000000
-0.802479 0.097882 0.030094 2.000000
0.182671 -0.073762 0.224304 3.000000
0.010710 -0.033751 0.344016 1.000000
0.185512 -0.095585 0.220826 3.000000
-0.810523 0.221948 0.008748 2.000000
0.120758 -0.048380 0.213419 1.000000
-0.424200 0.097696 -0.044006 0.000000
0.267205 -0.108993 -0.044989 0.000000
0.372793 -0.090568 0.032457 0.000000
0.212540 0.013215 0.091662 0.000000
-0.483591 0.011702 0.086193 0.000000
-0.032619 -0.030061 -0.351610 1.000000
0.117359 -0.038663 -0.121292 1.000000
0.720487 0.089227 0.024040 0.000000
-0.177713 -0.040415 0.015093 0.000000
-0.141606 -0.083665 0.019500 0.000000
-0.005804 -0.043999 -0.117416 1.000000
0.489904 -0.041982 -0.068326 0.000000
-0.198050 0.026357 -0.076131 0.000000
0.457991 -0.049017 0.080113 0.000000
0.430140 0.077093 0.062033 0.000000
-0.037982 0.038039 0.089113 0.000000
-0.024097 -0.043362 0.198949 1.000000
-0.755406 0.155229 0.011323 2.000000
-0.287257 -0.023689 0.083989 0.000000
0.118448 -0.083479 -0.235827 3.000000
-0.821037 0.101041 -0.022660 2.000000
-0.038859 -0.016468 0.447905 1.000000
-0.043213 -0.044079 -0.160320 1.000000
0.126307 -0.045619 -0.232907 1.000000
-0.582834 0.132476 0.018598 2.000000
0.145927 0.092439 0.050935 0.000000
0.462080 -0.095532 0.017668 0.000000
-0.697449 0.045738 -0.038006 0.000000
-0.655314 0.100590 -0.027572 0.000000
0.817314 0.039207 0.068803 0.000000
0.054145 -0.055522 0.085874 1.000000
0.808871 -0.035902 0.005004 0.000000
0.038799 -0.092824 -0.185489 1.000000
-0.095489 -0.047849 0.071484 0.000000
0.468080 -0.051115 0.043023 0.000000
0.733550 -0.100364 0.016474 0.000000
0.353492 0.102581 0.007367 0.000000
0.199716 -0.109338 0.022288 0.000000
-0.168288 0.111263 0.016208 0.000000
-0.439121 -0.054009 0.041536 0.000000
0.165892 -0.060142 -0.070264 1.000000
-0.500052 0.003949 -0.066839 0.000000
-0.049001 -0.098506 -0.034316 0.000000
-0.013052 -0.008635 0.531324 1.000000
0.223956 -0.084355 -0.024492 0.000000
-0.799027 0.114050 -0.091902 2.000000
-0.173412 0.011436 -0.800432 1.000000
0.209672 0.082616 0.060573 0.000000
-0.673872 0.099422 0.041749 0.000000
-0.040292 -0.002157 0.626451 1.000000
-0.805532 0.106086 -0.085477 2.000000
0.230275 0.066712 0.073688 0.000000
-0.719644 0.263020 0.001712 2.000000
0.149989 -0.109312 -0.230889 3.000000
0.313216 -0.043203 -0.265590 3.000000
0.211982 -0.062027 0.079635 1.000000
-0.179226 0.016693 0.829556 1.000000
0.014081 -0.079523 0.041112 0.000000
0.559915 -0.061071 -0.058529 0.000000
-0.148243 -0.003193 0.630646 1.000000
-0.008406 0.055907 0.082529 0.000000
0.130953 0.099581 -0.022634 0.000000
0.132280 -0.034787 -0.190268 1.000000
-0.680935 0.257206 0.013766 2.000000
0.317066 -0.071505 -0.045759 0.000000
-0.399827 0.074279 -0.063335 0.000000
-0.360932 -0.073098 0.001393 0.000000
0.164804 -0.031521 0.246154 1.000000
0.239116 -0.044026 -0.067981 0.000000
-0.589577 0.125387 -0.003784 2.000000
-0.061824 -0.019627 0.482844 1.000000
0.279684 -0.074266 0.087308 0.000000
0.185990 0.039738 0.086963 0.000000
0.204495 -0.090488 0.288262 3.000000
-0.055824 -0.028627 -0.325167 1.000000
-0.121640 0.005701 0.767456 1.000000
0.060596 -0.086479 0.121079 1.000000
0.122298 -0.100656 -0.271138 3.000000
-0.127242 0.013135 -0.077485 0.000000
0.378475 -0.035822 0.031315 0.000000
0.382112 0.075872 0.064422 0.000000
0.210920 -0.106896 -0.291316 3.000000
0.149219 -0.063089 -0.269519 3.000000
-0.205245 0.111687 0.018146 0.000000
-0.079612 -0.027008 -0.027944 0.000000
0.420556 -0.042061 0.082768 0.000000
-0.007504 -0.063646 -0.047591 0.000000
0.272834 -0.055336 0.090945 1.000000
0.730496 0.072102 0.054838 0.000000
-0.424917 0.127219 0.002323 2.000000
-0.364490 0.112272 0.031395 0.000000
0.402847 0.060686 0.075467 0.000000
0.159387 -0.055203 0.145000 1.000000
0.201946 0.037880 -0.072600 0.000000
0.281569 -0.121392 -0.297237 3.000000
-0.801815 0.118723 0.139770 2.000000
-0.354826 0.030313 -0.076583 0.000000
0.007285 -0.041743 -0.225632 1.000000
0.073048 -0.106497 0.053431 0.000000
0.898104 0.034826 0.041218 0.000000
-0.122490 0.001161 -0.640868 1.000000
-0.045788 -0.001573 -0.600832 1.000000
0.521524 0.023437 0.089830 0.000000
-0.076187 -0.093302 0.035510 0.000000
0.067791 -0.050239 -0.151240 1.000000
-0.059780 -0.029955 0.349671 1.000000
-0.051974 -0.013069 -0.473048 1.000000
0.258125 -0.137481 -0.240208 3.000000
-0.008194 -0.009777 -0.503049 1.000000
0.785374 0.037057 -0.060414 0.000000
-0.642916 -0.014450 0.003438 0.000000
-0.111020 -0.027539 -0.037103 0.000000
-0.783204 0.392662 0.003756 2.000000
-0.881544 0.134520 0.267792 2.000000
0.091235 -0.029158 -0.267023 1.000000
0.110642 0.028800 -0.075176 0.000000
0.004709 -0.099993 -0.052502 0.000000
0.125112 -0.069461 -0.266625 3.000000
0.270683 0.079164 0.063121 0.000000
0.675990 -0.040442 -0.070158 0.000000
0.023666 -0.047770 -0.157825 1.000000
-0.017645 -0.036406 -0.227889 1.000000
0.212566 0.074757 0.068591 0.000000
0.020374 -0.043203 -0.215278 1.000000
0.641661 0.094191 0.026164 0.000000
0.295428 0.097085 0.036227 0.000000
0.296808 -0.119082 0.238243 3.000000
0.285525 -0.119586 -0.245067 3.000000
-0.063311 -0.095904 -0.013182 0.000000
0.071216 0.075686 -0.055343 0.000000
0.317703 -0.106789 -0.046422 0.000000
-0.766345 0.105183 0.114654 2.000000
-0.713086 0.107386 -0.031077 2.000000
0.392838 -0.036088 -0.014165 0.000000
0.086562 -0.052310 0.256137 1.000000
0.238983 -0.042911 -0.080379 1.000000
-0.037744 -0.065823 -0.044484 0.000000
-0.772186 0.215656 0.003889 2.000000
0.098084 -0.094417 0.263359 3.000000
0.469832 0.097643 0.025129 0.000000
0.219974 -0.127896 0.215914 3.000000
-0.746486 0.227816 0.002562 2.000000
0.011745 -0.040521 -0.244084 1.000000
0.648591 -0.023370 -0.075069 0.000000
0.181078 -0.057593 0.245889 3.000000
0.194088 -0.109205 -0.026192 0.000000
-0.275575 0.074332 -0.060255 0.000000
-0.144420 0.016560 0.825919 1.000000
-0.720308 0.012551 0.018916 0.000000
0.381847 -0.101294 0.044776 0.000000
0.861492 -0.074558 0.051944 0.000000
0.799897 -0.162490 -0.005748 0.000000
0.706044 -0.016574 -0.074963 0.000000
0.527923 -0.081222 -0.039413 0.000000
-0.475281 -0.054009 -0.004501 0.000000
0.287834 -0.107719 0.246234 3.000000
0.704982 0.062518 0.068352 0.000000
-0.625127 0.157034 -0.001554 2.000000
-0.745981 0.110148 -0.054201 2.000000
0.128670 -0.106099 0.060732 0.000000
0.481620 -0.061151 -0.003863 0.000000
0.238213 -0.108807 0.284917 3.000000
0.053056 -0.018777 -0.411055 1.000000
0.235585 -0.139578 -0.255554 3.000000
0.091553 0.106351 -0.000757 0.000000
0.344916 -0.086877 -0.065830 0.000000
0.153201 -0.031495 0.044351 0.000000
-0.030734 0.011303 -0.077485 0.000000
-0.062514 0.058270 0.082078 0.000000
0.194486 -0.113719 0.208454 3.000000
-0.680696 0.105953 0.033811 0.000000
-0.071780 -0.094205 -0.009890 0.000000
-0.157190 -0.067602 -0.039918 0.000000
-0.133694 -0.002051 -0.650957 1.000000
-0.098383 -0.032450 0.064157 0.000000
0.439380 -0.049336 -0.064742 0.000000
0.080588 -0.035185 -0.067954 0.000000
-0.844533 0.423194 0.009385 2.000000
0.338943 -0.108223 -0.017244 0.000000
0.657830 -0.100550 0.009465 0.000000
-0.529947 0.095970 -0.045520 0.000000
0.239461 -0.125480 0.240845 3.000000
-0.784637 0.118803 0.202825 2.000000
-0.136243 0.039605 -0.074300 0.000000
0.207177 -0.119135 -0.232801 3.000000
-0.075178 -0.001016 -0.688631 1.000000
0.151874 0.088165 0.055608 0.000000
0.353571 -0.061549 -0.055609 0.000000
0.060145 -0.050610 -0.142373 1.000000
0.642405 -0.037707 -0.070901 0.000000
-0.756468 0.120263 0.145956 2.000000
0.073128 -0.036433 -0.171232 1.000000
-0.017699 -0.023158 0.461445 1.000000
-0.557399 0.115803 -0.009996 0.000000
0.415485 -0.092585 -0.013395 0.000000
0.663697 0.088669 0.038988 0.000000
0.225337 -0.061257 -0.078972 1.000000
0.149936 -0.052177 0.251225 3.000000
-0.056222 -0.017450 -0.498828 1.000000
0.925848 0.012737 0.037713 0.000000
0.064234 -0.105621 -0.188224 1.000000
-0.139827 0.076164 0.072122 0.000000
0.264232 0.070403 0.070794 0.000000
-0.875596 0.145193 0.338919 2.000000
-0.519778 0.065969 0.079874 0.000000
-0.503689 0.118113 0.014297 0.000000
0.121421 -0.043176 0.083910 0.000000
-0.151376 0.015551 0.812007 1.000000
-0.298514 -0.076523 0.029456 0.000000
0.105916 0.061296 0.078839 0.000000
-0.283089 -0.081249 0.007712 0.000000
0.013657 -0.028521 -0.395178 1.000000
0.124395 -0.110135 -0.259058 3.000000
0.030754 -0.124923 0.148239 3.000000
-0.002671 -0.012990 -0.074830 0.000000
0.392918 -0.033194 -0.070795 0.000000
0.065853 -0.118763 -0.142851 3.000000
-0.112959 0.056066 -0.068273 0.000000
0.230434 -0.052761 0.242517 3.000000
-0.058904 -0.004414 0.580520 1.000000
0.574013 -0.095240 -0.015864 0.000000
0.168759 -0.055203 0.148293 1.000000
-0.167067 0.053172 -0.069680 0.000000
0.680981 -0.009458 0.091503 0.000000
-0.139030 0.008914 -0.723491 1.000000
-0.779089 0.426221 0.007845 2.000000
-0.341126 0.056517 0.085370 0.000000
0.208584 0.053013 -0.067158 0.000000
-0.798974 0.111714 -0.076317 2.000000
-0.083993 -0.024910 0.393717 1.000000
-0.854224 0.399326 0.006385 2.000000
-0.324984 -0.076602 0.002190 0.000000
0.191061 -0.046283 0.276182 3.000000
0.029825 -0.014742 0.480428 1.000000
-0.802452 0.099953 -0.033838 2.000000
0.672432 -0.019043 0.090521 0.000000
0.083455 0.090288 -0.039785 0.000000
-0.041009 -0.098851 -0.041909 0.000000
0.224089 -0.108542 0.058449 0.000000
0.199637 -0.043468 0.263836 1.000000
0.210363 -0.108435 -0.206941 3.000000
-0.160270 0.020835 0.833113 1.000000
-0.206546 0.103085 0.043740 0.000000
-0.162952 -0.084169 0.001393 0.000000
0.184344 -0.125958 -0.252793 3.000000
-0.128225 0.003604 -0.725004 1.000000
-0.052027 -0.019043 -0.413391 1.000000
0.054676 -0.037920 0.172506 1.000000
-0.043239 -0.042725 0.193188 1.000000
0.498745 -0.096462 0.016235 0.000000
0.604386 -0.085682 0.050988 0.000000
-0.759070 0.109245 -0.049768 2.000000
0.157024 -0.091152 0.288262 3.000000
-0.795523 0.124617 -0.222340 2.000000
0.251700 -0.096621 -0.203118 3.000000
-0.564010 -0.031229 -0.017218 0.000000
-0.731459 0.173097 0.012677 2.000000
-0.001025 -0.043628 0.211613 1.000000
0.105439 -0.107506 0.004500 0.000000
0.018754 -0.012936 0.488314 1.000000
-0.083489 0.085669 -0.048546 0.000000
0.204336 -0.121604 -0.271669 3.000000
-0.009282 -0.028362 0.024651 0.000000
0.276923 -0.091417 0.021359 0.000000
-0.700475 0.108873 0.057997 2.000000
0.172928 -0.054354 0.159603 1.000000
0.075889 -0.106842 -0.034449 0.000000
-0.670713 0.032331 -0.040900 0.000000
0.236169 0.097032 0.038643 0.000000
-0.395871 -0.062770 -0.021678 0.000000
0.251408 -0.090700 -0.007846 0.000000
-0.275894 -0.010388 -0.074114 0.000000
0.874263 0.016481 -0.050511 0.000000
0.274586 -0.046070 -0.059113 1.000000
-0.428501 0.089412 -0.053219 0.000000
0.015807 -0.013149 0.522855 1.000000
0.281436 -0.041079 -0.067237 0.000000
-0.075683 -0.008051 0.620504 1.000000
-0.802904 0.105767 0.020722 0.000000
0.201575 -0.064708 0.221729 3.000000
0.023161 -0.038557 -0.168683 1.000000
-0.501964 0.097802 -0.044776 0.000000
0.154741 -0.053159 0.239942 3.000000
0.299463 -0.044637 -0.066069 0.000000
-0.727450 0.127086 0.002137 2.000000
-0.111498 -0.006857 0.575529 1.000000
0.157609 -0.108515 0.045545 0.000000
-0.080940 -0.024751 -0.388222 1.000000
-0.453723 0.115059 0.021120 2.000000
-0.748583 0.110626 0.011270 2.000000
-0.040345 -0.035955 0.284359 1.000000
0.000939 -0.027857 -0.397488 1.000000
0.200194 -0.132250 0.283775 3.000000
0.368784 -0.035636 -0.018333 0.000000
0.318791 -0.101745 -0.056511 0.000000
-0.177687 -0.039247 0.026987 0.000000
0.511807 0.021498 0.090069 0.000000
0.797322 0.072341 0.038430 0.000000
0.032268 -0.129516 0.129841 3.000000
0.156440 -0.031548 -0.027997 0.000000
0.252311 -0.039645 0.262005 1.000000
0.566765 -0.098187 0.001447 0.000000
-0.077409 -0.011954 0.571334 1.000000
0.430804 -0.096249 0.005801 0.000000
-0.669970 0.094191 -0.034103 2.000000
0.816464 -0.069912 -0.048546 0.000000
0.372236 -0.050318 -0.063255 0.000000
0.301826 -0.055469 -0.218915 3.000000
-0.727290 0.096873 -0.050246 2.000000
0.287542 0.038225 0.086804 0.000000
-0.027734 -0.017025 -0.516776 1.000000
-0.021893 -0.016786 0.536846 1.000000
-0.794434 0.363298 0.011058 2.000000
-0.052213 -0.006485 -0.542157 1.000000
-0.348693 -0.042433 0.070768 0.000000
-0.896279 0.143839 -0.317600 2.000000
-0.282000 0.062013 -0.067503 0.000000
-0.770540 0.105767 0.044298 2.000000
0.089137 -0.044079 0.242225 1.000000
-0.719033 0.232143 0.001606 2.000000
0.649387 -0.059743 -0.060547 0.000000
0.314464 -0.101373 -0.289166 3.000000
0.632634 -0.006697 -0.076901 0.000000
0.087146 -0.030220 0.040448 0.000000
0.981550 -0.041371 0.028952 0.000000
0.158060 -0.036061 -0.178162 1.000000
0.192442 -0.112285 0.298271 3.000000
0.087013 -0.086638 -0.266413 3.000000
-0.402057 0.042499 -0.075016 0.000000
0.066119 -0.049416 0.181904 1.000000
0.097898 -0.048380 -0.189445 1.000000
0.296410 -0.043123 0.234818 3.000000
-0.119118 -0.007202 0.608238 1.000000
0.276418 -0.091045 -0.008802 0.000000
-0.670793 0.113280 -0.005509 0.000000
0.424963 -0.089293 -0.022236 0.000000
0.818455 -0.077187 0.056803 0.000000
-0.053726 -0.084806 -0.059485 0.000000
0.330075 -0.108648 0.044191 0.000000
-0.012999 -0.034362 -0.244509 1.000000
-0.111525 -0.071983 0.061688 0.000000
0.476496 0.094165 0.035085 0.000000
0.316110 0.025906 0.089990 0.000000
0.002107 -0.033406 -0.329070 1.000000
-0.075046 -0.005343 0.653266 1.000000
0.771940 -0.052575 -0.062246 0.000000
0.306552 -0.056159 0.217614 3.000000
0.229505 0.066527 -0.058874 0.000000
0.080402 0.104546 0.028979 0.000000
0.328243 0.075633 0.065882 0.000000
0.115687 -0.030778 -0.011244 0.000000
0.094659 -0.054911 0.120176 1.000000
0.163954 -0.045194 0.264872 3.000000
-0.199351 0.002303 -0.076131 0.000000
-0.691979 0.092784 0.022554 2.000000
0.476416 0.097457 -0.010580 0.000000
-0.188731 0.029198 -0.816255 1.000000
-0.784876 0.109139 -0.003731 0.000000
0.180494 -0.040999 0.248039 3.000000
0.170459 -0.122294 -0.276767 3.000000
0.338650 0.091085 -0.032033 0.000000
-0.051709 -0.016494 0.088636 0.000000
-0.293894 -0.074585 -0.019660 0.000000
0.178052 -0.121365 0.242331 3.000000
-0.027655 -0.031893 -0.056777 0.000000
0.194592 -0.032291 0.028633 0.000000
0.232744 -0.067629 -0.280059 3.000000
0.309048 -0.082231 0.204365 3.000000
0.060331 0.084182 -0.047113 0.000000
-0.479981 0.024047 -0.073078 0.000000
0.865023 0.001560 0.072626 0.000000
-0.757106 0.341926 0.012013 2.000000
-0.796452 0.113334 0.101963 2.000000
0.176937 -0.080638 0.293041 3.000000
-0.660306 -0.000909 0.035138 0.000000
0.921547 0.024950 -0.012757 0.000000
0.037472 -0.136551 0.129841 3.000000
0.845138 -0.006697 0.078175 0.000000
0.363634 0.100085 0.022554 0.000000
0.229080 -0.079390 0.215569 3.000000
0.312499 -0.092904 0.016182 0.000000
-0.750150 0.099661 0.079715 2.000000
0.751842 -0.082443 -0.040130 0.000000
-0.119277 -0.026264 -0.003571 0.000000
-0.309691 -0.062823 -0.038537 0.000000
0.285365 0.044756 -0.069574 0.000000
-0.768548 0.356502 0.003199 2.000000
0.361138 -0.104108 -0.036174 0.000000
-0.361543 0.075368 0.076688 0.000000
0.534613 -0.028972 -0.073264 0.000000
-0.732282 0.081209 0.044006 0.000000
0.907503 0.032384 -0.022899 0.000000
0.294870 0.102342 0.016500 0.000000
0.145077 -0.034813 0.244482 1.000000
-0.516168 -0.041052 0.036731 0.000000
-0.075099 -0.020556 0.462401 1.000000
-0.171686 0.039260 0.836007 1.000000
0.305809 -0.035132 0.064104 0.000000
-0.773248 0.096342 0.042519 2.000000
-0.085427 -0.017875 -0.475863 1.000000
0.276631 -0.036512 0.071564 0.000000
-0.080356 -0.027300 0.369584 1.000000
0.371068 -0.093196 -0.006545 0.000000
-0.059275 -0.010202 -0.505439 1.000000
0.034286 -0.022547 0.087069 0.000000
0.194831 -0.131003 -0.258023 3.000000
0.333420 0.037481 -0.071830 0.000000
-0.419368 0.066527 0.082503 0.000000
0.372528 -0.008450 -0.076158 0.000000
-0.141924 0.001082 0.701348 1.000000
0.912547 0.030552 0.036041 0.000000
-0.247990 -0.028654 -0.068034 0.000000
-0.748185 0.107838 0.135363 2.000000
0.459557 0.093315 0.037501 0.000000
0.007763 -0.030539 0.382381 1.000000
0.142794 -0.114170 -0.247244 3.000000
0.259612 -0.061443 -0.297290 3.000000
0.112262 -0.041345 0.086273 1.000000
0.168414 -0.106949 -0.217721 3.000000
-0.525832 0.048128 -0.068565 0.000000
-0.204130 -0.074664 -0.027572 0.000000
-0.249955 0.034348 -0.075335 0.000000
0.135280 -0.033592 -0.216181 1.000000
-0.139906 0.008648 -0.780997 1.000000
0.044507 -0.037256 -0.173383 1.000000
0.245488 -0.050398 -0.287307 3.000000
-0.654783 0.052057 0.062856 0.000000
0.288073 -0.054752 0.086777 0.000000
0.315526 -0.048407 0.276793 3.000000
0.333234 0.091775 0.045731 0.000000
0.072119 -0.031017 -0.051759 0.000000
-0.040983 0.095174 0.051917 0.000000
-0.039337 -0.024963 0.427887 1.000000
0.378448 0.053916 -0.065299 0.000000
-0.026566 -0.024831 -0.343778 1.000000
-0.070267 -0.009512 -0.516191 1.000000
-0.002406 -0.010866 0.562918 1.000000
-0.475839 0.117077 0.017748 0.000000
0.062641 -0.030353 -0.390506 1.000000
0.204548 -0.041398 -0.240659 3.000000
-0.877720 0.130591 0.253349 2.000000
0.021436 0.093262 -0.037794 0.000000
-0.332391 -0.052681 0.062909 0.000000
-0.183952 -0.039513 0.078255 0.000000
0.445433 0.049349 -0.066839 0.000000
0.102465 -0.030512 -0.041192 0.000000
0.059056 -0.120781 -0.156152 1.000000
0.039463 -0.042353 0.118743 1.000000
-0.342454 0.089120 -0.051361 0.000000
-0.788169 0.149680 0.005774 2.000000
-0.313806 -0.027326 -0.067131 0.000000
0.041587 0.093873 0.051572 0.000000
0.242116 -0.043123 0.275545 3.000000
-0.042018 -0.014954 -0.449817 1.000000
0.299304 -0.034282 0.012358 0.000000
-0.607525 0.058774 0.070476 0.000000
-0.479582 0.099023 0.010792 2.000000
0.406193 0.098413 0.028182 0.000000
-0.008035 -0.039008 -0.251332 1.000000
-0.713192 0.012657 -0.009545 0.000000
0.307508 -0.091099 -0.067582 0.000000
0.406140 -0.041876 -0.048015 0.000000
-0.801629 0.164203 0.008376 2.000000
-0.793080 0.128228 -0.192047 2.000000
0.642298 0.070111 -0.050352 0.000000
-0.671908 0.287260 0.003491 2.000000
-0.117392 -0.007361 -0.559467 1.000000
-0.430917 -0.061867 -0.006306 0.000000
-0.830011 0.400627 0.005057 2.000000
-0.796664 0.344448 0.010951 2.000000
-0.266601 -0.080691 -0.006571 0.000000
-0.061718 -0.022972 0.439781 1.000000
0.198867 -0.045858 -0.165391 1.000000
-0.049664 -0.037229 -0.245571 1.000000
0.777197 -0.072116 0.064608 0.000000
0.479204 -0.054911 0.076502 0.000000
-0.508442 0.038756 0.086697 0.000000
-0.783416 0.033127 0.008429 0.000000
-0.152093 0.013693 0.791696 1.000000
0.467761 -0.041159 0.040129 0.000000
0.300764 -0.049017 -0.283218 3.000000
-0.092595 -0.000272 -0.616416 1.000000
0.058605 -0.029663 0.035749 0.000000
-0.088852 0.109882 -0.000438 0.000000
-0.008061 -0.017583 -0.411506 1.000000
-0.010265 -0.044451 0.077193 0.000000
0.938460 0.008675 0.028049 0.000000
0.647423 0.096767 0.008588 0.000000
0.110589 -0.037813 0.151744 1.000000
0.186203 -0.052628 0.259934 1.000000
-0.832772 0.105262 -0.048015 2.000000
0.391192 0.008994 -0.076822 0.000000
0.318791 0.094855 0.039917 0.000000
0.143537 -0.115073 0.249234 3.000000
-0.113835 -0.080983 -0.030307 0.000000
0.194566 -0.060328 0.094556 1.000000
0.152803 -0.035743 -0.200755 1.000000
0.600616 0.065013 0.072945 0.000000
-0.801948 0.210213 0.009146 2.000000
0.229532 -0.059929 -0.096336 1.000000
-0.213608 0.121113 0.860274 1.000000
-0.763345 0.104997 -0.021678 2.000000
0.523754 0.023914 -0.074830 0.000000
0.181663 -0.058867 0.264978 3.000000
-0.140756 -0.071744 -0.012253 0.000000
0.324500 -0.038663 -0.068379 0.000000
-0.063736 -0.065611 -0.063494 0.000000
0.184132 -0.032079 0.040421 0.000000
0.683158 0.032171 -0.071060 0.000000
0.074641 -0.045964 -0.209198 1.000000
-0.105339 0.009471 0.744995 1.000000
0.123466 -0.049814 -0.182118 1.000000
0.235426 -0.060168 0.270527 3.000000
0.263781 0.069447 -0.056511 0.000000
-0.314284 -0.065398 0.049926 0.000000
0.404547 -0.081541 -0.036387 0.000000
0.205663 -0.059133 -0.280192 3.000000
0.065481 -0.035504 0.203569 1.000000
-0.629667 0.086864 0.056882 0.000000
0.174043 -0.090860 0.002827 0.000000
-0.110304 0.075660 0.072095 0.000000
0.053109 -0.095346 0.153788 1.000000
0.219230 -0.040521 0.090600 1.000000
-0.058293 -0.013706 0.559042 1.000000
-0.108286 0.108555 0.026350 0.000000
0.210628 -0.040256 0.242915 3.000000
-0.418332 0.014834 0.090521 0.000000
0.339766 -0.108196 -0.005961 0.000000
0.095005 -0.057407 0.085237 1.000000
-0.032381 -0.045088 -0.128832 1.000000
0.291605 -0.088337 -0.287865 3.000000
-0.814001 0.354271 0.010261 2.000000
-0.159128 0.010029 0.804546 1.000000
-0.706688 0.271383 0.001553 2.000000
0.080960 -0.076629 -0.034820 0.000000
0.783330 -0.075301 -0.046608 0.000000
-0.177713 -0.041371 -0.011165 0.000000
-0.667633 -0.005556 0.020084 0.000000
-0.726706 0.254896 0.013075 2.000000
0.221195 0.092466 -0.033785 0.000000
0.223983 -0.052522 -0.242412 3.000000
0.021621 -0.060991 0.087308 0.000000
-0.148084 0.007878 0.731057 1.000000
-0.587321 0.108502 -0.024758 0.000000
0.497523 0.074916 -0.048095 0.000000
0.042967 -0.029371 0.009305 0.000000
0.792038 -0.125985 0.004818 0.000000
-0.671191 0.267321 0.001340 2.000000
0.058632 -0.030778 0.399266 1.000000
-0.791461 0.141370 0.006146 2.000000
-0.136508 -0.006591 -0.589336 1.000000
-0.172934 0.015073 0.811369 1.000000
0.255444 -0.038929 -0.243606 3.000000
0.174388 -0.057885 -0.055741 0.000000
-0.126472 -0.008131 0.573246 1.000000
0.197221 0.100882 -0.017297 0.000000
0.505356 -0.013414 0.090813 0.000000
-0.130110 -0.001387 0.676444 1.000000
0.109049 -0.044318 0.257385 1.000000
0.218965 0.064642 -0.060255 0.000000
0.080402 -0.023662 -0.368921 1.000000
0.186176 -0.054672 0.160107 1.000000
0.065720 -0.122055 -0.123337 3.000000
-0.459113 0.059040 -0.070052 0.000000
-0.420908 -0.064655 0.002747 0.000000
-0.811665 0.127830 -0.242598 2.000000
-0.613074 -0.006485 -0.033997 0.000000
0.297206 -0.100842 0.303210 3.000000
0.354235 -0.035344 0.040581 0.000000
-0.689908 0.202859 0.014164 2.000000
0.697920 0.012233 -0.074884 0.000000
-0.378588 0.006816 -0.075680 0.000000
0.112740 -0.034813 -0.188702 1.000000
0.006594 -0.013467 -0.457782 1.000000
0.026507 -0.029769 0.285793 1.000000
-0.782142 0.251524 0.004048 2.000000
0.171600 -0.035902 -0.243978 3.000000
-0.596560 0.027260 -0.057202 0.000000
0.154901 -0.112630 -0.280404 3.000000
0.342686 -0.106816 0.054625 0.000000
-0.716617 0.298915 0.012943 2.000000
0.110589 -0.014237 -0.074910 0.000000
0.053879 -0.139472 -0.151612 3.000000
-0.768947 0.378511 0.003464 2.000000
0.112926 0.072872 -0.056166 0.000000
-0.060682 -0.012671 0.495562 1.000000
-0.218865 0.140149 0.864654 1.000000
0.388590 -0.095665 0.007394 0.000000
-0.119251 -0.011636 -0.534484 1.000000
0.021356 -0.062186 -0.049821 0.000000
0.114917 -0.092851 -0.237208 3.000000
-0.497025 -0.026052 0.064688 0.000000
0.182008 -0.119958 0.267872 3.000000
0.656184 -0.082045 0.056165 0.000000
0.161511 -0.076363 0.222127 3.000000
0.209062 -0.065000 0.295855 3.000000
-0.831869 0.120688 0.161063 2.000000
0.319880 -0.034681 -0.012333 0.000000
0.397776 0.035809 -0.071990 0.000000
0.824057 -0.032079 0.079848 0.000000
0.068349 -0.029849 -0.042520 0.000000
-0.783469 0.120741 0.150788 2.000000
0.252577 -0.078859 -0.304910 3.000000
0.674662 0.086041 0.044006 0.000000
0.078517 -0.044610 0.242092 1.000000
0.059959 -0.062186 -0.092141 1.000000
0.144042 0.083386 -0.046210 0.000000
0.643228 -0.081620 -0.041431 0.000000
-0.120047 -0.026264 0.042758 0.000000
0.282312 -0.074186 0.204657 3.000000
0.179990 -0.136259 0.268031 3.000000
-0.235830 0.082483 -0.054255 0.000000
-0.015920 -0.034229 0.262323 1.000000
-0.019238 -0.006272 0.562838 1.000000
0.495585 -0.019600 -0.075149 0.000000
0.475009 -0.072726 0.062697 0.000000
-0.102047 -0.001016 -0.611717 1.000000
0.165255 -0.087143 -0.215384 3.000000
0.537826 -0.072700 0.064077 0.000000
0.055658 -0.025255 -0.432507 1.000000
0.360235 -0.100895 -0.047219 0.000000
0.130422 -0.110294 -0.248704 3.000000
-0.277965 -0.049017 0.070157 0.000000
-0.641588 0.147636 0.016500 2.000000
0.611687 0.078952 -0.045281 0.000000
-0.052585 -0.030964 -0.301405 1.000000
0.309127 -0.059823 -0.292989 3.000000
0.637520 -0.075222 -0.048467 0.000000
0.808499 0.077890 0.000597 0.000000
-0.189262 0.036897 -0.825256 1.000000
0.149325 -0.081461 -0.218278 3.000000
0.235505 -0.110294 -0.287891 3.000000
0.210814 -0.071930 0.087308 0.000000
-0.005592 -0.010574 -0.493199 1.000000
-0.670501 0.103245 -0.042015 2.000000
0.047614 -0.023344 -0.448862 1.000000
0.641343 -0.029158 -0.073928 0.000000
-0.025318 0.105555 0.031368 0.000000
0.752506 -0.030672 0.085821 0.000000
0.725425 -0.093010 -0.025634 0.000000
0.441212 -0.037097 0.040050 0.000000
0.537852 0.026835 -0.074246 0.000000
0.091898 -0.037574 0.161089 1.000000
0.276631 -0.065558 0.066467 0.000000
-0.108153 -0.015485 0.506128 1.000000
0.193159 -0.049947 -0.061211 0.000000
-0.546700 0.070589 0.074962 0.000000
-0.042257 -0.087090 0.009518 0.000000
-0.487494 0.089465 0.067688 0.000000
-0.600649 -0.009697 0.050616 0.000000
0.102279 0.007878 0.092326 0.000000
0.060251 -0.037309 -0.163904 1.000000
-0.876844 0.133511 -0.265218 2.000000
-0.703422 0.247781 0.013633 2.000000
-0.145800 0.096846 -0.037342 0.000000
-0.096100 -0.008184 -0.594407 1.000000
-0.772239 0.098519 0.022554 2.000000
0.522427 0.083147 0.053245 0.000000
-0.436944 0.077146 -0.062193 0.000000
0.404414 -0.036300 -0.000784 0.000000
0.001603 -0.033539 0.082927 0.000000
-0.837073 0.123821 -0.211057 2.000000
-0.420669 0.097882 0.018465 2.000000
-0.154748 0.013082 -0.770988 1.000000
0.523940 -0.032504 0.086857 0.000000
0.680318 0.083359 -0.034210 0.000000
0.260887 -0.033672 -0.045254 0.000000
-0.586232 0.082324 -0.050299 0.000000
-0.022000 -0.014131 -0.552856 1.000000
-0.017221 -0.008927 -0.512421 1.000000
-0.795948 0.117927 -0.180976 2.000000
0.239886 -0.098586 -0.286803 3.000000
0.021011 -0.024778 -0.442543 1.000000
-0.148217 -0.024884 -0.070078 0.000000
-0.508017 0.012392 0.084175 0.000000
0.122430 -0.040362 -0.292033 1.000000
0.791693 0.007055 0.083777 0.000000
0.396237 -0.078806 -0.056697 0.000000
0.003939 -0.045327 0.076794 0.000000
0.162520 -0.115896 0.223534 3.000000
-0.006946 -0.015352 0.450958 1.000000
-0.717228 0.010162 0.001978 0.000000
-0.031876 -0.018432 0.513084 1.000000
-0.775584 0.105475 0.009385 2.000000
-0.577179 -0.019415 0.047085 0.000000
0.259931 -0.049124 -0.258103 3.000000
0.125112 -0.045725 0.246208 1.000000
0.140086 -0.098851 -0.231314 3.000000
-0.431395 0.085218 0.071192 0.000000
0.052392 -0.029556 0.024784 0.000000
0.214265 0.096342 -0.026032 0.000000
-0.754769 0.123794 -0.159418 2.000000
0.441397 -0.021751 -0.074777 0.000000
0.296861 -0.095771 -0.253855 3.000000
0.032666 -0.027725 0.305466 1.000000
0.230859 -0.114276 -0.279820 3.000000
-0.098648 0.098413 0.049156 0.000000
-0.067107 -0.025946 0.372053 1.000000
0.372368 -0.035689 -0.010448 0.000000
0.227036 0.103962 0.000491 0.000000
0.288870 -0.053478 0.241747 3.000000
-0.021177 -0.028972 0.315449 1.000000
-0.015044 -0.021751 -0.464924 1.000000
0.312526 -0.058628 0.289669 3.000000
0.547490 0.067297 0.071962 0.000000
0.292905 -0.034203 -0.042998 0.000000
0.291153 -0.090435 -0.220880 3.000000
-0.510805 -0.027671 0.059457 0.000000
-0.758327 0.107174 -0.114681 2.000000
-0.144553 0.004586 0.744225 1.000000
-0.736264 0.360272 0.003358 2.000000
0.282179 -0.082019 -0.222632 3.000000
-0.093577 -0.010228 0.584476 1.000000
0.270285 -0.043203 0.275890 3.000000
-0.358490 0.075580 -0.061556 0.000000
