0.527415 0.048235 -0.009015 0.000000
0.147565 -0.061742 -0.103575 0.000000
0.125257 0.048235 -0.085577 0.000000
-0.377169 0.043072 -0.240430 1.000000
-0.099030 0.065167 -0.027865 0.000000
-0.190322 -0.030932 -0.065708 0.000000
0.230592 -0.013953 0.047536 0.000000
-0.456810 -0.030932 0.015069 0.000000
0.480668 0.003169 0.073183 0.000000
-0.504694 0.056192 0.063308 2.000000
0.478111 -0.137238 -0.046029 0.000000
-0.010533 -0.013953 -0.024455 0.000000
0.756960 -0.030932 0.052581 0.000000
0.532909 -0.124190 0.032972 0.000000
0.172904 0.048235 -0.092066 0.000000
0.669078 -0.091770 -0.001910 0.000000
-0.302454 0.044754 -0.382566 1.000000
-0.055717 -0.030932 -0.048231 0.000000
-0.091594 0.043451 0.120333 1.000000
0.813274 -0.057432 0.016585 0.000000
0.641371 0.006034 0.073183 0.000000
0.599644 0.035281 0.011114 0.000000
0.184863 -0.030932 0.049099 0.000000
0.784122 -0.004930 -0.039753 0.000000
0.464281 -0.013953 -0.045366 0.000000
-0.440967 0.032723 -0.010033 2.000000
-0.554140 -0.012413 0.017224 2.000000
0.389945 0.048164 0.073183 0.000000
0.757812 -0.070622 -0.087424 0.000000
-0.230912 -0.013953 0.027383 0.000000
0.047321 -0.030932 0.047821 0.000000
-0.446271 0.035092 -0.028789 2.000000
-0.740158 0.010629 -0.033288 2.000000
-0.503675 0.012689 -0.094055 2.000000
-0.370775 -0.030932 0.064611 0.000000
0.720656 -0.013953 -0.000750 0.000000
0.090848 -0.070978 0.055067 0.000000
0.511075 -0.070978 -0.050031 0.000000
0.646888 -0.047675 0.073183 0.000000
0.172880 0.048235 0.007917 0.000000
-0.396185 0.024601 0.501605 1.000000
-0.318984 -0.030932 -0.013680 0.000000
0.498145 -0.077490 -0.103575 0.000000
-0.130953 0.045559 -0.185371 1.000000
-0.436728 0.003572 -0.106062 2.000000
0.035007 -0.035574 0.073183 0.000000
0.389447 -0.013953 -0.076578 0.000000
-0.460551 0.018159 -0.009654 2.000000
-0.823659 -0.010827 -0.061090 2.000000
-0.786929 0.037010 -0.112479 2.000000
-0.345270 0.034902 0.262611 1.000000
-0.125932 0.018088 0.005715 0.000000
0.228958 -0.132100 0.029941 0.000000
-0.518121 0.042599 -0.430190 1.000000
-0.387257 -0.013953 -0.005605 0.000000
-0.387565 0.106065 -0.001555 2.000000
0.482184 -0.067331 -0.103575 0.000000
0.792956 -0.022312 -0.103575 0.000000
0.668936 -0.070978 0.025157 0.000000
0.543448 -0.054780 -0.103575 0.000000
0.582167 -0.030932 0.004365 0.000000
-0.378448 -0.043436 -0.031536 0.000000
0.252545 -0.013953 -0.071629 0.000000
-0.322512 0.018088 0.273102 1.000000
0.195804 -0.013953 0.047394 0.000000
0.590669 -0.110431 0.033067 0.000000
-0.148643 0.018088 -0.008778 0.000000
0.181406 0.026093 -0.103575 0.000000
0.067332 0.018088 0.101601 1.000000
-0.106987 0.031729 0.293066 1.000000
0.272958 -0.013953 -0.053276 0.000000
-0.140473 -0.013953 -0.027273 0.000000
-0.293668 0.043688 -0.182908 1.000000
-0.314958 0.042456 -0.039990 0.000000
-0.243274 0.037910 0.216006 1.000000
-0.311856 -0.052459 0.012062 0.000000
-0.433010 0.049964 -0.052873 2.000000
-0.103790 0.039709 0.208499 1.000000
-0.290921 0.018088 0.373464 1.000000
0.056960 0.009634 0.073183 0.000000
-0.368288 -0.042678 0.073183 0.000000
0.660410 0.003264 0.073183 0.000000
-0.215401 0.018088 0.306541 1.000000
0.396362 0.048235 -0.007215 0.000000
0.556212 -0.070978 0.000766 0.000000
0.767948 -0.030932 0.022505 0.000000
-0.345649 -0.047888 0.037022 0.000000
0.012107 -0.030932 0.012512 0.000000
0.334222 -0.013953 0.008794 0.000000
-0.447266 -0.030340 -0.103575 0.000000
-0.186486 0.060123 -0.070729 0.000000
0.112137 -0.070978 0.040598 0.000000
0.065887 0.048235 -0.009015 0.000000
-0.279554 0.018088 0.160639 1.000000
-0.365447 0.041557 0.094497 1.000000
0.184555 -0.003462 -0.103575 0.000000
0.173875 -0.030932 0.043605 0.000000
0.249561 -0.013953 -0.021021 0.000000
0.552044 -0.032045 -0.103575 0.000000
0.368608 0.041296 0.073183 0.000000
-0.164865 0.021901 -0.032862 0.000000
0.485594 -0.135462 -0.009323 0.000000
0.109864 0.048235 0.005857 0.000000
0.454926 -0.013953 0.014785 0.000000
0.344902 -0.030932 0.002139 0.000000
0.720893 -0.070978 0.047394 0.000000
-0.360663 0.018088 0.311656 1.000000
0.129496 -0.061387 -0.103575 0.000000
0.228484 -0.125990 0.073183 0.000000
0.824594 -0.050351 0.073183 0.000000
0.005784 0.047003 -0.166378 1.000000
-0.433010 0.055671 -0.047758 2.000000
0.211528 -0.013953 -0.038238 0.000000
0.390915 0.006153 -0.103575 0.000000
-0.496831 -0.014426 -0.066632 2.000000
0.196301 -0.108347 0.007799 0.000000
-0.287440 0.042456 0.037732 0.000000
0.665147 -0.013953 0.034748 0.000000
-0.346052 -0.013953 0.061603 0.000000
0.454192 -0.087815 -0.103575 0.000000
-0.552483 0.043498 0.071076 2.000000
-0.021734 -0.030932 -0.047308 0.000000
-0.014890 0.051361 -0.010744 0.000000
0.080499 0.040704 0.146241 1.000000
-0.210641 -0.030932 -0.081433 0.000000
-0.997078 -0.014640 -0.074968 2.000000
-0.373569 -0.044099 -0.011170 0.000000
0.033562 -0.049096 -0.103575 0.000000
0.199119 0.048235 -0.013349 0.000000
-0.395688 0.003785 0.073183 0.000000
0.778273 -0.065768 0.024542 0.000000
0.825281 -0.035077 -0.103575 0.000000
-0.231836 -0.063281 -0.062109 0.000000
-0.303046 0.041012 0.123885 1.000000
-0.469645 -0.031098 0.041640 0.000000
-0.191080 0.020196 -0.103575 0.000000
0.558035 -0.118199 -0.032460 0.000000
-0.107177 0.045535 -0.130738 1.000000
0.216596 0.008047 0.073183 0.000000
0.563648 0.043143 0.062266 0.000000
0.718288 -0.030932 0.014832 0.000000
0.507357 -0.030932 0.068944 0.000000
-0.419061 0.027324 0.428571 1.000000
-0.420435 0.043664 -0.423085 1.000000
0.051063 0.044777 0.125283 1.000000
0.740075 -0.074861 0.063474 0.000000
-0.510827 0.012949 -0.107767 2.000000
-0.489893 0.013470 -0.030826 2.000000
-0.728839 -0.013882 -0.066300 2.000000
0.169068 -0.063471 -0.103575 0.000000
0.252284 0.048235 -0.030470 0.000000
0.340498 -0.030932 0.041356 0.000000
0.373391 -0.013953 -0.015290 0.000000
0.793879 -0.030932 -0.019719 0.000000
0.825470 -0.044691 -0.018961 0.000000
-0.775325 0.068151 0.044387 2.000000
-0.120580 -0.070978 0.068968 0.000000
-0.198113 -0.067828 -0.062180 0.000000
0.411376 -0.030932 -0.090432 0.000000
0.359040 0.013707 -0.103575 0.000000
-0.117194 0.018088 0.056654 0.000000
0.268151 -0.093783 0.073183 0.000000
-0.244719 0.051787 -0.032602 2.000000
0.312980 -0.013953 0.023784 0.000000
-0.385789 0.043593 -0.345599 1.000000
-0.660589 -0.010993 0.043013 2.000000
-0.538203 0.053776 0.064824 2.000000
0.557065 -0.070978 0.054949 0.000000
-0.103695 0.017946 -0.103575 0.000000
0.610419 0.025832 -0.103575 0.000000
0.442281 -0.030932 -0.054886 0.000000
-0.335063 0.058773 -0.032602 2.000000
-0.651353 -0.004149 -0.096328 2.000000
0.444341 0.048235 -0.017943 0.000000
0.163124 -0.027167 -0.103575 0.000000
0.369034 -0.020418 -0.103575 0.000000
0.154551 -0.077987 -0.013680 0.000000
-0.224637 -0.030932 0.054238 0.000000
0.569450 -0.039055 -0.103575 0.000000
-0.027441 0.054629 -0.015385 0.000000
0.381845 -0.013953 -0.074802 0.000000
0.253587 0.032842 -0.111248 0.000000
-0.142130 0.036205 0.284067 1.000000
-0.253765 0.018088 0.306777 1.000000
-0.213199 0.018088 0.361979 1.000000
-0.241237 -0.059871 0.073183 0.000000
0.437378 -0.063068 0.073183 0.000000
0.741425 -0.030932 -0.056544 0.000000
0.540298 -0.114694 0.073183 0.000000
0.113913 -0.039150 -0.103575 0.000000
-0.738453 0.070732 -0.066395 2.000000
-0.023628 -0.008932 0.073183 0.000000
-0.433010 -0.003557 0.005336 2.000000
-0.357253 0.016667 0.073183 0.000000
-0.367862 0.034144 0.275305 1.000000
-0.438528 0.039094 -0.112290 2.000000
-0.149495 0.045985 -0.293998 1.000000
-0.270010 0.032818 0.333277 1.000000
-0.363742 0.022659 0.082017 1.000000
-0.285545 -0.026480 -0.103575 0.000000
0.241320 -0.115736 0.073183 0.000000
0.393497 -0.013953 0.029112 0.000000
-0.236454 0.045109 -0.313345 1.000000
0.666426 -0.092386 -0.065495 0.000000
-0.028246 -0.070978 -0.060001 0.000000
-0.392444 0.018680 0.175061 1.000000
-0.259259 -0.030932 -0.063364 0.000000
-0.400140 0.035731 0.228013 1.000000
0.517374 -0.087957 0.073183 0.000000
0.038109 0.048235 -0.002787 0.000000
-0.219829 -0.009737 -0.103575 0.000000
-0.161976 0.065167 -0.051405 0.000000
-0.006791 -0.070978 0.052865 0.000000
0.175177 -0.093001 0.053694 0.000000
0.333890 0.048235 -0.058604 0.000000
-0.353985 0.033173 0.302515 1.000000
-0.266837 0.018088 0.389828 1.000000
-0.165812 0.045369 -0.219946 1.000000
-0.074236 -0.030932 0.037472 0.000000
-0.372954 -0.013953 0.000576 0.000000
-0.206615 0.018088 0.089026 1.000000
0.207289 0.048235 -0.070397 0.000000
0.153840 0.032463 -0.103575 0.000000
-0.384037 0.160366 -0.006102 2.000000
-0.195508 0.054510 0.052888 0.000000
-0.469456 -0.031122 0.050378 0.000000
-0.213009 0.045109 -0.269227 1.000000
-0.409968 0.033576 0.278312 1.000000
-0.615097 0.042575 -0.615355 1.000000
0.085519 0.048235 0.041829 0.000000
0.007749 0.009445 0.073183 0.000000
-0.306953 0.018088 0.095018 1.000000
-0.256701 -0.013953 0.047229 0.000000
0.500158 -0.131981 0.061059 0.000000
0.537219 -0.030932 -0.083209 0.000000
-0.095904 0.065167 0.062953 0.000000
-0.066776 -0.030932 -0.058154 0.000000
-0.304183 0.044919 -0.413328 1.000000
0.082322 -0.030932 -0.042169 0.000000
0.726174 0.007692 -0.034236 0.000000
0.061080 -0.013953 -0.092089 0.000000
0.692522 -0.030932 -0.028173 0.000000
-0.403290 -0.030932 -0.075678 0.000000
0.327283 0.040515 -0.103575 0.000000
0.516072 -0.008151 -0.103575 0.000000
-0.717116 0.067038 0.046873 2.000000
-0.296297 0.018088 0.226616 1.000000
-0.789155 -0.009335 0.012393 2.000000
0.521092 -0.013953 -0.001318 0.000000
-0.156221 0.040657 0.171604 1.000000
-0.339184 -0.013408 -0.103575 0.000000
-0.394314 0.026756 0.449127 1.000000
-0.404687 -0.032661 -0.103575 0.000000
-0.212867 -0.065839 -0.038830 0.000000
-0.439664 0.059744 0.059140 2.000000
-0.166049 0.059223 0.073183 0.000000
0.672156 -0.091036 -0.074849 0.000000
-0.041579 0.046577 -0.185821 1.000000
0.501058 0.009492 -0.103575 0.000000
-0.202589 0.008308 0.073183 0.000000
-0.128916 0.065167 -0.090716 0.000000
-0.433010 0.044327 -0.009228 2.000000
0.531370 -0.030932 0.056464 0.000000
0.502479 -0.013953 0.048413 0.000000
0.482894 -0.070978 -0.031347 0.000000
0.251503 0.048235 0.039769 0.000000
-0.061211 0.043285 -0.103575 0.000000
-0.310482 0.039283 0.164310 1.000000
-0.203844 0.040041 0.174043 1.000000
-0.521910 0.006887 -0.034212 2.000000
0.237957 -0.084121 -0.103575 0.000000
0.315016 -0.011348 0.073183 0.000000
0.212641 -0.013953 -0.062203 0.000000
-0.247916 0.037412 0.227113 1.000000
-0.127732 -0.030932 -0.065685 0.000000
0.397688 -0.140435 -0.103314 0.000000
-0.280264 0.042504 0.093478 1.000000
0.727974 -0.070978 0.019474 0.000000
0.432737 0.048235 0.030202 0.000000
-0.168962 -0.013953 -0.084275 0.000000
-0.176232 0.026590 0.027573 0.000000
0.568005 -0.013953 0.007657 0.000000
-0.093276 0.065167 -0.008920 0.000000
0.620649 0.030710 0.042374 0.000000
-0.005252 0.047122 -0.206897 1.000000
-0.031562 -0.022099 -0.103575 0.000000
0.635876 -0.013953 -0.007973 0.000000
0.713457 -0.013953 -0.018085 0.000000
-0.274960 0.042883 0.085924 1.000000
-0.417925 0.033268 0.283404 1.000000
-0.397511 -0.030932 -0.008731 0.000000
-0.225939 0.042456 0.050283 0.000000
-0.468319 -0.000075 -0.000419 0.000000
0.308693 0.048235 -0.027368 0.000000
0.448959 0.048235 0.037898 0.000000
0.346418 -0.030932 -0.009489 0.000000
-0.069523 0.063628 0.073183 0.000000
-0.359455 0.106136 -0.001555 2.000000
-0.310032 0.018088 0.260006 1.000000
-0.035351 -0.070978 0.047821 0.000000
0.749666 -0.030932 0.048555 0.000000
0.353593 0.035352 0.073183 0.000000
-0.083211 -0.037374 0.073183 0.000000
-0.419938 0.058749 -0.040345 2.000000
-0.510827 0.008924 -0.091024 2.000000
-0.283390 0.082928 -0.003402 2.000000
-0.273136 0.033623 0.313290 1.000000
0.055491 -0.030932 -0.102344 0.000000
-0.492806 0.012357 -0.048516 2.000000
-0.222624 0.042456 -0.077975 0.000000
0.590669 0.037247 -0.078212 0.000000
0.318711 0.048235 -0.043282 0.000000
-0.003618 0.048448 -0.049250 0.000000
0.590526 -0.064844 -0.103575 0.000000
-0.456005 -0.013953 0.023097 0.000000
-0.082169 0.042291 -0.284809 1.000000
0.151780 -0.014166 0.073183 0.000000
-0.304135 -0.013953 -0.029026 0.000000
-0.109450 0.018088 0.115573 1.000000
-0.522242 0.042646 -0.447951 1.000000
0.206792 0.048235 0.010451 0.000000
0.722669 0.008474 -0.013680 0.000000
0.346300 -0.013953 0.005573 0.000000
-0.422401 0.060502 -0.018369 2.000000
-0.416054 0.160366 -0.030541 2.000000
-0.231220 0.045535 -0.376646 1.000000
0.464281 -0.140435 0.006520 0.000000
-0.335584 0.043214 -0.442622 1.000000
-0.268874 -0.013953 0.014406 0.000000
0.320558 -0.030932 0.012440 0.000000
0.400506 -0.030932 -0.074115 0.000000
0.173259 -0.030932 -0.007381 0.000000
-0.670085 0.031255 -0.028599 2.000000
0.542216 -0.040168 -0.103575 0.000000
0.243498 -0.046325 -0.103575 0.000000
0.633106 -0.030932 -0.072173 0.000000
-0.499247 0.034168 -0.372715 1.000000
0.016701 -0.030932 0.066884 0.000000
0.568076 -0.030932 0.068234 0.000000
0.170488 -0.030932 0.004626 0.000000
-0.562974 -0.006540 0.007017 2.000000
0.304739 -0.030932 0.056299 0.000000
-0.261059 0.044611 -0.274721 1.000000
-0.856908 -0.008174 -0.088087 2.000000
0.693020 -0.070978 0.005407 0.000000
0.297800 0.048235 -0.054720 0.000000
-0.084585 0.045867 -0.148878 1.000000
-0.168654 0.044990 -0.161452 1.000000
-0.086100 0.018088 -0.079538 0.000000
0.197035 -0.030932 -0.079704 0.000000
0.514485 -0.070978 0.055280 0.000000
0.469562 -0.013953 0.039295 0.000000
-0.003854 -0.030932 -0.045366 0.000000
-0.649079 0.024577 -0.028434 2.000000
-0.838531 -0.013053 -0.065258 2.000000
-0.219545 0.018088 0.207505 1.000000
-0.340628 0.018088 0.407163 1.000000
0.236725 -0.137736 -0.053654 0.000000
-0.454773 0.043356 -0.440088 1.000000
0.825470 -0.040547 0.056583 0.000000
0.605825 -0.106831 -0.035207 0.000000
0.823741 -0.013953 -0.082925 0.000000
0.648167 -0.055277 0.073183 0.000000
0.609851 -0.030932 -0.053441 0.000000
0.820947 -0.055585 -0.014035 0.000000
-0.157381 0.018088 0.131677 1.000000
0.077870 -0.030932 0.021321 0.000000
-0.499531 0.041059 0.008723 2.000000
-0.822073 0.030142 -0.005179 2.000000
-0.576448 0.069122 0.028094 2.000000
-0.444637 0.065143 0.012251 2.000000
-0.141467 0.045156 -0.139050 1.000000
-0.433010 -0.002373 -0.003308 2.000000
-0.059269 0.046624 -0.229845 1.000000
-0.785556 -0.013858 -0.078970 2.000000
-0.406818 0.044162 -0.482289 1.000000
-0.257033 -0.013953 -0.013372 0.000000
0.050163 0.018088 0.120025 1.000000
-0.179050 -0.013953 0.004152 0.000000
0.044977 -0.013953 -0.047426 0.000000
0.131319 -0.070978 -0.089792 0.000000
-0.375677 0.009989 0.073183 0.000000
-0.750507 0.028532 -0.002929 2.000000
-0.384297 0.029740 0.378793 1.000000
-0.880400 0.031089 -0.029310 2.000000
0.745095 -0.070978 -0.041695 0.000000
0.576033 -0.070978 0.015874 0.000000
-0.223334 0.018088 0.308838 1.000000
0.376470 0.032510 -0.103575 0.000000
-0.210996 -0.030932 0.063687 0.000000
-0.433010 0.007645 -0.067034 2.000000
-0.323507 0.027987 0.437973 1.000000
-0.223713 0.035305 -0.103575 0.000000
-0.309416 -0.052790 -0.086666 0.000000
0.209397 -0.030932 0.018598 0.000000
-0.463369 0.042977 -0.390428 1.000000
-0.351972 -0.013953 0.071076 0.000000
0.718122 -0.030932 0.061816 0.000000
0.037943 -0.070978 0.060159 0.000000
0.592587 -0.043034 0.073183 0.000000
0.000645 -0.013953 0.008367 0.000000
0.056202 -0.029488 0.073183 0.000000
-0.468366 0.049940 -0.004231 2.000000
0.439818 0.027135 0.073183 0.000000
-0.186438 0.018088 0.196067 1.000000
-0.080251 -0.065247 -0.103575 0.000000
0.542406 0.047785 -0.030115 0.000000
0.723261 -0.030932 -0.060925 0.000000
0.013551 0.045061 0.079293 0.000000
0.407540 0.048235 0.057838 0.000000
0.332967 -0.030932 0.007562 0.000000
-0.115891 0.018088 0.187446 1.000000
0.727855 -0.030932 0.030225 0.000000
0.610419 -0.105718 -0.101633 0.000000
-0.174077 -0.030932 0.028189 0.000000
-0.335182 -0.030932 -0.092492 0.000000
-0.276570 0.037507 0.217167 1.000000
0.036357 0.035707 0.073183 0.000000
0.622686 -0.102806 -0.076483 0.000000
-0.456147 0.000659 -0.000963 0.000000
0.439723 -0.007772 -0.103575 0.000000
-0.208249 0.036394 0.262019 1.000000
0.636563 0.027253 -0.095452 0.000000
0.528031 -0.070978 -0.076318 0.000000
0.643241 0.025785 0.050426 0.000000
0.262988 -0.050612 0.073183 0.000000
-0.565792 0.042883 -0.572492 1.000000
0.073394 0.048235 -0.017090 0.000000
-0.012877 -0.065602 0.073183 0.000000
-0.632455 0.032984 -0.009986 2.000000
0.647315 -0.013953 -0.085932 0.000000
0.028187 0.018088 0.146335 1.000000
-0.467798 0.043025 -0.406248 1.000000
-0.342973 0.043972 -0.327507 1.000000
-0.791405 -0.011632 0.035127 2.000000
-0.411886 0.048945 0.073183 0.000000
-0.024576 0.041959 0.174137 1.000000
-0.377974 0.018088 0.318642 1.000000
-0.298404 0.035163 0.268887 1.000000
-0.270460 0.038312 0.198743 1.000000
0.103280 0.048069 -0.152809 0.000000
0.748908 -0.013953 0.065676 0.000000
-0.569415 0.019178 0.073089 2.000000
0.508447 -0.097714 0.073183 0.000000
0.366310 0.048235 -0.031631 0.000000
0.661263 0.021854 -0.017824 0.000000
0.801836 -0.060155 0.061745 0.000000
-0.007217 0.044777 -0.074281 0.000000
0.268056 0.032723 -0.120270 0.000000
-0.076533 0.018088 0.220174 1.000000
-0.023771 0.042314 0.165920 1.000000
-0.560345 -0.007061 -0.095026 2.000000
-0.299849 -0.021128 -0.103575 0.000000
-0.128064 0.037389 0.258941 1.000000
-0.510827 -0.004812 0.039958 2.000000
-0.187978 -0.013953 -0.065566 0.000000
-0.416599 0.028011 -0.211776 1.000000
-0.344039 -0.013953 0.030107 0.000000
-0.454915 -0.014497 -0.069521 0.000000
0.123504 -0.013953 0.023997 0.000000
0.137737 -0.013953 0.025205 0.000000
0.376636 -0.140435 0.016940 0.000000
-0.290163 -0.013953 0.019427 0.000000
-0.401253 0.119398 -0.029523 2.000000
0.742396 -0.030932 -0.093984 0.000000
-0.336910 0.018088 0.218706 1.000000
0.602604 -0.030932 -0.030920 0.000000
-0.433010 0.052924 0.033304 2.000000
-0.474121 -0.009051 -0.092042 2.000000
-0.167754 -0.013953 -0.057964 0.000000
-0.442175 -0.030932 0.028425 0.000000
-0.297339 0.043356 -0.133508 1.000000
-0.456928 0.018088 0.469279 1.000000
-0.449374 0.020006 0.561187 1.000000
0.559741 -0.013953 -0.098034 0.000000
-0.621798 -0.007132 -0.049913 2.000000
-0.798202 0.049277 -0.107601 2.000000
0.537385 -0.030932 -0.015646 0.000000
0.381893 -0.140435 0.042871 0.000000
-0.196077 0.034736 0.018669 0.000000
0.256144 -0.140435 -0.090290 0.000000
-0.097088 -0.013953 -0.052565 0.000000
-0.574507 0.065688 0.049834 2.000000
0.164213 -0.085021 -0.090029 0.000000
0.158600 -0.030932 -0.004444 0.000000
0.114884 -0.000241 0.073183 0.000000
-0.235317 0.034168 0.309809 1.000000
-0.205171 0.018088 0.078299 1.000000
-0.309345 0.060810 -0.001555 2.000000
-0.096023 0.018088 0.141836 1.000000
-0.374588 0.042456 -0.055691 2.000000
0.524266 0.048235 0.049952 0.000000
-0.288008 0.042456 -0.062369 0.000000
-0.387612 0.034168 0.269219 1.000000
-0.124677 0.018088 -0.045934 0.000000
0.591474 0.020243 0.073183 0.000000
0.326739 -0.002633 -0.103575 0.000000
0.551310 -0.119809 -0.008873 0.000000
0.025818 0.042812 0.166820 1.000000
0.110338 -0.013953 0.006710 0.000000
-0.107579 -0.070978 -0.074518 0.000000
-0.676384 0.066517 0.048034 2.000000
-0.067392 0.021569 -0.103575 0.000000
0.356672 -0.030932 0.056559 0.000000
-0.378448 0.018088 0.309548 1.000000
-0.503202 0.047169 -0.090929 2.000000
-0.249029 -0.037374 -0.103575 0.000000
-0.433010 0.017946 -0.110798 2.000000
-0.069026 0.043783 0.118131 1.000000
-0.152882 0.018088 0.266637 1.000000
0.201961 -0.020252 -0.103575 0.000000
-0.381526 0.018088 0.401527 1.000000
-0.201950 0.035139 0.294889 1.000000
-0.168180 0.023275 0.004697 0.000000
-0.213128 -0.065815 -0.102083 0.000000
-0.375630 0.034689 0.259699 1.000000
-0.059553 0.030829 0.073183 0.000000
0.161632 -0.030932 -0.052849 0.000000
-0.297694 -0.054377 -0.088869 0.000000
0.022219 -0.030932 0.056535 0.000000
0.157345 -0.080024 -0.056378 0.000000
-0.143907 0.042528 0.129119 1.000000
0.161040 -0.082700 0.028686 0.000000
-0.321494 0.018088 0.253920 1.000000
0.051181 -0.013953 0.064919 0.000000
-0.825080 0.041414 0.071526 2.000000
0.250200 0.035139 0.109819 0.000000
-0.277470 0.041462 0.120002 1.000000
0.507618 0.048235 -0.048539 0.000000
0.771548 -0.002183 0.018432 0.000000
-0.141065 0.018088 -0.024408 0.000000
-0.009372 0.043120 0.070863 0.000000
0.006092 0.018088 0.186097 1.000000
-0.317326 0.028721 0.421419 1.000000
-0.393438 0.026708 0.178282 1.000000
-0.618365 0.022517 0.073349 2.000000
0.562085 -0.117228 -0.002739 0.000000
-0.451884 0.018088 0.375927 1.000000
-0.424319 0.025951 0.460896 1.000000
0.022337 0.048235 0.015472 0.000000
-0.158968 0.042007 0.137834 1.000000
0.465512 -0.030932 -0.035893 0.000000
-0.118615 0.018088 0.249705 1.000000
-0.104880 0.045914 -0.193943 1.000000
0.302228 0.013068 -0.103575 0.000000
0.189363 0.040112 -0.103575 0.000000
-0.159489 0.043451 0.102359 1.000000
-0.756759 0.018301 -0.029665 2.000000
-0.133581 0.046174 -0.296058 1.000000
-0.466803 0.018088 0.448061 1.000000
-0.433010 0.015033 -0.082948 2.000000
0.180032 0.048235 0.047678 0.000000
-0.020716 0.018088 0.084148 1.000000
0.324228 -0.140435 -0.069189 0.000000
-0.433010 -0.009193 -0.064714 2.000000
-0.619454 0.033410 -0.113284 2.000000
0.072755 -0.044928 0.073183 0.000000
0.641015 -0.070978 -0.036746 0.000000
-0.359526 0.032913 0.307654 1.000000
0.642294 0.025998 -0.055786 0.000000
0.511288 -0.129329 -0.097513 0.000000
-0.234322 -0.062950 0.057554 0.000000
-0.264587 0.042456 0.041403 0.000000
-0.310482 -0.030932 0.009338 0.000000
-0.394883 -0.013953 -0.066750 0.000000
0.789972 -0.006209 0.023026 0.000000
-0.220421 0.042456 -0.069924 0.000000
-0.432962 0.026022 0.456941 1.000000
0.666662 -0.013953 -0.045840 0.000000
-0.225205 0.035826 0.271681 1.000000
0.568550 -0.030932 -0.066040 0.000000
-0.053728 0.018088 0.126561 1.000000
0.018761 0.018088 0.175251 1.000000
-0.406321 0.032416 0.307488 1.000000
-0.582274 0.042812 -0.593544 1.000000
-0.374232 -0.013953 -0.020571 0.000000
-0.488235 0.000777 -0.075844 2.000000
-0.854753 0.022043 -0.028765 2.000000
-0.366157 0.001653 0.073183 0.000000
0.585838 0.022067 -0.103575 0.000000
0.541340 0.047998 -0.015172 0.000000
0.513799 0.048235 0.029752 0.000000
-0.077220 0.065167 -0.065732 0.000000
-0.234749 0.018088 0.381658 1.000000
-0.136755 -0.043389 0.073183 0.000000
0.675235 0.005987 0.073183 0.000000
-0.105874 0.041059 0.175037 1.000000
-0.204673 0.038265 -0.001318 0.000000
0.033752 -0.013953 -0.062938 0.000000
0.796437 -0.013953 0.038466 0.000000
0.116495 0.035092 0.102619 0.000000
-0.885941 -0.011940 0.029657 2.000000
-0.129153 0.018088 0.221335 1.000000
-0.050910 0.046198 -0.112669 1.000000
0.034557 0.018088 0.113987 1.000000
-0.069097 -0.030932 -0.067461 0.000000
-0.063745 0.064007 0.034654 0.000000
0.243972 -0.140435 0.000316 0.000000
-0.174906 0.044777 -0.136137 1.000000
-0.433010 0.023369 -0.060262 2.000000
0.505107 -0.013953 -0.081764 0.000000
-0.076533 0.065167 0.006804 0.000000
-0.116626 -0.013953 -0.086311 0.000000
-0.408807 -0.001165 -0.103575 0.000000
0.570445 -0.051156 0.073183 0.000000
0.695980 -0.013953 -0.046574 0.000000
-0.471918 0.015412 -0.058343 2.000000
0.271253 0.048235 0.000031 0.000000
0.712036 -0.027901 -0.103575 0.000000
-0.058440 -0.002538 0.073183 0.000000
-0.408594 0.029621 0.375217 1.000000
-0.471918 0.045156 -0.050647 2.000000
0.241793 0.030758 -0.136824 0.000000
-0.257578 -0.013953 0.064303 0.000000
-0.244505 -0.013953 -0.102746 0.000000
-0.149709 -0.051014 -0.103575 0.000000
0.545366 -0.108418 -0.103575 0.000000
0.338129 0.048235 0.040006 0.000000
0.292614 0.048235 0.071691 0.000000
-0.356471 -0.038653 -0.103575 0.000000
0.516593 0.016028 0.073183 0.000000
-0.160034 -0.013953 0.026910 0.000000
0.456395 -0.030932 -0.050907 0.000000
0.163029 0.048235 0.016466 0.000000
-0.432631 0.018088 0.335290 1.000000
-0.323625 0.042456 -0.067674 0.000000
0.031455 0.018088 0.098594 1.000000
0.358898 0.015365 0.073183 0.000000
-0.471918 0.034476 0.016727 2.000000
0.513112 -0.042631 -0.103575 0.000000
-0.180021 0.018088 0.135418 1.000000
0.220551 0.029763 0.110198 0.000000
0.398209 -0.140435 -0.065306 0.000000
0.401548 0.048235 0.013459 0.000000
-0.616683 0.068767 0.040740 2.000000
-0.088752 0.046103 -0.198017 1.000000
-0.293952 -0.030932 0.032049 0.000000
0.598791 -0.108489 0.070507 0.000000
-0.433910 -0.035929 0.012322 0.000000
0.760772 0.000161 -0.042619 0.000000
0.094921 -0.070978 0.020374 0.000000
0.094802 -0.030932 -0.098034 0.000000
-0.473481 0.037223 0.073420 2.000000
-0.028838 0.046861 -0.208626 1.000000
-0.322536 0.042977 -0.117121 1.000000
0.134895 -0.051654 0.073183 0.000000
-0.351782 -0.030932 -0.094434 0.000000
0.560238 0.035068 -0.103575 0.000000
-0.105116 0.046127 -0.232876 1.000000
-0.726755 0.068790 0.033280 2.000000
0.411779 -0.030932 -0.078733 0.000000
0.695862 -0.013953 0.066718 0.000000
-0.314792 0.107959 -0.002597 2.000000
-0.171306 -0.070978 -0.047284 0.000000
-0.189683 0.041628 -0.351780 1.000000
-0.454892 -0.013953 -0.078780 0.000000
0.247856 0.048235 0.064066 0.000000
0.143989 0.023085 0.073183 0.000000
-0.292768 0.083402 -0.001555 2.000000
-0.331795 -0.049759 -0.054270 0.000000
-0.340107 0.018088 0.345283 1.000000
0.357004 -0.006777 -0.103575 0.000000
-0.404142 0.047311 -0.065566 2.000000
0.130798 0.048235 0.064374 0.000000
-0.109403 -0.070978 0.064540 0.000000
0.289109 -0.140435 -0.044111 0.000000
0.350539 -0.013953 0.049478 0.000000
-0.327391 0.043688 -0.248529 1.000000
0.600378 -0.099443 -0.103575 0.000000
0.080286 0.048235 -0.004894 0.000000
-0.343873 0.042954 -0.152761 1.000000
-0.433010 0.010652 0.024400 2.000000
-0.420198 -0.013953 -0.038640 0.000000
-0.460007 -0.030932 -0.090266 0.000000
0.208781 -0.013953 0.008841 0.000000
-0.291489 -0.055206 -0.010270 0.000000
0.207763 -0.030932 -0.007712 0.000000
-0.521815 0.054084 -0.105091 2.000000
-0.287037 0.031468 0.362145 1.000000
-0.570978 0.042859 -0.578886 1.000000
0.787651 -0.005712 0.058596 0.000000
-0.262077 0.063793 -0.001555 2.000000
0.111995 0.044327 0.121588 1.000000
0.447443 -0.054803 0.073183 0.000000
-0.305864 0.018088 0.178945 1.000000
-0.835310 0.037957 -0.112266 2.000000
-0.422045 0.042764 -0.273703 1.000000
0.561540 -0.013953 0.071360 0.000000
-0.681168 -0.013384 0.019403 2.000000
0.323565 -0.030932 -0.077218 0.000000
-0.422732 0.042599 -0.103575 0.000000
0.665644 0.020906 -0.095807 0.000000
0.227371 -0.030932 0.015922 0.000000
0.234144 0.048235 -0.073144 0.000000
-0.450700 0.006840 -0.005368 2.000000
0.595144 -0.030932 -0.096920 0.000000
0.681511 -0.070978 -0.021353 0.000000
0.342511 -0.030932 -0.045508 0.000000
-0.211636 0.041130 -0.080462 0.000000
-0.408144 0.043356 -0.348252 1.000000
-0.555490 0.068435 0.042824 2.000000
-0.369046 -0.044715 0.023358 0.000000
0.084430 0.005940 0.073183 0.000000
-0.191033 0.032652 -0.091308 0.000000
0.115405 -0.013953 -0.057822 0.000000
-0.183857 -0.030932 0.008154 0.000000
-0.366062 0.044422 -0.449916 1.000000
0.106525 -0.013953 0.024921 0.000000
0.596755 -0.070978 -0.073547 0.000000
-0.155747 0.042362 0.129806 1.000000
-0.408760 0.024103 0.510462 1.000000
0.009739 0.048235 -0.038972 0.000000
-0.223618 -0.026101 -0.103575 0.000000
-0.351925 -0.047036 -0.018014 0.000000
-0.160649 0.043688 0.073183 0.000000
0.451966 0.019959 0.073183 0.000000
0.072921 -0.070978 -0.095192 0.000000
-0.549096 0.013352 -0.030849 2.000000
0.481284 -0.030932 -0.033691 0.000000
-0.433010 0.016809 0.030202 2.000000
0.490638 -0.030932 -0.039398 0.000000
0.272200 0.018491 0.073183 0.000000
0.328775 -0.140435 -0.039682 0.000000
0.155711 -0.030932 -0.031110 0.000000
-0.019271 0.035447 0.025086 0.000000
0.198030 -0.109602 0.041000 0.000000
-0.335134 -0.049309 0.065629 0.000000
0.732899 -0.016629 -0.103575 0.000000
-0.383397 0.038810 0.156874 1.000000
0.029986 0.043593 0.148940 1.000000
-0.510827 0.040609 -0.101562 2.000000
0.773655 -0.013953 -0.031157 0.000000
0.825470 -0.046302 -0.064666 0.000000
-0.022539 0.018088 0.094473 1.000000
0.255836 -0.024325 -0.103575 0.000000
-0.209433 0.032629 0.353903 1.000000
0.201511 -0.021152 0.073183 0.000000
0.454169 -0.110810 -0.103575 0.000000
0.371426 -0.030932 0.029799 0.000000
-0.199961 0.021854 0.365863 1.000000
-0.601243 -0.014047 0.037851 2.000000
0.101765 -0.070978 0.067026 0.000000
0.003203 -0.048433 0.073183 0.000000
0.400696 -0.013953 -0.084393 0.000000
-0.272260 0.044730 -0.318721 1.000000
-0.940953 -0.012200 -0.082120 2.000000
0.308007 0.020527 -0.103575 0.000000
0.085046 0.025690 0.073183 0.000000
-0.155582 0.046009 -0.312493 1.000000
0.678337 0.018136 0.056820 0.000000
-0.140236 0.039899 0.194219 1.000000
0.290103 -0.140435 0.030983 0.000000
0.440457 -0.036569 0.073183 0.000000
-0.396777 0.018088 0.315634 1.000000
0.113913 0.048187 -0.112384 0.000000
0.427077 -0.129637 0.073183 0.000000
0.289701 0.048235 0.015780 0.000000
-0.646143 -0.014568 -0.072150 2.000000
-0.476394 0.031421 -0.328217 1.000000
0.021745 0.047074 -0.138529 0.000000
-0.034593 -0.030932 0.043179 0.000000
0.591261 -0.070978 0.071810 0.000000
-0.420861 0.044019 -0.484704 1.000000
-0.101659 0.018088 0.280467 1.000000
-0.111866 0.064457 -0.103575 0.000000
0.057646 0.045369 0.090495 0.000000
0.725961 -0.070978 0.029728 0.000000
-0.353227 0.042456 -0.087685 2.000000
-0.208936 -0.066383 0.000955 0.000000
-0.514640 0.018088 0.602819 1.000000
-0.246613 0.018088 0.335716 1.000000
0.161821 -0.083268 -0.073665 0.000000
-0.213696 -0.013953 -0.057372 0.000000
-0.342428 0.042456 0.003797 0.000000
0.565566 -0.105718 -0.103575 0.000000
-0.519992 0.043191 -0.536117 1.000000
-0.175521 0.034902 0.307654 1.000000
-0.169317 0.023748 -0.072718 0.000000
0.347981 0.009823 0.073183 0.000000
-0.228639 -0.063707 -0.051570 0.000000
-0.277375 0.043475 -0.111674 1.000000
-0.429623 -0.036521 0.033754 0.000000
-0.510827 0.055623 -0.059812 2.000000
-0.026281 -0.033845 -0.103575 0.000000
-0.067344 0.040965 0.187304 1.000000
0.677816 -0.089686 -0.024455 0.000000
-0.076817 0.045890 -0.114539 1.000000
0.443512 -0.140435 -0.036888 0.000000
-0.111795 0.018088 0.278028 1.000000
0.664081 -0.079764 0.073183 0.000000
-0.256299 0.043972 -0.157616 1.000000
-0.284788 0.036844 0.231233 1.000000
-0.273515 -0.013953 -0.041719 0.000000
-0.045842 0.046814 -0.235386 1.000000
-0.218622 0.042456 -0.052399 0.000000
0.710923 -0.070978 -0.011738 0.000000
0.414952 -0.140435 -0.000916 0.000000
-0.380271 0.042456 -0.100354 2.000000
-0.164841 -0.013953 0.016632 0.000000
-0.089273 0.039283 0.222590 1.000000
-0.125932 0.018088 -0.101633 0.000000
-0.363078 0.041178 -0.107577 1.000000
-0.363576 0.043877 -0.350525 1.000000
-0.311453 -0.052506 0.070792 0.000000
-0.545189 0.006934 -0.034307 2.000000
-0.036866 0.043570 0.131463 1.000000
0.158364 -0.013953 0.032570 0.000000
0.215246 0.048235 -0.039777 0.000000
0.055349 0.048235 0.010878 0.000000
-0.001463 0.018088 0.134424 1.000000
0.023782 0.018088 0.136389 1.000000
-0.331630 0.121387 -0.015693 2.000000
0.422743 -0.046917 0.073183 0.000000
-0.165859 0.047714 -0.103575 0.000000
-0.077859 0.038762 0.238456 1.000000
-0.369615 0.042859 -0.187242 1.000000
0.198433 -0.055230 0.073183 0.000000
-0.247252 0.045393 -0.385408 1.000000
-0.429339 0.065522 -0.025426 2.000000
0.745948 -0.060013 0.073183 0.000000
0.116258 0.048235 0.025489 0.000000
0.002090 0.047240 -0.215280 1.000000
-0.458633 0.069169 -0.059906 2.000000
0.590621 -0.070978 -0.032199 0.000000
-0.361444 0.043570 -0.294590 1.000000
-0.023297 -0.070978 -0.077431 0.000000
-0.247087 0.035518 0.273647 1.000000
-0.377808 0.112790 -0.032602 2.000000
-0.127898 0.045890 -0.238038 1.000000
-0.017992 -0.013953 -0.054318 0.000000
0.290767 0.028887 -0.112456 0.000000
-0.329214 -0.042844 -0.103575 0.000000
0.475624 -0.129921 0.073183 0.000000
0.154788 -0.013953 -0.014130 0.000000
-0.006578 0.048164 -0.028907 0.000000
0.225572 -0.024396 0.073183 0.000000
0.015351 0.034405 0.073183 0.000000
-0.362629 0.036868 0.209920 1.000000
0.798876 -0.020962 0.073183 0.000000
0.148796 0.039307 -0.103575 0.000000
-0.130669 0.065072 0.073183 0.000000
-0.461120 -0.030932 -0.011596 0.000000
-0.224187 0.018088 0.269408 1.000000
-0.251705 0.040680 -0.390381 1.000000
-0.400400 0.044611 0.005360 2.000000
0.795063 -0.013953 -0.048492 0.000000
0.157890 0.036370 -0.113403 0.000000
0.472522 -0.070978 -0.001863 0.000000
0.804275 -0.009335 -0.019648 0.000000
-0.095810 -0.070978 0.066789 0.000000
-0.433010 0.056310 -0.100449 2.000000
0.327946 -0.013953 -0.013088 0.000000
-0.025618 0.030545 -0.003071 0.000000
-0.289642 0.018088 0.397975 1.000000
-0.382781 -0.042868 -0.063364 0.000000
0.340071 0.048235 0.019640 0.000000
-0.363363 0.041912 0.086398 1.000000
0.337466 -0.140435 -0.056994 0.000000
0.710805 0.011055 -0.050079 0.000000
0.513420 0.048235 0.062243 0.000000
0.496440 -0.030932 -0.030897 0.000000
0.096105 -0.030932 -0.003402 0.000000
0.825233 -0.049380 -0.103575 0.000000
-0.188428 -0.069154 -0.047497 0.000000
0.709242 -0.013953 0.006212 0.000000
0.376825 -0.030932 -0.003095 0.000000
0.784359 -0.004977 0.034559 0.000000
-0.433010 0.036110 -0.102936 2.000000
0.250911 0.048235 -0.054412 0.000000
0.596186 0.036039 -0.101680 0.000000
-0.093276 0.018088 0.162912 1.000000
-0.466969 0.063059 0.009149 2.000000
-0.202897 -0.013953 -0.050008 0.000000
0.533644 -0.106902 0.073183 0.000000
-0.327983 0.033907 0.291574 1.000000
-0.387565 0.037412 0.189862 1.000000
-0.396825 0.018088 0.409744 1.000000
-0.790600 -0.013195 0.018977 2.000000
0.669930 -0.085400 0.073183 0.000000
0.654016 -0.030932 0.049857 0.000000
0.376493 -0.030932 -0.058793 0.000000
0.007465 0.048235 -0.091640 0.000000
-0.391804 0.042456 -0.049131 2.000000
-0.354435 0.012878 -0.103575 0.000000
-0.404166 -0.013953 -0.103457 0.000000
-0.596341 0.042220 -0.007168 2.000000
-0.379348 0.153996 -0.001555 2.000000
-0.123754 0.045322 -0.109543 1.000000
-0.613084 0.068388 -0.081977 2.000000
0.488815 0.048235 0.011280 0.000000
-0.374872 0.078358 -0.001555 2.000000
-0.138886 0.043996 0.083106 0.000000
-0.500905 0.043285 0.071147 2.000000
-0.268708 0.043877 -0.163821 1.000000
-0.474784 -0.011182 0.049644 0.000000
0.359372 -0.050683 -0.103575 0.000000
0.030105 0.047311 -0.172725 1.000000
-0.212891 0.034878 0.298086 1.000000
-0.039471 -0.030932 -0.035846 0.000000
-0.100025 0.018088 -0.002976 0.000000
-0.359953 0.043356 -0.254000 1.000000
-0.180944 0.040704 0.164002 1.000000
-0.463227 0.043712 -0.514803 1.000000
0.490259 -0.134349 0.007017 0.000000
0.750471 -0.070978 0.021866 0.000000
-0.493161 0.035376 -0.360850 1.000000
-0.480207 0.064078 -0.048184 2.000000
-0.050791 -0.070978 0.030415 0.000000
0.199877 0.026282 0.073183 0.000000
-0.153142 0.039307 0.205160 1.000000
-0.088066 0.020835 0.073183 0.000000
-0.486672 -0.012082 0.047229 0.000000
-0.377287 0.030497 0.361931 1.000000
-0.111037 -0.070978 0.014003 0.000000
-0.271360 0.031397 0.368136 1.000000
-0.302146 -0.053761 -0.073286 0.000000
-0.139644 0.045132 -0.119560 1.000000
-0.123872 0.051455 -0.103575 0.000000
-0.097325 -0.070978 0.041474 0.000000
-0.038050 0.047572 -0.076791 0.000000
-0.105827 -0.030932 -0.002360 0.000000
-0.074330 -0.022786 0.073183 0.000000
-0.134387 0.034263 0.314521 1.000000
0.319989 -0.005356 0.073183 0.000000
-0.141538 -0.062760 -0.103575 0.000000
0.214157 -0.030932 -0.070374 0.000000
0.707868 -0.030932 -0.045769 0.000000
0.318048 -0.076306 -0.103575 0.000000
0.007631 0.002032 -0.103575 0.000000
-0.192122 0.044493 -0.119205 1.000000
-0.233375 0.018088 0.248924 1.000000
0.256642 -0.038487 -0.103575 0.000000
-0.156103 -0.070978 0.025134 0.000000
0.746540 -0.070978 -0.003497 0.000000
0.222611 -0.127482 0.018527 0.000000
0.237341 0.048235 -0.014485 0.000000
-0.220563 0.044825 -0.235694 1.000000
-0.115868 -0.070978 -0.051831 0.000000
0.724540 0.008047 -0.072955 0.000000
-0.082311 0.065167 0.068992 0.000000
-0.297386 0.043783 -0.205713 1.000000
-0.380058 -0.009051 -0.103575 0.000000
-0.290968 0.042954 0.074557 0.000000
-0.441109 -0.013953 0.050662 0.000000
-0.259662 0.042456 0.012938 0.000000
0.300287 -0.030932 0.016608 0.000000
0.349094 -0.041589 0.073183 0.000000
-0.364239 0.036252 0.224508 1.000000
0.211623 0.020906 0.073183 0.000000
-0.195082 0.018088 0.306091 1.000000
0.496416 -0.013953 -0.004894 0.000000
0.825470 -0.013976 -0.000111 0.000000
0.590598 0.037270 -0.091142 0.000000
-0.082358 -0.013953 -0.016853 0.000000
0.146073 -0.071830 -0.055028 0.000000
-0.346478 0.036205 0.230120 1.000000
0.397167 -0.140435 -0.024242 0.000000
0.050589 0.047430 -0.124367 0.000000
-0.121670 0.065167 -0.058154 0.000000
0.574944 -0.101172 0.073183 0.000000
-0.543792 0.069453 0.036619 2.000000
-0.287819 0.045061 -0.405277 1.000000
0.534638 -0.030932 -0.038806 0.000000
-0.418138 -0.038060 -0.020216 0.000000
-0.186462 -0.030932 -0.045650 0.000000
0.665644 -0.006611 -0.103575 0.000000
-0.062940 0.046174 -0.272850 1.000000
-0.398364 -0.013953 0.041592 0.000000
0.696501 -0.030932 -0.047781 0.000000
-0.080227 0.018088 0.033659 0.000000
-0.519329 0.043049 -0.511772 1.000000
0.598673 -0.013953 -0.018109 0.000000
0.115855 -0.013953 0.055186 0.000000
-0.483404 0.018088 0.561093 1.000000
0.564974 -0.013953 0.000363 0.000000
-0.234820 -0.013953 -0.086572 0.000000
-0.313253 0.044848 -0.418207 1.000000
0.280584 -0.060226 0.073183 0.000000
-0.038477 -0.013953 0.063261 0.000000
-0.172111 -0.030932 0.001950 0.000000
0.203193 -0.013953 0.014785 0.000000
-0.340771 0.043806 -0.295916 1.000000
0.139892 0.048235 -0.031915 0.000000
-0.329025 0.042149 0.089145 1.000000
-0.269584 0.018088 0.310093 1.000000
0.646462 -0.030932 -0.080580 0.000000
0.344097 0.048235 -0.076957 0.000000
0.825186 -0.030932 -0.094908 0.000000
-0.367033 0.149639 -0.030115 2.000000
0.015043 0.018088 0.137573 1.000000
0.707773 -0.030932 0.047371 0.000000
-0.014985 0.038762 -0.043756 0.000000
-0.004731 0.042835 0.158129 1.000000
0.340166 -0.140435 -0.090811 0.000000
-0.092470 0.018088 0.032688 0.000000
0.703203 -0.009003 -0.103575 0.000000
0.242954 -0.013953 -0.001792 0.000000
-0.175190 0.065167 -0.028576 0.000000
-0.050838 0.033363 0.059874 0.000000
-0.429458 -0.030932 0.019782 0.000000
0.135440 -0.030932 -0.035159 0.000000
0.301257 -0.140435 0.068542 0.000000
0.249892 -0.107684 0.073183 0.000000
-0.341102 0.044564 -0.424080 1.000000
0.042609 0.045275 0.102833 0.000000
-0.130100 0.018088 -0.015811 0.000000
0.404011 0.048235 0.029870 0.000000
0.208734 0.048235 0.023097 0.000000
-0.201784 0.050603 -0.023934 0.000000
0.169399 -0.030932 0.021297 0.000000
-0.396682 0.043735 -0.391920 1.000000
0.557704 -0.078887 -0.103575 0.000000
0.546313 0.046932 -0.102059 0.000000
0.163171 -0.030932 -0.078117 0.000000
0.540630 -0.030932 0.022813 0.000000
-0.562026 -0.012579 -0.084275 2.000000
0.573168 -0.070978 -0.035728 0.000000
-0.595275 0.034357 -0.113426 2.000000
-0.321068 0.044327 -0.342995 1.000000
0.286717 -0.030932 0.006473 0.000000
-0.548196 0.042291 -0.007452 2.000000
0.605919 0.023440 0.073183 0.000000
0.589769 -0.030932 -0.063103 0.000000
-0.496879 0.066990 -0.089153 2.000000
