-0.594932 0.122973 0.000056 2.000000
0.083711 -0.024508 -0.313797 1.000000
0.555205 -0.077696 0.024440 0.000000
-0.517416 -0.014706 0.062909 0.000000
0.390288 -0.066603 -0.076087 0.000000
0.225261 0.091120 0.018206 0.000000
0.258101 -0.072149 0.085810 1.000000
0.324579 0.031480 -0.089075 0.000000
0.055291 -0.009598 -0.266953 1.000000
0.541503 0.094031 -0.004255 0.000000
0.260353 -0.023657 -0.135343 1.000000
0.008803 -0.012756 0.284941 1.000000
-0.151666 0.014895 -0.092260 0.000000
0.013279 0.016350 -0.609858 1.000000
-0.205924 -0.080003 0.015021 0.000000
0.135773 -0.025909 0.087512 1.000000
-0.052073 0.016707 -0.571992 1.000000
0.106886 -0.027199 0.087842 1.000000
0.323563 0.068906 -0.065433 0.000000
-0.464284 -0.035684 -0.062412 0.000000
-0.125882 -0.060891 0.064035 0.000000
0.032555 -0.029506 -0.145146 1.000000
0.784046 0.066078 0.041162 0.000000
-0.017447 -0.047162 -0.234030 1.000000
-0.173770 0.028295 0.902323 1.000000
0.130116 0.069565 -0.064554 0.000000
0.200740 -0.127479 0.329451 3.000000
-0.363785 0.040349 -0.084956 0.000000
0.156998 -0.072314 -0.059557 1.000000
0.216941 0.016460 -0.092040 0.000000
-0.097929 0.078297 -0.052939 0.000000
-0.129067 0.025137 -0.853774 1.000000
-0.063111 0.025961 0.720107 1.000000
-0.002949 -0.013525 -0.380440 1.000000
-0.784453 0.071652 0.062031 2.000000
0.376449 0.091340 0.016669 0.000000
0.045214 -0.098400 -0.030011 0.000000
-0.126156 -0.074099 0.052145 0.000000
0.262714 -0.055290 0.147317 1.000000
-0.207407 0.024094 -0.090997 0.000000
-0.382731 0.080494 0.043880 0.000000
0.004328 -0.012729 0.356224 1.000000
-0.659543 0.175666 -0.004886 2.000000
-0.681867 0.193047 -0.007138 2.000000
0.934328 -0.009241 0.009914 0.000000
0.060124 -0.022422 0.153908 1.000000
0.006771 -0.032142 -0.161896 1.000000
0.237864 -0.067591 0.042398 1.000000
0.643787 -0.059024 -0.063374 0.000000
-0.104135 0.020634 -0.784358 1.000000
0.596887 -0.072012 -0.044235 0.000000
-0.036119 -0.093759 0.050031 0.000000
-0.208643 -0.035849 0.076254 0.000000
0.053671 -0.010285 0.085233 0.000000
-0.220807 -0.045761 0.069225 0.000000
0.261643 -0.096231 0.076529 1.000000
0.287867 -0.032334 0.122248 1.000000
-0.261308 0.004653 -0.093331 0.000000
0.574865 0.016570 0.085920 0.000000
0.282320 -0.063692 -0.121476 1.000000
-0.801587 0.092768 -0.012163 2.000000
-0.315320 -0.074017 -0.036382 0.000000
0.322849 -0.101722 -0.301743 3.000000
0.669928 0.084997 0.034078 0.000000
0.246953 -0.077421 -0.358143 3.000000
-0.174374 0.025988 0.859048 1.000000
0.001774 -0.098400 -0.026524 0.000000
0.263868 -0.050182 0.334614 3.000000
0.067208 0.008744 0.462407 1.000000
0.229682 -0.027419 -0.048409 1.000000
-0.315649 0.058856 -0.074165 0.000000
0.010341 -0.011713 -0.297020 1.000000
0.283830 -0.041862 0.319511 3.000000
0.805849 -0.021021 0.061783 0.000000
-0.059953 -0.003969 -0.425857 1.000000
-0.773744 0.031425 -0.025316 2.000000
-0.099686 0.051195 0.073948 0.000000
-0.044714 0.019069 -0.592723 1.000000
-0.519256 -0.038705 0.037235 0.000000
0.307033 -0.097164 -0.261186 3.000000
0.817656 0.073217 0.011671 0.000000
-0.494708 0.040377 0.072630 0.000000
0.030990 -0.061742 0.086689 1.000000
-0.510579 0.025357 0.073893 0.000000
0.181793 -0.062758 0.129359 1.000000
0.254422 0.063607 -0.070293 0.000000
-0.550312 0.098260 0.006234 0.000000
0.350473 -0.081430 0.073810 0.000000
0.544551 0.008524 -0.093111 0.000000
0.312882 -0.113228 0.276181 3.000000
0.050925 -0.027584 -0.279694 1.000000
0.218039 -0.040160 0.205997 1.000000
-0.755868 0.076512 0.082762 2.000000
-0.522441 0.089281 0.022188 0.000000
0.676957 -0.080442 -0.018698 0.000000
-0.702159 0.055973 0.044951 2.000000
0.175121 -0.065806 0.286890 3.000000
0.153923 -0.109850 -0.341119 3.000000
0.137146 -0.004216 0.302130 1.000000
-0.005942 -0.049770 -0.064994 1.000000
-0.751145 0.059735 0.046736 2.000000
0.055813 -0.065422 0.052393 1.000000
-0.869190 0.090983 0.312015 2.000000
-0.044165 0.013714 -0.691685 1.000000
-0.364965 0.060312 0.066808 0.000000
0.060261 -0.031675 0.227113 1.000000
-0.206803 0.025274 0.084739 0.000000
0.273945 -0.025936 -0.105028 1.000000
0.138930 -0.005672 -0.091958 0.000000
-0.015662 -0.003557 -0.379341 1.000000
0.617866 -0.025030 -0.086961 0.000000
-0.430290 -0.041643 0.058241 0.000000
0.527444 -0.082309 -0.006204 0.000000
0.237864 -0.047958 -0.316845 3.000000
-0.076182 -0.027501 -0.085643 0.000000
0.429911 -0.044553 0.070186 0.000000
0.037196 -0.012207 -0.262147 1.000000
-0.860513 0.054408 0.006317 2.000000
-0.436825 -0.059326 -0.032922 0.000000
0.082283 -0.016710 -0.182874 1.000000
0.168174 -0.098427 0.007827 0.000000
0.265680 -0.081925 0.354494 3.000000
0.296187 -0.029424 0.090780 1.000000
0.058092 -0.015172 -0.215715 1.000000
0.453141 -0.081897 -0.008978 0.000000
0.033077 -0.000235 -0.536213 1.000000
-0.349890 -0.075142 0.013758 0.000000
-0.056164 0.005806 0.480282 1.000000
-0.720529 0.063909 -0.046734 2.000000
-0.698589 0.105921 -0.011504 2.000000
-0.028266 0.011655 0.658325 1.000000
0.252637 -0.062978 -0.129357 1.000000
0.262248 -0.122838 -0.350043 3.000000
-0.302195 0.041502 -0.084929 0.000000
-0.906781 0.354450 -0.003184 2.000000
-0.603609 0.098397 -0.014113 2.000000
0.053781 -0.006495 0.290405 1.000000
0.688874 -0.080305 0.013484 0.000000
-0.805898 0.171437 -0.005710 2.000000
0.032363 0.002566 0.381678 1.000000
0.229791 -0.055784 0.336700 3.000000
-0.273143 -0.016600 -0.090420 0.000000
-0.337754 0.025164 -0.090393 0.000000
0.499656 0.086233 -0.037562 0.000000
-0.244559 0.056495 -0.075895 0.000000
0.930456 0.002456 -0.017435 3.000000
-0.782311 0.080219 0.122550 2.000000
0.681076 -0.079646 0.018179 0.000000
0.107545 -0.098427 0.015351 0.000000
0.032940 -0.037249 -0.208438 1.000000
0.107325 0.076567 0.049180 0.000000
0.341521 -0.096615 -0.349906 3.000000
-0.822318 0.340281 -0.004118 2.000000
0.190635 -0.097713 -0.280957 3.000000
0.044417 0.012945 0.541543 1.000000
-0.148151 0.030931 0.814675 1.000000
0.242367 -0.112733 -0.266376 3.000000
-0.196643 -0.077861 0.024083 0.000000
-0.346650 0.049630 0.074964 0.000000
-0.515686 -0.048123 0.016531 0.000000
0.019814 -0.096835 0.074442 0.000000
0.029260 -0.045569 -0.098466 1.000000
0.651640 -0.080964 0.009447 0.000000
-0.002922 0.017751 -0.091876 0.000000
0.185940 -0.120916 -0.301276 3.000000
0.646368 0.084118 -0.042642 0.000000
0.136459 -0.098427 0.038059 0.000000
0.068334 0.001303 -0.511308 1.000000
0.088791 -0.007127 0.452329 1.000000
0.203184 0.023517 0.084986 0.000000
-0.194117 -0.080909 0.009365 0.000000
-0.417878 -0.068333 -0.008099 0.000000
0.724296 0.090297 -0.010131 0.000000
-0.005832 -0.011685 0.394336 1.000000
-0.904942 0.345141 -0.002992 2.000000
0.234597 -0.044334 0.291888 3.000000
0.299811 -0.082446 0.255313 3.000000
0.014954 0.013110 0.502359 1.000000
-0.212871 -0.065642 0.048493 0.000000
-0.177230 -0.041753 -0.078476 0.000000
0.687144 0.013495 0.084739 0.000000
-0.547264 -0.001937 0.063843 0.000000
-0.064539 -0.002761 0.584049 1.000000
-0.007425 -0.016216 -0.090118 0.000000
0.319334 -0.124705 0.315612 3.000000
0.681131 0.040789 0.077874 0.000000
-0.129259 0.020030 -0.773100 1.000000
-0.805266 0.077666 0.116619 2.000000
-0.020687 -0.051555 0.094432 1.000000
-0.743512 0.217019 0.007031 2.000000
0.131434 -0.006441 0.266626 1.000000
0.184265 -0.017863 0.123291 1.000000
0.840996 0.066792 0.001786 0.000000
-0.480924 0.062151 -0.067630 0.000000
-0.740491 0.065666 -0.043795 2.000000
0.398004 -0.069513 0.063623 0.000000
0.190635 -0.078492 -0.302484 3.000000
0.554244 -0.060644 0.055111 0.000000
0.287290 -0.123278 0.343977 3.000000
0.075940 0.055095 -0.076966 0.000000
-0.065143 0.011188 -0.536131 1.000000
0.161913 -0.007347 0.278488 1.000000
-0.203508 0.027910 0.846033 1.000000
0.367058 0.045896 0.076858 0.000000
-0.760124 0.076183 0.171124 2.000000
0.354179 0.026263 -0.090722 0.000000
0.227457 -0.044443 -0.302127 3.000000
-0.521480 0.083899 -0.041599 0.000000
0.266147 -0.094858 -0.259868 3.000000
0.010121 0.000479 -0.384531 1.000000
0.029233 -0.040654 0.061976 1.000000
0.168174 -0.062951 0.315722 3.000000
-0.734890 0.217321 -0.010433 2.000000
0.066274 0.009842 0.497828 1.000000
-0.050810 0.007948 0.618317 1.000000
0.146179 -0.092386 0.081636 1.000000
0.598727 0.013275 0.086386 0.000000
0.445590 -0.061138 -0.060545 0.000000
0.125695 0.005367 0.087348 0.000000
0.122400 -0.061440 0.299494 1.000000
-0.557424 -0.036480 -0.027183 0.000000
-0.058443 -0.000812 0.470425 1.000000
0.051419 -0.084066 -0.095583 0.000000
0.246898 -0.024728 -0.081579 1.000000
-0.080850 0.009650 -0.632648 1.000000
0.034340 0.012341 -0.505295 1.000000
-0.240028 0.089885 0.022627 0.000000
0.151232 -0.112706 0.327200 3.000000
0.022835 -0.031785 -0.237352 1.000000
0.144367 -0.071847 0.053216 1.000000
-0.542074 0.013879 -0.075867 0.000000
-0.861502 0.087661 -0.018973 2.000000
-0.091888 -0.086373 0.026828 0.000000
0.085907 -0.047821 -0.048216 1.000000
0.063995 0.082196 0.041217 0.000000
-0.702159 0.006987 -0.024821 0.000000
-0.195572 0.021622 -0.091354 0.000000
-0.529635 0.065996 0.056099 0.000000
0.740030 0.050015 0.065216 0.000000
-0.824076 0.077171 0.193750 2.000000
-0.810291 0.069208 0.058461 2.000000
0.587497 -0.075033 0.030920 0.000000
-0.790192 0.175584 -0.007193 2.000000
0.189097 -0.091673 0.337689 3.000000
0.032390 0.002044 -0.556505 1.000000
0.178251 -0.060122 0.311329 3.000000
0.215595 -0.048562 -0.048216 1.000000
-0.056576 0.016680 0.569166 1.000000
0.062320 -0.016463 -0.380687 1.000000
-0.027223 -0.003997 -0.388513 1.000000
0.084644 -0.068992 0.094542 1.000000
0.285231 -0.027584 -0.115023 1.000000
0.179212 -0.028325 0.275907 1.000000
-0.207050 0.034693 -0.937331 3.000000
0.175176 -0.040737 -0.215934 1.000000
-0.444431 0.074645 0.050663 0.000000
-0.023625 0.077034 0.048548 0.000000
0.769878 0.041997 -0.070568 0.000000
0.262797 -0.098427 -0.024135 0.000000
0.232922 -0.024591 -0.074110 1.000000
0.104332 -0.027666 0.068044 1.000000
0.161035 -0.082968 -0.096599 1.000000
0.315051 -0.060177 -0.330822 3.000000
-0.330312 0.077171 0.048548 0.000000
0.035411 -0.037277 0.223708 1.000000
0.039804 -0.038677 -0.066998 1.000000
0.095985 -0.008692 -0.249132 1.000000
0.714356 -0.070859 0.036521 0.000000
0.040793 -0.026211 -0.093688 1.000000
0.101092 0.001962 -0.378710 1.000000
-0.031534 0.004351 -0.586682 1.000000
-0.603472 0.036780 0.061262 0.000000
0.174023 -0.040984 -0.318575 3.000000
0.109879 -0.069898 0.065683 1.000000
-0.264247 -0.080414 0.010875 0.000000
0.044857 -0.034448 0.094377 1.000000
-0.015882 -0.084863 -0.090393 0.000000
-0.521041 -0.044004 0.024577 0.000000
0.443036 0.081043 0.043221 0.000000
-0.195270 0.027855 -0.887795 1.000000
-0.748427 0.079588 0.113186 2.000000
0.040957 -0.005589 0.477729 1.000000
0.256234 -0.141043 -0.302924 3.000000
-0.047405 0.015746 0.708272 1.000000
0.717157 -0.041313 0.067742 0.000000
-0.198318 0.027663 0.871213 1.000000
-0.049299 0.008772 0.495522 1.000000
-0.061244 0.024423 -0.673946 1.000000
0.207907 -0.044718 -0.302512 3.000000
-0.280365 -0.004326 -0.092095 0.000000
-0.016349 0.009458 -0.637152 1.000000
0.332569 -0.087307 -0.319069 3.000000
0.121549 -0.070227 0.092263 1.000000
-0.743182 0.059955 0.057115 2.000000
-0.612039 0.014291 -0.062248 0.000000
-0.051331 0.010007 -0.648877 1.000000
-0.737992 0.082004 0.027487 2.000000
0.445672 0.085574 0.033034 0.000000
0.007073 -0.029259 -0.244217 1.000000
0.217050 -0.097329 0.073261 1.000000
-0.673986 0.093070 0.005081 2.000000
-0.520656 0.038647 0.071147 0.000000
0.079400 0.002236 0.366301 1.000000
0.074924 -0.013992 0.205695 1.000000
0.341741 -0.111278 -0.344661 3.000000
0.331663 -0.079646 0.082954 0.000000
0.084864 -0.008967 0.085425 0.000000
0.255520 0.093427 0.002225 0.000000
-0.018491 -0.030083 -0.205665 1.000000
0.075226 -0.022861 0.315722 1.000000
-0.486113 -0.056086 -0.005106 0.000000
-0.874819 0.088539 0.236503 2.000000
0.126546 -0.098427 -0.017133 0.000000
-0.088703 0.028624 -0.781200 1.000000
0.532991 0.087633 -0.034185 0.000000
0.115645 -0.007292 -0.259676 1.000000
-0.037767 0.007536 -0.093249 0.000000
0.064270 -0.025058 -0.300343 1.000000
-0.708364 0.088100 -0.026496 2.000000
0.061909 0.010474 -0.511830 1.000000
-0.334019 -0.078959 -0.005902 0.000000
0.116936 -0.017259 0.365340 1.000000
0.295830 -0.031840 -0.071337 1.000000
-0.720227 0.063058 0.079934 2.000000
0.212712 -0.055839 -0.339169 3.000000
0.158289 0.007014 -0.093331 0.000000
0.714658 -0.007594 -0.086576 0.000000
0.187422 -0.014211 -0.192045 1.000000
0.203321 -0.052187 -0.100113 1.000000
0.778198 -0.013937 -0.076389 0.000000
-0.727229 0.093070 0.004944 2.000000
-0.483285 0.050921 0.068703 0.000000
-0.733022 0.058472 0.044622 2.000000
0.207824 -0.133410 0.320802 3.000000
0.774381 -0.072177 0.019717 0.000000
-0.120994 0.019673 0.085508 0.000000
0.043401 -0.006578 -0.303940 1.000000
0.180256 -0.018989 -0.112937 1.000000
0.315765 0.021979 0.085206 0.000000
0.089257 -0.044169 -0.313550 1.000000
0.138738 -0.111498 0.327859 3.000000
-0.086671 0.014648 -0.707309 1.000000
-0.114651 0.014044 0.606181 1.000000
-0.063441 0.001852 -0.466743 1.000000
0.347040 -0.128330 0.310725 3.000000
0.067153 0.064156 -0.069854 0.000000
0.083107 -0.067893 0.060328 1.000000
0.065506 0.009513 -0.487501 1.000000
0.183111 -0.029424 -0.318548 1.000000
0.048509 -0.034915 -0.230460 1.000000
-0.553964 0.103367 -0.004886 0.000000
-0.046142 -0.001004 0.475422 1.000000
0.155488 -0.070804 -0.102667 1.000000
-0.683679 0.102269 0.008870 2.000000
0.211449 -0.048617 0.178154 1.000000
0.211064 0.065254 0.062909 0.000000
0.189454 -0.080195 -0.098713 1.000000
0.230505 -0.072918 0.078149 1.000000
0.161776 -0.081156 0.092208 1.000000
0.249534 -0.098427 0.030892 0.000000
0.064105 -0.004546 -0.488710 1.000000
0.130144 -0.000729 -0.392220 1.000000
-0.538038 -0.043043 -0.024876 0.000000
-0.039387 0.017147 0.085865 0.000000
-0.810429 0.067973 0.027240 2.000000
-0.177065 0.023654 0.782905 1.000000
-0.273857 -0.060891 -0.060353 0.000000
0.336524 -0.093924 -0.069964 0.000000
0.200850 -0.013992 -0.263603 1.000000
-0.215754 0.061740 -0.071748 0.000000
-0.023104 -0.033954 0.186007 1.000000
-0.003031 0.000122 -0.543627 1.000000
-0.824570 0.071817 0.123346 2.000000
-0.136289 0.019343 0.750669 1.000000
0.000209 -0.040352 -0.244711 1.000000
-0.296703 -0.074346 -0.036848 0.000000
0.008391 0.009897 -0.469214 1.000000
0.149612 -0.046393 0.297627 1.000000
0.143022 -0.118747 -0.329916 3.000000
0.028683 -0.039336 0.080016 1.000000
0.055785 -0.048864 0.093196 1.000000
0.340532 -0.129291 0.330577 3.000000
-0.058333 0.008524 -0.628887 1.000000
0.578545 -0.032801 -0.083666 0.000000
-0.167784 0.023105 -0.754620 1.000000
0.739426 0.067835 -0.056399 0.000000
-0.544051 -0.030247 0.041052 0.000000
-0.072886 0.001440 0.508455 1.000000
0.099719 -0.023026 -0.312232 1.000000
-0.332344 0.062069 0.065518 0.000000
0.236244 -0.082556 0.090890 1.000000
0.833911 -0.030467 -0.056426 0.000000
0.081679 -0.015777 0.185238 1.000000
-0.118660 0.029832 0.775189 1.000000
-0.637329 0.060092 0.051129 0.000000
-0.009731 -0.047299 0.131227 1.000000
-0.414830 -0.068360 0.005850 0.000000
-0.538230 0.085354 0.031771 0.000000
-0.487267 0.007865 -0.081277 0.000000
0.294512 -0.140439 -0.324698 3.000000
0.026047 -0.046777 -0.162362 1.000000
-0.780444 0.201148 -0.008895 2.000000
0.630387 -0.075252 -0.036464 0.000000
-0.269656 0.069620 -0.064527 0.000000
-0.004047 -0.004134 0.488492 1.000000
0.011247 0.015087 -0.537971 1.000000
-0.738212 0.233247 0.005850 2.000000
-0.002757 0.012918 -0.507491 1.000000
-0.021648 -0.047052 0.123593 1.000000
-0.529690 0.093070 0.005054 0.000000
-0.066296 -0.000674 0.481847 1.000000
-0.232779 0.042958 -0.084187 0.000000
0.515088 0.061190 0.066094 0.000000
0.588128 0.092411 0.009337 0.000000
0.352422 -0.099718 0.266351 3.000000
-0.075248 0.014373 -0.704618 1.000000
0.111774 -0.039913 0.213218 1.000000
-0.107594 -0.004216 -0.586847 1.000000
-0.055093 0.024258 -0.735262 1.000000
0.789428 0.045923 0.057802 0.000000
0.499217 -0.014404 -0.090777 0.000000
0.091152 -0.014898 -0.191524 1.000000
0.092690 0.001715 0.363061 1.000000
-0.118001 0.025906 0.716428 1.000000
-0.320235 -0.018852 0.082762 0.000000
-0.461208 0.010199 -0.084517 0.000000
0.737778 0.066600 0.052255 0.000000
0.194342 0.000507 -0.092782 0.000000
0.101037 -0.018440 -0.364102 1.000000
0.232784 -0.041505 0.196414 1.000000
-0.104711 0.025137 -0.701817 1.000000
-0.276383 -0.081595 -0.007660 0.000000
0.457699 -0.019868 0.083064 0.000000
-0.043863 0.006493 0.602968 1.000000
0.007046 0.017201 0.570951 1.000000
0.147662 -0.067262 -0.329037 3.000000
-0.099302 0.022062 -0.660711 1.000000
0.302392 0.091230 -0.023531 0.000000
0.141978 -0.085577 0.088061 1.000000
0.042221 0.000452 -0.363443 1.000000
-0.847800 0.094333 0.259926 2.000000
-0.387042 0.042656 -0.083666 0.000000
0.696563 -0.023300 -0.085093 0.000000
0.287317 -0.019291 -0.091299 1.000000
-0.680192 0.152985 0.009008 2.000000
0.110785 -0.020417 0.340819 1.000000
-0.036778 0.016378 0.696218 1.000000
-0.322212 0.021869 -0.091162 0.000000
0.024784 -0.017561 0.348480 1.000000
0.033901 -0.003008 -0.509825 1.000000
-0.362878 -0.064269 0.041217 0.000000
-0.003636 -0.021488 0.236284 1.000000
0.132560 -0.025113 -0.072819 1.000000
-0.661575 0.041722 -0.058898 2.000000
-0.772233 0.066133 -0.039649 2.000000
0.111801 0.011408 -0.092727 0.000000
0.031512 -0.006962 -0.311573 1.000000
-0.211443 -0.018522 -0.089597 0.000000
0.192585 -0.050896 0.318935 3.000000
0.583323 -0.016683 -0.090448 0.000000
0.239127 -0.072781 -0.061781 1.000000
0.275675 -0.041423 0.091357 1.000000
-0.603637 0.085684 0.029272 0.000000
-0.057345 -0.032801 0.079659 0.000000
-0.123218 0.020881 -0.788230 1.000000
-0.051331 -0.080140 0.078973 0.000000
0.036976 -0.016408 -0.373685 1.000000
0.806480 -0.069156 -0.014442 0.000000
0.027558 -0.098400 -0.047557 0.000000
-0.865813 0.272623 -0.003953 2.000000
0.078988 0.069757 -0.064280 0.000000
-0.552426 0.094141 -0.003459 0.000000
-0.058745 0.025576 -0.721807 1.000000
0.150793 -0.072781 0.094487 1.000000
0.679154 0.087798 -0.033361 0.000000
-0.241950 0.077254 0.967208 0.000000
0.172100 -0.012097 0.303311 1.000000
0.027118 -0.036810 -0.108900 1.000000
-0.014399 0.020771 0.085371 0.000000
-0.711605 0.092438 0.006207 2.000000
-0.801450 0.074096 0.176424 2.000000
-0.786210 0.235773 -0.009499 2.000000
0.353493 -0.081595 0.342384 3.000000
0.542492 0.023956 -0.091025 0.000000
-0.028952 0.083322 0.038498 0.000000
0.131214 -0.022724 0.319401 1.000000
-0.047377 -0.092277 0.051514 0.000000
0.030358 -0.003530 0.332335 1.000000
-0.476915 -0.036069 0.053052 0.000000
0.170975 -0.061276 0.329781 3.000000
-0.648697 0.097051 -0.014167 2.000000
-0.826025 0.041777 -0.003980 2.000000
-0.130220 0.019728 0.085508 0.000000
-0.413979 0.092768 0.007168 0.000000
0.008446 0.009513 0.459057 1.000000
-0.575903 -0.010861 0.050361 0.000000
-0.752848 0.165973 0.006674 2.000000
-0.592379 0.077748 0.040832 0.000000
0.264636 -0.058667 0.135812 1.000000
-0.257739 0.032880 -0.088526 0.000000
0.044307 -0.016490 0.370310 1.000000
0.237617 -0.077449 0.351281 3.000000
0.494384 -0.036041 0.076172 0.000000
-0.609321 0.052266 -0.063511 0.000000
0.490924 0.058472 -0.074330 0.000000
0.408026 -0.061742 0.064529 0.000000
0.188164 -0.111360 -0.316131 3.000000
0.265955 -0.098427 -0.007550 0.000000
-0.109269 0.027608 -0.090530 0.000000
0.330071 -0.061797 0.267614 3.000000
-0.875259 0.082553 0.204239 2.000000
-0.329186 -0.056910 -0.062577 0.000000
0.170371 -0.129209 0.296913 3.000000
-0.055450 -0.003805 0.415754 1.000000
0.547462 0.075936 -0.056097 0.000000
-0.007562 -0.000235 -0.394279 1.000000
-0.737498 0.083459 -0.031686 2.000000
-0.469144 -0.051281 0.031387 0.000000
-0.098862 0.023215 0.085041 0.000000
-0.197220 0.038894 0.079824 0.000000
-0.104629 0.014840 0.696959 1.000000
-0.032934 -0.040105 0.085618 0.000000
-0.147821 0.027883 -0.897213 1.000000
0.027146 0.064348 0.063596 0.000000
0.832731 -0.063417 -0.012959 0.000000
-0.133982 -0.081815 -0.009033 0.000000
0.148651 -0.119269 -0.321678 3.000000
-0.873913 0.092411 -0.007001 2.000000
-0.833329 0.079643 0.216816 2.000000
-0.485784 0.019371 0.076858 0.000000
-0.071678 0.023874 -0.663347 1.000000
0.105458 0.088182 -0.032867 0.000000
-0.015717 -0.056470 0.046709 1.000000
-0.081591 0.008717 -0.619249 1.000000
0.007183 -0.046201 0.092537 1.000000
0.172924 -0.066356 0.042398 1.000000
0.091701 -0.015365 0.084629 1.000000
0.013993 -0.040984 -0.243091 1.000000
0.886056 -0.017287 -0.042423 0.000000
0.047932 -0.023959 -0.162747 1.000000
0.186242 -0.047272 0.312097 3.000000
0.124432 -0.019511 -0.351828 1.000000
-0.231680 -0.081540 -0.011476 0.000000
-0.111686 0.017915 -0.635751 1.000000
0.223668 -0.040407 0.042398 1.000000
0.804393 -0.030769 -0.064472 0.000000
-0.553854 0.061245 -0.064554 0.000000
0.002900 -0.011109 -0.413582 1.000000
0.688902 -0.015227 -0.088965 0.000000
-0.714186 0.172728 0.008404 2.000000
0.206451 -0.098427 0.047670 0.000000
0.672179 0.004021 -0.092425 0.000000
0.372412 -0.073687 0.073316 0.000000
-0.406346 -0.038018 -0.072051 0.000000
0.513797 0.054188 -0.077707 0.000000
-0.062178 0.012286 0.535996 1.000000
-0.041886 -0.042796 -0.233810 1.000000
0.331856 -0.080112 0.342330 3.000000
0.199971 -0.073138 -0.066778 1.000000
0.326117 -0.081540 0.266296 3.000000
-0.794805 0.314113 -0.000026 2.000000
0.111938 -0.017891 -0.367397 1.000000
0.792009 0.071707 -0.036601 0.000000
0.817079 -0.063253 -0.026249 0.000000
0.690494 -0.047217 -0.072627 0.000000
0.097852 -0.019429 0.350210 1.000000
-0.812763 0.301729 -0.007797 2.000000
-0.065528 -0.006962 -0.591460 1.000000
-0.195105 0.032963 0.896749 1.000000
0.140056 -0.033707 -0.095528 1.000000
0.807167 0.071405 -0.029929 0.000000
-0.041968 0.014730 -0.546098 1.000000
-0.758477 0.073437 -0.038441 2.000000
0.169437 -0.007374 -0.298723 1.000000
-0.737169 0.234977 -0.008868 2.000000
0.241132 -0.137666 0.288593 3.000000
0.075912 0.002209 -0.371461 1.000000
-0.089499 0.015087 0.706954 1.000000
0.179048 -0.045789 -0.196631 1.000000
0.280645 -0.057157 -0.134821 1.000000
0.257250 -0.023849 0.101791 1.000000
-0.546468 -0.042988 -0.013508 0.000000
0.191514 -0.094611 -0.085615 1.000000
-0.397641 -0.064516 0.031002 0.000000
0.097056 -0.060754 0.124444 1.000000
-0.724290 0.019700 0.026856 2.000000
0.053589 0.010090 0.472594 1.000000
0.702384 0.091450 -0.014085 0.000000
0.312882 -0.115562 0.335932 3.000000
0.243026 -0.139313 0.316738 3.000000
-0.860733 0.081290 0.175600 2.000000
0.566051 0.019892 -0.091574 0.000000
0.899757 -0.021021 0.027844 0.000000
0.800329 -0.039583 -0.060024 0.000000
0.026377 -0.027090 0.161541 1.000000
-0.601962 -0.006852 0.045555 0.000000
0.841243 0.059625 -0.029984 0.000000
0.269359 -0.068003 -0.109834 1.000000
0.103069 -0.060232 -0.313056 1.000000
0.211449 -0.075225 0.346970 3.000000
0.269414 -0.060727 0.128014 1.000000
-0.104739 -0.083709 0.025730 0.000000
0.169162 -0.011850 0.209869 1.000000
0.273341 -0.052818 0.338266 3.000000
-0.648504 0.078023 0.037675 0.000000
0.061112 0.089775 0.022957 0.000000
0.181409 -0.072891 -0.096654 1.000000
0.476206 0.063826 -0.070128 0.000000
-0.897116 0.335393 -0.000054 2.000000
-0.809989 0.078352 0.212230 2.000000
0.002653 -0.098427 0.064117 0.000000
0.548340 0.082800 -0.045827 0.000000
0.082887 -0.020829 -0.342766 1.000000
-0.680164 0.122616 0.009969 2.000000
-0.712977 0.121435 0.008102 2.000000
-0.796672 0.283689 -0.008374 2.000000
-0.015086 0.003719 0.575509 1.000000
-0.666764 0.144473 0.009282 2.000000
-0.249693 0.087551 0.028339 0.000000
0.125997 -0.037139 0.042398 1.000000
0.067675 0.004653 0.395188 1.000000
-0.182584 0.004049 -0.093276 0.000000
0.017920 -0.019456 0.320637 1.000000
-0.003526 -0.025662 -0.365942 1.000000
0.527417 0.059625 -0.073423 0.000000
-0.841951 0.312383 -0.007220 2.000000
-0.115393 0.017421 0.732711 1.000000
-0.172095 -0.065230 -0.055136 0.000000
-0.560911 0.084228 -0.039539 0.000000
0.253680 -0.141702 0.305452 3.000000
-0.253510 -0.002294 0.086304 0.000000
-0.128875 0.088567 -0.031933 0.000000
0.428153 0.089967 0.022490 0.000000
0.654386 -0.033103 0.077435 0.000000
-0.471368 -0.044938 -0.048491 0.000000
0.238413 -0.055894 -0.155498 1.000000
0.376970 -0.028792 -0.085368 0.000000
-0.785853 0.158834 -0.007001 2.000000
0.131022 -0.065120 0.042398 1.000000
-0.061766 -0.055619 0.083558 0.000000
-0.680109 0.027746 0.046159 2.000000
0.031127 -0.062594 -0.061369 1.000000
-0.098094 0.028020 0.809266 1.000000
0.179761 -0.119351 0.334092 3.000000
0.117485 -0.060699 0.094761 1.000000
0.288663 0.057264 -0.075263 0.000000
0.149667 -0.041478 0.042398 1.000000
-0.064978 0.093235 -0.009802 0.000000
0.434249 0.066380 -0.068096 0.000000
0.573850 -0.076598 0.027131 0.000000
-0.455387 0.078874 0.044512 0.000000
0.319224 -0.104963 -0.311875 3.000000
-0.110121 -0.082172 0.002280 0.000000
-0.588974 0.084942 0.031057 0.000000
0.460198 0.083789 0.037373 0.000000
0.078439 -0.085961 -0.093770 0.000000
0.077340 -0.019648 -0.353008 1.000000
0.126821 -0.035849 -0.245123 1.000000
0.114794 -0.010340 0.218902 1.000000
-0.827865 0.073245 0.137185 2.000000
0.008062 0.083542 0.037949 0.000000
0.037086 -0.022120 -0.356249 1.000000
0.284105 0.010694 0.086716 0.000000
0.141292 -0.009598 -0.233343 1.000000
0.175945 -0.052901 0.316820 3.000000
0.003751 -0.046942 -0.065131 1.000000
-0.303622 -0.055372 -0.067190 0.000000
-0.070800 0.025631 0.693252 1.000000
-0.089060 -0.002596 0.598025 1.000000
0.318703 -0.113914 -0.327252 3.000000
-0.774595 0.085162 0.180103 2.000000
0.863759 -0.044965 0.026334 0.000000
0.099060 -0.065999 -0.109092 1.000000
0.097495 -0.098400 -0.005188 0.000000
0.376696 0.079917 -0.050825 0.000000
0.349868 -0.071683 -0.090091 0.000000
0.117073 -0.011383 0.207205 1.000000
0.312470 -0.044279 0.287522 3.000000
-0.143153 0.020277 0.761597 1.000000
0.026130 0.012204 -0.497634 1.000000
0.195825 -0.069651 0.313251 3.000000
-0.822208 0.311724 0.004065 2.000000
-0.590923 -0.022888 0.029904 0.000000
0.191074 -0.042247 -0.208191 1.000000
0.513193 -0.035684 0.076337 0.000000
-0.053226 -0.015667 -0.496014 1.000000
-0.444486 0.089775 -0.028309 0.000000
0.614955 0.068522 -0.065927 0.000000
-0.629009 0.018025 0.053930 0.000000
0.312085 -0.082611 0.085563 0.000000
0.791543 -0.063829 -0.037370 0.000000
-0.741617 0.069703 0.129030 2.000000
0.003586 0.014236 0.517461 1.000000
0.119929 0.037411 -0.086549 0.000000
0.076105 0.088512 0.026005 0.000000
-0.020907 -0.002102 0.506615 1.000000
-0.456677 0.036670 -0.082814 0.000000
0.184210 -0.061688 0.295787 3.000000
-0.172342 0.092850 0.006372 0.000000
-0.825394 0.072943 0.093498 2.000000
-0.001384 0.092768 0.006784 0.000000
0.228968 -0.072946 -0.066531 1.000000
-0.628075 -0.012619 0.027625 0.000000
0.127617 -0.101091 -0.280792 3.000000
0.197582 -0.019291 0.298478 1.000000
-0.096199 0.016899 0.731200 1.000000
0.688160 0.045896 -0.081469 0.000000
-0.038151 -0.000592 -0.522072 1.000000
0.223558 -0.060919 -0.346336 3.000000
0.107298 -0.014733 0.387334 1.000000
0.142473 -0.012097 0.195151 1.000000
0.870432 0.030766 0.037125 0.000000
0.058092 -0.015145 0.386593 1.000000
0.179185 -0.085028 0.322449 3.000000
0.212767 -0.038348 -0.222003 1.000000
0.141978 -0.091261 0.338403 3.000000
0.457699 0.042161 -0.084544 0.000000
0.067373 -0.032883 0.089242 1.000000
0.269250 0.038207 -0.086219 0.000000
0.166581 0.077171 -0.054477 0.000000
-0.829238 0.135686 -0.000960 2.000000
0.203953 -0.047793 0.294524 3.000000
0.315353 -0.065202 0.277252 3.000000
0.117485 -0.004052 -0.299821 1.000000
0.852062 -0.032828 0.042398 0.000000
0.153319 -0.025469 -0.059831 1.000000
0.756752 -0.063720 0.040366 0.000000
0.110154 -0.006990 0.257866 1.000000
0.195248 -0.073138 -0.082814 1.000000
-0.258288 -0.025524 -0.086686 0.000000
0.040491 -0.037441 0.074717 1.000000
-0.280392 -0.040270 0.073206 0.000000
0.177784 -0.050979 0.172305 1.000000
-0.899368 0.092191 0.302816 2.000000
-0.182419 0.026071 -0.857591 1.000000
0.762271 0.025741 -0.078284 0.000000
0.658752 -0.019593 0.083064 0.000000
0.007897 0.007783 0.441565 1.000000
0.088571 -0.022998 0.317424 1.000000
0.002048 -0.016106 0.085068 1.000000
0.025745 -0.021570 -0.307949 1.000000
-0.034939 -0.024728 0.344416 1.000000
0.085715 0.086645 -0.036574 0.000000
-0.274159 -0.075966 0.027570 0.000000
0.802251 -0.057624 -0.042450 0.000000
0.127755 -0.097054 -0.080233 0.000000
0.072096 -0.011054 0.422948 1.000000
-0.456156 -0.047162 0.043716 0.000000
-0.318450 -0.043839 -0.075648 0.000000
0.013883 -0.000757 -0.534566 1.000000
-0.230253 0.081839 0.969103 0.000000
0.052820 0.009266 0.455871 1.000000
0.265158 -0.064955 0.260859 3.000000
0.112131 -0.020115 -0.131114 1.000000
0.029123 0.092383 0.009420 0.000000
0.060343 -0.031318 0.302844 1.000000
-0.884485 0.256422 -0.001784 2.000000
-0.576398 0.107898 0.005658 2.000000
-0.570604 0.073492 0.047230 0.000000
-0.798923 0.238217 -0.008538 2.000000
0.072370 -0.098400 -0.009664 0.000000
0.895501 -0.023300 -0.034954 0.000000
0.188933 -0.132421 0.296171 3.000000
0.221142 -0.098427 -0.064637 0.000000
0.055291 -0.033158 0.086661 1.000000
-0.430619 0.076897 -0.054120 0.000000
0.792943 0.004213 -0.075318 0.000000
0.018277 0.083679 -0.043741 0.000000
0.103975 -0.091096 0.082844 1.000000
0.238331 -0.072616 -0.097807 1.000000
-0.594987 -0.021323 -0.036574 0.000000
0.022121 -0.003914 0.495687 1.000000
0.690082 -0.057734 -0.063731 0.000000
0.255712 0.013302 0.086386 0.000000
-0.788544 0.070142 0.053244 2.000000
0.109247 -0.024179 0.308281 1.000000
-0.280914 0.042711 -0.084379 0.000000
-0.658417 -0.010806 0.005109 0.000000
-0.095760 -0.057404 -0.083583 0.000000
0.018963 -0.040132 0.236476 1.000000
-0.059953 -0.090602 -0.014799 0.000000
-0.012038 0.018190 -0.091793 0.000000
-0.371555 0.092109 -0.017737 0.000000
-0.463487 -0.059546 0.004340 0.000000
0.073771 -0.059079 -0.100827 1.000000
0.204145 -0.065038 0.121094 1.000000
0.003312 -0.014294 0.370365 1.000000
0.071217 -0.012207 0.413530 1.000000
-0.232587 -0.074978 0.031002 0.000000
-0.044082 0.024148 0.704181 1.000000
-0.149414 0.058472 0.068236 0.000000
0.185473 -0.034394 0.243066 1.000000
0.238386 0.019563 -0.091629 0.000000
-0.430839 0.036477 -0.084599 0.000000
0.230066 0.043589 -0.083913 0.000000
-0.002812 0.008854 -0.627376 1.000000
0.238304 -0.035959 -0.202727 1.000000
0.017618 -0.015859 0.249766 1.000000
0.242203 0.091038 0.018756 0.000000
-0.151226 0.023627 0.823874 1.000000
-0.222125 -0.062951 0.052063 0.000000
0.624813 0.059570 0.067358 0.000000
-0.381138 0.088622 -0.031906 0.000000
0.096891 -0.051061 0.093745 1.000000
0.201536 -0.038787 -0.317532 3.000000
0.499079 0.026647 -0.090668 0.000000
0.094804 -0.003887 0.295155 1.000000
0.657242 -0.072177 -0.043823 0.000000
0.080910 -0.000345 0.336536 1.000000
-0.768856 0.060861 0.044457 2.000000
0.024565 -0.048892 -0.152093 1.000000
0.392759 -0.007457 -0.091711 0.000000
0.221444 -0.068937 -0.351690 3.000000
-0.837530 0.251507 0.002253 2.000000
-0.644852 0.116080 -0.013591 2.000000
0.079647 -0.049688 0.042398 1.000000
0.160842 -0.095901 0.077243 1.000000
0.459044 0.010804 0.086716 0.000000
-0.585020 0.038345 -0.069607 0.000000
0.050623 -0.010504 -0.434506 1.000000
0.221334 -0.098427 0.058022 0.000000
0.040848 0.005065 0.554833 1.000000
-0.133241 0.019178 -0.756021 1.000000
-0.694662 0.057785 0.035753 2.000000
0.268151 -0.028078 -0.071501 1.000000
0.347837 -0.092304 -0.067932 0.000000
0.537604 0.020414 0.085398 0.000000
0.169547 -0.070117 0.337277 3.000000
0.156696 -0.056361 0.315310 3.000000
0.210570 -0.097576 -0.078146 1.000000
0.130198 -0.031977 0.261711 1.000000
0.268810 0.089885 0.022627 0.000000
0.779406 -0.066987 -0.036025 0.000000
-0.824158 0.211664 -0.005490 2.000000
0.816091 -0.027611 -0.062715 0.000000
-0.200130 0.043287 -0.941779 3.000000
-0.006793 -0.034394 -0.201738 1.000000
0.085111 0.079286 0.045555 0.000000
-0.750404 0.256148 0.004120 2.000000
0.267465 -0.024893 0.104647 1.000000
0.587249 -0.082364 -0.000218 0.000000
-0.853649 0.201340 -0.000823 2.000000
0.175533 -0.010669 0.085178 1.000000
0.058394 -0.009598 -0.442414 1.000000
0.208593 -0.105237 -0.267639 3.000000
-0.785029 0.085711 0.214646 2.000000
0.187313 0.071735 0.055578 0.000000
0.492681 -0.049002 0.066671 0.000000
0.164659 -0.011191 -0.222195 1.000000
-0.168443 0.027993 -0.800147 1.000000
-0.034279 -0.012619 0.346201 1.000000
-0.814740 0.072394 0.083750 2.000000
0.085029 -0.043125 -0.199624 1.000000
-0.019314 0.038455 -0.086109 0.000000
0.009682 -0.027529 0.178977 1.000000
0.596640 0.024478 0.084849 0.000000
0.567589 0.083871 -0.043246 0.000000
0.505120 -0.079398 0.020101 0.000000
-0.355739 -0.059436 0.049180 0.000000
-0.036119 -0.015447 -0.363855 1.000000
0.015119 -0.004244 -0.497579 1.000000
-0.207325 0.067643 -0.067108 0.000000
-0.111796 0.014950 -0.698522 1.000000
-0.597074 0.062206 0.054260 0.000000
0.002707 -0.026485 -0.260527 1.000000
0.049415 -0.012262 -0.248967 1.000000
0.263236 -0.043812 -0.328845 3.000000
0.331608 -0.096258 -0.028336 0.000000
0.176302 -0.058283 -0.299903 1.000000
0.176219 -0.061001 0.301883 3.000000
0.130226 -0.106720 -0.337302 3.000000
-0.645374 0.085711 0.027268 0.000000
0.230752 -0.043318 0.306935 3.000000
-0.146503 0.022391 -0.806984 1.000000
0.149502 -0.035300 -0.248363 1.000000
-0.347145 -0.070392 0.030590 0.000000
0.158371 -0.057871 -0.317010 3.000000
0.174325 -0.077064 0.093498 1.000000
-0.312519 0.076265 -0.055795 0.000000
0.738849 -0.079426 0.003434 0.000000
0.132203 -0.082803 -0.340432 3.000000
-0.102926 0.083020 -0.045306 0.000000
-0.745846 0.134286 -0.009472 2.000000
0.487162 0.083679 -0.043713 0.000000
-0.043972 0.061657 -0.071803 0.000000
0.354729 -0.061770 0.327200 3.000000
0.622095 0.012094 -0.092645 0.000000
0.543425 0.090626 -0.026963 0.000000
0.231631 -0.137199 -0.295400 3.000000
-0.174923 0.025055 0.836148 1.000000
0.082503 -0.022806 0.303064 1.000000
0.169135 -0.010175 -0.241608 1.000000
0.195715 -0.015722 -0.278211 1.000000
0.252308 -0.065971 0.113351 1.000000
0.286137 -0.086181 -0.260198 3.000000
-0.039469 -0.001388 -0.491565 1.000000
0.402589 -0.083655 -0.010296 0.000000
0.137310 -0.098427 0.055029 0.000000
-0.877785 0.086590 0.249656 2.000000
0.124487 -0.011603 -0.208740 1.000000
0.002927 -0.023959 -0.350867 1.000000
0.638762 -0.061688 0.053711 0.000000
-0.045620 0.018629 -0.091738 0.000000
0.098566 -0.098427 -0.030011 0.000000
0.822324 0.014291 0.060548 0.000000
0.139315 -0.028106 0.283266 1.000000
0.147772 -0.098427 0.001045 0.000000
0.002350 -0.010834 0.307457 1.000000
0.079455 -0.056498 -0.048216 1.000000
-0.039689 0.022528 0.632651 1.000000
-0.469089 0.068439 0.056951 0.000000
-0.709078 0.069730 0.039240 2.000000
-0.855379 0.343549 0.003077 2.000000
-0.831709 0.086397 0.273710 2.000000
0.093486 -0.009022 -0.440657 1.000000
-0.005256 0.017833 0.570622 1.000000
0.667511 0.053749 0.071504 0.000000
-0.083980 0.021293 -0.637564 1.000000
-0.006381 0.074700 -0.057744 0.000000
-0.024120 0.020387 -0.609720 1.000000
0.181684 -0.081128 0.288208 3.000000
0.425545 0.081180 -0.049122 0.000000
0.756505 -0.069760 -0.036107 0.000000
0.140633 -0.060315 -0.100855 1.000000
0.089312 0.091450 0.015872 0.000000
0.160952 -0.071408 0.328710 3.000000
-0.354284 0.019151 -0.090887 0.000000
-0.130358 -0.062594 -0.065817 0.000000
0.188493 -0.133327 0.305864 3.000000
0.620063 0.000342 -0.092754 0.000000
0.178004 0.089308 0.024028 0.000000
0.016245 0.015169 0.600167 1.000000
-0.184204 0.041283 -0.084901 0.000000
-0.020028 -0.079838 0.088116 0.000000
0.263566 -0.044196 0.285380 3.000000
0.055648 -0.027392 -0.131609 1.000000
0.476343 -0.079481 0.019607 0.000000
-0.732446 0.067423 0.111044 2.000000
-0.862326 0.242693 -0.003239 2.000000
-0.689692 0.177753 -0.011037 2.000000
0.153895 -0.022751 -0.319756 1.000000
0.096809 -0.035025 -0.246166 1.000000
-0.117205 0.027773 0.740372 1.000000
0.136294 0.086562 -0.036766 0.000000
-0.805651 0.048559 -0.029435 2.000000
0.785804 -0.066410 0.028201 0.000000
-0.802466 0.228085 0.004504 2.000000
0.146317 -0.016875 0.136883 1.000000
-0.670169 0.053859 0.049839 2.000000
0.257415 -0.045899 -0.098548 1.000000
0.622836 -0.058255 -0.064362 0.000000
-0.084804 -0.004958 0.472896 1.000000
0.102355 -0.029671 0.052063 1.000000
-0.199526 0.032551 -0.900920 1.000000
-0.480155 0.093207 -0.010213 0.000000
-0.827865 0.089610 0.214811 2.000000
0.059272 -0.056251 0.129607 1.000000
0.234761 0.066408 -0.068069 0.000000
0.016107 -0.000592 0.529955 1.000000
-0.479194 -0.019648 0.066479 0.000000
0.045735 -0.033899 -0.311820 1.000000
0.025608 -0.008088 0.450242 1.000000
-0.787748 0.281629 -0.008429 2.000000
0.425957 -0.020637 -0.088828 0.000000
0.478568 0.091587 -0.021032 0.000000
0.394352 0.006383 0.087320 0.000000
-0.828496 0.093702 -0.006561 2.000000
0.192804 -0.073138 0.065161 1.000000
0.210515 -0.018660 -0.134849 1.000000
-0.826602 0.317545 -0.007303 2.000000
-0.826108 0.329655 0.003269 2.000000
0.176714 -0.089009 -0.350537 3.000000
-0.064676 -0.089970 0.004202 0.000000
0.300553 -0.040572 0.297874 3.000000
-0.233712 0.093949 -0.004777 0.000000
0.199257 0.093894 -0.000850 0.000000
0.152934 0.052733 0.072739 0.000000
-0.116161 -0.061276 0.068868 0.000000
0.028601 0.014099 -0.535966 1.000000
-0.036504 0.001660 -0.552936 1.000000
0.293084 -0.046805 0.120271 1.000000
0.188027 -0.067674 -0.117220 1.000000
0.197692 -0.012536 0.260063 1.000000
0.849480 0.006602 0.053052 0.000000
0.821473 -0.040325 -0.053488 0.000000
-0.276960 -0.066795 0.046352 0.000000
0.281139 -0.067811 -0.108076 1.000000
-0.084117 0.006300 -0.579845 1.000000
0.284626 -0.048974 0.131034 1.000000
-0.061656 0.017339 -0.736168 1.000000
0.001829 -0.057816 -0.087208 1.000000
0.005234 -0.047574 -0.049809 1.000000
0.218451 -0.071710 0.042398 1.000000
0.016437 -0.015145 -0.376513 1.000000
-0.133378 0.076512 0.049235 0.000000
0.359424 0.011298 -0.092727 0.000000
0.261863 -0.048150 0.158933 1.000000
0.378041 -0.064653 -0.082293 0.000000
-0.653227 -0.005617 -0.032071 0.000000
0.235063 -0.098427 -0.015129 0.000000
-0.871552 0.082965 0.212340 2.000000
0.088983 -0.025744 0.101406 1.000000
0.183331 -0.104990 -0.281176 3.000000
-0.127639 0.030848 0.806959 1.000000
-0.103558 0.011820 0.640834 1.000000
0.030084 -0.009269 -0.293862 1.000000
-0.012258 -0.027199 -0.214150 1.000000
-0.791070 0.073080 0.167857 2.000000
-0.043780 0.008195 -0.628090 1.000000
0.149282 -0.122756 -0.295620 3.000000
-0.587024 0.050838 0.060301 0.000000
0.190827 -0.016930 -0.311244 1.000000
-0.014070 -0.040627 0.139052 1.000000
-0.561378 -0.026156 0.038910 0.000000
0.271941 -0.048260 -0.099152 1.000000
0.198845 -0.047382 -0.189574 1.000000
0.074018 -0.015227 -0.392824 1.000000
-0.002510 0.059680 0.067275 0.000000
0.920873 -0.014459 -0.024300 0.000000
0.171085 -0.058338 -0.100855 1.000000
0.016711 -0.064022 0.094624 1.000000
0.018524 -0.014541 -0.264701 1.000000
-0.179179 0.033155 -0.936177 0.000000
-0.317462 0.066902 0.061729 0.000000
