0.776700 0.013904 0.090222 0.000000
0.051563 -0.077764 -0.094650 0.000000
-0.025967 -0.060502 0.185796 1.000000
0.032093 -0.038743 0.164979 1.000000
0.269721 -0.025009 0.108050 0.000000
-0.710386 0.077835 -0.105099 2.000000
0.100952 -0.034111 0.136999 1.000000
0.015962 -0.053716 0.122726 1.000000
-0.020043 -0.009525 -0.593039 1.000000
-0.800331 0.070187 0.070940 2.000000
-0.492067 0.091785 -0.085494 0.000000
-0.737235 0.104792 -0.042488 0.000000
-0.529311 0.136138 0.013715 0.000000
0.014266 -0.044776 0.417095 1.000000
-0.896147 0.443756 -0.000423 2.000000
-0.741705 0.070376 -0.077604 2.000000
0.164210 -0.053959 -0.292261 1.000000
-0.008759 0.015439 0.111389 0.000000
0.051294 -0.035566 0.431556 1.000000
-0.816759 0.085807 0.206262 2.000000
0.600418 -0.001122 0.109127 0.000000
-0.184530 0.060035 -0.104237 0.000000
-0.406026 0.059712 -0.104588 0.000000
0.675713 -0.034892 -0.090503 0.000000
-0.794945 0.085187 0.131021 2.000000
-0.079504 -0.017442 0.618852 1.000000
-0.337894 -0.052666 -0.063089 0.000000
-0.065258 -0.006347 0.808195 1.000000
-0.799200 0.301945 -0.007587 2.000000
-0.324887 0.116480 0.067332 0.000000
-0.051389 -0.049354 -0.075719 0.000000
0.502340 0.019560 -0.108681 0.000000
-0.817943 0.118984 -0.013969 0.000000
-0.801382 0.187682 -0.009930 2.000000
0.706898 -0.162862 -0.014588 3.000000
0.114875 -0.069955 0.286297 1.000000
-0.653160 0.147907 -0.009041 2.000000
-0.536636 -0.040871 0.006821 0.000000
-0.017942 -0.011329 0.571429 1.000000
-0.169180 -0.000153 -0.835110 1.000000
0.007048 -0.030314 0.332239 1.000000
-0.536420 0.135896 -0.011303 0.000000
-0.467615 0.125016 0.055348 0.000000
-0.002646 -0.022559 0.605226 1.000000
0.370600 -0.080888 -0.040549 0.000000
0.708433 0.114325 -0.046339 0.000000
0.215404 -0.049354 -0.058753 0.000000
0.018736 -0.073752 0.100509 0.000000
-0.397597 -0.026409 0.086694 0.000000
0.838073 -0.049354 0.028580 0.000000
-0.174943 0.002459 -0.876151 1.000000
0.234281 -0.049354 -0.094300 0.000000
0.267836 -0.122198 -0.242925 3.000000
0.862606 -0.023339 -0.047497 0.000000
0.071572 -0.058079 -0.186885 1.000000
0.728926 -0.160681 -0.014588 3.000000
-0.628816 0.132234 0.019855 0.000000
0.273437 -0.109434 0.343496 3.000000
-0.831139 0.075708 -0.110108 2.000000
0.181607 -0.150798 -0.269101 3.000000
0.199111 0.015709 -0.108196 0.000000
-0.026721 -0.014130 -0.712607 1.000000
0.730758 0.119280 0.007144 0.000000
0.262881 -0.136525 -0.290026 3.000000
-0.039459 -0.030395 0.099190 0.000000
-0.181567 -0.025628 0.099217 0.000000
0.497169 0.119334 -0.059642 0.000000
0.047201 0.036391 -0.108492 0.000000
0.262908 -0.105529 0.250615 3.000000
0.241849 -0.105717 0.244745 3.000000
0.211391 -0.025628 -0.241417 1.000000
-0.247410 0.044820 -0.107388 0.000000
-0.157546 -0.080404 -0.026437 0.000000
0.046958 -0.061149 -0.127720 1.000000
-0.441681 0.122431 0.059388 0.000000
-0.135033 -0.049354 -0.033897 0.000000
0.245619 -0.151067 -0.260295 3.000000
0.012892 -0.041786 -0.262342 1.000000
0.284101 -0.089290 0.007709 0.000000
-0.500577 -0.038232 -0.041545 0.000000
0.176517 -0.044479 0.324699 1.000000
-0.001111 -0.018734 0.658277 1.000000
0.393167 -0.049354 -0.035270 0.000000
0.068637 -0.032388 -0.483704 1.000000
-0.902799 0.091381 0.025294 0.000000
-0.819451 0.076704 -0.121661 2.000000
0.131114 -0.042352 0.099270 1.000000
0.017201 -0.049354 0.016219 0.000000
-0.828392 0.229800 -0.008152 2.000000
0.138627 -0.111103 -0.328562 3.000000
-0.068112 -0.042890 -0.423220 1.000000
-0.754524 0.082306 0.091245 2.000000
0.256445 -0.028698 0.161640 1.000000
0.098825 -0.056463 0.293945 1.000000
-0.755628 0.075789 -0.122604 2.000000
-0.072906 -0.061553 -0.090692 0.000000
0.192783 0.008141 -0.107200 0.000000
0.425429 -0.082073 -0.013888 0.000000
-0.125715 -0.049354 0.019478 0.000000
0.087487 -0.031472 0.205589 1.000000
-0.829981 0.252152 0.011453 2.000000
-0.869325 0.113194 -0.010307 0.000000
-0.123992 -0.002361 -0.850729 1.000000
-0.798608 0.063751 0.047727 2.000000
0.036079 -0.049354 -0.003143 0.000000
-0.746176 0.069137 -0.026276 2.000000
0.330851 -0.078222 0.091192 0.000000
-0.672927 0.194657 0.009217 2.000000
-0.713537 0.005906 0.032350 0.000000
0.113529 -0.061795 0.293191 1.000000
-0.010079 -0.013241 -0.538237 1.000000
0.051509 -0.090314 0.053194 0.000000
-0.030653 -0.008986 -0.606665 1.000000
0.233204 -0.049354 0.010887 0.000000
0.581028 0.125178 -0.048897 0.000000
-0.114081 0.040242 0.111227 0.000000
0.246777 -0.068258 -0.103268 1.000000
-0.832243 0.322546 -0.007371 2.000000
0.021160 -0.042540 0.267312 1.000000
-0.168372 -0.049354 -0.007883 0.000000
0.294739 0.070834 0.103014 0.000000
0.580382 0.089981 -0.088887 0.000000
0.209210 -0.092118 0.341611 3.000000
0.146491 -0.049354 0.104656 0.000000
0.678137 -0.081992 0.012287 0.000000
-0.185741 0.117072 0.065851 0.000000
-0.051254 -0.025790 -0.475975 1.000000
0.016959 -0.098473 -0.125754 1.000000
-0.069594 -0.022774 -0.558946 1.000000
0.147379 -0.026786 0.236585 1.000000
0.006133 -0.018465 -0.657455 1.000000
-0.048454 -0.016284 0.537471 1.000000
-0.803240 0.353650 0.007090 2.000000
-0.847081 0.240060 -0.006563 2.000000
-0.868894 0.086022 -0.192486 2.000000
0.093466 -0.110646 -0.314989 3.000000
-0.130778 0.087880 -0.090961 0.000000
0.001178 -0.087863 -0.079651 0.000000
0.417188 0.112198 -0.068933 0.000000
-0.841049 0.115672 0.006524 2.000000
0.298940 -0.060556 0.308784 3.000000
0.259865 -0.051939 -0.096024 1.000000
-0.058337 -0.013402 0.104252 0.000000
-0.854676 0.098625 0.263380 2.000000
-0.698672 0.129810 0.015708 2.000000
0.110997 -0.037828 -0.418049 1.000000
0.741341 0.060547 -0.088160 0.000000
0.045154 -0.020997 -0.402188 1.000000
0.022695 0.138239 -0.000639 0.000000
0.701539 -0.079084 -0.017928 0.000000
0.624251 0.046974 0.109908 0.000000
0.164641 -0.037558 0.359815 1.000000
0.000316 -0.049354 -0.032497 0.000000
-0.095231 -0.026302 0.098920 0.000000
0.111159 -0.090314 0.021794 0.000000
-0.578242 0.047943 0.086344 0.000000
0.606262 -0.038312 0.090599 0.000000
0.126185 -0.025790 -0.277180 1.000000
0.034059 -0.015153 0.489186 1.000000
0.272522 -0.156049 0.276710 3.000000
-0.780430 0.082333 -0.176086 2.000000
0.550813 0.130510 -0.037425 0.000000
-0.038463 -0.030368 0.380848 1.000000
-0.010860 -0.049354 0.072825 0.000000
-0.112062 0.081175 0.098732 0.000000
-0.143704 -0.072567 -0.051321 0.000000
0.248446 -0.084847 0.301243 3.000000
0.133753 -0.020377 -0.371219 1.000000
0.036456 -0.052208 -0.147864 1.000000
-0.108076 -0.049354 0.042045 0.000000
-0.436753 -0.052450 0.038221 0.000000
-0.071452 -0.084120 0.057529 0.000000
-0.247734 -0.036077 -0.088941 0.000000
-0.546034 0.067575 0.090222 0.000000
0.253859 -0.056275 -0.175574 1.000000
-0.755897 0.067683 -0.026437 2.000000
-0.444536 0.045681 -0.104830 0.000000
-0.844792 0.192017 -0.005809 2.000000
0.022183 -0.066831 -0.158662 1.000000
0.538076 -0.049354 -0.006429 0.000000
0.030100 -0.049354 -0.072837 0.000000
-0.030869 -0.045664 0.100401 0.000000
0.044696 -0.039740 0.126523 1.000000
-0.374680 0.121704 -0.057972 0.000000
0.520194 -0.049354 0.010591 0.000000
-0.072233 -0.005431 0.683026 1.000000
-0.093561 -0.002200 -0.735497 1.000000
0.016016 -0.042567 -0.128878 1.000000
-0.347374 -0.070547 0.015115 0.000000
-0.694148 0.131641 0.001058 0.000000
0.237028 -0.106337 -0.277153 3.000000
0.069498 -0.053258 -0.280250 1.000000
0.018682 -0.014937 -0.497573 1.000000
0.102433 -0.015826 0.456978 1.000000
-0.855457 0.087045 -0.180745 2.000000
-0.369860 -0.049354 -0.028780 0.000000
0.709860 -0.024928 -0.095647 0.000000
-0.008625 -0.035862 -0.279900 1.000000
-0.873042 0.388631 0.008544 2.000000
0.795281 0.075573 -0.049274 0.000000
0.023637 -0.146624 -0.137146 1.000000
0.250385 0.029685 0.112628 0.000000
-0.037332 -0.033492 0.431422 1.000000
0.068233 -0.038205 -0.396533 1.000000
0.026572 -0.051858 -0.138519 1.000000
-0.797261 0.046705 -0.039498 0.000000
0.252055 -0.103940 -0.237432 3.000000
-0.153318 0.137673 -0.005055 0.000000
-0.431421 0.124128 0.057152 0.000000
0.424028 -0.049354 -0.028942 0.000000
0.351183 0.135088 0.027745 0.000000
-0.016300 -0.025925 -0.573730 1.000000
0.046043 -0.049354 0.029738 0.000000
0.266543 -0.114523 0.266450 3.000000
-0.771032 0.156713 -0.011626 2.000000
-0.134036 0.000359 -0.797705 1.000000
-0.208955 -0.049354 0.021821 0.000000
0.340142 -0.049354 0.025106 0.000000
-0.130859 -0.049354 -0.066590 0.000000
0.031177 -0.121229 -0.126131 1.000000
0.025792 -0.038097 0.186280 1.000000
0.014481 -0.175223 -0.109866 1.000000
-0.361835 0.004156 0.107592 0.000000
0.452978 -0.069578 0.056398 0.000000
-0.246899 0.027962 -0.109596 0.000000
-0.801839 0.073634 0.101129 2.000000
-0.071398 -0.049354 0.094046 0.000000
-0.826211 0.158625 0.010456 2.000000
-0.733842 0.075735 0.126012 2.000000
-0.689166 0.233624 -0.003332 2.000000
-0.449733 -0.049165 0.041479 0.000000
0.121311 -0.090044 -0.260457 3.000000
-0.887422 0.384457 0.008006 2.000000
0.698011 0.125555 0.016973 0.000000
0.054472 -0.054793 0.140446 1.000000
-0.230202 0.035664 0.111847 0.000000
0.269128 -0.119155 0.284035 3.000000
-0.392292 -0.049354 -0.044400 0.000000
0.023556 -0.024605 0.105249 0.000000
-0.701338 0.100564 -0.050001 0.000000
0.176544 -0.140484 -0.251354 3.000000
-0.867198 0.341100 0.009217 2.000000
0.481712 0.135950 0.021282 0.000000
0.024472 -0.085197 0.141389 1.000000
0.282943 -0.147028 -0.251651 3.000000
0.095055 -0.091256 -0.311246 3.000000
0.529377 -0.027729 0.098328 0.000000
0.262127 -0.144792 0.289475 3.000000
-0.891246 0.054649 -0.010199 0.000000
-0.066443 -0.035673 -0.414791 1.000000
0.115010 0.085080 0.096335 0.000000
0.314613 -0.137064 -0.257225 3.000000
-0.071048 -0.001069 -0.105988 0.000000
-0.623672 0.103365 -0.058726 0.000000
0.109543 -0.048169 -0.103510 0.000000
-0.911686 0.069380 -0.016770 0.000000
-0.347993 -0.049354 0.062942 0.000000
0.212145 -0.044991 -0.263284 1.000000
-0.273667 0.138454 0.002189 0.000000
0.136284 -0.113473 -0.302359 3.000000
-0.636653 0.132961 -0.008933 0.000000
-0.088390 -0.043375 0.565801 1.000000
0.552052 0.029793 -0.109354 0.000000
0.727149 -0.078115 -0.021859 0.000000
-0.721347 0.283498 -0.001366 2.000000
0.212199 -0.055655 0.282500 1.000000
0.030585 0.019613 -0.108708 0.000000
0.090234 -0.041894 0.354807 1.000000
-0.160131 -0.000476 -0.812435 1.000000
-0.843177 0.368757 0.009002 2.000000
0.241525 -0.133132 -0.258491 3.000000
-0.757675 0.085510 0.119091 2.000000
0.115629 -0.059668 0.143354 1.000000
0.130144 -0.045422 0.320713 1.000000
0.037587 0.113329 -0.067478 0.000000
0.175090 -0.074964 -0.098017 0.000000
0.200458 -0.049354 -0.094220 0.000000
-0.823787 0.248839 -0.008556 2.000000
0.193833 -0.049354 -0.100494 0.000000
-0.357284 -0.034892 0.084351 0.000000
-0.673412 0.117638 0.015384 2.000000
0.252378 -0.113877 0.330058 3.000000
0.114687 -0.061984 -0.280869 3.000000
0.716485 0.066202 0.097655 0.000000
-0.076838 0.000978 0.772433 1.000000
0.022910 -0.130654 -0.160197 1.000000
0.363275 -0.078680 -0.077954 0.000000
-0.013903 0.004075 0.109908 0.000000
0.110108 -0.121821 0.275229 3.000000
-0.038086 -0.000126 -0.750254 1.000000
-0.339618 -0.072378 -0.004975 0.000000
-0.692559 0.109882 -0.000423 2.000000
0.253267 -0.141184 -0.301201 3.000000
0.300286 -0.085035 -0.335618 3.000000
0.068502 -0.058590 0.107053 1.000000
0.677598 -0.029318 0.097978 0.000000
-0.884729 0.364475 -0.004813 2.000000
0.577743 -0.073321 -0.044076 0.000000
0.208240 -0.131408 0.295238 3.000000
-0.080662 -0.042029 -0.579709 1.000000
0.208698 -0.103859 0.311261 3.000000
-0.062269 0.024676 -0.109381 0.000000
0.747023 0.063859 0.087233 0.000000
-0.006659 -0.089721 0.008894 0.000000
0.044939 -0.014399 -0.491244 1.000000
-0.026991 -0.001230 -0.726906 1.000000
0.279900 -0.043456 0.139423 1.000000
-0.677316 0.147368 -0.010953 2.000000
0.745919 0.084460 -0.070333 0.000000
0.394082 -0.006266 0.107215 0.000000
0.002794 -0.017523 0.479599 1.000000
0.234658 -0.110107 0.307437 3.000000
0.733316 -0.049515 -0.070602 0.000000
-0.694902 0.158598 0.014361 2.000000
0.100602 -0.052235 0.224144 1.000000
-0.497211 -0.035242 -0.049839 0.000000
-0.811642 0.074388 0.062134 2.000000
-0.063238 -0.006374 -0.103941 0.000000
-0.782235 0.121462 -0.015450 0.000000
0.013027 -0.043564 -0.118483 1.000000
0.208240 -0.069255 -0.299936 3.000000
0.116545 -0.048411 0.282689 1.000000
-0.765323 0.203193 0.014253 2.000000
0.062470 -0.029856 0.270786 1.000000
0.131679 -0.008393 0.107161 0.000000
-0.030222 -0.048680 -0.097263 0.000000
0.112640 -0.125996 -0.254801 3.000000
0.279065 -0.080269 -0.324334 3.000000
-0.817916 0.144056 0.010618 2.000000
0.234147 -0.122252 0.263461 3.000000
0.016258 -0.022424 0.612174 1.000000
0.271875 -0.103078 -0.268455 3.000000
0.615741 -0.046661 0.084163 0.000000
0.016124 -0.074183 -0.099175 1.000000
0.074669 -0.027217 -0.302467 1.000000
-0.081685 -0.015341 -0.657859 1.000000
0.190332 -0.066696 0.107215 1.000000
-0.254547 0.124101 -0.052909 0.000000
-0.446502 0.010996 0.103202 0.000000
-0.821741 0.078455 0.139234 2.000000
0.716296 0.043823 -0.103214 0.000000
0.797436 -0.049354 0.009217 0.000000
-0.351198 -0.016095 0.099055 0.000000
0.122092 -0.049354 0.070159 0.000000
0.058942 -0.048276 0.235966 1.000000
-0.313846 0.079451 -0.097020 0.000000
0.031581 0.004290 -0.106688 0.000000
-0.503054 -0.022962 0.068247 0.000000
-0.107241 -0.012487 0.677721 1.000000
-0.812073 0.298902 0.011291 2.000000
-0.170957 -0.002415 -0.894113 0.000000
0.076123 -0.031014 -0.226848 1.000000
-0.326799 -0.049354 -0.004274 0.000000
0.202585 -0.059210 -0.187316 1.000000
-0.316593 0.029901 0.112601 0.000000
0.020109 -0.104506 0.123884 1.000000
-0.482318 0.137970 0.004343 0.000000
-0.712864 0.008357 -0.032281 0.000000
0.267432 -0.040655 0.163094 1.000000
-0.109261 -0.040628 -0.569260 1.000000
-0.690243 0.060547 -0.062954 0.000000
-0.011991 -0.062495 0.102691 0.000000
0.019840 -0.047442 -0.191463 1.000000
-0.769955 0.076974 -0.131490 2.000000
-0.721777 0.124989 0.022790 0.000000
0.009661 -0.115466 0.162474 1.000000
0.351129 -0.049138 0.098436 0.000000
0.274380 -0.113877 -0.339684 3.000000
-0.813931 0.066848 0.029738 2.000000
-0.330758 -0.058590 0.059226 0.000000
0.269532 -0.071921 -0.099606 0.000000
0.112748 -0.093276 -0.309980 3.000000
0.753621 0.113706 -0.000477 0.000000
0.218689 -0.026409 -0.202369 1.000000
0.015504 -0.132351 -0.129390 1.000000
-0.116290 0.135330 -0.022775 0.000000
-0.015142 -0.068016 0.195006 1.000000
-0.524059 0.126336 -0.043996 0.000000
-0.750700 0.202709 0.014119 2.000000
0.182926 -0.043160 0.318532 1.000000
-0.914056 0.086507 -0.019651 0.000000
0.627778 0.061328 -0.102837 0.000000
0.213061 -0.049354 -0.079381 0.000000
0.607446 0.135438 0.013526 0.000000
0.195799 -0.089398 -0.076204 0.000000
0.052102 -0.030018 -0.279254 1.000000
-0.000223 -0.090287 -0.021240 0.000000
0.143986 -0.020593 -0.366533 1.000000
-0.642146 0.193256 0.004936 2.000000
0.023826 0.135707 -0.019813 0.000000
0.016258 -0.038824 0.316755 1.000000
-0.177609 0.003833 -0.889616 1.000000
0.656943 -0.073052 0.048346 0.000000
-0.009783 -0.049542 -0.100171 0.000000
0.777104 -0.015180 0.085348 0.000000
-0.309160 0.102934 0.083543 0.000000
0.190090 -0.090314 -0.002605 0.000000
0.136203 -0.046472 -0.304837 1.000000
-0.020528 0.007172 -0.107065 0.000000
0.102272 0.131830 0.037467 0.000000
-0.179682 0.068006 -0.100952 0.000000
-0.680090 0.113948 -0.042272 0.000000
0.224641 -0.052424 0.263649 3.000000
-0.014711 0.089738 -0.089534 0.000000
-0.643924 0.117476 -0.043026 0.000000
0.278042 -0.136633 -0.328212 3.000000
-0.609373 0.109343 0.059495 0.000000
-0.053759 0.137646 -0.005217 0.000000
-0.285624 0.102988 0.083193 0.000000
0.151365 0.135196 0.026937 0.000000
0.238590 -0.039524 -0.279873 1.000000
-0.281988 0.068949 -0.101033 0.000000
0.557357 0.100672 0.084378 0.000000
0.208240 -0.107037 0.250804 3.000000
-0.628035 0.154828 -0.004921 2.000000
0.148860 0.049048 0.110069 0.000000
-0.136083 -0.049354 0.051039 0.000000
0.188662 -0.011517 -0.104911 0.000000
0.083987 -0.126857 -0.295438 3.000000
0.431245 0.009569 0.110635 0.000000
0.534305 -0.073106 0.047835 0.000000
0.217046 -0.027648 -0.159686 1.000000
-0.203380 0.056399 0.109019 0.000000
0.121527 -0.125268 -0.318059 3.000000
-0.092295 -0.001230 -0.861609 1.000000
0.113502 -0.018331 0.456493 1.000000
0.007183 -0.043725 -0.224613 1.000000
0.843351 -0.024848 0.058149 0.000000
-0.852710 0.041292 -0.013080 0.000000
-0.024271 -0.030045 0.437992 1.000000
0.267647 -0.038420 -0.096024 1.000000
0.208240 -0.126130 0.282312 3.000000
-0.605549 0.117153 0.051578 0.000000
-0.170715 0.010296 0.897683 1.000000
0.222567 -0.092953 -0.307018 3.000000
-0.072529 0.003833 -0.816717 1.000000
0.005056 -0.118051 -0.148187 1.000000
0.289810 -0.040467 -0.114525 1.000000
-0.051254 -0.028241 -0.416164 1.000000
-0.364393 -0.049354 0.058230 0.000000
-0.815143 0.095232 0.218327 2.000000
0.200404 -0.066912 0.109288 1.000000
0.125081 -0.100978 0.270086 3.000000
-0.033562 -0.019515 0.635360 1.000000
0.267459 -0.095053 -0.309684 3.000000
-0.207958 -0.081615 -0.017362 0.000000
-0.159566 -0.049354 0.066955 0.000000
-0.141361 0.130456 0.040779 0.000000
-0.101317 -0.007828 -0.776726 1.000000
0.055280 -0.034704 0.448091 1.000000
0.227926 -0.090125 -0.071679 0.000000
0.126132 -0.142503 -0.272898 3.000000
0.123546 -0.140753 -0.298104 3.000000
-0.366951 0.022495 -0.107711 0.000000
0.193187 -0.090314 0.048858 0.000000
0.046958 -0.036347 -0.176571 1.000000
-0.388334 -0.049623 0.061461 0.000000
0.854446 0.041884 -0.023852 0.000000
-0.490828 0.047647 -0.099309 0.000000
0.028781 -0.060287 -0.129147 1.000000
0.769375 -0.049354 -0.044157 0.000000
-0.765969 0.083006 -0.098151 2.000000
0.799132 -0.075556 0.006875 0.000000
0.464180 -0.049354 0.037925 0.000000
0.296893 -0.069012 -0.249658 3.000000
-0.103310 -0.010521 0.727891 1.000000
0.512789 -0.049354 0.017485 0.000000
-0.654130 0.066094 0.071856 0.000000
0.786287 0.047189 -0.074103 0.000000
0.133457 -0.076606 0.286270 3.000000
0.238806 -0.103051 -0.248554 3.000000
0.645794 0.025026 -0.109273 0.000000
-0.566581 -0.025628 0.042153 0.000000
-0.053220 -0.040790 -0.572195 1.000000
0.314451 0.116049 0.067170 0.000000
0.359181 -0.049354 0.021632 0.000000
0.000074 -0.045287 0.119522 1.000000
-0.012745 -0.035781 0.318047 1.000000
0.715650 -0.145762 -0.001393 3.000000
-0.835798 0.398784 0.006013 2.000000
0.156885 0.094774 0.088902 0.000000
0.185027 0.137377 0.010429 0.000000
0.072730 -0.034084 0.464599 1.000000
-0.315031 -0.049380 0.074307 0.000000
0.713415 -0.070116 0.050582 0.000000
0.320995 0.057881 0.108373 0.000000
-0.080015 -0.049354 -0.026060 0.000000
0.097694 -0.017307 -0.429198 1.000000
0.160386 -0.054255 0.232357 1.000000
-0.034423 -0.022720 -0.562851 1.000000
-0.291952 -0.058564 -0.062443 0.000000
0.592500 0.135734 0.015277 0.000000
0.266274 -0.028402 -0.128932 1.000000
-0.093480 -0.082208 0.037278 0.000000
0.097263 0.099406 0.085348 0.000000
0.233608 -0.134209 0.277303 3.000000
0.073322 -0.019892 -0.399629 1.000000
0.208267 -0.052397 0.254036 1.000000
0.167065 -0.049354 -0.031312 0.000000
0.182442 -0.049354 0.104522 0.000000
0.237001 -0.076553 -0.273545 3.000000
0.000666 -0.033654 0.301863 1.000000
0.023422 -0.090125 0.073068 0.000000
0.385950 0.121058 0.060626 0.000000
-0.096092 -0.049354 0.054486 0.000000
0.231265 0.132153 -0.033466 0.000000
-0.331539 -0.049354 -0.016231 0.000000
-0.216791 0.135600 0.023921 0.000000
0.743953 0.076462 -0.078573 0.000000
-0.747441 0.077189 0.137888 2.000000
0.225395 -0.066265 0.106461 0.000000
0.876797 0.026884 -0.025549 0.000000
0.233797 -0.073617 0.280938 3.000000
-0.846731 0.394260 0.007548 2.000000
-0.714076 0.261765 0.006444 2.000000
0.152334 -0.024282 -0.299128 1.000000
0.548982 -0.083985 0.000654 0.000000
0.207513 -0.063088 0.152187 1.000000
0.171400 -0.029345 -0.147891 1.000000
0.031581 -0.033573 -0.248177 1.000000
0.091204 -0.047280 0.277653 1.000000
-0.038005 -0.004650 -0.669815 1.000000
-0.781911 0.070995 0.081578 2.000000
0.107308 -0.024928 0.314951 1.000000
-0.228398 0.100187 0.084755 0.000000
0.234766 -0.087755 -0.262476 3.000000
0.067021 -0.029533 0.524383 1.000000
0.122281 -0.027298 0.248946 1.000000
0.277423 0.126955 0.049235 0.000000
0.238671 -0.087271 -0.297566 3.000000
0.571738 0.131076 0.038652 0.000000
-0.229583 0.110824 0.073956 0.000000
-0.690862 0.122889 0.015600 2.000000
-0.282419 -0.049354 -0.017578 0.000000
0.268024 -0.058321 -0.319621 3.000000
0.124139 -0.041867 -0.365779 1.000000
0.156077 0.035394 -0.108627 0.000000
-0.261953 0.027100 -0.109596 0.000000
-0.506690 -0.008070 -0.078062 0.000000
-0.445613 0.129918 0.043176 0.000000
0.560400 0.116937 -0.062766 0.000000
-0.301782 -0.075664 0.020124 0.000000
0.334002 0.113921 0.069917 0.000000
-0.753824 0.069003 -0.064624 2.000000
-0.801220 0.077243 -0.044561 0.000000
0.224641 -0.111669 0.264700 3.000000
-0.643977 0.019263 -0.061877 0.000000
0.132649 -0.032145 -0.129686 1.000000
0.240664 -0.090314 0.001085 0.000000
0.018170 -0.142557 0.131721 1.000000
0.714088 -0.049354 0.011776 0.000000
-0.181433 0.026831 -0.109650 0.000000
-0.079773 -0.049354 -0.038071 0.000000
0.351614 0.053599 0.109477 0.000000
0.247719 -0.049354 0.093858 0.000000
0.447699 -0.035700 -0.089211 0.000000
-0.190670 0.116022 -0.063951 0.000000
0.159147 -0.049354 -0.071087 0.000000
0.050702 -0.138895 0.164306 1.000000
-0.011075 -0.037316 0.293434 1.000000
0.202612 -0.049354 0.007198 0.000000
0.110351 -0.061849 0.110796 1.000000
-0.857799 0.095044 0.239547 2.000000
0.018224 -0.006670 -0.622311 1.000000
0.175386 -0.076580 0.100132 0.000000
0.133860 -0.019946 0.382113 1.000000
0.030450 0.045358 -0.107307 0.000000
0.096374 0.061004 -0.103860 0.000000
0.222217 -0.027029 0.231657 1.000000
-0.417633 0.118499 -0.061958 0.000000
0.039310 -0.016472 0.468181 1.000000
0.292880 -0.059156 -0.302063 3.000000
0.040468 0.135761 -0.019409 0.000000
0.586711 -0.049354 -0.002712 0.000000
0.751009 -0.049354 -0.005755 0.000000
-0.852360 0.088957 -0.224263 2.000000
0.583721 0.048428 0.110015 0.000000
-0.229179 -0.054605 0.076299 0.000000
-0.028607 -0.028187 -0.469835 1.000000
-0.660108 0.089092 -0.061742 0.000000
-0.082251 -0.012029 0.723905 1.000000
0.235924 -0.047926 -0.278042 1.000000
0.271525 -0.100251 -0.227279 3.000000
0.016770 -0.068581 0.093373 1.000000
0.701135 -0.056167 -0.003062 1.000000
0.865595 -0.055790 -0.017847 0.000000
-0.751185 0.071130 0.086613 2.000000
0.511038 0.137431 -0.006833 0.000000
0.238806 -0.065888 -0.096024 1.000000
0.452789 -0.004893 0.107780 0.000000
-0.122564 -0.077980 -0.062685 0.000000
-0.672765 0.049425 0.068247 0.000000
0.078170 -0.034731 -0.155673 1.000000
-0.168695 -0.049354 0.055806 0.000000
0.291615 -0.042244 0.106999 0.000000
0.239371 -0.118509 -0.294200 3.000000
-0.484392 0.135223 0.026829 0.000000
0.124462 -0.100089 -0.327054 3.000000
0.096240 -0.019946 0.391566 1.000000
0.738863 -0.069928 -0.042757 0.000000
0.221759 -0.049354 -0.022317 0.000000
0.007964 -0.006885 -0.619861 1.000000
0.497169 -0.083150 0.008867 0.000000
-0.050743 -0.016607 -0.532582 1.000000
-0.105437 0.043554 -0.107550 0.000000
-0.052574 -0.005512 0.669103 1.000000
0.070037 -0.033600 0.191370 1.000000
0.051348 -0.048007 0.230041 1.000000
-0.753635 0.038734 0.048939 0.000000
0.560400 -0.049354 0.006067 0.000000
-0.571456 0.116803 0.007979 2.000000
-0.006605 -0.029830 -0.471909 1.000000
0.786125 -0.060772 0.050905 0.000000
0.062874 -0.040763 -0.348167 1.000000
0.064974 -0.049354 -0.035378 0.000000
0.149291 -0.090314 -0.043646 0.000000
-0.112843 -0.008313 -0.755856 1.000000
0.322342 -0.087701 -0.042111 0.000000
0.058969 -0.010682 0.555056 1.000000
-0.079342 -0.022612 0.562865 1.000000
0.446353 -0.049354 0.030276 0.000000
-0.158435 0.006256 0.898033 1.000000
0.057973 -0.002657 -0.105476 0.000000
0.060262 -0.033519 -0.204120 1.000000
0.124058 -0.041652 0.295588 1.000000
0.317548 -0.049354 -0.001339 0.000000
-0.103956 -0.041975 0.568790 1.000000
0.527708 0.010484 -0.107496 0.000000
0.521029 0.090735 0.091999 0.000000
0.357646 0.084218 -0.093762 0.000000
-0.752989 0.088015 0.140742 2.000000
0.099741 -0.090314 0.043553 0.000000
0.086249 -0.045422 -0.293526 1.000000
0.167388 -0.053851 -0.270071 1.000000
0.265251 -0.114981 -0.326354 3.000000
0.261507 -0.064623 0.281288 3.000000
0.074480 -0.049354 -0.040172 0.000000
0.586738 0.056669 -0.105342 0.000000
0.271310 -0.079246 -0.294361 3.000000
-0.437373 -0.004166 0.097224 0.000000
-0.765296 0.274234 0.010779 2.000000
-0.819990 0.207152 0.011857 2.000000
0.269559 -0.089694 0.055752 0.000000
-0.839164 0.330194 -0.007102 2.000000
-0.835529 0.201712 -0.007048 2.000000
0.485967 0.114918 -0.065378 0.000000
0.492241 -0.049354 0.041695 0.000000
0.644232 -0.054605 -0.073322 0.000000
-0.024109 -0.021050 0.462014 1.000000
0.219443 -0.054039 -0.256740 3.000000
-0.397328 0.019667 -0.105826 0.000000
0.114956 -0.028752 -0.221462 1.000000
0.246911 -0.099551 0.231280 3.000000
-0.850690 0.424825 0.004882 2.000000
0.441021 -0.075422 0.042233 0.000000
-0.043553 -0.049354 0.038463 0.000000
0.265870 -0.111723 0.244799 3.000000
0.214434 0.132260 -0.033197 0.000000
0.732023 -0.080242 0.006578 0.000000
-0.786759 0.289692 0.010968 2.000000
-0.841211 0.089738 0.191235 2.000000
0.674232 0.095151 -0.080620 0.000000
0.034328 -0.118482 0.165248 1.000000
-0.196648 -0.011006 0.896956 1.000000
0.157262 -0.059856 0.107242 0.000000
-0.201011 0.130025 -0.038610 0.000000
-0.164763 -0.074237 -0.041841 0.000000
-0.264592 -0.049354 0.064316 0.000000
0.021590 -0.025440 0.371395 1.000000
0.132918 -0.049354 0.039163 0.000000
0.243680 0.037818 0.111550 0.000000
0.163241 -0.032630 -0.362817 1.000000
-0.597874 -0.029049 -0.003817 0.000000
0.418292 -0.050512 -0.077846 0.000000
-0.658681 0.097063 0.061784 0.000000
0.099256 -0.040305 0.106595 0.000000
-0.568897 0.058742 -0.084202 0.000000
0.123466 -0.049354 0.055563 0.000000
0.193133 -0.049354 -0.000262 0.000000
-0.222123 0.071588 0.102717 0.000000
-0.518647 -0.013833 -0.070064 0.000000
-0.487273 0.128787 0.044522 0.000000
-0.262868 0.028446 0.112843 0.000000
0.238213 -0.049354 -0.004867 0.000000
0.091689 -0.015126 -0.467412 1.000000
-0.895986 0.285975 0.004586 2.000000
0.142155 0.126390 0.050608 0.000000
0.586226 0.130241 -0.036240 0.000000
0.346282 -0.049354 0.074899 0.000000
0.123493 -0.049354 -0.054687 0.000000
0.082586 -0.073967 -0.285690 1.000000
0.021537 -0.009928 -0.567752 1.000000
0.308150 -0.049973 0.289987 3.000000
-0.206531 0.041238 0.111093 0.000000
0.131814 -0.041140 -0.376766 1.000000
-0.130993 0.006660 -0.872327 1.000000
0.310519 0.137350 -0.007317 0.000000
0.044965 -0.049354 0.060842 0.000000
0.271687 -0.087163 0.255355 3.000000
0.703316 0.112709 0.056829 0.000000
0.218581 -0.120933 -0.335698 3.000000
-0.340937 -0.057863 -0.055279 0.000000
0.865514 -0.059452 0.008410 0.000000
-0.037763 0.074658 -0.098178 0.000000
-0.200257 -0.078734 0.034262 0.000000
0.012704 -0.023393 -0.399037 1.000000
0.244649 0.131156 0.039083 0.000000
-0.713752 0.217035 -0.008018 2.000000
-0.124638 0.000897 -0.796547 1.000000
0.047982 -0.057029 -0.097020 1.000000
-0.171603 0.002809 0.886776 1.000000
0.083448 -0.059668 -0.107469 1.000000
-0.055348 0.120115 0.061865 0.000000
0.404854 -0.084012 0.000923 0.000000
0.744788 -0.050835 -0.065863 0.000000
0.545966 -0.077145 -0.034813 0.000000
-0.363478 0.025430 0.111416 0.000000
-0.009136 -0.029399 0.419896 1.000000
0.089938 -0.111050 -0.254828 3.000000
-0.879047 0.271460 0.006605 2.000000
0.276696 -0.052962 0.316109 3.000000
0.266462 -0.089775 -0.020405 0.000000
0.072299 -0.049354 0.007790 0.000000
0.499862 0.113194 0.070887 0.000000
-0.419976 -0.049354 0.034585 0.000000
0.146356 -0.047738 -0.293957 1.000000
0.038179 -0.047522 -0.194048 1.000000
0.290349 0.095340 -0.085225 0.000000
0.917542 -0.002604 0.011533 0.000000
0.268455 -0.066562 0.105545 0.000000
-0.255409 -0.045960 -0.081213 0.000000
-0.075895 -0.008367 0.784955 1.000000
-0.120868 -0.083716 0.004720 0.000000
-0.088929 -0.012648 -0.612267 1.000000
-0.087690 -0.038151 -0.561746 1.000000
0.204174 -0.152791 0.270651 3.000000
-0.049073 -0.026221 0.473593 1.000000
0.240987 -0.079838 0.267231 3.000000
0.212926 -0.036912 -0.282835 1.000000
0.708379 0.009245 -0.106715 0.000000
-0.753366 0.284306 0.008787 2.000000
-0.066820 -0.015314 0.680521 1.000000
0.335322 -0.049354 0.001973 0.000000
-0.025160 0.065098 0.105383 0.000000
0.196095 -0.049354 -0.081832 0.000000
0.264927 -0.109703 -0.228383 3.000000
0.238806 -0.078222 -0.291857 3.000000
-0.019235 -0.019623 -0.638846 1.000000
0.200161 -0.026948 0.193821 1.000000
-0.869810 0.249324 -0.004059 2.000000
-0.927978 0.371504 0.000977 2.000000
0.040387 -0.039605 0.282123 1.000000
-0.159566 0.066633 0.104764 0.000000
0.187262 -0.065835 -0.112236 1.000000
-0.501088 0.067198 0.098005 0.000000
0.580167 0.009892 0.110635 0.000000
0.016985 -0.047280 -0.293688 1.000000
0.021833 -0.055251 0.290822 1.000000
0.208671 -0.003115 0.108534 0.000000
-0.065042 -0.007639 0.796292 1.000000
0.255421 -0.061607 -0.244945 3.000000
0.560185 -0.049354 -0.074319 0.000000
-0.431960 -0.049354 -0.033897 0.000000
-0.492875 -0.007155 0.085671 0.000000
0.870334 -0.047576 0.031569 0.000000
0.045127 -0.033357 0.463252 1.000000
-0.617802 0.169827 -0.001097 2.000000
0.293688 -0.141238 0.268389 3.000000
0.288087 -0.138275 0.328765 3.000000
0.308554 -0.053985 -0.303517 3.000000
-0.768662 0.012531 0.000519 0.000000
0.039795 -0.046445 -0.179991 1.000000
-0.618179 0.118903 -0.009310 2.000000
-0.277706 0.131345 0.038732 0.000000
0.148780 -0.045395 -0.278176 1.000000
0.232154 -0.116570 -0.249739 3.000000
-0.171765 0.136138 0.019855 0.000000
0.287818 0.015439 -0.108142 0.000000
0.722813 -0.080673 0.006417 0.000000
0.515374 0.034129 -0.108789 0.000000
0.626997 0.120492 0.058526 0.000000
0.824285 -0.040655 0.056371 0.000000
-0.371933 -0.003573 -0.100521 0.000000
0.181849 -0.085278 0.337221 3.000000
0.514458 -0.021266 0.100994 0.000000
-0.079827 -0.014372 -0.679752 1.000000
0.298374 -0.049354 0.043553 0.000000
0.087757 -0.027837 0.276522 1.000000
-0.008059 -0.041759 -0.186481 1.000000
0.367422 0.028419 0.112789 0.000000
0.053260 -0.023528 -0.365052 1.000000
0.094112 -0.054847 -0.181768 1.000000
0.004948 -0.045449 0.180140 1.000000
0.237405 -0.138141 0.245957 3.000000
0.467250 -0.083043 0.009648 0.000000
0.051509 -0.037989 0.144539 1.000000
-0.329465 -0.049354 0.007090 0.000000
-0.197860 -0.017792 -0.893978 0.000000
-0.768958 0.052602 -0.047685 0.000000
-0.101478 -0.049354 0.077673 0.000000
0.413956 0.089577 0.092888 0.000000
0.502932 -0.049354 -0.061581 0.000000
-0.007440 0.025942 -0.109543 0.000000
0.400842 -0.067854 0.069755 0.000000
-0.792414 0.072853 -0.092846 2.000000
-0.337948 -0.062711 0.048723 0.000000
-0.112546 -0.006724 0.789264 1.000000
0.240637 -0.104156 0.343334 3.000000
0.130656 -0.023797 0.320283 1.000000
0.253805 -0.033815 0.183641 1.000000
0.009661 -0.056167 0.291441 1.000000
-0.000573 -0.056113 -0.293096 1.000000
-0.860062 0.083168 0.161720 2.000000
0.138789 -0.030637 -0.153061 1.000000
0.138115 0.016517 -0.108304 0.000000
-0.173677 0.089361 0.093050 0.000000
0.746431 0.106785 -0.039014 0.000000
0.170243 -0.080538 0.241432 3.000000
0.271660 -0.109838 0.304798 3.000000
0.174497 -0.074452 0.330920 3.000000
-0.585890 0.117772 0.053301 0.000000
0.633811 -0.083231 0.008275 0.000000
0.315448 0.019856 0.111981 0.000000
0.173070 -0.038205 -0.292153 1.000000
0.162756 -0.049354 -0.020271 0.000000
0.167980 0.093589 -0.086572 0.000000
0.609493 -0.049354 -0.009714 0.000000
-0.188569 -0.009686 -0.893386 0.000000
-0.783716 0.067521 0.048400 2.000000
-0.735889 0.073042 0.103768 2.000000
0.216642 -0.094730 -0.237620 3.000000
-0.075222 -0.008717 0.106218 0.000000
0.366856 0.135088 0.027799 0.000000
0.279173 -0.046203 0.280723 1.000000
-0.062188 -0.049273 0.418064 1.000000
-0.002027 -0.025628 -0.553802 1.000000
-0.291117 -0.049354 0.006282 0.000000
-0.866444 0.198427 0.006174 2.000000
-0.866228 0.368003 -0.005836 2.000000
-0.061649 -0.019946 0.511403 1.000000
0.064678 -0.020027 -0.402619 1.000000
0.310735 -0.023797 0.106111 1.000000
0.051267 -0.035781 0.182214 1.000000
0.538695 -0.023770 0.099971 0.000000
0.003763 -0.076876 -0.160197 1.000000
-0.041883 0.138023 0.005636 0.000000
-0.315596 -0.062361 0.055994 0.000000
-0.743914 0.302241 -0.002255 2.000000
-0.137106 -0.055332 0.079854 0.000000
-0.131936 -0.001688 0.860008 1.000000
0.036617 -0.011679 -0.535409 1.000000
-0.001461 -0.036643 0.327823 1.000000
-0.784281 0.083518 0.049531 0.000000
0.286875 -0.049354 -0.076473 0.000000
-0.617829 0.007495 0.063804 0.000000
0.565786 0.135250 -0.022910 0.000000
0.790353 -0.054740 0.057422 0.000000
0.189336 -0.049327 0.282904 3.000000
0.216050 -0.029237 0.254386 1.000000
0.312458 0.134792 0.030034 0.000000
0.262288 -0.049354 0.079531 0.000000
0.008072 -0.006266 0.633610 1.000000
-0.074926 -0.008690 0.646375 1.000000
0.169731 -0.025521 0.254278 1.000000
0.208240 -0.064461 -0.264846 3.000000
-0.699991 0.122296 -0.029507 0.000000
-0.098920 0.000709 -0.871007 1.000000
-0.015411 -0.039740 -0.245241 1.000000
0.033197 -0.090314 -0.030639 0.000000
0.830398 0.001220 -0.063843 0.000000
-0.089037 0.023168 -0.109166 0.000000
-0.844900 0.074954 0.102664 2.000000
0.426048 0.136946 0.013796 0.000000
0.018278 -0.009390 0.580262 1.000000
0.839392 -0.049354 -0.002012 0.000000
0.043107 -0.056867 0.197483 1.000000
-0.550935 -0.031526 -0.032254 0.000000
-0.660782 0.062863 -0.067882 0.000000
-0.168722 -0.081184 0.023921 0.000000
-0.916183 0.334368 0.002943 2.000000
-0.070913 -0.049677 0.421081 1.000000
-0.381386 -0.049354 0.015519 0.000000
-0.006282 -0.049354 0.063265 0.000000
0.293931 -0.021778 -0.103645 0.000000
0.231077 0.126955 -0.046015 0.000000
0.291857 -0.052235 -0.112801 1.000000
0.537106 0.037145 0.111631 0.000000
-0.405407 -0.049354 0.035824 0.000000
0.249793 -0.067827 0.111362 1.000000
0.099983 -0.049354 0.058472 0.000000
0.227307 -0.059829 0.187250 1.000000
-0.294995 0.114433 0.069675 0.000000
0.165207 -0.039713 0.107753 0.000000
-0.205885 0.010323 0.110716 0.000000
-0.035393 -0.087244 -0.048897 0.000000
-0.048912 0.095286 0.088499 0.000000
0.302818 0.117665 -0.061796 0.000000
0.134049 0.132314 0.036309 0.000000
0.059104 -0.053205 0.168426 1.000000
-0.731499 0.082387 -0.082397 2.000000
-0.746122 0.143275 0.015411 2.000000
0.196714 -0.154918 -0.281893 3.000000
0.088161 -0.118213 0.266127 3.000000
0.088295 -0.102055 0.256513 3.000000
0.555903 -0.049354 0.017512 0.000000
0.612321 0.127979 0.042772 0.000000
0.191275 -0.058510 0.196056 1.000000
0.364217 0.057153 -0.105449 0.000000
0.257818 0.129244 0.043741 0.000000
0.116814 -0.050673 0.295453 1.000000
0.342243 -0.036804 0.100240 0.000000
0.805865 -0.057567 0.047565 0.000000
0.237244 -0.110430 0.331162 3.000000
0.017066 -0.091041 0.118875 1.000000
-0.116128 -0.010629 0.664417 1.000000
-0.246252 -0.081750 0.019532 0.000000
0.035702 -0.098150 0.132205 1.000000
0.233150 -0.027487 0.161774 1.000000
0.006106 -0.126265 -0.142666 1.000000
-0.533835 0.066848 -0.089157 0.000000
-0.310426 -0.066723 -0.043673 0.000000
0.101733 0.090466 -0.088968 0.000000
0.650857 -0.049354 0.015169 0.000000
0.070980 0.138320 0.003320 0.000000
0.169973 -0.059075 -0.179991 1.000000
0.055872 -0.021212 -0.572357 1.000000
0.281866 -0.051158 -0.259568 3.000000
-0.120975 -0.005727 0.798662 1.000000
0.232558 -0.115628 -0.306749 3.000000
-0.030949 0.119927 0.062107 0.000000
-0.759668 0.065879 0.035016 2.000000
0.404343 0.094236 0.089306 0.000000
-0.071479 -0.022909 -0.488794 1.000000
0.718181 -0.123922 -0.001339 1.000000
0.352530 -0.084766 -0.055225 0.000000
-0.005178 -0.034354 -0.297566 1.000000
0.080863 -0.038420 -0.400734 1.000000
0.766305 -0.077737 0.012557 0.000000
0.236786 -0.092199 0.291845 3.000000
-0.171953 -0.049354 0.071425 0.000000
0.208348 -0.140053 0.307222 3.000000
0.125431 -0.059937 0.293865 3.000000
-0.106272 -0.081642 0.020393 0.000000
-0.208174 -0.016661 -0.099686 0.000000
0.419289 0.080690 0.098947 0.000000
-0.300354 0.040969 0.111389 0.000000
0.159147 -0.090314 -0.048762 0.000000
0.234524 -0.026706 0.194575 1.000000
0.377709 0.135303 -0.023044 0.000000
0.003386 -0.090314 0.032081 0.000000
-0.061542 -0.016580 0.662344 1.000000
-0.067466 0.119280 0.062969 0.000000
0.086760 -0.015907 -0.508533 1.000000
0.763800 -0.071759 -0.032847 0.000000
-0.297931 0.026561 -0.109085 0.000000
0.209102 -0.141211 0.324861 3.000000
0.100198 -0.018357 0.414752 1.000000
0.112667 -0.121552 -0.295977 3.000000
0.024930 0.099837 -0.081778 0.000000
0.003009 -0.043698 0.415722 1.000000
-0.094019 -0.008851 0.106164 0.000000
-0.263999 0.135923 -0.018332 0.000000
0.243249 -0.049273 -0.266866 3.000000
0.288114 -0.049354 0.083894 0.000000
0.028377 -0.021158 0.415722 1.000000
-0.709497 0.129433 0.011237 0.000000
0.004975 -0.156211 -0.142666 1.000000
-0.538494 0.079559 -0.084013 0.000000
-0.066739 -0.021724 0.498530 1.000000
0.298967 -0.047038 -0.103403 1.000000
0.389262 -0.049354 0.070267 0.000000
0.261534 -0.097639 0.241379 3.000000
0.907363 -0.025332 0.022709 0.000000
-0.025213 -0.055817 -0.281408 1.000000
0.016528 -0.037801 0.207043 1.000000
0.175494 0.132368 -0.032928 0.000000
-0.643520 0.109882 0.011453 2.000000
0.236005 -0.097073 0.307599 3.000000
-0.663178 0.051444 -0.067101 0.000000
0.269775 -0.087809 -0.261157 3.000000
0.213303 -0.060206 0.182376 1.000000
0.030612 0.111255 0.073418 0.000000
0.177540 -0.052127 0.258102 1.000000
0.111751 -0.089236 -0.278553 3.000000
0.262423 -0.089883 -0.039848 0.000000
-0.843257 0.298336 0.010591 2.000000
-0.405111 0.075870 -0.098555 0.000000
0.662356 0.059900 0.105814 0.000000
-0.330812 0.128921 0.045142 0.000000
0.643155 0.100241 -0.079381 0.000000
0.181176 -0.090314 0.015250 0.000000
0.286121 -0.090125 0.342580 3.000000
0.457556 -0.052854 -0.075315 0.000000
0.243222 -0.067666 -0.266489 3.000000
0.363894 -0.049354 -0.037102 0.000000
0.253994 -0.060179 -0.104803 0.000000
0.271229 -0.121875 -0.252674 3.000000
0.240529 -0.060314 0.293272 3.000000
0.071707 -0.012110 -0.526792 1.000000
0.182576 -0.053366 0.269008 1.000000
0.414360 -0.014318 0.103902 0.000000
0.109193 -0.124649 0.285301 3.000000
-0.498772 0.100807 0.080285 0.000000
0.271067 -0.128365 0.273829 3.000000
0.204901 -0.047980 0.281261 1.000000
-0.448495 0.131022 -0.037048 0.000000
0.061635 -0.011302 0.105922 0.000000
0.921716 -0.021481 0.000223 0.000000
0.222540 -0.049354 -0.032928 0.000000
-0.381305 -0.039470 -0.074022 0.000000
0.394890 -0.049354 -0.075450 0.000000
-0.099755 0.005745 0.854407 1.000000
0.265520 -0.062118 -0.096024 1.000000
-0.576842 0.121381 0.049693 0.000000
0.234497 -0.114766 -0.269478 3.000000
-0.922565 0.098733 -0.009283 0.000000
0.124058 -0.057944 0.171227 1.000000
0.054876 -0.012918 0.513746 1.000000
0.281678 -0.056248 0.297877 3.000000
-0.747630 0.066121 -0.036375 2.000000
0.561235 0.071049 -0.099686 0.000000
0.111805 -0.088886 0.292195 3.000000
0.191032 -0.028725 0.149063 1.000000
0.115764 -0.033061 -0.133106 1.000000
