0.233241 -0.099483 0.005450 0.000000
-0.029115 0.027089 0.069616 0.000000
-0.290913 -0.007421 -0.354530 1.000000
-0.120683 -0.003964 -0.141845 0.000000
-0.513670 -0.043821 0.056882 0.000000
0.397887 0.126667 0.008220 0.000000
-0.236496 -0.005510 0.586104 1.000000
0.518532 0.069566 -0.078774 0.000000
-0.335903 0.010210 -0.185804 1.000000
-0.372818 0.149666 -0.190421 2.000000
-0.584236 -0.014680 -0.100184 0.000000
-0.091005 0.018778 -0.136004 1.000000
-0.234048 -0.029433 -0.014758 0.000000
0.132482 -0.015882 -0.117622 0.000000
-0.424593 0.088399 0.140397 2.000000
0.369476 0.063273 -0.162912 1.000000
0.457673 0.034605 0.049000 0.000000
0.134651 0.050754 0.077390 0.000000
-0.200097 -0.004243 0.307062 1.000000
-0.445381 0.055671 0.112909 2.000000
-0.184463 -0.003706 0.156997 1.000000
-0.116303 -0.069161 -0.026247 0.000000
-0.188823 0.015363 0.145100 1.000000
0.499849 0.005099 0.076531 0.000000
-0.055615 0.000804 -0.168109 1.000000
-0.368029 0.000868 0.575281 1.000000
0.140706 -0.073971 -0.027729 0.000000
-0.154613 0.039973 -0.102589 0.000000
-0.351407 -0.037464 0.003624 0.000000
0.051844 0.006817 0.077519 0.000000
-0.161249 -0.002890 0.388150 1.000000
0.466950 0.071906 -0.063677 0.000000
-0.054305 0.020045 -0.401087 1.000000
-0.245774 -0.005854 0.525653 1.000000
0.151122 -0.072618 0.011785 0.000000
0.028974 -0.070041 0.048163 0.000000
-0.460885 0.101949 -0.150220 2.000000
-0.095837 -0.060227 0.007876 0.000000
0.241831 -0.049533 -0.072761 0.000000
0.065652 -0.076849 0.054455 0.000000
0.340722 0.081871 -0.066018 0.000000
0.002538 -0.077837 -0.081372 0.000000
0.156705 -0.032353 0.093603 0.000000
-0.035515 0.001491 -0.226541 1.000000
-0.066245 0.019637 -0.256928 1.000000
-0.410291 0.147669 0.190132 2.000000
0.323026 -0.040428 0.055443 0.000000
-0.223096 0.014161 -0.280851 1.000000
-0.192881 -0.088875 -0.059318 0.000000
0.466735 -0.003448 -0.006039 0.000000
-0.437306 -0.002267 0.007125 0.000000
-0.265380 0.045621 0.104491 2.000000
0.442039 0.042465 -0.112360 1.000000
0.206999 -0.074465 0.063496 0.000000
-0.011764 0.021527 -0.282612 1.000000
0.091873 0.024619 -0.287379 1.000000
-0.364743 -0.061194 0.062358 0.000000
0.416656 0.059150 -0.087213 1.000000
-0.184592 0.015492 -0.194007 1.000000
0.807323 -0.047085 -0.012653 0.000000
0.551259 0.057862 -0.059103 0.000000
0.445582 0.095894 0.045307 0.000000
0.706929 -0.058080 -0.004772 0.000000
-0.104535 0.017468 0.498702 1.000000
-0.114885 -0.075152 0.018485 0.000000
-0.161271 0.013860 -0.589227 1.000000
0.464566 0.116015 -0.052317 0.000000
0.728769 0.068084 0.036932 0.000000
-0.189317 0.015342 0.226811 1.000000
-0.208257 -0.063964 -0.132740 0.000000
-0.406383 0.164806 0.187598 2.000000
0.012545 0.039888 -0.080342 0.000000
-0.371551 -0.010234 0.149137 1.000000
0.059661 0.053953 0.070497 0.000000
0.115452 -0.097808 -0.013684 0.000000
-0.178472 0.031491 0.026516 0.000000
0.660995 0.061470 -0.021394 0.000000
0.361960 0.087669 -0.059447 0.000000
-0.159767 0.016373 0.223182 1.000000
-0.475338 0.005206 0.095987 0.000000
0.017377 -0.060635 0.093947 0.000000
-0.193440 -0.004007 -0.372247 1.000000
0.258710 0.028399 0.093861 1.000000
0.466069 0.041885 -0.149640 1.000000
-0.105866 -0.071802 0.057182 0.000000
-0.173447 -0.003319 0.203919 1.000000
0.303184 -0.056834 -0.049225 0.000000
-0.262846 -0.074830 0.025142 0.000000
-0.167498 -0.074959 -0.125395 0.000000
-0.493119 -0.027779 0.022780 0.000000
-0.290634 -0.007400 -0.223213 1.000000
0.072825 -0.079125 -0.080578 0.000000
-0.246246 -0.087243 -0.063806 0.000000
-0.076317 -0.084429 0.028063 0.000000
0.434952 0.057540 0.092444 1.000000
0.109869 -0.069955 0.063496 0.000000
0.233627 0.004283 0.077519 0.000000
0.313341 -0.021594 -0.042589 0.000000
-0.298795 0.037332 -0.087149 0.000000
-0.583484 -0.024365 0.013417 0.000000
0.133985 -0.037378 -0.082253 0.000000
0.901748 0.036022 0.012816 0.000000
-0.017261 0.048241 -0.071580 0.000000
-0.292438 -0.055417 -0.134544 0.000000
0.153333 0.089000 -0.020148 0.000000
0.043705 -0.074057 0.012859 0.000000
0.425568 -0.006670 -0.014200 0.000000
-0.332639 -0.068603 0.063861 0.000000
-0.340412 0.028420 -0.048924 0.000000
0.014607 -0.062225 -0.013083 0.000000
-0.182251 0.015578 0.505080 1.000000
0.002624 0.002822 0.334313 1.000000
-0.352288 -0.069612 -0.075145 0.000000
-0.509783 0.044676 0.094205 2.000000
0.092667 -0.066648 -0.024056 0.000000
-0.249682 0.013237 -0.285489 1.000000
-0.332896 0.010317 -0.566335 1.000000
-0.276031 -0.006906 0.299524 1.000000
0.702226 -0.009461 -0.077034 0.000000
0.135767 0.014483 0.262867 1.000000
-0.206346 -0.004458 0.241886 1.000000
0.062646 0.036538 -0.009518 0.000000
0.377379 -0.040535 -0.069261 0.000000
0.125438 0.023245 0.011269 0.000000
-0.379282 0.115092 -0.178159 2.000000
-0.322417 -0.078910 -0.050878 0.000000
-0.309854 -0.029089 -0.093334 0.000000
-0.204327 0.063660 0.006631 0.000000
0.403299 0.021827 0.078571 0.000000
-0.175251 -0.086534 -0.053047 0.000000
0.520744 0.129802 -0.038294 0.000000
-0.141450 -0.002203 0.466554 1.000000
0.046475 -0.066885 -0.022725 0.000000
-0.153110 0.016609 -0.415604 1.000000
0.365847 0.063596 -0.114808 1.000000
0.443220 -0.026813 0.035235 0.000000
0.187349 -0.062740 -0.078881 0.000000
0.060692 -0.074938 0.013095 0.000000
-0.134771 0.017232 0.527607 1.000000
-0.386239 0.121234 0.167927 2.000000
-0.505810 0.018370 -0.094085 2.000000
0.863695 -0.017922 0.030919 0.000000
-0.227327 -0.005209 0.155000 1.000000
-0.138250 -0.002095 0.192945 1.000000
-0.180898 0.015621 -0.480866 1.000000
-0.160884 -0.002890 0.221356 1.000000
-0.393906 -0.006562 -0.284093 1.000000
0.017635 0.003359 0.337083 1.000000
-0.270684 0.025993 -0.077936 0.000000
0.692477 0.072916 -0.056440 0.000000
-0.222130 0.014182 0.449396 1.000000
0.153226 -0.014357 -0.003097 0.000000
0.399219 -0.045582 -0.085002 0.000000
-0.399575 0.036817 -0.043598 0.000000
-0.185301 -0.003728 0.554923 1.000000
0.366942 -0.073499 -0.078881 0.000000
-0.318465 0.049895 0.034591 0.000000
0.074156 -0.035982 0.069616 0.000000
0.447558 -0.052819 -0.051351 0.000000
-0.499604 -0.023549 0.053424 0.000000
-0.238472 -0.003319 0.613613 1.000000
-0.208880 -0.004565 -0.280099 1.000000
0.056526 -0.057650 -0.010678 0.000000
-0.166983 0.016115 -0.337136 1.000000
-0.060490 0.007375 -0.501331 1.000000
0.328610 -0.048266 0.049258 0.000000
0.319311 -0.066477 -0.023262 0.000000
-0.410764 -0.006412 -0.179232 1.000000
0.366684 -0.026813 0.024841 0.000000
-0.210362 0.057304 -0.042331 0.000000
0.265474 0.094240 -0.041966 0.000000
0.002066 -0.039075 0.071978 0.000000
0.101923 -0.028466 -0.076175 0.000000
-0.309210 -0.008065 -0.205131 1.000000
0.086526 0.024254 -0.116290 0.000000
0.065502 -0.028359 0.060704 0.000000
-0.034355 -0.045861 -0.078881 0.000000
-0.095000 -0.061151 -0.027707 0.000000
0.337006 0.025886 0.030425 0.000000
0.224221 0.104097 0.001821 0.000000
-0.390234 0.133023 -0.176290 2.000000
-0.481759 -0.006455 -0.071644 0.000000
-0.208644 0.002779 0.004033 0.000000
-0.094849 -0.008710 -0.093291 0.000000
-0.114069 -0.037228 -0.008380 0.000000
0.177084 -0.005746 -0.092110 0.000000
-0.547987 -0.005274 -0.076626 0.000000
-0.438423 -0.029497 0.049430 0.000000
0.054915 0.004648 0.292931 1.000000
0.587702 -0.025932 0.035278 0.000000
-0.078851 0.007804 0.513648 1.000000
0.032560 0.023094 0.212659 1.000000
-0.099810 -0.073477 -0.028781 0.000000
-0.203168 0.009694 0.634744 1.000000
0.006575 0.022171 -0.263241 1.000000
-0.480492 0.109745 0.153733 2.000000
-0.207549 -0.004501 0.305279 1.000000
-0.048894 -0.018180 0.077820 0.000000
-0.036417 -0.072940 0.088321 0.000000
-0.113704 -0.087629 -0.088652 0.000000
0.004127 -0.060313 -0.033849 0.000000
0.235925 0.019809 -0.093248 0.000000
-0.369811 -0.007314 -0.417365 1.000000
0.888283 0.038771 0.015521 0.000000
-0.162452 0.015900 -0.134436 0.000000
-0.621430 -0.050736 -0.061272 0.000000
-0.449804 -0.016677 -0.018323 0.000000
-0.093217 -0.057822 0.018399 0.000000
-0.581831 -0.059154 0.037984 0.000000
-0.155064 -0.002675 -0.328396 1.000000
0.670272 -0.058402 0.012494 0.000000
0.533908 0.027690 -0.093269 0.000000
0.999823 0.000031 -0.018838 0.000000
0.219454 0.034691 0.087590 0.000000
-0.554966 -0.007636 0.034935 0.000000
-0.423369 -0.036562 0.110697 0.000000
-0.185838 0.004325 0.637665 1.000000
0.376606 0.062651 0.088643 1.000000
-0.274550 0.012357 -0.208331 1.000000
-0.549426 -0.014658 0.005987 0.000000
0.015359 -0.048781 0.067404 0.000000
-0.251293 0.011283 0.609168 1.000000
0.133920 0.075149 0.043439 0.000000
0.016089 -0.037872 -0.015917 0.000000
-0.011334 0.021548 0.267806 1.000000
-0.076854 -0.085997 -0.076798 0.000000
-0.463913 -0.047901 0.101356 0.000000
0.022059 0.022708 -0.297687 1.000000
0.141887 -0.047665 -0.073899 0.000000
0.430765 0.050281 -0.088502 0.000000
0.261136 -0.031623 -0.079783 0.000000
-0.344901 -0.009311 0.177591 1.000000
-0.377886 0.000074 0.064419 0.000000
0.197850 0.021913 -0.092625 0.000000
0.099862 -0.082604 0.056710 0.000000
0.793988 -0.032589 -0.049160 0.000000
-0.158350 0.016416 0.398973 1.000000
0.857768 0.021011 -0.052875 0.000000
0.398875 0.057153 -0.054894 0.000000
-0.036138 0.020689 -0.312483 1.000000
-0.089180 0.018842 0.412374 1.000000
-0.122165 0.016265 -0.132482 0.000000
-0.383748 0.008556 -0.214709 1.000000
-0.295122 -0.004823 0.603112 1.000000
0.458725 0.055457 -0.143241 1.000000
0.510006 0.034691 0.076961 0.000000
-0.003840 -0.057371 -0.036104 0.000000
0.171888 -0.073026 0.069616 0.000000
-0.107863 0.018177 -0.485977 1.000000
0.964497 -0.018846 -0.013834 0.000000
0.246985 -0.053313 0.034054 0.000000
-0.128157 -0.005918 0.127383 0.000000
0.320664 -0.085589 -0.055946 0.000000
-0.153561 0.025542 -0.081651 0.000000
0.161945 0.008384 -0.137700 1.000000
-0.253504 -0.071996 0.020804 0.000000
0.141329 -0.085374 -0.031873 0.000000
-0.436963 -0.036197 -0.064515 0.000000
-0.204564 -0.044873 0.127598 0.000000
-0.021750 0.054190 -0.068702 0.000000
-0.325058 0.010596 0.449568 1.000000
-0.429790 0.105707 0.154914 2.000000
-0.110247 0.043023 0.055185 0.000000
0.137936 -0.086856 0.046488 0.000000
0.127027 -0.067507 0.058278 0.000000
-0.273068 0.001319 0.006416 0.000000
-0.290398 -0.007400 -0.338875 1.000000
-0.035343 0.074891 -0.015853 0.000000
-0.093776 0.018671 -0.264337 1.000000
-0.089330 0.008492 0.075565 0.000000
0.798390 -0.041330 0.021019 0.000000
-0.285437 -0.022539 -0.093935 0.000000
-0.080483 -0.059583 -0.028845 0.000000
-0.247835 0.000718 -0.020384 0.000000
0.560064 -0.051702 -0.052811 0.000000
-0.098865 0.018499 -0.495061 1.000000
0.406327 0.069329 0.000038 0.000000
0.142016 0.025027 -0.238374 1.000000
0.110599 0.063338 0.044598 0.000000
0.890538 0.044183 0.003195 0.000000
-0.031671 0.001641 -0.170363 1.000000
-0.263383 0.000503 -0.644718 1.000000
-0.234607 -0.053570 0.122594 0.000000
-0.057075 0.019959 0.146796 1.000000
0.063462 -0.068302 0.063496 0.000000
-0.261257 0.052321 -0.125503 2.000000
-0.405137 -0.007593 0.165350 1.000000
0.472469 -0.062697 -0.023154 0.000000
-0.193075 -0.002890 0.602489 1.000000
0.427286 0.043753 0.149846 1.000000
0.169289 -0.038066 -0.069132 0.000000
-0.342045 0.009995 0.433848 1.000000
0.547823 0.063724 0.044233 0.000000
0.040269 0.023352 -0.220399 1.000000
0.206419 -0.042468 0.059029 0.000000
-0.204048 0.014827 0.315952 1.000000
-0.477292 0.104419 0.151070 2.000000
0.043405 -0.043692 0.103417 0.000000
0.795469 0.022708 0.050482 0.000000
-0.154721 -0.000055 -0.000370 0.000000
-0.147870 0.012829 -0.583429 1.000000
0.614481 0.081463 -0.063613 0.000000
-0.392360 0.008255 0.127555 1.000000
0.191580 0.023223 0.188736 1.000000
0.348946 0.026230 -0.093119 0.000000
0.558088 -0.006863 0.073224 0.000000
-0.213583 -0.089562 0.074727 0.000000
0.508074 -0.026813 0.008521 0.000000
-0.290548 -0.007400 -0.169268 1.000000
-0.467779 0.080561 -0.149189 2.000000
-0.441988 0.069609 0.107712 2.000000
-0.234693 0.047210 -0.105982 2.000000
0.396255 -0.004264 -0.004579 0.000000
-0.050891 -0.028595 -0.085002 0.000000
-0.116045 -0.001322 0.441107 1.000000
-0.263018 -0.010234 -0.092410 0.000000
-0.136339 0.017189 -0.278703 1.000000
0.358438 -0.063341 -0.078881 0.000000
0.159926 -0.081187 -0.078323 0.000000
-0.121371 -0.075990 -0.034966 0.000000
-0.261600 0.012808 -0.499849 1.000000
0.241294 -0.089755 0.025808 0.000000
-0.173533 0.015879 0.461551 1.000000
0.220055 0.053245 -0.083498 0.000000
0.407164 -0.022239 0.066953 0.000000
0.235453 -0.063234 -0.036233 0.000000
-0.085680 -0.065983 0.060554 0.000000
-0.078078 -0.078331 0.044749 0.000000
0.247500 0.073002 0.017476 0.000000
0.170041 -0.013370 0.075779 0.000000
0.318023 -0.052690 -0.056505 0.000000
-0.187298 0.015406 -0.538805 1.000000
0.128895 -0.041072 -0.085002 0.000000
-0.020783 -0.078588 -0.030241 0.000000
0.035008 0.003960 -0.233069 1.000000
-0.419847 0.172859 0.206431 2.000000
-0.130497 -0.101029 0.013395 0.000000
-0.364078 0.010467 0.107583 0.000000
-0.024541 0.001877 -0.173799 1.000000
-0.379067 -0.056104 -0.123398 0.000000
-0.119631 -0.068001 0.011506 0.000000
0.649141 0.057003 0.062508 0.000000
-0.410742 0.035249 0.078872 2.000000
-0.296669 -0.036670 -0.140965 0.000000
0.795190 0.059236 0.026409 0.000000
-0.380441 0.024683 -0.044973 0.000000
-0.087204 -0.097593 0.015307 0.000000
-0.355209 0.009544 -0.267236 1.000000
0.444981 0.056659 -0.125310 1.000000
0.014156 0.022643 -0.002753 0.000000
-0.067018 -0.085632 0.051857 0.000000
0.041042 0.023374 0.314857 1.000000
0.511961 0.139187 -0.005008 0.000000
0.658289 -0.026813 -0.007435 0.000000
-0.129574 0.068342 0.000146 0.000000
-0.367599 -0.010105 0.259538 1.000000
-0.188909 -0.003856 0.565016 1.000000
0.902048 0.031813 -0.033484 0.000000
-0.577794 -0.025610 0.087698 0.000000
0.077828 0.005464 -0.261223 1.000000
-0.166339 -0.003040 0.565166 1.000000
-0.298816 0.011520 0.239137 1.000000
0.018064 -0.015582 0.068843 0.000000
-0.288229 0.022021 -0.080513 0.000000
-0.177076 -0.037679 -0.002002 0.000000
-0.361608 0.040124 -0.098337 2.000000
0.081200 -0.066648 0.007748 0.000000
0.482197 0.139144 -0.014457 0.000000
-0.104556 -0.000914 -0.270049 1.000000
-0.519254 -0.007743 -0.112360 0.000000
0.052832 0.080539 -0.032968 0.000000
0.470064 -0.061344 -0.031143 0.000000
0.164973 -0.066455 -0.065782 0.000000
0.030606 0.052622 -0.034579 0.000000
-0.347692 -0.007335 0.004634 0.000000
-0.069617 0.000310 -0.443543 1.000000
0.029188 0.022966 0.227133 1.000000
-0.125258 -0.001644 0.146109 1.000000
-0.135845 -0.083248 -0.061143 0.000000
-0.327163 0.010532 -0.266957 1.000000
0.446119 0.020882 0.078593 0.000000
-0.165415 -0.003921 0.076638 0.000000
0.394881 -0.026813 -0.049933 0.000000
0.034085 -0.061108 0.007017 0.000000
0.001937 -0.003491 0.078185 0.000000
-0.534050 0.008900 -0.100292 0.000000
0.340228 -0.044486 -0.067865 0.000000
-0.323276 0.046867 0.088621 2.000000
-0.112652 -0.037056 -0.091315 0.000000
0.017227 -0.036025 0.072580 0.000000
-0.478087 0.094648 -0.159132 2.000000
0.121121 -0.020284 0.069616 0.000000
0.381180 0.018134 0.036910 0.000000
-0.276976 0.037611 0.051706 0.000000
-0.251335 0.004218 0.073954 0.000000
-0.007877 0.002457 0.278114 1.000000
-0.059266 0.033230 -0.116032 0.000000
-0.421501 0.178743 -0.224308 2.000000
-0.362639 0.009286 0.190325 1.000000
-0.119030 -0.100471 -0.026955 0.000000
-0.382073 -0.003277 0.442374 1.000000
0.046454 -0.053828 -0.085002 0.000000
-0.238601 0.013624 0.125407 1.000000
0.107764 0.025714 0.180018 1.000000
0.341044 0.035313 0.030983 0.000000
-0.001971 0.009544 -0.128337 0.000000
-0.229925 -0.089669 0.060081 0.000000
-0.078292 0.019207 0.414156 1.000000
0.135230 0.020754 -0.271745 1.000000
0.242303 0.048091 0.070883 0.000000
0.179490 0.011670 -0.020041 0.000000
0.316605 -0.090163 -0.043104 0.000000
-0.195716 -0.004093 0.568151 1.000000
0.465597 -0.049404 0.040411 0.000000
-0.143597 -0.002267 -0.413178 1.000000
-0.368609 -0.010127 0.169194 1.000000
0.347701 -0.009096 0.073439 0.000000
-0.424615 0.019830 0.089051 0.000000
0.607094 -0.031967 0.057440 0.000000
0.412189 -0.038559 -0.069840 0.000000
-0.295187 0.011648 -0.361273 1.000000
0.412791 -0.064780 -0.085002 0.000000
0.094278 -0.031043 0.008628 0.000000
-0.341443 0.010016 0.368028 1.000000
0.380471 0.047855 0.126631 1.000000
-0.395817 0.027175 -0.096984 0.000000
-0.125945 -0.054300 0.029952 0.000000
-0.472997 0.073538 -0.143305 2.000000
0.627344 0.064433 0.060640 0.000000
-0.126954 -0.041437 0.047325 0.000000
-0.497306 -0.010836 0.003861 0.000000
0.255403 -0.090593 0.040840 0.000000
0.163083 0.034691 0.000597 0.000000
0.225682 -0.068409 -0.078881 0.000000
-0.335344 0.010231 0.575259 1.000000
0.468904 0.001920 0.049194 0.000000
-0.120791 0.017726 -0.358976 1.000000
0.387236 0.039136 -0.091594 0.000000
0.282890 -0.061988 0.011398 0.000000
-0.104255 -0.000893 -0.446098 1.000000
0.432290 0.129050 -0.030585 0.000000
0.144379 -0.064265 0.006975 0.000000
0.320278 0.002994 -0.099905 0.000000
0.274021 -0.062117 0.063496 0.000000
0.037628 0.023266 0.222129 1.000000
-0.141922 -0.059948 -0.023434 0.000000
-0.007039 -0.053291 -0.045918 0.000000
-0.487793 -0.014229 0.033367 0.000000
0.361982 0.063918 0.135543 1.000000
0.516127 -0.029733 -0.076240 0.000000
-0.314922 -0.019791 0.125214 0.000000
0.378646 0.062457 0.095686 1.000000
-0.256726 -0.006219 0.306117 1.000000
0.210048 0.085736 -0.052059 0.000000
-0.404686 0.001147 -0.270435 1.000000
-0.352954 -0.009590 -0.234251 1.000000
-0.056410 0.073431 -0.015703 0.000000
0.622276 0.087003 0.039487 0.000000
0.750008 0.034497 0.055658 0.000000
-0.318981 0.010811 0.366246 1.000000
-0.286554 -0.007271 -0.457781 1.000000
-0.193654 -0.046290 -0.016476 0.000000
-0.352309 -0.013842 -0.135145 0.000000
0.238910 0.089752 -0.048237 0.000000
0.341001 -0.048588 0.041592 0.000000
-0.238708 0.020002 0.016703 0.000000
0.181637 -0.098281 -0.027127 0.000000
-0.344879 0.030074 -0.106820 2.000000
0.048558 0.004433 -0.277157 1.000000
-0.385252 0.096710 0.147355 2.000000
0.295346 -0.049855 0.058535 0.000000
0.148931 -0.084086 -0.069926 0.000000
-0.330233 0.042314 -0.100184 2.000000
-0.002573 0.039286 0.004483 0.000000
0.756879 0.033166 -0.070270 0.000000
-0.290011 0.011820 -0.488361 1.000000
-0.440721 -0.022496 0.048893 0.000000
-0.385015 -0.073563 0.089287 0.000000
-0.220820 0.016244 -0.028244 0.000000
-0.184377 0.038685 -0.102675 0.000000
0.544259 -0.055653 -0.044887 0.000000
0.186276 -0.081874 -0.060971 0.000000
0.233262 0.018864 -0.172683 1.000000
-0.394679 -0.026061 0.064613 0.000000
-0.212166 0.043066 -0.064729 0.000000
-0.264585 -0.085288 0.083983 0.000000
-0.232631 0.025027 -0.037263 0.000000
0.107678 0.025714 -0.229054 1.000000
0.066189 -0.073284 0.022544 0.000000
0.018408 0.007568 0.379582 1.000000
-0.142717 0.025177 -0.028824 0.000000
-0.481780 -0.060399 0.016617 0.000000
-0.104384 -0.000914 -0.327429 1.000000
-0.073890 -0.045324 -0.058072 0.000000
-0.244764 -0.005811 -0.189905 1.000000
-0.177140 -0.003448 -0.474316 1.000000
0.123162 0.013130 0.271607 1.000000
0.200449 0.072765 0.052630 0.000000
0.149532 0.077382 0.041957 0.000000
-0.106832 0.018220 0.175293 1.000000
0.549864 0.075170 -0.059318 0.000000
0.506184 -0.024322 0.065021 0.000000
0.396470 0.060911 0.187684 1.000000
0.377100 -0.030549 0.062036 0.000000
0.266398 -0.084451 -0.056977 0.000000
-0.389139 0.089451 -0.156663 2.000000
-0.275409 0.012336 0.503727 1.000000
0.873358 0.010532 0.035772 0.000000
0.407443 -0.101008 -0.030306 0.000000
-0.258036 0.014483 -0.028910 0.000000
0.052467 0.004562 0.262394 1.000000
0.042481 0.001104 0.111384 0.000000
0.229397 -0.049726 0.039272 0.000000
0.451445 0.053030 0.152186 1.000000
0.225037 0.011648 -0.028588 0.000000
0.461152 -0.004243 0.049065 0.000000
-0.212960 -0.105818 -0.021222 0.000000
-0.329568 0.034454 0.078850 0.000000
0.402010 0.082193 -0.039454 0.000000
0.107335 0.054920 0.003624 0.000000
-0.238859 -0.002353 -0.633336 1.000000
-0.278823 0.017039 0.112007 0.000000
-0.507829 -0.044358 -0.069540 0.000000
0.818254 -0.029132 0.032078 0.000000
-0.045071 -0.095467 0.007683 0.000000
0.033397 -0.088059 0.039122 0.000000
0.649442 -0.019511 -0.078323 0.000000
-0.219467 -0.070428 0.062658 0.000000
0.332046 0.003681 -0.098724 0.000000
-0.088235 0.026294 -0.083606 0.000000
0.475303 0.034261 -0.064128 0.000000
-0.410227 0.036817 0.097104 2.000000
-0.261643 -0.024730 -0.015316 0.000000
-0.075952 -0.092611 -0.037177 0.000000
0.268760 0.070231 0.058578 0.000000
-0.033969 0.020754 -0.416334 1.000000
-0.374815 0.008857 -0.149103 1.000000
0.353671 -0.075775 0.063496 0.000000
-0.236003 0.028485 0.026645 0.000000
-0.290656 -0.007421 -0.577309 1.000000
-0.097491 -0.000657 0.172351 1.000000
-0.056453 0.019981 -0.437100 1.000000
0.187221 0.028485 0.124999 1.000000
-0.106295 -0.004501 -0.007542 0.000000
0.036103 0.004003 -0.321180 1.000000
0.650816 -0.026813 -0.003784 0.000000
0.126576 0.010016 0.078120 0.000000
-0.339339 -0.040363 0.120619 0.000000
-0.177591 -0.003470 0.284513 1.000000
-0.411644 0.093145 -0.159755 2.000000
0.597988 0.041434 0.074427 0.000000
-0.411515 0.133496 0.161292 2.000000
-0.174993 0.012937 0.592482 1.000000
0.219690 -0.058853 0.040432 0.000000
0.037993 0.004068 -0.299212 1.000000
0.514044 0.041198 -0.063699 0.000000
0.201501 -0.018695 -0.088115 0.000000
-0.042473 0.001255 0.167519 1.000000
-0.063904 -0.072361 0.014705 0.000000
-0.399940 -0.000635 -0.362540 1.000000
0.049697 0.023030 0.321020 1.000000
0.390350 -0.063191 -0.029425 0.000000
-0.371765 0.003166 -0.491732 1.000000
-0.162946 0.016265 0.460370 1.000000
-0.260011 -0.006347 0.344449 1.000000
0.069088 0.029880 -0.087922 0.000000
0.410708 -0.055761 0.030683 0.000000
-0.240319 -0.005660 -0.456170 1.000000
-0.300233 -0.077450 -0.112811 0.000000
-0.360427 0.009372 -0.378389 1.000000
0.152990 0.071842 -0.010313 0.000000
0.072159 -0.062117 -0.067972 0.000000
-0.082051 0.010746 0.520456 1.000000
-0.572361 -0.063191 0.045178 0.000000
-0.264499 -0.006498 0.307040 1.000000
-0.616512 -0.015152 -0.091530 0.000000
-0.335108 -0.004200 -0.618626 1.000000
0.203584 0.011455 -0.094042 0.000000
-0.400262 -0.080628 -0.070399 0.000000
-0.527693 -0.068152 -0.086569 0.000000
0.012202 0.056853 -0.060950 0.000000
0.547544 0.039072 -0.096405 1.000000
-0.177055 -0.000313 -0.016669 0.000000
-0.191142 -0.003942 -0.547566 1.000000
-0.258336 -0.088553 -0.076197 0.000000
0.538009 0.107211 0.040475 0.000000
-0.256446 0.013001 0.219230 1.000000
-0.491830 -0.055138 0.092895 0.000000
-0.324650 -0.066627 0.018936 0.000000
0.092109 0.054404 -0.087364 0.000000
0.124901 0.067397 0.052694 0.000000
0.174486 0.028034 -0.167207 1.000000
0.491946 -0.005037 -0.089361 0.000000
0.600071 0.050281 -0.086247 0.000000
-0.076875 -0.058402 0.110676 0.000000
-0.408487 0.178227 -0.220292 2.000000
0.033140 -0.060206 0.057483 0.000000
0.163384 -0.068366 -0.042117 0.000000
-0.045544 -0.041308 0.072623 0.000000
0.617187 0.073710 0.025658 0.000000
-0.037770 -0.030914 -0.085002 0.000000
0.058695 0.004798 0.307191 1.000000
-0.413577 0.179817 0.207398 2.000000
0.643364 -0.047708 -0.053391 0.000000
0.035137 0.051334 0.014856 0.000000
0.151229 0.027132 0.201235 1.000000
-0.024090 -0.079683 -0.057578 0.000000
-0.014491 -0.055739 -0.079998 0.000000
-0.150619 0.040274 -0.054636 0.000000
0.124944 0.020260 -0.284394 1.000000
0.001830 -0.048008 -0.005116 0.000000
0.109912 0.068728 -0.064300 0.000000
-0.173876 0.015879 0.564071 1.000000
-0.082179 -0.086255 0.062959 0.000000
0.137356 -0.090421 0.036717 0.000000
0.000584 0.002758 0.199688 1.000000
0.530815 0.052601 -0.087514 0.000000
0.885191 0.030976 -0.040162 0.000000
-0.007727 -0.020478 0.116710 0.000000
-0.366504 -0.010063 0.319474 1.000000
0.095309 0.030396 -0.088824 0.000000
-0.458545 -0.054086 0.098392 0.000000
-0.311314 -0.000743 0.620571 1.000000
-0.028493 0.053610 0.050096 0.000000
-0.515195 0.013560 0.020375 0.000000
-0.577858 -0.061881 0.053811 0.000000
0.240735 -0.072146 -0.012546 0.000000
-0.401766 0.019852 0.092766 0.000000
-0.149911 -0.086963 0.035020 0.000000
-0.291300 0.011777 0.489575 1.000000
0.354401 -0.044551 0.049645 0.000000
0.177815 0.028162 0.120296 1.000000
-0.066739 0.000417 0.256403 1.000000
-0.330427 -0.008796 -0.443822 1.000000
-0.069681 0.052622 0.047648 0.000000
0.367994 -0.049232 0.063496 0.000000
-0.441923 -0.065424 0.030726 0.000000
-0.310348 -0.008108 -0.334430 1.000000
0.102159 0.017339 -0.026118 0.000000
-0.195458 -0.004093 -0.440622 1.000000
-0.235423 -0.005488 0.246160 1.000000
-0.549211 -0.046570 0.052136 0.000000
0.457608 -0.026813 -0.012482 0.000000
-0.370048 0.032715 -0.065610 0.000000
0.586392 0.114641 -0.040227 0.000000
0.060928 -0.086749 -0.059167 0.000000
-0.076961 0.070704 0.010153 0.000000
-0.173339 0.002844 -0.626786 1.000000
0.272131 -0.029583 -0.085002 0.000000
-0.315309 0.002092 0.008370 0.000000
-0.207871 -0.004522 0.312516 1.000000
0.351652 0.013603 -0.093377 0.000000
-0.267506 -0.006605 -0.168431 1.000000
0.465618 0.054855 0.095321 1.000000
0.126705 0.007160 -0.193449 1.000000
-0.470656 0.114340 -0.176033 2.000000
-0.367428 0.104677 -0.152496 2.000000
0.027599 -0.076999 -0.068273 0.000000
-0.119910 -0.058832 -0.033119 0.000000
-0.035687 -0.007851 0.078335 0.000000
0.106562 -0.072038 0.069616 0.000000
0.404566 0.060203 -0.144851 1.000000
0.189733 0.009372 -0.156963 1.000000
-0.376791 -0.001215 0.538344 1.000000
-0.027591 -0.032697 -0.000262 0.000000
0.351974 -0.063384 -0.085002 0.000000
-0.422274 -0.038624 -0.019160 0.000000
0.255016 0.011648 0.018678 0.000000
-0.131936 0.017339 0.300104 1.000000
0.034471 0.003939 -0.256971 1.000000
0.228538 0.103324 -0.020921 0.000000
-0.465137 0.023202 -0.048731 0.000000
0.110341 -0.080091 0.013803 0.000000
-0.001692 0.076266 -0.028180 0.000000
0.682556 0.057218 0.056796 0.000000
-0.093733 -0.084043 0.079087 0.000000
0.272582 -0.004672 -0.091358 0.000000
-0.185172 -0.003728 0.327334 1.000000
0.082488 0.037719 0.069874 0.000000
-0.529046 -0.045904 -0.065417 0.000000
-0.072365 -0.056426 0.069616 0.000000
0.444509 0.056702 0.117569 1.000000
-0.095064 0.014655 -0.523064 1.000000
0.083369 -0.073756 0.030919 0.000000
-0.324521 0.102400 -0.167507 2.000000
-0.435975 -0.082518 -0.002195 0.000000
-0.206539 0.014741 -0.445862 1.000000
0.513872 0.129158 0.024111 0.000000
0.269877 -0.060507 -0.078881 0.000000
-0.341615 -0.009182 0.498079 1.000000
-0.465953 0.168134 0.196317 2.000000
0.359061 -0.055159 0.046466 0.000000
0.286584 -0.057479 0.037275 0.000000
-0.124119 -0.061859 -0.009668 0.000000
-0.156503 -0.047794 0.073138 0.000000
-0.292782 -0.096799 -0.053434 0.000000
-0.064527 0.000482 0.297677 1.000000
0.065738 -0.076226 -0.071902 0.000000
0.387279 -0.047536 0.043288 0.000000
0.578833 0.105278 -0.048817 0.000000
-0.484100 -0.059626 -0.000284 0.000000
0.118845 0.060718 -0.074264 0.000000
-0.014255 -0.015474 -0.133448 0.000000
0.239211 -0.044336 -0.061744 0.000000
-0.414307 0.048155 -0.105080 2.000000
-0.136317 -0.089132 0.029630 0.000000
0.073834 -0.041351 -0.018366 0.000000
-0.619648 0.002285 0.053596 0.000000
-0.107133 -0.082368 -0.064665 0.000000
0.005867 0.053653 -0.069325 0.000000
0.021565 0.079809 0.004634 0.000000
-0.017283 -0.013928 0.078099 0.000000
-0.036159 0.041949 0.089223 0.000000
-0.302338 -0.043327 0.076187 0.000000
-0.350484 -0.062031 0.107476 0.000000
-0.384307 -0.047471 0.111857 0.000000
0.262511 0.080045 0.019773 0.000000
-0.309618 -0.008065 -0.186491 1.000000
-0.114241 -0.001258 -0.339154 1.000000
-0.389783 -0.002997 0.401121 1.000000
0.169762 -0.067572 0.063496 0.000000
0.200320 0.088614 0.029072 0.000000
-0.276203 0.012293 -0.495726 1.000000
-0.017777 0.002114 -0.345361 1.000000
-0.316017 0.061169 -0.115990 2.000000
0.008014 0.040575 -0.106304 0.000000
-0.314213 0.042636 0.085078 2.000000
0.176140 -0.035897 -0.104307 0.000000
0.021264 0.042443 -0.103856 0.000000
0.022359 -0.051595 0.043138 0.000000
-0.320935 0.010746 0.161807 1.000000
0.578811 -0.013155 -0.052811 0.000000
-0.290978 0.011777 0.254234 1.000000
-0.274764 -0.006863 0.145271 1.000000
0.038723 -0.088016 -0.025925 0.000000
0.178223 -0.060013 0.062293 0.000000
0.061658 0.015321 0.358751 1.000000
-0.167348 -0.003105 0.319667 1.000000
0.371409 0.063102 0.206453 1.000000
-0.036739 0.058098 -0.058910 0.000000
-0.368995 -0.010148 -0.152797 1.000000
-0.026603 -0.079619 0.071313 0.000000
-0.402302 0.036473 0.027311 0.000000
-0.118064 0.046738 0.054197 0.000000
0.914826 -0.024472 -0.026139 0.000000
0.224436 -0.068667 0.020224 0.000000
-0.156976 -0.015410 -0.011558 0.000000
0.559935 0.128535 0.016166 0.000000
0.671947 0.093596 0.002422 0.000000
-0.483412 0.023202 0.071527 0.000000
-0.082630 -0.098066 -0.025989 0.000000
-0.365624 0.008363 0.377327 1.000000
-0.361522 0.079057 0.115636 2.000000
0.078516 -0.087200 -0.032861 0.000000
-0.136253 0.024576 0.011978 0.000000
0.290857 0.106803 -0.030864 0.000000
-0.056775 0.001276 -0.003011 0.000000
-0.248823 0.013259 0.337470 1.000000
-0.068929 -0.074014 0.057011 0.000000
-0.411708 -0.003470 -0.260707 1.000000
-0.052373 0.000911 -0.232876 1.000000
0.674180 -0.049125 -0.048172 0.000000
-0.289603 0.010424 -0.086204 0.000000
0.072718 0.080024 0.023832 0.000000
0.558260 0.083739 -0.067220 0.000000
0.707831 0.073818 -0.050943 0.000000
0.476570 0.039458 -0.120714 1.000000
-0.601351 -0.034028 -0.042611 0.000000
0.176934 -0.050478 -0.069862 0.000000
-0.285802 0.099931 0.141041 2.000000
-0.371959 0.080432 0.133697 2.000000
-0.362059 -0.058746 -0.123763 0.000000
-0.075372 0.023395 -0.125052 0.000000
0.121744 -0.043026 -0.078903 0.000000
0.474015 0.054125 0.072301 1.000000
-0.331221 -0.035875 -0.137679 0.000000
-0.255587 -0.086104 0.083016 0.000000
-0.055272 -0.038066 -0.085002 0.000000
-0.440957 0.027690 0.041785 0.000000
0.163663 -0.030141 0.059802 0.000000
0.346992 0.065228 -0.176312 1.000000
0.406327 0.054984 0.012837 0.000000
-0.028879 0.020174 0.411643 1.000000
-0.184034 -0.003685 0.384349 1.000000
0.163878 0.043388 -0.016261 0.000000
0.336384 -0.012876 0.030339 0.000000
0.425096 0.061878 -0.059533 0.000000
0.130356 0.022214 -0.267042 1.000000
0.526263 -0.026813 -0.002625 0.000000
0.634001 0.078714 -0.034171 0.000000
0.056268 0.018177 -0.361080 1.000000
-0.022523 0.009565 -0.463214 1.000000
0.413048 -0.049189 -0.082425 0.000000
0.575805 -0.064415 -0.009497 0.000000
0.326462 -0.084472 0.043610 0.000000
-0.320548 0.010746 -0.405060 1.000000
0.238287 0.029752 -0.119640 1.000000
-0.312710 0.011026 0.283397 1.000000
0.002839 0.002844 -0.287035 1.000000
0.147127 -0.069483 -0.055409 0.000000
-0.031714 0.020840 -0.164587 1.000000
-0.179202 0.015686 0.346425 1.000000
0.406005 -0.101781 0.009015 0.000000
0.502039 0.045879 0.118858 1.000000
0.489026 -0.026813 -0.063570 0.000000
-0.305258 0.044977 -0.058008 0.000000
0.807860 0.065228 -0.023477 0.000000
-0.505896 -0.016956 0.002894 0.000000
-0.001993 0.069630 -0.045338 0.000000
0.254801 -0.078502 0.069616 0.000000
-0.387463 -0.001816 0.451415 1.000000
0.265925 0.025993 0.102472 1.000000
0.349956 0.076180 0.056366 0.000000
-0.069896 -0.046570 -0.085002 0.000000
-0.244678 -0.065661 0.014512 0.000000
0.685970 -0.057393 -0.027686 0.000000
-0.238923 -0.037658 0.127941 0.000000
0.165402 0.004669 0.078185 0.000000
-0.124313 0.017597 0.486032 1.000000
-0.249660 -0.051466 0.122788 0.000000
-0.508044 -0.072962 0.041098 0.000000
-0.249725 0.041434 -0.116355 2.000000
-0.527908 -0.045367 0.046144 0.000000
0.120499 -0.011050 -0.091981 0.000000
-0.467092 0.148850 0.177999 2.000000
-0.367664 -0.071738 0.026624 0.000000
0.030520 -0.004501 0.113188 0.000000
-0.290956 -0.105990 -0.033290 0.000000
0.015831 0.032243 -0.005610 0.000000
0.192868 -0.049469 -0.071000 0.000000
0.338767 0.051505 0.132193 1.000000
0.533307 0.041820 0.046466 0.000000
-0.231300 0.013860 -0.160829 1.000000
0.258452 0.084770 -0.034558 0.000000
-0.148472 -0.028445 -0.005137 0.000000
-0.426912 -0.018975 -0.018022 0.000000
0.372526 0.104870 -0.046068 0.000000
-0.357721 -0.003062 0.606376 1.000000
0.774639 -0.002203 0.053854 0.000000
0.069475 0.005163 0.145959 1.000000
-0.179803 0.064304 -0.023670 0.000000
-0.295895 -0.086362 0.056452 0.000000
-0.011034 0.002350 0.154398 1.000000
0.048752 -0.038688 -0.085002 0.000000
0.396255 0.037654 0.021126 0.000000
-0.038414 0.046373 0.056474 0.000000
-0.122251 0.004605 0.552775 1.000000
-0.213862 -0.075367 0.106209 0.000000
0.314651 0.081463 0.049924 0.000000
-0.287391 0.011906 0.522904 1.000000
0.241015 0.108714 -0.008208 0.000000
-0.406941 -0.019898 -0.129111 0.000000
-0.240534 0.013538 -0.296227 1.000000
-0.138465 0.017103 -0.389813 1.000000
-0.338158 0.011326 0.014254 0.000000
-0.262760 -0.006433 -0.357923 1.000000
0.384551 0.047490 -0.210414 1.000000
-0.239396 0.013581 0.231363 1.000000
0.271573 0.105471 -0.028630 0.000000
-0.401207 -0.009289 -0.155374 1.000000
-0.503276 -0.034608 0.003238 0.000000
0.054700 -0.070750 -0.078881 0.000000
0.728490 -0.024000 -0.066877 0.000000
0.617573 0.014290 -0.090327 0.000000
-0.051299 0.020152 0.358988 1.000000
0.057513 -0.051831 -0.059232 0.000000
-0.147183 -0.002396 0.279660 1.000000
0.799614 0.048069 0.037168 0.000000
-0.378058 0.085908 -0.153678 2.000000
-0.329332 -0.008753 -0.253964 1.000000
-0.084670 -0.054086 -0.130571 0.000000
0.525662 -0.044486 -0.062217 0.000000
0.900223 0.000739 -0.044930 0.000000
-0.212810 0.014526 -0.279025 1.000000
0.116719 0.013667 -0.029447 0.000000
0.243635 -0.096885 -0.038058 0.000000
-0.047347 -0.063041 0.009337 0.000000
0.303592 0.019701 0.085915 0.000000
0.110835 0.072722 0.043868 0.000000
0.861569 -0.033363 0.015457 0.000000
0.299297 0.031212 -0.099046 0.000000
-0.205487 -0.004436 0.178815 1.000000
-0.315974 0.009973 -0.130120 0.000000
-0.380613 0.001598 0.446948 1.000000
-0.162645 0.052257 -0.055066 0.000000
-0.115637 -0.047471 0.069616 0.000000
0.096662 0.029107 -0.020470 0.000000
-0.205551 -0.004436 0.254986 1.000000
-0.431572 0.069115 0.107283 2.000000
0.378925 0.057110 0.219638 1.000000
0.021672 -0.019962 -0.092174 0.000000
-0.370885 0.048821 0.107175 2.000000
0.201630 0.051355 -0.091852 0.000000
0.101923 -0.040836 -0.085002 0.000000
0.308209 -0.081401 -0.083498 0.000000
0.797681 0.056853 -0.043963 0.000000
-0.106532 -0.038452 -0.007392 0.000000
0.054722 0.023867 -0.143069 1.000000
-0.403076 -0.033835 0.113575 0.000000
-0.453262 0.075836 0.129831 2.000000
-0.304013 -0.004221 -0.620645 1.000000
0.077657 0.024662 0.246632 1.000000
-0.169452 0.007590 0.124377 0.000000
-0.210662 -0.004608 -0.181122 1.000000
-0.249725 -0.005982 0.397792 1.000000
0.160334 0.008341 0.146689 1.000000
-0.556942 -0.001258 -0.029017 0.000000
0.512970 0.069480 0.063453 0.000000
0.129325 0.007246 0.209352 1.000000
-0.561387 -0.025481 -0.088115 0.000000
-0.168808 -0.003148 -0.560601 1.000000
-0.271028 0.012486 0.216074 1.000000
0.338338 0.029494 -0.096941 0.000000
0.110384 0.083932 -0.039368 0.000000
-0.501709 -0.039741 -0.028158 0.000000
-0.185945 -0.000055 -0.625927 1.000000
-0.209653 0.014633 -0.467938 1.000000
0.330500 -0.045753 -0.068101 0.000000
-0.144757 -0.012790 0.077970 0.000000
0.670680 -0.026448 -0.015166 0.000000
0.013018 -0.051831 -0.078881 0.000000
0.329426 0.052321 0.191421 1.000000
-0.199753 -0.015152 -0.013856 0.000000
0.342998 0.065593 -0.228001 1.000000
0.223255 -0.034329 -0.079740 0.000000
0.527401 0.058828 0.069552 0.000000
0.159583 -0.046355 0.058578 0.000000
-0.312581 -0.040385 0.076273 0.000000
0.376198 0.048220 0.117612 1.000000
0.060391 -0.007851 0.010840 0.000000
0.283277 0.025628 -0.104114 1.000000
-0.025229 0.021076 -0.253621 1.000000
-0.231858 0.013860 0.224814 1.000000
-0.351128 -0.008946 0.473877 1.000000
-0.281400 -0.039912 0.125815 0.000000
0.308832 0.027003 -0.041988 0.000000
0.351115 0.088957 0.032358 0.000000
-0.229710 -0.005274 -0.384659 1.000000
-0.126181 -0.052260 -0.050921 0.000000
-0.391179 -0.017836 0.115422 0.000000
0.276856 0.017940 0.092079 1.000000
-0.354264 -0.081230 0.044276 0.000000
0.037284 -0.071974 0.044512 0.000000
0.764052 -0.047192 0.017927 0.000000
-0.385960 0.001856 0.394056 1.000000
-0.250154 -0.006004 0.195222 1.000000
-0.067254 -0.053141 0.035386 0.000000
-0.134986 -0.000227 -0.091809 0.000000
0.175109 0.012851 0.198958 1.000000
-0.363584 0.009243 -0.197035 1.000000
0.123677 0.020217 0.270383 1.000000
-0.163654 0.012529 0.071764 0.000000
-0.058192 0.019916 -0.258152 1.000000
-0.613635 0.002479 -0.055753 0.000000
-0.006202 0.009673 -0.441653 1.000000
0.258946 0.016609 0.108142 1.000000
0.404007 0.060246 0.181800 1.000000
0.099947 0.062157 -0.064042 0.000000
0.253878 -0.026705 0.062830 0.000000
0.245782 0.056960 0.067318 0.000000
0.117557 0.050067 -0.004751 0.000000
0.078494 0.005485 -0.151895 1.000000
0.087535 -0.050929 -0.003784 0.000000
-0.078099 0.000009 -0.163835 1.000000
-0.194793 0.015149 0.593147 1.000000
0.113283 0.090353 -0.013147 0.000000
0.412039 0.057454 -0.197185 1.000000
-0.295251 -0.075582 -0.076090 0.000000
-0.143984 0.061942 -0.038401 0.000000
0.001787 0.002801 -0.301337 1.000000
-0.137498 0.017146 0.481737 1.000000
-0.001456 0.002693 -0.186405 1.000000
-0.107863 0.018177 0.280090 1.000000
-0.195050 -0.062590 0.119115 0.000000
0.184042 0.011949 0.181177 1.000000
-0.215623 0.014419 -0.405404 1.000000
-0.160240 -0.029175 0.077411 0.000000
0.453378 0.010596 -0.062904 0.000000
-0.464772 -0.063212 -0.105080 0.000000
0.527788 -0.026813 -0.037564 0.000000
-0.378938 0.032672 -0.081480 0.000000
-0.093840 -0.018674 -0.011064 0.000000
-0.255222 0.037847 0.047175 0.000000
-0.309360 0.011154 -0.419792 1.000000
-0.374879 -0.007593 0.360899 1.000000
-0.485624 -0.041802 0.041441 0.000000
0.884718 -0.033212 0.005622 0.000000
-0.223891 -0.005080 -0.263907 1.000000
0.208137 0.029472 -0.025882 0.000000
0.173112 0.093660 0.007060 0.000000
0.282611 -0.042897 -0.063935 0.000000
-0.155923 -0.071051 0.012794 0.000000
-0.290097 0.011820 0.277835 1.000000
-0.243905 -0.036176 -0.016068 0.000000
-0.267785 -0.006605 0.554128 1.000000
-0.529411 -0.031086 -0.044994 0.000000
-0.135973 -0.059283 0.013353 0.000000
-0.427836 -0.004565 -0.123677 1.000000
0.834725 0.002930 -0.059210 0.000000
0.268416 -0.071695 -0.026225 0.000000
0.415904 0.044762 -0.130592 1.000000
-0.067491 0.019594 -0.269319 1.000000
-0.068650 0.000331 0.400112 1.000000
-0.287391 0.011906 -0.187608 1.000000
-0.356411 0.009501 0.311378 1.000000
-0.459876 0.133904 0.178579 2.000000
-0.310541 0.051119 -0.107571 2.000000
0.855620 -0.033448 -0.032453 0.000000
-0.223891 0.014139 -0.495189 1.000000
0.423592 0.104634 -0.053627 0.000000
-0.380205 -0.009311 0.115636 0.000000
0.925885 -0.020263 0.012622 0.000000
-0.286704 -0.007271 -0.297902 1.000000
-0.093797 -0.000528 -0.398059 1.000000
-0.489168 0.076459 -0.141995 2.000000
-0.090383 0.018799 -0.388074 1.000000
-0.226124 0.014054 0.315458 1.000000
-0.355810 0.004132 -0.599879 1.000000
-0.412181 -0.002933 -0.273850 1.000000
0.324272 -0.097830 0.023510 0.000000
0.325432 -0.057393 0.039015 0.000000
0.409741 -0.062826 -0.026032 0.000000
-0.465009 -0.042360 0.034312 0.000000
0.624059 -0.055868 0.025078 0.000000
