0.009840 -0.075688 0.031817 0.000000
-0.124141 0.014013 0.516091 1.000000
0.064382 -0.027112 -0.077081 1.000000
0.364242 -0.067760 0.041893 0.000000
0.856418 -0.139642 0.025745 0.000000
0.488095 0.046945 -0.067058 0.000000
-0.015031 -0.015047 -0.238770 1.000000
0.521398 -0.046415 0.071245 0.000000
-0.417744 0.091517 -0.007770 0.000000
0.590576 0.037877 0.086094 0.000000
-0.455263 -0.065161 0.015670 0.000000
0.066132 -0.023135 0.324784 1.000000
-0.052311 0.006775 -0.397040 1.000000
0.115000 -0.021676 0.300125 1.000000
-0.004531 -0.000544 0.330458 1.000000
-0.076122 -0.007968 -0.387865 1.000000
-0.351907 0.068078 0.067798 0.000000
0.028640 0.017089 -0.076047 0.000000
0.203613 -0.105570 0.281988 3.000000
-0.236433 0.044956 0.835520 1.000000
0.822637 -0.072029 0.038764 0.000000
0.488148 0.053150 0.078961 0.000000
0.150769 -0.030930 -0.241820 1.000000
0.400064 0.011733 0.091556 0.000000
0.855118 -0.017381 -0.058944 0.000000
0.361883 0.088839 -0.016971 0.000000
-0.426467 -0.041695 0.069416 0.000000
0.051310 -0.125218 -0.148884 3.000000
0.195235 -0.022445 0.201568 1.000000
0.522300 0.067256 -0.053482 0.000000
-0.065781 0.033634 0.087499 0.000000
-0.792324 0.049915 0.253776 2.000000
0.271148 -0.015419 -0.072812 0.000000
-0.117380 0.018653 0.638591 1.000000
0.274568 -0.040131 -0.286683 3.000000
0.057196 0.003009 0.402845 1.000000
-0.815233 0.051161 0.242507 2.000000
-0.661180 0.073195 -0.016785 0.000000
0.733069 0.092922 0.005992 0.000000
0.072469 -0.039866 -0.154585 1.000000
-0.813324 0.033290 -0.080024 2.000000
-0.495752 0.054104 0.073446 0.000000
-0.482786 0.016081 0.084503 0.000000
-0.122497 0.082343 -0.032482 0.000000
-0.585479 0.075741 -0.030626 0.000000
-0.341910 0.092896 0.009359 0.000000
0.405659 -0.074627 -0.003130 0.000000
0.186431 -0.071207 0.304712 3.000000
-0.135622 -0.014835 0.090177 0.000000
0.311451 -0.039150 -0.255528 3.000000
0.112401 -0.023373 -0.244683 1.000000
-0.798104 0.033741 -0.092884 2.000000
0.816221 0.061237 0.065306 0.000000
-0.229539 -0.009241 -0.074853 0.000000
0.186803 -0.020457 -0.262130 1.000000
0.271651 -0.073726 -0.201967 3.000000
-0.506968 0.077199 0.053136 0.000000
0.090897 0.081282 -0.034630 0.000000
-0.141243 -0.005847 -0.075437 0.000000
0.585724 -0.063173 0.051094 0.000000
-0.297285 -0.045487 -0.057009 0.000000
0.853952 0.078816 0.003420 0.000000
0.073397 -0.024063 -0.303786 1.000000
-0.079039 -0.006059 -0.404755 1.000000
-0.205357 0.060866 -0.058626 0.000000
-0.022694 -0.028941 -0.219441 1.000000
-0.493127 -0.057260 -0.008857 0.000000
-0.132122 0.027669 -0.584529 1.000000
-0.032849 -0.029445 -0.149785 1.000000
-0.276020 0.053203 -0.845730 1.000000
-0.689472 0.024964 -0.037255 2.000000
0.025007 -0.013642 0.398920 1.000000
0.196958 0.078949 0.054249 0.000000
0.156416 -0.008604 -0.129846 1.000000
-0.039505 -0.021544 0.233598 1.000000
0.012651 -0.073964 0.068726 0.000000
-0.248842 0.036684 0.748338 1.000000
-0.042792 0.075343 0.058942 0.000000
-0.832442 0.039388 -0.137217 2.000000
0.593360 0.000623 -0.076100 0.000000
0.004193 -0.059752 -0.073872 0.000000
0.734183 0.063305 -0.056664 0.000000
0.038212 -0.023797 -0.289600 1.000000
-0.131539 0.001684 -0.453623 1.000000
0.102723 -0.002188 0.221958 1.000000
-0.712779 0.030320 -0.085486 2.000000
0.217534 -0.025998 0.168132 1.000000
0.818501 -0.002956 -0.069179 0.000000
0.186325 -0.031672 0.270746 3.000000
0.062287 -0.033688 -0.208516 1.000000
-0.219278 -0.066460 -0.029512 0.000000
0.692554 0.077729 0.055973 0.000000
0.342208 -0.019449 0.086439 0.000000
-0.479021 0.034722 -0.066209 0.000000
-0.258228 -0.074707 -0.002228 0.000000
0.313280 -0.104775 -0.219573 3.000000
0.163920 -0.040025 0.275068 1.000000
0.001753 -0.017275 0.221931 1.000000
-0.650176 0.041085 -0.037016 0.000000
-0.700608 0.133782 0.013336 2.000000
-0.204721 0.010407 -0.076736 0.000000
-0.003046 -0.029127 0.240943 1.000000
-0.121092 0.089688 0.029484 0.000000
-0.610615 0.019528 -0.049637 0.000000
-0.016542 -0.007491 0.304447 1.000000
0.037204 -0.127074 -0.141672 3.000000
0.003105 -0.116336 0.146602 1.000000
-0.225774 0.024566 -0.075304 0.000000
-0.112501 0.019873 0.537993 1.000000
-0.790256 0.285211 0.003658 2.000000
-0.135940 0.008365 0.531894 1.000000
-0.358138 0.048669 -0.066209 0.000000
-0.423816 0.038275 -0.069126 0.000000
0.277113 -0.063676 0.219015 3.000000
-0.004425 -0.074335 -0.019012 0.000000
0.024636 -0.013987 -0.379195 1.000000
0.098056 -0.049941 0.093545 1.000000
0.055393 -0.017593 -0.075198 0.000000
0.046749 -0.035066 0.204988 1.000000
-0.178709 0.034801 -0.733809 1.000000
-0.120853 0.027801 -0.655271 1.000000
0.196003 -0.063491 0.090071 0.000000
0.071011 -0.068502 0.085749 0.000000
0.154348 -0.009850 -0.228615 1.000000
-0.713176 0.036472 0.087128 2.000000
0.315269 -0.065851 -0.030759 0.000000
-0.422039 0.083536 0.044836 0.000000
-0.060292 -0.055748 0.090177 0.000000
0.999679 -0.000464 0.025321 0.000000
-0.065596 0.081388 -0.034418 0.000000
0.242697 -0.124741 0.272045 3.000000
0.009204 -0.111298 -0.124039 1.000000
-0.465339 0.060680 -0.055762 0.000000
-0.207850 0.037188 0.715247 1.000000
0.222678 0.025547 0.090177 0.000000
-0.063130 0.022763 0.090469 0.000000
0.251685 -0.057976 -0.204857 3.000000
-0.255603 0.049013 0.825285 1.000000
-0.018107 -0.124025 0.142757 3.000000
-0.263638 0.052487 0.849917 1.000000
0.695682 0.092154 -0.001990 0.000000
-0.229963 0.092604 0.002730 0.000000
-0.263531 -0.072904 -0.012649 0.000000
-0.478782 0.047184 0.077264 0.000000
-0.260429 -0.052858 -0.050380 0.000000
-0.664547 0.051877 0.046984 0.000000
-0.722616 0.033078 0.060666 2.000000
0.010424 -0.039044 0.159515 1.000000
0.071859 0.004309 -0.321365 1.000000
0.295780 0.044479 0.083257 0.000000
0.096837 0.044055 -0.068516 0.000000
-0.692521 0.036498 0.081374 2.000000
0.313280 -0.112040 -0.226892 3.000000
0.028613 -0.043339 0.128783 1.000000
-0.045391 -0.015074 0.349867 1.000000
0.280773 -0.111298 0.274166 3.000000
-0.474752 0.066275 0.065916 0.000000
-0.702358 0.107188 0.012594 2.000000
-0.184225 -0.057339 0.072067 0.000000
-0.210925 0.036153 0.774349 1.000000
0.878346 0.004812 -0.057168 0.000000
-0.266554 0.049252 -0.816271 1.000000
0.002177 -0.117847 -0.117888 3.000000
-0.046584 0.021782 0.504769 1.000000
0.586705 -0.009930 -0.074641 0.000000
0.183462 0.075873 0.058279 0.000000
0.003556 -0.016479 -0.343426 1.000000
0.127170 0.061343 -0.058228 0.000000
-0.797945 0.030532 -0.045077 2.000000
0.071859 0.004388 0.349019 1.000000
0.145333 -0.006960 0.163439 1.000000
-0.222539 0.029286 -0.665479 1.000000
0.361352 -0.009214 0.089833 0.000000
0.269689 -0.114957 -0.282149 3.000000
0.173439 -0.037135 0.196848 1.000000
-0.682631 0.152608 0.014901 2.000000
0.215439 -0.037718 -0.075198 0.000000
-0.030118 -0.025017 0.265469 1.000000
0.149337 -0.008578 0.246882 1.000000
-0.716199 0.062695 -0.017421 0.000000
-0.144690 0.017354 0.618281 1.000000
-0.415941 0.075714 0.058041 0.000000
-0.708483 0.011494 0.041416 0.000000
0.635573 0.047953 0.081533 0.000000
-0.526907 0.092021 0.016651 0.000000
0.999388 0.010407 -0.003872 0.000000
0.103412 0.060547 -0.058891 0.000000
0.399773 -0.066460 -0.029565 0.000000
-0.691328 0.204339 0.001802 2.000000
-0.184145 0.031540 -0.648457 1.000000
-0.093887 0.077862 -0.040834 0.000000
0.099117 -0.075688 0.040249 0.000000
-0.039452 -0.127525 -0.126399 3.000000
0.072708 0.035703 -0.071831 0.000000
-0.053796 -0.005184 -0.424668 1.000000
0.262848 -0.062934 0.057113 0.000000
0.131386 -0.036419 -0.210293 1.000000
0.006446 -0.014491 -0.219573 1.000000
-0.209653 0.040051 -0.717290 1.000000
0.004537 0.091491 -0.008592 0.000000
-0.460725 0.061343 0.070423 0.000000
0.469667 -0.041032 -0.060588 0.000000
-0.194168 -0.053150 -0.056001 0.000000
0.026571 -0.120260 0.161026 3.000000
-0.661657 0.139828 -0.000929 2.000000
-0.772809 0.049570 0.218166 2.000000
-0.841377 0.057525 0.003579 0.000000
-0.204853 -0.061767 -0.042796 0.000000
-0.657229 0.176711 0.003048 2.000000
-0.823824 0.050684 -0.262793 2.000000
0.804209 -0.006297 0.086120 0.000000
0.174738 -0.077623 -0.224664 3.000000
-0.762548 0.034589 0.084980 2.000000
0.003848 -0.102282 0.137295 0.000000
-0.002251 -0.027695 -0.237312 1.000000
0.231004 -0.075688 0.008431 0.000000
0.727421 0.090350 0.027469 0.000000
0.131678 -0.004760 0.211458 1.000000
0.069499 -0.019343 0.142836 1.000000
0.557644 -0.053203 -0.049956 0.000000
0.185026 -0.077968 -0.213448 3.000000
0.284856 -0.093612 0.298719 3.000000
-0.786623 0.029392 0.047223 2.000000
-0.044436 -0.003116 -0.450494 1.000000
-0.295668 0.040661 -0.070187 0.000000
0.211197 -0.056066 -0.293763 3.000000
-0.139361 -0.052381 0.089647 0.000000
-0.098024 0.012900 -0.584051 1.000000
0.061121 -0.042491 0.145090 1.000000
0.275098 -0.060760 -0.204009 3.000000
0.630588 -0.034589 0.079545 0.000000
-0.104626 0.013165 0.599667 1.000000
0.391394 -0.073858 0.024738 0.000000
0.036806 -0.039627 -0.146444 1.000000
0.159519 -0.016214 0.254147 1.000000
0.396803 -0.038142 0.077768 0.000000
-0.443755 0.077517 0.054886 0.000000
-0.863411 0.051956 -0.247123 2.000000
0.305485 -0.054873 0.309352 3.000000
-0.749979 0.022259 -0.018800 0.000000
0.270856 -0.090854 0.314469 3.000000
0.787027 -0.067707 0.039215 0.000000
0.310894 -0.108646 -0.269687 3.000000
-0.037118 -0.006191 -0.422971 1.000000
-0.808817 0.041987 0.191943 2.000000
-0.065357 -0.012184 0.362541 1.000000
-0.011027 -0.041695 0.131329 1.000000
-0.031550 -0.005396 0.329265 1.000000
0.496394 0.083059 0.046056 0.000000
-0.787313 0.040634 -0.129024 2.000000
-0.047751 -0.120154 0.164526 3.000000
-0.876112 0.051903 -0.249323 2.000000
-0.342785 -0.013006 -0.073607 0.000000
0.269265 -0.102362 0.243090 3.000000
-0.051092 -0.003858 0.354985 1.000000
-0.546528 0.092525 0.012170 0.000000
-0.118546 -0.031010 -0.075198 0.000000
-0.417797 0.025892 -0.073713 0.000000
0.049719 -0.026767 0.109109 1.000000
-0.870067 0.054794 -0.273797 2.000000
-0.140527 0.086585 0.038658 0.000000
0.387390 -0.074786 0.016545 0.000000
0.122053 -0.003036 -0.258869 1.000000
0.209129 -0.028862 -0.240759 3.000000
-0.015296 0.091623 0.022166 0.000000
0.535398 0.087752 0.035211 0.000000
0.349580 0.090616 -0.011694 0.000000
0.042136 -0.074707 -0.058175 0.000000
-0.062732 -0.042756 -0.094156 1.000000
0.771410 -0.070040 -0.019543 0.000000
-0.287687 -0.066195 0.045048 0.000000
-0.108311 0.021278 -0.075622 0.000000
0.127647 -0.044585 0.147371 1.000000
-0.686475 0.035411 -0.055285 2.000000
0.004060 -0.052169 0.088931 0.000000
-0.796726 0.008259 0.015404 0.000000
-0.384123 -0.059646 0.056874 0.000000
-0.600566 0.072400 0.046586 0.000000
0.150185 -0.046892 0.134405 1.000000
-0.159353 0.007411 -0.494085 1.000000
-0.527755 -0.008604 0.073950 0.000000
-0.193001 0.024593 -0.616161 1.000000
-0.714184 0.031778 0.040435 0.000000
-0.305691 -0.062191 0.053056 0.000000
0.241742 -0.101142 -0.227183 3.000000
0.328076 0.019555 0.090787 0.000000
0.099859 -0.022816 -0.075198 0.000000
0.661080 0.086930 -0.022698 0.000000
0.578061 0.091968 0.018639 0.000000
-0.425354 0.072241 -0.047092 0.000000
0.623243 -0.002877 -0.075728 0.000000
-0.019114 -0.032123 -0.117251 1.000000
-0.083228 -0.009082 0.387201 1.000000
-0.201353 0.091172 -0.010077 0.000000
-0.345331 -0.053892 0.064060 0.000000
-0.392448 -0.074760 -0.001618 0.000000
-0.743165 0.274154 0.010367 2.000000
-0.145433 0.032388 -0.622392 1.000000
0.690512 -0.047794 0.070132 0.000000
-0.115152 0.013271 0.091423 0.000000
0.050727 -0.117264 -0.119187 3.000000
0.250651 -0.026157 0.256454 1.000000
0.319962 -0.075157 0.012806 0.000000
-0.301766 -0.031593 -0.066050 0.000000
0.683406 -0.071366 -0.017289 0.000000
-0.392714 -0.022710 0.085352 0.000000
-0.744066 0.035411 -0.071831 2.000000
-0.760002 0.041748 -0.183407 2.000000
-0.866885 0.038646 0.007635 0.000000
0.919285 0.061237 -0.002440 0.000000
-0.023701 -0.021968 -0.196160 1.000000
0.070931 0.004229 0.304049 1.000000
0.027552 -0.002850 -0.272710 1.000000
-0.260827 0.039866 0.770186 1.000000
0.656520 -0.035119 0.079253 0.000000
0.062155 -0.021915 -0.115236 1.000000
0.011643 -0.074866 -0.129475 1.000000
0.100734 -0.026741 0.291269 1.000000
-0.045470 -0.002612 -0.341066 1.000000
0.626239 -0.033900 -0.064884 0.000000
0.023283 -0.048006 -0.075198 0.000000
-0.772782 0.313741 0.008802 2.000000
-0.581767 -0.001816 0.066340 0.000000
-0.861635 0.050657 -0.235058 2.000000
0.046007 -0.058188 -0.075198 0.000000
-0.430153 0.020350 0.088374 0.000000
-0.072675 -0.024540 0.254465 1.000000
0.308163 -0.069987 0.036431 0.000000
-0.003258 -0.064339 0.140264 1.000000
-0.199418 0.089741 0.029325 0.000000
-0.781029 0.029286 -0.029778 2.000000
0.222545 -0.018070 -0.082781 1.000000
0.120011 -0.010672 0.157685 1.000000
0.069738 0.092286 0.015484 0.000000
0.177151 -0.021835 -0.213634 1.000000
-0.722377 0.077332 0.004321 2.000000
0.200829 -0.099419 -0.275945 3.000000
-0.058171 -0.038646 0.144136 1.000000
-0.392687 0.091756 -0.005914 0.000000
-0.764642 0.046362 -0.171687 2.000000
0.462481 -0.070995 -0.018402 0.000000
-0.369698 0.014278 0.091317 0.000000
-0.018982 0.016532 0.437129 1.000000
0.129212 -0.050896 -0.250888 1.000000
-0.708642 0.035040 0.131090 2.000000
0.250201 -0.033078 -0.106512 1.000000
-0.807597 0.038009 0.126556 2.000000
-0.195467 0.043869 0.773845 1.000000
-0.168024 0.014225 0.572860 1.000000
0.585644 0.061184 0.073340 0.000000
-0.490581 -0.013722 0.076787 0.000000
-0.222194 0.047847 -0.780555 1.000000
0.811262 0.081256 0.036564 0.000000
-0.149224 0.019290 0.635621 1.000000
-0.041944 -0.075688 -0.006550 0.000000
0.838705 -0.129116 0.024605 0.000000
0.062579 -0.044930 0.125230 1.000000
-0.021792 -0.021146 0.302909 1.000000
-0.559998 -0.014623 0.065412 0.000000
-0.096645 0.004203 0.510549 1.000000
-0.218350 0.039945 0.085405 0.000000
0.839899 0.005290 0.080367 0.000000
-0.771271 0.036100 -0.127937 2.000000
-0.051967 -0.047847 0.090177 0.000000
-0.759419 0.173688 0.007423 2.000000
-0.036455 0.091994 0.018427 0.000000
-0.028792 -0.039335 -0.130244 1.000000
0.568516 -0.052832 -0.050406 0.000000
0.064515 0.019343 0.090814 0.000000
-0.302217 -0.075263 0.003340 0.000000
-0.053027 -0.017672 -0.262183 1.000000
0.295674 0.084464 -0.028213 0.000000
-0.072755 -0.040502 -0.109615 1.000000
-0.218058 -0.031779 -0.065971 0.000000
0.501406 0.072320 0.062708 0.000000
-0.580521 0.103953 0.004082 2.000000
0.381239 0.092498 0.001484 0.000000
0.047969 -0.010434 0.222356 1.000000
-0.150709 0.020165 -0.627748 1.000000
0.820357 0.050498 0.072173 0.000000
-0.708032 0.030373 0.102427 2.000000
0.296576 -0.021225 0.085855 0.000000
0.005863 -0.082926 -0.127592 1.000000
0.195977 -0.036419 0.090177 0.000000
0.036939 -0.075688 0.042211 0.000000
-0.560687 0.096688 0.008643 2.000000
-0.794366 0.062297 -0.000823 0.000000
0.255185 -0.096847 -0.222676 3.000000
-0.078482 0.048165 0.081427 0.000000
-0.810301 0.040475 -0.133823 2.000000
-0.030569 -0.040237 -0.075198 0.000000
-0.115683 -0.004097 0.421591 1.000000
-0.142834 0.036153 0.669641 1.000000
0.619054 -0.046415 -0.056266 0.000000
0.012836 -0.040369 -0.133425 1.000000
0.000958 -0.109680 -0.143130 3.000000
-0.103883 0.003460 -0.484195 1.000000
-0.079542 0.090695 0.026461 0.000000
0.511455 0.085578 -0.026012 0.000000
0.083606 -0.022869 0.106749 1.000000
0.014321 -0.080487 0.146416 1.000000
0.294136 -0.011282 -0.074190 0.000000
-0.154368 0.016691 -0.589885 1.000000
0.615554 0.004839 0.091477 0.000000
-0.671733 0.120233 0.000158 2.000000
0.227928 0.058135 0.075806 0.000000
0.145412 -0.023904 -0.248554 1.000000
0.155064 -0.008153 -0.210160 1.000000
-0.247914 0.038778 -0.739086 1.000000
0.910005 -0.057339 0.019753 0.000000
0.254576 -0.077279 -0.202047 3.000000
0.777164 -0.036392 -0.062179 0.000000
-0.768991 0.038301 -0.151323 2.000000
-0.204482 0.092949 0.008961 0.000000
-0.237308 0.051135 0.079969 0.000000
0.678474 0.061979 -0.057725 0.000000
0.286102 0.080460 0.051279 0.000000
0.027871 0.010831 0.404462 1.000000
-0.679025 0.155392 -0.000213 2.000000
-0.038232 0.059275 0.074878 0.000000
0.296761 -0.041457 -0.261520 3.000000
0.870709 -0.065877 0.016173 0.000000
-0.046107 -0.021835 0.286284 1.000000
0.618921 0.061131 0.073393 0.000000
0.256379 -0.067654 0.316193 3.000000
0.077746 -0.009691 -0.184838 1.000000
-0.872214 0.054157 0.293734 2.000000
0.990452 -0.017725 -0.014319 0.000000
-0.087020 -0.010354 -0.359680 1.000000
-0.294077 0.049252 0.862326 1.000000
0.214272 -0.050710 0.108844 1.000000
0.337489 0.055775 0.077636 0.000000
-0.140660 0.028597 -0.596566 1.000000
0.091295 -0.075688 0.056211 0.000000
0.230129 -0.063013 -0.215967 3.000000
0.229280 0.041324 0.084848 0.000000
0.281860 -0.111536 -0.258630 3.000000
-0.058834 -0.021305 0.257382 1.000000
-0.490210 0.077597 -0.038236 0.000000
0.265500 -0.045036 -0.291217 3.000000
0.046855 -0.031779 0.236064 1.000000
-0.160679 -0.069457 -0.048524 0.000000
0.197329 -0.051877 -0.090391 1.000000
0.138386 -0.031911 0.243329 1.000000
-0.024948 0.034403 0.087234 0.000000
0.050462 -0.030426 -0.233123 1.000000
0.231879 -0.076483 0.315530 3.000000
-0.722563 0.038301 -0.090524 2.000000
0.219178 -0.057923 -0.285596 3.000000
-0.223494 0.034563 -0.697086 1.000000
-0.007395 0.016081 0.463617 1.000000
-0.299460 -0.062244 -0.037997 0.000000
-0.620506 0.083801 -0.001724 0.000000
-0.380596 -0.071525 -0.016785 0.000000
0.704220 -0.036127 -0.063797 0.000000
-0.832150 0.255567 0.007662 2.000000
-0.858347 0.045672 0.208302 2.000000
-0.173645 0.027244 -0.686426 1.000000
-0.085296 -0.010805 -0.332740 1.000000
0.158988 -0.075688 -0.013126 0.000000
0.191549 -0.104536 -0.267592 3.000000
0.187890 -0.055059 -0.217266 3.000000
0.043621 -0.067176 0.085086 0.000000
-0.653066 0.188801 0.009120 2.000000
-0.536055 0.088282 0.032268 0.000000
-0.011080 -0.075688 -0.008539 0.000000
-0.170490 -0.065082 -0.049425 0.000000
0.232144 -0.075290 -0.039933 0.000000
0.089731 -0.023877 0.093412 1.000000
0.240549 -0.040794 0.231450 3.000000
-0.217528 0.046468 0.783470 1.000000
-0.054645 -0.073328 0.073393 0.000000
-0.142755 0.024778 0.592402 1.000000
-0.309509 0.089953 0.028662 0.000000
0.175322 -0.012369 0.206102 1.000000
-0.549259 -0.021915 0.062681 0.000000
-0.005936 -0.010434 0.413371 1.000000
-0.776601 0.267843 0.003207 2.000000
0.707667 -0.057737 0.059261 0.000000
0.467970 -0.069245 0.038658 0.000000
-0.085376 0.012290 0.091503 0.000000
-0.500816 0.035517 0.079783 0.000000
0.051734 -0.138820 0.126079 3.000000
0.035852 -0.112782 -0.148247 3.000000
-0.119315 -0.023983 0.090177 0.000000
-0.762680 0.037956 -0.098876 2.000000
0.234265 -0.082370 0.302829 3.000000
-0.708536 0.028968 -0.072865 2.000000
-0.279573 0.047396 0.856228 1.000000
-0.832680 0.038858 0.146177 2.000000
-0.626339 0.073513 -0.024262 0.000000
0.022329 -0.000411 0.306727 1.000000
0.540144 -0.065002 0.047461 0.000000
0.018537 -0.001578 -0.288221 1.000000
-0.652165 0.057047 -0.034418 0.000000
-0.062095 0.008525 0.091848 0.000000
0.785834 0.076801 -0.037122 0.000000
0.037840 0.004574 -0.418570 1.000000
0.797978 0.002665 -0.072520 0.000000
-0.285990 -0.074362 -0.005781 0.000000
-0.001853 -0.014756 -0.225937 1.000000
-0.040035 -0.023002 0.278700 1.000000
-0.155456 -0.002506 0.090761 0.000000
-0.626366 -0.013324 -0.032880 0.000000
-0.521180 0.079824 -0.034232 0.000000
0.368432 0.087010 0.037439 0.000000
-0.015058 -0.131104 -0.110781 3.000000
0.903615 0.003646 0.064723 0.000000
-0.094603 -0.000968 0.461947 1.000000
0.942300 0.006297 0.052420 0.000000
-0.353869 0.078922 -0.039376 0.000000
-0.048891 -0.041032 -0.111816 1.000000
-0.166141 0.020536 0.637584 1.000000
-0.807836 0.039627 -0.152013 2.000000
0.012200 -0.073540 -0.061914 0.000000
-0.829048 0.018123 0.015166 0.000000
0.047439 0.007676 0.333163 1.000000
0.097181 0.000490 -0.273134 1.000000
-0.016834 -0.026714 -0.154585 1.000000
0.652648 -0.071180 0.032772 0.000000
-0.049792 -0.139245 -0.140505 3.000000
0.688948 0.090881 -0.010952 0.000000
-0.837639 0.041775 -0.160683 2.000000
0.991539 0.004282 0.029776 0.000000
-0.831036 0.049915 -0.220873 2.000000
-0.092349 0.004521 -0.076471 0.000000
-0.074478 0.015180 0.590758 1.000000
-0.786782 0.043737 0.023226 0.000000
0.725989 0.076112 0.057988 0.000000
-0.034520 0.073116 0.061726 0.000000
0.621997 -0.054157 -0.048736 0.000000
-0.002145 -0.083669 0.121863 0.000000
-0.019406 -0.035623 -0.163706 1.000000
-0.100569 -0.075555 -0.052156 0.000000
-0.232588 0.036366 0.756955 1.000000
-0.720070 0.034748 0.074215 2.000000
-0.870677 0.050127 0.250753 2.000000
0.183064 -0.018017 0.273795 1.000000
0.318053 -0.037002 0.078325 0.000000
-0.042607 -0.073328 -0.062444 0.000000
0.132818 -0.034510 -0.260327 1.000000
-0.451975 -0.012582 0.082196 0.000000
-0.531123 0.015763 -0.064592 0.000000
-0.382691 0.088256 0.033726 0.000000
0.469667 0.007199 0.091715 0.000000
-0.855510 0.047528 0.221162 2.000000
-0.148137 0.063411 -0.056584 0.000000
-0.624987 0.024566 -0.046456 0.000000
0.274621 -0.081680 -0.300604 3.000000
0.020075 -0.027059 0.132973 1.000000
-0.139043 0.016081 -0.593093 1.000000
0.069977 -0.022684 0.119238 1.000000
-0.384759 -0.030930 -0.066395 0.000000
-0.242744 -0.074707 0.017340 0.000000
0.141727 -0.075688 0.038605 0.000000
-0.082671 0.004919 -0.510869 1.000000
0.120515 -0.027085 0.276791 1.000000
0.066636 -0.015896 0.362462 1.000000
0.025882 0.010990 0.385053 1.000000
-0.164974 0.033581 0.731792 1.000000
-0.135012 0.031381 -0.677968 1.000000
-0.723226 0.236820 0.001590 2.000000
-0.032505 -0.075051 -0.055630 0.000000
-0.146255 0.023983 -0.575116 1.000000
0.806145 0.031248 0.083204 0.000000
0.186405 0.081547 0.049079 0.000000
0.158352 -0.033369 -0.207960 1.000000
0.192159 -0.058400 0.231742 3.000000
-0.159857 0.038646 -0.674017 1.000000
0.027155 -0.022154 0.315901 1.000000
-0.093224 0.020377 0.090708 0.000000
0.101981 0.068979 0.066923 0.000000
0.968020 -0.019369 0.038367 0.000000
-0.134747 0.091305 -0.009679 0.000000
0.204568 -0.091835 -0.282706 3.000000
0.102166 -0.034457 -0.217134 1.000000
-0.042766 0.020191 -0.525081 1.000000
0.055791 -0.071260 0.082541 0.000000
-0.155800 -0.011839 -0.074005 0.000000
-0.019247 -0.039813 -0.129024 1.000000
0.915918 0.023161 -0.044600 0.000000
-0.327088 -0.071551 0.031711 0.000000
0.094715 -0.075688 -0.018535 0.000000
-0.848536 0.043710 -0.176672 2.000000
0.206265 0.001551 0.091158 0.000000
0.700561 -0.072029 0.030253 0.000000
0.658004 0.024619 0.090283 0.000000
-0.206444 0.033078 -0.725536 1.000000
0.291246 -0.045487 0.305534 3.000000
-0.208115 -0.068900 -0.024634 0.000000
-0.132599 -0.075688 0.035344 0.000000
0.115768 -0.006563 -0.169460 1.000000
0.057382 0.091888 -0.004482 0.000000
-0.148296 0.008949 0.531602 1.000000
0.127303 -0.030957 -0.075198 0.000000
0.262848 -0.074309 0.029404 0.000000
0.491807 -0.069377 0.038234 0.000000
0.289098 -0.086798 -0.299358 3.000000
-0.004239 -0.018070 -0.324680 1.000000
0.573341 -0.066646 -0.029194 0.000000
0.095750 -0.034006 -0.075198 0.000000
-0.275994 0.046945 -0.838703 1.000000
-0.724551 0.195616 0.001670 2.000000
0.468739 -0.062987 -0.036512 0.000000
-0.074902 -0.009957 -0.364532 1.000000
0.842312 0.046150 -0.054357 0.000000
0.294189 -0.028782 -0.263111 3.000000
-0.022323 -0.000544 0.346553 1.000000
-0.328123 0.020297 0.090708 0.000000
0.813649 0.014278 0.085378 0.000000
0.613194 0.055165 0.077954 0.000000
-0.002198 -0.020881 -0.183513 1.000000
0.265500 -0.066779 -0.202471 3.000000
0.054757 -0.037267 -0.171581 1.000000
-0.250115 0.042835 0.816853 1.000000
0.176091 -0.039547 0.184174 1.000000
0.020579 0.003884 -0.445138 1.000000
-0.127058 0.018547 0.641985 1.000000
-0.797548 0.042172 -0.182929 2.000000
-0.034599 -0.043843 0.106537 1.000000
0.676989 0.048510 -0.066289 0.000000
-0.048732 -0.007438 -0.405604 1.000000
-0.012512 0.063225 -0.056743 0.000000
0.313651 0.090960 0.025639 0.000000
0.864690 -0.076828 -0.023043 0.000000
-0.771642 0.021464 0.028874 0.000000
0.078037 -0.030506 -0.242933 1.000000
0.239860 -0.103184 0.288935 3.000000
0.004511 -0.064923 0.136234 1.000000
-0.215990 0.028862 -0.675158 1.000000
-0.236247 0.034350 0.720205 1.000000
-0.728396 0.067600 0.023836 0.000000
-0.178577 -0.048854 -0.063823 0.000000
0.070931 -0.001206 -0.239751 1.000000
0.107125 -0.020457 -0.087209 1.000000
-0.139599 -0.075476 0.029484 0.000000
0.262636 -0.072798 -0.287770 3.000000
-0.170012 0.023665 0.666830 1.000000
-0.415570 0.051744 -0.063850 0.000000
-0.328732 0.020006 -0.075755 0.000000
-0.798635 0.042411 -0.147478 2.000000
-0.055785 -0.026661 0.213075 1.000000
0.115715 -0.054820 0.090177 0.000000
0.750410 0.057021 0.076681 0.000000
0.250651 0.013616 0.091370 0.000000
0.306678 -0.042279 -0.264304 3.000000
-0.663964 0.077968 -0.005437 0.000000
-0.302774 -0.075157 0.012620 0.000000
0.661504 -0.068847 -0.024740 0.000000
0.165352 -0.012263 0.107518 1.000000
0.327970 0.052911 -0.064088 0.000000
-0.134190 -0.045301 0.090177 0.000000
-0.518979 -0.032919 -0.043539 0.000000
-0.089247 0.081972 0.048204 0.000000
-0.727786 0.112968 0.003897 2.000000
-0.100118 0.007146 0.539292 1.000000
-0.060955 0.014650 -0.560029 1.000000
-0.447839 0.034324 0.083257 0.000000
0.166386 -0.063703 -0.226626 3.000000
-0.071270 0.067362 -0.053403 0.000000
-0.115709 0.000597 -0.448267 1.000000
0.203401 -0.019157 -0.166304 1.000000
-0.742316 0.089608 0.005302 2.000000
0.020208 -0.016400 -0.195179 1.000000
0.480061 -0.016188 -0.072547 0.000000
-0.024338 0.020059 -0.075755 0.000000
-0.386986 0.039362 0.085590 0.000000
-0.829896 0.044532 -0.194623 2.000000
0.500398 -0.065294 0.046851 0.000000
-0.021739 -0.004176 -0.311157 1.000000
-0.312134 -0.040979 0.075620 0.000000
0.751364 0.029578 0.088852 0.000000
-0.048281 0.021384 0.490795 1.000000
0.193750 0.088627 0.032586 0.000000
-0.178046 0.016187 0.572860 1.000000
0.275814 -0.039574 0.268492 3.000000
0.428595 -0.029047 0.082302 0.000000
0.167738 -0.094938 -0.258922 3.000000
0.822902 0.078551 -0.022698 0.000000
0.181447 -0.043525 0.162776 1.000000
-0.052364 -0.024195 -0.248926 1.000000
0.672163 0.042835 0.084079 0.000000
-0.556896 0.050366 -0.055656 0.000000
0.284670 -0.100506 -0.263960 3.000000
-0.055334 -0.037532 0.154052 1.000000
0.002867 0.014597 -0.437608 1.000000
0.218674 -0.029021 0.253246 3.000000
0.039962 -0.009983 0.231875 1.000000
-0.066868 -0.026900 -0.208437 1.000000
0.542849 0.033157 0.087658 0.000000
0.120090 -0.026184 -0.265339 1.000000
0.312246 -0.118616 -0.266717 3.000000
-0.777078 0.194767 0.005196 2.000000
0.888130 0.069934 0.022855 0.000000
0.569656 -0.071180 -0.017819 0.000000
0.651747 0.087195 0.036829 0.000000
0.718194 0.016506 0.091079 0.000000
0.603595 -0.002850 0.090708 0.000000
-0.216308 -0.072691 -0.013259 0.000000
0.012094 -0.009373 0.265947 1.000000
0.608845 -0.075608 0.008298 0.000000
-0.249160 0.092498 0.001616 0.000000
-0.043747 -0.046839 -0.075198 0.000000
0.523360 0.048032 0.081507 0.000000
0.163231 -0.048297 0.126397 1.000000
0.241530 -0.046070 -0.091319 1.000000
0.280481 -0.026157 -0.257437 3.000000
0.925145 0.036816 0.051439 0.000000
0.051999 -0.137866 -0.117516 3.000000
-0.425433 0.060813 -0.057565 0.000000
0.016840 -0.056119 -0.075198 0.000000
0.351939 0.047502 0.081772 0.000000
-0.241259 0.044559 -0.820912 1.000000
0.061200 -0.021623 -0.321789 1.000000
0.012412 0.012953 0.402818 1.000000
-0.117910 0.032203 0.614489 1.000000
-0.047035 0.000597 0.503470 1.000000
-0.024285 -0.074335 0.054276 0.000000
-0.321282 0.013112 -0.076444 0.000000
0.158538 -0.083006 -0.271782 3.000000
-0.757430 0.030400 0.047647 2.000000
0.023602 -0.018150 -0.336771 1.000000
-0.654445 0.034828 -0.041285 2.000000
0.160738 -0.081972 0.288909 3.000000
-0.802479 0.030479 0.069920 2.000000
0.019651 -0.024248 -0.276740 1.000000
-0.004717 -0.014809 -0.355702 1.000000
-0.054061 -0.020934 -0.274990 1.000000
-0.065542 0.012396 -0.438907 1.000000
-0.674570 0.007305 -0.032827 0.000000
0.018140 -0.075688 -0.025959 0.000000
0.089068 0.038222 -0.071009 0.000000
-0.733248 0.131157 0.009757 2.000000
-0.032478 0.081362 -0.034444 0.000000
-0.480532 -0.051691 -0.028823 0.000000
-0.674888 0.168968 0.015882 2.000000
0.056162 -0.075688 -0.041524 0.000000
-0.795930 0.338162 0.006177 2.000000
-0.044463 -0.029366 0.179189 1.000000
-0.055387 -0.074521 -0.048975 0.000000
-0.784582 0.045248 0.230178 2.000000
0.221458 -0.048881 -0.074827 0.000000
-0.066948 0.021278 -0.575513 1.000000
-0.034387 -0.029869 -0.207535 1.000000
0.406985 0.088415 -0.018270 0.000000
0.234477 -0.075688 -0.001857 0.000000
-0.009489 0.002347 -0.474703 1.000000
-0.525104 -0.052832 0.003393 0.000000
-0.012618 0.012237 -0.494722 1.000000
-0.270452 0.043949 -0.786124 1.000000
0.666251 -0.051373 0.067215 0.000000
0.917880 -0.005528 0.059817 0.000000
-0.250725 0.005025 0.091503 0.000000
0.267860 -0.062616 0.301265 3.000000
-0.405176 0.091279 -0.009705 0.000000
0.025749 0.054157 0.078458 0.000000
0.105507 -0.031248 0.264488 1.000000
0.090738 -0.027324 -0.279312 1.000000
-0.373225 0.092763 0.004295 0.000000
0.266481 0.030108 -0.073687 0.000000
0.054465 -0.019475 0.156121 1.000000
0.156708 -0.018017 0.270481 1.000000
0.215280 -0.074097 -0.288486 3.000000
0.122000 -0.012979 0.090177 0.000000
-0.093596 -0.075688 0.023226 0.000000
0.005147 -0.071313 0.082355 0.000000
0.171450 -0.075688 0.025639 0.000000
-0.026539 -0.021146 0.221587 1.000000
-0.538017 -0.028225 -0.044838 0.000000
0.001276 -0.077173 0.115791 0.000000
-0.181679 0.015737 -0.564457 1.000000
-0.058728 0.004282 -0.389589 1.000000
0.009416 -0.032600 0.213261 1.000000
-0.148217 0.011627 -0.541627 1.000000
0.219363 0.060866 -0.058626 0.000000
-0.372854 -0.006722 0.090336 0.000000
-0.112342 0.002453 0.091238 0.000000
0.117518 -0.027112 0.257037 1.000000
-0.051781 -0.041430 -0.077505 1.000000
0.683300 0.084252 -0.028690 0.000000
0.217825 -0.018017 0.259477 1.000000
-0.108603 0.090271 -0.012755 0.000000
0.192132 -0.048987 0.131117 1.000000
-0.131963 0.041934 0.084530 0.000000
0.113621 -0.008233 0.177465 1.000000
-0.048917 -0.074335 -0.042664 0.000000
0.618656 0.092472 0.013575 0.000000
0.042321 -0.130972 0.135227 3.000000
-0.059205 0.092339 0.015060 0.000000
0.016628 0.011521 0.447549 1.000000
0.406614 0.002161 0.091211 0.000000
-0.090493 0.001100 -0.467756 1.000000
0.878160 -0.033529 -0.048524 0.000000
0.241928 -0.044851 0.244496 3.000000
0.163841 -0.055828 0.090177 0.000000
-0.188308 0.025839 -0.661979 1.000000
0.117757 -0.002771 0.225060 1.000000
-0.164921 0.028968 -0.618627 1.000000
0.132685 0.084650 -0.027842 0.000000
-0.093861 0.024566 0.549023 1.000000
0.244341 -0.108407 -0.239327 3.000000
0.043700 -0.015710 0.378238 1.000000
-0.347956 -0.065479 0.046507 0.000000
0.433818 -0.038619 -0.062524 0.000000
-0.116584 0.066938 -0.053747 0.000000
0.082253 -0.006589 -0.353475 1.000000
-0.113376 -0.006854 0.394095 1.000000
0.850319 -0.035597 0.067666 0.000000
-0.439062 -0.064419 -0.017846 0.000000
0.261761 -0.062191 -0.217320 3.000000
-0.297736 0.049331 -0.833878 1.000000
-0.795612 0.051426 -0.225539 2.000000
-0.768248 0.030532 0.051704 2.000000
0.670228 0.086400 -0.024236 0.000000
-0.732957 0.031619 0.051279 2.000000
-0.130319 0.025176 -0.658930 1.000000
0.564485 -0.053441 0.064617 0.000000
-0.237467 -0.044188 0.073022 0.000000
0.202155 -0.072188 0.080261 0.000000
0.114496 0.020112 -0.075755 0.000000
-0.127190 0.007544 0.482841 1.000000
0.209632 -0.084888 -0.208941 3.000000
0.322799 -0.062907 -0.036645 0.000000
0.057965 -0.121904 -0.115952 3.000000
0.144405 -0.011335 0.130931 1.000000
0.505012 0.032892 0.087738 0.000000
-0.322130 -0.051002 -0.052607 0.000000
-0.016224 -0.125377 0.158878 3.000000
0.150822 -0.032919 0.230602 1.000000
0.893380 -0.025388 -0.047437 0.000000
0.218568 -0.079532 0.221189 3.000000
0.130803 -0.029578 -0.241183 1.000000
-0.648002 0.101540 0.015855 2.000000
0.609561 0.078869 -0.039456 0.000000
0.685633 -0.074733 -0.001884 0.000000
0.576576 -0.075476 0.009598 0.000000
0.084666 -0.017354 -0.127486 1.000000
0.854588 -0.131873 -0.004774 3.000000
-0.094338 -0.075688 -0.040993 0.000000
0.419633 -0.054926 0.062761 0.000000
0.179405 0.088945 0.031685 0.000000
0.230738 -0.046521 0.088268 0.000000
-0.113641 0.003725 0.488833 1.000000
0.321341 -0.072798 -0.012940 0.000000
0.293579 -0.029737 0.081958 0.000000
-0.157603 -0.055457 0.084556 0.000000
0.107363 -0.075688 -0.031819 0.000000
0.077825 -0.073620 -0.061675 0.000000
0.055499 -0.118032 0.123666 3.000000
0.037496 0.086479 0.038950 0.000000
-0.195043 -0.068502 0.040408 0.000000
-0.735131 0.041907 0.139840 2.000000
-0.618464 0.139059 0.011560 2.000000
-0.062573 -0.032415 -0.160948 1.000000
0.162780 -0.009161 -0.182850 1.000000
0.184814 -0.012767 0.111920 1.000000
0.023151 -0.062483 0.090177 0.000000
-0.666722 0.035862 -0.053535 2.000000
0.440553 -0.023373 -0.070160 0.000000
-0.032717 0.007225 0.526909 1.000000
-0.140687 0.004150 0.488595 1.000000
0.068996 -0.015127 -0.158588 1.000000
0.675929 -0.004945 -0.075543 0.000000
-0.007686 0.074335 0.060215 0.000000
0.181367 -0.090987 -0.219785 3.000000
0.593891 -0.015525 0.087738 0.000000
-0.013016 -0.027563 -0.144827 1.000000
-0.625941 0.077650 0.033461 0.000000
-0.844877 0.334900 0.006071 2.000000
0.111977 -0.036445 0.218007 1.000000
0.027871 -0.030108 -0.251232 1.000000
0.776580 -0.046521 -0.054940 0.000000
-0.047512 0.012210 0.437235 1.000000
0.009761 -0.074335 0.047965 0.000000
0.094318 -0.075688 -0.004058 0.000000
0.486663 -0.059858 0.056609 0.000000
-0.703525 0.206514 0.015113 2.000000
0.088219 0.000490 0.250250 1.000000
0.215254 -0.060309 0.302458 3.000000
0.058443 -0.123070 -0.142706 3.000000
-0.568934 0.084676 -0.020046 0.000000
0.097340 -0.002028 0.338863 1.000000
0.979713 -0.009267 0.035848 0.000000
-0.467195 0.085869 -0.024103 0.000000
-0.664627 0.001472 -0.032800 0.000000
0.192875 -0.033210 -0.259770 1.000000
-0.195202 0.028597 0.656330 1.000000
0.710531 0.092551 0.002173 0.000000
0.344276 -0.069748 -0.022168 0.000000
-0.130080 0.019634 -0.075808 0.000000
-0.099455 -0.010672 0.366598 1.000000
0.456224 0.076377 0.057643 0.000000
-0.210634 0.033741 0.745182 1.000000
0.307792 -0.094885 0.309750 3.000000
-0.002410 -0.063279 -0.117861 1.000000
-0.000023 -0.127286 -0.126081 3.000000
-0.011611 0.012078 -0.389032 1.000000
-0.056554 0.023453 0.549102 1.000000
-0.218270 0.025892 -0.643817 1.000000
-0.328096 0.091915 -0.004217 0.000000
0.110757 -0.023638 0.277507 1.000000
-0.050164 0.011574 -0.420665 1.000000
-0.495089 0.089741 0.028635 0.000000
0.978043 0.019873 -0.013736 0.000000
-0.193187 0.020801 -0.595188 1.000000
-0.568059 0.041297 0.071696 0.000000
-0.569278 0.109839 0.007927 2.000000
0.262398 -0.125298 -0.256376 3.000000
0.038530 -0.008392 0.413265 1.000000
0.662114 -0.034669 -0.064512 0.000000
0.245189 -0.038752 0.256852 3.000000
-0.205781 -0.074123 0.023094 0.000000
0.332557 0.088388 0.033329 0.000000
0.932410 -0.052805 0.003950 0.000000
-0.137452 -0.033741 -0.074933 0.000000
0.035719 -0.002188 0.284216 1.000000
-0.753638 0.287465 0.005037 2.000000
0.904543 0.030903 -0.045077 0.000000
0.031556 -0.027854 -0.102164 1.000000
-0.776548 0.217703 0.004454 2.000000
-0.220550 0.048669 0.081189 0.000000
0.433182 0.032229 -0.072997 0.000000
-0.278194 0.046733 -0.820302 1.000000
-0.020255 -0.006271 0.448053 1.000000
-0.718930 0.030188 0.097469 2.000000
0.848277 0.050021 0.065651 0.000000
0.889243 -0.012767 -0.052077 0.000000
0.234424 -0.021968 0.123056 1.000000
-0.785430 0.045010 -0.166013 2.000000
-0.777873 0.040184 -0.168213 2.000000
-0.248418 0.039972 -0.768332 1.000000
-0.462846 0.087858 0.033355 0.000000
0.283424 -0.018813 0.086651 0.000000
0.311265 -0.069695 0.230337 3.000000
-0.026194 -0.028066 0.169352 1.000000
0.804262 0.048297 0.076151 0.000000
0.090049 0.001684 0.321125 1.000000
-0.036986 -0.003089 -0.455479 1.000000
0.546110 0.060945 0.073552 0.000000
0.664713 0.077040 0.056821 0.000000
-0.185656 0.010275 0.091715 0.000000
0.353504 0.084597 -0.027948 0.000000
-0.076016 0.017884 0.599667 1.000000
0.014136 -0.025229 -0.264278 1.000000
-0.104865 0.009161 -0.541813 1.000000
0.097314 -0.012104 -0.075198 0.000000
0.795830 -0.063782 0.046189 0.000000
0.252110 -0.043869 -0.066183 0.000000
0.142416 -0.006510 0.173037 1.000000
-0.034122 -0.007809 0.318712 1.000000
0.579281 0.019528 -0.075808 0.000000
0.912126 0.002320 -0.047118 0.000000
0.281409 -0.047396 -0.229384 3.000000
0.578591 -0.017381 -0.072149 0.000000
0.212416 -0.039362 -0.221535 3.000000
0.750993 -0.022737 0.085352 0.000000
-0.276895 -0.073036 0.027257 0.000000
0.522485 0.013616 0.091370 0.000000
-0.013016 0.041509 0.084768 0.000000
-0.230441 0.037903 -0.721798 1.000000
-0.110300 -0.005369 -0.383358 1.000000
-0.114622 0.002294 -0.468127 1.000000
0.337038 0.062244 -0.057512 0.000000
0.411254 0.092207 0.016412 0.000000
0.657766 -0.065373 -0.031687 0.000000
0.100416 -0.032574 -0.233229 1.000000
0.810918 -0.023532 -0.065971 0.000000
0.133825 0.092816 0.004719 0.000000
-0.243353 0.039203 0.754701 1.000000
-0.067876 0.014703 0.469000 1.000000
-0.025637 -0.013059 -0.265763 1.000000
0.210852 0.092180 -0.001565 0.000000
0.301958 -0.066407 0.232325 3.000000
-0.424823 -0.070093 -0.006577 0.000000
-0.239668 0.078763 0.054673 0.000000
0.530944 -0.023744 -0.069975 0.000000
-0.095982 -0.011203 -0.347456 1.000000
-0.257857 0.042756 -0.792832 1.000000
0.764118 -0.000199 0.090469 0.000000
0.168401 -0.052619 -0.231903 3.000000
-0.779146 0.034987 0.093306 2.000000
0.010185 -0.075688 0.057855 0.000000
-0.307202 0.044453 0.083283 0.000000
0.756005 0.082900 0.046374 0.000000
0.762209 -0.070279 0.034999 0.000000
0.033598 -0.041934 -0.126213 1.000000
0.075571 0.003646 0.313753 1.000000
0.703557 0.083616 -0.029937 0.000000
-0.255285 0.087619 0.035556 0.000000
0.283981 0.092737 0.010897 0.000000
0.064833 0.079214 -0.038766 0.000000
0.020102 -0.025468 0.144586 1.000000
-0.086489 0.003566 0.426098 1.000000
0.166890 0.078498 0.055018 0.000000
0.303019 -0.099366 -0.223763 3.000000
0.986581 0.015206 -0.012410 0.000000
-0.067399 -0.027430 0.220738 1.000000
-0.046584 -0.027616 -0.179323 1.000000
0.914618 -0.032892 -0.037891 0.000000
-0.003073 -0.076430 -0.131649 1.000000
-0.095823 -0.007650 -0.381449 1.000000
-0.188440 0.092286 -0.000531 0.000000
-0.144770 -0.075237 0.052446 0.000000
0.014639 0.010646 -0.357744 1.000000
-0.256823 -0.071631 0.031446 0.000000
0.250466 -0.036498 -0.282733 3.000000
-0.577551 -0.038195 -0.015274 0.000000
0.217932 -0.027324 0.272019 3.000000
0.216102 -0.104165 0.301053 3.000000
-0.125705 0.007305 -0.501669 1.000000
-0.844214 0.019078 0.011798 0.000000
-0.780233 0.186468 0.009412 2.000000
-0.444498 -0.033502 -0.057937 0.000000
0.077878 -0.075688 -0.002944 0.000000
0.496235 -0.014941 0.087950 0.000000
0.035427 -0.065426 0.088401 0.000000
-0.046292 0.010434 0.549315 1.000000
-0.034785 0.027297 0.089594 0.000000
0.087079 -0.039654 0.177677 1.000000
-0.015482 0.017089 -0.427187 1.000000
-0.190429 -0.028676 0.082488 0.000000
0.007852 -0.042385 0.130799 1.000000
0.579758 -0.062907 -0.036645 0.000000
-0.045577 -0.053945 0.090177 0.000000
