0.431115 0.083736 -0.050503 0.000000
-0.113058 0.024961 0.708148 1.000000
0.078675 -0.030905 0.225265 1.000000
-0.036988 0.088898 -0.044528 0.000000
0.263044 -0.109097 -0.329310 3.000000
-0.242242 0.025564 -0.857866 1.000000
-0.738934 0.041286 0.010840 0.000000
0.585638 -0.032530 -0.075658 0.000000
0.469163 0.020821 -0.082235 0.000000
0.138917 0.002976 0.411469 1.000000
-0.636739 0.031250 0.089556 2.000000
0.129798 -0.085592 -0.646533 3.000000
0.155923 -0.029516 -0.359654 1.000000
-0.287732 0.039137 -0.942740 1.000000
0.060987 -0.014397 -0.605969 3.000000
0.895576 -0.041413 -0.015757 0.000000
0.084204 -0.027944 0.278276 1.000000
0.017594 -0.011148 -0.431243 1.000000
-0.031433 0.083946 -0.050031 0.000000
0.557889 0.078495 0.054653 0.000000
0.085855 -0.067957 0.566595 3.000000
-0.028420 -0.039002 0.596651 1.000000
-0.630660 0.044562 -0.036457 0.000000
0.062376 -0.059808 -0.633195 3.000000
-0.065393 0.009344 -0.697080 1.000000
-0.707463 0.215226 -0.002733 2.000000
-0.581816 0.277303 0.000149 2.000000
-0.424411 0.042858 0.063877 0.000000
0.702166 -0.062664 0.051954 0.000000
0.099009 -0.103542 -0.092062 0.000000
0.253375 -0.063765 0.163634 1.000000
0.707879 -0.087243 -0.014866 0.000000
-0.191171 0.028708 -0.902045 1.000000
0.064656 0.009082 -0.486454 1.000000
0.134594 -0.052995 0.186458 1.000000
0.009314 -0.003391 0.542959 1.000000
0.007008 0.002269 -0.392619 1.000000
0.461275 -0.093060 -0.046808 0.000000
-0.596700 0.243002 0.009792 2.000000
-0.261030 0.010968 -0.083257 0.000000
0.097515 -0.028914 0.280896 1.000000
-0.046160 -0.028101 0.607735 1.000000
-0.711315 0.017205 -0.008000 0.000000
-0.038194 -0.004361 0.363988 1.000000
-0.150791 -0.045055 0.069746 0.000000
0.033421 0.010968 0.506431 1.000000
0.041806 -0.049850 -0.106736 1.000000
-0.671931 0.119688 -0.001764 2.000000
-0.259117 0.102288 0.014640 0.000000
-0.170575 0.029416 0.774993 1.000000
-0.486199 0.158364 0.006753 2.000000
-0.402006 0.029678 -0.070732 0.000000
0.511325 -0.073827 -0.001135 1.000000
-0.669284 0.035705 -0.039523 2.000000
-0.235246 0.024725 0.785396 1.000000
-0.533916 0.033189 -0.007004 2.000000
-0.686579 0.037984 0.063667 2.000000
0.319566 -0.032949 0.100614 1.000000
-0.749573 0.354866 -0.004672 2.000000
-0.363906 -0.040286 0.055177 0.000000
-0.038665 -0.007610 -0.347286 1.000000
0.169680 -0.043090 0.234175 1.000000
-0.001561 -0.015026 0.326307 1.000000
-0.612344 0.260140 -0.008786 2.000000
-0.384188 0.041050 0.071502 0.000000
0.184171 -0.008029 -0.289664 1.000000
-0.211610 0.021057 -0.733870 1.000000
-0.109206 -0.100293 0.054155 0.000000
0.426215 -0.040758 -0.081764 0.000000
0.030381 0.000487 0.358511 1.000000
0.055930 -0.047204 -0.220460 1.000000
0.060463 -0.048933 0.231004 1.000000
-0.720565 0.038771 -0.107286 2.000000
-0.176628 0.016131 0.736605 1.000000
0.143293 -0.087086 0.611430 3.000000
-0.745354 0.043854 0.139946 2.000000
0.257096 -0.101760 0.087670 0.000000
0.470630 -0.078701 -0.088105 0.000000
0.887505 -0.041229 -0.022936 0.000000
0.055982 0.002636 -0.610791 1.000000
-0.098960 0.005230 -0.638488 1.000000
0.295013 -0.035700 -0.355619 1.000000
0.097306 -0.012563 0.254378 1.000000
-0.515338 0.030123 0.017863 2.000000
-0.142458 0.018227 0.642979 1.000000
-0.526579 0.084837 -0.011931 0.000000
0.409785 0.092383 0.038590 0.000000
-0.261423 -0.070420 -0.044869 0.000000
0.226595 -0.061747 -0.173660 1.000000
0.011279 -0.009444 0.080778 0.000000
-0.388931 0.066153 0.007932 2.000000
0.281832 -0.077076 -0.120650 1.000000
-0.709743 0.033504 -0.047332 2.000000
0.168868 -0.109831 0.065527 0.000000
0.247374 -0.038059 0.003949 1.000000
-0.152966 0.006514 0.619212 1.000000
-0.625917 0.175764 -0.012743 2.000000
-0.353425 0.053340 -0.070601 0.000000
0.134594 -0.000928 -0.343487 1.000000
0.341577 -0.055432 -0.317859 3.000000
0.120810 -0.045527 -0.216425 1.000000
-0.663913 0.174768 -0.012743 2.000000
0.141249 -0.001793 0.453264 1.000000
-0.633674 0.044666 0.093827 2.000000
0.417987 -0.065153 -0.089913 0.000000
0.167086 -0.065992 -0.001580 1.000000
-0.564941 0.035941 -0.014708 2.000000
0.471967 -0.092038 -0.008157 0.000000
0.363719 -0.059886 0.384925 3.000000
0.426870 -0.079959 -0.057656 1.000000
-0.095580 0.003002 -0.553876 1.000000
0.068062 -0.060987 -0.570725 3.000000
0.072727 -0.025009 0.191122 1.000000
0.175445 -0.011776 0.352616 1.000000
0.107184 -0.011174 0.258518 1.000000
-0.057061 0.009449 0.500457 1.000000
0.205737 -0.067957 0.370748 3.000000
0.218262 -0.058550 0.181689 1.000000
0.183804 -0.054620 -0.195986 1.000000
0.081033 -0.015314 0.393389 1.000000
-0.156739 0.014689 -0.765000 1.000000
0.266320 -0.101550 -0.323808 3.000000
0.473801 -0.065940 0.052452 1.000000
0.004492 0.015213 0.575085 1.000000
-0.178174 0.021424 -0.856346 1.000000
-0.245282 0.034997 -0.876628 1.000000
0.096886 -0.033342 0.568429 3.000000
-0.217034 -0.066464 0.053605 0.000000
0.287204 -0.029831 -0.121174 1.000000
-0.211925 0.021240 -0.841934 1.000000
-0.774885 0.053523 0.235930 2.000000
-0.024856 0.004784 -0.596981 1.000000
0.281911 -0.059153 0.397005 3.000000
0.039998 0.100847 0.021296 0.000000
0.108364 -0.049353 -0.194492 1.000000
0.000850 -0.002815 0.347296 1.000000
0.304656 -0.033106 -0.378311 3.000000
0.134751 -0.029962 -0.138311 1.000000
-0.518744 0.152888 0.009451 2.000000
-0.055698 0.003579 -0.446441 1.000000
-0.708904 0.054362 0.287001 2.000000
0.225154 -0.108154 0.033402 0.000000
0.180502 -0.017803 0.202468 1.000000
-0.004679 -0.017646 0.311843 1.000000
0.289484 -0.021498 -0.201620 1.000000
-0.557971 0.036465 -0.082602 2.000000
-0.634774 0.039399 -0.052494 2.000000
0.298865 -0.022468 -0.257302 1.000000
-0.064738 -0.021498 0.605088 1.000000
0.124374 -0.097463 -0.629579 3.000000
-0.067254 0.008872 0.500457 1.000000
0.369877 -0.034416 -0.130162 1.000000
-0.027293 -0.017436 0.518328 1.000000
0.784708 -0.020424 -0.060775 0.000000
-0.625210 0.134205 0.007146 2.000000
-0.330837 0.062249 0.067650 0.000000
0.687833 -0.088606 0.008010 0.000000
-0.163238 -0.069713 -0.069684 0.000000
0.132445 -0.097358 -0.595226 3.000000
0.005671 -0.031717 0.227964 1.000000
0.079592 -0.075373 -0.650882 3.000000
0.146333 0.040867 0.076533 0.000000
-0.042124 -0.025402 -0.596929 1.000000
0.385232 -0.037928 0.100064 1.000000
-0.228878 0.024699 -0.894944 1.000000
-0.157971 0.013458 0.705606 1.000000
-0.534990 0.162295 0.009216 2.000000
-0.027162 -0.025979 -0.314400 1.000000
0.152386 -0.003496 0.321014 1.000000
0.097148 -0.024380 0.342082 1.000000
0.001033 -0.020371 -0.285760 1.000000
-0.163421 0.000330 0.605639 1.000000
-0.478574 -0.012825 0.046137 0.000000
-0.538973 0.032298 0.066864 2.000000
0.105193 -0.005645 -0.475999 1.000000
0.717810 -0.087138 0.011888 0.000000
0.898956 -0.022363 0.001014 0.000000
0.143267 -0.042906 0.607735 3.000000
0.162553 -0.005488 0.305292 1.000000
-0.655501 0.124955 0.001433 2.000000
0.012039 -0.008632 -0.470496 1.000000
0.106949 -0.044636 -0.061403 1.000000
0.131659 -0.005304 0.081197 0.000000
0.013847 -0.047204 -0.142137 1.000000
0.307198 -0.074954 0.092439 0.000000
0.299860 -0.065153 0.158682 1.000000
-0.022026 0.018646 0.641721 1.000000
0.047361 0.011964 -0.548662 1.000000
0.061616 0.004339 -0.399772 1.000000
0.056297 -0.056873 -0.651459 3.000000
0.387512 0.056222 -0.072147 0.000000
0.361020 -0.032111 0.166700 1.000000
0.167715 -0.052366 0.612399 3.000000
0.513028 0.057716 0.069694 0.000000
0.290637 -0.109071 0.322272 3.000000
0.086981 -0.008344 0.282625 1.000000
0.117142 -0.035465 0.113428 1.000000
-0.591224 0.022708 0.021296 2.000000
-0.447575 0.132292 -0.007266 2.000000
0.353342 -0.102284 -0.069972 0.000000
-0.058030 0.041784 0.076271 0.000000
-0.025537 0.010602 -0.670299 1.000000
0.029543 -0.060830 0.621571 3.000000
0.276067 -0.030722 -0.258534 1.000000
-0.224004 0.052370 -0.073483 0.000000
-0.021423 -0.003968 0.353533 1.000000
0.464315 0.103232 0.007643 0.000000
-0.698737 0.031748 -0.026369 2.000000
0.119526 -0.037325 -0.608956 1.000000
0.286732 0.032875 0.078184 0.000000
-0.088767 -0.005278 0.606084 1.000000
0.088370 0.101607 0.018308 0.000000
0.261682 0.025354 0.080333 0.000000
0.048331 -0.028337 0.589471 3.000000
-0.171309 -0.026267 -0.078017 0.000000
0.185665 0.084889 0.047892 0.000000
-0.610326 0.022708 -0.015547 2.000000
0.218681 -0.025036 -0.148059 1.000000
-0.745511 0.057768 -0.316942 2.000000
0.251331 -0.093532 0.391214 3.000000
0.063005 -0.065311 0.600686 3.000000
0.112949 -0.084885 -0.576857 3.000000
0.007427 0.044431 0.075301 0.000000
-0.154774 0.012488 -0.687384 1.000000
-0.397761 0.086199 0.004001 2.000000
0.244544 -0.059467 -0.376975 3.000000
-0.565360 0.130143 0.009818 2.000000
-0.058554 -0.002631 0.396559 1.000000
-0.382406 -0.012615 0.067860 0.000000
0.537817 -0.079408 -0.039838 0.000000
0.266346 -0.035255 0.248036 1.000000
-0.696222 0.040657 0.161119 2.000000
0.191089 -0.079225 -0.051944 1.000000
0.189019 -0.020214 -0.336359 1.000000
0.311757 -0.058131 -0.345950 1.000000
0.062691 -0.027315 -0.597715 1.000000
-0.163526 0.014847 0.634306 1.000000
0.068534 0.007510 -0.457944 1.000000
-0.451191 -0.033054 -0.038606 0.000000
0.103830 -0.013349 0.595917 1.000000
-0.072757 0.008086 -0.498979 1.000000
-0.123277 0.006985 -0.601331 1.000000
0.182206 -0.062454 0.161643 1.000000
0.021498 -0.002291 -0.346186 1.000000
0.121990 -0.038635 -0.089468 0.000000
0.047964 0.095633 0.032065 0.000000
-0.559334 0.213209 -0.011485 2.000000
-0.054755 0.000618 0.081957 0.000000
-0.602046 0.059707 -0.032527 0.000000
-0.711761 0.038718 0.117568 2.000000
-0.610850 0.165806 -0.011485 2.000000
-0.470582 -0.044190 0.007355 0.000000
0.699415 -0.070289 0.044040 0.000000
0.070054 -0.106948 -0.084672 0.000000
0.346922 -0.029647 -0.165458 1.000000
-0.188891 -0.005173 0.609910 1.000000
-0.086382 0.006357 -0.667548 1.000000
-0.724207 0.240565 -0.002314 2.000000
0.591272 -0.015864 0.078918 0.000000
-0.605583 0.199295 0.007146 2.000000
0.444819 0.044195 -0.076628 0.000000
0.118898 -0.037404 0.087827 0.000000
0.273735 -0.042644 0.340090 1.000000
0.053834 -0.059860 -0.079432 1.000000
-0.204666 0.034421 -0.852966 1.000000
-0.809055 0.390189 -0.001135 2.000000
0.541904 0.019380 0.080883 0.000000
0.083942 -0.011200 0.080542 0.000000
-0.042282 0.007693 0.474017 1.000000
0.707250 -0.025979 0.069432 0.000000
0.317836 -0.055668 0.172753 1.000000
-0.204090 0.018070 -0.722812 1.000000
-0.000801 0.002609 0.397948 1.000000
0.235792 -0.049981 0.339068 1.000000
0.494135 -0.061642 0.082350 0.000000
0.097070 -0.018039 -0.361986 1.000000
-0.061043 0.000251 0.510729 1.000000
0.330100 -0.103437 -0.066828 0.000000
0.057790 -0.023568 0.295937 1.000000
0.201439 -0.071914 -0.130738 1.000000
0.211056 -0.052942 -0.204083 1.000000
0.202645 -0.042644 -0.239772 1.000000
0.471154 -0.053912 -0.062006 1.000000
-0.680919 0.050248 0.155197 2.000000
0.272268 -0.039552 -0.355907 1.000000
0.083025 -0.015917 -0.242550 1.000000
0.103699 -0.036382 -0.600571 1.000000
0.034836 -0.011200 -0.285838 1.000000
0.666975 -0.034652 0.070113 0.000000
-0.498698 0.110988 -0.012795 2.000000
0.314875 -0.078150 0.399677 3.000000
-0.559936 0.178148 0.008796 2.000000
0.059074 -0.057109 -0.097276 0.000000
0.281832 -0.069241 -0.402340 3.000000
0.266896 -0.118059 0.343156 3.000000
-0.585354 0.036045 -0.040440 0.000000
0.271141 -0.033106 -0.070863 1.000000
-0.548695 0.228145 0.005128 2.000000
0.489549 -0.090152 -0.025740 0.000000
-0.606474 0.101214 0.004892 2.000000
-0.115573 0.048492 0.073939 0.000000
-0.063376 -0.013716 -0.512841 1.000000
0.041439 -0.079618 -0.611760 3.000000
-0.133785 -0.010047 0.522992 1.000000
-0.019484 -0.002736 0.549537 1.000000
0.053676 -0.058314 -0.036772 1.000000
0.045239 -0.008973 0.472969 1.000000
-0.043592 -0.006012 -0.613699 1.000000
0.241741 -0.038164 0.248089 1.000000
0.529562 -0.070342 -0.050896 0.000000
0.075137 -0.018904 0.633860 3.000000
0.318491 -0.104014 -0.009730 0.000000
-0.100113 0.024359 0.704741 1.000000
0.080221 -0.063738 0.059239 1.000000
0.108678 -0.034154 -0.610057 1.000000
0.012694 0.006828 -0.611498 1.000000
0.231076 -0.071966 0.134443 1.000000
0.628822 -0.038923 -0.071885 0.000000
0.130480 -0.087374 0.642272 3.000000
0.066647 -0.035543 -0.087686 0.000000
0.506739 -0.048697 -0.002104 1.000000
0.055222 -0.050008 -0.152330 1.000000
0.248108 -0.107472 0.031332 0.000000
-0.154643 -0.011462 0.080647 0.000000
0.062402 -0.034128 -0.585976 3.000000
0.086221 -0.088789 -0.640768 3.000000
0.032137 -0.047780 -0.150548 1.000000
0.061904 0.094244 0.034922 0.000000
-0.570444 0.208702 -0.012743 2.000000
0.014580 -0.008449 0.472105 1.000000
-0.409553 0.053549 -0.063342 0.000000
-0.157814 0.021529 -0.686598 1.000000
0.121885 0.093772 -0.037008 0.000000
0.248527 -0.060987 0.173303 1.000000
-0.709533 0.310975 0.004368 2.000000
-0.719019 0.051663 0.182291 2.000000
-0.369016 0.102681 0.001381 0.000000
-0.084181 0.022210 0.669314 1.000000
0.049038 0.008584 -0.600833 1.000000
0.261734 -0.036880 -0.349775 3.000000
-0.714486 0.300493 -0.005773 2.000000
-0.642399 0.140677 -0.012743 2.000000
0.246746 -0.028232 0.339252 1.000000
0.128174 -0.005540 -0.082314 0.000000
-0.047156 0.012567 0.527237 1.000000
-0.001902 -0.003260 -0.547404 1.000000
0.284138 -0.105717 0.036258 0.000000
0.334580 0.042701 -0.077099 0.000000
-0.251754 0.100323 -0.023460 0.000000
-0.517643 0.070556 -0.033261 0.000000
0.416153 0.070713 -0.062635 0.000000
0.066673 -0.005016 -0.313509 1.000000
0.072360 0.009239 0.499907 1.000000
-0.664804 0.030752 -0.074951 2.000000
-0.127418 0.025957 -0.725458 1.000000
0.321321 0.101528 0.018728 0.000000
0.186346 -0.015497 -0.223657 1.000000
0.479828 -0.046889 -0.029697 1.000000
-0.101712 0.002976 -0.519969 1.000000
-0.224607 0.024411 0.890473 1.000000
0.143319 -0.063267 0.142409 1.000000
0.511115 -0.085147 -0.056923 0.000000
-0.689592 0.212842 0.002245 2.000000
-0.219890 0.026979 0.784191 1.000000
-0.681338 0.044116 -0.204554 2.000000
-0.736602 0.034421 -0.010725 0.000000
0.251515 -0.105376 -0.334027 3.000000
0.632333 0.087274 -0.037375 0.000000
0.091200 -0.076369 -0.098665 0.000000
0.388822 -0.097436 -0.080034 0.000000
0.319330 -0.107970 0.321826 3.000000
-0.048518 -0.051318 0.089818 0.000000
0.007086 0.015344 -0.588387 1.000000
0.031141 -0.011986 0.422291 1.000000
0.742415 0.030202 -0.063605 0.000000
0.024748 -0.011226 -0.081606 0.000000
0.156814 0.085177 0.047604 0.000000
-0.721089 0.216589 -0.001528 2.000000
0.248213 -0.033080 0.068384 1.000000
0.625520 0.042177 0.072052 0.000000
0.271220 -0.060149 0.349707 1.000000
0.244571 -0.091252 -0.330673 3.000000
0.358242 -0.046549 0.382435 3.000000
0.276146 0.045793 0.078105 0.000000
-0.086723 -0.000718 0.470323 1.000000
-0.672586 0.030307 -0.001685 2.000000
-0.124954 -0.013820 0.080359 0.000000
-0.591276 0.031040 0.094640 2.000000
0.306804 -0.090257 -0.037872 1.000000
0.087060 -0.051632 -0.161056 1.000000
-0.499117 -0.032635 -0.022176 0.000000
0.114784 -0.009916 -0.353077 1.000000
-0.005858 0.007247 -0.451420 1.000000
0.093375 -0.010466 -0.454276 1.000000
-0.058423 -0.006850 0.362389 1.000000
0.419140 -0.065677 -0.099504 1.000000
-0.212894 0.035731 -0.872697 1.000000
0.313224 -0.017279 -0.081082 0.000000
-0.560984 0.089632 -0.010752 2.000000
0.147067 -0.072307 0.650447 3.000000
0.135170 -0.016283 -0.384286 1.000000
0.330152 -0.052025 0.337129 3.000000
0.402553 -0.015209 0.079940 0.000000
-0.345039 -0.029988 0.065973 0.000000
0.308481 0.015030 0.081486 0.000000
-0.596255 0.098096 -0.007843 2.000000
0.416100 -0.040705 0.002062 1.000000
0.464656 -0.092720 0.012019 0.000000
-0.616536 0.058974 0.031646 0.000000
0.132864 -0.069922 -0.067771 1.000000
-0.047156 -0.009497 0.407512 1.000000
0.082186 -0.072726 -0.571878 3.000000
0.137476 0.016445 -0.082550 0.000000
-0.567037 0.182839 -0.012743 2.000000
-0.338436 -0.059546 0.039926 0.000000
-0.069298 0.005937 0.475616 1.000000
0.124741 -0.013899 -0.236287 1.000000
0.199946 -0.068560 -0.144102 1.000000
-0.009055 0.016104 -0.589199 1.000000
0.284269 -0.047492 -0.210110 1.000000
-0.192743 0.091545 0.040634 0.000000
0.045265 -0.039369 -0.202799 1.000000
0.300620 -0.066621 0.092648 0.000000
-0.708590 0.040814 0.019750 0.000000
-0.216039 0.036360 -0.883807 1.000000
0.137240 -0.025036 0.316061 1.000000
0.155635 -0.018851 0.353113 1.000000
-0.597722 0.215908 0.009792 2.000000
0.081767 -0.060489 0.105750 1.000000
0.230237 -0.098930 0.325573 3.000000
-0.786834 0.396661 0.001145 2.000000
0.229897 -0.108678 -0.346762 3.000000
0.798596 0.031643 -0.047096 0.000000
0.064525 -0.047676 -0.234558 1.000000
0.824092 -0.074246 0.022789 0.000000
-0.732095 0.055122 -0.217132 2.000000
0.259061 0.094349 -0.035855 0.000000
0.181315 -0.058393 0.095924 0.000000
0.225704 -0.008501 0.341662 1.000000
-0.154198 0.028341 0.758668 1.000000
0.094449 -0.041334 0.653172 3.000000
-0.108420 -0.077548 0.083320 0.000000
0.173349 -0.019952 -0.344430 1.000000
-0.709900 0.038142 -0.079510 2.000000
0.071312 0.004286 0.396140 1.000000
-0.008060 -0.012274 0.080490 0.000000
-0.588053 0.179275 0.007146 2.000000
0.307407 -0.081452 0.102449 1.000000
0.231600 -0.088973 0.388174 3.000000
0.490335 -0.089995 -0.015704 0.000000
0.017542 -0.091541 0.096815 0.000000
-0.224424 0.021581 0.767787 1.000000
0.194286 -0.049746 0.355603 1.000000
0.563549 0.015973 -0.082576 0.000000
-0.043487 0.018122 0.610224 1.000000
0.177830 -0.030512 -0.082759 0.000000
-0.012278 -0.016152 -0.424928 1.000000
0.721007 -0.004780 -0.072645 0.000000
0.052314 -0.063450 0.020955 1.000000
-0.296563 0.032718 0.940601 1.000000
0.022599 0.008427 0.458767 1.000000
0.068665 0.009946 0.541256 1.000000
-0.210667 0.034211 0.847499 1.000000
-0.219393 0.022262 -0.828753 1.000000
0.148613 -0.008973 0.272511 1.000000
-0.757434 0.051244 0.231947 2.000000
0.067905 -0.030879 0.164525 1.000000
-0.076582 0.000408 -0.525733 1.000000
0.146621 -0.034207 0.615806 3.000000
0.283955 -0.028285 -0.354440 3.000000
-0.611138 0.079151 0.004997 0.000000
-0.097467 -0.101236 0.000202 0.000000
-0.021738 -0.008134 -0.410542 1.000000
0.115622 -0.014213 0.633467 3.000000
-0.077499 0.103834 -0.004830 0.000000
0.620699 0.051375 -0.070784 0.000000
-0.180847 0.024856 -0.876680 1.000000
0.288147 0.094244 -0.036117 0.000000
-0.242688 -0.031927 -0.075187 0.000000
-0.095659 -0.010361 -0.511531 1.000000
-0.201155 0.031250 -0.080716 0.000000
0.207440 -0.059991 -0.179006 1.000000
-0.787280 0.058057 -0.269592 2.000000
-0.414008 0.092436 0.025960 0.000000
-0.667214 0.231892 0.005154 2.000000
0.024040 -0.033761 -0.221561 1.000000
-0.052291 0.014454 -0.711387 1.000000
0.261944 -0.088842 -0.024089 1.000000
-0.713726 0.233281 -0.002969 2.000000
-0.798862 0.060913 -0.327686 2.000000
0.046156 -0.032818 0.314830 1.000000
0.005855 0.011571 0.505855 1.000000
0.165068 -0.006405 -0.300565 1.000000
-0.705498 0.023258 0.015583 0.000000
0.318465 -0.054148 0.312314 3.000000
-0.011466 0.015292 -0.664639 1.000000
0.559854 -0.045553 -0.070575 0.000000
-0.531348 -0.022651 -0.023932 0.000000
0.166929 -0.012667 0.613919 3.000000
-0.433032 -0.006981 0.059186 0.000000
-0.099301 0.007405 0.672642 1.000000
0.088003 -0.030224 -0.650306 3.000000
0.124584 -0.083391 -0.575809 3.000000
0.076028 -0.023149 -0.203454 1.000000
0.354888 -0.113054 -0.369690 3.000000
0.226202 -0.052916 0.201210 1.000000
0.621197 -0.024354 -0.077361 0.000000
0.215301 -0.032215 0.080464 1.000000
0.035543 -0.035203 -0.599392 3.000000
-0.686474 0.071394 -0.005904 0.000000
0.101734 -0.100843 -0.612520 3.000000
-0.011754 -0.083810 -0.097171 0.000000
0.139022 -0.005933 0.296540 1.000000
0.092117 -0.044767 0.203385 1.000000
-0.047522 0.019642 0.637738 1.000000
-0.535619 0.054257 0.039167 0.000000
0.000195 -0.106844 -0.028937 0.000000
0.570021 0.099747 -0.022884 0.000000
0.266031 0.053707 0.071869 0.000000
-0.187660 -0.027708 0.076690 0.000000
0.099009 -0.017646 0.224768 1.000000
-0.186848 0.032691 0.824466 1.000000
-0.695410 0.039006 0.022815 0.000000
0.127335 -0.008606 -0.278318 1.000000
0.829621 -0.012012 0.048181 0.000000
0.040417 -0.060332 0.049255 1.000000
-0.560853 0.103258 0.009189 2.000000
-0.625681 0.039347 -0.048459 2.000000
0.092851 -0.011174 0.445377 1.000000
-0.805256 0.061384 0.319939 2.000000
0.246903 -0.048042 0.385187 3.000000
-0.203330 0.019956 -0.805642 1.000000
0.527754 0.087378 0.044931 0.000000
-0.099380 0.012383 0.739042 1.000000
0.332458 -0.073172 0.323241 3.000000
-0.138816 -0.053126 -0.072540 0.000000
0.006877 -0.012196 -0.363139 1.000000
-0.066101 -0.011541 -0.598475 1.000000
-0.394040 -0.010571 0.066733 0.000000
-0.246330 0.026219 0.875590 1.000000
0.152936 -0.023516 -0.165563 1.000000
0.283824 -0.023280 -0.180211 1.000000
-0.345747 0.028446 0.077293 0.000000
0.684164 -0.018825 0.073310 0.000000
-0.011152 0.083500 -0.050529 0.000000
0.131921 -0.014999 -0.599995 1.000000
0.356723 -0.102101 -0.021285 0.000000
0.159959 -0.011017 -0.259137 1.000000
0.146202 -0.018720 0.195184 1.000000
0.060254 -0.083784 0.097601 0.000000
0.275701 -0.016912 0.349786 1.000000
-0.090575 0.057611 -0.070994 0.000000
-0.131322 -0.098249 -0.001318 0.000000
0.053100 -0.016257 -0.250254 1.000000
-0.119740 0.008191 0.673218 1.000000
-0.037250 0.000199 0.399782 1.000000
-0.294912 0.029101 -0.944679 1.000000
0.058052 -0.017358 0.352982 1.000000
0.395006 -0.084728 0.058505 1.000000
-0.082531 0.007981 -0.688170 1.000000
-0.713621 0.344568 -0.006507 2.000000
-0.424882 -0.032923 0.046504 0.000000
0.655497 -0.071128 -0.047725 0.000000
-0.151761 0.012357 0.687761 1.000000
0.085435 -0.109018 0.056147 0.000000
0.593945 -0.083706 -0.030797 0.000000
-0.031066 0.019878 0.666589 1.000000
-0.618135 0.034526 -0.007031 2.000000
0.003889 0.099092 -0.025976 0.000000
0.116225 -0.056087 0.159153 1.000000
-0.022996 0.018830 0.661243 1.000000
0.045448 -0.062428 -0.576385 3.000000
-0.100664 0.002505 -0.479038 1.000000
0.247008 -0.102337 0.322953 3.000000
0.344066 -0.036067 -0.056136 1.000000
-0.059288 0.013170 -0.542871 1.000000
-0.618030 0.043199 -0.084567 2.000000
-0.666245 0.260585 -0.008184 2.000000
-0.098646 -0.010938 -0.422491 1.000000
-0.611086 0.036884 -0.022989 2.000000
-0.449776 -0.021550 0.047657 0.000000
-0.070713 0.000801 -0.556706 1.000000
0.298943 -0.075792 -0.125078 1.000000
0.100293 -0.026686 0.172727 1.000000
0.133257 -0.022074 0.575819 3.000000
-0.142799 0.028604 -0.768825 1.000000
-0.132501 0.000303 0.620811 1.000000
0.144813 -0.040181 0.638210 3.000000
-0.677015 0.036805 -0.131865 2.000000
0.094895 -0.032975 -0.571590 3.000000
-0.033608 -0.004492 0.490631 1.000000
0.744328 -0.026948 -0.066356 0.000000
0.046261 -0.047649 -0.648236 3.000000
0.357325 -0.065258 0.132426 1.000000
0.287414 -0.083653 0.308069 3.000000
0.845055 -0.039710 0.041472 0.000000
0.312727 -0.043666 -0.001266 1.000000
0.161033 -0.045605 -0.654237 3.000000
0.015760 0.103179 -0.009232 0.000000
0.126339 -0.034574 0.354031 1.000000
0.617895 0.008977 0.079520 0.000000
-0.723081 0.040500 -0.128459 2.000000
-0.120552 -0.005802 -0.607384 1.000000
0.159854 -0.013899 -0.236261 1.000000
0.593683 0.052344 -0.072252 0.000000
-0.184044 0.016131 0.081617 0.000000
-0.058921 0.022472 -0.706958 1.000000
-0.131532 0.008191 0.611823 1.000000
-0.175108 -0.051239 -0.066539 0.000000
0.083234 -0.092300 0.604695 3.000000
-0.728872 0.038980 0.094666 2.000000
0.336991 -0.031455 0.125246 1.000000
0.060149 -0.000063 -0.346814 1.000000
0.095812 -0.046234 -0.063945 1.000000
-0.670149 0.035548 -0.121777 2.000000
0.449982 0.095240 0.032668 0.000000
-0.667660 0.046553 0.120503 2.000000
-0.587660 0.202203 -0.010332 2.000000
0.402789 -0.053624 0.125822 1.000000
0.150814 -0.066254 0.131744 1.000000
0.217502 -0.060096 0.350938 1.000000
-0.378082 -0.060515 -0.021941 0.000000
0.073932 -0.032635 -0.232540 1.000000
-0.221463 0.023992 -0.888419 1.000000
-0.323264 0.062092 0.944269 1.000000
-0.485675 0.069403 0.039586 0.000000
0.220411 -0.087138 0.373919 3.000000
0.021472 -0.051580 0.118800 1.000000
0.133205 -0.109621 0.002272 0.000000
0.091855 -0.067145 -0.027627 1.000000
0.228744 -0.047047 0.376775 3.000000
-0.393097 -0.033211 -0.055115 0.000000
-0.601888 0.038797 0.032982 2.000000
-0.586874 0.040028 0.055413 2.000000
-0.029311 -0.028521 -0.615167 1.000000
0.035334 -0.016283 0.313048 1.000000
-0.077630 0.005073 -0.611524 1.000000
-0.271014 -0.044479 0.066287 0.000000
0.143162 -0.088789 -0.098718 0.000000
-0.584935 -0.007741 0.024492 0.000000
0.076683 -0.027970 0.079861 0.000000
-0.000722 -0.009628 0.421060 1.000000
-0.651938 0.037801 0.044381 2.000000
0.073617 -0.108861 -0.065701 0.000000
-0.455881 0.052030 0.054653 0.000000
-0.448073 -0.048724 -0.009730 0.000000
-0.529383 0.081876 0.016422 0.000000
-0.000670 0.002636 -0.400794 1.000000
0.111875 -0.043300 0.061597 1.000000
-0.546861 0.227306 -0.011485 2.000000
0.317574 -0.030774 -0.123139 1.000000
0.308219 -0.105769 -0.391177 3.000000
-0.115049 -0.005121 0.524198 1.000000
-0.023494 -0.044007 -0.224967 1.000000
-0.111119 0.025276 -0.800139 1.000000
-0.271381 0.038849 -0.941429 1.000000
-0.188498 0.021319 -0.711544 1.000000
0.399566 -0.066909 0.106327 1.000000
-0.657204 0.232704 -0.008105 2.000000
-0.244339 0.032586 0.852583 1.000000
0.820398 -0.011881 -0.053018 0.000000
-0.024096 0.068040 0.063195 0.000000
-0.150686 0.068669 -0.063683 0.000000
0.346582 -0.068193 0.348239 3.000000
0.157600 -0.073146 -0.091852 1.000000
0.016729 0.008872 0.082324 0.000000
-0.712992 0.049776 -0.251066 2.000000
0.256022 -0.064708 -0.314558 3.000000
0.262101 -0.036015 0.353847 3.000000
0.541931 -0.004597 0.081066 0.000000
-0.224686 0.068748 -0.063736 0.000000
0.405671 -0.098275 -0.010149 0.000000
0.218734 -0.091567 0.095557 0.000000
-0.016812 -0.018694 0.273716 1.000000
0.215065 -0.014109 0.342317 1.000000
-0.648164 0.174349 0.004342 2.000000
0.091017 -0.011069 -0.598344 3.000000
0.035124 0.008925 -0.470889 1.000000
0.792333 -0.000194 0.057535 0.000000
0.471574 -0.045815 0.030310 1.000000
0.090571 -0.044217 0.080149 1.000000
0.072386 0.000435 -0.599366 1.000000
0.358190 -0.085461 -0.077886 1.000000
-0.718993 0.061935 0.287866 2.000000
0.075740 -0.052890 -0.044685 1.000000
0.078858 0.045715 0.076900 0.000000
0.031692 -0.057187 -0.085223 1.000000
0.077600 -0.096362 -0.599628 3.000000
0.152307 -0.108311 0.082481 0.000000
-0.685452 0.022550 0.021400 0.000000
0.100686 -0.022965 0.575321 3.000000
-0.440447 -0.048173 0.018073 0.000000
0.128855 -0.023254 -0.329703 1.000000
-0.153464 0.102288 -0.014918 0.000000
0.168527 -0.075320 0.064086 1.000000
0.176834 -0.108809 -0.080820 0.000000
0.155609 -0.025455 0.150218 1.000000
-0.002216 -0.105350 0.081276 0.000000
0.736100 0.023992 0.065213 0.000000
0.045370 -0.065206 0.097391 0.000000
-0.026900 -0.001793 0.374338 1.000000
-0.198796 0.020297 0.832196 1.000000
0.084387 0.104542 -0.001423 0.000000
0.117404 -0.066149 -0.657591 3.000000
0.193631 -0.038740 -0.038449 1.000000
-0.762334 0.054283 -0.274885 2.000000
-0.026848 -0.076500 0.094954 0.000000
-0.639648 0.233569 -0.011485 2.000000
0.406745 -0.039526 -0.055953 1.000000
0.330912 -0.071888 0.128888 1.000000
-0.445505 0.082976 -0.012874 2.000000
-0.385157 -0.025533 -0.062058 0.000000
0.222245 0.093091 0.037227 0.000000
-0.032979 0.019773 -0.663460 1.000000
0.248003 -0.010597 0.296959 1.000000
0.430434 -0.095995 0.061754 0.000000
-0.623690 0.047130 -0.144207 2.000000
0.147355 -0.030460 -0.631780 3.000000
0.021996 -0.051475 -0.116536 1.000000
0.115386 -0.087165 0.575740 3.000000
0.179323 -0.078439 -0.024456 1.000000
-0.098672 -0.091017 0.084158 0.000000
0.751036 0.068538 -0.035383 0.000000
0.299363 -0.099113 -0.088184 0.000000
-0.017178 -0.006798 -0.468242 1.000000
0.061013 -0.015131 0.386785 1.000000
-0.595966 0.220231 -0.009861 2.000000
-0.076189 0.003920 0.465685 1.000000
0.197718 -0.031115 -0.082733 0.000000
0.223581 -0.062454 -0.001685 1.000000
0.191351 -0.038242 0.251993 1.000000
0.014056 -0.015550 -0.274047 1.000000
0.054725 0.101607 -0.019530 0.000000
0.284243 -0.054882 -0.001266 1.000000
0.335209 -0.106555 -0.387404 3.000000
-0.184751 0.015004 0.678904 1.000000
-0.134362 0.103075 -0.009730 0.000000
0.009471 -0.011069 0.404420 1.000000
-0.072992 -0.000902 0.423968 1.000000
0.247453 -0.077050 0.391816 3.000000
0.264223 -0.042828 -0.001738 1.000000
0.285160 -0.041989 0.320333 3.000000
0.528724 -0.064577 0.055780 0.000000
0.283614 -0.091593 -0.005170 1.000000
-0.531374 0.210510 0.007146 2.000000
0.301092 -0.052969 0.352039 1.000000
0.701092 -0.013663 0.072105 0.000000
0.080011 -0.022599 0.321721 1.000000
0.138786 -0.013113 -0.404384 1.000000
-0.620441 0.114552 0.004211 2.000000
0.087296 -0.049169 0.172832 1.000000
-0.153254 -0.061695 0.070428 0.000000
0.220044 -0.092012 -0.096752 0.000000
0.103568 -0.031298 -0.271610 1.000000
0.515989 -0.055982 -0.001135 1.000000
0.198321 -0.029778 0.107584 1.000000
0.344826 -0.007793 0.080804 0.000000
0.126208 -0.021524 -0.079851 0.000000
0.011069 0.017860 -0.083991 0.000000
0.064289 -0.030800 -0.170673 1.000000
-0.121941 0.019118 -0.796759 1.000000
-0.621567 0.046789 0.144243 2.000000
0.109910 -0.017122 -0.343591 1.000000
-0.072626 0.020769 0.646490 1.000000
0.305730 -0.084151 0.085469 1.000000
0.010755 -0.014318 -0.414184 1.000000
0.337148 -0.038164 0.378321 3.000000
-0.535645 0.224765 0.007146 2.000000
0.085252 -0.025429 0.346956 1.000000
-0.556504 0.002190 0.036913 0.000000
0.177175 -0.027892 0.356310 1.000000
-0.372160 0.095030 -0.030300 0.000000
0.203798 -0.033106 -0.358763 1.000000
-0.294859 0.093694 -0.037820 0.000000
-0.376222 0.087116 0.042101 0.000000
-0.155744 0.012514 0.608364 1.000000
-0.167509 0.014139 -0.634427 1.000000
-0.114578 0.068983 -0.063500 0.000000
0.290611 -0.036120 0.026012 1.000000
0.176729 -0.001950 0.402586 1.000000
0.133021 -0.001505 0.463169 1.000000
-0.532213 0.109966 0.010604 2.000000
-0.191250 0.017912 0.751096 1.000000
0.424957 0.024804 -0.081764 0.000000
0.063005 -0.028101 0.585278 3.000000
0.248056 0.103284 0.007355 0.000000
0.006746 0.057061 -0.071387 0.000000
-0.037224 0.015554 -0.568681 1.000000
-0.299812 -0.068403 0.036599 0.000000
0.033971 -0.014371 -0.374066 1.000000
0.185586 -0.012117 0.250683 1.000000
0.168003 -0.109857 -0.055665 0.000000
0.396657 -0.099035 -0.023434 0.000000
-0.625079 0.102105 0.003215 2.000000
0.568999 0.043120 -0.076523 0.000000
-0.077211 -0.004125 0.402010 1.000000
0.056402 -0.025638 0.636323 3.000000
0.332720 -0.082291 -0.344404 3.000000
0.361806 -0.037980 -0.025662 1.000000
-0.734899 0.279976 0.001066 2.000000
0.022808 -0.050715 0.093015 0.000000
-0.726880 0.297480 -0.004620 2.000000
-0.176864 0.032822 -0.886742 1.000000
0.212681 -0.046025 -0.228059 1.000000
0.202199 -0.038452 -0.254210 1.000000
0.020738 -0.066149 0.096867 0.000000
-0.615436 0.045610 -0.162890 2.000000
0.471207 -0.073748 -0.002078 1.000000
-0.328636 -0.052130 -0.051656 0.000000
0.200024 -0.008842 0.282730 1.000000
0.179585 -0.080037 0.583156 3.000000
0.128462 -0.088160 0.577129 3.000000
0.032556 -0.038635 -0.163834 1.000000
0.392805 -0.063319 -0.120755 1.000000
-0.569920 0.237264 -0.007948 2.000000
0.244544 -0.067197 -0.357584 3.000000
0.151757 -0.028259 0.136120 1.000000
0.208043 -0.079749 0.095164 1.000000
0.049798 -0.108442 -0.053699 0.000000
0.287256 -0.034181 0.052688 1.000000
-0.145734 0.008296 0.586327 1.000000
-0.076189 0.009684 0.704898 1.000000
0.416808 -0.080142 -0.063342 1.000000
-0.704738 0.037487 0.110231 2.000000
-0.296353 0.098856 0.026012 0.000000
0.063005 -0.072071 0.613631 3.000000
0.381406 -0.083810 0.070192 1.000000
0.463110 -0.075189 0.043333 1.000000
-0.617349 0.033766 -0.119209 2.000000
-0.062642 -0.002972 -0.457918 1.000000
0.157574 0.007824 -0.083546 0.000000
0.417541 0.103415 0.006490 0.000000
-0.061201 0.022498 -0.716444 1.000000
0.071416 -0.071652 -0.646323 3.000000
0.071574 -0.058340 0.096710 0.000000
-0.142223 0.011309 0.712629 1.000000
-0.003788 0.010733 0.493565 1.000000
0.158701 -0.065835 0.567067 3.000000
0.826005 -0.079434 -0.013634 0.000000
0.055799 -0.014030 -0.262045 1.000000
0.287990 -0.050401 0.313703 3.000000
0.259978 0.003343 0.082114 0.000000
0.231914 -0.030198 0.079782 0.000000
-0.171414 -0.066359 0.065606 0.000000
0.592923 -0.057843 -0.062085 0.000000
0.264145 -0.046130 -0.356091 1.000000
-0.228669 0.025407 -0.783342 1.000000
0.296873 -0.053388 -0.314977 3.000000
-0.141227 0.009711 -0.637178 1.000000
0.150447 -0.066673 0.583444 3.000000
-0.410287 -0.057816 -0.002131 0.000000
-0.650627 0.075639 -0.001764 2.000000
0.047833 -0.031691 0.083084 0.000000
-0.557604 0.191302 -0.011485 2.000000
0.081662 0.002295 0.366006 1.000000
-0.004732 -0.106686 -0.075239 0.000000
-0.150608 0.018201 0.813591 1.000000
0.187577 -0.017961 0.343366 1.000000
0.371554 0.103415 0.006412 0.000000
-0.734977 0.237683 -0.000820 2.000000
-0.014794 -0.106372 -0.061639 0.000000
-0.147909 0.014768 0.770329 1.000000
-0.674237 0.033818 0.026300 2.000000
0.497044 0.067464 -0.064810 0.000000
0.392229 -0.079644 0.077162 1.000000
0.328894 -0.035150 -0.064338 1.000000
0.632700 -0.081400 0.032589 0.000000
-0.641430 0.038797 -0.160532 2.000000
0.360260 -0.035334 0.352930 3.000000
0.706673 0.056091 0.055701 0.000000
0.563208 0.097598 0.026667 0.000000
-0.771820 0.316923 -0.000663 2.000000
-0.244365 0.037906 0.903156 1.000000
0.703686 0.088951 0.005075 0.000000
-0.268865 0.029337 -0.897512 1.000000
-0.539576 0.062826 0.034345 0.000000
0.033500 -0.034626 0.315249 1.000000
-0.204299 0.019065 -0.751557 1.000000
-0.247011 0.013929 0.082088 0.000000
-0.771820 0.054650 -0.262150 2.000000
0.327217 -0.092903 -0.315422 3.000000
-0.594551 0.284902 0.001748 2.000000
0.180817 -0.039369 0.248089 1.000000
0.314063 -0.033368 -0.378049 3.000000
0.277404 -0.086876 -0.059202 1.000000
-0.673949 0.300389 0.005626 2.000000
-0.689304 0.041679 -0.176516 2.000000
-0.140415 0.024987 -0.836824 1.000000
0.159880 -0.021550 -0.339870 1.000000
-0.588551 0.041705 0.095400 2.000000
0.559749 0.006907 -0.083703 0.000000
0.118898 -0.026398 -0.307823 1.000000
0.392045 -0.064944 -0.090804 0.000000
0.115674 -0.026791 -0.598947 1.000000
0.195648 0.097834 0.027427 0.000000
-0.218187 -0.018720 -0.080558 0.000000
-0.747031 0.059576 0.328587 2.000000
0.207414 -0.032844 -0.076104 1.000000
0.031849 -0.058340 -0.068531 1.000000
0.122487 -0.001714 0.331076 1.000000
0.270748 -0.021236 -0.194335 1.000000
0.051816 0.008977 -0.478829 1.000000
0.048803 -0.071075 0.575924 3.000000
-0.010523 0.013405 -0.536582 1.000000
0.087008 -0.032844 0.141885 1.000000
0.132445 -0.062428 -0.001344 1.000000
0.023595 -0.043614 -0.627168 3.000000
0.065914 -0.050034 0.073624 1.000000
0.008527 0.008715 -0.465701 1.000000
-0.016366 -0.001583 0.565521 1.000000
-0.185747 0.101660 -0.018980 0.000000
-0.505930 0.196858 0.002219 2.000000
0.628717 0.093038 -0.026264 0.000000
-0.664044 0.011859 -0.021705 0.000000
0.086484 -0.031403 -0.264011 1.000000
0.221171 -0.073119 0.095478 0.000000
0.073932 -0.030748 0.258675 1.000000
-0.172724 0.033477 0.857745 1.000000
0.433788 -0.083208 -0.001187 1.000000
0.347211 -0.030040 0.155957 1.000000
-0.037879 -0.066988 0.093906 0.000000
-0.174689 -0.025219 0.077555 0.000000
0.020581 -0.107499 0.015164 0.000000
0.139520 -0.008842 0.345750 1.000000
-0.021659 -0.010230 -0.358239 1.000000
0.132471 -0.005671 0.449333 1.000000
0.247584 -0.088606 0.014614 1.000000
-0.596412 0.025983 0.052871 2.000000
-0.182943 0.022944 0.867466 1.000000
-0.626258 0.166828 0.006019 2.000000
-0.512953 0.020664 0.007381 2.000000
0.188206 -0.038426 0.041734 1.000000
0.074561 -0.050584 0.058426 1.000000
0.351377 -0.037220 -0.338744 3.000000
-0.617322 0.037827 -0.152540 2.000000
0.153775 -0.030774 -0.123428 1.000000
0.318727 -0.091934 0.021243 1.000000
-0.520002 0.198115 -0.011485 2.000000
0.160037 -0.109962 0.025174 0.000000
0.118531 -0.007924 0.450041 1.000000
0.409995 -0.048435 0.122128 1.000000
0.100398 -0.057659 -0.137944 1.000000
0.047859 0.001430 0.358538 1.000000
-0.019458 0.004627 -0.083362 0.000000
0.403391 0.034290 -0.080113 0.000000
0.066752 -0.030748 0.322507 1.000000
0.104250 -0.007793 0.608652 3.000000
0.330728 -0.059886 -0.356484 3.000000
0.153382 -0.109883 -0.030535 0.000000
0.038138 -0.037011 0.593035 3.000000
0.330545 -0.093375 0.009373 1.000000
0.200129 -0.078019 -0.366022 3.000000
0.191770 -0.104800 -0.090123 0.000000
0.063398 -0.015864 -0.626225 3.000000
-0.747765 0.053340 -0.271898 2.000000
0.162815 -0.035622 0.570814 3.000000
0.538996 0.000697 -0.083205 0.000000
0.166877 -0.020293 -0.080322 0.000000
-0.725046 0.038954 -0.094132 2.000000
0.140044 -0.072045 0.038118 1.000000
0.590434 0.080434 -0.051472 0.000000
0.090126 -0.028390 0.646228 3.000000
0.657803 0.018096 -0.077781 0.000000
-0.247535 0.025276 -0.805668 1.000000
0.725750 0.079491 -0.026736 0.000000
-0.604299 0.280710 0.004420 2.000000
0.047204 -0.007427 -0.305124 1.000000
0.782350 0.065996 0.017679 0.000000
0.110722 -0.006876 0.462435 1.000000
0.482343 0.081823 -0.052678 0.000000
0.383450 -0.097960 0.078446 0.000000
0.255183 -0.056794 -0.390627 3.000000
0.038636 0.000644 -0.565380 1.000000
-0.299681 0.034447 0.925062 1.000000
0.270381 -0.066254 0.397843 3.000000
-0.003395 -0.056401 -0.608354 3.000000
-0.078364 0.052030 -0.073562 0.000000
0.417541 -0.040548 -0.064233 1.000000
0.266477 -0.053938 -0.396261 3.000000
0.851135 0.008767 -0.028701 0.000000
-0.682465 0.054336 -0.198396 2.000000
0.338039 -0.038373 0.200739 1.000000
0.143634 -0.027761 -0.080768 0.000000
-0.206710 0.028315 -0.786172 1.000000
0.055720 -0.056480 0.112354 1.000000
-0.614021 0.241692 -0.009284 2.000000
0.092930 -0.037849 0.606058 1.000000
-0.033137 0.012855 0.525324 1.000000
0.123798 -0.071390 -0.012376 1.000000
0.462507 -0.061380 -0.001161 1.000000
-0.143061 0.035207 -0.079510 0.000000
0.023202 -0.034521 0.321957 1.000000
0.038898 0.012724 -0.584456 1.000000
-0.491073 0.124352 0.010185 2.000000
0.165042 -0.001714 -0.342465 1.000000
0.354024 -0.035045 0.084656 1.000000
0.455720 -0.046732 -0.082524 0.000000
-0.648348 0.041417 -0.182124 2.000000
0.834338 0.033058 -0.017696 0.000000
0.408160 0.023861 -0.081869 0.000000
0.452130 -0.086850 -0.001161 1.000000
-0.666638 0.033635 0.101715 2.000000
0.295615 -0.034285 -0.343408 1.000000
-0.697899 0.058057 0.237398 2.000000
-0.002242 -0.029123 0.221623 1.000000
-0.401692 -0.058969 0.006097 0.000000
-0.598272 0.043173 -0.112868 2.000000
0.206811 0.064896 0.065134 0.000000
-0.022183 -0.002081 -0.561921 1.000000
-0.049854 -0.003024 0.489216 1.000000
0.281465 -0.032320 -0.088079 1.000000
0.424381 -0.049955 -0.001187 1.000000
0.201911 -0.067040 -0.097355 0.000000
0.207178 -0.008318 0.289438 1.000000
0.233251 0.046553 -0.080087 0.000000
-0.015921 -0.026346 0.240359 1.000000
0.321505 -0.029307 -0.362851 3.000000
0.425638 -0.096441 -0.038632 0.000000
-0.650942 0.062013 -0.000951 2.000000
-0.630319 0.043985 -0.195121 2.000000
-0.649710 0.038797 0.158629 2.000000
-0.537191 0.173353 0.008927 2.000000
0.456008 0.098751 -0.026893 0.000000
-0.135672 0.029730 0.820929 1.000000
