-0.779400 0.014685 0.035616 2.000000
-0.026369 -0.068410 -0.282004 1.000000
-0.733216 0.016848 -0.273685 2.000000
0.082844 -0.069956 0.327994 1.000000
0.444227 0.121271 0.076313 0.000000
0.196231 -0.042755 0.148899 1.000000
0.665874 -0.012155 -0.090984 0.000000
-0.215741 -0.073407 0.052384 0.000000
0.168773 -0.046542 -0.922010 1.000000
-0.748594 0.031453 0.355503 2.000000
0.350417 -0.033534 0.100603 1.000000
-0.726339 0.043765 -0.183326 2.000000
0.305650 -0.069853 0.490577 1.000000
-0.673561 0.012495 -0.139125 2.000000
0.120477 -0.077580 0.143129 1.000000
0.292230 -0.036651 -0.131784 1.000000
-0.038424 -0.115933 -0.030788 0.000000
-0.854768 0.029161 -0.209650 2.000000
-0.852398 0.018832 -0.002016 2.000000
0.197982 -0.038608 0.916484 1.000000
-0.622689 -0.045331 -0.023292 0.000000
0.493373 -0.094117 0.009575 0.000000
0.319817 -0.068977 -0.545069 1.000000
0.575438 -0.095662 0.013619 0.000000
0.207332 -0.042034 -0.238267 1.000000
0.160968 0.167171 -0.026486 0.000000
-0.813787 0.014917 -0.123799 2.000000
-0.468786 0.035471 -0.091808 0.000000
0.314923 -0.037346 0.156060 1.000000
-0.789781 0.016436 0.016117 2.000000
0.351448 -0.080722 0.161984 1.000000
0.055284 -0.061430 -0.585226 1.000000
0.269821 -0.079615 0.170381 1.000000
0.340500 0.104219 -0.108216 0.000000
0.300395 -0.030546 0.579519 1.000000
-0.819608 0.168794 -0.026229 2.000000
0.454247 0.024627 0.093494 0.000000
0.047530 -0.054733 0.346977 1.000000
-0.676652 0.163308 -0.022468 2.000000
0.147445 -0.040772 0.535705 1.000000
0.493373 0.012701 -0.105537 0.000000
0.278269 -0.031216 0.580755 1.000000
-0.402563 -0.035543 0.058824 0.000000
0.166377 -0.042627 0.102097 1.000000
-0.628304 -0.015297 -0.058864 0.000000
0.114501 -0.032890 -0.107005 0.000000
0.155095 -0.039355 0.586937 1.000000
-0.776747 0.015638 0.180169 2.000000
0.369916 -0.057695 -0.155765 1.000000
0.672159 0.070940 -0.098505 0.000000
0.230180 -0.042008 -0.959745 1.000000
0.690704 -0.005638 -0.091654 0.000000
0.453655 0.039696 -0.118081 0.000000
0.366155 -0.057515 -0.097063 0.000000
0.267528 -0.032890 -0.540227 1.000000
0.707576 0.078384 0.055862 0.000000
-0.806781 0.018651 -0.276183 2.000000
-0.725772 0.012650 -0.047015 2.000000
0.153807 -0.073794 0.255975 1.000000
-0.445965 0.077431 -0.076096 0.000000
-0.827876 0.118463 0.002878 2.000000
0.296455 -0.056149 -0.097784 0.000000
-0.371962 0.083175 0.061400 0.000000
0.074653 -0.068487 -0.392454 1.000000
-0.013825 0.047835 -0.119060 0.000000
0.078594 -0.050818 0.358311 1.000000
0.327931 -0.029129 0.687754 1.000000
0.462593 -0.021608 0.086204 0.000000
-0.753642 0.199523 -0.028804 2.000000
-0.060704 -0.110112 -0.041709 0.000000
0.273118 -0.030211 0.736307 1.000000
0.444459 -0.071244 -0.086837 0.000000
-0.330595 -0.024519 0.071677 0.000000
0.558592 0.068544 -0.107881 0.000000
0.438303 0.158697 -0.055309 0.000000
-0.222051 0.103421 0.069178 0.000000
-0.204897 0.169335 -0.049282 0.000000
0.281695 -0.038531 0.226353 1.000000
0.590017 0.097445 -0.105846 0.000000
0.360025 -0.043580 0.481330 1.000000
0.323140 -0.036496 0.295951 1.000000
0.158392 -0.059524 -0.701445 1.000000
0.261192 -0.076035 0.249793 1.000000
-0.637191 0.017286 0.044374 2.000000
0.131630 -0.056252 0.731413 1.000000
-0.801397 0.319143 -0.020845 2.000000
0.317138 -0.030572 0.557676 1.000000
0.294420 -0.024364 0.073094 1.000000
0.221911 -0.036033 -0.492137 1.000000
-0.796529 0.018497 -0.285250 2.000000
0.231261 -0.066659 -0.574408 1.000000
0.080938 -0.048680 -0.483534 1.000000
0.301348 -0.043580 0.927740 1.000000
-0.381750 0.070631 0.068947 0.000000
-0.864169 0.026018 -0.002634 2.000000
0.331150 -0.069028 0.523908 1.000000
-0.792073 0.037352 -0.087069 2.000000
0.362858 -0.050251 -0.475291 1.000000
0.115969 -0.043425 0.635002 1.000000
0.249859 -0.033869 -0.934554 1.000000
-0.196731 -0.099448 -0.039211 0.000000
0.317524 -0.035723 -0.350675 1.000000
0.333572 -0.000950 -0.113805 0.000000
0.273118 -0.038608 -0.289680 1.000000
-0.756347 0.017389 -0.283009 2.000000
0.235511 -0.056072 -0.819880 1.000000
0.493373 -0.085719 -0.004747 0.000000
-0.713254 0.205267 -0.027079 2.000000
0.145153 -0.077065 0.171849 1.000000
-0.091227 -0.049993 0.075000 0.000000
0.314665 0.136004 0.063563 0.000000
0.277522 -0.054784 -0.859650 1.000000
0.493966 0.167300 0.003007 0.000000
-0.829396 0.033436 -0.198755 2.000000
0.258745 0.139971 0.059803 0.000000
-0.768608 0.013474 0.062378 2.000000
0.368628 -0.065860 -0.175676 1.000000
-0.637886 -0.042781 0.000250 0.000000
0.698921 0.004253 -0.089284 0.000000
-0.399266 0.103678 0.038733 0.000000
0.204731 -0.040643 -0.341247 1.000000
-0.005273 -0.066350 0.352464 1.000000
0.294111 -0.034410 0.403850 1.000000
0.551663 -0.085307 0.034199 0.000000
0.597281 -0.087548 -0.058349 0.000000
0.227063 -0.070162 0.442075 1.000000
-0.394681 0.143757 -0.029011 0.000000
-0.184084 -0.014035 -0.109530 0.000000
0.496696 0.035394 -0.110534 0.000000
0.319637 -0.037192 0.136561 1.000000
-0.348600 -0.078224 0.022814 0.000000
0.318838 -0.031448 -0.532448 1.000000
-0.157167 -0.109545 -0.015101 0.000000
0.264180 -0.074515 -0.329296 1.000000
0.024838 -0.056459 0.428320 1.000000
0.073778 -0.065577 0.466210 1.000000
0.511893 0.128612 -0.083643 0.000000
0.021283 -0.056459 -0.501770 1.000000
0.626825 0.107027 0.068406 0.000000
-0.090506 -0.110061 -0.036042 0.000000
0.493373 0.158208 0.009884 0.000000
-0.027090 -0.072892 0.093262 1.000000
0.201640 -0.072841 -0.351705 1.000000
0.027439 0.022592 0.093494 0.000000
-0.830942 0.046650 0.002311 2.000000
0.318684 -0.034204 0.387262 1.000000
0.033544 0.049200 -0.119060 0.000000
0.695959 0.133995 0.032216 0.000000
0.603926 -0.060786 -0.073160 0.000000
0.055412 -0.069003 0.332527 1.000000
0.309926 -0.066968 -0.601788 1.000000
0.201202 -0.034539 0.788828 1.000000
-0.602031 0.069137 -0.051188 0.000000
0.300370 -0.071604 0.431617 1.000000
0.267915 -0.030598 -0.739129 1.000000
0.177530 0.193702 0.024283 0.000000
0.026538 0.161788 0.048366 0.000000
-0.696563 0.022232 0.008235 2.000000
-0.079507 -0.058184 0.070930 0.000000
0.292462 -0.075983 -0.287491 1.000000
0.493373 0.016926 -0.006086 0.000000
0.224693 -0.053599 -0.861093 1.000000
0.250528 -0.032555 0.575321 1.000000
0.182399 0.128612 0.070260 0.000000
0.335555 -0.029155 0.697207 1.000000
0.539660 0.021382 -0.106001 0.000000
-0.147405 0.044744 -0.119060 0.000000
0.151618 -0.004969 -0.113342 0.000000
-0.180736 0.189503 -0.026229 0.000000
0.351937 -0.065397 -0.543807 1.000000
0.121687 -0.055119 -0.771198 1.000000
-0.046795 -0.118561 -0.004077 0.000000
0.135494 -0.071887 0.309036 1.000000
0.345291 -0.080439 0.173524 1.000000
0.038335 -0.071295 -0.262403 1.000000
0.142397 -0.069878 0.386284 1.000000
0.311961 -0.029516 -0.693357 1.000000
0.296995 0.023082 0.093700 0.000000
-0.802763 0.015354 0.138003 2.000000
0.141882 -0.078816 -0.150691 1.000000
0.165811 -0.076807 -0.211969 1.000000
0.275616 -0.031164 0.591728 1.000000
-0.460904 0.003197 -0.089052 0.000000
-0.576016 -0.003578 -0.073160 0.000000
0.493373 0.016694 -0.082561 0.000000
-0.256850 0.074417 0.083113 0.000000
-0.807605 0.035368 -0.307865 2.000000
0.209599 -0.039252 0.364183 1.000000
0.185541 -0.056922 -0.774237 1.000000
0.091911 -0.046336 0.597884 1.000000
0.172997 -0.071527 -0.376742 1.000000
0.270465 0.103524 -0.108551 0.000000
0.669892 0.146720 0.008493 0.000000
0.688979 -0.038377 0.049036 0.000000
-0.722656 0.042117 -0.242440 2.000000
-0.847092 0.219176 0.000199 2.000000
0.507592 -0.017435 -0.108757 0.000000
-0.866539 0.026817 0.168810 2.000000
-0.433189 0.133660 0.010657 0.000000
-0.873700 0.025271 0.160361 2.000000
0.091499 -0.063001 0.552808 1.000000
0.050338 -0.069853 -0.320177 1.000000
0.151129 -0.058390 0.698598 1.000000
0.214493 0.154679 -0.062032 0.000000
0.092736 -0.048396 0.792846 1.000000
0.342587 -0.043013 -0.103425 0.000000
0.256581 -0.030598 0.862341 1.000000
0.124109 -0.072325 -0.306320 1.000000
-0.147199 0.023417 0.093906 0.000000
-0.354833 0.001625 -0.099201 0.000000
0.531289 0.164982 0.002156 0.000000
0.193835 -0.080285 -0.121790 1.000000
0.199193 0.077302 0.094241 0.000000
0.499401 -0.091103 0.044605 0.000000
0.249987 -0.030958 -0.804554 1.000000
0.341067 -0.057695 -0.743766 1.000000
0.355440 0.046547 0.096224 0.000000
0.153601 -0.057849 -0.734879 1.000000
-0.692596 0.109319 0.007540 2.000000
-0.809382 0.246274 -0.025868 2.000000
-0.768479 0.010254 0.004938 2.000000
-0.773888 0.054790 -0.032668 0.000000
-0.030233 0.151639 -0.074525 0.000000
-0.821798 0.015329 -0.032411 0.000000
-0.001925 -0.063877 -0.182991 1.000000
0.261115 -0.037449 0.328895 1.000000
0.222478 -0.035852 0.476565 1.000000
0.329322 0.151717 -0.067235 0.000000
-0.899612 0.024292 -0.007477 2.000000
0.229536 -0.058365 -0.765273 1.000000
-0.656844 0.011310 -0.062650 2.000000
-0.094808 0.206890 -0.005931 0.000000
0.062728 -0.055454 -0.180158 1.000000
-0.704908 0.011491 0.101839 2.000000
0.318709 -0.037037 -0.139692 1.000000
0.061775 -0.066916 0.409517 1.000000
-0.716190 0.016204 0.232045 2.000000
-0.706660 0.011980 -0.138971 2.000000
-0.756450 0.036141 -0.354229 2.000000
0.179514 -0.040154 0.098027 1.000000
-0.874035 0.187159 -0.020073 2.000000
-0.217750 0.106074 -0.090211 0.000000
-0.259503 0.171138 -0.032359 0.000000
-0.259426 -0.058390 -0.082973 0.000000
0.092349 -0.125258 -0.000883 0.000000
0.047067 -0.063284 0.504770 1.000000
0.019068 0.088172 -0.114604 0.000000
-0.023767 0.177990 0.038269 0.000000
0.310570 -0.029670 0.649529 1.000000
-0.096121 -0.073381 -0.083231 0.000000
0.115016 -0.053393 -0.801437 1.000000
-0.787617 0.217734 -0.027723 2.000000
-0.745426 0.013165 0.033452 2.000000
0.250219 -0.031525 -0.730990 1.000000
0.177144 -0.036883 -0.758860 1.000000
0.300318 -0.040077 -0.952997 1.000000
0.101442 -0.051513 0.804257 1.000000
0.014200 -0.057643 0.449545 1.000000
0.322728 -0.072866 -0.417929 1.000000
0.170962 0.203026 -0.043693 0.000000
0.685810 -0.094760 -0.012603 0.000000
0.281773 0.018059 0.093133 0.000000
0.591717 0.091649 0.077782 0.000000
-0.850749 0.308427 -0.005391 2.000000
-0.849693 0.132450 -0.023576 2.000000
-0.679254 0.046135 -0.044903 2.000000
0.154451 -0.065062 -0.569411 1.000000
-0.745735 0.018265 -0.309024 2.000000
0.292359 -0.038067 0.182848 1.000000
0.265494 -0.081675 -0.096625 1.000000
0.346940 -0.061507 -0.649002 1.000000
0.160401 -0.064186 -0.598826 1.000000
-0.359444 0.151588 0.004732 0.000000
-0.401738 0.128483 0.022531 0.000000
-0.553143 -0.057772 -0.021412 0.000000
0.341041 -0.039020 0.082135 0.000000
0.232910 -0.084792 -0.081067 0.000000
-0.049216 0.115424 -0.100154 0.000000
0.323758 -0.037243 -0.190512 1.000000
0.550736 0.077534 0.090944 0.000000
-0.258087 0.171627 0.008854 0.000000
0.355363 -0.059060 -0.572064 1.000000
0.202876 -0.040051 -0.370096 1.000000
-0.939820 0.061564 -0.011727 2.000000
0.703815 0.007421 -0.078388 0.000000
-0.502426 0.120910 0.006020 0.000000
-0.715315 0.099557 0.007926 2.000000
0.176809 0.067025 -0.118519 0.000000
0.319018 -0.028692 0.752123 1.000000
0.144019 -0.071501 -0.353663 1.000000
-0.199050 -0.006411 0.087492 0.000000
0.210449 -0.033895 0.749856 1.000000
0.021000 -0.062666 -0.518925 1.000000
-0.843846 0.052111 -0.017883 0.000000
-0.791815 0.015664 0.029537 2.000000
-0.782388 0.037686 -0.310647 2.000000
0.330481 -0.073253 -0.406544 1.000000
0.508004 0.086292 0.091845 0.000000
-0.059751 -0.060812 0.069874 0.000000
0.357114 -0.037784 0.414231 1.000000
0.236980 -0.039819 -0.303486 1.000000
0.129775 -0.069003 0.405963 1.000000
0.116330 -0.045151 -0.830467 1.000000
0.254366 -0.071141 0.424122 1.000000
0.313506 -0.069440 -0.529177 1.000000
0.694001 -0.088553 -0.000059 0.000000
-0.362921 0.140641 -0.043486 0.000000
0.322006 -0.051796 0.077035 0.000000
-0.515202 0.082685 -0.056881 0.000000
0.689468 0.034338 -0.090417 0.000000
0.359175 -0.039613 0.403567 1.000000
-0.658261 0.046779 0.043575 2.000000
-0.004887 -0.073871 -0.118416 1.000000
0.223714 -0.063980 -0.639086 1.000000
-0.021784 -0.065525 0.234776 1.000000
0.680968 -0.078224 0.030773 0.000000
0.572038 -0.045666 0.069900 0.000000
0.272654 -0.066143 0.587813 1.000000
0.263124 -0.064006 0.631395 1.000000
-0.821308 0.015921 -0.092298 2.000000
0.327415 -0.072248 0.419485 1.000000
-0.734401 0.041473 -0.256942 2.000000
-0.826537 0.023726 -0.355440 2.000000
-0.878851 0.023494 0.278281 2.000000
-0.171386 -0.089042 0.039531 0.000000
0.216811 -0.037578 0.414566 1.000000
-0.240880 -0.014190 -0.106258 0.000000
0.272422 -0.065216 0.608342 1.000000
-0.725025 0.043302 0.177413 2.000000
0.107881 -0.019367 -0.110792 0.000000
-0.273850 -0.060039 -0.079857 0.000000
0.111436 0.124516 0.073480 0.000000
0.613869 0.049638 -0.110998 0.000000
0.493373 0.032792 -0.029500 0.000000
0.285688 -0.068694 -0.540562 1.000000
0.209444 -0.051719 0.864401 1.000000
0.174671 -0.040617 0.902342 1.000000
0.425270 -0.118329 0.007849 0.000000
0.618351 -0.047134 -0.080449 0.000000
-0.254635 -0.097130 -0.028753 0.000000
0.004463 -0.061584 0.507783 1.000000
0.261656 -0.071759 0.406246 1.000000
-0.748851 0.039490 0.287425 2.000000
0.493373 0.083793 -0.073700 0.000000
0.380966 0.093427 -0.112801 0.000000
0.315747 -0.029001 0.877460 1.000000
0.506433 0.013320 0.084427 0.000000
0.689365 -0.043631 -0.077023 0.000000
0.455664 0.103884 0.086256 0.000000
-0.422293 -0.076009 -0.025636 0.000000
0.272371 -0.032426 -0.553827 1.000000
-0.862521 0.022283 0.052642 2.000000
0.186571 -0.043374 0.221948 1.000000
0.052167 -0.056974 0.125923 1.000000
0.687201 0.114265 0.051096 0.000000
0.392454 -0.101226 -0.064376 0.000000
0.013994 -0.057669 -0.610082 1.000000
-0.018410 0.202588 -0.048303 0.000000
0.200172 -0.041570 0.293117 1.000000
-0.426028 -0.012258 -0.089799 0.000000
-0.581142 0.062646 0.040278 0.000000
0.248931 -0.037398 0.351098 1.000000
0.225620 -0.080259 0.138107 1.000000
0.077126 -0.049890 0.417605 1.000000
0.206353 -0.078636 0.167033 1.000000
-0.404443 -0.076627 0.008725 0.000000
0.693641 -0.075339 0.012485 0.000000
0.283395 -0.101329 0.043627 0.000000
0.144200 -0.090073 -0.077023 0.000000
0.179050 -0.063928 0.595154 1.000000
-0.434477 -0.070522 0.014546 0.000000
0.084905 -0.077065 -0.110689 1.000000
0.000162 -0.062100 0.256155 1.000000
0.134283 -0.079769 -0.084416 0.000000
0.344879 -0.031190 0.590853 1.000000
0.304027 -0.032452 0.475612 1.000000
0.440235 -0.115418 0.012717 0.000000
-0.306614 -0.069466 0.043936 0.000000
-0.359856 0.085982 0.061039 0.000000
0.138507 -0.054346 0.776077 1.000000
-0.079327 0.002450 0.091150 0.000000
0.317190 -0.064984 0.626476 1.000000
0.039005 0.046058 0.096198 0.000000
0.174233 -0.042730 -0.340810 1.000000
0.082484 -0.049118 -0.781243 1.000000
0.303126 -0.037011 0.292757 1.000000
0.255010 -0.080465 0.145448 1.000000
-0.582095 0.106872 -0.001527 0.000000
-0.037728 0.058344 -0.119112 0.000000
0.156718 -0.057927 0.711915 1.000000
-0.871356 0.257040 -0.004541 2.000000
0.507772 0.043250 0.094550 0.000000
0.319224 -0.074309 -0.364326 1.000000
-0.212315 0.095539 0.076777 0.000000
-0.686852 0.090567 -0.030814 2.000000
0.360463 -0.025652 0.086436 0.000000
0.669248 -0.084535 0.027605 0.000000
0.100772 -0.086544 0.056918 0.000000
-0.747280 0.015767 0.206107 2.000000
0.192625 -0.060399 0.678996 1.000000
0.069553 -0.049684 -0.707705 1.000000
0.083901 -0.076189 -0.175032 1.000000
-0.885548 0.190585 -0.018244 2.000000
0.108834 -0.046130 -0.455174 1.000000
-0.199951 0.039670 -0.116201 0.000000
0.011521 -0.058571 -0.095363 0.000000
0.230102 -0.037346 -0.122949 1.000000
0.493373 -0.057746 0.051483 0.000000
0.038283 -0.075597 0.097229 1.000000
0.291973 -0.034693 -0.418083 1.000000
0.423364 0.042864 0.095735 0.000000
0.118802 0.145998 0.056145 0.000000
0.210964 -0.060683 -0.704949 1.000000
-0.142460 -0.090768 -0.063294 0.000000
0.413421 -0.071089 0.065366 0.000000
0.155610 -0.068487 0.446712 1.000000
-0.884183 0.298356 -0.011057 2.000000
-0.643064 0.028517 0.045043 0.000000
0.181652 -0.036445 -0.791006 1.000000
-0.740016 0.135850 0.007205 2.000000
-0.686852 0.046599 0.081207 2.000000
0.270207 -0.032942 -0.106980 0.000000
0.339702 -0.041184 -0.812745 1.000000
0.148965 -0.065809 0.521667 1.000000
0.410845 0.091340 -0.113599 0.000000
-0.409929 0.030912 0.075695 0.000000
-0.226121 -0.085874 -0.059662 0.000000
-0.258550 0.173430 -0.009821 0.000000
-0.037445 -0.072995 0.110700 1.000000
-0.807116 0.019579 0.284128 2.000000
0.149480 -0.046104 -0.269486 1.000000
0.210166 -0.038763 0.382781 1.000000
-0.788003 0.192697 -0.028161 2.000000
0.052399 -0.067921 -0.091396 0.000000
-0.136432 -0.110086 -0.000497 0.000000
-0.731774 0.050437 -0.045908 0.000000
0.493373 0.133866 -0.078543 0.000000
0.003433 -0.061713 0.100835 1.000000
0.358119 -0.070754 0.339971 1.000000
0.172585 -0.073562 -0.302430 1.000000
-0.864813 0.005979 -0.016441 2.000000
0.262944 0.159598 -0.052527 0.000000
-0.284823 -0.082268 -0.053764 0.000000
0.295527 -0.033766 0.428784 1.000000
-0.754286 0.013500 -0.057421 2.000000
0.366619 -0.102823 0.041721 0.000000
0.003510 -0.065216 0.399884 1.000000
0.704253 0.043173 0.059519 0.000000
0.219722 -0.035337 -0.115016 1.000000
0.273685 -0.019599 0.087904 0.000000
0.052631 -0.109417 0.032886 0.000000
-0.885651 0.122816 -0.003536 2.000000
-0.080873 0.003763 -0.114166 0.000000
0.304311 -0.034693 -0.404766 1.000000
0.237237 -0.034822 0.490500 1.000000
0.233811 -0.032761 0.659472 1.000000
0.138559 -0.070831 -0.372543 1.000000
0.238628 -0.032246 0.697130 1.000000
-0.811237 0.026842 0.014031 0.000000
0.307144 -0.066504 -0.613585 1.000000
0.310158 -0.063310 0.661841 1.000000
0.276106 -0.030984 -0.638699 1.000000
0.367855 -0.062692 -0.236722 1.000000
0.637746 0.125572 0.052899 0.000000
0.011083 -0.065165 0.410367 1.000000
0.160144 -0.045280 -0.244990 1.000000
0.509961 -0.093653 -0.063062 0.000000
0.154451 -0.045717 -0.254031 1.000000
-0.044502 0.213664 -0.001939 0.000000
0.178561 -0.061172 0.654784 1.000000
0.040473 -0.066787 0.390379 1.000000
0.150073 -0.072351 -0.328446 1.000000
0.251404 -0.038299 0.310607 1.000000
0.133974 -0.044069 -0.872478 1.000000
0.395519 0.012676 -0.115196 0.000000
0.628473 -0.099242 -0.031947 0.000000
0.176783 -0.053239 0.820639 1.000000
-0.049757 0.171190 0.040201 0.000000
0.474107 0.016565 -0.115299 0.000000
0.298773 -0.124974 -0.023215 0.000000
0.126272 -0.076344 0.063847 1.000000
0.125809 -0.042266 0.678301 1.000000
0.113265 -0.049607 -0.202541 1.000000
0.138688 -0.054424 -0.797136 1.000000
0.467796 -0.093859 -0.067106 0.000000
-0.808919 0.202176 -0.027001 2.000000
0.263871 -0.038995 -0.163544 1.000000
0.255319 -0.030495 -0.822688 1.000000
0.553286 -0.109880 -0.000780 0.000000
0.686944 0.006313 0.072707 0.000000
0.071279 -0.070187 -0.330532 1.000000
-0.637423 0.042220 -0.065973 2.000000
-0.118891 0.125753 -0.086502 0.000000
-0.821695 0.016642 0.050349 2.000000
0.305315 -0.037578 0.147070 1.000000
0.326385 0.127684 -0.094023 0.000000
0.647715 0.151562 -0.005571 0.000000
0.349490 -0.082886 0.104467 1.000000
-0.888021 0.057005 -0.003562 2.000000
0.201331 -0.070548 0.410444 1.000000
0.096213 -0.058571 -0.681277 1.000000
0.101313 -0.072325 0.261822 1.000000
0.221087 -0.059395 0.715315 1.000000
0.211685 -0.038042 0.926684 1.000000
-0.456706 -0.024416 0.058283 0.000000
-0.527205 0.094302 -0.047247 0.000000
0.363116 -0.050457 0.443955 1.000000
0.161329 -0.073098 0.287579 1.000000
0.205684 -0.079100 0.156034 1.000000
0.179024 -0.043631 0.265196 1.000000
-0.877795 0.201094 -0.003510 2.000000
0.127947 0.094637 -0.112337 0.000000
0.002197 -0.087548 -0.076250 0.000000
-0.798796 0.251348 0.003419 2.000000
-0.699577 0.171396 0.005531 2.000000
0.267709 -0.081727 0.082753 1.000000
0.137812 -0.060580 -0.666389 1.000000
0.079032 -0.053342 -0.194350 1.000000
0.184408 -0.059240 -0.722464 1.000000
0.293054 -0.030340 -0.645757 1.000000
0.359870 -0.074231 0.234827 1.000000
0.538115 -0.039304 0.075772 0.000000
-0.839339 0.243569 -0.023344 2.000000
0.275745 0.146668 -0.074293 0.000000
0.327312 -0.076266 -0.292050 1.000000
0.179874 -0.036625 0.734504 1.000000
-0.631421 0.066046 -0.030118 2.000000
0.115892 -0.058828 -0.689520 1.000000
0.128101 0.220851 -0.021927 0.000000
0.456050 -0.110885 -0.043280 0.000000
0.006472 0.200708 0.027940 0.000000
0.293286 -0.038093 -0.217404 1.000000
-0.782002 0.301911 -0.000265 2.000000
0.232523 -0.032607 -0.719888 1.000000
0.212252 0.065428 0.095941 0.000000
0.115299 -0.043528 -0.652145 1.000000
-0.024592 -0.067200 0.162293 1.000000
0.126350 -0.048190 0.210383 1.000000
0.132042 0.142598 0.057871 0.000000
0.011624 -0.066478 0.368150 1.000000
0.528971 -0.006952 0.080126 0.000000
-0.692467 -0.034667 -0.004051 0.000000
0.082355 0.103343 -0.108628 0.000000
0.082484 0.220696 -0.024091 0.000000
0.090752 0.079234 -0.116793 0.000000
0.570776 -0.096847 0.026343 0.000000
0.655983 0.146333 -0.039932 0.000000
0.570261 0.118412 -0.087635 0.000000
0.302920 -0.029104 -0.898725 1.000000
-0.008957 -0.061507 -0.519415 1.000000
-0.842352 0.020454 -0.281592 2.000000
0.161561 -0.043683 -0.940762 1.000000
-0.754956 0.216678 -0.028161 2.000000
0.377489 0.121013 0.075953 0.000000
0.201563 -0.057077 0.756939 1.000000
0.145745 -0.045511 0.294920 1.000000
0.654128 0.121657 -0.087043 0.000000
0.051394 -0.075416 -0.168309 1.000000
-0.187124 0.028259 0.092747 0.000000
-0.187510 0.174074 -0.048818 0.000000
0.245454 0.034647 0.095014 0.000000
-0.516747 -0.022793 0.051457 0.000000
-0.067839 0.158980 -0.068703 0.000000
-0.512188 0.103936 0.020522 0.000000
0.522789 -0.103621 -0.046217 0.000000
-0.612669 0.061023 -0.025301 2.000000
0.085626 0.164132 0.046975 0.000000
0.123027 -0.045177 -0.429339 1.000000
0.194222 -0.071991 0.354550 1.000000
0.318426 0.049071 -0.119060 0.000000
-0.386258 -0.056896 -0.067544 0.000000
-0.757686 0.015071 0.179345 2.000000
0.635325 -0.021222 0.075103 0.000000
-0.819145 0.045774 -0.027800 0.000000
-0.375053 0.141053 -0.040782 0.000000
0.062959 -0.067277 -0.421792 1.000000
-0.097023 0.193316 -0.047968 0.000000
0.311136 -0.058081 0.780070 1.000000
0.205787 -0.035672 0.552422 1.000000
-0.799440 0.144891 0.004913 2.000000
-0.192533 0.183862 -0.036223 0.000000
-0.012408 -0.096151 0.044374 0.000000
0.191131 -0.035595 -0.734982 1.000000
0.315309 -0.056407 0.816363 1.000000
-0.822802 0.016101 0.130096 2.000000
0.313738 -0.070677 0.469121 1.000000
-0.487229 0.125830 -0.022623 0.000000
-0.739939 0.015251 -0.217944 2.000000
-0.534391 0.068235 0.044812 0.000000
0.178149 -0.060116 -0.700235 1.000000
0.299417 -0.070213 -0.500560 1.000000
0.250657 -0.052286 0.870480 1.000000
0.159964 -0.041777 0.887274 1.000000
0.310003 -0.055789 -0.849837 1.000000
0.047041 -0.052518 -0.607223 1.000000
-0.782362 0.036811 -0.327518 2.000000
-0.674282 0.119004 -0.029551 2.000000
0.103760 -0.045151 -0.578143 1.000000
0.641971 0.063135 -0.109427 0.000000
0.285404 -0.069981 -0.501564 1.000000
-0.753204 0.041808 0.179757 2.000000
0.331125 -0.030495 0.549485 1.000000
0.517637 -0.110447 -0.032127 0.000000
0.048329 -0.055274 -0.329373 1.000000
0.304156 -0.026322 -0.101261 1.000000
0.204756 -0.036857 0.486095 1.000000
0.581671 -0.106892 0.000019 0.000000
0.158985 -0.040798 -0.480057 1.000000
0.322444 -0.061275 -0.732329 1.000000
0.151129 -0.046001 0.233565 1.000000
0.189482 -0.123455 0.005531 0.000000
-0.450189 0.099196 0.033710 0.000000
0.281232 -0.072351 -0.418521 1.000000
-0.169814 0.043430 -0.118107 0.000000
0.061440 -0.053831 -0.319456 1.000000
0.252125 -0.070625 -0.464190 1.000000
0.210938 -0.047907 0.898865 1.000000
-0.810696 0.014891 0.089630 2.000000
0.128977 -0.048345 0.134397 1.000000
0.109504 -0.054939 -0.766433 1.000000
-0.593145 -0.029851 0.032808 0.000000
0.362498 -0.043374 -0.374655 1.000000
0.090160 -0.069054 -0.389054 1.000000
0.023215 -0.060168 0.109386 1.000000
0.133665 -0.120750 0.013078 0.000000
0.261115 -0.072480 -0.402577 1.000000
-0.784809 0.217142 0.004964 2.000000
0.493373 0.153777 -0.025482 0.000000
0.321002 -0.049581 0.886888 1.000000
0.062444 0.216652 0.014031 0.000000
0.347146 -0.071630 0.434683 1.000000
0.352091 -0.058365 -0.622034 1.000000
0.054794 -0.054140 0.326706 1.000000
-0.706995 0.051029 0.027966 0.000000
0.365280 -0.067560 0.242117 1.000000
-0.738162 0.243595 0.003110 2.000000
0.157568 -0.045331 0.259915 1.000000
-0.746507 -0.005999 -0.045521 0.000000
0.360463 -0.041055 0.382626 1.000000
0.620411 0.094277 0.081980 0.000000
0.063578 0.117974 -0.100695 0.000000
0.275565 -0.029542 0.843254 1.000000
0.205323 -0.119514 -0.038824 0.000000
-0.278384 -0.021351 0.077807 0.000000
0.678856 0.140177 0.020599 0.000000
-0.692957 0.039876 -0.031689 2.000000
0.072052 -0.070831 0.286189 1.000000
0.038077 -0.067225 -0.395906 1.000000
0.554780 0.133428 0.052359 0.000000
0.122949 -0.068256 0.425693 1.000000
-0.719951 0.040546 -0.292076 2.000000
-0.145035 -0.000667 0.090789 0.000000
-0.271403 0.012057 -0.107804 0.000000
0.315103 0.159444 0.030130 0.000000
0.344905 -0.067715 0.546446 1.000000
-0.355760 -0.080182 -0.039365 0.000000
0.102652 -0.047933 0.372477 1.000000
0.316649 -0.083066 0.059390 0.000000
0.583603 -0.019213 0.079688 0.000000
-0.032216 -0.066453 -0.305547 1.000000
0.079831 -0.048371 -0.534328 1.000000
0.002609 -0.069054 -0.294188 1.000000
0.237340 -0.049710 0.077962 0.000000
-0.603525 0.087605 0.015911 0.000000
0.166995 -0.071733 0.342006 1.000000
0.493373 0.086060 -0.022597 0.000000
0.185670 0.153932 -0.063243 0.000000
-0.713563 0.104296 -0.030685 2.000000
0.120657 -0.046387 -0.875594 1.000000
0.493373 -0.081675 0.024978 0.000000
0.117128 -0.060245 0.637062 1.000000
0.184047 -0.077992 -0.194299 1.000000
0.307530 -0.028743 -0.789795 1.000000
0.216940 -0.037578 -0.437170 1.000000
-0.761911 0.041318 0.174296 2.000000
0.416254 0.009945 0.091974 0.000000
0.019480 -0.055222 -0.108628 1.000000
-0.664391 0.036373 -0.148450 2.000000
0.011959 -0.074721 -0.123130 1.000000
0.150742 -0.040720 0.516232 1.000000
0.537188 -0.108283 -0.032617 0.000000
0.161148 -0.045280 -0.215034 1.000000
-0.710498 0.025580 0.274417 2.000000
0.263484 -0.074618 0.302545 1.000000
0.329991 -0.029439 0.639226 1.000000
-0.848534 0.027203 -0.372208 2.000000
-0.471516 0.126912 0.007566 0.000000
0.165605 -0.053651 0.807760 1.000000
-0.008647 -0.065551 0.121003 1.000000
0.015410 -0.063619 0.465206 1.000000
0.293415 -0.056046 0.817754 1.000000
0.471814 -0.062924 0.068071 0.000000
0.109478 -0.066684 -0.488041 1.000000
-0.389194 0.145715 0.003058 0.000000
-0.676935 0.103163 0.007385 2.000000
-0.697387 0.076941 -0.031277 2.000000
-0.170793 -0.108670 -0.010439 0.000000
-0.433446 0.063805 -0.088331 0.000000
0.247695 -0.039767 0.175558 1.000000
-0.059777 0.018136 0.093030 0.000000
0.339290 -0.052157 -0.421586 1.000000
0.205606 0.004948 -0.114475 0.000000
-0.707149 0.126834 -0.030118 2.000000
0.693151 0.014092 0.063254 0.000000
0.209882 -0.071424 0.384996 1.000000
0.049359 -0.059678 0.599919 1.000000
-0.853763 0.017698 0.120540 2.000000
0.309076 -0.037836 -0.260806 1.000000
-0.001719 -0.060039 0.539878 1.000000
0.197184 0.092345 0.090197 0.000000
-0.789368 0.026173 0.362303 2.000000
0.089155 -0.051977 -0.809319 1.000000
0.539583 0.129050 -0.090005 0.000000
0.177633 -0.042858 0.302519 1.000000
0.282494 -0.029207 0.808635 1.000000
0.002712 -0.121909 -0.003794 0.000000
-0.893791 0.151150 -0.017626 2.000000
0.115609 0.104786 0.085123 0.000000
0.125628 -0.066710 0.477672 1.000000
0.637463 0.090619 0.082006 0.000000
-0.826022 0.023906 0.019955 2.000000
-0.408719 -0.079872 -0.007657 0.000000
0.184021 -0.072480 -0.089104 0.000000
-0.840987 0.018574 0.185037 2.000000
-0.705707 0.011774 0.050633 2.000000
-0.893920 0.190456 -0.006009 2.000000
0.130419 -0.048268 0.121441 1.000000
0.267477 -0.030057 0.778318 1.000000
-0.457246 -0.067225 -0.037820 0.000000
-0.781203 0.039129 0.203274 2.000000
-0.733448 0.019270 -0.323011 2.000000
0.358299 -0.080336 -0.122975 1.000000
0.270310 -0.065216 -0.630457 1.000000
0.172302 0.210367 0.011507 0.000000
0.335632 -0.029181 -0.709997 1.000000
-0.308443 0.059117 0.082676 0.000000
0.329579 -0.030726 -0.562301 1.000000
-0.306692 0.159212 0.013541 0.000000
0.553827 -0.005690 0.085509 0.000000
0.084029 0.190920 0.033401 0.000000
-0.803741 0.036167 0.071857 2.000000
0.527606 0.127427 0.060627 0.000000
0.038747 -0.067921 -0.373908 1.000000
-0.761936 0.285297 0.000456 2.000000
0.134438 -0.042214 0.520353 1.000000
-0.759412 0.059169 0.007437 2.000000
0.273633 -0.066865 -0.589862 1.000000
-0.674849 0.011620 0.106682 2.000000
0.206663 -0.073201 -0.341531 1.000000
0.352555 -0.034410 0.453074 1.000000
-0.321837 -0.080310 0.025596 0.000000
0.282339 -0.029799 -0.760560 1.000000
0.354384 -0.047958 0.612592 1.000000
-0.010399 -0.074025 -0.130162 1.000000
0.077255 -0.053754 0.144907 1.000000
-0.342933 0.073696 0.072424 0.000000
0.045830 -0.019032 0.087879 0.000000
0.019712 -0.000384 -0.113651 0.000000
0.278244 -0.036007 -0.382743 1.000000
0.136550 -0.041390 0.753256 1.000000
0.547465 0.053579 -0.115531 0.000000
0.221448 -0.041210 0.255150 1.000000
0.262428 0.029830 -0.117309 0.000000
0.079238 -0.061765 -0.598878 1.000000
0.577782 0.078126 0.082418 0.000000
-0.718560 0.024061 -0.314150 2.000000
-0.760648 0.037429 -0.336456 2.000000
-0.075927 -0.114208 -0.027542 0.000000
0.287465 -0.035311 0.375336 1.000000
0.246149 -0.039870 -0.200738 1.000000
-0.716963 0.015380 -0.228866 2.000000
-0.004372 0.077611 0.094267 0.000000
0.078929 -0.071141 -0.304929 1.000000
0.221654 -0.034126 -0.602046 1.000000
0.230617 -0.026631 0.071419 1.000000
0.036712 -0.055712 0.672247 1.000000
0.021154 -0.060322 0.558398 1.000000
0.211531 -0.065783 0.565249 1.000000
-0.218986 0.028439 -0.113831 0.000000
0.516942 -0.104858 0.022273 0.000000
-0.759901 0.039953 0.257365 2.000000
-0.839081 0.030886 0.288584 2.000000
0.162204 -0.072428 0.313209 1.000000
-0.672711 -0.031370 0.013284 0.000000
0.104584 -0.061095 -0.633290 1.000000
0.211479 -0.068590 -0.091319 0.000000
0.673266 0.141207 0.037213 0.000000
0.134309 0.168562 -0.067570 0.000000
-0.845649 0.008503 -0.019763 2.000000
-0.188489 -0.087960 -0.061646 0.000000
0.291818 0.006030 0.091768 0.000000
-0.866874 0.134047 -0.001218 2.000000
0.043744 -0.055454 -0.122331 1.000000
0.261965 -0.042498 -0.959359 1.000000
0.162050 0.035574 -0.117952 0.000000
-0.551546 0.002862 -0.078491 0.000000
0.267528 -0.068230 0.523418 1.000000
-0.796297 0.031891 -0.377746 2.000000
0.220108 -0.091051 -0.076250 0.000000
0.542442 -0.098418 0.028713 0.000000
-0.877100 0.021691 0.220789 2.000000
-0.743082 0.047629 0.023278 0.000000
-0.846216 0.029006 -0.334499 2.000000
0.138894 -0.063800 0.570633 1.000000
0.240148 -0.056355 -0.097681 0.000000
0.666466 0.020918 -0.103399 0.000000
0.247927 0.082711 -0.115892 0.000000
0.205993 -0.070703 -0.431400 1.000000
0.300911 -0.053522 -0.890225 1.000000
-0.036878 0.107052 -0.105949 0.000000
0.140516 -0.079048 0.106527 1.000000
-0.024669 0.122301 0.073892 0.000000
-0.726597 0.017106 -0.056778 0.000000
0.481628 -0.089609 -0.070532 0.000000
-0.014366 -0.069981 -0.250580 1.000000
0.228583 -0.047907 0.902136 1.000000
0.545585 -0.047005 0.071497 0.000000
-0.740300 0.040546 0.265891 2.000000
0.663298 0.149064 -0.025739 0.000000
0.137941 -0.040901 0.656922 1.000000
0.083875 0.038871 0.095477 0.000000
-0.042158 0.006932 -0.114527 0.000000
-0.069101 -0.075159 -0.083154 0.000000
0.583268 -0.045924 0.061400 0.000000
0.229458 -0.067303 0.531584 1.000000
-0.006767 -0.063207 -0.264901 1.000000
0.155301 0.159702 0.029383 0.000000
-0.861825 0.021433 -0.273272 2.000000
0.174749 -0.079744 -0.147497 1.000000
0.139074 -0.073278 0.261281 1.000000
0.280639 -0.058159 -0.096831 0.000000
0.281901 -0.029258 0.863937 1.000000
0.256246 -0.030958 0.739244 1.000000
0.011289 -0.062846 -0.504372 1.000000
0.321800 -0.067972 0.552911 1.000000
0.050673 -0.048474 0.079868 1.000000
-0.868600 0.207740 -0.020562 2.000000
-0.480532 -0.015143 -0.082355 0.000000
-0.813941 0.028671 0.026420 2.000000
0.019248 0.083278 0.093236 0.000000
0.198703 -0.037526 -0.492189 1.000000
0.340655 -0.036239 -0.318684 1.000000
0.322496 -0.057798 0.789678 1.000000
0.291921 -0.028898 0.859250 1.000000
0.340629 -0.072712 -0.430138 1.000000
-0.231814 0.119519 0.052410 0.000000
0.162514 -0.040257 0.471285 1.000000
0.090057 -0.077606 0.121235 1.000000
0.662397 0.049587 -0.107469 0.000000
0.047530 0.171293 -0.066205 0.000000
-0.237738 -0.047237 0.069694 0.000000
-0.567052 -0.041313 -0.050467 0.000000
0.065922 -0.071836 0.247268 1.000000
0.160221 -0.040875 0.448566 1.000000
0.187911 -0.040643 -0.124289 1.000000
0.335246 -0.073484 0.377114 1.000000
0.234533 0.010409 -0.115093 0.000000
0.012912 0.157409 -0.073237 0.000000
0.108139 -0.044378 -0.627675 1.000000
0.474828 -0.106094 -0.049771 0.000000
0.014045 0.220413 -0.012860 0.000000
-0.837124 0.205190 -0.024554 2.000000
0.212097 -0.034539 -0.626155 1.000000
0.650960 -0.058442 -0.078208 0.000000
-0.801681 0.023133 0.003496 2.000000
0.116896 0.021382 -0.116330 0.000000
0.650445 -0.064083 -0.066076 0.000000
-0.177001 0.156121 0.037857 0.000000
0.157517 -0.045589 0.194568 1.000000
0.411335 0.052781 -0.119086 0.000000
0.212329 -0.041674 -0.149815 1.000000
0.296918 -0.070522 0.467369 1.000000
-0.802711 0.034183 -0.346657 2.000000
-0.826589 0.222216 -0.025095 2.000000
-0.359057 -0.086003 -0.017677 0.000000
0.165785 -0.062743 0.613674 1.000000
0.239169 -0.081186 -0.097758 1.000000
0.029551 0.137550 0.062636 0.000000
-0.638273 -0.040952 -0.028289 0.000000
-0.705243 -0.025549 0.013052 0.000000
-0.407920 0.029212 -0.098583 0.000000
0.652815 0.131445 -0.067725 0.000000
-0.674102 -0.015220 -0.052914 0.000000
0.340372 -0.051693 -0.462825 1.000000
-0.857859 0.268915 -0.003021 2.000000
-0.847968 0.029805 0.263522 2.000000
0.097578 -0.064418 -0.542133 1.000000
0.120399 -0.043399 0.745529 1.000000
0.340114 0.007730 0.091948 0.000000
0.146389 -0.040102 0.606256 1.000000
-0.454130 0.017492 -0.091885 0.000000
-0.072295 -0.069389 -0.103863 1.000000
-0.810026 0.089563 0.004423 2.000000
0.355285 -0.038016 -0.226342 1.000000
-0.917823 0.141903 -0.013839 2.000000
0.188143 -0.071115 0.380849 1.000000
0.160839 -0.065165 0.548970 1.000000
-0.160851 0.153751 -0.064273 0.000000
-0.848096 0.030294 0.137334 2.000000
0.217893 -0.069827 0.447665 1.000000
-0.717813 0.044152 0.157657 2.000000
-0.688320 0.046109 0.040587 2.000000
0.239530 -0.123764 0.004629 0.000000
-0.014288 -0.063130 -0.469187 1.000000
0.356985 -0.057102 -0.560215 1.000000
0.305212 0.159495 -0.052785 0.000000
0.322676 -0.036007 0.314136 1.000000
0.485775 -0.100839 0.033967 0.000000
0.125422 -0.048474 0.173781 1.000000
0.331202 -0.077477 0.236811 1.000000
0.305599 -0.054115 -0.879896 1.000000
0.316597 0.166605 -0.029268 0.000000
0.095878 -0.046387 -0.747732 1.000000
0.289526 -0.069647 0.490783 1.000000
0.087687 -0.048216 0.442616 1.000000
-0.508427 0.050514 0.060678 0.000000
-0.592424 0.002347 -0.030556 2.000000
-0.487744 0.025529 -0.089284 0.000000
0.293183 -0.082165 -0.095311 1.000000
-0.806111 -0.010970 -0.024735 0.000000
0.500792 0.004304 0.090454 0.000000
-0.754595 0.012882 0.115311 2.000000
0.328909 -0.037475 0.249046 1.000000
0.074113 -0.049787 0.442771 1.000000
0.141830 -0.040566 -0.640760 1.000000
-0.765877 0.038743 -0.311368 2.000000
0.030479 -0.065113 0.435352 1.000000
0.254959 -0.074695 0.294070 1.000000
0.225054 -0.066607 0.549022 1.000000
-0.000972 -0.059807 -0.485131 1.000000
0.263253 -0.081006 -0.159320 1.000000
0.041477 -0.056690 -0.291329 1.000000
-0.860666 0.027383 -0.293750 2.000000
-0.073789 -0.085951 -0.074138 0.000000
0.251224 -0.030881 0.083989 1.000000
0.197879 0.159933 0.028764 0.000000
-0.686492 0.046135 0.117526 2.000000
0.087790 -0.071037 0.294431 1.000000
0.160350 0.166682 -0.065690 0.000000
0.616599 -0.033173 0.064800 0.000000
0.249395 -0.072403 -0.398662 1.000000
0.112801 -0.044198 0.728271 1.000000
0.459167 0.116583 -0.102472 0.000000
-0.663026 0.033076 0.008235 2.000000
0.146080 0.220851 -0.012345 0.000000
-0.692545 0.022798 0.223004 2.000000
0.367958 -0.055377 -0.245763 1.000000
0.008507 -0.072506 -0.204834 1.000000
0.059920 -0.054269 0.279388 1.000000
0.416795 0.163256 0.020110 0.000000
0.321852 -0.037501 0.228800 1.000000
0.101519 -0.051204 0.120102 1.000000
0.418907 0.137292 -0.085626 0.000000
-0.248762 0.037043 0.090120 0.000000
-0.679949 0.043430 0.150316 2.000000
-0.846551 0.087554 -0.024142 2.000000
0.082381 -0.051101 -0.100180 0.000000
-0.719642 0.044641 0.140399 2.000000
0.456102 0.166115 -0.031895 0.000000
0.107752 -0.078224 0.116985 1.000000
-0.869707 0.069137 -0.001295 2.000000
0.009950 0.126731 0.072244 0.000000
0.302379 -0.060915 0.712430 1.000000
0.229690 -0.070497 -0.454840 1.000000
0.496155 -0.052595 -0.088279 0.000000
0.361699 -0.069956 0.292808 1.000000
-0.026833 -0.110705 -0.045032 0.000000
0.207178 0.062517 -0.119137 0.000000
-0.876533 0.018883 -0.127715 2.000000
-0.457942 -0.033354 0.053106 0.000000
0.311677 -0.055274 0.075360 0.000000
-0.859816 0.019965 -0.063809 2.000000
-0.530347 -0.004840 0.057072 0.000000
0.365048 -0.063774 0.309190 1.000000
0.304671 0.150326 0.046846 0.000000
0.338028 -0.062151 0.682834 1.000000
-0.087982 0.022850 0.093648 0.000000
0.076560 -0.019496 0.087930 0.000000
0.212587 0.107310 -0.106774 0.000000
-0.906052 0.072073 -0.016853 2.000000
0.263381 -0.030108 -0.855503 1.000000
-0.217698 -0.063465 -0.083231 0.000000
0.215188 -0.041545 -0.205014 1.000000
0.345137 -0.061224 -0.670330 1.000000
-0.430098 0.073799 0.059339 0.000000
-0.828366 0.013757 0.000019 2.000000
-0.410187 0.002888 -0.094590 0.000000
-0.837020 0.193831 0.001796 2.000000
0.323912 -0.053805 -0.876934 1.000000
0.493373 0.110530 0.010167 0.000000
0.303461 -0.036187 -0.345781 1.000000
0.292694 -0.034307 -0.433126 1.000000
0.164445 -0.038711 0.082263 0.000000
-0.857009 0.103060 -0.022983 2.000000
0.513851 0.008683 -0.112904 0.000000
-0.251853 0.101051 -0.089078 0.000000
-0.013748 -0.071424 -0.213050 1.000000
-0.686595 0.011697 -0.134850 2.000000
0.526962 0.072588 0.086488 0.000000
0.412288 0.023545 0.093545 0.000000
0.112595 -0.077760 0.069256 1.000000
0.269434 -0.039046 0.242786 1.000000
-0.381390 0.085828 -0.080372 0.000000
0.214931 -0.078585 -0.195432 1.000000
0.270671 -0.031061 -0.911166 1.000000
0.473926 -0.089686 0.048160 0.000000
0.041117 -0.056459 0.287270 1.000000
-0.751273 0.039747 0.007437 2.000000
0.016879 -0.059137 0.318334 1.000000
0.174285 -0.068642 -0.479413 1.000000
0.596585 -0.104497 0.003135 0.000000
0.251584 -0.057077 0.782079 1.000000
-0.282788 0.101489 0.059700 0.000000
-0.819196 0.017570 -0.212200 2.000000
0.188787 -0.041493 -0.347301 1.000000
-0.077653 0.145226 -0.075478 0.000000
0.346038 -0.061095 0.639973 1.000000
0.244758 -0.036136 -0.121971 1.000000
0.053300 -0.058030 -0.660284 1.000000
0.611911 0.065994 0.088574 0.000000
0.168361 -0.057798 0.722192 1.000000
-0.513991 0.008812 -0.083952 0.000000
-0.127546 0.110659 0.076133 0.000000
0.521733 0.131162 -0.089542 0.000000
