0.218070 -0.070479 0.027153 0.000000
0.071022 -0.033018 0.270782 1.000000
-0.077778 -0.035238 0.431366 1.000000
-0.541844 0.059524 -0.009664 2.000000
0.247408 -0.075073 -0.004671 0.000000
0.252535 0.044345 0.041645 0.000000
0.701399 -0.012180 0.058134 0.000000
-0.643863 0.180984 -0.044706 2.000000
-0.413395 -0.018393 -0.045439 0.000000
-0.321851 -0.037279 0.044996 0.000000
-0.017082 -0.041052 -0.317807 1.000000
0.075394 -0.032841 0.243840 1.000000
-0.501987 0.054154 -0.011063 2.000000
-0.425600 -0.017750 -0.052185 0.000000
0.342192 0.033848 0.049856 0.000000
0.404375 -0.063422 -0.040445 0.000000
-0.406892 -0.049418 -0.013371 0.000000
-0.060268 -0.028580 -0.511636 1.000000
0.082429 -0.079711 -0.051741 0.000000
0.190107 -0.051416 -0.077107 1.000000
0.010859 -0.046689 0.345748 1.000000
0.021977 -0.036924 -0.205801 1.000000
0.047476 -0.048997 0.047326 1.000000
-0.226246 0.007328 0.147170 3.000000
0.037001 -0.061513 0.050832 1.000000
-0.031196 -0.051571 -0.095261 1.000000
0.052070 -0.031864 0.265389 1.000000
0.042194 -0.034083 0.208665 1.000000
0.056287 -0.058606 -0.094795 1.000000
-0.237963 0.031739 0.081924 3.000000
-0.082949 0.059480 -0.025110 0.000000
-0.408690 0.019378 0.133433 3.000000
0.002892 -0.051837 -0.224776 1.000000
0.010348 -0.048065 -0.336670 1.000000
0.057907 -0.043537 0.316165 1.000000
0.638905 -0.051460 -0.052407 0.000000
0.607569 -0.010338 0.058333 0.000000
-0.240626 0.001646 -0.160396 3.000000
-0.284412 -0.005011 0.059887 0.000000
-0.253121 -0.072587 -0.008466 0.000000
-0.386408 -0.054700 -0.001875 0.000000
0.042860 -0.082729 0.004095 0.000000
-0.617454 0.161343 -0.010907 2.000000
-0.727973 0.182604 -0.184763 2.000000
-0.041671 -0.044048 -0.253648 1.000000
0.094768 -0.081021 -0.013637 0.000000
0.801110 0.049360 0.035053 0.000000
0.242770 0.034047 -0.059087 0.000000
-0.416058 0.016693 0.133566 3.000000
-0.064751 -0.033285 0.439422 1.000000
-0.186876 -0.025317 0.054450 0.000000
0.066451 -0.082152 -0.007712 0.000000
-0.007739 -0.043515 0.054205 0.000000
0.095856 0.063075 -0.004560 0.000000
-0.586784 0.160833 0.002253 2.000000
-0.637605 0.180562 0.092621 2.000000
-0.648612 0.178165 -0.001720 2.000000
0.723525 -0.057763 0.037938 0.000000
-0.314283 0.028987 -0.087050 3.000000
-0.282503 0.039041 0.088892 3.000000
0.390194 -0.074496 -0.010619 0.000000
0.050672 -0.034616 -0.184963 1.000000
-0.150880 0.020177 0.056225 0.000000
-0.593642 0.107305 -0.009687 2.000000
-0.622359 0.192590 -0.039646 2.000000
-0.034924 -0.045202 0.353449 1.000000
0.116251 -0.053369 0.165212 1.000000
0.673503 -0.044470 0.047548 0.000000
0.641968 -0.024053 -0.064169 0.000000
0.342658 0.061877 0.004872 0.000000
0.691745 -0.035371 -0.060973 0.000000
0.586575 -0.028868 0.053562 0.000000
0.475746 -0.061092 0.034254 0.000000
-0.669251 0.184423 -0.149899 2.000000
-0.326888 0.013253 -0.158465 3.000000
-0.268234 0.009946 -0.075687 3.000000
0.037512 -0.044314 0.338935 1.000000
0.595586 -0.025207 0.054472 0.000000
-0.313595 0.042125 0.106757 3.000000
-0.000926 -0.043471 -0.121625 1.000000
0.387509 -0.055987 -0.048745 0.000000
0.025506 -0.052215 -0.127884 1.000000
-0.305029 0.025681 0.052275 0.000000
0.290728 -0.074984 -0.003628 0.000000
0.059238 -0.092250 -0.120804 3.000000
0.429053 0.032516 -0.060285 0.000000
0.561387 -0.091961 -0.004516 0.000000
-0.199548 -0.016662 0.057113 0.000000
0.433847 -0.063955 0.030326 0.000000
0.545142 -0.019503 0.056225 0.000000
0.029101 -0.031487 -0.364744 1.000000
-0.291735 0.022418 -0.080680 3.000000
-0.308180 0.005841 0.018609 0.000000
-0.084236 -0.073298 0.031436 0.000000
0.236401 -0.064421 0.034254 0.000000
-0.251301 0.018135 -0.117808 3.000000
-0.331038 -0.002792 -0.075443 3.000000
0.175882 0.020687 0.056003 0.000000
0.561498 -0.052503 -0.051542 0.000000
0.303511 0.061033 -0.021027 0.000000
0.372884 -0.002504 -0.068563 0.000000
-0.570451 0.058082 -0.001675 2.000000
-0.320830 -0.043271 -0.138492 3.000000
-0.600033 0.192968 0.024401 2.000000
-0.289960 -0.006099 0.029927 0.000000
-0.277710 0.015605 0.068054 3.000000
-0.312241 0.014585 -0.158531 3.000000
-0.731568 0.183203 -0.123667 2.000000
0.729073 0.043168 0.042554 0.000000
0.076548 -0.036170 -0.293639 1.000000
0.158638 -0.039898 0.125266 1.000000
0.697604 0.054731 0.027574 0.000000
0.165229 0.056351 -0.032989 0.000000
0.001094 -0.034949 -0.278371 1.000000
-0.592599 0.085401 -0.001098 2.000000
0.849223 -0.074407 0.002120 0.000000
0.723081 -0.063089 -0.040934 0.000000
-0.202788 -0.064088 -0.039558 0.000000
-0.076225 -0.038367 0.391708 1.000000
-0.244998 0.027811 0.105248 3.000000
-0.328286 0.017514 0.070561 3.000000
0.028746 -0.039143 -0.157644 1.000000
-0.336720 -0.044891 0.093530 3.000000
0.503642 -0.069347 0.021560 0.000000
0.120800 -0.057718 -0.133876 1.000000
-0.639536 0.180584 -0.105891 2.000000
0.809587 0.061965 -0.013659 0.000000
-0.003367 -0.048841 -0.302272 1.000000
-0.126735 -0.029268 0.605178 1.000000
0.037223 -0.059671 -0.078905 1.000000
-0.438827 -0.026782 0.108422 3.000000
-0.305894 -0.008718 0.061041 0.000000
-0.364749 0.006706 0.023780 0.000000
0.078701 -0.033174 -0.185961 1.000000
-0.299325 0.008393 -0.080924 0.000000
0.145500 -0.051815 -0.145394 1.000000
0.126947 0.059813 0.014925 0.000000
0.688594 0.040550 -0.054005 0.000000
-0.673845 0.188440 -0.092176 2.000000
0.040952 -0.053125 0.019408 0.000000
0.062501 -0.038100 -0.331300 1.000000
0.435156 0.019800 -0.065767 0.000000
0.172375 -0.052614 -0.100565 1.000000
0.935507 0.000337 0.038515 0.000000
-0.475977 0.023328 -0.046770 0.000000
-0.598591 0.181427 -0.025821 2.000000
0.236179 0.034425 0.049390 0.000000
-0.496350 -0.027603 -0.002918 0.000000
-0.644085 0.186443 0.001454 2.000000
-0.520651 0.104708 -0.011706 2.000000
-0.439293 -0.005633 0.018609 0.000000
-0.318477 -0.010382 0.055071 3.000000
0.076482 -0.035348 -0.307665 1.000000
0.639771 -0.018038 0.056669 0.000000
-0.312974 -0.036192 -0.089668 3.000000
0.007663 -0.050062 0.290999 1.000000
-0.611351 0.197517 -0.011151 2.000000
0.306729 -0.042273 0.048502 0.000000
-0.437229 0.019667 0.107467 3.000000
-0.112309 -0.067927 -0.041444 0.000000
-0.097685 0.021176 0.055803 0.000000
0.320776 0.052556 -0.039979 0.000000
-0.519186 0.049915 0.000389 2.000000
-0.053899 0.045943 0.039803 0.000000
-0.371983 0.016648 0.074711 3.000000
-0.305606 -0.013112 0.150720 3.000000
-0.060468 -0.035615 0.385450 1.000000
0.128013 -0.034860 0.161950 1.000000
-0.682633 0.186754 -0.130036 2.000000
0.017117 -0.041696 0.121804 1.000000
-0.165616 0.049515 0.034831 0.000000
-0.668230 0.187996 0.010486 2.000000
0.144568 -0.033573 0.087006 1.000000
0.122797 0.054620 -0.037094 0.000000
-0.085967 0.031673 -0.060751 0.000000
0.114808 -0.063799 0.053451 0.000000
0.083916 -0.065109 0.047636 1.000000
0.015541 -0.044936 0.093619 1.000000
0.936195 -0.063355 0.023047 0.000000
-0.352831 -0.008584 0.086118 0.000000
-0.351256 -0.061647 -0.003451 0.000000
-0.296418 0.042458 -0.125598 3.000000
-0.553229 0.134202 0.002364 2.000000
0.022843 -0.050262 -0.068142 1.000000
0.021933 -0.040431 -0.148745 1.000000
0.003091 -0.046556 0.253139 1.000000
-0.011489 -0.038744 -0.455400 1.000000
-0.251478 0.001491 -0.133454 3.000000
0.932156 -0.042605 0.002031 0.000000
-0.192801 -0.073986 0.006381 0.000000
-0.417189 0.014474 -0.107578 3.000000
0.062279 -0.059694 -0.136073 1.000000
-0.250968 -0.045268 0.105248 3.000000
-0.007561 -0.053790 0.115190 1.000000
-0.345619 0.008016 -0.061417 0.000000
0.527921 -0.057230 -0.047747 0.000000
0.046233 -0.011203 -0.067631 0.000000
0.400802 0.046542 0.038959 0.000000
-0.242291 -0.035504 -0.093286 3.000000
0.166628 -0.045468 0.129704 1.000000
0.850000 0.057949 0.013127 0.000000
0.238775 -0.058562 -0.051187 0.000000
-0.013509 -0.029823 -0.445214 1.000000
0.024907 -0.041163 -0.072536 1.000000
0.070357 -0.082041 -0.037938 0.000000
0.105066 -0.057275 -0.153671 1.000000
0.041307 -0.031997 0.267852 1.000000
-0.031706 -0.066507 0.052608 0.000000
0.367491 -0.051238 -0.052585 0.000000
-0.282481 0.006218 -0.037827 0.000000
0.097742 -0.038877 -0.259174 1.000000
-0.587738 0.014518 0.007779 0.000000
-0.251301 0.017780 -0.104515 3.000000
-0.219876 -0.013955 0.076331 3.000000
-0.028644 -0.052259 -0.086850 1.000000
0.083206 -0.040297 -0.063703 0.000000
-0.305606 -0.008651 -0.083521 0.000000
0.358925 0.008348 -0.068031 0.000000
0.112345 -0.034439 -0.193729 1.000000
-0.341868 0.054997 -0.007867 2.000000
0.975232 -0.007785 -0.031879 0.000000
0.817843 -0.066085 0.027419 0.000000
0.421508 -0.023631 0.054916 0.000000
0.268557 0.039951 -0.054471 0.000000
-0.693707 0.187264 0.076021 2.000000
-0.526310 0.131184 0.001276 2.000000
0.337532 -0.028003 -0.063148 0.000000
0.085470 -0.050328 -0.239046 1.000000
-0.412751 0.035090 -0.051453 0.000000
0.286422 0.001780 0.059532 0.000000
0.444943 -0.066307 0.027131 0.000000
-0.197307 0.013120 -0.067387 0.000000
-0.567299 -0.010027 -0.012217 0.000000
-0.308690 -0.004035 -0.161505 3.000000
-0.265304 0.021975 -0.063992 0.000000
-0.524690 0.152289 -0.000876 2.000000
-0.449058 0.057150 0.004872 0.000000
0.192615 -0.037878 -0.078328 1.000000
0.252335 -0.006343 -0.068142 0.000000
0.892188 0.043457 -0.031102 0.000000
0.597561 0.020310 -0.065545 0.000000
-0.389737 0.004709 -0.080325 0.000000
-0.184302 -0.074407 -0.011529 0.000000
-0.494108 -0.018926 -0.030059 0.000000
0.489705 -0.022255 -0.064746 0.000000
0.545697 0.054487 0.027907 0.000000
-0.309334 0.039085 0.092576 3.000000
-0.312130 -0.009672 -0.052784 0.000000
-0.062554 0.027678 -0.062438 0.000000
-0.318433 -0.032086 -0.150254 3.000000
-0.577241 0.187375 -0.010707 2.000000
-0.696814 0.185755 -0.138203 2.000000
0.066806 -0.058917 0.138648 1.000000
-0.037765 -0.033018 0.515564 1.000000
-0.288296 0.057727 -0.029216 0.000000
-0.368433 0.037842 -0.012194 2.000000
-0.019789 -0.030910 -0.391086 1.000000
-0.520318 0.023173 -0.037183 0.000000
0.875166 -0.072743 -0.020827 0.000000
-0.238385 0.048228 0.036429 0.000000
0.205775 -0.064132 -0.050410 0.000000
0.729961 0.049405 0.034987 0.000000
0.590748 0.057083 -0.031147 0.000000
-0.339227 0.015117 -0.063526 0.000000
0.171310 -0.039454 0.119740 1.000000
0.019159 -0.038233 -0.221114 1.000000
0.092704 -0.033662 -0.229525 1.000000
0.243325 -0.073630 0.010042 0.000000
0.307017 -0.065486 -0.037627 0.000000
0.958055 0.009946 0.003296 0.000000
-0.422116 -0.021589 -0.107023 3.000000
0.421841 -0.040985 -0.058466 0.000000
-0.022097 -0.079045 0.001232 0.000000
-0.012221 -0.029934 0.436826 1.000000
0.172886 -0.041474 -0.109286 1.000000
-0.417456 0.024260 -0.133853 3.000000
0.851575 0.029542 -0.058177 0.000000
-0.018369 -0.029845 0.410949 1.000000
-0.737826 0.181583 0.127019 2.000000
0.509789 -0.045069 -0.056668 0.000000
0.081320 -0.062268 0.086917 1.000000
0.017871 -0.058695 0.080814 1.000000
-0.112265 0.058459 -0.027663 0.000000
-0.401388 0.023173 0.086318 3.000000
0.671817 0.036244 0.047992 0.000000
0.093526 -0.057985 -0.153738 1.000000
-0.323848 -0.012313 0.067121 3.000000
0.027636 -0.108073 -0.091000 3.000000
0.325481 -0.050683 0.043620 0.000000
0.631404 0.051180 -0.041910 0.000000
-0.679038 0.159834 -0.004649 2.000000
-0.268966 -0.019104 0.089625 3.000000
0.029056 -0.042583 -0.059353 1.000000
-0.397727 0.001380 0.110641 3.000000
0.131741 -0.032352 -0.069384 1.000000
-0.618164 0.197450 -0.000144 2.000000
0.062878 -0.053702 -0.228327 1.000000
-0.382636 0.026258 -0.094817 3.000000
-0.057649 -0.042317 -0.311793 1.000000
-0.479750 0.053998 -0.000921 0.000000
-0.434966 -0.025650 -0.123822 3.000000
-0.010002 -0.044026 0.185895 1.000000
-0.081440 0.049449 0.034942 0.000000
0.106797 -0.062934 0.075865 1.000000
-0.682345 0.186354 -0.139135 2.000000
-0.367678 -0.000928 -0.078594 3.000000
-0.733432 0.180739 -0.229148 2.000000
-0.315903 0.011034 0.067343 3.000000
-0.423692 0.000270 0.052763 0.000000
0.043570 -0.085326 -0.077862 3.000000
-0.618697 0.189261 0.002053 2.000000
-0.617809 0.180984 -0.067653 2.000000
0.588329 -0.066152 0.027330 0.000000
-0.018147 -0.030289 -0.479146 1.000000
0.935796 0.016493 -0.023424 0.000000
0.146699 -0.075273 -0.039203 0.000000
0.452178 -0.073653 0.009843 0.000000
-0.266902 0.062476 0.000256 0.000000
-0.608045 0.033271 -0.008244 0.000000
-0.055075 -0.042872 -0.367562 1.000000
0.014876 -0.049685 -0.307199 1.000000
-0.666832 0.209812 0.000500 2.000000
0.828096 -0.011292 0.058045 0.000000
0.136135 -0.036835 0.159775 1.000000
0.685287 -0.068016 0.024778 0.000000
-0.345330 0.008016 -0.072669 0.000000
0.131541 -0.077470 -0.032279 0.000000
-0.703184 0.179364 -0.128350 2.000000
0.141728 -0.005344 0.058866 0.000000
-0.056762 0.051202 -0.041866 0.000000
0.658812 -0.053080 0.041711 0.000000
0.043837 -0.059982 -0.103450 1.000000
0.699690 -0.039232 -0.059242 0.000000
-0.234590 0.025392 -0.086295 3.000000
-0.684564 0.186066 -0.011861 2.000000
0.046544 -0.083129 0.104316 3.000000
0.044502 0.047563 -0.046926 0.000000
-0.425933 -0.001993 -0.054338 0.000000
-0.314394 0.015383 0.148723 3.000000
-0.011844 -0.037723 -0.262547 1.000000
0.255109 0.059436 -0.025244 0.000000
0.892321 -0.069680 -0.028195 0.000000
0.247874 0.000381 0.059487 0.000000
-0.662949 0.160234 -0.006935 2.000000
0.218314 -0.055344 -0.056801 0.000000
0.093947 -0.061757 0.094862 1.000000
-0.019323 0.061943 -0.013881 0.000000
0.563473 0.061566 -0.016810 0.000000
-0.372694 0.023040 0.138115 3.000000
0.878073 0.023883 0.045262 0.000000
-0.223560 0.035867 -0.130835 3.000000
-0.319809 0.047429 -0.046304 0.000000
0.104045 -0.059028 -0.133632 1.000000
-0.279530 -0.021700 0.123002 3.000000
0.020712 -0.048087 0.320937 1.000000
0.744963 0.058725 0.017632 0.000000
0.865246 0.008060 0.054782 0.000000
-0.332081 -0.035992 0.137538 3.000000
0.437398 -0.021301 -0.065035 0.000000
0.858899 0.058637 -0.004671 0.000000
-0.515435 0.039529 -0.000144 2.000000
-0.262841 -0.071500 0.004983 0.000000
0.013611 -0.031487 0.406289 1.000000
0.000051 -0.050950 -0.249676 1.000000
0.245610 -0.067306 -0.036628 0.000000
0.356950 0.062565 -0.008932 0.000000
0.944007 -0.104056 0.005182 0.000000
0.049340 -0.066618 0.053473 0.000000
-0.562195 0.132182 -0.011795 2.000000
0.356462 0.060922 0.012106 0.000000
-0.310666 -0.065353 0.013504 0.000000
0.144945 -0.039432 -0.060663 1.000000
-0.223938 -0.031798 0.129260 3.000000
0.738505 0.054109 -0.037827 0.000000
0.008928 -0.038788 -0.232077 1.000000
-0.532435 0.052911 -0.009642 2.000000
-0.253098 0.043057 -0.113103 3.000000
-0.270031 0.042125 -0.052074 0.000000
0.315139 0.010035 -0.067809 0.000000
-0.362596 0.017403 0.074001 3.000000
0.578431 0.056706 -0.032123 0.000000
0.050739 -0.031864 -0.271136 1.000000
0.175371 -0.052126 0.090202 1.000000
0.581959 -0.070080 -0.029061 0.000000
0.933377 -0.042605 -0.009487 0.000000
-0.383235 -0.009894 -0.081102 3.000000
0.852152 0.032383 0.046749 0.000000
-0.285166 -0.040053 0.133699 3.000000
-0.314105 0.009636 -0.076220 3.000000
-0.009603 -0.038211 0.260240 1.000000
0.648781 0.003799 0.059243 0.000000
0.557304 -0.071655 -0.024933 0.000000
0.961717 -0.056986 0.013460 0.000000
-0.306693 0.037687 0.045617 0.000000
0.074484 -0.059938 0.122780 1.000000
0.043371 -0.048864 0.293973 1.000000
0.774834 0.046342 -0.048634 0.000000
0.590015 -0.067794 -0.034476 0.000000
0.037578 -0.035881 0.377816 1.000000
0.383648 0.062454 0.000367 0.000000
0.022110 -0.049729 0.127041 1.000000
0.056220 -0.089254 -0.131323 3.000000
0.872880 -0.001816 0.056136 0.000000
0.018826 -0.036724 -0.063858 0.000000
-0.066881 -0.039010 0.491397 1.000000
-0.560464 0.004332 -0.023801 0.000000
-0.055830 -0.033329 -0.419959 1.000000
-0.700787 0.182382 -0.080503 2.000000
-0.401211 -0.019858 0.077974 3.000000
-0.190715 -0.032597 -0.061994 0.000000
0.003358 -0.044403 -0.074777 1.000000
-0.042248 -0.045690 -0.236627 1.000000
0.024707 -0.055521 0.161151 1.000000
0.076948 -0.077314 0.019829 0.000000
0.148230 -0.024363 0.054827 0.000000
-0.283058 0.032538 -0.059265 0.000000
-0.485409 0.102800 -0.009775 2.000000
-0.113042 -0.028735 -0.632185 1.000000
-0.306138 -0.008740 0.052652 0.000000
0.033628 0.032583 0.050832 0.000000
0.927873 -0.109027 -0.014857 0.000000
-0.591933 0.068534 -0.003584 2.000000
0.047609 -0.063755 0.086118 1.000000
0.975654 -0.063178 0.008334 0.000000
-0.643020 0.190149 -0.078772 2.000000
-0.065062 -0.039232 -0.449807 1.000000
-0.239317 0.042991 0.042377 0.000000
-0.337052 -0.029290 0.141999 3.000000
0.029966 -0.033862 -0.383807 1.000000
0.053113 -0.050861 -0.271203 1.000000
-0.471894 -0.014199 -0.090334 0.000000
0.016917 -0.042051 -0.120849 1.000000
0.903861 0.010390 0.044663 0.000000
0.756902 -0.023520 0.054960 0.000000
0.841034 -0.033684 -0.061151 0.000000
-0.063996 -0.040364 0.449786 1.000000
-0.003833 -0.040186 0.201830 1.000000
-0.631524 0.202466 -0.011307 2.000000
0.052270 -0.036658 -0.101519 1.000000
-0.030086 -0.032574 -0.377993 1.000000
-0.413883 0.001957 0.046593 0.000000
-0.019146 -0.046911 0.120716 1.000000
0.022998 -0.040120 0.102563 1.000000
0.043681 -0.037612 -0.103050 1.000000
-0.413284 -0.027071 0.085874 3.000000
-0.629216 0.192635 0.025133 2.000000
-0.413062 -0.018393 0.027863 0.000000
0.925587 -0.054900 -0.049633 0.000000
-0.278242 0.061211 0.010220 0.000000
-0.689890 0.179341 -0.004139 2.000000
0.120112 -0.042028 0.214635 1.000000
-0.570184 0.110656 -0.007090 2.000000
0.282095 -0.043404 0.048014 0.000000
0.084715 -0.081598 0.002453 0.000000
-0.220054 0.026768 -0.094196 3.000000
-0.585098 0.153421 -0.011684 2.000000
0.259170 -0.045180 -0.057201 0.000000
0.085470 -0.047244 -0.262037 1.000000
-0.424580 0.004642 0.128905 3.000000
-0.090983 -0.035304 -0.533429 1.000000
0.964202 -0.005056 -0.036828 0.000000
0.299782 -0.017373 0.056891 0.000000
0.149095 -0.033506 -0.083654 1.000000
-0.172961 0.011655 -0.067587 0.000000
0.832712 -0.073253 -0.020628 0.000000
-0.445995 -0.040564 -0.011351 0.000000
0.028857 0.033803 -0.059287 0.000000
0.014631 -0.042361 0.112838 1.000000
-0.592754 0.135822 0.001720 2.000000
-0.396195 0.053333 -0.011351 2.000000
0.080232 -0.060825 0.109132 1.000000
-0.276223 0.004687 0.063038 0.000000
0.682070 0.046253 0.039403 0.000000
-0.701186 0.186576 0.073491 2.000000
0.014742 -0.041718 -0.112083 1.000000
0.120090 -0.059538 -0.115744 1.000000
-0.016216 0.041593 -0.053184 0.000000
0.293480 -0.074052 -0.015057 0.000000
-0.048551 -0.038211 0.327106 1.000000
0.115918 -0.005322 0.058866 0.000000
-0.279530 -0.012046 0.120073 3.000000
0.972879 -0.060737 0.015790 0.000000
-0.258336 -0.007608 -0.144373 3.000000
-0.077268 -0.038855 -0.476505 1.000000
-0.036700 -0.032708 -0.388401 1.000000
-0.105807 0.025015 0.054183 0.000000
-0.390625 0.033049 0.112194 3.000000
0.041928 -0.060004 0.094241 1.000000
0.021822 -0.030866 -0.345836 1.000000
-0.560686 0.088596 -0.010863 2.000000
-0.285699 0.006995 -0.048879 0.000000
-0.084214 -0.075184 -0.017654 0.000000
-0.520362 0.088108 -0.012061 2.000000
0.534135 0.033515 -0.059509 0.000000
0.332272 0.026458 0.053562 0.000000
0.567379 0.061322 0.009244 0.000000
0.026815 0.015938 0.057623 0.000000
0.199095 0.054731 0.027552 0.000000
-0.017681 -0.026693 0.054805 0.000000
-0.419897 0.041992 -0.045372 0.000000
0.879627 -0.074296 -0.000299 0.000000
-0.436941 0.080185 -0.000898 2.000000
-0.427398 -0.023964 0.130326 3.000000
-0.401699 0.011589 -0.106779 3.000000
0.046078 -0.031775 -0.279170 1.000000
0.107973 -0.047532 0.218962 1.000000
-0.735096 0.181982 -0.191221 2.000000
0.635976 0.025215 0.054094 0.000000
-0.001458 -0.045113 0.072070 1.000000
0.755771 0.025437 -0.063392 0.000000
0.036802 -0.112090 0.098169 3.000000
0.127924 -0.078002 0.013837 0.000000
0.055599 -0.094025 0.111329 3.000000
-0.036966 -0.043560 -0.418205 1.000000
-0.481592 -0.014354 -0.037982 0.000000
0.313519 -0.035193 -0.061040 0.000000
0.305841 0.058637 0.017876 0.000000
0.716423 0.060390 -0.004516 0.000000
0.477366 -0.040919 -0.058510 0.000000
0.520109 0.025991 0.053762 0.000000
-0.414549 -0.015131 -0.148190 3.000000
0.047343 -0.041385 0.344727 1.000000
-0.227200 0.032805 -0.059864 0.000000
0.013278 -0.078424 0.045795 0.000000
-0.304962 -0.008562 -0.095438 0.000000
-0.049838 -0.032308 0.410971 1.000000
-0.226090 -0.018061 -0.141332 3.000000
0.099873 -0.033817 0.199721 1.000000
-0.388095 0.004909 -0.053606 0.000000
-0.272872 -0.017173 0.129682 3.000000
0.656770 0.053821 -0.038204 0.000000
-0.560664 0.063941 -0.008910 2.000000
-0.498858 -0.007985 -0.042199 0.000000
0.555928 -0.038944 -0.059376 0.000000
0.073752 -0.049885 -0.257710 1.000000
-0.300302 -0.036658 -0.146548 3.000000
0.688483 0.055530 -0.035053 0.000000
-0.692198 0.186132 -0.016145 2.000000
0.998401 -0.056343 0.004627 0.000000
0.104999 -0.033240 0.157090 1.000000
0.369955 0.047962 0.037006 0.000000
0.051804 -0.087700 0.068320 3.000000
0.028457 -0.094802 0.072514 3.000000
0.513385 -0.058961 0.036962 0.000000
-0.694440 0.177366 0.165723 2.000000
-0.470318 0.074060 -0.011617 2.000000
0.926963 -0.038211 -0.053606 0.000000
0.185336 -0.042583 -0.087138 1.000000
-0.386231 0.003200 0.051054 0.000000
0.020779 -0.048775 -0.095971 1.000000
-0.241891 -0.019237 0.088582 3.000000
-0.030663 -0.029889 -0.432719 1.000000
0.203356 -0.019858 -0.066100 0.000000
-0.549590 -0.014488 0.000855 0.000000
0.018737 -0.034882 0.236028 1.000000
-0.384677 0.034070 0.106225 3.000000
0.358526 -0.065220 0.028618 0.000000
0.673126 0.021486 0.055670 0.000000
0.561098 0.053288 0.029572 0.000000
-0.259978 0.002667 0.135962 3.000000
0.008573 0.027656 0.053074 0.000000
0.839547 -0.065020 -0.037849 0.000000
0.815380 -0.016085 0.057290 0.000000
-0.684253 0.185933 0.081635 2.000000
0.212144 -0.042250 -0.062638 0.000000
-0.401699 -0.007364 0.046838 0.000000
-0.525600 0.016293 -0.036562 0.000000
0.012257 -0.042539 0.131857 1.000000
-0.068502 -0.033706 -0.063037 0.000000
0.019558 0.045388 -0.049966 0.000000
0.975853 -0.042605 -0.012483 0.000000
-0.015839 -0.000395 0.059398 0.000000
-0.089828 0.016182 -0.066988 0.000000
0.653863 -0.051793 -0.052141 0.000000
-0.319520 -0.066085 -0.011506 0.000000
0.405685 -0.057674 -0.047392 0.000000
0.384336 0.010945 0.058289 0.000000
0.705549 -0.048464 0.045417 0.000000
0.552377 -0.047310 -0.055669 0.000000
-0.070344 -0.059339 -0.062216 0.000000
0.702642 0.014585 -0.067187 0.000000
-0.435365 -0.005921 -0.140999 3.000000
-0.003167 -0.039210 0.238358 1.000000
0.068648 -0.019880 -0.065478 0.000000
-0.288806 0.051868 -0.040357 0.000000
-0.001014 -0.031620 0.335739 1.000000
0.093392 -0.033595 0.069429 1.000000
-0.200991 0.000692 -0.068918 0.000000
0.386732 -0.052059 0.042532 0.000000
-0.101790 -0.032131 0.611014 1.000000
-0.322006 0.041304 -0.051874 0.000000
0.382138 -0.070346 0.018964 0.000000
0.072132 -0.035193 0.061418 1.000000
-0.483900 -0.012912 -0.068053 0.000000
-0.043624 -0.036414 -0.515541 1.000000
-0.687050 0.181183 -0.179681 2.000000
0.819263 0.051246 -0.041821 0.000000
0.359724 -0.019814 0.056114 0.000000
-0.017148 -0.044203 0.179371 1.000000
0.064831 -0.076072 0.049478 0.000000
0.013034 -0.043116 0.158044 1.000000
0.961029 -0.000151 0.023891 0.000000
0.030588 -0.055943 -0.152140 1.000000
0.207218 -0.028890 0.055337 0.000000
0.096100 -0.053080 0.194218 1.000000
-0.472027 0.075925 0.002120 2.000000
-0.468787 -0.007519 0.073979 0.000000
0.621773 -0.019392 0.056247 0.000000
0.042106 -0.031554 0.292330 1.000000
-0.304896 0.045499 -0.008755 2.000000
-0.402853 -0.020990 0.101631 3.000000
-0.480460 -0.007985 -0.055092 0.000000
0.571995 -0.043404 0.048014 0.000000
-0.124205 -0.016640 -0.066499 0.000000
-0.545839 0.174281 -0.000699 2.000000
0.071577 -0.033751 0.146415 1.000000
-0.343644 0.035623 -0.135962 3.000000
-0.397483 -0.017594 0.057934 0.000000
-0.270786 -0.001904 -0.072425 0.000000
-0.253143 0.003999 0.151919 3.000000
0.193969 -0.013844 0.057956 0.000000
0.133827 -0.048220 0.176375 1.000000
0.502533 0.034247 -0.058932 0.000000
-0.058093 -0.028580 0.541263 1.000000
-0.325956 0.026435 0.141422 3.000000
-0.184213 0.053399 0.029416 0.000000
-0.386852 -0.010915 -0.095505 0.000000
-0.001347 -0.056986 0.051143 1.000000
0.374970 -0.055566 -0.049078 0.000000
-0.392645 -0.039587 -0.131102 3.000000
-0.607246 0.185910 -0.064236 2.000000
0.092261 -0.033040 0.131191 1.000000
0.163521 0.008459 -0.068008 0.000000
0.014032 -0.043826 0.069230 1.000000
-0.479328 0.111765 -0.001831 2.000000
-0.072696 -0.030422 0.583185 1.000000
0.157773 -0.035215 0.104449 1.000000
-0.260178 0.032782 0.080304 3.000000
-0.312641 -0.043116 -0.097680 3.000000
0.128434 -0.051815 -0.055536 1.000000
0.029012 -0.054035 -0.221558 1.000000
-0.357203 -0.038367 0.084920 3.000000
0.286489 -0.070901 -0.026886 0.000000
-0.093268 -0.033484 -0.497810 1.000000
-0.098239 -0.074563 -0.009975 0.000000
0.681559 -0.050484 -0.053184 0.000000
0.073841 -0.035060 -0.068430 1.000000
0.056997 -0.126626 -0.108221 3.000000
-0.262907 -0.046001 0.114369 3.000000
-0.251301 0.018934 0.092510 3.000000
-0.258935 -0.043360 0.093886 3.000000
-0.030819 -0.047643 -0.197146 1.000000
0.672283 -0.072077 -0.023823 0.000000
0.083162 -0.037190 -0.283675 1.000000
-0.586185 0.129519 -0.004360 2.000000
-0.495041 0.067003 -0.012039 2.000000
-0.413705 -0.018371 0.019164 0.000000
-0.291846 -0.059427 0.030326 0.000000
-0.333235 -0.019681 0.050721 0.000000
-0.688559 0.177677 0.153894 2.000000
0.197187 -0.042339 0.076065 1.000000
0.215873 0.039595 -0.054760 0.000000
-0.498414 -0.011381 0.066722 0.000000
0.711941 0.026879 0.053384 0.000000
0.156241 -0.052059 -0.127928 1.000000
0.841434 0.060345 0.002319 0.000000
-0.107871 -0.034039 0.527238 1.000000
0.132695 -0.037745 0.170716 1.000000
-0.432702 -0.001283 -0.061528 0.000000
0.064032 -0.053125 -0.040468 0.000000
0.554219 -0.010338 0.058333 0.000000
-0.655248 0.188241 -0.109220 2.000000
-0.541711 0.138951 0.001609 2.000000
0.030721 -0.053591 0.227062 1.000000
-0.709220 0.187841 0.000433 2.000000
0.095412 -0.046955 0.240555 1.000000
-0.351056 0.035246 -0.102074 3.000000
-0.649655 0.160544 -0.000854 2.000000
-0.231527 0.018668 -0.095860 3.000000
-0.276689 0.042236 0.120983 3.000000
-0.334101 0.007572 0.067321 3.000000
-0.023118 -0.048131 0.266720 1.000000
-0.082061 -0.002903 0.059132 0.000000
-0.257781 -0.007497 0.082745 3.000000
0.210879 0.054398 0.028018 0.000000
0.918685 0.037310 -0.016899 0.000000
0.033628 -0.036170 0.185252 1.000000
0.292326 0.047585 0.037539 0.000000
-0.355317 -0.051882 0.026531 0.000000
0.175038 -0.037390 0.079039 1.000000
0.144391 0.055907 0.024689 0.000000
0.069003 -0.032641 0.259574 1.000000
-0.013775 -0.052148 0.134387 1.000000
-0.727817 0.183758 0.097725 2.000000
0.292903 -0.035149 0.051676 0.000000
0.015009 -0.034550 -0.262481 1.000000
0.059971 -0.092871 -0.091000 3.000000
0.096211 0.051113 -0.041999 0.000000
0.921726 -0.047022 -0.049877 0.000000
-0.251478 0.018579 -0.137094 3.000000
-0.558333 0.028344 -0.024445 0.000000
-0.432458 0.013120 0.086163 3.000000
-0.114884 0.002046 -0.068874 0.000000
0.574192 -0.055788 0.039514 0.000000
-0.046087 0.048894 0.035697 0.000000
-0.320697 0.034669 -0.141909 3.000000
-0.430239 -0.011314 -0.095039 0.000000
0.006908 -0.003303 -0.068474 0.000000
-0.012066 -0.044048 -0.166099 1.000000
0.038089 -0.054789 -0.214723 1.000000
0.484357 -0.006920 -0.068097 0.000000
-0.027113 -0.042117 0.431721 1.000000
-0.288340 0.042813 0.041955 0.000000
0.034804 -0.033684 -0.239334 1.000000
0.211989 -0.003791 0.059043 0.000000
-0.022053 -0.048864 0.192598 1.000000
0.028879 -0.040142 0.115479 1.000000
-0.274514 0.004265 0.020517 0.000000
0.010681 -0.034017 -0.425595 1.000000
-0.644019 0.189395 0.081214 2.000000
-0.376000 -0.040497 0.127108 3.000000
0.152447 0.062321 -0.010752 0.000000
0.292259 0.046675 -0.048191 0.000000
-0.327155 -0.040253 0.133055 3.000000
0.348983 -0.057718 -0.047369 0.000000
-0.714679 0.184401 -0.068031 2.000000
-0.114706 -0.031509 -0.571644 1.000000
0.108195 0.049271 0.035164 0.000000
0.287022 -0.011070 0.058267 0.000000
-0.061400 -0.041696 0.392995 1.000000
-0.196774 0.061411 -0.018075 0.000000
0.165962 -0.034461 -0.074466 1.000000
-0.436808 -0.041474 -0.018697 0.000000
-0.340537 -0.012512 0.086118 0.000000
-0.185633 -0.074829 -0.002186 0.000000
0.054067 -0.055721 0.188314 1.000000
-0.040916 -0.044980 0.343373 1.000000
-0.416879 -0.022965 0.115656 3.000000
-0.442112 -0.016884 -0.061972 0.000000
0.071022 -0.033973 0.287337 1.000000
-0.544618 0.164539 -0.009287 2.000000
-0.267923 -0.000684 -0.162082 3.000000
0.175283 -0.040808 -0.101541 1.000000
-0.591977 0.023639 0.005737 0.000000
-0.071631 0.035889 -0.057645 0.000000
0.369822 0.017447 0.057379 0.000000
0.222153 -0.073630 -0.021049 0.000000
-0.118945 0.030186 -0.061395 0.000000
0.004756 -0.035149 0.289024 1.000000
0.078657 0.045232 -0.050210 0.000000
0.062301 -0.036969 -0.341309 1.000000
-0.079198 -0.028003 -0.600738 1.000000
-0.047996 -0.044070 0.334052 1.000000
-0.039008 -0.042406 0.429657 1.000000
0.175882 0.060479 0.013238 0.000000
0.080765 -0.054190 -0.208531 1.000000
-0.498281 0.036133 0.027108 0.000000
-0.194555 -0.071722 -0.024778 0.000000
0.933976 -0.055078 -0.018408 0.000000
-0.405960 -0.018127 -0.039269 0.000000
-0.592710 0.032538 -0.010863 0.000000
0.002248 0.024593 -0.063747 0.000000
-0.147817 0.051646 -0.041267 0.000000
0.937372 -0.047554 0.037716 0.000000
-0.460398 0.078565 0.001410 2.000000
-0.017858 -0.033285 -0.063947 0.000000
0.531361 -0.068437 -0.033277 0.000000
-0.204453 -0.069037 -0.031746 0.000000
0.614249 0.016537 0.057534 0.000000
-0.451055 0.041926 0.002209 2.000000
-0.266680 0.042614 0.099167 3.000000
-0.506758 0.039640 -0.009576 2.000000
-0.239339 -0.027470 0.103451 3.000000
0.761452 -0.049618 -0.053872 0.000000
-0.366058 -0.015619 -0.033876 0.000000
-0.593775 -0.001705 0.002364 0.000000
0.295588 0.058681 -0.027130 0.000000
-0.297372 0.008238 0.082989 0.000000
0.160857 -0.031687 0.054339 0.000000
-0.499412 0.116759 -0.009753 2.000000
-0.385543 -0.013311 0.072559 3.000000
0.018360 -0.057963 -0.106956 1.000000
0.524037 0.040639 0.044552 0.000000
0.712562 -0.041851 -0.058088 0.000000
-0.546793 0.081961 0.001831 2.000000
-0.752540 0.180318 -0.192708 2.000000
-0.251301 -0.023476 0.107800 3.000000
-0.267146 -0.025451 -0.109575 3.000000
-0.030708 -0.045047 -0.381122 1.000000
-0.297062 -0.047000 -0.051187 0.000000
0.671284 -0.023853 -0.064236 0.000000
0.049451 -0.057186 0.165501 1.000000
0.017494 -0.052947 -0.055070 1.000000
-0.042581 -0.076094 0.037561 0.000000
0.621284 0.039285 0.045595 0.000000
-0.515768 -0.020369 0.007046 0.000000
0.321131 -0.072721 0.012750 0.000000
0.127058 -0.071345 0.050388 0.000000
0.022998 -0.037479 -0.193285 1.000000
0.280075 0.011833 0.058178 0.000000
0.061746 0.033714 0.049967 0.000000
-0.608555 0.155595 -0.003650 2.000000
-0.387185 -0.016951 -0.032345 0.000000
0.500557 -0.000329 0.059421 0.000000
0.405618 -0.073764 0.008777 0.000000
0.534889 -0.074829 -0.002030 0.000000
0.096366 -0.060315 -0.052008 1.000000
-0.429994 -0.001483 -0.096148 3.000000
0.268180 0.063031 -0.004183 0.000000
0.223729 -0.039232 0.054316 1.000000
-0.106761 -0.033617 -0.586047 1.000000
0.566469 0.017780 0.057224 0.000000
-0.651786 0.182337 -0.026065 2.000000
-0.674222 0.180296 -0.009287 2.000000
0.549359 0.062143 0.002830 0.000000
0.076238 -0.033995 -0.121403 1.000000
-0.219410 -0.027892 0.093464 3.000000
-0.563038 0.088863 -0.000166 2.000000
-0.737360 0.178343 -0.182677 2.000000
-0.726708 0.184046 -0.092931 2.000000
-0.041427 -0.036991 -0.335228 1.000000
0.053624 -0.059383 0.127751 1.000000
0.081076 -0.059139 -0.144595 1.000000
0.566868 0.026657 -0.062882 0.000000
-0.456648 0.047429 -0.011773 2.000000
-0.434855 0.006174 -0.138980 3.000000
-0.004809 -0.053524 -0.141399 1.000000
0.695296 -0.074385 -0.011817 0.000000
-0.296618 0.001757 0.018609 0.000000
0.988658 -0.038278 -0.036318 0.000000
0.926009 -0.052459 -0.018408 0.000000
0.027303 -0.044625 -0.359218 1.000000
0.309325 -0.060714 -0.044174 0.000000
0.327301 -0.068548 -0.033055 0.000000
-0.209823 -0.054367 -0.050055 0.000000
-0.049549 -0.039432 0.315233 1.000000
0.046500 -0.095557 -0.107555 3.000000
0.647183 -0.002370 -0.068585 0.000000
0.066806 -0.091984 0.102763 3.000000
0.038244 -0.032819 0.366986 1.000000
0.434158 -0.037146 -0.060174 0.000000
-0.359844 0.035468 -0.105403 3.000000
0.900599 -0.021789 0.052275 0.000000
-0.654405 0.189794 0.072647 2.000000
-0.340071 -0.002570 0.066678 3.000000
-0.253587 0.014540 0.132190 3.000000
0.052359 -0.033085 -0.226773 1.000000
-0.511330 -0.006077 -0.033854 0.000000
0.374149 -0.033728 -0.061684 0.000000
0.009083 -0.047954 0.235340 1.000000
0.069158 -0.039565 -0.322978 1.000000
-0.414549 -0.028802 -0.097658 3.000000
0.777408 0.049848 0.034388 0.000000
-0.677352 0.187575 -0.113148 2.000000
0.112744 -0.033107 -0.063881 0.000000
-0.633322 0.103798 -0.004227 2.000000
0.787461 -0.001660 -0.068652 0.000000
0.887106 -0.053391 0.042000 0.000000
0.068648 -0.053125 0.045195 0.000000
0.845828 0.003710 0.058178 0.000000
-0.007117 -0.055344 -0.086140 1.000000
0.865712 -0.073852 -0.015479 0.000000
-0.026402 -0.048975 -0.117653 1.000000
-0.241647 -0.005566 0.136406 3.000000
-0.312241 0.057682 -0.029260 0.000000
0.883621 0.043679 0.026931 0.000000
-0.512018 0.012698 0.029905 0.000000
-0.729415 0.177965 0.169140 2.000000
-0.031773 -0.051793 0.065856 1.000000
-0.421916 0.071930 -0.000277 2.000000
-0.376067 -0.038056 -0.046482 0.000000
-0.071586 0.057305 0.021205 0.000000
0.808811 0.047829 0.037162 0.000000
0.676921 -0.028069 0.053762 0.000000
0.026837 -0.007697 0.058622 0.000000
0.135758 -0.043271 0.190356 1.000000
0.107174 -0.032885 0.078706 1.000000
-0.016638 -0.055211 0.047992 1.000000
-0.006318 -0.056165 0.044352 1.000000
-0.083370 -0.038034 0.413191 1.000000
0.060614 -0.095135 0.068386 3.000000
-0.038053 -0.077803 0.013926 0.000000
0.060414 -0.104944 0.098169 3.000000
0.301025 -0.031354 0.052940 0.000000
0.051071 -0.109138 -0.107555 3.000000
0.911162 -0.073542 -0.009243 0.000000
0.230786 -0.005788 0.058821 0.000000
0.151936 0.054975 0.027042 0.000000
-0.041848 -0.045557 0.254559 1.000000
-0.434211 -0.019903 0.086939 3.000000
-0.719473 0.178587 -0.157710 2.000000
-0.163996 -0.048264 0.045595 0.000000
-0.233946 0.028810 -0.114479 3.000000
0.777186 0.057017 0.021915 0.000000
0.942431 -0.107651 -0.017632 0.000000
-0.485076 -0.012801 -0.081967 0.000000
0.154510 0.042636 0.042976 0.000000
0.057396 -0.058162 -0.052895 1.000000
-0.585763 0.188884 0.001676 2.000000
-0.120920 0.061300 0.009421 0.000000
0.665714 -0.036636 0.051010 0.000000
0.792277 -0.070390 0.018853 0.000000
0.015763 -0.036880 -0.249498 1.000000
0.938992 -0.098464 -0.000277 0.000000
-0.398992 -0.051283 -0.012838 0.000000
-0.671559 0.179408 -0.100121 2.000000
-0.213418 0.030963 0.051631 0.000000
0.847803 0.014096 0.055138 0.000000
-0.039540 -0.045535 0.222491 1.000000
-0.254541 0.040994 0.043775 0.000000
-0.682722 0.186643 0.123912 2.000000
0.985773 -0.057474 -0.023379 0.000000
0.933577 -0.018726 0.046638 0.000000
0.026038 0.062276 0.001853 0.000000
0.730183 -0.026716 -0.063481 0.000000
-0.668364 0.185333 0.135652 2.000000
0.765114 -0.032086 -0.062127 0.000000
0.057019 -0.046844 0.293884 1.000000
0.776765 -0.024430 -0.064058 0.000000
-0.051103 -0.032219 0.540886 1.000000
-0.334922 -0.012202 -0.054893 0.000000
-0.017903 0.031162 -0.060973 0.000000
0.849445 -0.074696 -0.008533 0.000000
0.059394 -0.032086 -0.255690 1.000000
0.736463 -0.034771 0.051853 0.000000
-0.157715 0.048428 -0.045749 0.000000
0.020579 -0.030932 0.328260 1.000000
0.029123 -0.033218 0.249765 1.000000
-0.239783 0.038197 -0.100654 3.000000
-0.455627 -0.005233 0.038271 0.000000
-0.377864 0.005796 -0.053406 0.000000
-0.287830 0.036999 -0.141687 3.000000
0.191527 -0.073187 0.025488 0.000000
-0.638648 0.179630 0.082257 2.000000
-0.418543 -0.011514 -0.095327 0.000000
-0.060091 -0.028202 0.533562 1.000000
0.451756 0.061655 -0.016167 0.000000
-0.084081 -0.027492 0.567517 1.000000
-0.065372 -0.040919 -0.432009 1.000000
0.553664 0.054886 0.027242 0.000000
-0.460043 -0.013955 -0.043930 0.000000
-0.605581 0.181050 0.030215 2.000000
-0.003455 -0.032552 0.320692 1.000000
0.022243 -0.038788 0.186162 1.000000
-0.704227 0.186776 -0.046571 2.000000
-0.362707 -0.019880 0.145217 3.000000
0.058395 -0.032530 -0.239179 1.000000
0.358614 -0.069769 -0.029815 0.000000
-0.300857 0.061122 0.010997 0.000000
0.047210 -0.083195 -0.086450 3.000000
-0.279485 0.007705 0.152052 3.000000
-0.322450 0.023950 0.074267 3.000000
0.172886 -0.004168 -0.068386 0.000000
0.152558 0.028166 -0.062238 0.000000
0.544254 0.021020 0.055870 0.000000
-0.616766 0.150447 0.001121 2.000000
-0.266902 -0.049352 0.041844 0.000000
-0.342933 -0.013112 -0.095105 0.000000
0.014210 0.062365 0.001165 0.000000
0.666490 -0.053857 -0.050476 0.000000
0.516780 -0.074163 -0.014147 0.000000
-0.050526 -0.036258 0.516386 1.000000
0.915978 0.036622 0.011751 0.000000
-0.525955 0.057749 0.001077 2.000000
-0.062532 -0.076072 0.025178 0.000000
-0.006296 -0.043382 0.142886 1.000000
0.416381 -0.044492 0.047526 0.000000
-0.034236 -0.037679 0.361482 1.000000
0.029833 -0.051638 -0.271846 1.000000
0.213742 -0.006853 -0.068097 0.000000
0.060548 0.018890 0.056758 0.000000
-0.747569 0.178542 0.182899 2.000000
0.383625 0.060434 -0.022758 0.000000
-0.603739 0.182182 -0.051719 2.000000
0.130121 -0.035992 -0.188957 1.000000
0.082829 0.061056 -0.020805 0.000000
-0.681191 0.199337 -0.001209 2.000000
-0.712371 0.185200 0.099411 2.000000
-0.042137 -0.077514 -0.018075 0.000000
-0.281815 -0.071167 -0.001254 0.000000
0.057307 -0.078491 -0.120649 3.000000
-0.324913 -0.025606 -0.154093 3.000000
-0.697702 0.187885 -0.008422 2.000000
0.055643 -0.061047 -0.104670 1.000000
-0.081329 -0.047932 0.053096 0.000000
-0.520673 0.001580 0.025222 0.000000
-0.251478 -0.013045 -0.116055 3.000000
0.019026 -0.052747 0.230746 1.000000
0.128368 -0.050772 0.168119 1.000000
0.660277 0.062875 -0.003029 0.000000
0.356373 -0.074407 -0.011617 0.000000
0.173108 -0.034194 -0.062838 1.000000
-0.251478 -0.010959 0.090135 3.000000
0.055443 -0.050417 0.265500 1.000000
-0.350656 0.061677 0.006669 0.000000
-0.090073 -0.037235 -0.447832 1.000000
0.226347 0.061144 0.010775 0.000000
0.143880 -0.038788 -0.182011 1.000000
0.553442 0.005907 -0.068363 0.000000
-0.001636 0.056972 -0.031391 0.000000
-0.122385 -0.056964 -0.050632 0.000000
-0.396107 0.055064 -0.031191 0.000000
-0.325290 0.033470 0.133699 3.000000
0.067805 -0.036525 0.304314 1.000000
0.169091 -0.037035 0.090357 1.000000
-0.606957 0.190637 -0.011617 2.000000
-0.074383 -0.039765 0.406710 1.000000
0.711807 -0.024297 0.054716 0.000000
-0.315370 0.009236 0.083877 0.000000
-0.142957 -0.037989 -0.059797 0.000000
0.623259 -0.071012 0.017188 0.000000
0.669420 0.046675 0.038804 0.000000
0.472018 -0.024008 -0.064191 0.000000
0.181519 -0.075273 -0.013593 0.000000
-0.118346 0.004309 0.059177 0.000000
-0.006718 -0.036547 0.288913 1.000000
0.007796 0.011677 -0.067587 0.000000
-0.436342 0.056684 -0.012217 2.000000
-0.118790 0.046409 0.039159 0.000000
0.058528 -0.036525 0.324177 1.000000
0.245677 0.014296 0.057845 0.000000
0.027614 -0.038677 0.168230 1.000000
-0.421029 0.024882 0.096748 3.000000
-0.055341 -0.003569 -0.068452 0.000000
