-0.289782 0.077344 -0.903698 0.000000
-0.043190 -0.088704 -0.069215 1.000000
-0.229367 0.069566 0.066460 0.000000
0.049050 0.054366 -0.068284 0.000000
-0.140578 0.001318 0.585965 1.000000
0.343022 -0.050964 -0.273002 3.000000
-0.313527 0.039550 -0.074474 0.000000
0.074273 0.063979 0.082810 0.000000
0.760921 -0.076242 0.008208 0.000000
-0.053569 -0.029356 -0.069900 0.000000
-0.090788 0.016545 0.625046 1.000000
0.079641 0.099911 0.018724 0.000000
-0.563269 0.007589 -0.065819 0.000000
0.139564 0.063267 0.083139 0.000000
-0.014077 -0.048225 -0.123387 1.000000
-0.241691 0.021529 0.099571 0.000000
0.154024 0.100869 0.011385 0.000000
-0.845657 0.081315 -0.090659 2.000000
-0.128199 0.000359 0.565753 1.000000
-0.044504 0.004385 -0.595183 1.000000
0.729316 0.054996 0.088096 0.000000
-0.795785 0.062336 -0.023945 2.000000
-0.115245 0.100705 0.008673 0.000000
-0.095691 0.009397 0.584349 1.000000
0.372381 0.097939 0.033705 0.000000
0.009558 -0.009610 0.102173 0.000000
0.260122 -0.055702 -0.074035 1.000000
0.308515 -0.027767 0.116934 1.000000
-0.874906 0.079891 0.227058 2.000000
0.094622 0.003892 0.369388 1.000000
0.350088 -0.051567 0.031815 0.000000
-0.187273 0.017887 -0.758218 1.000000
-0.872661 0.320979 0.003333 2.000000
-0.000575 -0.019058 -0.311454 1.000000
-0.332479 -0.078817 0.008893 0.000000
0.083749 -0.020510 0.194522 1.000000
-0.154573 -0.047541 0.079003 0.000000
0.615222 0.044452 0.093601 0.000000
0.683416 0.072935 -0.048785 0.000000
0.803590 -0.070683 0.008975 0.000000
-0.695905 0.106018 0.021135 2.000000
-0.398043 -0.040420 -0.058288 0.000000
-0.137428 0.029718 -0.772185 1.000000
-0.205074 0.024460 -0.077979 0.000000
0.093088 -0.133700 0.184882 3.000000
-0.368849 -0.077584 0.012535 0.000000
0.180097 -0.042282 -0.082909 1.000000
0.074027 -0.145230 0.198657 3.000000
-0.253056 0.059378 0.911432 3.000000
0.095197 -0.049787 -0.145433 1.000000
0.038068 -0.002434 0.371688 1.000000
0.629600 0.098076 0.032637 0.000000
-0.581756 0.096707 -0.014222 0.000000
0.069563 -0.016018 0.243955 1.000000
-0.038999 -0.053155 0.230974 1.000000
0.309227 -0.135398 0.295416 3.000000
-0.104674 0.002906 0.604588 1.000000
0.251330 -0.059016 0.323789 3.000000
0.819803 -0.134440 0.005825 3.000000
0.928283 -0.044391 -0.000200 0.000000
-0.557792 -0.041160 0.042305 0.000000
0.001479 -0.121924 -0.140668 3.000000
-0.875974 0.099801 0.009112 2.000000
0.029468 -0.041461 0.107732 1.000000
0.016624 -0.014074 0.308589 1.000000
-0.439590 0.074030 0.073581 0.000000
0.302051 -0.099932 -0.215791 3.000000
-0.229367 -0.033163 -0.007266 0.000000
-0.364823 -0.073011 -0.019179 0.000000
0.232132 -0.062056 0.322967 3.000000
0.766453 0.095803 0.025106 0.000000
-0.889613 0.079781 -0.204863 2.000000
0.008435 -0.044282 0.129478 1.000000
-0.411874 0.085697 -0.038241 0.000000
-0.162351 0.077536 -0.049332 0.000000
0.135839 -0.006679 -0.224746 1.000000
-0.917520 0.289073 0.012425 2.000000
-0.912509 0.070634 0.120440 2.000000
-0.144275 0.014765 -0.079239 0.000000
-0.409217 -0.072573 0.008263 0.000000
-0.256891 0.033169 -0.870478 0.000000
0.696370 -0.035764 -0.061136 0.000000
0.421431 -0.025549 -0.071461 0.000000
0.191325 -0.072764 -0.287353 3.000000
0.269050 -0.042721 0.138899 1.000000
-0.843439 0.186618 0.006729 2.000000
0.090842 -0.027055 -0.270428 1.000000
-0.478835 -0.017360 0.085467 0.000000
-0.796032 0.069676 -0.102710 2.000000
-0.184890 0.083260 -0.041965 0.000000
-0.247278 0.099938 0.000293 0.000000
0.184670 -0.009226 0.178966 1.000000
-0.029058 0.026459 -0.077733 0.000000
0.345569 0.098268 0.031158 0.000000
-0.310021 0.024021 0.099270 0.000000
0.087008 -0.013608 -0.397777 1.000000
0.077998 -0.045952 -0.156553 1.000000
0.329192 -0.126443 0.263564 3.000000
-0.882219 0.316241 0.005688 2.000000
0.766645 0.049820 -0.033667 0.000000
0.202746 0.055736 -0.067736 0.000000
-0.594545 0.038865 -0.063300 0.000000
-0.129568 0.014546 0.651885 1.000000
-0.554533 0.037222 -0.067682 0.000000
0.269543 -0.072764 -0.059000 1.000000
-0.050529 -0.078516 0.000485 0.000000
-0.020623 -0.006953 -0.478076 1.000000
-0.912016 0.082356 -0.225130 2.000000
-0.080655 0.000332 0.577968 1.000000
0.116942 -0.041516 -0.258597 1.000000
-0.921985 0.262754 0.011412 2.000000
-0.029359 -0.090511 0.078702 0.000000
0.739888 0.085177 -0.036762 0.000000
0.350088 0.063541 -0.008553 0.000000
0.149368 -0.024098 -0.085291 1.000000
-0.067235 -0.047322 0.106363 0.000000
-0.190778 0.024816 0.864436 1.000000
-0.005724 0.004851 0.466338 1.000000
-0.863513 0.073181 0.174831 2.000000
-0.089775 0.022241 0.671659 1.000000
-0.685826 0.127900 0.002018 2.000000
-0.419980 0.023693 -0.075405 0.000000
-0.439590 -0.062905 0.038169 0.000000
0.382103 -0.068875 0.070075 0.000000
0.128472 0.004495 0.100228 1.000000
0.057321 -0.019387 0.374181 1.000000
0.207922 -0.036257 0.106089 1.000000
-0.529830 0.061405 0.081769 0.000000
-0.123872 -0.079775 0.001772 0.000000
-0.152546 0.017613 0.779290 1.000000
0.120475 -0.014156 -0.178791 1.000000
-0.022978 -0.014841 -0.323969 1.000000
-0.004026 -0.068054 0.055094 0.000000
-0.135237 0.011122 0.701401 1.000000
-0.111027 0.089422 0.054465 0.000000
-0.820187 0.061021 -0.020713 2.000000
-0.723538 0.159943 0.002648 2.000000
-0.915959 0.088299 0.001471 2.000000
0.830648 -0.066082 0.022750 0.000000
0.119188 -0.012321 -0.194840 1.000000
0.400836 -0.047157 0.079305 0.000000
0.884053 0.041138 -0.037693 0.000000
-0.557929 -0.014320 -0.055330 0.000000
0.360413 -0.081638 -0.028491 1.000000
0.884135 -0.050608 -0.017344 0.000000
-0.110617 0.025528 0.757544 1.000000
0.207593 -0.054141 -0.131603 1.000000
-0.821474 0.226768 0.002840 2.000000
-0.753883 0.064253 0.065556 2.000000
-0.579537 -0.037161 -0.020110 0.000000
-0.064798 -0.087772 0.046687 0.000000
0.686976 -0.072518 -0.010196 0.000000
0.085009 0.004522 -0.409417 1.000000
0.865019 -0.019277 -0.050263 0.000000
0.641568 0.098651 0.028146 0.000000
0.609306 0.082630 -0.042732 0.000000
-0.111356 -0.022701 -0.076665 0.000000
-0.032153 -0.018100 -0.363023 1.000000
0.052829 0.090353 -0.031010 0.000000
-0.229367 0.032977 0.082892 0.000000
-0.279348 0.039084 -0.074665 0.000000
-0.022951 -0.044008 -0.060506 0.000000
0.704531 -0.076845 -0.012497 0.000000
0.049762 -0.023221 0.334606 1.000000
-0.131540 -0.037599 -0.076856 0.000000
0.259273 0.026596 0.098914 0.000000
0.104673 -0.092702 -0.008854 1.000000
-0.781051 0.070004 -0.025697 2.000000
-0.016268 -0.035134 0.346629 1.000000
0.059813 -0.016539 0.249104 1.000000
0.319469 -0.114256 0.259018 3.000000
0.677253 0.088627 0.056080 0.000000
0.125377 -0.086567 0.294430 3.000000
-0.511946 0.097912 -0.012552 0.000000
0.662108 -0.049704 0.077305 0.000000
0.346336 -0.057592 0.069007 1.000000
-0.871401 0.165119 0.012097 2.000000
0.048913 -0.003037 -0.332405 1.000000
0.246866 -0.045624 -0.244711 3.000000
-0.064223 -0.043761 -0.085155 0.000000
-0.156161 -0.070601 0.048932 0.000000
-0.016104 0.098514 -0.008170 0.000000
-0.789733 0.057954 0.054821 2.000000
-0.053213 0.009753 -0.518582 1.000000
0.124775 -0.045624 -0.173669 1.000000
0.129540 -0.080077 0.289445 3.000000
-0.313801 0.004139 -0.078965 0.000000
0.106645 -0.091387 -0.059383 1.000000
-0.007395 -0.091826 0.077798 1.000000
-0.024895 -0.005611 -0.383974 1.000000
-0.156983 0.028266 -0.749372 1.000000
-0.163501 0.021146 -0.795300 1.000000
-0.134799 0.019667 -0.768762 1.000000
0.062305 -0.001585 -0.463150 1.000000
0.207758 -0.088895 -0.230963 3.000000
0.265572 -0.068081 -0.033804 1.000000
0.107987 -0.036531 -0.218639 1.000000
-0.853983 0.291921 0.004784 2.000000
0.410860 -0.031656 -0.068941 0.000000
-0.306927 -0.056414 -0.049907 0.000000
0.268940 -0.060988 0.064625 1.000000
0.358852 -0.036531 -0.066257 1.000000
0.079449 -0.113982 0.173954 3.000000
0.180672 -0.090566 0.036855 1.000000
0.101469 -0.091333 0.083796 1.000000
0.298409 -0.034669 -0.080636 1.000000
0.474507 -0.030561 -0.069407 0.000000
0.775573 0.075509 0.064954 0.000000
0.659507 0.044671 -0.072310 0.000000
0.279293 -0.022591 -0.107283 1.000000
0.766645 0.029800 -0.005458 0.000000
0.827143 0.088901 -0.000419 0.000000
0.090651 -0.157938 0.158480 3.000000
-0.419268 0.021118 0.096969 0.000000
0.369533 -0.031985 -0.069380 0.000000
-0.893666 0.283212 0.014041 2.000000
-0.388376 0.035798 0.096257 0.000000
-0.125844 -0.015279 0.096942 0.000000
-0.059047 0.005480 -0.608986 1.000000
-0.563105 -0.027357 0.063886 0.000000
-0.718417 0.169008 0.018040 2.000000
-0.229367 0.087231 0.041346 0.000000
-0.876440 0.082575 -0.124236 2.000000
0.251303 -0.080761 -0.216037 3.000000
-0.875646 0.154356 0.010563 2.000000
0.102509 -0.123129 -0.133465 3.000000
0.254535 -0.136549 -0.258761 3.000000
-0.041026 -0.079830 0.010371 0.000000
0.830730 0.044343 0.077661 0.000000
0.174345 0.044973 0.093381 0.000000
-0.930201 0.274038 0.010782 2.000000
0.040587 -0.077584 -0.006691 1.000000
0.054883 0.009671 -0.447978 1.000000
0.338065 -0.078789 0.002566 1.000000
0.581043 -0.019770 -0.073844 0.000000
0.176947 -0.084815 0.082536 1.000000
-0.044997 -0.004297 -0.414675 1.000000
-0.024923 -0.040311 0.196850 1.000000
0.049598 -0.013362 0.276765 1.000000
-0.208826 0.025583 0.875391 1.000000
0.104043 -0.026891 -0.091645 1.000000
0.133183 -0.061536 0.282352 1.000000
0.245908 -0.052525 -0.291762 3.000000
0.736546 0.097665 0.010125 0.000000
-0.798277 0.076112 0.047371 2.000000
0.061210 -0.068410 0.054218 1.000000
-0.576032 -0.016840 -0.049880 0.000000
0.661971 0.050012 0.091273 0.000000
0.148218 -0.077612 0.271425 3.000000
0.158735 -0.016457 0.145910 1.000000
-0.007395 -0.022646 -0.252517 1.000000
-0.522928 -0.039653 -0.035748 0.000000
-0.119298 0.010164 0.689980 1.000000
-0.001479 -0.035627 0.107732 1.000000
0.109630 -0.027493 0.091875 1.000000
-0.067783 -0.000627 -0.464328 1.000000
0.185547 -0.047705 0.078866 1.000000
0.510165 -0.068026 -0.033968 0.000000
0.662656 0.099801 0.001772 0.000000
0.610018 -0.031492 -0.069024 0.000000
0.774696 0.067430 -0.052126 0.000000
-0.816408 0.068635 0.137447 2.000000
-0.638529 0.050258 0.076675 0.000000
0.200199 -0.028260 -0.250956 1.000000
-0.056911 -0.005474 0.517990 1.000000
0.218055 -0.055538 -0.124729 1.000000
0.174975 -0.002653 0.248748 1.000000
-0.200446 0.023830 0.854138 1.000000
-0.047736 -0.049704 -0.214038 1.000000
-0.795320 0.139677 0.004483 2.000000
0.034261 -0.040009 -0.178106 1.000000
0.079340 -0.016840 -0.375923 1.000000
0.433043 0.098377 -0.009156 0.000000
0.235802 -0.126470 -0.236523 3.000000
-0.887367 0.080384 0.231741 2.000000
0.045270 -0.048801 -0.086305 1.000000
-0.229367 -0.014512 0.020505 0.000000
-0.836208 0.063404 -0.074802 2.000000
0.862198 0.066334 0.051205 0.000000
-0.815148 0.079754 0.042250 2.000000
-0.331904 -0.076188 0.032035 0.000000
0.439698 -0.054059 -0.052400 0.000000
-0.303421 -0.024152 0.093327 0.000000
-0.020705 -0.009391 -0.421905 1.000000
0.128308 0.075180 0.073608 0.000000
-0.859761 0.068388 -0.023315 2.000000
0.557928 -0.079282 0.014918 0.000000
0.008216 -0.008021 0.491863 1.000000
-0.157038 0.069402 0.078428 0.000000
0.059265 0.004084 0.403677 1.000000
-0.518108 0.042042 -0.069106 0.000000
-0.902814 0.071264 0.142596 2.000000
-0.022348 -0.028425 -0.259856 1.000000
-0.089173 0.007124 0.653227 1.000000
-0.018843 0.060693 -0.063902 0.000000
0.300107 -0.061371 0.247214 3.000000
-0.283374 0.097638 -0.014551 0.000000
-0.806055 0.107032 0.006346 2.000000
0.407573 0.099336 -0.001925 0.000000
0.586000 0.099473 0.021901 0.000000
0.202308 -0.006981 -0.154581 1.000000
0.728604 -0.027576 -0.065436 0.000000
0.199103 -0.036613 0.274985 3.000000
0.188559 -0.058167 0.277997 3.000000
-0.000849 -0.028206 -0.209738 1.000000
0.047105 -0.043898 0.107732 1.000000
0.766645 -0.017826 -0.023753 0.000000
-0.186588 -0.049622 0.047043 0.000000
0.067892 -0.031629 -0.086442 1.000000
0.006134 -0.145805 0.184882 3.000000
-0.141180 0.065020 -0.060588 0.000000
-0.184397 0.020434 0.099708 0.000000
-0.004766 -0.040804 0.198192 1.000000
0.490638 -0.063179 0.061749 0.000000
0.231995 -0.040557 -0.268456 3.000000
0.181959 -0.061152 0.120330 1.000000
0.088761 -0.022235 0.176036 1.000000
-0.174510 -0.078050 0.023928 0.000000
-0.778833 0.064253 -0.073570 2.000000
-0.183767 0.019311 -0.775171 1.000000
0.689495 0.043548 0.093902 0.000000
0.251741 -0.087800 0.063913 1.000000
0.209401 -0.090073 0.023106 1.000000
0.681170 -0.037161 0.086946 0.000000
0.639459 -0.022071 -0.072940 0.000000
0.121899 0.077454 -0.049442 0.000000
0.081312 -0.005611 0.306809 1.000000
-0.106645 0.011670 -0.584475 1.000000
-0.196721 -0.076078 0.035650 0.000000
-0.838591 0.231396 0.017684 2.000000
0.174318 -0.029246 -0.251996 1.000000
0.068467 -0.006269 -0.448060 1.000000
0.476479 0.002057 0.099900 0.000000
0.119407 -0.016128 0.188414 1.000000
0.155558 0.000770 0.099735 1.000000
0.338585 -0.044254 -0.060314 1.000000
0.301887 -0.077338 -0.225896 3.000000
0.224080 -0.127648 -0.281985 3.000000
-0.155559 -0.030506 0.091108 0.000000
-0.093856 0.025829 0.717367 1.000000
0.186615 -0.027685 0.265892 1.000000
0.575127 0.091394 0.049699 0.000000
-0.900486 0.083944 -0.154526 2.000000
0.027688 -0.015827 -0.255064 1.000000
0.350088 0.020899 -0.021945 0.000000
0.005806 -0.022619 0.340769 1.000000
0.009448 -0.076982 0.032528 0.000000
0.076409 -0.126498 0.157960 3.000000
0.230818 -0.041050 -0.157100 1.000000
0.212140 -0.110202 0.294539 3.000000
0.158571 -0.109381 -0.269223 3.000000
0.468975 0.094488 0.042250 0.000000
0.050392 -0.036230 0.129286 1.000000
-0.426882 -0.011554 0.092450 0.000000
-0.728249 0.207843 0.010508 2.000000
0.435289 -0.068328 -0.033229 0.000000
0.708968 -0.022564 -0.067463 0.000000
0.144713 -0.103027 -0.265224 3.000000
0.277239 -0.087800 0.238149 3.000000
-0.209675 0.020105 0.780330 1.000000
-0.932173 0.094461 0.010454 2.000000
-0.013420 -0.001941 -0.530112 1.000000
0.534184 -0.059838 0.066104 0.000000
-0.229367 -0.037024 0.084974 0.000000
0.740326 -0.044884 -0.054317 0.000000
-0.160981 0.022351 -0.712263 1.000000
-0.549658 -0.023221 -0.049387 0.000000
-0.087913 -0.086047 -0.001624 0.000000
0.157557 -0.074654 -0.272290 3.000000
0.372628 -0.073422 0.042168 0.000000
-0.018651 -0.018867 -0.354889 1.000000
0.315361 -0.063398 -0.288311 3.000000
0.561242 -0.016046 -0.075405 0.000000
-0.071426 0.022378 0.658677 1.000000
-0.413490 0.028705 0.096148 0.000000
0.766343 0.026021 0.093765 0.000000
0.328315 -0.046144 0.278682 3.000000
-0.173086 0.020406 -0.788618 1.000000
0.488009 -0.078570 0.000896 0.000000
-0.491570 0.058995 -0.063218 0.000000
0.073643 -0.045186 0.203012 1.000000
-0.823994 0.164161 0.006072 2.000000
0.678102 0.011533 0.100831 0.000000
0.241635 -0.061289 0.119563 1.000000
-0.031386 -0.090949 0.056820 1.000000
-0.130445 -0.055373 -0.077431 0.000000
-0.922587 0.082986 0.251925 2.000000
-0.895912 0.076495 -0.111282 2.000000
-0.816353 0.134775 0.014699 2.000000
-0.099443 0.087231 0.057943 0.000000
-0.006382 -0.037545 0.220348 1.000000
-0.852175 0.060802 -0.052838 2.000000
-0.857105 0.282966 0.004648 2.000000
-0.045627 -0.038010 0.086343 0.000000
0.026319 -0.010842 -0.082744 1.000000
0.051350 -0.057263 0.069445 1.000000
-0.177852 -0.052306 -0.068366 0.000000
-0.006464 -0.014293 0.332005 1.000000
-0.009257 -0.020592 0.297086 1.000000
0.254836 0.074112 0.074786 0.000000
0.064167 -0.019140 0.095353 1.000000
0.229311 -0.080761 0.243736 3.000000
-0.193818 0.062035 0.084179 0.000000
-0.145918 0.023556 0.728870 1.000000
-0.544591 0.082849 -0.041089 0.000000
0.341215 -0.063097 -0.293323 3.000000
-0.144056 0.002304 -0.571548 1.000000
0.707078 -0.058003 -0.040842 0.000000
0.210222 -0.065178 -0.076089 1.000000
0.203458 -0.102507 -0.290119 3.000000
-0.710255 0.099117 -0.001679 0.000000
-0.041629 -0.030095 -0.419002 1.000000
0.515588 0.095995 0.038607 0.000000
0.747638 0.081671 0.061202 0.000000
-0.374627 0.057406 -0.066340 0.000000
0.004957 -0.040721 -0.086524 1.000000
0.035493 -0.008350 0.486714 1.000000
-0.118805 0.000660 -0.556896 1.000000
-0.134662 -0.013992 -0.524497 1.000000
-0.201898 0.027061 -0.788672 1.000000
0.385061 0.062089 -0.062834 0.000000
0.193462 0.047410 -0.071160 0.000000
0.673474 -0.074955 0.038416 0.000000
0.322947 -0.049896 -0.285545 3.000000
0.830703 0.022324 0.083960 0.000000
0.239472 -0.009719 0.163739 1.000000
-0.735315 0.163011 0.018752 2.000000
0.044120 -0.074051 -0.019371 1.000000
0.348856 -0.071943 -0.048209 1.000000
0.094184 -0.007008 0.284433 1.000000
0.299449 -0.017141 -0.081676 1.000000
-0.287674 0.067539 0.922606 3.000000
0.316594 -0.101795 0.250857 3.000000
0.548617 -0.056551 0.070349 0.000000
0.020129 -0.008268 0.489151 1.000000
0.278252 -0.127703 0.316805 3.000000
-0.482094 -0.042255 -0.042239 0.000000
-0.078300 0.006576 -0.621968 1.000000
0.321962 0.017476 -0.078883 0.000000
-0.038972 -0.041762 -0.318958 1.000000
0.221725 -0.014895 0.224374 1.000000
0.051953 -0.039270 -0.203905 1.000000
0.054965 0.077727 -0.049086 0.000000
0.343844 -0.051183 0.091738 1.000000
-0.234269 -0.061974 0.063557 0.000000
0.034370 -0.029438 -0.312303 1.000000
-0.017775 0.086820 -0.037282 0.000000
-0.061621 -0.018072 -0.350507 1.000000
0.134881 -0.068081 0.101515 1.000000
0.119215 -0.092319 -0.008827 1.000000
0.022950 -0.006460 0.506706 1.000000
0.050447 -0.008213 -0.456413 1.000000
0.422308 -0.007282 0.098667 0.000000
0.381391 -0.065342 -0.052810 0.000000
0.058717 -0.137151 -0.156251 3.000000
-0.309748 -0.069231 -0.031613 0.000000
0.318812 -0.135125 -0.263307 3.000000
0.016240 -0.061645 -0.085839 1.000000
0.058800 -0.133563 -0.171862 3.000000
0.199870 0.076742 0.071554 0.000000
-0.181220 -0.060057 -0.016030 0.000000
0.660684 -0.077913 -0.004116 0.000000
0.128198 0.001537 0.353996 1.000000
0.542674 -0.000955 0.099516 0.000000
0.387718 0.042645 0.094340 0.000000
0.091664 0.094406 -0.021233 0.000000
0.138852 -0.092428 -0.250983 3.000000
0.233365 -0.076544 0.083851 1.000000
0.112889 -0.037325 0.239217 1.000000
0.719539 0.041796 -0.073542 0.000000
-0.588794 0.098596 0.030282 0.000000
-0.113547 0.026158 -0.698158 1.000000
0.071781 -0.134549 -0.160305 3.000000
0.274445 -0.088375 0.006154 1.000000
0.150957 -0.051019 0.281558 3.000000
0.725235 0.038701 0.095271 0.000000
-0.170402 0.033580 0.834228 1.000000
-0.262067 0.020215 -0.078527 0.000000
0.121324 -0.032670 -0.237618 1.000000
0.034343 -0.017497 0.393845 1.000000
-0.053679 -0.010130 0.414166 1.000000
-0.140140 -0.075695 0.016588 0.000000
-0.022074 0.074140 0.074786 0.000000
0.213564 -0.006570 0.170996 1.000000
-0.767850 0.141704 0.019300 2.000000
0.824596 0.087395 -0.010497 0.000000
0.398946 0.018435 0.099982 0.000000
0.212140 -0.085335 -0.289681 3.000000
0.022183 -0.151968 -0.144803 3.000000
-0.028428 -0.092592 0.010152 1.000000
0.363535 0.058967 -0.065244 0.000000
0.459061 -0.050690 0.076566 0.000000
-0.095910 -0.082815 0.091464 0.000000
-0.063976 -0.073860 -0.019864 0.000000
-0.139291 -0.013910 -0.535014 1.000000
0.750459 0.090462 0.045728 0.000000
0.168786 -0.065616 -0.077870 1.000000
-0.195133 -0.005693 -0.077678 0.000000
0.077560 -0.095085 -0.186514 1.000000
0.030591 -0.017251 -0.371760 1.000000
0.021526 -0.069259 0.106911 1.000000
0.736464 -0.001257 0.094230 0.000000
-0.763742 0.010054 0.010070 2.000000
0.568691 -0.001695 -0.078198 0.000000
-0.054911 -0.073394 -0.084278 1.000000
-0.229367 -0.004351 -0.041883 0.000000
0.780530 -0.064849 -0.027532 0.000000
-0.039219 0.089148 -0.033968 0.000000
0.350088 0.044562 -0.008005 0.000000
0.108315 0.003974 0.385875 1.000000
-0.182234 0.072058 0.076429 0.000000
0.220520 -0.078187 0.023325 1.000000
0.246236 -0.135261 -0.269606 3.000000
0.248537 -0.037243 -0.150993 1.000000
-0.067920 -0.002927 -0.519896 1.000000
0.039766 -0.041132 0.195782 1.000000
-0.181056 0.013861 -0.709606 1.000000
0.112396 -0.001695 0.308835 1.000000
-0.031386 -0.015799 0.449413 1.000000
-0.032536 -0.001421 0.444593 1.000000
-0.779298 0.135569 0.018012 2.000000
-0.841768 0.079727 -0.175696 2.000000
0.048529 -0.125210 0.174420 3.000000
-0.044230 -0.030972 -0.085620 0.000000
0.470372 -0.038887 -0.064450 0.000000
-0.402617 -0.000298 0.096695 0.000000
-0.456761 -0.063179 -0.004062 0.000000
-0.678623 0.040673 -0.047443 0.000000
0.137866 -0.041899 0.216705 1.000000
0.350088 0.089449 0.009988 0.000000
-0.096266 -0.020510 -0.532412 1.000000
-0.346884 0.032375 0.098174 0.000000
-0.326317 0.019037 0.099900 0.000000
0.132334 -0.064137 -0.262184 1.000000
-0.005341 -0.001038 0.419780 1.000000
-0.155093 0.017586 -0.754357 1.000000
0.122091 -0.077393 -0.008197 1.000000
0.444080 0.038838 -0.074720 0.000000
-0.127213 0.028787 0.756723 1.000000
-0.019555 -0.034861 0.088753 0.000000
-0.148411 -0.073695 0.012316 0.000000
-0.137867 -0.049129 0.077771 0.000000
0.243470 -0.077995 -0.003514 1.000000
-0.021116 0.006932 -0.470764 1.000000
-0.071617 0.002386 -0.574752 1.000000
0.071891 0.072688 0.075881 0.000000
-0.066441 -0.012321 0.447386 1.000000
0.391059 -0.048472 -0.057083 0.000000
0.152573 -0.015772 0.341727 1.000000
0.274938 -0.034313 -0.081786 1.000000
-0.632641 0.093941 0.040525 0.000000
-0.161556 0.013806 -0.660474 1.000000
-0.781927 0.058337 -0.035310 2.000000
0.202992 0.017202 0.100146 0.000000
0.018130 -0.020674 -0.336184 1.000000
0.037273 -0.022153 0.232097 1.000000
-0.011366 0.024514 -0.077979 0.000000
-0.143727 0.014710 -0.719958 1.000000
-0.066414 0.090572 0.051726 0.000000
-0.173278 0.016244 0.762803 1.000000
0.350088 0.020680 0.006017 0.000000
-0.061649 0.007042 -0.507216 1.000000
0.032289 -0.028890 0.282626 1.000000
-0.088680 -0.007008 0.560139 1.000000
0.036507 -0.036285 0.227441 1.000000
-0.940361 0.084109 -0.231429 2.000000
0.061675 -0.028534 0.285748 1.000000
0.314512 -0.033108 -0.080444 1.000000
0.176427 -0.084185 -0.238987 3.000000
0.048064 -0.043186 -0.177613 1.000000
-0.130116 0.005207 -0.573137 1.000000
0.041683 -0.051129 0.204299 1.000000
0.789513 0.077700 0.058983 0.000000
0.263901 0.032347 -0.076966 0.000000
-0.924367 0.093146 0.019135 2.000000
0.005614 -0.052087 0.121179 1.000000
0.350088 -0.001476 -0.024520 0.000000
0.111054 -0.091552 -0.047716 1.000000
0.092760 -0.029191 -0.086113 1.000000
0.404150 -0.076954 -0.011483 0.000000
0.111492 -0.024755 -0.104380 1.000000
0.172374 -0.004050 0.284379 1.000000
0.102756 -0.026398 0.128957 1.000000
0.003752 -0.028123 -0.322847 1.000000
0.516930 -0.076900 -0.011867 0.000000
-0.072740 -0.003694 -0.511981 1.000000
0.110972 -0.057729 0.135941 1.000000
0.574032 0.099555 0.021326 0.000000
0.407217 -0.071696 -0.031586 0.000000
0.143754 -0.077475 -0.269524 3.000000
-0.897939 0.061569 -0.000720 2.000000
0.823336 0.081616 0.045262 0.000000
-0.883971 0.089093 0.194905 2.000000
-0.373833 0.099391 0.027132 0.000000
0.180097 -0.072600 -0.280780 3.000000
-0.052419 0.005453 -0.571959 1.000000
0.015528 -0.015991 -0.272071 1.000000
0.187957 -0.087855 -0.258953 3.000000
-0.505264 0.024870 -0.072228 0.000000
0.339106 0.003043 0.100037 1.000000
0.651948 -0.070436 0.049343 0.000000
-0.436194 0.080987 0.065502 0.000000
0.871948 -0.034368 -0.039418 0.000000
-0.873893 0.071867 0.085248 2.000000
0.061949 -0.015827 -0.386357 1.000000
0.598762 -0.026508 0.092286 0.000000
0.311993 -0.052635 0.256882 3.000000
0.002300 0.006329 0.472801 1.000000
0.124884 -0.011746 -0.084360 1.000000
0.265517 -0.021578 -0.073132 1.000000
0.239362 -0.023851 0.206189 1.000000
0.350088 0.001482 -0.039090 0.000000
0.762153 -0.055839 0.064735 0.000000
-0.189026 0.026322 -0.853059 1.000000
0.863786 0.031772 -0.052482 0.000000
0.492473 0.078741 -0.047771 0.000000
-0.395907 -0.061015 0.057559 0.000000
0.130937 -0.091114 0.066405 1.000000
0.666025 -0.022591 -0.072721 0.000000
-0.405356 0.097200 -0.014578 0.000000
0.716554 0.091722 -0.018768 0.000000
-0.087967 -0.011143 0.459628 1.000000
0.082900 -0.158650 0.198657 3.000000
0.741476 -0.032286 0.087439 0.000000
-0.810382 0.157752 0.005086 2.000000
-0.613305 0.094269 0.040579 0.000000
-0.346775 -0.064220 0.061147 0.000000
0.240403 -0.058468 -0.297048 3.000000
-0.684265 0.085889 -0.028354 0.000000
-0.369698 -0.037599 0.085631 0.000000
-0.085804 0.090243 0.052520 0.000000
0.742626 0.069210 -0.054782 0.000000
-0.229367 -0.061946 -0.031969 0.000000
-0.913385 0.096898 0.279449 2.000000
0.140851 0.040098 0.095408 0.000000
0.314238 -0.043186 -0.273961 3.000000
0.815311 0.033470 -0.063601 0.000000
-0.060717 0.045849 -0.071817 0.000000
-0.004081 -0.009363 -0.420016 1.000000
-0.022156 -0.031081 -0.226225 1.000000
0.143289 0.000551 -0.281711 1.000000
-0.845766 0.085533 0.159822 2.000000
0.350088 -0.013526 -0.002692 0.000000
0.053760 -0.056195 -0.087537 1.000000
0.937704 -0.011691 -0.029175 0.000000
0.551300 -0.000736 -0.078335 0.000000
-0.514164 0.093338 -0.024191 0.000000
0.044695 -0.038969 -0.186295 1.000000
0.624150 -0.075174 0.037923 0.000000
-0.063730 0.008822 0.100776 0.000000
0.009421 -0.130606 0.198438 3.000000
-0.912947 0.096104 -0.259144 2.000000
0.006271 -0.134002 -0.174080 3.000000
0.182671 -0.074161 0.040360 1.000000
-0.439316 0.057954 0.085850 0.000000
-0.735561 0.053326 -0.031093 0.000000
-0.507290 -0.003283 -0.067380 0.000000
-0.698178 0.120342 0.020149 2.000000
-0.084407 -0.013964 -0.419824 1.000000
0.293342 -0.018812 -0.095507 1.000000
-0.027743 -0.039489 0.207585 1.000000
-0.491461 -0.032095 0.073115 0.000000
0.807068 -0.028507 -0.058562 0.000000
-0.726633 0.115166 0.000813 2.000000
0.247715 -0.063179 0.061749 1.000000
-0.086489 -0.067944 0.055368 0.000000
-0.023827 -0.017881 0.331183 1.000000
0.438959 0.008329 -0.079513 0.000000
-0.814025 0.077864 0.075498 2.000000
0.312431 -0.043214 0.112470 1.000000
-0.621549 0.077536 -0.042486 0.000000
-0.697657 -0.009993 -0.007293 0.000000
-0.836674 0.085505 0.169517 2.000000
-0.901883 0.095912 0.266057 2.000000
0.081147 -0.036476 -0.215352 1.000000
0.870442 0.047657 -0.042020 0.000000
0.020896 -0.146490 0.157960 3.000000
0.189545 -0.048308 -0.057192 1.000000
0.191243 -0.057345 -0.115746 1.000000
0.642335 0.014573 -0.079294 0.000000
-0.086133 0.000277 -0.529208 1.000000
0.344611 -0.042584 -0.073707 1.000000
0.037191 -0.035627 -0.126016 1.000000
0.326727 -0.123512 -0.274344 3.000000
0.524790 0.091613 -0.028025 0.000000
0.312376 -0.108669 0.329786 3.000000
0.705626 0.021694 -0.078390 0.000000
0.209565 -0.117953 -0.257200 3.000000
-0.877837 0.061542 -0.019042 2.000000
-0.082216 -0.052197 0.105870 0.000000
-0.215262 0.098350 0.031131 0.000000
-0.636037 0.038646 -0.057439 0.000000
-0.179960 -0.061700 -0.002884 0.000000
0.013857 -0.055072 -0.051085 1.000000
-0.657645 0.127134 0.005004 2.000000
-0.116916 0.095940 -0.017536 0.000000
-0.244676 0.030540 0.883196 3.000000
0.820898 0.010547 0.087137 0.000000
-0.862966 0.081753 0.228044 2.000000
0.422527 0.083643 0.062598 0.000000
-0.726167 0.095009 0.032884 2.000000
0.124501 -0.091908 0.042195 1.000000
0.208990 -0.013143 0.119865 1.000000
0.826047 -0.076188 -0.004993 0.000000
-0.213318 0.020927 -0.794835 1.000000
0.133210 -0.014539 0.188332 1.000000
-0.352061 0.004029 0.100173 0.000000
-0.482505 0.069977 -0.055303 0.000000
0.339955 0.012765 0.100721 0.000000
0.043079 0.007754 -0.423001 1.000000
-0.152957 -0.072353 0.020422 0.000000
-0.046996 0.088764 0.055971 0.000000
-0.505154 0.005973 -0.070393 0.000000
0.044641 -0.127127 -0.156196 3.000000
0.724606 0.012108 0.095545 0.000000
-0.181029 0.033114 0.871502 1.000000
-0.102209 0.004166 -0.593266 1.000000
-0.213455 0.041166 0.094997 0.000000
-0.833114 0.059789 -0.045717 2.000000
-0.229367 0.048998 0.042743 0.000000
0.249578 0.092078 -0.026875 0.000000
-0.244977 0.026295 0.860328 1.000000
0.134196 -0.091305 -0.032243 1.000000
0.093965 -0.072436 0.044496 1.000000
0.280388 -0.059372 -0.045498 1.000000
-0.035165 -0.035408 0.088342 0.000000
0.248811 -0.001585 -0.078226 1.000000
0.630203 -0.027220 -0.070804 0.000000
0.383226 -0.078625 0.001197 1.000000
0.004765 -0.019442 0.281832 1.000000
0.747556 -0.068738 0.046029 0.000000
-0.762565 0.238982 0.009577 2.000000
-0.063155 -0.010267 -0.524442 1.000000
-0.657919 0.106100 0.002073 2.000000
-0.037082 -0.020838 -0.411444 1.000000
0.020321 -0.015251 0.416850 1.000000
-0.805152 0.254155 0.016972 2.000000
-0.031441 0.085779 0.059832 0.000000
-0.944716 0.088627 -0.263827 2.000000
0.089993 0.002550 0.430762 1.000000
-0.888326 0.067266 -0.053605 2.000000
0.758785 -0.013061 -0.071324 0.000000
0.001944 -0.027083 -0.270209 1.000000
-0.743229 0.091613 -0.016988 2.000000
0.061456 -0.068054 -0.033886 1.000000
-0.770644 0.199381 0.018505 2.000000
-0.831005 0.070141 -0.127632 2.000000
0.024730 -0.158787 -0.160441 3.000000
-0.539990 -0.045815 -0.016961 0.000000
-0.810355 0.066499 0.120878 2.000000
0.337517 -0.061837 -0.231401 3.000000
0.173551 -0.021249 -0.278343 1.000000
0.147616 -0.091935 0.006291 1.000000
0.182096 -0.078680 0.310205 3.000000
-0.004629 0.050286 0.091191 0.000000
0.415297 0.063294 0.083139 0.000000
0.332533 0.099801 0.019464 0.000000
-0.682896 -0.016402 0.016725 0.000000
-0.088625 -0.019770 0.556743 1.000000
0.206114 -0.062275 0.274328 3.000000
0.093198 -0.035518 0.248228 1.000000
-0.069509 0.060501 -0.064067 0.000000
-0.779134 0.099391 0.022093 2.000000
-0.463663 0.057735 -0.064313 0.000000
-0.853846 0.088135 0.201369 2.000000
0.142768 -0.091826 0.025900 1.000000
0.135346 -0.042091 -0.191088 1.000000
-0.827089 0.086135 -0.017700 2.000000
0.306159 -0.120308 -0.241945 3.000000
0.230626 -0.051129 0.311136 3.000000
-0.861678 0.063267 0.093929 2.000000
0.224436 0.098213 -0.010361 0.000000
-0.853380 0.266753 0.017273 2.000000
-0.608704 -0.031410 -0.015153 0.000000
-0.269872 0.033744 -0.873161 0.000000
0.011475 0.077892 0.070075 0.000000
-0.008490 0.100240 0.016013 0.000000
0.924531 0.012683 -0.032380 0.000000
-0.332972 0.055380 -0.068010 0.000000
0.171442 -0.013225 0.159631 1.000000
0.655919 0.086683 -0.037446 0.000000
0.309692 -0.061536 -0.301320 3.000000
0.323249 -0.068711 -0.303128 3.000000
0.350088 -0.026398 0.003306 0.000000
-0.851901 0.300220 0.016479 2.000000
-0.229148 0.020872 -0.793903 1.000000
-0.114670 0.091394 -0.028518 0.000000
0.664272 0.061295 0.084645 0.000000
-0.211291 0.021009 0.820124 1.000000
-0.406451 -0.043405 -0.054810 0.000000
0.839056 -0.025111 0.075197 0.000000
-0.033166 0.018352 0.629072 1.000000
-0.229367 0.092708 0.003059 0.000000
0.482203 -0.077037 0.032144 0.000000
0.040560 0.023227 -0.078143 0.000000
0.302325 -0.132495 0.307302 3.000000
-0.048722 -0.006625 -0.481472 1.000000
0.339517 -0.064329 0.254828 3.000000
-0.893721 0.096022 0.020422 2.000000
-0.389225 -0.069067 -0.021781 0.000000
0.493952 0.026541 0.098914 0.000000
0.684292 0.099254 0.023462 0.000000
0.054828 -0.040721 0.204381 1.000000
-0.933816 0.092927 -0.234249 2.000000
-0.122119 0.024186 0.099215 0.000000
0.265709 -0.045213 0.264687 3.000000
-0.156736 0.014847 0.746069 1.000000
-0.245059 -0.079173 0.008345 0.000000
0.233556 -0.036476 0.292896 3.000000
-0.640665 -0.021961 -0.017673 0.000000
0.237117 -0.040858 -0.062916 1.000000
0.512548 0.060967 0.084919 0.000000
-0.906484 0.080083 -0.141380 2.000000
-0.229367 0.032566 0.036992 0.000000
0.008134 -0.042146 -0.164276 1.000000
-0.904977 0.080685 0.233713 2.000000
-0.821940 0.078576 -0.020138 2.000000
-0.065017 -0.087006 -0.047662 1.000000
0.581782 -0.009747 0.098366 0.000000
-0.044641 -0.064083 0.060572 0.000000
-0.622261 0.045986 -0.058370 0.000000
-0.040177 -0.090703 0.034061 0.000000
0.664683 0.092571 -0.025615 0.000000
0.167882 -0.045322 -0.083539 1.000000
-0.928777 0.087368 0.225113 2.000000
-0.762181 0.052860 -0.027943 2.000000
-0.030044 0.016298 0.581637 1.000000
0.350088 0.047520 0.069746 0.000000
-0.106481 0.014874 -0.715576 1.000000
0.337873 -0.109709 -0.231566 3.000000
0.169827 -0.032396 -0.270565 3.000000
0.911276 0.066882 0.009331 0.000000
0.258424 -0.009884 0.109868 1.000000
0.091418 -0.021907 -0.323422 1.000000
-0.004273 -0.036860 -0.086524 1.000000
0.098483 -0.021414 0.169052 1.000000
0.600159 -0.071997 0.045564 0.000000
0.665751 0.009917 0.100886 0.000000
0.657507 0.079425 0.068076 0.000000
-0.021006 -0.011472 -0.431546 1.000000
0.033138 -0.134878 0.155605 3.000000
-0.797593 0.085314 -0.020768 2.000000
-0.869785 0.250813 0.005989 2.000000
-0.126090 0.015230 -0.627883 1.000000
0.587342 0.013313 -0.079431 0.000000
-0.249469 0.027472 0.891576 3.000000
0.706640 0.081836 -0.043773 0.000000
0.190668 -0.084650 -0.273030 3.000000
0.160104 -0.090182 -0.050291 1.000000
0.847053 -0.021934 -0.053659 0.000000
-0.959012 0.089449 0.268878 2.000000
0.123816 -0.056003 -0.122428 1.000000
0.095005 -0.025220 -0.261554 1.000000
0.202664 -0.125813 0.282571 3.000000
0.124857 -0.026918 -0.271633 1.000000
0.815339 -0.054826 -0.034434 0.000000
0.029276 -0.136247 0.173050 3.000000
-0.381721 0.078604 -0.048209 0.000000
0.068358 -0.031191 -0.212148 1.000000
-0.867758 0.085533 -0.136012 2.000000
-0.042012 -0.025303 0.448646 1.000000
0.051898 -0.082925 -0.080499 1.000000
0.188669 -0.002188 0.099352 1.000000
0.059101 -0.138986 0.191153 3.000000
-0.229367 -0.050800 0.001416 0.000000
0.195762 -0.060139 0.065721 1.000000
-0.093226 -0.084486 0.052986 0.000000
0.623493 -0.078461 0.021162 0.000000
0.217097 -0.018839 -0.074254 1.000000
0.214960 -0.042146 0.293471 3.000000
0.780913 -0.033300 0.081769 0.000000
0.467825 0.048122 0.092094 0.000000
-0.229367 0.050505 -0.042869 0.000000
0.350088 -0.068218 -0.000693 0.000000
0.269871 -0.137261 -0.269387 3.000000
0.231283 -0.067807 -0.302005 3.000000
-0.229367 0.054339 -0.015811 0.000000
0.290959 -0.065507 0.244065 3.000000
-0.035275 0.003043 0.605300 1.000000
-0.895994 0.298440 0.006482 2.000000
0.422006 0.024624 -0.077952 0.000000
0.189764 -0.063535 -0.267853 3.000000
0.274472 0.084821 0.061092 0.000000
0.278745 0.100431 0.006619 0.000000
0.303366 -0.087279 0.008920 1.000000
0.028619 0.044507 -0.072365 0.000000
0.016706 0.072277 -0.055001 0.000000
-0.220986 -0.077420 -0.005869 0.000000
0.086817 -0.052881 -0.121579 1.000000
0.037383 -0.010349 0.313217 1.000000
-0.225450 0.009287 0.100858 0.000000
0.158543 -0.024399 -0.085155 1.000000
-0.217535 0.032265 0.863094 1.000000
-0.915193 0.302164 0.008345 2.000000
-0.569322 0.057488 -0.060671 0.000000
0.043682 -0.000682 0.380480 1.000000
-0.109138 -0.082678 0.005825 0.000000
-0.816846 0.100459 0.005195 2.000000
0.350088 0.067896 -0.024711 0.000000
0.166787 -0.053210 0.104172 1.000000
0.218110 0.092434 0.047180 0.000000
0.060854 -0.096810 -0.147378 1.000000
-0.022376 -0.091908 0.051233 1.000000
-0.838701 0.264918 0.004072 2.000000
-0.755362 0.099884 0.017793 2.000000
-0.522764 -0.026097 -0.051551 0.000000
0.178344 -0.037846 0.295498 3.000000
0.197049 -0.081473 -0.242794 3.000000
0.019225 -0.045487 -0.141161 1.000000
0.319113 -0.122034 0.319516 3.000000
0.082654 -0.008213 -0.261007 1.000000
0.310349 -0.040886 -0.090851 1.000000
0.193599 -0.030232 -0.224965 1.000000
0.011530 -0.048225 -0.122702 1.000000
0.035329 -0.077557 -0.083511 1.000000
-0.613168 0.050505 -0.059055 0.000000
0.125158 0.001126 -0.337937 1.000000
-0.363536 0.028157 0.098558 0.000000
0.350088 0.054284 0.009276 0.000000
0.239718 0.062199 -0.062752 0.000000
-0.003835 0.098076 0.032719 0.000000
-0.159420 0.017914 -0.683178 1.000000
-0.022047 0.088080 0.056875 0.000000
-0.246593 0.029745 -0.856784 1.000000
0.024045 -0.019989 -0.343442 1.000000
-0.215153 0.095063 0.041319 0.000000
0.104426 -0.125977 0.198000 3.000000
0.455199 -0.007583 0.098640 0.000000
0.187710 -0.043542 -0.183967 1.000000
0.551848 0.034867 0.097572 0.000000
0.203129 -0.109983 0.256143 3.000000
0.766645 -0.029328 0.035211 0.000000
0.231146 -0.058879 0.132764 1.000000
-0.766782 0.022981 0.040716 2.000000
0.217863 -0.063069 0.254472 3.000000
-0.060745 -0.088183 -0.023671 1.000000
0.212140 -0.081090 0.298510 3.000000
-0.081066 -0.086677 0.025708 0.000000
-0.612429 -0.017497 -0.037802 0.000000
0.350088 -0.034149 -0.014469 0.000000
-0.768973 0.217347 0.003360 2.000000
0.056800 -0.031382 -0.205493 1.000000
-0.527584 0.001400 0.088370 0.000000
-0.869977 0.235723 0.006784 2.000000
0.305283 -0.086814 -0.021644 1.000000
0.702997 0.041385 0.089493 0.000000
-0.175688 0.011204 -0.677645 1.000000
0.288878 -0.077091 -0.010525 1.000000
-0.190724 0.020735 -0.792260 1.000000
-0.229367 0.015477 0.024722 0.000000
-0.581865 -0.013636 0.072047 0.000000
0.350198 -0.055045 -0.051112 0.000000
0.443149 -0.072244 -0.023725 0.000000
0.019198 -0.036312 0.162890 1.000000
-0.678213 0.053983 0.067610 0.000000
-0.183329 0.028321 0.800295 1.000000
0.711871 0.059597 -0.064806 0.000000
-0.149643 -0.058550 -0.046539 0.000000
0.734355 -0.078132 0.006017 0.000000
-0.230079 -0.016484 0.096476 0.000000
-0.008572 0.008767 -0.477090 1.000000
-0.451722 0.036099 -0.072776 0.000000
-0.639405 -0.006707 0.061065 0.000000
0.301887 -0.103629 -0.251202 3.000000
-0.191627 0.021995 -0.807487 1.000000
0.244785 -0.071066 -0.026601 1.000000
-0.761634 0.014381 -0.010005 2.000000
0.698040 -0.009966 -0.072036 0.000000
-0.687798 -0.015115 0.004593 0.000000
-0.090734 0.012793 0.714601 1.000000
-0.011777 -0.016703 -0.377292 1.000000
-0.084435 0.003646 -0.510365 1.000000
0.023279 0.000688 0.409236 1.000000
0.231146 -0.030725 -0.083539 1.000000
0.127048 -0.079008 0.004182 1.000000
0.064277 -0.029602 0.107732 1.000000
0.027305 -0.152625 0.169380 3.000000
-0.031578 -0.029383 -0.322381 1.000000
0.000410 0.001044 -0.548324 1.000000
0.750952 -0.059728 -0.038679 0.000000
-0.858830 0.078330 0.105404 2.000000
0.700642 -0.025905 0.087219 0.000000
-0.854640 0.072743 -0.014770 2.000000
-0.614647 0.059323 0.076265 0.000000
0.072466 -0.109463 -0.188760 1.000000
0.036589 0.097994 0.033404 0.000000
0.682293 -0.079611 0.012398 0.000000
0.300052 -0.060796 -0.043636 1.000000
-0.615305 0.089586 0.049699 0.000000
0.008462 -0.031246 -0.238467 1.000000
0.424197 0.093092 -0.024437 0.000000
0.010626 -0.120199 -0.174080 3.000000
0.024593 -0.016867 0.400335 1.000000
0.038588 -0.015060 -0.249668 1.000000
0.766645 -0.001366 0.035869 0.000000
-0.025443 0.015340 -0.545585 1.000000
0.285838 -0.088101 0.014699 1.000000
0.891666 0.023583 0.063146 0.000000
-0.246593 0.066088 0.916006 3.000000
-0.719375 0.091503 -0.018084 0.000000
-0.459199 0.091284 0.050493 0.000000
0.100127 0.005289 -0.369815 1.000000
0.054664 -0.107053 0.174338 3.000000
0.001889 -0.010103 -0.326078 1.000000
0.055458 -0.054168 0.203888 1.000000
0.091500 -0.000189 -0.315507 1.000000
-0.008874 -0.051348 0.076073 0.000000
0.339380 -0.105218 0.323186 3.000000
0.566007 0.093256 -0.024027 0.000000
-0.108453 -0.001202 0.562193 1.000000
0.226216 0.070333 0.077716 0.000000
-0.176373 0.069320 -0.057302 0.000000
-0.131513 0.014628 0.743467 1.000000
-0.138031 0.030238 -0.757369 1.000000
0.665367 -0.052909 -0.053687 0.000000
-0.180289 -0.060960 0.034253 0.000000
-0.229367 0.049327 0.059997 0.000000
-0.352964 0.092927 0.047645 0.000000
0.104700 -0.129017 0.155605 3.000000
-0.094896 -0.000353 -0.527236 1.000000
0.075287 -0.098207 0.211502 1.000000
0.793183 0.094488 0.009057 0.000000
0.763824 -0.014403 0.091875 0.000000
-0.104071 -0.013992 0.548143 1.000000
