0.188713 -0.031997 -0.237419 3.000000
-0.056939 -0.031118 -0.344859 1.000000
0.031547 -0.037970 -0.143476 3.000000
-0.268095 0.023727 -0.087468 0.000000
-0.069635 -0.036315 0.201573 1.000000
0.102916 -0.042857 -0.198890 1.000000
0.329846 -0.105356 -0.283446 3.000000
0.008741 -0.055502 -0.068100 1.000000
0.126472 -0.005156 -0.332059 1.000000
-0.005921 0.003946 -0.496309 1.000000
-0.062084 -0.029075 0.341982 1.000000
-0.817191 0.111903 -0.001568 2.000000
0.279991 -0.048779 -0.200674 3.000000
-0.456859 -0.055373 -0.035054 0.000000
0.330803 -0.088316 -0.203571 3.000000
-0.033123 0.003739 0.365694 1.000000
0.042201 -0.121698 -0.132202 3.000000
0.630187 0.058429 0.054260 0.000000
0.246092 -0.026463 0.256547 3.000000
0.121637 0.039785 0.074403 0.000000
0.116155 -0.048624 0.166432 1.000000
0.511679 0.038596 0.071197 0.000000
0.872606 -0.131188 -0.017057 0.000000
0.142815 -0.077042 -0.233850 3.000000
0.287878 -0.054649 -0.092898 1.000000
-0.918684 0.362493 -0.002498 2.000000
-0.151734 0.035079 0.660295 1.000000
-0.143537 -0.066673 -0.017419 0.000000
0.037185 -0.071094 -0.076685 0.000000
0.175241 -0.013586 0.170414 1.000000
0.071188 -0.009759 0.389432 1.000000
0.499578 -0.073421 0.028505 0.000000
0.046080 0.092639 0.000475 0.000000
0.701477 0.077538 0.017335 0.000000
0.799635 0.065255 -0.035829 0.000000
0.021592 -0.022326 0.329932 1.000000
0.240610 0.059670 -0.067893 0.000000
0.638823 -0.026412 0.076136 0.000000
0.770467 -0.026463 -0.084624 0.000000
-0.759527 0.065927 -0.141304 2.000000
0.213976 -0.039030 -0.213991 3.000000
-0.025702 -0.107968 -0.131246 3.000000
-0.852565 0.302658 -0.008342 2.000000
-0.381871 0.094966 0.026669 0.000000
-0.882327 0.097526 0.208219 2.000000
-0.215190 0.091966 -0.033632 0.000000
-0.028366 -0.023903 -0.079142 0.000000
-0.134849 -0.060725 0.029540 0.000000
-0.787066 0.049249 -0.039631 0.000000
0.164509 -0.084308 0.015292 0.000000
0.120913 -0.064500 -0.094450 1.000000
0.371400 -0.066052 0.038383 0.000000
-0.051638 0.013746 -0.087804 0.000000
0.048200 0.023262 -0.087132 0.000000
0.335405 0.086666 -0.011497 0.000000
0.061207 -0.020025 0.222673 3.000000
0.064620 0.057498 -0.072625 0.000000
0.947594 -0.025326 -0.041337 0.000000
-0.083650 0.035932 0.076808 0.000000
0.369253 -0.077197 -0.011859 0.000000
-0.126264 0.017263 0.517688 1.000000
-0.136219 0.096414 -0.001542 0.000000
0.132084 -0.020981 -0.233333 3.000000
-0.213147 0.042423 0.763235 1.000000
0.042046 -0.009423 0.394526 1.000000
-0.019807 0.094139 -0.001257 0.000000
-0.679497 0.056955 -0.072393 2.000000
0.191324 -0.030782 0.242506 3.000000
0.817658 0.057705 -0.043380 0.000000
-0.000672 0.007204 0.378468 1.000000
0.325372 -0.080765 -0.047362 0.000000
0.170767 0.022357 -0.087028 0.000000
0.165182 -0.099590 0.252513 3.000000
0.145866 -0.026877 -0.276594 1.000000
0.166837 -0.060932 0.115854 1.000000
0.595847 0.033889 0.073033 0.000000
0.411143 0.028020 0.076317 0.000000
0.912815 0.020986 0.038564 0.000000
0.130067 0.002472 0.080221 0.000000
-0.061412 0.020831 -0.607861 1.000000
0.295998 -0.042133 -0.083977 1.000000
-0.862934 0.355331 -0.005963 2.000000
0.013343 -0.055321 -0.060420 1.000000
0.297575 -0.103339 0.190196 3.000000
0.613819 -0.071301 0.037168 0.000000
-0.813286 0.069341 0.128498 2.000000
-0.749339 0.049146 -0.035312 2.000000
-0.023091 0.001412 0.468557 1.000000
-0.315519 -0.014207 -0.081003 0.000000
0.053087 -0.078231 0.048054 0.000000
0.506379 -0.075128 -0.032908 0.000000
0.280017 -0.122112 0.265598 3.000000
0.065266 -0.027317 -0.265320 1.000000
0.386733 0.086304 -0.006481 0.000000
-0.777111 0.052507 -0.034743 2.000000
0.253565 -0.029928 -0.060420 1.000000
-0.470409 0.094371 -0.040743 0.000000
0.218165 0.009505 -0.087752 0.000000
0.181679 -0.073628 0.278708 3.000000
-0.159362 0.030088 0.672991 1.000000
-0.784532 0.084416 0.150762 2.000000
0.265433 -0.022378 -0.253942 3.000000
0.666983 -0.082265 -0.017160 0.000000
0.276061 -0.025869 -0.060963 1.000000
-0.834386 0.103990 -0.267336 2.000000
-0.261372 -0.055760 0.034660 0.000000
-0.338817 -0.034143 -0.068255 0.000000
0.267916 -0.051546 -0.084391 0.000000
0.048976 -0.012707 0.197591 1.000000
-0.187108 0.088579 -0.041467 0.000000
0.304789 -0.113062 -0.243159 3.000000
0.104105 -0.082808 0.002285 0.000000
0.063792 -0.058786 -0.095872 1.000000
0.094434 0.001619 -0.335395 1.000000
0.366668 -0.051520 0.057725 0.000000
0.198203 -0.088186 -0.216267 3.000000
-0.013213 -0.127258 -0.150070 3.000000
0.106794 -0.051701 -0.156354 1.000000
0.804160 0.071073 0.000320 0.000000
-0.826319 0.094578 -0.202278 2.000000
0.036357 -0.070138 0.069956 0.000000
0.496811 0.005652 0.080092 0.000000
0.170612 -0.098271 -0.227593 3.000000
0.014869 -0.113346 0.145461 3.000000
0.252530 -0.044331 0.279975 3.000000
-0.204692 -0.061165 0.025971 0.000000
0.151684 -0.027782 0.262184 1.000000
0.319115 -0.051727 0.068973 0.000000
-0.030848 0.092484 -0.020858 0.000000
-0.326716 0.100138 -0.005472 0.000000
-0.454403 0.057136 -0.078806 0.000000
-0.114706 0.034639 -0.664206 1.000000
0.017894 -0.076602 0.016740 0.000000
0.648675 -0.025274 0.076705 0.000000
-0.090839 0.009454 -0.515315 1.000000
0.893008 0.004566 -0.060058 0.000000
-0.260157 0.097086 -0.019435 0.000000
-0.264708 0.073995 -0.063394 0.000000
0.835888 0.064066 0.006500 0.000000
0.275363 -0.027679 0.221665 3.000000
-0.870045 0.036760 -0.015893 0.000000
-0.756838 0.052404 -0.085270 2.000000
0.340292 0.062152 0.056044 0.000000
-0.880078 0.106318 -0.281791 2.000000
0.830535 0.036863 -0.063730 0.000000
0.069430 -0.054985 -0.084391 0.000000
-0.035321 0.011341 0.542666 1.000000
0.469221 0.050438 -0.072212 0.000000
-0.107672 -0.052114 -0.053491 0.000000
0.032194 -0.048805 0.075800 0.000000
0.322088 -0.078774 0.187248 3.000000
0.222509 0.055998 -0.071720 0.000000
-0.602983 0.029933 -0.079659 0.000000
0.146461 -0.006242 -0.259476 1.000000
0.684566 -0.050718 0.063026 0.000000
-0.040726 0.074047 -0.059205 0.000000
0.129860 -0.004510 0.264796 1.000000
-0.077030 0.054757 0.068301 0.000000
0.272648 -0.075180 0.244911 3.000000
-0.798987 0.082192 0.130257 2.000000
0.267735 -0.070112 -0.284946 3.000000
0.050838 -0.005441 -0.263716 1.000000
-0.659974 -0.018370 0.017826 0.000000
-0.615033 -0.027989 0.024084 0.000000
0.234792 -0.052735 0.144970 1.000000
-0.636159 0.093802 0.031401 0.000000
0.300523 -0.062690 -0.069807 1.000000
-0.682134 0.044853 -0.063291 0.000000
0.896007 0.037096 0.032875 0.000000
0.244307 -0.034040 0.269425 3.000000
-0.710656 0.002084 0.026152 0.000000
-0.008481 -0.005699 0.413997 1.000000
0.282732 -0.042857 0.096719 1.000000
-0.275956 -0.015784 0.073059 0.000000
-0.089520 0.020391 0.518024 1.000000
0.639858 0.014470 0.079161 0.000000
0.235774 -0.028791 -0.060420 1.000000
0.009568 -0.074740 -0.114464 3.000000
0.072791 0.004204 -0.358046 1.000000
0.081841 -0.066130 -0.065980 1.000000
-0.717146 0.179936 0.000113 2.000000
-0.830689 0.080822 0.123482 2.000000
-0.394852 0.100603 0.004380 0.000000
0.915530 0.044776 0.000010 0.000000
-0.320329 0.002291 0.078618 0.000000
0.882691 -0.002596 0.057053 0.000000
-0.013730 0.004851 0.364091 1.000000
0.215450 -0.024007 0.214916 3.000000
-0.497094 -0.056226 0.004716 0.000000
0.359479 0.059541 0.058216 0.000000
-0.251236 0.013151 -0.088089 0.000000
-0.766897 0.062230 -0.125272 2.000000
0.347636 -0.077326 0.044744 0.000000
-0.509480 0.101844 -0.020185 0.000000
0.753762 -0.069000 -0.053154 0.000000
0.192850 -0.032178 -0.084391 0.000000
0.098416 -0.001278 -0.374311 1.000000
-0.420916 0.004696 0.078722 0.000000
0.168569 -0.018447 -0.229558 3.000000
0.135730 -0.037634 0.220165 1.000000
-0.219043 0.048163 -0.081417 0.000000
-0.019807 -0.010819 -0.363140 1.000000
-0.164508 0.025848 -0.622884 1.000000
-0.654492 0.141278 -0.004464 2.000000
-0.599880 -0.030704 0.026669 0.000000
0.263727 -0.023412 -0.233618 3.000000
-0.108732 0.006635 0.438795 1.000000
0.123835 -0.042676 -0.203674 1.000000
-0.299875 -0.034531 0.060931 0.000000
0.305048 -0.032540 0.207676 3.000000
-0.088667 0.029830 0.606510 1.000000
-0.443516 -0.032152 -0.068230 0.000000
-0.078453 -0.001536 0.382398 1.000000
-0.059447 0.003273 -0.500188 1.000000
0.278750 -0.006863 -0.086641 0.000000
-0.842609 0.070323 -0.103319 2.000000
-0.129341 -0.013534 0.486684 1.000000
-0.071342 0.086691 -0.040562 0.000000
0.171414 -0.083765 -0.209880 3.000000
-0.163448 0.033993 0.707563 1.000000
0.026609 -0.003088 -0.446171 1.000000
0.665276 0.026882 0.075153 0.000000
-0.053525 -0.030704 -0.212181 3.000000
0.016446 -0.105098 0.118310 3.000000
0.596494 0.004696 0.080015 0.000000
-0.878216 0.093053 -0.210216 2.000000
-0.476227 -0.057622 0.013740 0.000000
-0.755597 0.080796 -0.163103 2.000000
0.894146 0.049766 -0.019487 0.000000
0.972004 -0.030316 -0.029779 0.000000
0.305177 -0.128499 -0.238117 3.000000
0.333983 -0.089815 0.275993 3.000000
0.066223 -0.025067 -0.084391 0.000000
0.313245 -0.054855 -0.077771 0.000000
0.336259 -0.080765 -0.034640 0.000000
0.008224 -0.105563 -0.156250 3.000000
-0.127997 -0.059432 -0.040018 0.000000
0.824251 -0.030756 -0.077332 0.000000
-0.044708 -0.012241 0.272631 1.000000
0.177051 -0.091367 0.208167 3.000000
0.303626 -0.072904 0.066723 0.000000
0.209839 -0.116036 0.262831 3.000000
0.234740 -0.019895 -0.128737 1.000000
0.759684 -0.060596 0.056044 0.000000
-0.561015 0.044853 -0.082736 0.000000
-0.476149 0.089251 -0.049457 0.000000
-0.730566 -0.002027 0.007793 0.000000
0.059448 -0.123224 0.149469 3.000000
-0.853185 0.081649 -0.167835 2.000000
0.105010 -0.049555 0.076834 0.000000
-0.594372 0.110171 -0.003843 2.000000
0.118586 -0.033910 0.236068 1.000000
-0.030227 -0.015370 -0.287868 1.000000
-0.262872 -0.038487 0.058475 0.000000
-0.032580 -0.005544 -0.311011 1.000000
0.359039 -0.021447 -0.083512 0.000000
-0.498930 -0.017982 -0.075547 0.000000
0.189695 -0.103727 -0.280783 3.000000
0.250694 -0.076628 -0.301366 3.000000
0.085280 -0.019611 -0.126488 1.000000
0.167380 -0.061346 -0.121549 1.000000
-0.001809 -0.024912 0.205245 1.000000
0.298040 -0.057933 0.269347 3.000000
0.372175 0.076788 0.035668 0.000000
0.484011 -0.063518 -0.053439 0.000000
-0.042510 0.011212 -0.549810 1.000000
-0.075867 0.027244 0.579618 1.000000
-0.000335 -0.012319 -0.364433 1.000000
0.294420 -0.086118 0.273407 3.000000
0.369512 0.085709 0.006138 0.000000
0.763252 -0.062846 -0.060963 0.000000
0.570869 0.061971 0.051933 0.000000
-0.177101 0.035260 -0.720861 1.000000
0.301531 0.024348 -0.085684 0.000000
0.024462 -0.012578 0.214269 1.000000
0.211390 0.030166 0.076834 0.000000
0.050889 -0.079860 -0.003274 0.000000
-0.811011 0.047155 0.029824 0.000000
0.054277 -0.005001 0.258538 1.000000
0.063508 -0.017491 0.151977 1.000000
-0.851944 0.079193 -0.130082 2.000000
0.776388 -0.079188 -0.035183 0.000000
0.091409 0.003635 -0.363890 1.000000
0.170379 -0.003838 0.079213 0.000000
-0.225249 0.008885 -0.087727 0.000000
0.548501 -0.069957 0.037349 0.000000
0.325786 -0.055166 0.265882 3.000000
-0.699925 0.063936 0.077584 2.000000
0.382053 0.003325 0.080351 0.000000
0.055828 -0.078852 -0.042940 0.000000
0.295558 -0.118363 0.203616 3.000000
0.142737 -0.039884 -0.217973 1.000000
-0.027383 0.014729 0.451672 1.000000
0.226595 -0.019249 -0.229739 3.000000
0.836715 -0.053950 -0.062231 0.000000
-0.843825 0.155939 -0.005265 2.000000
0.769639 0.018478 0.076446 0.000000
0.221733 -0.119682 -0.272120 3.000000
0.302695 -0.083610 -0.004283 0.000000
-0.523185 -0.018163 -0.072367 0.000000
0.160398 -0.012655 -0.085167 0.000000
-0.805839 0.191572 -0.009790 2.000000
-0.791902 0.285669 -0.005084 2.000000
-0.034365 -0.006837 0.384519 1.000000
-0.643270 0.106938 -0.009273 2.000000
0.695478 0.068539 0.038849 0.000000
-0.687590 -0.014362 -0.010695 0.000000
-0.013575 0.006557 0.377382 1.000000
0.635255 -0.082679 -0.005705 0.000000
-0.076022 -0.002467 -0.364382 1.000000
-0.040079 0.078779 0.044848 0.000000
0.287102 -0.075542 -0.193512 3.000000
0.093271 -0.025998 0.056070 1.000000
0.904023 -0.064837 -0.027296 0.000000
-0.064412 0.001412 0.444432 1.000000
0.165389 -0.009888 -0.221438 1.000000
0.001656 -0.002881 0.298954 1.000000
0.333078 -0.093901 -0.282257 3.000000
0.421228 0.059282 0.057311 0.000000
0.014740 -0.071948 -0.071669 0.000000
0.211132 -0.074404 -0.063937 1.000000
0.288318 -0.084075 -0.001309 0.000000
0.921995 -0.051985 0.029022 0.000000
0.742514 0.078443 -0.014471 0.000000
0.168104 -0.043530 0.215149 3.000000
0.571644 0.050413 0.063103 0.000000
0.189049 -0.005570 -0.086563 0.000000
0.281595 -0.103831 -0.273749 3.000000
-0.826034 0.073013 0.137962 2.000000
-0.080702 0.011729 0.450043 1.000000
-0.115636 -0.063311 -0.032571 0.000000
-0.662482 0.096026 -0.030322 0.000000
-0.020763 -0.049063 0.052838 1.000000
0.616379 -0.057907 0.055786 0.000000
0.235567 -0.034324 0.166018 1.000000
-0.615084 0.070763 -0.066575 0.000000
0.294032 -0.067448 0.062922 1.000000
-0.354720 -0.040013 0.054855 0.000000
-0.212423 -0.028144 -0.074694 0.000000
0.168595 -0.058346 0.128395 1.000000
-0.105112 0.018607 0.591978 1.000000
-0.079539 0.022383 -0.538613 1.000000
0.523341 0.008497 -0.087468 0.000000
0.610767 0.081003 0.006810 0.000000
0.186230 -0.013767 -0.182315 1.000000
-0.765785 0.073840 -0.099052 2.000000
-0.148192 0.022822 -0.607964 1.000000
-0.148786 0.004618 0.489063 1.000000
-0.543406 -0.048649 0.006707 0.000000
-0.694469 0.039501 0.038512 2.000000
0.084893 -0.039703 0.201806 1.000000
-0.015902 -0.072930 -0.041079 0.000000
-0.004550 0.034458 0.076808 0.000000
0.019058 -0.064216 0.142746 3.000000
-0.054249 -0.006992 0.311728 1.000000
0.121197 -0.081670 -0.060291 0.000000
-0.021410 -0.017646 -0.272663 1.000000
0.053553 0.032105 0.077170 0.000000
0.094926 -0.009371 0.207495 1.000000
0.560758 0.002084 0.080221 0.000000
0.173999 -0.089247 0.273303 3.000000
-0.163241 -0.033342 -0.071436 0.000000
0.016214 -0.004458 0.429124 1.000000
0.708666 0.027968 0.074584 0.000000
0.238205 -0.029696 -0.273904 3.000000
0.152537 -0.006139 0.275915 1.000000
0.595615 0.055196 0.058035 0.000000
-0.839067 0.071332 0.110036 2.000000
0.017145 -0.089505 0.150581 3.000000
-0.077367 0.094009 0.008258 0.000000
0.216872 -0.051054 0.052838 1.000000
0.254547 -0.063518 0.289128 3.000000
0.613741 -0.076731 -0.033838 0.000000
-0.645778 -0.021033 -0.028434 0.000000
0.312469 -0.072542 -0.299271 3.000000
0.185842 -0.039522 0.240593 3.000000
0.494949 -0.076292 0.021368 0.000000
0.105450 0.000170 0.314495 1.000000
-0.225094 0.097423 0.003888 0.000000
0.267321 -0.009009 0.078618 0.000000
-0.591062 -0.034143 -0.031640 0.000000
-0.679574 0.069677 -0.056878 0.000000
0.249660 -0.059225 0.076679 0.000000
-0.194064 0.043741 0.745704 1.000000
-0.016910 0.014935 0.452965 1.000000
0.100382 -0.037298 -0.238582 3.000000
0.151218 -0.084566 -0.229506 3.000000
-0.819234 0.312199 -0.002059 2.000000
0.020532 0.049689 0.070214 0.000000
-0.443154 0.043172 -0.084287 0.000000
-0.272569 0.032777 0.078903 0.000000
-0.337188 -0.049399 0.043865 0.000000
-0.034365 0.015582 0.560095 1.000000
-0.263803 -0.031325 0.063931 0.000000
0.157580 -0.068353 -0.085891 1.000000
0.170845 -0.024757 -0.263639 1.000000
0.547467 0.010798 -0.087287 0.000000
-0.127841 0.038854 0.076162 0.000000
0.038995 -0.024265 0.266994 1.000000
-0.282938 -0.049503 -0.052560 0.000000
-0.475348 -0.045366 -0.051008 0.000000
-0.443904 -0.018577 -0.077952 0.000000
-0.058128 0.023572 -0.548827 1.000000
0.377606 0.022383 0.078256 0.000000
0.197711 -0.050356 0.163381 1.000000
0.074627 -0.024602 0.082135 1.000000
0.015438 -0.100572 0.129041 3.000000
0.197841 -0.105770 0.245015 3.000000
-0.011661 -0.030988 -0.123669 1.000000
0.863064 0.058791 -0.011859 0.000000
0.060922 -0.114406 -0.148234 3.000000
0.405067 -0.012422 0.078489 0.000000
0.787869 -0.023929 0.076394 0.000000
0.025755 -0.007380 -0.260226 1.000000
0.905601 0.036553 -0.035519 0.000000
0.417142 -0.078360 0.001277 0.000000
-0.418253 -0.062173 0.003139 0.000000
0.607277 -0.030497 -0.081624 0.000000
0.105915 -0.024446 0.061966 1.000000
-0.449257 -0.049684 -0.047181 0.000000
-0.807546 0.070944 -0.148700 2.000000
0.024721 -0.013431 -0.367769 1.000000
0.355833 0.082321 -0.030063 0.000000
-0.326121 0.007773 -0.087184 0.000000
-0.082693 0.021296 0.616233 1.000000
-0.690228 0.046094 0.062405 2.000000
0.638358 0.079374 0.015344 0.000000
0.247824 -0.028429 0.144634 1.000000
0.840283 -0.008156 0.069594 0.000000
-0.878810 0.104171 -0.245745 2.000000
0.181447 -0.115906 0.242300 3.000000
0.071783 -0.009061 0.216933 1.000000
0.265020 0.084804 -0.028020 0.000000
0.018231 0.006299 -0.373872 1.000000
0.805478 0.016358 0.072904 0.000000
0.088901 -0.081463 -0.024219 0.000000
0.836689 -0.074637 0.029178 0.000000
0.664888 -0.073577 -0.042165 0.000000
0.749108 0.057420 0.052760 0.000000
0.196573 -0.119397 0.247781 3.000000
0.202676 -0.031376 0.231413 3.000000
0.693746 -0.082084 -0.021116 0.000000
-0.002378 -0.037660 0.191359 1.000000
-0.108732 0.032881 -0.644476 1.000000
-0.582452 0.003635 -0.075832 0.000000
0.142737 -0.063751 -0.257769 3.000000
0.354747 -0.077507 0.033651 0.000000
0.033383 0.000300 0.309660 1.000000
0.040417 -0.003812 -0.439810 1.000000
-0.809511 0.064738 -0.055999 2.000000
-0.774525 0.066574 -0.058300 2.000000
0.351722 0.038854 0.072852 0.000000
-0.268406 0.024891 0.079808 0.000000
-0.003619 -0.009345 -0.391015 1.000000
0.318675 -0.041849 -0.237651 3.000000
0.242161 -0.084773 0.007948 0.000000
0.158872 0.090234 -0.009920 0.000000
-0.103845 0.083614 -0.046845 0.000000
0.029194 -0.004639 0.078592 0.000000
-0.016290 -0.029902 -0.200416 1.000000
-0.928148 0.372190 -0.004076 2.000000
0.232464 -0.083273 0.047485 0.000000
-0.149381 0.038751 -0.702656 1.000000
0.869606 -0.127491 0.010069 3.000000
-0.773646 0.066677 0.134704 2.000000
0.421487 0.026753 -0.084236 0.000000
-0.722576 0.131607 -0.010721 2.000000
-0.030176 -0.128577 -0.160569 3.000000
0.274225 -0.072697 -0.266793 3.000000
0.035555 -0.017491 -0.177687 1.000000
0.025626 -0.053459 -0.060420 1.000000
0.314977 0.087338 -0.009118 0.000000
-0.021927 -0.027213 0.154641 1.000000
-0.088149 -0.068767 -0.006429 0.000000
0.279009 -0.080817 -0.285127 3.000000
0.734679 -0.076137 0.032151 0.000000
-0.155872 0.025149 -0.597725 1.000000
0.508809 0.070375 -0.049146 0.000000
0.491795 0.029674 0.075334 0.000000
-0.016135 0.091553 0.016714 0.000000
-0.670653 -0.019120 -0.003197 0.000000
-0.777421 0.054317 -0.082684 2.000000
-0.036149 -0.030083 -0.178178 1.000000
0.246790 -0.123095 0.212382 3.000000
0.210692 -0.052476 -0.060420 1.000000
0.278699 -0.035384 0.201159 3.000000
0.442923 0.014910 -0.087158 0.000000
0.766769 0.062721 -0.050698 0.000000
-0.002921 -0.017103 -0.211147 1.000000
-0.088718 -0.000269 -0.485578 1.000000
-0.345204 0.053050 -0.079943 0.000000
-0.897196 0.106835 -0.259708 2.000000
-0.757278 0.148440 -0.010954 2.000000
0.788645 0.052766 0.051829 0.000000
-0.682289 0.096621 -0.024426 0.000000
0.625196 -0.005829 0.080454 0.000000
0.221475 -0.075102 0.185929 3.000000
-0.818639 0.098172 0.225337 2.000000
-0.687823 0.042810 0.028764 2.000000
-0.867795 0.198527 -0.003481 2.000000
0.158278 0.021400 0.079523 0.000000
-0.003387 0.088062 0.025609 0.000000
-0.014402 -0.110657 0.120120 3.000000
-0.705432 0.059903 0.033780 2.000000
-0.077470 0.029416 0.078799 0.000000
-0.560369 -0.024886 0.051571 0.000000
-0.475089 0.000610 -0.085141 0.000000
0.142763 0.058610 -0.070738 0.000000
-0.678980 0.098509 0.003242 2.000000
0.282913 -0.031971 0.267537 3.000000
0.221552 -0.018577 0.129740 1.000000
0.115302 -0.022042 -0.084391 0.000000
0.144004 -0.017697 -0.121652 1.000000
-0.603552 -0.035358 -0.015014 0.000000
-0.206605 -0.060673 -0.034485 0.000000
-0.880983 0.308915 -0.000301 2.000000
0.317511 -0.119320 0.209046 3.000000
0.014740 -0.025119 -0.081883 3.000000
-0.675877 0.112963 0.002466 2.000000
-0.087891 -0.011621 0.326804 1.000000
0.334630 -0.039211 -0.228756 3.000000
0.140229 -0.024498 0.052838 1.000000
0.071524 -0.039496 -0.205872 1.000000
0.060405 -0.023050 0.106364 1.000000
-0.794591 0.241219 0.001432 2.000000
0.096736 -0.020076 0.107708 1.000000
-0.013575 -0.073551 -0.029520 0.000000
0.265020 -0.069569 0.073602 0.000000
0.016421 -0.063492 0.094728 3.000000
-0.146847 0.028097 0.604209 1.000000
-0.800357 0.132745 0.001122 2.000000
0.000725 -0.025558 -0.210501 3.000000
0.942888 -0.057493 -0.018634 0.000000
0.026402 -0.032049 0.066646 1.000000
-0.476847 -0.040452 0.049218 0.000000
-0.322423 -0.050666 -0.050129 0.000000
-0.775482 0.100810 0.001122 2.000000
-0.152769 0.000145 -0.086408 0.000000
-0.076565 0.002756 0.445233 1.000000
0.520419 0.049404 0.064655 0.000000
0.059940 -0.115932 -0.121937 3.000000
0.407032 0.042319 -0.077745 0.000000
-0.726636 0.039785 0.032203 2.000000
-0.056835 0.068979 0.056820 0.000000
-0.090942 0.031097 0.621999 1.000000
-0.602052 -0.034402 0.014749 0.000000
-0.857788 0.098845 0.211994 2.000000
-0.417219 0.071616 -0.068566 0.000000
0.124481 -0.068715 0.066155 1.000000
-0.041734 -0.041745 -0.074591 0.000000
0.705563 0.041543 0.067215 0.000000
0.421073 0.066264 0.050536 0.000000
-0.631091 0.045551 -0.074203 0.000000
0.055828 -0.025998 -0.269896 1.000000
-0.159466 0.029623 -0.630125 1.000000
0.217337 -0.080222 -0.072522 0.000000
0.208985 -0.073784 0.059069 1.000000
0.152537 -0.083325 0.255642 3.000000
-0.461927 -0.058269 -0.025460 0.000000
-0.024021 -0.039832 0.068844 1.000000
-0.725964 0.182108 -0.008291 2.000000
-0.808321 0.130624 -0.007929 2.000000
-0.758726 0.079477 -0.144123 2.000000
-0.784868 0.069263 0.142875 2.000000
0.198358 -0.078826 0.259883 3.000000
-0.789549 0.078107 0.109622 2.000000
-0.877854 0.101069 -0.257562 2.000000
0.188351 0.085243 0.023230 0.000000
-0.301220 0.059773 0.067861 0.000000
-0.012825 -0.027498 -0.216577 3.000000
0.015929 -0.013146 -0.334490 1.000000
-0.153880 0.033501 -0.655724 1.000000
-0.826164 0.092846 0.230741 2.000000
0.398499 -0.028066 0.073343 0.000000
0.269752 0.043276 0.071171 0.000000
0.224966 -0.019585 0.076834 0.000000
0.132368 -0.067164 0.219286 3.000000
0.271613 0.005471 -0.087933 0.000000
-0.730411 0.204449 -0.006662 2.000000
0.472660 -0.005622 -0.087546 0.000000
-0.885430 0.093518 0.192368 2.000000
-0.793763 0.237134 -0.009170 2.000000
0.075532 0.000791 0.309867 1.000000
-0.088899 0.005885 -0.474071 1.000000
0.716475 0.076814 0.018576 0.000000
0.240558 -0.062199 -0.116015 1.000000
-0.930242 0.066134 -0.005446 0.000000
-0.778326 0.049430 0.046865 2.000000
0.136376 -0.007432 -0.237600 1.000000
0.196418 -0.060544 -0.291074 3.000000
-0.070023 0.024374 -0.556274 1.000000
0.372589 0.083873 0.017257 0.000000
0.009465 0.006971 -0.381603 1.000000
0.121611 -0.023360 -0.241013 3.000000
-0.051819 -0.031816 -0.201605 3.000000
0.296437 -0.071198 -0.300719 3.000000
-0.419313 0.079762 0.053096 0.000000
0.589667 -0.018344 -0.085632 0.000000
0.128463 -0.060027 0.112802 1.000000
-0.512299 0.099129 0.022403 0.000000
-0.111344 0.031252 -0.086020 0.000000
0.155356 -0.015008 0.146392 1.000000
0.058828 0.003791 -0.087804 0.000000
-0.102294 0.055791 0.067965 0.000000
0.125878 -0.009681 0.202194 1.000000
0.095339 -0.025688 -0.286627 1.000000
-0.156828 0.034407 -0.663999 1.000000
0.010499 -0.010948 -0.383827 1.000000
-0.025185 -0.072258 0.024963 0.000000
0.604510 -0.080739 0.011568 0.000000
0.317537 -0.127077 0.231129 3.000000
0.267761 -0.051804 0.220786 3.000000
0.340396 0.058610 -0.067066 0.000000
0.321106 -0.086790 -0.198968 3.000000
0.504750 0.082864 0.008129 0.000000
-0.835602 0.074383 0.135920 2.000000
0.134411 -0.021473 0.075567 1.000000
0.310090 -0.058114 0.285379 3.000000
-0.165258 0.032338 -0.699321 1.000000
-0.079202 0.010436 -0.088037 0.000000
0.120861 -0.005984 0.242765 1.000000
-0.082124 -0.026929 0.337793 1.000000
-0.639598 0.104301 0.001691 2.000000
0.204408 -0.093255 0.193040 3.000000
0.761882 0.025822 -0.082167 0.000000
-0.092804 0.028175 -0.595009 1.000000
0.198409 -0.077067 0.209098 3.000000
0.849334 -0.061656 -0.052172 0.000000
-0.780834 0.059489 0.099537 2.000000
0.068912 -0.028584 0.076808 0.000000
0.191298 -0.016379 0.228000 1.000000
0.284982 -0.060311 0.288379 3.000000
0.080729 0.056515 -0.073039 0.000000
0.363099 0.031226 0.075619 0.000000
-0.358780 0.087286 -0.048759 0.000000
-0.312494 0.086743 0.040633 0.000000
-0.828801 0.287221 0.000708 2.000000
-0.815484 0.065876 -0.113610 2.000000
0.029194 0.014056 0.080118 0.000000
0.033668 -0.032669 -0.061894 1.000000
0.679395 -0.040427 0.070266 0.000000
0.527324 0.046896 -0.073660 0.000000
0.172034 -0.104115 -0.272767 3.000000
-0.444990 0.086097 0.045546 0.000000
0.162337 -0.073887 -0.226532 3.000000
0.291214 -0.064811 -0.080538 0.000000
0.434261 -0.076473 0.016481 0.000000
-0.043312 -0.009061 -0.352022 1.000000
-0.048121 0.015582 -0.580089 1.000000
0.854583 0.059799 -0.017289 0.000000
0.236524 -0.083144 -0.057705 0.000000
-0.598225 0.095871 0.031789 0.000000
0.082721 -0.006087 -0.395747 1.000000
0.291809 -0.042599 -0.264544 3.000000
-0.125876 0.017495 -0.570884 1.000000
-0.326922 0.098715 0.009008 0.000000
0.597140 -0.066621 -0.052327 0.000000
0.091461 -0.000735 -0.303745 1.000000
-0.689607 0.059023 -0.051422 2.000000
-0.547931 -0.015112 0.063310 0.000000
0.263856 -0.027420 0.114587 1.000000
0.401111 0.031200 0.075412 0.000000
-0.737729 0.072082 -0.106008 2.000000
0.308978 -0.086506 0.185308 3.000000
-0.118041 -0.005156 -0.085580 0.000000
-0.031856 -0.026644 -0.204372 1.000000
0.000156 -0.045598 -0.121032 1.000000
-0.042769 -0.071120 -0.011859 0.000000
0.309702 -0.064500 0.069749 0.000000
0.307298 -0.123741 0.260142 3.000000
-0.199546 0.043741 -0.754760 1.000000
-0.186591 0.057834 0.067732 0.000000
0.718311 0.008678 0.079652 0.000000
-0.054896 -0.013948 0.340276 1.000000
0.054173 -0.063027 0.056613 1.000000
-0.041527 -0.126068 0.116940 3.000000
-0.792289 0.075288 0.094107 2.000000
-0.817113 0.273024 -0.008472 2.000000
-0.723792 0.058920 0.025661 2.000000
0.197711 -0.056433 0.270743 3.000000
0.275440 -0.016560 0.077299 0.000000
0.334397 0.038802 0.073085 0.000000
-0.162026 0.094785 0.014930 0.000000
0.019886 -0.001872 -0.454859 1.000000
-0.079254 0.009712 0.487692 1.000000
-0.577590 0.082166 -0.001283 2.000000
0.148426 -0.060286 0.116423 1.000000
0.142711 -0.083041 -0.043561 0.000000
-0.016471 -0.118208 0.132144 3.000000
0.640478 -0.069543 -0.049327 0.000000
0.183153 -0.010767 -0.230618 1.000000
0.024928 -0.020232 -0.339299 1.000000
-0.016057 0.000093 -0.337800 1.000000
-0.043803 0.004204 -0.498197 1.000000
-0.118920 0.060032 -0.073220 0.000000
-0.635486 0.012712 -0.068540 0.000000
0.738403 -0.065819 0.048985 0.000000
-0.694986 0.061635 0.048132 0.000000
-0.918296 0.373328 -0.003274 2.000000
0.247695 -0.062665 -0.060420 1.000000
-0.829784 0.224437 0.001406 2.000000
-0.025573 -0.012707 0.325614 1.000000
-0.509946 0.061945 -0.077228 0.000000
-0.207381 0.024322 -0.087365 0.000000
-0.012049 -0.014258 0.230819 1.000000
0.153882 -0.014258 -0.162637 1.000000
0.044761 -0.021680 0.130670 1.000000
0.271613 -0.101038 -0.246857 3.000000
0.180722 -0.048934 0.170440 1.000000
0.324752 -0.051494 0.195264 3.000000
-0.859339 0.097604 -0.212879 2.000000
0.219561 -0.071275 0.070964 1.000000
0.553673 -0.062820 0.048338 0.000000
0.176171 -0.073421 0.203823 3.000000
0.602493 0.046974 -0.072755 0.000000
-0.759243 0.056360 -0.041311 0.000000
0.267605 -0.059794 -0.214871 3.000000
0.210873 -0.055373 0.140910 1.000000
-0.862778 0.103809 0.237774 2.000000
0.182455 0.028925 -0.084986 0.000000
0.286999 -0.023309 -0.238453 3.000000
0.858410 -0.090126 -0.021789 0.000000
0.139970 -0.057131 0.130127 1.000000
0.107234 -0.058760 0.052838 1.000000
0.193574 -0.064449 -0.060420 1.000000
-0.808399 0.016151 -0.005524 0.000000
0.703675 -0.000812 -0.087830 0.000000
-0.037855 0.004437 0.490045 1.000000
-0.695037 0.081830 -0.010954 2.000000
0.271355 -0.104632 -0.263535 3.000000
-0.325397 -0.021654 0.070033 0.000000
-0.457790 0.083252 0.050459 0.000000
-0.019651 -0.039496 -0.218542 3.000000
0.275466 -0.126637 -0.267000 3.000000
0.188351 -0.116734 0.249152 3.000000
0.069481 -0.080403 -0.023624 0.000000
0.237145 -0.079964 -0.195503 3.000000
0.908342 0.044905 -0.018737 0.000000
0.140798 -0.060751 0.256030 3.000000
-0.016523 -0.018370 -0.214586 1.000000
-0.031572 0.063135 0.061991 0.000000
-0.073824 0.029338 -0.616394 1.000000
-0.328655 0.095897 0.021265 0.000000
-0.889516 0.102827 0.233120 2.000000
0.178473 -0.085264 -0.004231 0.000000
-0.186720 0.034070 0.691609 1.000000
0.165621 -0.038203 -0.224541 1.000000
0.191841 0.074797 0.044149 0.000000
0.236705 -0.030497 0.209589 3.000000
0.501000 0.032752 0.074326 0.000000
-0.333387 0.060730 0.067680 0.000000
0.025962 -0.112726 0.122654 3.000000
-0.586899 0.037561 -0.081184 0.000000
-0.040984 0.042759 -0.082038 0.000000
0.126964 -0.067397 -0.081650 1.000000
-0.181006 0.042526 0.732982 1.000000
0.295067 -0.046710 0.259728 3.000000
0.189307 -0.084463 -0.027477 0.000000
-0.032555 -0.120871 -0.155681 3.000000
0.069947 -0.037582 -0.215155 1.000000
0.304893 -0.042961 0.062819 1.000000
0.174801 -0.093720 0.262650 3.000000
0.009154 -0.059924 -0.137452 3.000000
-0.001085 -0.018318 0.325433 1.000000
-0.617360 0.102542 0.008517 0.000000
0.208235 -0.087204 -0.294565 3.000000
-0.637141 0.020624 0.063853 0.000000
0.619223 0.026701 -0.083072 0.000000
-0.745409 0.167886 -0.010333 2.000000
0.198358 -0.018680 -0.115033 1.000000
0.033280 -0.037737 -0.195555 1.000000
0.014791 -0.008957 0.394552 1.000000
0.764700 -0.029670 0.075851 0.000000
-0.762398 0.240960 -0.001076 2.000000
0.176275 -0.021912 0.230793 3.000000
0.801083 -0.078774 0.027316 0.000000
0.198280 -0.083041 -0.259501 3.000000
-0.160242 -0.057131 0.035771 0.000000
0.820916 -0.050589 0.060130 0.000000
0.029686 -0.053123 -0.147407 3.000000
0.976271 -0.044228 -0.015945 0.000000
0.124093 -0.056097 0.131498 1.000000
0.069636 0.073866 -0.056800 0.000000
0.078170 -0.024188 0.287293 1.000000
-0.066351 -0.068327 -0.016177 0.000000
-0.052491 -0.069543 0.016817 0.000000
-0.021772 -0.126172 0.143496 3.000000
0.102838 -0.025610 0.280078 1.000000
-0.379388 0.020572 0.080196 0.000000
0.532418 0.077279 0.026980 0.000000
0.377295 0.084856 -0.019332 0.000000
-0.142451 0.017547 -0.541328 1.000000
-0.768242 0.157206 0.003268 2.000000
0.158691 0.040535 0.073938 0.000000
0.147624 -0.067293 0.256185 3.000000
0.020687 -0.021033 0.284707 1.000000
0.191635 -0.022429 0.054260 1.000000
-0.838937 0.178591 -0.000714 2.000000
-0.130557 0.019667 -0.543888 1.000000
0.288783 -0.085782 0.183757 3.000000
0.622378 0.080149 0.011698 0.000000
-0.007472 -0.017697 -0.332188 1.000000
0.248367 -0.070215 -0.081081 0.000000
-0.164508 0.031019 -0.686702 1.000000
0.648210 0.079089 -0.023495 0.000000
-0.371243 0.070323 -0.068954 0.000000
-0.140408 0.023805 0.079730 0.000000
-0.798728 0.056955 0.070059 2.000000
0.069559 -0.015810 -0.169619 1.000000
-0.692995 0.096750 0.013844 0.000000
-0.835059 0.274266 -0.008860 2.000000
0.236679 0.071590 -0.055326 0.000000
0.275415 -0.110760 0.221536 3.000000
0.010396 0.011574 -0.087882 0.000000
0.151580 -0.024110 0.277906 1.000000
-0.020324 -0.016637 -0.330559 1.000000
0.570093 0.042216 -0.075961 0.000000
0.003673 0.057291 0.065870 0.000000
-0.498775 0.102465 -0.013281 0.000000
-0.112146 0.013125 -0.534191 1.000000
-0.661577 0.047698 -0.035261 2.000000
0.448431 -0.066724 0.040012 0.000000
0.137953 -0.035669 0.052838 1.000000
0.214674 -0.051339 -0.164732 1.000000
-0.334757 -0.062380 0.013275 0.000000
-0.785308 0.038156 -0.037795 0.000000
-0.096372 0.025123 -0.566902 1.000000
0.658838 -0.041745 -0.077073 0.000000
0.271846 -0.110631 0.195083 3.000000
0.172887 -0.072103 0.063129 1.000000
-0.062627 0.027632 0.592391 1.000000
0.088668 -0.050563 -0.155811 1.000000
-0.626358 0.102206 0.008388 0.000000
0.441863 0.023598 0.077506 0.000000
-0.458643 0.066962 -0.073065 0.000000
-0.165982 0.039087 -0.752614 1.000000
0.219613 -0.047744 0.194695 3.000000
-0.142038 -0.043090 -0.063653 0.000000
0.050088 0.007876 -0.088063 0.000000
0.294472 -0.076318 -0.285618 3.000000
-0.046673 0.038932 0.075670 0.000000
-0.032348 0.088269 -0.034175 0.000000
0.838758 -0.045495 0.060492 0.000000
-0.819621 0.084106 -0.145830 2.000000
0.176714 -0.037272 -0.227231 1.000000
0.149227 -0.071896 0.058345 1.000000
0.011663 -0.121595 0.130127 3.000000
0.295946 -0.036238 -0.282825 3.000000
0.054820 0.000170 0.303868 1.000000
-0.022005 -0.121802 -0.141977 3.000000
-0.674816 0.084183 0.038926 0.000000
-0.563911 -0.036419 -0.040225 0.000000
0.122180 -0.019611 0.316978 1.000000
-0.820992 0.227928 -0.009377 2.000000
-0.128022 0.014548 -0.509471 1.000000
-0.716681 0.061842 -0.046638 2.000000
0.816882 -0.070086 0.041253 0.000000
-0.730566 -0.001381 -0.017212 0.000000
0.006258 -0.013250 -0.342764 1.000000
0.016240 -0.084592 0.129662 3.000000
0.731705 -0.081282 -0.027426 0.000000
0.713036 0.056334 -0.062334 0.000000
0.743704 0.021710 0.076291 0.000000
-0.220336 0.078624 0.050459 0.000000
-0.028728 0.006738 0.385398 1.000000
-0.813881 0.087674 -0.011109 0.000000
-0.627962 0.101663 -0.019823 0.000000
0.070800 -0.056950 -0.110999 1.000000
-0.051379 0.000248 -0.451989 1.000000
-0.074031 0.028201 -0.599974 1.000000
0.272053 -0.070319 0.256444 3.000000
0.185403 -0.018887 0.217243 3.000000
0.002767 -0.073396 -0.065101 0.000000
-0.107310 -0.033083 0.064888 0.000000
0.224397 -0.017749 0.158856 1.000000
-0.034623 -0.032255 -0.142752 1.000000
0.392293 0.039501 0.071999 0.000000
0.074394 -0.042599 0.183447 1.000000
0.187937 -0.030859 -0.247710 3.000000
0.532314 0.014315 0.079523 0.000000
0.027617 -0.018887 0.312297 1.000000
-0.500171 0.024580 0.080144 0.000000
0.258167 0.063187 0.056561 0.000000
-0.041734 0.020004 -0.512109 1.000000
0.018386 -0.051701 -0.082296 0.000000
-0.238669 -0.004820 -0.085218 0.000000
0.197996 -0.015422 0.159864 1.000000
0.268640 -0.083920 0.016585 0.000000
0.373055 -0.056691 0.051571 0.000000
-0.697675 -0.010664 -0.016643 0.000000
0.298170 -0.039651 -0.242306 3.000000
0.156519 -0.056950 -0.234238 3.000000
0.721595 0.004825 -0.087468 0.000000
0.056914 -0.058450 0.085962 1.000000
-0.552224 0.099181 -0.031537 0.000000
-0.071885 0.040768 -0.082839 0.000000
-0.693693 0.093208 0.022170 0.000000
0.214028 -0.080636 0.187868 3.000000
-0.654932 0.057058 0.059613 0.000000
-0.205338 0.047827 0.784698 1.000000
0.068576 -0.020775 -0.231652 3.000000
0.271251 -0.093487 -0.258700 3.000000
-0.148786 0.038932 0.697091 1.000000
-0.154786 -0.064500 0.019015 0.000000
-0.071497 -0.004458 0.341207 1.000000
0.942009 -0.039082 -0.038389 0.000000
-0.409151 -0.062147 -0.012919 0.000000
0.210485 -0.046762 -0.183427 1.000000
-0.094536 0.032234 0.648141 1.000000
0.312340 -0.113398 0.237516 3.000000
0.009904 -0.059251 -0.096311 3.000000
-0.182997 0.040018 0.753332 1.000000
0.249479 -0.033807 0.203797 3.000000
-0.819466 0.082089 0.127929 2.000000
-0.109301 0.020624 0.529453 1.000000
0.178344 -0.017051 0.123947 1.000000
-0.257313 -0.045107 -0.058507 0.000000
0.264399 -0.083584 -0.034330 0.000000
0.072015 0.005730 0.400473 1.000000
0.284723 -0.024627 0.075179 0.000000
-0.098803 0.010410 0.453482 1.000000
0.099787 -0.081437 -0.041725 0.000000
-0.761855 0.059515 0.107631 2.000000
0.310271 -0.040220 -0.248408 3.000000
0.181162 -0.107890 0.229112 3.000000
-0.728110 0.069082 0.084023 2.000000
0.767234 -0.080300 -0.032597 0.000000
-0.719163 0.026080 0.039443 0.000000
-0.610482 0.113584 -0.003352 2.000000
-0.260467 -0.047253 0.048261 0.000000
0.857505 0.032441 0.051364 0.000000
-0.710578 0.143734 -0.009790 2.000000
0.187523 -0.050744 -0.170007 1.000000
-0.654182 0.025408 -0.068462 0.000000
-0.024926 -0.108537 0.112259 3.000000
0.156209 -0.037789 0.230974 3.000000
0.187032 -0.074508 -0.204062 3.000000
-0.091407 0.094656 -0.013049 0.000000
0.141160 -0.016327 0.129972 1.000000
-0.795237 0.070013 0.027187 0.000000
0.386113 0.084390 -0.021556 0.000000
0.606837 -0.054442 0.059044 0.000000
-0.782825 0.281118 -0.004386 2.000000
-0.138004 0.090286 0.026618 0.000000
-0.791927 0.025356 0.022842 0.000000
0.198513 -0.037582 0.247859 3.000000
0.004112 -0.032850 0.084643 1.000000
0.497483 0.017806 -0.086563 0.000000
-0.567712 0.014211 -0.081857 0.000000
-0.170042 0.027296 -0.633952 1.000000
0.237171 -0.026515 0.254996 3.000000
-0.030020 0.007256 -0.520900 1.000000
0.193005 -0.078360 -0.284739 3.000000
-0.576013 0.093285 0.037168 0.000000
0.640297 -0.032023 -0.081236 0.000000
0.151787 -0.084334 0.007664 0.000000
-0.560653 0.081003 -0.061558 0.000000
0.328243 -0.098038 0.206409 3.000000
0.158304 -0.081075 -0.220404 3.000000
-0.253848 -0.025093 0.068844 0.000000
-0.008662 0.002937 -0.354581 1.000000
0.175215 -0.109855 0.255384 3.000000
0.042925 0.054317 0.067189 0.000000
-0.671170 0.054705 0.030419 2.000000
-0.617179 0.001800 0.060285 0.000000
-0.660672 0.045836 -0.050698 2.000000
0.879665 -0.060751 0.035797 0.000000
-0.152045 0.038828 -0.739944 1.000000
-0.396403 0.027890 0.079782 0.000000
-0.063791 -0.004044 0.376192 1.000000
0.234068 -0.081696 0.061681 0.000000
0.510180 0.075986 0.031712 0.000000
-0.110387 0.028769 -0.602250 1.000000
0.018205 -0.078257 -0.155164 3.000000
0.151089 -0.020257 0.218174 3.000000
0.249944 -0.068560 0.080506 1.000000
0.002742 -0.023076 0.157951 1.000000
-0.893627 0.098638 0.218303 2.000000
-0.660620 0.026132 0.059483 0.000000
0.979839 -0.045210 0.000320 0.000000
0.193962 -0.095349 -0.287842 3.000000
0.109535 -0.027575 0.266063 1.000000
-0.139840 0.023831 -0.577917 1.000000
0.058698 -0.134059 -0.126436 3.000000
-0.271948 0.082011 0.046761 0.000000
-0.726507 0.055041 0.040452 0.000000
-0.241694 0.076426 0.053045 0.000000
-0.031546 0.021840 -0.563618 1.000000
-0.780447 0.250063 -0.007515 2.000000
-0.381922 0.028976 0.079704 0.000000
0.204046 -0.018292 0.220760 3.000000
0.066120 -0.044435 0.170026 1.000000
0.443647 -0.078360 -0.014471 0.000000
-0.032942 -0.048391 0.208426 1.000000
0.141780 -0.011414 -0.192374 1.000000
0.161898 -0.008285 0.235318 1.000000
-0.823293 0.100422 0.246359 2.000000
-0.718620 0.194287 -0.001206 2.000000
0.243402 -0.027006 0.076834 0.000000
0.173508 -0.026101 0.215692 3.000000
0.176792 -0.042728 0.211890 3.000000
-0.061852 0.040147 0.075386 0.000000
0.786188 0.061919 -0.047155 0.000000
0.020144 0.092691 0.004121 0.000000
0.051820 -0.006578 0.412756 1.000000
-0.761208 0.076969 0.114768 2.000000
0.231973 -0.063052 0.105924 1.000000
-0.130841 0.033372 0.640643 1.000000
0.870692 -0.058320 -0.049534 0.000000
0.008741 -0.126922 0.123508 3.000000
0.320149 -0.059510 0.189834 3.000000
-0.172472 0.012143 -0.088063 0.000000
0.203064 -0.049477 0.276458 3.000000
-0.112947 0.067582 0.059199 0.000000
-0.595639 0.032648 0.072852 0.000000
-0.893084 0.061376 -0.017315 0.000000
-0.187780 0.041647 -0.083253 0.000000
-0.467849 -0.055864 0.023773 0.000000
0.360772 -0.069750 0.043089 0.000000
0.015748 -0.004406 -0.288023 1.000000
0.198978 -0.046633 0.223320 3.000000
0.012956 0.088269 -0.031796 0.000000
-0.064567 0.004411 0.476341 1.000000
0.045123 -0.045676 0.151745 1.000000
