0.605741 0.022702 0.053005 0.000000
-0.859519 0.028140 0.312669 2.000000
-0.710518 0.039639 0.259583 2.000000
0.133654 0.039369 0.048486 0.000000
0.080541 0.025624 0.376766 1.000000
0.298511 0.003925 0.372302 3.000000
-0.684543 0.023270 0.040802 2.000000
-0.009314 0.017751 0.736351 1.000000
0.051266 0.026463 -0.383178 1.000000
0.051942 0.039369 0.001191 0.000000
0.291720 -0.040259 -0.310368 3.000000
-0.051820 -0.064232 -0.058956 0.000000
0.232952 0.037231 -0.169186 1.000000
-0.029309 0.039369 -0.033766 0.000000
-0.127471 -0.143427 0.036338 0.000000
-0.001062 0.019185 0.667545 1.000000
0.103621 0.027275 -0.474386 1.000000
-0.306181 0.039369 0.049054 0.000000
0.200403 0.018238 -0.407312 1.000000
0.704471 -0.007791 0.078925 0.000000
-0.106231 0.006251 -0.048025 0.000000
-0.681323 0.030900 0.094347 2.000000
0.293965 0.038936 -0.215101 1.000000
0.180381 0.025516 0.287262 1.000000
-0.353368 0.039369 -0.015774 0.000000
0.125780 0.039369 0.016072 0.000000
0.244993 0.037069 0.289670 1.000000
0.106435 0.031955 -0.124298 1.000000
0.326596 0.038530 -0.083686 1.000000
0.072641 0.026300 0.478662 1.000000
-0.741687 0.041831 0.293188 2.000000
0.084438 0.034336 -0.058983 0.000000
0.069178 0.020862 0.219593 1.000000
0.062332 0.023892 0.585455 1.000000
0.019907 -0.117533 0.086799 0.000000
0.382414 0.023081 0.139559 0.000000
0.161522 0.004330 -0.054113 0.000000
0.348999 0.038855 0.112665 1.000000
0.601114 -0.045725 -0.057279 0.000000
-0.889471 0.049623 -0.271000 2.000000
0.106787 0.014152 0.605423 1.000000
0.030216 0.025245 0.435804 1.000000
0.438719 0.031982 0.159744 0.000000
-0.195357 -0.043154 0.095700 0.000000
0.361445 0.004547 0.225843 1.000000
-0.703402 0.032929 0.125300 2.000000
0.097100 0.031631 0.140073 1.000000
0.869030 -0.032386 -0.015801 0.000000
-0.391897 -0.091369 0.062123 0.000000
0.658069 -0.025134 -0.050731 0.000000
0.212687 0.036068 0.188667 1.000000
0.405169 0.039342 -0.071457 1.000000
0.166880 0.027464 -0.157362 1.000000
-0.760979 0.040776 0.266293 2.000000
0.557282 -0.033089 -0.053951 0.000000
0.012602 0.013043 -0.655694 1.000000
0.090120 0.024812 0.592598 1.000000
0.130055 0.030197 0.414510 1.000000
-0.534757 0.023027 0.064585 2.000000
0.109655 0.024190 0.625147 1.000000
-0.850428 -0.000188 -0.273706 2.000000
0.207059 -0.002353 0.546683 3.000000
0.207465 0.034634 0.344758 1.000000
0.132707 0.031577 -0.312451 1.000000
0.043365 0.024948 -0.441891 1.000000
0.673302 -0.024323 0.089315 0.000000
0.241313 0.037258 -0.242158 1.000000
-0.748965 0.045186 0.238506 2.000000
0.323133 -0.002434 0.394542 3.000000
-0.666686 0.032307 -0.099379 2.000000
-0.523177 -0.059740 0.037285 0.000000
-0.435702 -0.067370 -0.042127 0.000000
0.137902 0.032524 0.315239 1.000000
-0.512435 -0.000053 0.075624 0.000000
0.644324 0.003437 -0.028950 0.000000
0.163443 -0.058387 -0.485615 3.000000
-0.359429 -0.096240 -0.030763 0.000000
-0.724587 0.047621 0.275439 2.000000
0.301677 -0.030194 0.409370 3.000000
0.206491 -0.030979 -0.524279 3.000000
0.258278 -0.010091 -0.507233 3.000000
0.030973 -0.124054 0.079791 0.000000
0.218071 0.026246 -0.106008 1.000000
-0.391681 0.035987 0.066695 0.000000
0.055243 0.020564 -0.463807 1.000000
-0.770611 0.045430 0.254145 2.000000
-0.061101 0.039369 0.033876 0.000000
0.124319 0.027139 -0.499711 1.000000
0.336336 -0.008576 -0.319513 3.000000
0.194478 0.035446 -0.258717 1.000000
-0.919044 0.120025 -0.273706 2.000000
-0.719528 0.037827 0.123109 2.000000
-0.901024 -0.003273 -0.273706 2.000000
-0.408807 -0.024864 0.089667 0.000000
-0.033070 0.012934 0.738569 1.000000
0.087684 -0.051190 0.097026 0.000000
-0.080095 0.011095 -0.890438 1.000000
0.438746 0.010499 0.093779 0.000000
-0.214486 0.039369 0.000812 0.000000
0.478547 -0.136230 0.021484 0.000000
0.564831 0.038801 0.024514 0.000000
0.385634 0.004141 -0.054113 0.000000
0.302299 0.005791 0.222488 1.000000
-0.428288 -0.061661 0.086853 0.000000
0.104081 -0.043831 -0.056873 0.000000
0.148156 0.031360 0.397465 1.000000
0.184088 0.039369 -0.018290 0.000000
-0.809086 0.046918 0.298491 2.000000
-0.729836 0.040992 -0.280551 2.000000
-0.816986 0.041560 0.249248 2.000000
0.841595 -0.108632 0.038665 0.000000
-0.406859 0.031008 0.070646 0.000000
-0.926458 0.181904 0.329525 2.000000
0.104811 -0.126083 -0.037906 0.000000
0.337175 0.039369 -0.007819 0.000000
-0.345846 -0.028977 -0.054708 0.000000
-0.852755 0.156092 0.312669 2.000000
-0.627643 0.028059 0.066641 2.000000
-0.842879 0.023351 0.329525 2.000000
0.122344 0.031739 -0.280281 1.000000
-0.705539 0.045619 0.221623 2.000000
0.253651 0.022891 -0.257255 1.000000
-0.441790 -0.084091 -0.006710 0.000000
0.250593 -0.012364 -0.052841 0.000000
0.319318 0.038314 -0.244918 1.000000
0.260199 0.021430 0.330066 1.000000
0.485987 -0.104411 -0.044697 0.000000
-0.326880 -0.056412 -0.058686 0.000000
0.552953 -0.016530 0.085067 0.000000
0.087928 0.017372 -0.498629 1.000000
0.008056 -0.111635 -0.052273 0.000000
0.193179 0.030819 -0.425630 1.000000
0.101781 -0.146051 0.020239 0.000000
-0.044163 -0.142967 0.044644 0.000000
0.819787 -0.112690 0.039693 0.000000
-0.041918 0.016912 -0.044724 0.000000
0.243559 0.025272 -0.118346 1.000000
-0.731460 0.039234 -0.212314 2.000000
-0.865147 0.031685 0.329525 2.000000
-0.855244 0.172867 -0.273706 2.000000
-0.932383 0.153738 0.312669 2.000000
0.111522 0.032118 0.154170 1.000000
0.653658 -0.082333 0.094699 0.000000
-0.734003 0.040695 0.167942 2.000000
0.196426 0.035013 -0.065423 1.000000
0.336823 -0.087582 0.093455 0.000000
0.088821 0.031062 -0.238126 1.000000
-0.577452 0.028681 -0.051380 2.000000
0.159980 0.005656 0.093238 0.000000
0.467372 0.024136 0.100706 0.000000
0.262742 -0.140856 0.006332 0.000000
0.144531 0.033200 0.297273 1.000000
-0.869368 -0.015665 -0.290589 2.000000
-0.063455 -0.096429 0.095024 0.000000
-0.896533 0.008741 0.312669 2.000000
0.022153 0.017182 -0.562591 1.000000
-0.607458 -0.012959 -0.021834 2.000000
-0.523014 0.031279 -0.022538 0.000000
-0.562382 0.039369 0.030629 2.000000
0.418914 0.039125 0.153899 0.000000
0.287364 -0.024052 0.091452 0.000000
-0.720529 0.042372 -0.264155 2.000000
0.339204 0.039288 -0.196405 1.000000
0.011466 0.022458 0.532370 1.000000
-0.605023 0.027085 0.059282 2.000000
0.051672 0.039369 0.046809 0.000000
0.208709 0.035527 0.315780 1.000000
0.036250 0.023757 -0.485534 1.000000
0.046693 -0.146051 0.016722 0.000000
0.046315 0.022945 0.587349 1.000000
-0.661328 -0.003814 0.026841 2.000000
-0.874374 0.143862 -0.287072 2.000000
0.233629 -0.000080 0.532640 3.000000
-0.727428 0.031685 0.050894 2.000000
0.180543 0.027302 0.167780 1.000000
0.079243 0.027545 -0.393053 1.000000
-0.738413 0.036501 0.118482 2.000000
0.184548 0.019212 -0.391646 1.000000
-0.009639 0.011013 0.874476 1.000000
0.407414 -0.127788 -0.016207 0.000000
0.252541 -0.017883 0.548279 3.000000
0.427734 -0.137339 0.022539 0.000000
0.249565 -0.002542 0.092345 0.000000
0.092149 0.023189 -0.376819 1.000000
0.062170 0.023676 -0.565216 1.000000
0.320995 -0.040503 -0.186286 3.000000
0.252460 -0.057846 -0.502688 3.000000
0.822655 -0.095184 -0.031602 0.000000
0.370563 -0.047456 0.246434 3.000000
0.366829 -0.057765 0.228738 3.000000
0.410283 -0.001568 -0.166453 3.000000
0.582932 0.036230 0.005060 0.000000
0.473649 -0.034036 -0.054303 0.000000
-0.063401 0.015018 0.735756 1.000000
-0.621826 0.036771 -0.006087 2.000000
0.338122 -0.036688 -0.313047 3.000000
0.129974 0.021430 -0.377577 1.000000
-0.668580 0.041317 -0.213505 2.000000
-0.867149 0.090641 0.329525 2.000000
0.674113 -0.005951 0.077329 0.000000
0.366559 -0.029409 0.091561 0.000000
0.218693 0.036420 -0.253711 1.000000
0.022153 0.016966 0.799961 1.000000
0.013874 0.007712 0.557749 1.000000
0.412745 0.038124 0.183256 1.000000
0.209061 0.063125 0.074894 0.000000
-0.055338 0.011960 -0.882132 1.000000
-0.827511 0.066426 0.329525 2.000000
0.643539 0.035879 0.004221 0.000000
0.007759 0.014666 -0.521817 1.000000
-0.164160 0.039369 -0.004247 0.000000
0.036033 0.011879 -0.511373 1.000000
-0.798560 0.039883 0.221704 2.000000
0.355736 0.039288 -0.205117 1.000000
0.193909 0.029060 0.507802 1.000000
0.120748 0.014855 -0.540432 1.000000
0.444645 -0.008927 0.234880 3.000000
0.045503 0.018292 0.767872 1.000000
0.212741 0.035554 -0.099190 1.000000
0.409633 -0.122241 -0.026218 0.000000
0.072424 0.011852 -0.643166 1.000000
0.201404 0.035337 -0.132632 1.000000
0.683745 0.000867 -0.031899 0.000000
-0.690631 0.044726 0.200139 2.000000
0.479494 0.039369 0.036852 0.000000
-0.285861 -0.099243 0.082659 0.000000
-0.541169 0.039369 0.006548 2.000000
0.118800 0.016425 -0.630396 1.000000
0.693621 0.038963 0.015585 0.000000
0.254787 0.035500 -0.311991 1.000000
0.215609 0.035662 0.115587 1.000000
0.792270 0.005142 0.061960 0.000000
0.206491 -0.006465 0.378985 1.000000
0.720786 -0.117723 -0.023539 0.000000
0.119314 0.005494 -0.492081 1.000000
-0.766011 0.041019 -0.229360 2.000000
-0.133045 -0.087879 0.095024 0.000000
0.273889 -0.120915 0.073054 0.000000
0.060005 0.011040 0.758429 1.000000
-0.009612 -0.133605 0.065532 0.000000
-0.891176 0.038611 0.329525 2.000000
0.100536 0.039369 -0.029735 0.000000
-0.887496 0.143132 0.329525 2.000000
-0.123331 0.039369 -0.003788 0.000000
0.224267 0.039369 0.049379 0.000000
0.263662 -0.057927 -0.344892 3.000000
-0.021057 0.015721 -0.778640 1.000000
0.241178 0.032875 -0.376441 1.000000
0.012818 0.006414 -0.051624 0.000000
0.322023 0.039017 0.199923 1.000000
0.229651 -0.062689 0.525200 3.000000
-0.856543 -0.005518 -0.290589 2.000000
-0.608135 0.041290 0.139018 2.000000
-0.876105 -0.013446 -0.273706 2.000000
0.595730 -0.130223 0.037555 0.000000
-0.387162 -0.095590 -0.015205 0.000000
0.295886 0.023649 -0.174949 1.000000
0.228461 -0.043235 -0.465268 3.000000
0.196209 0.020970 0.376901 1.000000
0.090174 0.020700 -0.428633 1.000000
0.342803 -0.018776 -0.162205 3.000000
0.421213 0.039369 -0.054086 0.000000
0.586043 0.016127 -0.029059 0.000000
-0.423878 -0.084903 -0.018696 0.000000
-0.478452 -0.027894 0.084959 0.000000
0.287012 0.038205 -0.155955 1.000000
-0.760546 0.043130 0.215318 2.000000
0.570269 -0.032927 -0.053897 0.000000
0.046342 -0.142696 0.045402 0.000000
-0.106394 0.006765 -0.920147 1.000000
0.300703 -0.133389 0.048216 0.000000
-0.099061 -0.131197 0.068400 0.000000
0.416208 0.039369 0.056766 0.000000
0.215501 0.039369 0.029925 0.000000
0.064145 0.024352 0.556937 1.000000
-0.678834 0.010743 0.042588 2.000000
0.763428 0.032848 0.018507 0.000000
0.617754 -0.131792 0.010769 0.000000
0.475462 -0.014447 0.091750 0.000000
0.214283 0.036176 -0.153384 1.000000
0.272104 0.041615 -0.023079 0.000000
-0.883681 0.029304 -0.290589 2.000000
0.397999 0.039369 -0.063637 1.000000
0.258223 0.037610 -0.128817 1.000000
0.191691 -0.038095 -0.463618 3.000000
-0.792229 0.040641 -0.203737 2.000000
0.062386 0.025326 0.504582 1.000000
0.650195 -0.048782 -0.057739 0.000000
0.573976 -0.047105 0.096458 0.000000
0.728984 -0.034577 -0.054492 0.000000
0.047803 -0.039772 -0.055980 0.000000
-0.433429 -0.034334 -0.050352 0.000000
0.333279 0.065641 0.071917 0.000000
-0.240623 -0.131711 0.022945 0.000000
0.342370 0.044185 -0.025298 0.000000
-0.867907 0.157796 -0.282229 2.000000
-0.405317 0.011960 -0.041072 0.000000
0.236659 0.039369 -0.015720 0.000000
-0.885521 0.131200 0.312669 2.000000
-0.739928 0.047567 -0.230956 2.000000
-0.096924 0.022080 0.080521 0.000000
0.203379 0.026409 0.178386 1.000000
0.435716 -0.001703 -0.196297 3.000000
-0.213836 0.017318 -0.042749 0.000000
0.608013 -0.106440 0.080521 0.000000
0.186171 -0.019669 -0.466188 3.000000
-0.353098 0.034526 -0.031007 0.000000
-0.400880 -0.081169 0.076192 0.000000
0.788401 -0.001812 0.069618 0.000000
0.097263 0.012772 -0.607722 1.000000
-0.091080 0.007577 -0.867061 1.000000
0.327083 -0.023322 -0.367782 3.000000
-0.549286 -0.016909 -0.033739 2.000000
0.012196 0.033389 -0.042939 0.000000
-0.051414 0.039369 0.043400 0.000000
0.296969 0.066588 0.073460 0.000000
0.042960 0.021214 -0.640975 1.000000
0.115418 -0.072619 -0.058307 0.000000
0.361689 -0.022537 0.195837 3.000000
-0.789280 0.066101 0.312669 2.000000
0.207384 0.036528 0.241726 1.000000
-0.899563 0.135962 -0.273706 2.000000
0.036737 -0.065936 0.097892 0.000000
0.120667 0.032794 0.263506 1.000000
0.318046 -0.112284 -0.039989 0.000000
-0.006906 0.014693 0.634049 1.000000
0.263175 0.012393 -0.336775 1.000000
0.200809 0.017805 -0.420029 1.000000
0.140932 0.039369 -0.002435 0.000000
0.182978 0.035337 0.234664 1.000000
-0.634515 0.036501 0.050840 2.000000
0.383929 -0.057467 0.097784 0.000000
0.686316 0.029006 -0.007548 0.000000
0.122994 0.039369 -0.025947 0.000000
0.222914 0.035500 -0.288263 1.000000
-0.860142 -0.019263 -0.290589 2.000000
-0.087725 -0.083442 -0.056088 0.000000
0.457957 -0.129438 -0.010227 0.000000
0.058463 0.039369 0.034390 0.000000
0.191934 -0.118994 -0.046537 0.000000
0.180300 0.034472 -0.126111 1.000000
0.797654 0.009904 0.017452 0.000000
0.235577 -0.131792 0.064287 0.000000
-0.750670 0.035608 0.152628 2.000000
-0.770530 0.108607 -0.273706 2.000000
0.337906 0.023324 -0.125435 1.000000
0.198266 0.036230 -0.211205 1.000000
-0.250201 -0.127166 0.037772 0.000000
0.220912 0.032036 0.435993 1.000000
0.098832 0.031712 -0.203927 1.000000
0.180516 -0.062067 0.526093 3.000000
0.108194 0.030115 0.170134 1.000000
-0.112671 -0.144807 0.012068 0.000000
-0.827105 0.033281 -0.273706 2.000000
0.275432 -0.110445 0.084147 0.000000
-0.868178 0.055224 -0.290589 2.000000
0.323268 0.039044 -0.163017 1.000000
-0.207370 -0.132144 -0.004653 0.000000
0.033165 0.020077 0.711675 1.000000
0.099184 0.020267 0.468407 1.000000
0.417047 0.005981 -0.054303 0.000000
0.073615 0.011338 -0.672090 1.000000
-0.903676 0.115615 -0.290589 2.000000
0.254462 -0.001081 0.381826 1.000000
0.336472 -0.139233 0.014178 0.000000
0.111954 0.021620 -0.390429 1.000000
0.342884 0.023595 0.252792 1.000000
-0.101037 0.039369 -0.015178 0.000000
-0.722639 0.040857 -0.239723 2.000000
-0.319953 -0.106630 -0.027733 0.000000
-0.786574 0.071458 -0.285638 2.000000
0.243748 0.023838 0.276845 1.000000
0.218450 0.023892 0.290320 1.000000
0.132436 0.017155 0.647578 1.000000
0.872710 -0.092316 0.051949 0.000000
-0.347362 0.039098 0.060797 0.000000
0.190798 0.039369 -0.047187 0.000000
0.599031 -0.108361 -0.039746 0.000000
0.018554 0.015451 -0.601174 1.000000
0.209711 0.039369 -0.019237 0.000000
-0.798560 0.007307 -0.286558 2.000000
0.175646 0.023162 -0.300330 1.000000
0.336661 -0.135553 -0.000919 0.000000
0.271400 0.004087 -0.341835 1.000000
0.285497 0.009579 0.224382 1.000000
0.408010 -0.044372 -0.158174 3.000000
0.766918 -0.117073 0.057929 0.000000
-0.041485 0.019157 0.082957 0.000000
0.369968 -0.130575 0.050894 0.000000
0.348160 -0.053192 0.231958 3.000000
0.252054 0.009877 -0.184716 1.000000
-0.680972 0.030521 -0.046862 2.000000
-0.172521 0.039369 0.047810 0.000000
-0.693688 0.039369 0.013962 2.000000
-0.444955 0.039369 -0.006872 0.000000
-0.901809 0.074597 0.329525 2.000000
-0.091296 0.005440 -0.900666 1.000000
-0.075414 -0.139314 -0.015205 0.000000
0.861400 -0.109227 0.014611 0.000000
0.267017 0.039369 0.091263 0.000000
0.254165 -0.023241 0.513376 3.000000
-0.655998 0.034905 -0.147351 2.000000
-0.849725 0.119322 -0.273706 2.000000
0.167394 -0.010740 0.514350 3.000000
0.057489 0.025949 -0.423519 1.000000
0.009463 0.020456 -0.509046 1.000000
0.339745 -0.004220 -0.353280 3.000000
0.543240 0.014801 -0.038826 0.000000
0.340449 -0.051812 -0.058145 0.000000
0.242558 -0.027272 -0.520951 3.000000
0.024588 0.020348 -0.652447 1.000000
0.121965 0.032632 -0.235772 1.000000
0.272915 0.003870 0.223895 1.000000
0.519511 -0.072809 0.097215 0.000000
0.352002 0.023432 -0.078708 1.000000
0.654795 0.038422 0.026273 0.000000
0.020313 0.022107 0.570655 1.000000
0.239581 0.024975 0.198868 1.000000
0.042987 -0.142588 -0.006710 0.000000
-0.146357 -0.104303 -0.053220 0.000000
0.319859 0.038638 -0.128573 1.000000
0.117772 0.017263 0.519166 1.000000
0.156652 -0.033224 0.508073 3.000000
0.297402 -0.001568 0.360776 3.000000
0.666050 -0.043344 0.095727 0.000000
-0.195384 -0.074540 0.096999 0.000000
-0.694798 0.041858 -0.244241 2.000000
-0.891013 -0.034253 -0.285719 2.000000
0.446701 0.039369 -0.052409 0.000000
0.443779 -0.048052 -0.168563 3.000000
0.736398 -0.058198 -0.058740 0.000000
0.688589 -0.008819 -0.040774 0.000000
-0.669310 0.036582 -0.173731 2.000000
-0.820341 0.061555 0.312669 2.000000
-0.168841 -0.124541 -0.031899 0.000000
0.162524 0.016587 0.510697 1.000000
-0.116567 -0.111419 0.089640 0.000000
-0.435675 0.039369 -0.015151 0.000000
-0.025169 0.016181 -0.751285 1.000000
0.198293 0.035824 -0.180577 1.000000
-0.122141 -0.008332 0.091885 0.000000
0.150673 0.033985 0.271082 1.000000
-0.409240 0.041750 0.014422 0.000000
-0.749669 0.057226 -0.282445 2.000000
0.371240 -0.058441 0.219350 3.000000
0.361283 0.022296 -0.187584 1.000000
0.677522 -0.127301 -0.002110 0.000000
0.077457 0.024217 -0.369108 1.000000
0.534040 -0.099243 0.086880 0.000000
-0.689576 0.039369 0.024406 2.000000
0.482876 -0.120212 -0.027246 0.000000
0.096261 0.025299 0.368676 1.000000
0.336607 0.023108 0.196324 1.000000
0.773763 -0.015340 0.081712 0.000000
-0.608919 0.039829 -0.043615 2.000000
-0.593578 0.013800 0.060959 2.000000
0.296509 0.034147 0.368784 1.000000
0.156003 -0.084037 -0.056088 0.000000
-0.760492 0.035202 0.135988 2.000000
0.374216 0.039342 0.133255 1.000000
0.068691 0.020564 -0.674309 1.000000
0.338961 0.023676 0.116074 1.000000
-0.667092 0.041993 -0.104709 2.000000
0.292234 -0.044237 0.405798 3.000000
0.021287 0.023432 -0.467893 1.000000
0.370780 0.023081 -0.111014 1.000000
0.147128 0.030900 -0.386452 1.000000
0.137388 0.029223 0.119131 1.000000
0.470322 -0.121565 0.064450 0.000000
0.246643 0.039369 0.040261 0.000000
-0.283616 0.029872 -0.035742 0.000000
0.300107 0.038097 -0.085066 1.000000
0.245290 -0.004111 -0.345109 1.000000
0.156463 0.031279 -0.382934 1.000000
0.451138 -0.012472 -0.052841 0.000000
-0.419793 -0.076867 -0.036256 0.000000
-0.875537 0.052735 0.329525 2.000000
0.223970 0.024975 0.253631 1.000000
0.159277 0.015342 -0.525496 1.000000
0.168774 0.027112 0.265427 1.000000
-0.606863 0.027572 -0.030195 2.000000
0.332981 0.023351 -0.246893 1.000000
0.572704 -0.019236 0.086663 0.000000
-0.740848 0.032551 0.088422 2.000000
-0.534919 0.039369 0.043535 2.000000
-0.096356 0.009417 -0.839274 1.000000
0.816270 -0.077300 0.083417 0.000000
0.135900 0.010635 0.530476 1.000000
-0.554481 0.003167 0.068995 2.000000
-0.060208 0.003546 -0.675120 1.000000
-0.469523 -0.038068 0.087421 0.000000
0.143990 0.028709 -0.111609 1.000000
0.075320 0.027545 0.342756 1.000000
-0.254827 0.002031 -0.048431 0.000000
0.013630 0.014504 -0.794468 1.000000
0.024669 0.015965 0.623903 1.000000
0.252893 0.037691 -0.167075 1.000000
0.039036 -0.138557 0.055656 0.000000
-0.916257 0.056009 -0.287640 2.000000
0.154434 -0.047240 0.544491 3.000000
0.054675 0.034877 -0.047024 0.000000
0.268099 0.033768 -0.355147 1.000000
0.267774 0.037475 -0.070104 1.000000
0.119503 0.025895 -0.539295 1.000000
-0.805108 0.002247 0.325791 2.000000
0.726901 0.029033 -0.007278 0.000000
-0.173278 -0.123567 0.070997 0.000000
-0.759274 0.036717 -0.133525 2.000000
0.219559 -0.127923 -0.034578 0.000000
0.020719 0.020564 -0.612078 1.000000
0.090769 0.022675 0.662378 1.000000
0.508201 -0.093588 -0.051353 0.000000
-0.771314 0.041155 -0.271000 2.000000
-0.683975 0.043671 0.179089 2.000000
-0.104283 0.009146 0.892631 1.000000
0.644215 -0.130981 0.029141 0.000000
0.142745 0.020294 0.427741 1.000000
0.142907 0.032415 -0.292916 1.000000
0.516183 -0.125001 0.056252 0.000000
0.318154 0.023243 0.220026 1.000000
0.085087 -0.120212 -0.045455 0.000000
-0.163024 -0.020643 0.093698 0.000000
-0.209183 -0.020508 -0.054654 0.000000
0.339042 -0.043777 0.401713 3.000000
0.033246 0.039369 -0.017126 0.000000
0.125158 0.018941 -0.432583 1.000000
-0.013156 -0.093155 -0.056088 0.000000
-0.077470 0.039369 0.006494 0.000000
0.391235 -0.051731 0.202493 3.000000
0.130678 -0.060741 -0.058956 0.000000
-0.015348 0.018670 0.610780 1.000000
-0.950484 0.039612 -0.279550 2.000000
0.092392 0.010716 0.093806 0.000000
-0.411432 0.039369 0.052085 0.000000
-0.088130 0.014287 0.084012 0.000000
0.219586 0.018129 -0.433233 1.000000
-0.308292 -0.118886 0.005493 0.000000
0.055703 0.021511 -0.640867 1.000000
0.079053 0.035013 0.093590 0.000000
-0.015537 0.012258 -0.697550 1.000000
0.363366 0.023324 0.107335 1.000000
-0.108829 0.007496 0.928210 1.000000
-0.417249 -0.089367 -0.010389 0.000000
0.067338 0.011122 -0.695224 1.000000
-0.090755 0.009092 0.877506 1.000000
-0.769880 0.038665 -0.171161 2.000000
0.841405 -0.027164 -0.028707 0.000000
0.075401 -0.064394 -0.058956 0.000000
0.008625 0.019753 0.086528 0.000000
0.122507 0.021998 -0.252304 1.000000
-0.770908 -0.001784 0.312669 2.000000
-0.136697 -0.143643 0.016640 0.000000
0.081759 0.027031 -0.424764 1.000000
0.431793 0.021863 0.100381 0.000000
0.031731 0.017453 0.587539 1.000000
-0.055500 0.010662 -0.046754 0.000000
-0.701751 0.042048 0.290320 2.000000
0.466615 -0.133280 0.001489 0.000000
-0.494226 -0.068804 -0.003490 0.000000
0.488612 0.020510 0.092129 0.000000
-0.794583 -0.001000 -0.273706 2.000000
0.454710 0.039369 -0.011877 0.000000
-0.863957 0.045159 0.303253 2.000000
0.344399 0.038720 0.102059 1.000000
0.240258 0.037150 -0.138747 1.000000
0.055081 -0.140207 -0.013176 0.000000
0.454574 0.039369 -0.030601 0.000000
0.384281 0.039315 0.177601 1.000000
0.250756 -0.012174 -0.498196 3.000000
0.230355 0.024434 -0.184743 1.000000
-0.453181 0.014991 0.076896 0.000000
-0.201498 0.039369 -0.000054 0.000000
-0.796044 0.037556 -0.128357 2.000000
0.131733 0.029168 0.144240 1.000000
0.076131 0.029656 -0.280173 1.000000
0.313798 -0.012932 0.351847 3.000000
0.314583 0.023135 0.242159 1.000000
0.153270 -0.122755 -0.042695 0.000000
-0.255314 0.032551 -0.034362 0.000000
-0.100008 0.007875 -0.872013 1.000000
-0.301176 0.034986 0.070348 0.000000
0.563343 -0.130169 0.040288 0.000000
0.292558 0.033362 -0.339373 1.000000
0.272726 0.022729 0.289210 1.000000
-0.787846 -0.009577 -0.280822 2.000000
0.066256 0.022621 0.649986 1.000000
0.502221 -0.133876 0.031765 0.000000
0.096586 0.014991 -0.551769 1.000000
-0.672232 0.036393 0.001191 2.000000
0.277028 0.037989 0.282852 1.000000
0.239121 0.036447 -0.070510 1.000000
-0.584920 0.039369 -0.039448 2.000000
0.180733 0.026787 0.553988 1.000000
0.252758 0.024921 0.163423 1.000000
-0.744772 0.033633 0.110879 2.000000
-0.236510 0.027275 0.076598 0.000000
0.160467 0.026842 0.278766 1.000000
-0.924618 0.167429 -0.273706 2.000000
0.212957 -0.058820 -0.475766 3.000000
0.246237 0.020835 -0.059660 1.000000
0.268099 0.057362 -0.045807 0.000000
0.036385 -0.100839 0.095024 0.000000
0.150564 0.034093 -0.213992 1.000000
0.333820 0.039369 0.021321 0.000000
-0.619174 0.031144 -0.088611 2.000000
0.105785 0.023270 0.647713 1.000000
0.169288 0.000109 -0.339481 1.000000
0.527925 0.038747 0.014232 0.000000
-0.846072 0.044429 0.298491 2.000000
-0.207153 0.039369 0.043968 0.000000
0.017012 0.017696 -0.742519 1.000000
0.319426 0.002815 -0.333934 3.000000
-0.137184 0.018075 0.082118 0.000000
0.188444 0.028113 0.530422 1.000000
0.234792 -0.017288 0.091669 0.000000
0.264230 0.024677 0.162098 1.000000
-0.252933 0.009877 0.084445 0.000000
0.236524 -0.097133 0.095024 0.000000
0.122047 0.013611 -0.589377 1.000000
0.544484 -0.012174 -0.043263 0.000000
-0.025738 0.009958 0.792169 1.000000
0.234332 -0.113962 -0.048269 0.000000
0.054188 0.022540 0.463375 1.000000
0.721300 -0.063528 -0.058956 0.000000
0.357305 -0.132090 -0.009118 0.000000
0.125564 0.014071 0.598334 1.000000
0.383929 0.023081 -0.110635 1.000000
0.075644 0.015613 0.586510 1.000000
0.575410 -0.127626 0.047106 0.000000
-0.753781 -0.006114 -0.273706 2.000000
-0.068379 0.009525 0.843225 1.000000
0.341098 -0.052137 -0.179305 3.000000
0.118637 -0.144428 0.039882 0.000000
-0.416897 0.039369 0.024189 0.000000
0.288148 0.038855 0.261423 1.000000
0.062711 0.010066 0.532586 1.000000
0.003538 0.020916 -0.553257 1.000000
0.423973 -0.021401 0.091534 0.000000
0.373323 0.039369 0.004844 0.000000
0.140066 0.028681 0.167509 1.000000
-0.723884 0.042399 0.303686 2.000000
0.198996 0.017399 -0.434964 1.000000
0.816242 0.001922 0.054736 0.000000
0.106570 0.026923 0.533290 1.000000
0.272022 0.024082 0.230416 1.000000
0.304653 0.038584 -0.156631 1.000000
-0.685084 0.032415 0.127167 2.000000
-0.557349 -0.028138 -0.030520 2.000000
0.020530 0.039369 0.065045 0.000000
-0.891257 0.195811 0.315320 2.000000
0.197237 -0.054870 0.510291 3.000000
-0.839714 0.066669 -0.273706 2.000000
-0.089916 -0.145889 0.025190 0.000000
-0.061047 -0.009712 0.092453 0.000000
0.243153 0.061691 -0.042857 0.000000
0.252460 0.037800 -0.192482 1.000000
-0.383320 0.028709 -0.033956 0.000000
0.035005 0.020997 -0.473574 1.000000
0.084925 -0.141289 0.049190 0.000000
0.165148 0.028059 0.143239 1.000000
0.006217 0.021349 -0.538186 1.000000
-0.335917 -0.025432 -0.054681 0.000000
-0.898644 0.129793 -0.290589 2.000000
0.562369 0.034823 0.001705 0.000000
0.064740 0.010986 0.739300 1.000000
0.783423 0.015586 0.001110 0.000000
0.150294 0.001841 -0.053843 0.000000
-0.754296 0.034472 -0.064395 2.000000
0.212092 0.026409 0.149841 1.000000
0.304923 0.029710 -0.331391 1.000000
0.056488 0.027302 0.365267 1.000000
-0.041241 0.015667 0.753694 1.000000
-0.940879 0.177683 -0.282905 2.000000
0.875984 -0.102544 0.006034 0.000000
0.365314 0.023081 0.144971 0.000000
0.388285 -0.028408 0.192564 3.000000
-0.005147 0.016100 -0.780425 1.000000
0.136116 0.004249 -0.491757 1.000000
0.186712 0.025083 -0.251330 1.000000
0.742675 -0.082684 0.093644 0.000000
-0.770773 0.048379 -0.260475 2.000000
0.179650 0.035446 0.263371 1.000000
0.133762 0.028979 0.218024 1.000000
0.205463 0.010526 0.528988 3.000000
0.196047 -0.020291 -0.521708 3.000000
0.742513 -0.012445 0.082118 0.000000
0.424460 -0.057197 0.231011 3.000000
-0.894910 -0.027191 0.322842 2.000000
0.019907 0.014233 -0.624470 1.000000
-0.748289 0.028032 -0.273706 2.000000
0.352273 0.003221 -0.182552 1.000000
0.177675 0.018589 0.377388 1.000000
-0.730486 0.037935 -0.183932 2.000000
0.527005 -0.039150 -0.055818 0.000000
0.555740 -0.101732 -0.046023 0.000000
0.448108 -0.036147 0.093887 0.000000
-0.812143 0.050381 -0.271379 2.000000
0.084059 0.039369 0.045970 0.000000
0.622841 -0.130872 0.032252 0.000000
0.422783 0.039369 0.008713 0.000000
-0.266895 -0.102760 -0.042046 0.000000
-0.689873 0.010662 0.029546 2.000000
-0.708515 0.035906 -0.053004 2.000000
-0.797478 0.040235 -0.191345 2.000000
0.127593 0.032686 -0.135365 1.000000
0.281140 -0.056412 -0.323680 3.000000
0.050184 0.020402 -0.674336 1.000000
0.637965 -0.079681 0.095538 0.000000
0.124157 0.013665 0.620575 1.000000
0.219695 0.034255 -0.328658 1.000000
-0.500151 0.039369 -0.000081 0.000000
0.351461 -0.061905 -0.058956 0.000000
0.410661 -0.107847 0.081685 0.000000
0.247590 0.037177 -0.114098 1.000000
0.206734 0.029872 0.488132 1.000000
0.296265 0.022404 -0.248164 1.000000
0.232871 0.034796 -0.319865 1.000000
-0.091107 0.009904 0.862814 1.000000
0.130082 0.025381 -0.557694 1.000000
-0.918287 0.062070 -0.278576 2.000000
-0.601371 0.031874 0.140723 2.000000
0.340990 -0.034009 0.239859 3.000000
-0.876890 0.036582 0.312019 2.000000
-0.511731 -0.053192 -0.026488 0.000000
-0.389922 -0.013852 -0.049757 0.000000
0.084735 0.029899 -0.247055 1.000000
0.161035 0.031955 0.401631 1.000000
0.523326 0.013151 0.082605 0.000000
-0.652941 -0.006546 0.005574 2.000000
-0.238972 -0.129898 0.004952 0.000000
0.171073 0.015965 -0.487996 1.000000
-0.626128 0.029683 -0.064286 2.000000
-0.652400 0.039369 0.027571 2.000000
0.084789 0.031171 0.164939 1.000000
-0.598719 0.040668 -0.076273 2.000000
-0.587572 0.039369 0.037285 2.000000
0.109113 0.015207 -0.538998 1.000000
0.062657 0.024975 0.523252 1.000000
0.059194 0.027870 -0.331851 1.000000
0.085249 0.021863 0.681804 1.000000
0.098480 0.030548 -0.155360 1.000000
0.750035 0.032091 0.036798 0.000000
0.359659 0.038855 -0.220783 1.000000
0.052917 -0.010199 0.091885 0.000000
-0.237240 -0.125245 -0.010849 0.000000
-0.528885 -0.005545 0.074380 0.000000
0.387528 -0.006655 -0.053031 0.000000
-0.655484 0.043373 0.172704 2.000000
0.193098 0.019266 0.424224 1.000000
0.444969 -0.030411 0.248111 3.000000
-0.631782 0.039369 0.007658 2.000000
0.202270 0.030467 0.473440 1.000000
-0.001008 0.020348 -0.523521 1.000000
0.112658 0.030900 -0.300573 1.000000
0.315151 -0.133362 -0.008225 0.000000
-0.327096 -0.020562 -0.054032 0.000000
0.151863 -0.112744 -0.051543 0.000000
0.407739 -0.056385 -0.198461 3.000000
-0.313811 -0.117993 0.033605 0.000000
0.736614 -0.114476 -0.028599 0.000000
0.415045 0.028573 -0.155576 1.000000
0.187551 0.034959 -0.152979 1.000000
0.567077 -0.116668 0.069293 0.000000
-0.200795 -0.109362 0.080684 0.000000
0.885805 -0.060444 -0.016477 0.000000
-0.753403 0.039179 -0.122269 2.000000
0.374811 -0.002488 0.092345 0.000000
0.370130 0.036690 -0.219457 1.000000
-0.017702 0.009715 -0.753233 1.000000
-0.392303 -0.101002 0.021321 0.000000
0.141419 0.030440 -0.398519 1.000000
0.705039 -0.130656 0.021348 0.000000
0.244370 -0.084876 0.095024 0.000000
-0.353639 -0.002326 -0.048296 0.000000
-0.682325 0.039369 0.014584 2.000000
0.284766 -0.140559 0.017885 0.000000
-0.132206 0.035797 0.073054 0.000000
0.047289 -0.102869 -0.056088 0.000000
0.007596 0.018454 0.745821 1.000000
0.297429 -0.014853 -0.311558 3.000000
-0.165026 -0.134471 0.054845 0.000000
0.125483 0.013908 -0.565540 1.000000
0.186739 0.039369 -0.000865 0.000000
0.233629 0.025353 -0.143698 1.000000
0.116825 0.032307 0.133850 1.000000
-0.077470 -0.113015 0.090316 0.000000
-0.720691 0.040154 -0.113827 2.000000
0.074995 0.025110 -0.085283 1.000000
0.033219 -0.029761 0.091696 0.000000
0.354924 -0.059686 0.097892 0.000000
-0.456265 -0.009117 0.084526 0.000000
0.542969 -0.091613 -0.052219 0.000000
0.199970 -0.064123 0.097892 0.000000
0.279219 -0.118670 -0.036391 0.000000
-0.529535 -0.046401 0.064937 0.000000
-0.501748 -0.068750 0.029005 0.000000
-0.925267 0.182499 -0.290238 2.000000
-0.817067 0.043482 -0.254252 2.000000
0.337067 -0.025919 0.091398 0.000000
-0.181449 -0.141073 0.020537 0.000000
0.226513 0.030602 -0.429797 1.000000
0.302028 0.038368 -0.138070 1.000000
0.213553 -0.145158 0.037447 0.000000
-0.765957 0.045024 -0.206497 2.000000
-0.802484 0.022945 0.328578 2.000000
0.000940 0.021998 0.531423 1.000000
0.274295 0.039369 0.022025 0.000000
0.339313 0.038449 0.279849 1.000000
0.263283 -0.042721 -0.472492 3.000000
0.209278 0.029385 -0.458910 1.000000
-0.562219 -0.027245 0.068427 0.000000
0.236443 0.036717 -0.118102 1.000000
-0.808734 0.130956 0.312669 2.000000
0.085493 0.031144 -0.109255 1.000000
0.172778 0.033795 -0.291482 1.000000
0.379898 -0.095374 0.090045 0.000000
0.079216 0.012610 -0.621088 1.000000
-0.599450 0.030386 0.116615 2.000000
-0.223360 -0.134525 0.015612 0.000000
-0.786033 0.043941 0.241618 2.000000
0.125537 0.029601 0.123055 1.000000
-0.040078 0.017236 -0.638648 1.000000
0.026239 -0.133551 0.065640 0.000000
0.362230 -0.135607 0.037772 0.000000
0.435743 0.038774 0.136502 0.000000
-0.692579 0.030900 0.086068 2.000000
0.292640 0.038638 0.272408 1.000000
-0.476882 -0.068371 -0.023268 0.000000
-0.492981 -0.069453 0.041506 0.000000
0.465316 0.039369 -0.013690 0.000000
-0.406454 0.030115 -0.032197 0.000000
0.618160 -0.042451 -0.056575 0.000000
-0.598557 -0.017126 -0.023377 2.000000
0.267639 -0.052841 -0.356933 3.000000
0.327597 0.023081 0.274762 1.000000
0.029675 0.018562 0.761514 1.000000
-0.795016 0.037881 0.177358 2.000000
0.262580 0.055278 -0.028112 0.000000
-0.876213 0.145513 -0.273706 2.000000
0.371727 -0.116911 -0.034470 0.000000
0.097993 -0.003110 -0.492893 1.000000
0.135061 -0.041639 -0.056413 0.000000
0.222644 -0.105493 -0.055466 0.000000
-0.768906 0.103196 0.312669 2.000000
0.082084 0.024352 -0.563511 1.000000
0.379221 -0.135959 0.035120 0.000000
0.266990 0.024785 -0.093291 1.000000
-0.638520 0.029277 -0.049135 2.000000
0.342884 -0.054464 -0.329362 3.000000
-0.083937 -0.013202 -0.053843 0.000000
0.316855 -0.034009 0.214723 3.000000
0.294534 0.039369 0.002219 0.000000
0.907830 -0.056006 0.039666 0.000000
0.521107 -0.116641 0.070510 0.000000
0.008625 0.039369 -0.012229 0.000000
0.170830 0.027302 0.232364 1.000000
0.386391 -0.096375 -0.050515 0.000000
0.161820 0.007036 0.378552 1.000000
0.304518 0.023135 -0.186340 1.000000
-0.028443 0.008903 0.819740 1.000000
-0.588194 0.027166 0.063530 2.000000
0.226892 -0.062311 -0.484127 3.000000
-0.927297 0.048325 -0.274247 2.000000
-0.016917 0.015667 -0.629422 1.000000
0.043176 0.025678 0.411209 1.000000
0.116554 0.023947 -0.338669 1.000000
0.182843 0.027166 -0.132848 1.000000
0.059410 -0.027380 0.091344 0.000000
0.289582 0.036609 -0.286369 1.000000
0.369806 0.039315 0.163207 1.000000
0.024182 -0.046672 0.096404 0.000000
0.023912 0.023027 -0.493786 1.000000
0.129866 0.021917 -0.606450 1.000000
0.695217 -0.069048 -0.058848 0.000000
0.437393 -0.030411 -0.163855 3.000000
-0.712033 0.039531 -0.218862 2.000000
0.023208 0.015775 0.815790 1.000000
-0.199902 0.039369 0.053275 0.000000
-0.078579 -0.054031 0.097378 0.000000
0.200268 0.025786 -0.224381 1.000000
-0.054391 -0.111283 -0.052517 0.000000
-0.795368 0.044943 -0.221459 2.000000
0.259820 -0.028571 -0.052354 0.000000
-0.448906 -0.080168 0.052815 0.000000
-0.802105 0.066994 0.327956 2.000000
0.395780 -0.063934 0.097892 0.000000
0.450002 -0.087257 0.093373 0.000000
0.025616 0.009201 -0.769197 1.000000
-0.032150 0.039369 0.034579 0.000000
0.367019 0.017778 0.096539 0.000000
0.060249 0.011067 0.709970 1.000000
0.404222 -0.030492 0.192888 3.000000
0.454574 0.026517 -0.087609 0.000000
0.206626 0.044293 -0.042885 0.000000
-0.034044 0.016533 0.726827 1.000000
-0.027361 0.014612 0.085446 0.000000
0.722410 -0.127328 0.001840 0.000000
0.049237 0.013340 -0.621223 1.000000
0.314799 0.023027 -0.224490 1.000000
0.410688 0.023297 0.117941 0.000000
0.209927 0.017696 0.463050 1.000000
0.107679 0.022702 -0.622143 1.000000
0.290692 -0.053761 0.358313 3.000000
0.338041 -0.043777 0.216806 3.000000
-0.007637 0.008064 0.824935 1.000000
-0.703239 0.033416 0.057334 2.000000
0.328355 0.023892 -0.072106 1.000000
-0.728619 0.042020 -0.142291 2.000000
0.475598 0.039369 -0.027056 0.000000
0.309469 0.024244 -0.064882 1.000000
0.113172 0.029899 -0.197514 1.000000
-0.782299 0.042859 0.299627 2.000000
-0.271927 -0.039799 0.095430 0.000000
0.227595 0.037475 0.249951 1.000000
-0.446660 -0.083794 0.041776 0.000000
-0.810763 0.141373 0.314238 2.000000
0.650087 -0.129817 0.004925 0.000000
0.231600 -0.009144 0.377280 1.000000
0.362094 -0.137691 0.009362 0.000000
0.123264 0.032524 -0.111068 1.000000
0.223212 0.036528 0.292078 1.000000
0.118529 0.029656 0.179874 1.000000
-0.883870 0.093022 -0.290589 2.000000
0.001698 0.008714 0.089450 0.000000
0.261605 0.039369 0.051868 0.000000
-0.551424 0.038124 0.095349 2.000000
-0.692281 0.029358 0.046349 2.000000
-0.483511 0.020213 0.072026 0.000000
0.424136 -0.008197 0.201276 3.000000
0.187551 0.022025 -0.317240 1.000000
0.308008 0.025002 0.364536 1.000000
-0.914012 0.145891 0.312669 2.000000
0.016255 0.018481 0.754289 1.000000
0.337662 0.023108 -0.176058 1.000000
0.247103 -0.057143 0.546115 3.000000
0.359280 0.023216 -0.092236 1.000000
0.806800 -0.032927 -0.044319 0.000000
0.038225 0.039369 0.064856 0.000000
0.421998 0.039369 0.080413 0.000000
0.096126 0.030657 0.154197 1.000000
-0.181233 -0.071618 -0.058469 0.000000
-0.727726 0.064423 -0.276736 2.000000
0.305356 0.023189 -0.215074 1.000000
0.432983 0.024406 -0.096646 0.000000
0.250323 -0.054518 -0.477389 3.000000
0.091256 0.021295 -0.654990 1.000000
0.262904 -0.046131 -0.512888 3.000000
0.091310 0.028600 0.406177 1.000000
0.197833 0.035310 0.313697 1.000000
-0.120545 -0.038311 -0.055574 0.000000
0.178298 0.026950 0.255173 1.000000
-0.193923 -0.120320 -0.030817 0.000000
-0.538707 0.006333 0.070375 2.000000
-0.663791 0.042994 -0.118292 2.000000
-0.710924 0.025570 0.003978 2.000000
-0.910548 0.016587 -0.274924 2.000000
-0.846694 0.070782 0.329525 2.000000
-0.017972 0.002382 -0.678503 1.000000
-0.714035 0.034769 -0.042370 2.000000
-0.276608 0.039369 -0.000162 0.000000
-0.338866 -0.005599 0.088909 0.000000
-0.425826 -0.066531 -0.045211 0.000000
-0.699587 0.036014 -0.161393 2.000000
0.120369 0.021755 0.389862 1.000000
-0.912361 0.022918 0.312669 2.000000
0.417507 0.003952 -0.179575 3.000000
0.315800 -0.101056 -0.048242 0.000000
0.347078 -0.032007 -0.318701 3.000000
-0.522744 0.038638 -0.013474 0.000000
0.250593 0.016776 0.223895 1.000000
-0.678239 0.035202 -0.150706 2.000000
0.173130 0.024217 0.320028 1.000000
0.077051 0.023676 -0.583263 1.000000
-0.305424 -0.016990 -0.053437 0.000000
0.396673 0.039315 -0.137529 1.000000
-0.309428 0.039369 0.022918 0.000000
0.315340 0.023432 0.201249 1.000000
-0.823372 0.045484 -0.245648 2.000000
0.109600 0.015938 0.558155 1.000000
-0.106610 0.010148 -0.841709 1.000000
0.246724 0.034715 -0.332311 1.000000
0.278597 0.023838 -0.205388 1.000000
-0.038968 0.015045 -0.777016 1.000000
0.322835 0.038530 -0.097269 1.000000
0.438016 -0.045427 0.243944 3.000000
0.617429 -0.021915 0.088124 0.000000
-0.666415 0.034688 0.049758 2.000000
0.169531 0.027707 0.162936 1.000000
0.119260 0.013503 0.634698 1.000000
0.138795 0.033173 -0.183093 1.000000
0.041390 0.017182 -0.544923 1.000000
0.110872 0.022594 -0.371408 1.000000
-0.494794 -0.023484 0.081847 0.000000
0.095693 0.031847 0.101301 0.000000
-0.724804 0.037529 0.217077 2.000000
0.641293 -0.103302 0.082794 0.000000
-0.010261 0.018481 -0.046429 0.000000
0.195722 -0.042153 0.561537 3.000000
0.311390 0.024001 0.131740 1.000000
0.416046 -0.107928 -0.042587 0.000000
0.174347 0.018562 -0.414780 1.000000
-0.361729 0.039369 0.041993 0.000000
-0.040078 0.010039 0.803966 1.000000
0.798033 -0.083902 0.085689 0.000000
0.385093 0.011555 0.093915 0.000000
0.064091 -0.015529 0.091723 0.000000
-0.060668 -0.028814 0.091858 0.000000
0.195858 0.003952 -0.338588 1.000000
-0.732623 0.033119 -0.069292 2.000000
-0.860439 0.136476 0.312669 2.000000
-0.834546 0.028411 0.312669 2.000000
0.464288 0.035337 0.112070 0.000000
-0.649342 0.042480 0.147081 2.000000
-0.482727 -0.052759 -0.040476 0.000000
0.126944 -0.071104 -0.058523 0.000000
0.138362 0.016939 0.516379 1.000000
-0.746720 0.041073 -0.241373 2.000000
0.581335 -0.132658 0.028383 0.000000
0.100455 0.026950 -0.484316 1.000000
0.142312 0.031062 -0.360071 1.000000
-0.812414 0.028844 -0.273706 2.000000
-0.618065 0.041885 0.161015 2.000000
0.283521 0.041912 0.061771 0.000000
0.163065 0.039369 0.030575 0.000000
