0.143275 -0.034537 -0.316352 1.000000
-0.142279 -0.002991 -0.641164 1.000000
0.226735 -0.149247 0.285764 3.000000
-0.831160 0.062816 0.049222 2.000000
0.154480 0.079556 0.064995 0.000000
0.796311 0.022456 -0.093971 0.000000
-0.157891 0.038229 0.800551 1.000000
-0.362860 -0.046951 -0.082632 0.000000
-0.607839 0.068163 -0.074275 2.000000
-0.127285 0.032291 -0.755606 1.000000
-0.815602 0.424950 -0.005352 2.000000
-0.228775 -0.018414 0.086895 0.000000
0.223161 -0.044909 -0.207096 1.000000
0.217572 -0.087955 0.251074 1.000000
0.923301 -0.061192 -0.026445 0.000000
-0.544720 -0.031312 -0.056245 0.000000
0.053957 -0.052755 0.173472 1.000000
-0.659162 0.177419 -0.015321 2.000000
-0.367186 -0.082232 -0.011183 0.000000
-0.104311 0.026567 -0.801447 1.000000
0.320567 0.105298 -0.040741 0.000000
0.692268 -0.018979 0.084449 0.000000
0.592497 0.050724 0.084718 0.000000
-0.279373 -0.072209 -0.062183 0.000000
0.147493 -0.074171 0.299092 1.000000
-0.129892 -0.063611 0.060938 0.000000
-0.764575 0.247551 -0.013333 2.000000
0.124815 -0.078067 -0.352144 1.000000
0.159746 -0.081426 -0.271398 1.000000
-0.767611 0.077648 0.132897 2.000000
0.094370 -0.063906 0.094875 1.000000
-0.134057 0.034628 -0.775517 1.000000
0.396557 0.003485 0.092645 0.000000
0.189438 -0.095372 0.333191 3.000000
0.002580 -0.025723 -0.340455 1.000000
-0.844811 0.267274 -0.004304 2.000000
-0.497508 0.108146 -0.028891 0.000000
0.843146 -0.067426 0.038555 0.000000
0.788599 0.055775 -0.084405 0.000000
0.076555 -0.017098 -0.272634 1.000000
-0.115919 -0.074090 0.063329 0.000000
0.145263 -0.099671 -0.249498 3.000000
-0.025204 -0.020913 -0.353057 1.000000
-0.792144 0.082807 -0.220908 2.000000
0.029881 0.091030 -0.067934 0.000000
-0.789968 0.058892 0.038393 2.000000
0.780726 0.006065 0.087674 0.000000
0.108907 -0.033892 -0.139436 1.000000
0.077979 -0.072585 -0.334651 1.000000
0.195135 -0.147581 0.292508 3.000000
0.215583 0.111747 0.001661 0.000000
0.145935 -0.143981 0.297802 3.000000
-0.070320 -0.079411 -0.089430 0.000000
0.191857 -0.076992 0.257604 1.000000
-0.809610 0.082297 0.162428 2.000000
0.255433 -0.147124 0.312903 3.000000
-0.376241 -0.013604 0.086868 0.000000
-0.837744 0.088181 -0.239529 2.000000
-0.087705 -0.088385 -0.037436 0.000000
0.021121 -0.097978 0.003327 0.000000
-0.087678 0.021811 -0.661344 1.000000
-0.437345 0.003028 0.083133 0.000000
0.192529 -0.166310 0.306159 3.000000
-0.468488 0.106588 0.020578 0.000000
-0.219908 -0.013927 0.088077 0.000000
-0.111862 0.022698 -0.754880 1.000000
-0.799990 0.077944 -0.118934 2.000000
-0.848814 0.312094 -0.003525 2.000000
-0.093590 0.002061 0.527089 1.000000
0.182936 -0.161446 0.316585 3.000000
0.194141 -0.064981 -0.310494 1.000000
0.769763 0.102181 -0.001402 0.000000
0.103318 0.107179 -0.033620 0.000000
-0.783358 0.069587 0.100008 2.000000
0.117640 -0.075514 -0.336666 1.000000
-0.850427 0.430163 -0.010484 2.000000
0.530480 0.091218 -0.067746 0.000000
0.675286 -0.038513 0.079935 0.000000
0.116485 -0.041550 0.275043 1.000000
0.085879 0.004856 -0.531827 1.000000
0.292621 -0.168675 0.290520 3.000000
-0.529242 0.080604 0.058089 0.000000
0.251294 -0.071296 -0.285720 1.000000
-0.098776 0.005662 -0.562890 1.000000
-0.029396 -0.046870 0.241723 1.000000
-0.300520 -0.043135 0.075555 0.000000
-0.153484 0.111505 0.002629 0.000000
-0.265481 -0.076294 -0.058690 0.000000
-0.865017 0.081114 0.214154 2.000000
0.025743 -0.025293 0.341090 1.000000
0.162998 -0.013443 -0.246784 1.000000
0.431274 0.080469 0.064055 0.000000
0.561059 0.080362 -0.078655 0.000000
0.382315 0.015040 -0.108535 0.000000
0.832882 -0.027282 0.072277 0.000000
0.133413 -0.008445 0.323275 1.000000
0.296598 -0.157443 -0.267931 3.000000
-0.894575 0.078669 -0.161336 2.000000
0.138572 -0.012234 0.254298 1.000000
0.114120 -0.080727 0.336657 1.000000
0.110654 -0.028948 -0.369690 1.000000
0.228535 -0.101418 -0.263041 3.000000
0.376082 -0.092120 0.068703 0.000000
-0.752725 0.122925 -0.013843 2.000000
0.195887 -0.054260 0.172424 1.000000
0.086443 -0.038379 0.094875 0.000000
0.082064 -0.147205 -0.166656 1.000000
-0.819310 0.357935 -0.011344 2.000000
-0.738779 0.174113 -0.000166 2.000000
0.854351 0.067061 -0.048882 0.000000
-0.019507 0.002384 0.601467 1.000000
0.328332 -0.097978 0.067870 0.000000
0.310517 -0.054743 -0.319630 3.000000
-0.426946 -0.067131 -0.029965 0.000000
0.678832 -0.055281 -0.078386 0.000000
0.166034 -0.089299 -0.250224 3.000000
0.071181 -0.093786 -0.160395 1.000000
0.546495 0.100596 -0.058341 0.000000
-0.889819 0.074800 -0.127801 2.000000
-0.045652 -0.004979 0.621297 1.000000
-0.093536 0.012890 0.650828 1.000000
-0.018540 0.016114 -0.692863 1.000000
-0.029046 0.010525 0.536467 1.000000
-0.565625 0.046801 0.069751 0.000000
-0.172213 0.103551 -0.047378 0.000000
0.824364 0.083775 0.007492 0.000000
0.064006 -0.130518 -0.144165 1.000000
-0.867489 0.090842 0.236349 2.000000
0.782768 0.015281 -0.098835 0.000000
-0.010586 0.095141 -0.063822 0.000000
-0.818477 0.396226 -0.003122 2.000000
-0.460669 0.097505 0.043660 0.000000
0.591154 0.014341 -0.108723 0.000000
0.193200 -0.014814 0.207329 1.000000
0.218002 -0.123693 -0.265029 3.000000
-0.011016 0.009370 0.518275 1.000000
-0.799399 0.074021 0.140690 2.000000
-0.543591 -0.032011 0.041349 0.000000
0.130646 -0.084865 0.239896 1.000000
-0.556946 0.130422 -0.009302 2.000000
-0.251266 -0.086585 0.006283 0.000000
0.097111 -0.138391 0.306293 3.000000
-0.021953 0.011090 0.653354 1.000000
-0.502614 -0.051680 -0.031175 0.000000
0.055462 -0.046843 0.208162 1.000000
0.769763 0.002330 0.087674 0.000000
0.696970 0.029066 0.087647 0.000000
-0.213137 0.042206 0.863267 1.000000
0.501809 -0.004522 0.090657 0.000000
-0.857923 0.070151 0.106725 2.000000
-0.257608 -0.052621 -0.082363 0.000000
-0.572988 -0.038406 0.013538 0.000000
0.279831 0.101160 -0.056567 0.000000
0.255916 -0.019919 0.115055 1.000000
-0.863969 0.077084 0.179733 2.000000
0.223295 -0.068340 -0.290879 1.000000
-0.286708 0.108764 0.013081 0.000000
0.718064 -0.032091 0.080204 0.000000
0.509951 -0.081480 0.025710 0.000000
-0.032755 0.023611 0.638924 1.000000
-0.308151 0.064293 0.081091 0.000000
0.174821 -0.137558 0.265020 3.000000
0.483483 0.060209 0.082246 0.000000
0.114819 -0.025992 -0.181731 1.000000
0.145666 -0.011159 -0.288272 1.000000
-0.126694 -0.083549 -0.057212 0.000000
-0.614288 0.088907 0.043929 0.000000
-0.900970 0.091218 -0.321404 2.000000
0.799186 -0.044425 -0.083895 0.000000
-0.526985 -0.036874 -0.054982 0.000000
0.171274 -0.111763 -0.263578 3.000000
0.249387 -0.020080 0.208968 1.000000
-0.770943 0.107985 -0.001375 2.000000
-0.346952 0.106265 0.022647 0.000000
0.609184 0.111236 0.003542 0.000000
0.323200 -0.045124 0.112798 1.000000
-0.282060 0.096296 0.048416 0.000000
-0.025043 -0.053292 -0.256619 1.000000
-0.062339 -0.004925 -0.498642 1.000000
-0.026547 -0.026019 0.307583 1.000000
-0.857950 0.315775 -0.004331 2.000000
-0.335425 -0.039803 0.077275 0.000000
0.049631 0.053706 0.083966 0.000000
-0.572692 0.009504 -0.079972 0.000000
0.482489 0.048950 0.085202 0.000000
-0.047695 0.029389 0.697529 1.000000
-0.857950 0.083425 -0.246731 2.000000
0.158860 -0.027604 -0.129279 1.000000
0.120059 -0.138633 -0.263981 3.000000
0.156361 -0.122887 -0.267018 3.000000
0.189841 -0.012288 0.253439 1.000000
-0.775511 0.038820 0.037426 2.000000
-0.578174 0.031887 -0.085346 0.000000
0.183500 -0.046387 -0.231844 1.000000
0.098804 -0.085322 -0.300552 1.000000
-0.049468 0.018049 -0.613702 1.000000
0.113072 -0.107920 0.241159 3.000000
0.841507 -0.045795 -0.075511 0.000000
0.331342 -0.128826 0.338941 3.000000
-0.449168 -0.019838 0.075340 0.000000
-0.884767 0.423177 -0.004008 2.000000
0.093161 0.002894 0.465501 1.000000
-0.892775 0.073080 0.104737 2.000000
-0.285096 0.081947 0.062872 0.000000
-0.409883 0.101590 0.040113 0.000000
-0.048957 0.103121 -0.049044 0.000000
-0.754391 0.221567 -0.013709 2.000000
-0.119143 0.014153 0.651311 1.000000
-0.255162 0.106803 0.020578 0.000000
0.804587 0.039868 -0.087307 0.000000
-0.738564 0.282805 -0.000542 2.000000
0.087276 -0.024272 -0.409432 1.000000
0.095069 -0.034134 0.318331 1.000000
0.521371 -0.073875 -0.061108 0.000000
-0.416305 0.001013 0.085605 0.000000
0.295980 0.113359 -0.004412 0.000000
-0.335962 0.074531 -0.085856 0.000000
0.301999 0.103229 0.034148 0.000000
0.023163 -0.030452 0.228906 1.000000
-0.260160 0.099440 -0.059496 0.000000
-0.019507 -0.096823 0.063840 0.000000
0.012737 0.016437 0.571371 1.000000
0.830598 -0.080781 -0.021179 0.000000
0.683992 -0.064309 0.054999 0.000000
0.852040 -0.041362 0.063168 0.000000
0.050249 -0.038836 0.151868 1.000000
0.360953 -0.095264 0.002575 0.000000
0.102216 -0.097978 0.023749 0.000000
0.305654 -0.028625 0.141523 1.000000
0.740474 -0.146023 0.008997 3.000000
0.244765 -0.103836 -0.262423 3.000000
-0.464699 0.056447 0.076388 0.000000
0.426571 -0.083764 0.023856 0.000000
0.404833 0.104384 -0.044207 0.000000
-0.097486 0.020629 0.644889 1.000000
0.063899 0.003861 -0.467499 1.000000
0.920265 -0.051519 0.028236 0.000000
-0.035683 -0.095076 -0.000569 0.000000
-0.025204 0.045618 -0.100528 0.000000
-0.061022 -0.003689 -0.631840 1.000000
-0.309333 0.105970 0.023668 0.000000
0.233452 -0.140649 -0.252293 3.000000
0.644196 0.109973 -0.022710 0.000000
-0.097540 0.018936 0.711824 1.000000
0.172214 -0.097978 0.012544 0.000000
0.269056 -0.086477 0.329966 3.000000
-0.110894 0.018640 0.700162 1.000000
0.298990 -0.092577 -0.265621 3.000000
0.162568 -0.079518 -0.357276 1.000000
0.191266 -0.063933 0.298366 1.000000
-0.822024 0.182309 -0.004008 2.000000
-0.841640 0.206627 -0.009383 2.000000
0.260834 -0.064067 0.282513 1.000000
-0.471309 0.112902 -0.011559 0.000000
-0.112023 0.008537 -0.602175 1.000000
0.072283 -0.070893 -0.178990 1.000000
-0.080342 0.026325 0.771611 1.000000
0.756811 0.104142 -0.016638 0.000000
0.032004 -0.060520 0.125400 1.000000
-0.109981 0.001739 -0.106654 0.000000
-0.415419 -0.074654 -0.004465 0.000000
0.143812 -0.015029 -0.235015 1.000000
0.150960 -0.053077 -0.211826 1.000000
-0.422002 0.035461 0.086008 0.000000
0.202283 -0.075272 -0.109341 1.000000
0.183876 -0.144679 0.338027 3.000000
0.218674 -0.086209 0.348856 3.000000
0.139728 -0.159754 -0.327020 3.000000
-0.104257 0.044705 0.086304 0.000000
0.100927 -0.089863 -0.311757 1.000000
0.044015 -0.061353 -0.136427 1.000000
-0.552405 0.003243 0.066688 0.000000
-0.868269 0.070312 -0.037919 2.000000
0.118097 -0.097978 -0.069815 0.000000
-0.863808 0.081544 0.129270 2.000000
0.024910 -0.029915 0.304761 1.000000
-0.082089 0.005930 -0.601100 1.000000
-0.749662 0.092937 -0.038779 2.000000
-0.012763 -0.016721 -0.409298 1.000000
0.242669 -0.144572 -0.333657 3.000000
0.257367 -0.097978 0.070557 0.000000
-0.109094 0.024955 -0.695416 1.000000
-0.920559 0.091003 0.282459 2.000000
-0.771131 0.161780 -0.013144 2.000000
0.332739 -0.073795 0.247769 3.000000
0.097299 0.000449 0.421030 1.000000
-0.231248 0.066174 0.078404 0.000000
0.180410 -0.016775 -0.186272 1.000000
-0.054251 0.064804 -0.094240 0.000000
0.060218 -0.000545 0.539772 1.000000
-0.733701 0.075122 -0.144622 2.000000
0.699039 -0.087928 -0.000596 0.000000
-0.062796 0.005689 0.093236 0.000000
0.301381 -0.089138 -0.344943 3.000000
0.277144 -0.069710 0.288102 3.000000
0.323093 -0.063637 0.094875 1.000000
-0.065295 0.101482 0.040812 0.000000
0.061642 -0.178106 -0.176948 1.000000
0.069327 -0.120952 -0.152925 1.000000
-0.112050 0.024149 0.756107 1.000000
0.287140 0.050589 0.084772 0.000000
0.239310 0.088423 0.056074 0.000000
0.518146 -0.080835 -0.042675 0.000000
-0.074323 -0.028356 -0.428026 1.000000
0.084159 -0.093571 0.137008 1.000000
-0.017304 0.016840 -0.589680 1.000000
-0.022382 -0.000733 0.563901 1.000000
0.055703 -0.037331 -0.170096 1.000000
0.038533 -0.031823 -0.313477 1.000000
0.311753 -0.154863 -0.295259 3.000000
0.236516 -0.097978 -0.081879 0.000000
0.123364 -0.129820 -0.354938 3.000000
0.309523 -0.133044 -0.360474 3.000000
0.475718 0.003861 0.092753 0.000000
-0.559096 -0.041335 -0.027843 0.000000
-0.674827 0.002948 0.041000 0.000000
-0.675687 0.189564 0.001366 2.000000
-0.838953 0.176827 -0.005352 2.000000
0.290767 0.105647 -0.039451 0.000000
-0.638418 0.153880 -0.015348 2.000000
0.222543 -0.009950 0.094875 0.000000
-0.702719 0.104411 -0.024376 2.000000
0.327419 -0.063288 -0.333738 3.000000
0.118204 -0.008123 -0.477468 1.000000
0.120569 -0.046870 -0.251030 1.000000
0.235172 -0.121329 0.350764 3.000000
0.489556 -0.081372 0.026167 0.000000
0.026495 -0.007290 0.524160 1.000000
0.691757 0.056501 -0.095234 0.000000
0.605449 -0.075756 -0.059093 0.000000
0.134999 0.030141 0.090119 0.000000
0.271931 -0.098892 -0.346017 3.000000
0.406983 -0.014652 -0.102355 0.000000
0.057235 -0.041254 0.241105 1.000000
0.238638 -0.136752 0.236698 3.000000
0.075910 -0.136618 0.131473 3.000000
0.724163 -0.161661 0.012759 3.000000
0.226896 -0.037976 -0.109341 1.000000
-0.619984 0.076761 -0.070459 0.000000
-0.839598 0.075015 -0.171788 2.000000
0.919620 0.026218 -0.013655 0.000000
-0.747458 0.114138 -0.014031 2.000000
0.827615 0.075740 -0.050468 0.000000
0.265402 -0.121221 -0.366681 3.000000
0.058498 -0.004979 0.516932 1.000000
-0.781692 0.068458 0.089958 2.000000
0.032595 -0.025481 0.249892 1.000000
0.149428 -0.086155 0.330181 1.000000
-0.789887 0.021220 -0.034533 2.000000
-0.880790 0.040083 -0.021662 2.000000
-0.221574 0.039196 0.087755 0.000000
-0.814339 0.096780 0.002709 2.000000
0.072041 0.006952 -0.517264 1.000000
0.201557 -0.059177 -0.271774 1.000000
0.057934 -0.142825 0.143941 3.000000
-0.727198 0.072462 0.093451 2.000000
-0.856392 0.066900 0.071632 2.000000
0.262473 -0.097978 -0.048909 0.000000
0.600935 0.067384 0.077141 0.000000
-0.541818 0.078320 -0.074248 0.000000
-0.029315 0.098392 0.046078 0.000000
0.236247 -0.097978 -0.018250 0.000000
0.776023 -0.090642 -0.031981 0.000000
-0.618910 -0.022848 0.030278 0.000000
0.444279 0.098419 0.046078 0.000000
0.127717 -0.121839 0.254325 3.000000
-0.099958 -0.060547 0.068112 0.000000
0.660426 -0.012046 0.087190 0.000000
0.224934 -0.011938 -0.109341 0.000000
-0.770809 0.076923 0.159848 2.000000
0.280422 -0.042463 0.094875 1.000000
-0.707018 0.154928 0.000963 2.000000
0.634066 0.013777 -0.108025 0.000000
0.080263 -0.048912 -0.213411 1.000000
0.435761 -0.047864 -0.089000 0.000000
-0.919135 0.055480 -0.023812 2.000000
-0.469778 0.104008 0.030332 0.000000
0.734213 -0.144357 -0.007824 0.000000
0.004515 0.017485 0.581206 1.000000
-0.090553 0.007543 -0.613299 1.000000
-0.076258 0.011627 0.650747 1.000000
0.001210 -0.053857 0.094875 0.000000
0.267309 -0.165611 -0.334839 3.000000
0.069407 -0.015405 0.280712 1.000000
0.233963 -0.056006 -0.298295 1.000000
0.064598 -0.011374 0.325022 1.000000
0.812433 -0.042302 -0.006964 0.000000
0.257958 -0.092040 0.332546 3.000000
0.179523 -0.155965 -0.266749 3.000000
0.268545 0.044382 -0.100850 0.000000
0.094343 0.003405 0.499842 1.000000
-0.056589 0.004883 -0.529006 1.000000
-0.043449 0.023584 -0.653175 1.000000
0.119387 -0.145700 -0.313746 3.000000
0.317530 -0.087203 0.236779 3.000000
-0.283914 -0.056060 0.063544 0.000000
0.288053 -0.097978 -0.051462 0.000000
-0.074538 -0.000733 0.492049 1.000000
-0.016175 -0.018387 0.374088 1.000000
0.250381 -0.097978 -0.064951 0.000000
0.884339 -0.010998 0.060158 0.000000
-0.010022 -0.097978 0.058896 0.000000
-0.112130 0.056044 -0.097814 0.000000
0.000108 -0.053265 -0.178829 1.000000
0.686491 0.011896 -0.107030 0.000000
-0.715939 0.289791 -0.003283 2.000000
-0.836723 0.088128 0.225601 2.000000
-0.882429 0.073859 -0.111948 2.000000
0.737249 -0.131324 -0.033432 3.000000
0.050464 -0.004307 -0.109341 0.000000
-0.160336 0.037450 0.865228 1.000000
-0.769277 0.072220 -0.134035 2.000000
-0.096008 0.014637 -0.619345 1.000000
0.182479 -0.037116 0.094875 1.000000
0.491115 -0.085026 -0.026687 0.000000
0.584678 0.028314 0.090603 0.000000
0.489771 -0.029001 -0.098593 0.000000
-0.045249 -0.008445 -0.474486 1.000000
0.062690 -0.040153 0.094875 0.000000
-0.467843 0.000691 0.078108 0.000000
0.315435 -0.068528 0.270179 3.000000
-0.616464 0.186985 -0.010511 2.000000
-0.087732 0.014798 -0.689397 1.000000
0.169205 -0.090051 0.085041 0.000000
0.337495 -0.097978 0.034900 0.000000
0.310759 -0.066969 -0.301493 3.000000
-0.737866 0.026782 0.041886 2.000000
-0.535396 0.112284 -0.000677 0.000000
0.670153 -0.071027 0.048658 0.000000
0.355499 -0.096393 -0.039773 0.000000
-0.697506 0.078293 -0.061512 2.000000
0.425308 -0.091099 -0.003659 0.000000
-0.142575 -0.003071 -0.105391 0.000000
0.131855 -0.060198 -0.334947 1.000000
-0.134594 0.017915 0.681568 1.000000
0.218593 -0.035773 -0.254953 1.000000
0.134542 -0.074010 0.094875 1.000000
0.303128 0.026970 -0.105418 0.000000
-0.086952 0.016491 0.610764 1.000000
-0.193118 0.035058 -0.839442 1.000000
0.864562 0.027749 0.053441 0.000000
-0.103854 0.050670 -0.099211 0.000000
0.277063 -0.138096 0.257899 3.000000
0.260162 -0.049423 -0.299827 1.000000
-0.830945 0.080120 0.198972 2.000000
0.187262 -0.067802 -0.109341 1.000000
-0.679368 0.070635 0.044574 0.000000
-0.065778 -0.043216 0.086330 0.000000
0.263789 -0.084032 0.347754 3.000000
-0.082976 -0.092765 -0.014407 0.000000
0.206501 -0.130787 0.256045 3.000000
0.013006 0.018130 -0.617303 1.000000
0.005509 -0.018441 -0.407605 1.000000
0.009701 0.019285 0.626886 1.000000
-0.740365 0.072274 0.076899 2.000000
0.235441 -0.016641 -0.190356 1.000000
-0.192661 0.033849 0.794156 1.000000
-0.834492 0.393754 -0.003659 2.000000
-0.834680 0.077729 -0.193822 2.000000
0.445327 -0.083414 -0.034184 0.000000
-0.164743 0.026218 0.725152 1.000000
0.242266 -0.169320 -0.326590 3.000000
0.485767 0.022160 0.092215 0.000000
0.283459 -0.148307 0.271039 3.000000
0.757698 -0.097736 -0.013225 0.000000
-0.746249 0.130825 -0.014058 2.000000
0.109472 -0.018199 -0.234155 1.000000
-0.782847 0.076923 -0.120573 2.000000
0.771402 0.029738 -0.097115 0.000000
0.661152 0.071844 -0.086044 0.000000
0.655159 0.089095 0.054757 0.000000
0.850992 0.073456 -0.031255 0.000000
0.187181 -0.029404 0.300355 1.000000
-0.726123 0.008806 -0.043911 2.000000
-0.603970 0.037692 -0.082820 0.000000
0.777233 -0.091260 0.017515 0.000000
0.736309 0.101106 0.020417 0.000000
0.091307 -0.059634 0.137385 1.000000
0.875982 -0.033059 0.057122 0.000000
0.411175 0.044785 0.086277 0.000000
-0.335290 -0.065921 -0.064467 0.000000
-0.023081 0.023692 -0.654142 1.000000
0.618750 0.112231 -0.000193 0.000000
0.522338 0.003270 0.092591 0.000000
-0.041595 -0.018871 0.409530 1.000000
0.250945 -0.064256 -0.265567 3.000000
-0.359931 0.106883 0.020229 0.000000
-0.912954 0.085037 -0.237057 2.000000
0.089023 -0.005301 0.366940 1.000000
-0.780482 0.013481 0.010367 2.000000
0.118070 -0.043807 -0.312563 1.000000
0.293159 -0.041254 -0.170929 1.000000
0.202363 -0.001969 -0.109341 0.000000
0.253122 -0.045554 0.288720 3.000000
0.726152 -0.049530 -0.082901 0.000000
0.761406 -0.004065 0.086572 0.000000
0.753828 -0.130088 -0.033593 3.000000
0.682541 0.070286 -0.086286 0.000000
-0.646264 -0.011562 0.033825 0.000000
0.176191 -0.033811 -0.295931 1.000000
0.238853 -0.018361 -0.233322 1.000000
-0.261611 -0.039669 0.080849 0.000000
-0.683721 -0.016560 -0.013333 2.000000
0.104877 -0.062052 -0.306921 1.000000
-0.824389 0.079690 0.106779 2.000000
0.320271 -0.029834 -0.115978 1.000000
-0.251615 -0.082984 -0.034507 0.000000
-0.416037 0.113493 -0.005030 0.000000
0.496327 0.101455 -0.055385 0.000000
-0.585563 0.104035 -0.042299 2.000000
0.479721 -0.080082 -0.045524 0.000000
0.095633 -0.130465 -0.267448 3.000000
-0.128360 -0.024487 -0.100125 0.000000
-0.759174 0.235808 -0.013548 2.000000
0.077979 -0.031178 0.171430 1.000000
0.208570 -0.031420 0.273565 1.000000
-0.350580 0.097962 0.046723 0.000000
0.125003 -0.091126 0.342971 1.000000
-0.530962 0.078481 -0.074651 0.000000
-0.088833 -0.092362 0.000425 0.000000
0.667144 -0.089944 -0.006561 0.000000
0.077012 -0.152928 0.135665 3.000000
-0.462281 0.114031 -0.007045 0.000000
0.166840 -0.149005 -0.299961 3.000000
0.124143 -0.114127 0.331014 3.000000
0.677462 -0.038594 -0.094321 0.000000
-0.919538 0.090492 -0.276315 2.000000
-0.104150 0.007489 -0.628320 1.000000
0.554610 0.103981 -0.045765 0.000000
-0.405127 -0.029485 -0.093568 0.000000
-0.357754 -0.082635 -0.002289 0.000000
-0.125270 -0.000062 0.628283 1.000000
0.157436 -0.079518 0.092833 0.000000
0.350339 -0.097468 -0.067396 0.000000
0.293938 -0.064041 0.283990 3.000000
0.181941 -0.012127 -0.270914 1.000000
-0.080772 -0.039158 -0.103698 0.000000
-0.860825 0.068942 0.090576 2.000000
0.633314 0.103901 0.031273 0.000000
-0.728945 0.248841 0.000130 2.000000
0.124438 0.105056 -0.041708 0.000000
-0.037134 0.013374 -0.689450 1.000000
0.031090 0.014610 0.568684 1.000000
-0.824550 0.034494 0.021895 2.000000
-0.849191 0.028341 -0.008496 2.000000
0.207522 -0.101122 -0.366815 3.000000
0.123014 -0.029189 -0.360124 1.000000
-0.215448 -0.057538 -0.077446 0.000000
0.347411 -0.097978 0.046562 0.000000
0.044928 0.011520 -0.543785 1.000000
-0.310381 -0.008499 0.089071 0.000000
0.235817 -0.097978 -0.093058 0.000000
-0.085045 0.001551 -0.527609 1.000000
0.162084 -0.131701 0.343133 3.000000
0.095794 -0.079760 0.295061 1.000000
0.396611 -0.008042 -0.104101 0.000000
0.902611 0.025842 0.029365 0.000000
-0.348887 0.003270 -0.106170 0.000000
-0.557376 0.110323 -0.021018 0.000000
0.187799 -0.046494 -0.309984 1.000000
-0.103344 -0.002910 0.613908 1.000000
-0.196934 0.033500 -0.103698 0.000000
-0.005212 -0.010219 0.474637 1.000000
0.405236 -0.040797 0.085578 0.000000
0.136235 -0.010353 -0.302836 1.000000
0.081822 -0.022149 0.222403 1.000000
0.740366 -0.080351 0.026328 0.000000
0.840432 0.040298 -0.075054 0.000000
0.310947 -0.032736 -0.157493 1.000000
0.186671 -0.097978 -0.028192 0.000000
0.099529 -0.065975 -0.288165 1.000000
-0.086738 0.036778 -0.807869 1.000000
-0.038021 0.005581 0.508226 1.000000
-0.101328 0.113117 -0.010968 0.000000
0.193684 -0.172168 -0.303159 3.000000
0.235898 -0.066674 0.309706 1.000000
0.043074 -0.038917 -0.267690 1.000000
-0.229152 -0.090024 -0.007663 0.000000
-0.358534 -0.002722 -0.104478 0.000000
0.086739 -0.061380 -0.141075 1.000000
0.422944 0.112445 -0.013521 0.000000
0.660292 0.000476 0.090469 0.000000
0.185193 -0.013040 0.094875 0.000000
-0.659887 0.023531 0.055940 0.000000
0.000162 -0.034268 0.228100 1.000000
0.024077 -0.028061 -0.333039 1.000000
0.239283 -0.132372 -0.248585 3.000000
-0.078757 0.018533 0.619631 1.000000
0.161412 0.009343 -0.109341 0.000000
0.142684 -0.085698 -0.297758 1.000000
0.259651 -0.100289 -0.263122 3.000000
-0.059195 0.005178 -0.609376 1.000000
0.686329 -0.032172 -0.095691 0.000000
0.653010 -0.066056 -0.068149 0.000000
0.054924 -0.097978 0.069294 0.000000
-0.025714 -0.042034 -0.219726 1.000000
-0.901534 0.087295 -0.279540 2.000000
-0.790747 0.303818 -0.002074 2.000000
-0.219613 0.006790 -0.107971 0.000000
0.123471 -0.007962 -0.346555 1.000000
-0.790129 0.262357 -0.002047 2.000000
-0.813990 0.198378 -0.003122 2.000000
0.329004 -0.073338 -0.344728 3.000000
0.129759 -0.144088 -0.321511 3.000000
0.074647 -0.053749 -0.302433 1.000000
0.046863 0.088504 0.056020 0.000000
0.744020 0.023826 -0.101468 0.000000
-0.319168 0.096699 -0.062506 0.000000
-0.757481 0.188247 -0.000838 2.000000
-0.377988 0.030275 0.091140 0.000000
0.153862 -0.046333 -0.298698 1.000000
-0.095632 0.034816 0.744284 1.000000
0.036115 0.003082 -0.588659 1.000000
-0.748560 0.244998 -0.000569 2.000000
0.028779 -0.021827 -0.392074 1.000000
0.336635 0.065449 -0.093595 0.000000
0.467925 0.026003 0.091194 0.000000
0.193120 -0.030828 0.287699 1.000000
0.944153 -0.056920 0.003273 0.000000
0.038264 0.026675 -0.105499 0.000000
0.060997 -0.032951 -0.191592 1.000000
0.321400 -0.030157 0.103716 1.000000
-0.037081 0.001524 0.575295 1.000000
-0.144939 0.017189 -0.668545 1.000000
-0.726177 0.264211 -0.014327 2.000000
-0.887884 0.093099 -0.265110 2.000000
0.891298 0.045833 0.009964 0.000000
-0.034877 0.015470 -0.587745 1.000000
0.357541 -0.009735 -0.108078 0.000000
-0.047184 -0.093410 -0.045980 0.000000
-0.283269 -0.060064 -0.074033 0.000000
0.210747 -0.063369 0.302692 1.000000
0.855722 0.054056 0.044144 0.000000
0.137874 -0.080163 -0.257129 1.000000
0.065377 -0.064309 -0.121406 1.000000
0.271931 -0.095076 -0.303239 3.000000
-0.056454 0.000234 0.484176 1.000000
-0.044201 0.100864 0.043230 0.000000
0.700006 0.107259 0.008701 0.000000
-0.836615 0.316393 -0.002961 2.000000
0.019482 -0.038164 0.254943 1.000000
0.034664 -0.015351 0.311130 1.000000
0.422326 -0.048751 0.075394 0.000000
-0.015530 -0.062079 0.093290 0.000000
0.292568 -0.161312 -0.339757 3.000000
-0.688719 0.165730 -0.016073 2.000000
-0.723947 0.017136 -0.053450 2.000000
-0.079805 -0.089353 0.051237 0.000000
0.205937 -0.036579 -0.109341 1.000000
0.396476 0.112929 -0.002826 0.000000
-0.714435 -0.005570 -0.022388 2.000000
-0.387849 0.072946 -0.087603 0.000000
0.460912 0.038901 0.087835 0.000000
-0.597789 -0.029539 0.025684 0.000000
-0.632560 0.102665 0.028478 2.000000
0.361491 -0.071672 -0.102516 0.000000
0.222409 -0.015727 0.219555 1.000000
0.020557 -0.015055 -0.340590 1.000000
0.977607 -0.027067 -0.014569 0.000000
0.604078 -0.049477 0.070853 0.000000
0.073089 -0.022364 0.229658 1.000000
0.107026 -0.030049 0.351409 1.000000
-0.371942 0.110215 0.007519 0.000000
-0.028321 -0.000008 -0.479322 1.000000
-0.328734 0.061741 -0.096658 0.000000
-0.403784 -0.076831 -0.010619 0.000000
0.144941 -0.062401 0.305541 1.000000
-0.251911 -0.076804 -0.058045 0.000000
0.780403 0.099064 -0.012903 0.000000
0.198977 0.007167 0.094875 0.000000
-0.012010 -0.097763 -0.039209 0.000000
-0.096062 0.022456 -0.766945 1.000000
0.092194 -0.046655 0.219662 1.000000
0.384089 -0.026637 -0.104585 0.000000
-0.809610 0.316501 -0.002746 2.000000
-0.777124 0.079798 -0.170982 2.000000
0.354209 0.019070 -0.107487 0.000000
-0.911288 0.088853 0.268970 2.000000
-0.159476 0.022698 0.708868 1.000000
0.641052 0.088531 0.056262 0.000000
0.170871 -0.030157 -0.109341 1.000000
-0.877566 0.092212 -0.318394 2.000000
0.317074 -0.109855 0.335770 3.000000
-0.073437 0.013427 0.581958 1.000000
0.722094 -0.062482 0.056128 0.000000
0.026361 0.000986 0.439706 1.000000
-0.054654 -0.069442 0.081628 0.000000
-0.806654 0.079663 -0.138711 2.000000
0.159236 -0.021854 -0.378020 1.000000
0.472628 -0.005248 -0.104827 0.000000
0.038694 0.003539 -0.464382 1.000000
-0.106568 0.018398 0.636559 1.000000
-0.064462 -0.008015 0.090630 0.000000
-0.762130 0.069399 0.094042 2.000000
0.184037 -0.089138 0.348910 3.000000
0.490819 0.005957 0.093290 0.000000
0.021067 -0.049235 0.190266 1.000000
-0.302186 0.048010 -0.100259 0.000000
0.242750 -0.062321 0.099443 1.000000
-0.853597 0.088987 -0.236090 2.000000
-0.127070 0.019016 0.696185 1.000000
0.251402 -0.151719 -0.325676 3.000000
0.255325 -0.036015 0.213858 1.000000
0.646185 -0.069227 0.050646 0.000000
0.697051 0.110968 -0.004358 0.000000
0.002446 0.091406 0.053118 0.000000
0.256024 0.103498 -0.047566 0.000000
0.058552 0.105593 0.025146 0.000000
0.779113 0.064186 -0.079192 0.000000
-0.916206 0.086381 0.234710 2.000000
0.011260 -0.015136 -0.449899 1.000000
0.150530 0.112875 -0.011882 0.000000
0.330348 0.053196 0.084100 0.000000
0.178018 -0.097978 -0.046545 0.000000
0.073814 -0.121221 0.141254 3.000000
-0.139968 0.018775 -0.700655 1.000000
0.079403 -0.074251 -0.168080 1.000000
0.084133 0.070178 0.074400 0.000000
-0.642959 0.108442 0.005799 2.000000
0.763287 -0.165558 -0.014542 3.000000
0.148810 -0.097978 -0.087254 0.000000
0.219453 -0.097978 -0.016745 0.000000
0.011018 -0.029055 -0.263605 1.000000
0.590858 0.064159 0.080419 0.000000
0.251751 -0.124902 0.250617 3.000000
-0.173583 0.031243 0.089824 0.000000
0.748911 -0.152042 -0.006427 0.000000
0.706106 0.018963 0.089877 0.000000
0.031197 -0.051143 -0.306464 1.000000
0.240976 0.013750 -0.108884 0.000000
0.284990 -0.041980 0.157779 1.000000
0.377667 -0.094082 -0.013386 0.000000
-0.549261 0.108469 0.013323 0.000000
0.082762 -0.153546 0.163933 3.000000
0.579546 0.105889 0.024044 0.000000
-0.732169 0.238200 -0.014488 2.000000
-0.214991 0.011197 0.094687 0.000000
0.232082 -0.018549 0.139534 1.000000
-0.018003 -0.059338 0.119489 1.000000
0.293186 -0.125010 0.332331 3.000000
0.472735 -0.063933 -0.071051 0.000000
-0.778118 0.073026 0.050431 2.000000
0.258335 -0.097978 0.000076 0.000000
-0.367455 -0.053615 -0.075269 0.000000
-0.214212 0.111398 0.003032 0.000000
-0.004137 0.021569 0.658593 1.000000
-0.555495 0.117255 -0.010135 2.000000
0.078194 -0.058532 0.094875 1.000000
0.213058 -0.107652 -0.349779 3.000000
-0.272843 -0.085564 0.009696 0.000000
0.082037 -0.133179 0.116399 3.000000
-0.642287 -0.024084 0.007089 0.000000
-0.170224 0.114085 -0.007287 0.000000
0.839814 0.068754 0.041645 0.000000
0.157865 -0.042678 -0.268603 1.000000
-0.696861 0.189860 0.001312 2.000000
0.212735 -0.097978 -0.051731 0.000000
-0.754633 0.077272 0.140018 2.000000
0.012307 -0.054045 -0.110765 1.000000
-0.136368 0.020145 -0.717450 1.000000
-0.083164 0.032183 0.719375 1.000000
0.199837 -0.097978 -0.042245 0.000000
0.133064 -0.049342 0.294094 1.000000
0.683212 0.034575 0.086814 0.000000
0.067607 0.001121 0.427264 1.000000
-0.023538 0.105943 0.023883 0.000000
-0.150636 0.032640 -0.836083 1.000000
-0.694926 0.223340 -0.014784 2.000000
-0.832611 0.077809 0.068999 2.000000
-0.080020 0.020145 0.631185 1.000000
0.155044 -0.161312 -0.330567 3.000000
0.243018 -0.159512 0.324458 3.000000
0.075534 -0.017689 0.437690 1.000000
-0.567909 -0.041550 0.005719 0.000000
-0.415419 -0.065062 -0.046625 0.000000
-0.119950 -0.084382 0.029284 0.000000
0.080478 -0.156234 -0.140001 1.000000
-0.250944 -0.081936 0.024044 0.000000
0.575193 -0.082823 0.020659 0.000000
-0.480150 -0.054905 0.021519 0.000000
0.043289 -0.045742 -0.227733 1.000000
0.610232 0.071763 -0.087119 0.000000
0.248930 -0.081856 -0.272473 3.000000
-0.575675 0.104841 0.025872 2.000000
-0.170789 0.037611 -0.876120 1.000000
0.090393 -0.057242 0.295142 1.000000
0.068521 -0.130169 -0.156553 1.000000
0.182398 -0.085161 -0.103107 0.000000
0.445515 0.092454 -0.066509 0.000000
0.787739 0.092158 0.017192 0.000000
0.123632 -0.063073 -0.135298 1.000000
-0.466231 0.081652 -0.074759 0.000000
0.122101 -0.028491 -0.159401 1.000000
-0.599079 0.160544 -0.003337 2.000000
0.318310 -0.128288 0.250886 3.000000
-0.679368 0.026379 -0.023893 0.000000
0.791877 -0.028141 -0.091795 0.000000
-0.475743 0.045860 0.078296 0.000000
0.270937 -0.020564 -0.134976 1.000000
0.157570 -0.146211 -0.291497 3.000000
0.937946 -0.027470 0.036754 0.000000
-0.804021 0.397327 -0.004062 2.000000
-0.080315 0.016329 -0.713661 1.000000
-0.851851 0.082431 -0.137260 2.000000
-0.712688 0.223179 -0.015428 2.000000
0.303397 -0.051062 -0.116408 1.000000
-0.394003 -0.070086 0.029338 0.000000
-0.890867 0.090385 0.228153 2.000000
-0.231463 -0.055227 -0.079757 0.000000
0.104904 -0.055738 -0.176222 1.000000
0.197419 0.036241 0.088534 0.000000
0.676145 0.075955 0.066822 0.000000
0.016741 -0.008472 -0.529302 1.000000
-0.560869 0.025600 -0.086179 0.000000
-0.877539 0.093529 -0.282415 2.000000
-0.000725 -0.032172 0.287860 1.000000
0.081123 -0.135543 -0.127398 1.000000
0.723545 -0.144303 -0.023033 3.000000
0.748078 -0.127025 0.004160 3.000000
0.866443 -0.036176 -0.074060 0.000000
0.674399 0.045323 0.084396 0.000000
0.548859 0.108281 0.014935 0.000000
-0.518467 0.113547 -0.009168 0.000000
0.037190 -0.065492 -0.111330 1.000000
0.282652 -0.068367 0.094875 1.000000
0.140077 -0.035665 0.299387 1.000000
0.170145 -0.027067 -0.121487 1.000000
-0.416278 -0.022445 0.079371 0.000000
0.123256 -0.050981 0.299119 1.000000
0.213998 -0.100343 0.334238 3.000000
0.148568 -0.065303 -0.126888 1.000000
0.129383 -0.112838 0.237612 3.000000
-0.078569 0.004802 0.577041 1.000000
0.132231 -0.029431 0.094875 0.000000
0.160311 -0.097978 -0.040311 0.000000
0.750765 -0.003931 0.086895 0.000000
0.173504 -0.011509 0.345417 1.000000
0.556625 -0.040260 -0.094724 0.000000
0.055811 -0.014975 0.464507 1.000000
-0.811652 0.076090 -0.078386 2.000000
-0.040063 0.028045 0.721820 1.000000
-0.151979 0.046263 0.851900 1.000000
-0.036651 0.112553 -0.013064 0.000000
0.236489 -0.062536 -0.345023 1.000000
0.153701 -0.098005 0.348104 3.000000
-0.752833 0.001121 -0.007206 2.000000
-0.833417 0.068270 -0.113237 2.000000
0.035551 0.000906 0.433848 1.000000
0.100174 0.088584 0.055913 0.000000
0.031896 -0.022848 -0.280991 1.000000
-0.183579 -0.016560 -0.101844 0.000000
0.409482 0.023101 0.091973 0.000000
-0.243716 0.072059 0.072492 0.000000
-0.771803 0.009397 0.003999 2.000000
0.215825 -0.147151 -0.355906 3.000000
0.025555 0.001739 -0.459814 1.000000
-0.840673 0.079878 0.198757 2.000000
0.023083 0.021489 -0.106842 0.000000
-0.129596 0.026594 -0.719975 1.000000
-0.149453 0.043146 0.827099 1.000000
0.389409 -0.093786 -0.010995 0.000000
-0.189088 0.031458 -0.789785 1.000000
-0.120594 0.051261 0.084584 0.000000
0.272065 -0.037439 0.193947 1.000000
-0.075559 -0.034564 0.419848 1.000000
0.416468 -0.080405 -0.072314 0.000000
-0.034877 -0.001728 0.541035 1.000000
-0.703498 0.257251 -0.012741 2.000000
0.197446 -0.160479 -0.269785 3.000000
0.167512 -0.141938 0.308765 3.000000
-0.785561 0.082807 -0.213223 2.000000
0.369498 0.037288 0.088238 0.000000
-0.014563 -0.002507 0.439974 1.000000
-0.126748 0.010095 -0.642696 1.000000
-0.714918 0.070205 -0.106090 2.000000
-0.179280 0.045054 0.859639 1.000000
0.441995 0.066873 -0.092171 0.000000
0.761379 -0.007881 -0.099990 0.000000
-0.221467 -0.063342 -0.071669 0.000000
-0.194784 0.128004 -0.005701 0.000000
0.240815 -0.020376 0.106510 1.000000
-0.149104 0.020333 -0.707131 1.000000
0.341660 0.109597 0.009910 0.000000
0.230228 0.091755 0.052769 0.000000
0.236865 -0.109989 0.229846 3.000000
0.808564 0.006172 -0.098593 0.000000
0.266879 -0.094512 -0.247134 3.000000
0.112938 0.108710 0.013242 0.000000
0.177857 -0.010971 0.289714 1.000000
-0.296597 0.058785 0.082837 0.000000
0.390377 0.104438 0.029580 0.000000
0.090877 -0.044103 -0.310844 1.000000
0.192314 -0.067722 0.338000 1.000000
-0.373715 0.107582 0.017595 0.000000
0.032487 0.005393 0.467463 1.000000
-0.067686 -0.052674 0.236107 1.000000
0.075453 -0.062939 -0.318717 1.000000
0.133816 -0.009386 -0.452398 1.000000
-0.173959 0.030356 0.787223 1.000000
-0.318281 0.001174 -0.105982 0.000000
0.037566 0.013374 0.558044 1.000000
-0.039902 -0.004200 0.443978 1.000000
0.317477 0.017780 -0.107810 0.000000
-0.487109 -0.047139 0.039871 0.000000
-0.084131 0.045753 -0.100501 0.000000
-0.890114 0.096377 -0.314014 2.000000
0.019428 0.009531 0.506425 1.000000
0.323630 -0.079894 0.340983 3.000000
0.582179 -0.064390 0.056128 0.000000
-0.810040 0.366964 -0.002799 2.000000
0.913332 0.014556 -0.048775 0.000000
0.535370 -0.002050 -0.105660 0.000000
-0.304792 -0.054340 0.063759 0.000000
0.197311 -0.015324 0.198273 1.000000
0.133386 -0.024326 0.159284 1.000000
0.029639 0.004614 -0.109341 0.000000
-0.679368 0.018667 0.031514 0.000000
0.858731 -0.053104 0.049356 0.000000
-0.024022 -0.036525 0.248118 1.000000
-0.145557 0.017942 -0.678460 1.000000
-0.875658 0.076869 -0.125141 2.000000
0.834333 0.063487 -0.063527 0.000000
-0.001343 -0.016453 -0.352117 1.000000
0.858462 -0.075595 0.012383 0.000000
0.313554 -0.126891 0.331632 3.000000
0.306164 -0.075514 0.321582 3.000000
0.068870 -0.076240 0.156221 1.000000
0.014403 -0.097978 -0.087469 0.000000
0.107322 -0.151074 -0.324897 3.000000
0.268223 0.059537 0.082434 0.000000
0.315435 -0.069200 -0.321135 3.000000
0.066317 -0.013336 -0.481365 1.000000
-0.503500 0.024713 0.079640 0.000000
-0.814124 0.088208 -0.033942 2.000000
-0.027031 -0.037680 -0.253502 1.000000
-0.425253 -0.065142 0.024340 0.000000
-0.829011 0.089095 -0.267931 2.000000
-0.469187 0.021945 -0.098244 0.000000
0.645540 -0.036256 0.081198 0.000000
-0.011016 -0.002614 0.553691 1.000000
-0.038532 -0.007397 -0.437539 1.000000
-0.659968 0.092212 -0.051516 2.000000
-0.316562 0.059510 -0.097196 0.000000
-0.125861 -0.010917 0.088856 0.000000
-0.097486 0.016598 -0.633049 1.000000
0.054091 -0.019758 0.263838 1.000000
0.441592 -0.024433 0.085309 0.000000
0.201503 -0.057914 0.151733 1.000000
-0.122717 0.106077 -0.037785 0.000000
0.067688 -0.014249 -0.308291 1.000000
0.097863 -0.007209 0.345712 1.000000
0.212735 -0.018576 0.094875 0.000000
0.295389 -0.091234 0.348829 3.000000
-0.176432 0.038551 0.815303 1.000000
0.274188 -0.133877 0.346438 3.000000
0.260968 -0.157470 -0.346501 3.000000
0.115705 -0.018253 -0.424345 1.000000
0.406768 0.020091 -0.107218 0.000000
-0.061076 0.080013 0.064512 0.000000
-0.675042 0.222561 -0.001456 2.000000
-0.060700 -0.028813 -0.425716 1.000000
0.407063 -0.085671 -0.049903 0.000000
0.180490 -0.101444 0.248118 3.000000
-0.755439 0.073537 0.081359 2.000000
-0.803134 0.055695 -0.050817 2.000000
-0.849191 0.081491 -0.228647 2.000000
-0.045357 -0.061649 -0.247214 1.000000
0.128173 -0.097978 0.034900 0.000000
0.294610 -0.097978 0.046401 0.000000
-0.182021 0.040432 0.831237 1.000000
0.227944 -0.017823 0.257174 1.000000
-0.780617 0.256526 -0.012768 2.000000
0.841749 -0.082904 -0.005836 0.000000
-0.134003 -0.016292 0.614687 1.000000
0.140507 0.097317 0.047180 0.000000
0.058928 -0.135570 -0.164184 1.000000
0.404349 0.110618 -0.020453 0.000000
-0.727762 0.066336 0.061233 2.000000
0.293750 0.055104 -0.098056 0.000000
-0.009135 -0.013766 0.360894 1.000000
-0.509573 -0.034590 -0.061485 0.000000
-0.823610 0.078212 0.181076 2.000000
0.109283 0.000556 -0.476582 1.000000
-0.840914 0.354066 -0.011156 2.000000
0.159263 -0.146265 0.332169 3.000000
-0.034447 0.016813 0.582227 1.000000
0.728758 0.108872 -0.006696 0.000000
0.787873 0.084124 0.042639 0.000000
-0.902797 0.429975 -0.008845 2.000000
0.623022 -0.063557 -0.070889 0.000000
0.123552 -0.049396 -0.233403 1.000000
-0.144187 0.090600 0.053898 0.000000
0.044552 -0.057323 -0.255786 1.000000
-0.135749 0.027185 -0.788468 1.000000
0.056510 -0.161957 0.109090 3.000000
0.432644 0.111935 -0.015482 0.000000
-0.247424 -0.025616 -0.099480 0.000000
0.062394 -0.101364 -0.158165 1.000000
0.899762 0.036187 -0.024242 0.000000
0.045896 0.105674 -0.039343 0.000000
0.213864 0.112472 -0.013386 0.000000
-0.108207 -0.034805 -0.101683 0.000000
-0.750307 0.042958 0.043687 2.000000
0.418295 -0.088788 -0.021609 0.000000
-0.007174 -0.062240 -0.242996 1.000000
-0.701832 0.126553 0.001151 2.000000
0.225767 -0.168836 0.284044 3.000000
-0.828366 0.121393 -0.005486 2.000000
0.758289 -0.155293 -0.027493 3.000000
-0.899895 0.077917 -0.169451 2.000000
-0.029691 0.009021 0.646717 1.000000
-0.552217 0.005823 -0.081906 0.000000
0.114469 -0.064363 0.112153 1.000000
0.319331 -0.163515 0.307314 3.000000
0.231598 -0.153117 0.249542 3.000000
-0.165764 0.004963 0.619389 1.000000
-0.003224 -0.008983 -0.504823 1.000000
-0.033077 0.009209 -0.544322 1.000000
0.002392 0.020602 0.639273 1.000000
-0.679368 0.039519 -0.044395 0.000000
0.264085 -0.115202 0.351812 3.000000
0.267551 -0.154675 -0.315761 3.000000
0.770246 -0.057538 -0.073603 0.000000
0.043209 -0.048778 0.195452 1.000000
