0.171665 0.000308 0.280529 1.000000
-0.123076 0.029296 -0.631096 1.000000
0.159030 -0.045163 -0.352162 1.000000
0.309482 -0.042459 -0.378056 3.000000
0.000363 -0.098043 -0.004853 0.000000
0.066217 -0.007465 0.374876 1.000000
-0.729431 0.338570 0.036094 2.000000
-0.078255 0.024330 -0.555702 1.000000
-0.019967 -0.021894 0.234252 1.000000
-0.223897 -0.045137 -0.042160 0.000000
-0.392807 -0.059202 0.016934 0.000000
-0.033772 -0.003098 -0.393473 1.000000
-0.313616 0.046611 -0.877767 1.000000
-0.064762 0.011071 0.615178 1.000000
0.272356 0.013593 -0.087683 0.000000
0.719447 -0.023558 -0.080039 0.000000
-0.027195 -0.097237 -0.071798 0.000000
-0.040922 0.016687 0.459812 1.000000
0.144653 -0.027016 -0.055289 1.000000
0.012531 0.002804 0.505595 1.000000
-0.722204 0.042711 -0.002175 2.000000
0.218514 -0.018203 0.335333 1.000000
0.295963 -0.022414 0.115155 1.000000
-0.151986 0.036082 0.745116 1.000000
-0.004446 -0.013107 -0.605982 3.000000
-0.638463 0.053058 0.139177 2.000000
0.079320 0.100739 -0.037896 0.000000
0.156560 -0.070589 0.036614 0.000000
0.337638 -0.027406 0.329068 3.000000
0.060731 -0.021010 0.270624 1.000000
-0.200342 0.016479 -0.537815 1.000000
0.161916 -0.015993 0.009654 0.000000
-0.253899 0.026514 -0.761633 1.000000
-0.206712 0.024070 -0.755498 1.000000
-0.379392 -0.047893 -0.025079 0.000000
0.037515 0.018195 0.483471 1.000000
-0.243135 0.029192 -0.671966 1.000000
0.263309 0.049783 -0.081625 0.000000
-0.697531 0.071959 0.029179 2.000000
-0.163997 -0.081248 -0.068652 0.000000
0.186796 -0.015395 -0.149662 1.000000
-0.045939 -0.000524 0.374279 1.000000
0.008917 -0.005334 -0.600861 1.000000
-0.043989 -0.013757 -0.259921 1.000000
-0.593253 0.090418 0.038538 0.000000
-0.450653 0.070373 0.030167 2.000000
0.035565 -0.043213 -0.144827 1.000000
0.706422 -0.048231 0.030869 0.000000
0.377935 -0.080806 -0.012808 1.000000
-0.063904 0.029036 0.648429 1.000000
0.163866 -0.070901 -0.085213 1.000000
0.609032 0.077211 -0.071876 0.000000
0.123465 -0.066169 0.036042 1.000000
0.158900 -0.067599 -0.351720 3.000000
-0.005668 0.080122 0.066798 0.000000
0.470462 -0.041679 -0.005087 1.000000
0.109946 -0.064869 -0.026379 0.000000
-0.259254 -0.062919 -0.015200 0.000000
0.078384 -0.026964 -0.250821 1.000000
0.152765 -0.070927 0.024005 1.000000
0.048252 -0.007699 0.618713 3.000000
0.045418 -0.015369 0.191979 1.000000
0.668490 0.002492 0.053903 0.000000
-0.170133 0.027814 -0.609700 1.000000
-0.274047 -0.075347 -0.008648 0.000000
-0.638515 0.047339 -0.002669 2.000000
-0.095778 0.028204 -0.626495 1.000000
0.528932 -0.029876 -0.086331 0.000000
0.294819 -0.100877 -0.359052 3.000000
-0.330333 0.047833 -0.899085 1.000000
-0.686534 0.050303 0.208540 2.000000
0.605367 0.009147 0.062613 0.000000
0.124375 -0.065987 -0.056511 1.000000
0.003171 -0.050388 -0.025651 1.000000
-0.647043 0.082566 0.032819 2.000000
0.709619 0.024564 0.044492 0.000000
-0.637553 0.064601 -0.008102 0.000000
0.203357 0.112620 -0.004541 0.000000
0.315513 -0.091673 -0.013744 0.000000
-0.139663 0.024070 -0.555702 1.000000
0.082414 -0.038741 0.202041 1.000000
0.271810 -0.076179 0.064978 1.000000
0.258863 0.028828 -0.085967 0.000000
0.212066 -0.049946 -0.063453 0.000000
-0.289594 -0.073449 0.038070 0.000000
-0.249765 0.027970 -0.802840 1.000000
-0.017081 -0.002734 0.385172 1.000000
0.395951 -0.067651 -0.060151 1.000000
0.339717 -0.017007 0.005677 0.000000
0.187524 -0.072071 0.081201 1.000000
-0.750957 0.301471 0.035990 2.000000
0.478522 0.057296 -0.086461 0.000000
-0.627258 0.170154 0.036978 2.000000
0.070740 -0.016071 0.080863 0.000000
-0.096844 0.030570 0.663846 1.000000
-0.151960 0.018091 0.613722 1.000000
0.201277 -0.070641 -0.306093 3.000000
0.242926 -0.076101 0.382858 3.000000
0.280754 -0.044435 -0.176857 1.000000
0.246540 -0.036453 -0.003475 1.000000
0.097233 -0.034036 -0.089607 0.000000
-0.788889 0.056880 0.212674 2.000000
0.299290 -0.100669 -0.366643 3.000000
0.332048 -0.027120 0.354000 3.000000
0.212872 -0.039053 -0.383854 3.000000
0.110024 0.012761 0.083957 0.000000
0.062447 -0.018879 0.165513 1.000000
0.407001 0.056880 0.065420 0.000000
-0.192569 -0.080988 0.008432 0.000000
-0.003458 -0.029070 0.164369 1.000000
0.045132 -0.058526 0.007106 1.000000
0.400163 0.109942 0.010538 0.000000
0.078696 -0.060996 -0.016760 1.000000
-0.303477 -0.004060 -0.065246 0.000000
0.264583 -0.069081 -0.115761 1.000000
-0.628532 -0.006763 0.036588 0.000000
-0.583217 0.109422 0.013372 2.000000
-0.770898 0.357939 0.026787 2.000000
0.329396 -0.016565 -0.032619 0.000000
-0.096896 0.008835 0.513889 1.000000
-0.059640 0.022770 0.541031 1.000000
-0.013260 0.066837 0.075794 0.000000
0.067387 0.003740 0.482145 1.000000
0.255379 0.103001 -0.039378 0.000000
0.740739 0.072661 -0.010364 0.000000
0.453927 -0.034763 0.039786 0.000000
0.799287 -0.000836 0.017298 0.000000
0.273344 -0.044617 0.086427 0.000000
-0.584907 0.036471 0.088351 2.000000
0.436249 0.031480 0.071140 0.000000
0.208219 -0.067287 -0.390223 3.000000
-0.133579 0.012917 -0.615887 1.000000
0.317411 -0.026106 0.086505 1.000000
0.146213 -0.010897 0.182178 1.000000
-0.061538 0.102455 -0.029395 0.000000
0.070090 -0.035699 -0.042368 1.000000
-0.018771 -0.013081 0.331122 1.000000
0.161552 -0.019581 -0.285503 1.000000
-0.208558 0.040787 0.817937 1.000000
0.634381 0.004572 0.058973 0.000000
0.142625 -0.053196 -0.162194 1.000000
-0.662226 0.054748 -0.087683 2.000000
-0.806906 0.066109 0.319838 2.000000
0.023346 -0.024858 -0.141317 1.000000
0.311041 -0.088502 -0.089373 0.000000
-0.164933 0.109916 -0.009142 0.000000
0.011699 -0.018671 -0.261013 1.000000
-0.624502 0.024642 0.065082 0.000000
-0.184847 0.019365 0.610394 1.000000
-0.646263 0.042191 0.066798 0.000000
-0.155860 0.108382 0.034483 0.000000
0.698778 -0.077868 -0.017384 0.000000
-0.332335 0.044739 -0.871397 1.000000
-0.040714 -0.016331 0.243248 1.000000
0.151231 -0.002162 0.255155 1.000000
-0.076513 -0.033698 0.079095 0.000000
0.085273 0.008887 0.342665 1.000000
-0.035332 -0.042667 0.071764 0.000000
0.349857 -0.044331 -0.134428 1.000000
0.578225 0.028620 -0.093948 0.000000
0.071728 -0.060398 -0.555780 3.000000
-0.119358 0.017727 -0.667208 1.000000
-0.343020 -0.021478 0.088013 0.000000
0.014220 0.000672 -0.282097 1.000000
-0.117434 -0.017527 0.037706 0.000000
-0.727143 0.054540 -0.184500 2.000000
0.295157 -0.029616 0.067838 0.000000
-0.050671 0.015075 -0.418405 1.000000
-0.028391 -0.083640 0.103092 0.000000
0.064267 -0.033880 -0.341867 1.000000
0.155026 -0.066117 0.570305 3.000000
0.119071 -0.032346 -0.029707 1.000000
-0.090864 -0.037545 -0.080975 0.000000
0.201797 -0.054782 0.158728 1.000000
-0.395927 0.043309 0.094382 0.000000
-0.080127 -0.094949 -0.058201 0.000000
0.025244 -0.018333 -0.269670 1.000000
-0.202630 0.025214 0.673543 1.000000
0.008917 -0.029798 -0.068652 0.000000
0.206555 -0.044565 -0.342283 1.000000
0.414098 -0.023792 0.039708 0.000000
0.018146 -0.054600 0.025123 1.000000
0.274462 -0.105712 -0.357882 3.000000
0.246826 -0.019633 -0.132062 1.000000
-0.080491 -0.015993 -0.011534 0.000000
0.275866 -0.019503 -0.150364 1.000000
-0.105319 0.026826 0.606078 1.000000
-0.008632 -0.000524 0.453521 1.000000
-0.074901 0.010239 0.595601 1.000000
-0.047837 0.014659 0.442498 1.000000
0.111038 -0.019321 -0.127720 1.000000
-0.035176 0.018741 -0.467412 1.000000
-0.087198 0.011825 0.445462 1.000000
0.220490 -0.080806 -0.097328 0.000000
0.236531 -0.024962 -0.052741 1.000000
-0.272903 0.031636 -0.848025 1.000000
-0.678189 0.052512 0.226531 2.000000
-0.109869 0.008471 -0.552608 1.000000
-0.185107 0.029244 0.843623 1.000000
-0.377728 0.064186 -0.917882 3.000000
0.325730 -0.019867 -0.082223 0.000000
0.471866 -0.055848 -0.067326 0.000000
-0.017367 -0.045657 -0.058253 0.000000
-0.672157 0.050147 0.206772 2.000000
0.092137 -0.037285 -0.639416 3.000000
-0.512476 -0.029512 0.000555 0.000000
0.234867 -0.027952 0.348150 1.000000
0.174993 -0.077920 -0.023337 0.000000
0.360698 -0.042511 -0.094988 0.000000
0.201693 -0.015993 -0.059189 1.000000
-0.352068 0.076093 0.081851 0.000000
0.292947 -0.017085 0.180748 1.000000
-0.112417 0.095123 -0.038208 0.000000
0.293467 -0.088502 -0.090309 0.000000
0.054570 -0.078778 0.020522 0.000000
-0.659418 0.055086 -0.099382 2.000000
0.038347 -0.053872 0.574672 3.000000
-0.635058 0.151721 0.036640 2.000000
-0.067856 -0.007855 -0.292366 1.000000
0.180453 -0.078466 0.018234 0.000000
0.240092 0.099361 0.038746 0.000000
-0.081011 -0.018203 -0.600809 1.000000
0.151049 -0.098693 -0.077830 0.000000
-0.093256 0.097645 -0.036102 0.000000
-0.103005 -0.022596 0.087519 0.000000
0.036501 -0.098719 -0.023129 0.000000
-0.546482 0.064550 0.036952 2.000000
0.398083 0.104483 -0.041276 0.000000
0.146291 -0.048335 -0.182030 1.000000
-0.757015 0.048171 0.137669 2.000000
-0.829888 0.070529 0.362449 2.000000
0.188486 0.106641 -0.029473 0.000000
-0.082129 0.016765 -0.075438 0.000000
-0.030366 0.006184 0.614242 1.000000
0.697608 0.089534 -0.023675 0.000000
-0.255251 0.035016 0.907163 1.000000
0.475584 -0.020776 -0.088151 0.000000
-0.581943 0.142128 0.014204 2.000000
-0.771990 0.070789 -0.243126 2.000000
0.160746 -0.063647 -0.124470 1.000000
0.171093 -0.015993 0.006197 0.000000
0.390466 -0.085408 0.050679 0.000000
0.279714 -0.015993 -0.013562 0.000000
0.036163 0.004000 -0.296864 1.000000
-0.052309 -0.006607 -0.312099 1.000000
-0.044431 -0.078180 -0.015018 0.000000
-0.189839 0.042971 0.874353 1.000000
-0.080725 0.002206 -0.330558 1.000000
-0.671637 0.055268 0.143025 2.000000
0.067985 -0.028966 -0.349354 1.000000
0.122607 -0.017579 0.137955 1.000000
-0.160279 -0.023818 0.031649 0.000000
0.354666 0.103963 -0.040834 0.000000
-0.145278 0.033170 -0.710209 1.000000
-0.165661 0.014789 -0.611858 1.000000
0.174057 -0.004476 0.345161 1.000000
-0.599414 0.036627 0.092666 2.000000
0.282911 -0.075555 0.382520 3.000000
-0.160981 -0.006711 -0.506097 1.000000
0.009905 0.100219 0.045584 0.000000
0.100638 -0.034140 -0.028147 1.000000
0.083948 -0.039365 -0.005191 1.000000
0.179803 0.089378 0.052005 0.000000
-0.121438 -0.090426 0.085309 0.000000
0.383628 -0.031618 0.006223 1.000000
0.342317 -0.088580 0.068878 0.000000
0.680319 -0.078804 -0.019100 0.000000
-0.380640 0.068085 -0.051649 0.000000
-0.158251 0.012241 -0.532771 1.000000
-0.026805 -0.015993 0.022991 0.000000
0.214614 -0.025326 -0.046892 1.000000
-0.103187 0.005378 0.423441 1.000000
-0.154404 0.025370 0.794123 1.000000
0.551446 0.109422 -0.010286 0.000000
0.330800 -0.030006 0.066460 0.000000
0.077344 0.079212 -0.060203 0.000000
-0.168755 0.101701 -0.027263 0.000000
-0.086132 -0.073761 -0.022791 0.000000
0.066035 -0.099109 -0.018918 0.000000
0.203513 -0.100981 -0.359910 3.000000
-0.034032 -0.019659 -0.319768 1.000000
0.197351 -0.052650 0.166267 1.000000
-0.153182 0.018715 0.656359 1.000000
0.217214 -0.080286 -0.007920 1.000000
-0.161189 0.019651 0.583564 1.000000
-0.816291 0.399406 0.035964 2.000000
0.152687 -0.070615 -0.000303 1.000000
0.047056 0.011669 -0.368515 1.000000
-0.139871 0.035640 0.742023 1.000000
0.027583 -0.022856 0.324440 1.000000
0.307506 -0.072201 -0.387494 3.000000
-0.722437 0.064238 -0.213176 2.000000
0.020980 -0.095781 -0.083107 0.000000
-0.198731 0.023498 -0.748530 1.000000
0.148813 -0.009363 -0.194873 1.000000
0.273682 -0.031956 -0.381020 3.000000
-0.681516 0.082436 0.041554 0.000000
-0.078645 -0.002890 0.527850 1.000000
-0.041260 -0.011677 0.277617 1.000000
-0.579578 0.032806 -0.010182 2.000000
0.560052 -0.058942 -0.066130 0.000000
0.271836 -0.025898 0.039448 1.000000
0.074042 -0.056186 0.100466 0.000000
-0.343774 -0.026730 -0.051753 0.000000
0.159498 -0.007959 -0.338175 1.000000
-0.245189 0.031714 -0.838484 1.000000
0.149099 -0.058344 -0.097328 0.000000
0.761850 0.053110 -0.047412 0.000000
0.087327 0.002726 0.292202 1.000000
0.327966 -0.069029 0.086375 1.000000
0.790240 0.033274 0.001517 0.000000
0.469630 -0.044409 0.044284 0.000000
0.036735 -0.004190 -0.409774 1.000000
-0.206686 0.047651 0.090119 0.000000
0.276386 -0.019529 -0.355308 3.000000
-0.037048 -0.006347 0.086921 0.000000
0.375023 -0.019035 0.062119 0.000000
0.328902 -0.099993 0.331538 3.000000
-0.030444 -0.005906 0.328444 1.000000
0.397953 -0.068223 -0.050947 0.000000
0.076252 -0.029408 0.224607 1.000000
0.244798 -0.095287 0.057699 0.000000
-0.294560 0.016271 -0.067976 0.000000
0.441162 -0.067287 0.076444 0.000000
-0.601052 0.027164 -0.015876 0.000000
-0.725193 0.300067 0.023381 2.000000
0.407729 -0.072617 -0.097302 0.000000
0.155026 -0.040873 0.563597 3.000000
0.069233 -0.042459 0.007210 1.000000
0.404713 -0.035049 -0.059761 1.000000
0.107944 -0.037649 -0.556014 3.000000
-0.253015 -0.032892 -0.058409 0.000000
0.271966 -0.050414 0.338817 1.000000
-0.011570 -0.030084 0.608678 1.000000
0.001975 -0.020153 -0.178572 1.000000
-0.082545 0.016843 0.486721 1.000000
0.072144 0.026384 0.084399 0.000000
0.307506 -0.028836 -0.013198 1.000000
0.163528 0.005222 0.375396 1.000000
0.069025 -0.068327 0.100622 0.000000
-0.721060 0.051810 0.131040 2.000000
0.145615 0.093381 0.048730 0.000000
0.710191 0.064134 -0.064154 0.000000
0.069103 -0.099109 0.060871 0.000000
0.400787 -0.077114 0.014594 0.000000
0.027687 0.014503 -0.414298 1.000000
-0.272981 0.032598 0.095864 0.000000
0.024334 -0.058032 -0.049258 0.000000
-0.172654 0.017831 -0.676801 1.000000
0.174317 -0.074697 0.095110 0.000000
0.202135 -0.026262 -0.033243 1.000000
0.274098 -0.089204 0.081461 0.000000
0.263517 0.066525 -0.075022 0.000000
0.113247 0.000828 -0.397763 1.000000
-0.803812 0.059168 -0.178468 2.000000
-0.670935 0.252386 0.036328 2.000000
-0.417531 -0.033178 0.069216 0.000000
0.075290 -0.061308 0.009680 1.000000
-0.042092 0.010005 -0.362275 1.000000
0.482551 -0.061880 0.005911 0.000000
-0.016067 -0.097523 -0.009246 0.000000
0.102380 0.053994 0.077068 0.000000
-0.159863 0.083658 -0.048998 0.000000
-0.039388 0.027320 0.637406 1.000000
0.408951 -0.048569 0.052395 0.000000
-0.666879 0.045675 0.056581 2.000000
0.135606 -0.054548 0.557176 3.000000
0.096947 0.006730 0.325376 1.000000
0.282183 -0.017683 -0.185150 1.000000
-0.052543 -0.003150 -0.343245 1.000000
0.260449 -0.063699 -0.004515 1.000000
0.228367 -0.019503 -0.126212 1.000000
0.194518 0.112412 -0.005477 0.000000
0.307168 -0.024936 -0.086955 0.000000
0.311535 -0.081794 0.017116 1.000000
0.402035 -0.008843 -0.089685 0.000000
0.229511 0.002050 -0.084875 0.000000
-0.007046 -0.048724 -0.604942 3.000000
-0.126274 0.020587 0.733209 1.000000
0.369407 -0.017449 0.069554 0.000000
-0.145460 0.021809 -0.535891 1.000000
-0.115718 0.027944 0.776990 1.000000
-0.020903 0.024928 0.588841 1.000000
-0.027689 0.000438 -0.075724 0.000000
0.024854 -0.083380 -0.584196 3.000000
-0.018719 -0.024416 -0.212162 1.000000
0.068011 -0.018775 0.289057 1.000000
0.088549 0.010421 0.487709 1.000000
0.408795 -0.034036 0.031311 1.000000
-0.525475 -0.022960 -0.005243 0.000000
-0.578590 0.177875 0.034743 2.000000
0.269002 -0.020231 -0.135025 1.000000
-0.034578 -0.016331 0.614476 1.000000
0.198833 -0.020464 -0.108481 1.000000
0.038633 -0.009805 -0.624103 3.000000
-0.751659 0.051238 -0.078453 2.000000
0.160642 -0.072149 -0.030149 0.000000
0.441760 -0.056498 -0.010078 1.000000
0.185314 0.032416 -0.083003 0.000000
0.047810 -0.075633 0.029959 0.000000
-0.081453 0.004052 0.614008 1.000000
-0.101497 0.066837 0.078887 0.000000
0.317593 -0.073579 -0.037298 0.000000
0.378689 -0.031280 -0.001291 0.000000
0.604691 0.051628 0.054787 0.000000
0.576639 -0.027640 -0.087241 0.000000
-0.514998 0.092939 -0.002643 0.000000
0.308806 -0.092843 0.339207 3.000000
-0.184977 -0.002344 -0.509139 1.000000
0.070116 0.008575 -0.080065 0.000000
0.309482 -0.040509 -0.005607 1.000000
0.150945 -0.003540 0.367259 1.000000
0.000961 -0.015057 -0.201087 1.000000
0.360646 -0.067937 -0.007348 1.000000
-0.106983 0.080330 -0.053027 0.000000
0.111948 -0.045969 0.343185 1.000000
0.043832 -0.070979 0.628723 3.000000
0.309066 -0.095287 0.311207 3.000000
-0.195377 0.007796 -0.605280 1.000000
0.026856 -0.028628 -0.122546 1.000000
-0.275477 0.042945 -0.823925 1.000000
0.758860 -0.023896 0.032273 0.000000
-0.046745 0.007354 -0.551646 1.000000
0.276854 -0.079662 -0.389781 3.000000
-0.417765 -0.037207 -0.026405 0.000000
0.572895 -0.034555 0.054527 0.000000
-0.360985 0.019937 0.097814 0.000000
0.261957 -0.019711 -0.358636 3.000000
-0.253899 0.036887 -0.867680 1.000000
-0.723191 0.060104 -0.133180 2.000000
0.225715 -0.085486 0.376176 3.000000
0.516947 -0.057616 0.040462 0.000000
0.049786 -0.036089 0.222683 1.000000
0.293233 -0.073865 0.025097 0.000000
0.079814 -0.015993 -0.050869 0.000000
0.008345 0.010993 -0.351798 1.000000
-0.151258 -0.021400 -0.024559 0.000000
0.027947 -0.011703 0.594769 1.000000
0.744431 -0.038585 -0.071954 0.000000
-0.201070 0.027216 -0.621503 1.000000
-0.193037 0.024018 0.705573 1.000000
-0.408302 -0.053872 -0.000303 0.000000
-0.023139 0.010447 0.597083 1.000000
0.606069 0.077185 0.039942 0.000000
-0.578746 0.035380 0.078965 2.000000
0.282729 0.029218 -0.086773 0.000000
-0.421041 -0.001044 0.088637 0.000000
0.029637 -0.098589 0.076704 0.000000
0.041077 0.014867 -0.427557 1.000000
-0.127080 0.029868 -0.640716 1.000000
-0.157159 -0.055042 0.066954 0.000000
-0.341824 -0.053378 -0.028251 0.000000
0.112597 -0.064557 -0.045488 0.000000
0.102276 0.079082 -0.061139 0.000000
-0.134255 0.033950 0.712333 1.000000
-0.027611 -0.027562 0.199883 1.000000
-0.090864 -0.030396 0.093472 0.000000
-0.032628 -0.015993 -0.042004 0.000000
-0.029638 -0.000940 0.405112 1.000000
0.236193 -0.079870 0.018650 1.000000
0.296950 -0.015993 -0.000173 0.000000
0.393404 -0.032502 0.014126 1.000000
0.099026 0.111528 -0.007868 0.000000
0.725374 -0.005958 -0.082431 0.000000
-0.137921 -0.044045 -0.074918 0.000000
0.284783 -0.045631 -0.349042 3.000000
-0.072847 -0.080598 -0.088151 0.000000
-0.658924 0.043959 0.039266 2.000000
0.351365 -0.032788 -0.090725 0.000000
0.054570 -0.081950 0.606572 3.000000
0.219320 -0.096561 0.058817 0.000000
-0.858018 0.071023 -0.292366 2.000000
0.256211 -0.026730 -0.344155 1.000000
0.308312 -0.072903 0.026553 0.000000
0.027739 -0.051818 0.635170 3.000000
-0.612725 0.014815 -0.010598 0.000000
0.092761 0.000048 0.438052 1.000000
0.547833 -0.024000 -0.088723 0.000000
0.022722 -0.037675 0.236124 1.000000
0.233411 -0.081404 -0.001005 1.000000
0.217656 -0.029382 -0.320704 3.000000
0.365404 -0.087670 0.036848 0.000000
0.064995 -0.078232 -0.018606 0.000000
-0.037126 0.003194 0.337335 1.000000
-0.109427 0.017467 0.693484 1.000000
0.000519 -0.004372 -0.076166 0.000000
0.074068 0.000490 -0.346261 1.000000
0.202941 0.097905 0.041658 0.000000
0.116029 -0.007101 0.625109 3.000000
-0.169223 -0.039911 -0.064154 0.000000
0.047004 -0.038819 -0.550762 3.000000
-0.063332 0.017493 0.675103 1.000000
0.148371 0.100453 -0.040860 0.000000
0.210663 -0.047113 0.184908 1.000000
-0.037074 0.010759 -0.567973 1.000000
0.196520 -0.012431 -0.295304 1.000000
0.570997 -0.076543 -0.038910 0.000000
0.041882 -0.042173 0.154022 1.000000
0.163502 -0.021946 -0.337499 1.000000
0.027402 -0.069757 -0.627977 3.000000
-0.775396 0.054462 -0.155460 2.000000
-0.012558 -0.009857 0.255909 1.000000
0.141819 -0.031150 0.025747 1.000000
-0.097754 -0.002344 0.602256 1.000000
0.707617 0.011487 -0.085109 0.000000
-0.177880 -0.080130 0.019820 0.000000
-0.336703 0.057400 -0.058019 0.000000
-0.186459 -0.086864 -0.003605 0.000000
0.004055 -0.014199 -0.566803 3.000000
0.157106 0.022095 0.081929 0.000000
-0.000053 -0.025300 -0.218636 1.000000
-0.035228 0.003714 0.509417 1.000000
-0.662564 0.032286 0.014334 2.000000
0.072872 -0.000316 -0.424307 1.000000
-0.168703 -0.025144 -0.034985 0.000000
-0.709802 0.100089 0.029543 2.000000
0.073574 0.112282 0.006691 0.000000
-0.240848 0.040605 -0.792103 1.000000
-0.244669 0.026982 -0.790647 1.000000
-0.137115 0.014321 0.566587 1.000000
-0.177048 0.022744 0.712125 1.000000
-0.677565 0.040839 -0.067534 2.000000
-0.060758 -0.046047 -0.088177 0.000000
-0.435418 0.109162 0.015530 0.000000
0.144523 -0.053976 0.563805 3.000000
0.250154 -0.015993 0.042334 1.000000
0.240612 -0.023194 0.074468 1.000000
0.015988 -0.047477 -0.028433 1.000000
-0.720644 0.062210 -0.226461 2.000000
-0.251377 0.090340 -0.038702 0.000000
0.012531 0.006704 -0.508359 1.000000
0.035175 -0.025716 0.596901 1.000000
-0.190567 -0.086318 0.037472 0.000000
-0.002210 -0.020828 0.612058 1.000000
-0.253847 -0.072487 0.008978 0.000000
0.258421 -0.045657 0.381974 3.000000
0.430139 -0.047607 -0.064336 1.000000
0.039413 -0.015629 -0.345923 1.000000
0.148371 -0.068275 0.094070 1.000000
-0.585531 -0.015135 0.039318 0.000000
-0.633212 0.195684 0.017402 2.000000
0.079450 -0.080910 0.580652 3.000000
-0.615221 0.031870 -0.001265 2.000000
-0.634382 0.130507 0.035730 2.000000
0.381288 0.060962 0.064874 0.000000
0.034005 0.009875 -0.591189 1.000000
-0.052517 -0.079532 0.019482 0.000000
0.388698 -0.047789 -0.099434 1.000000
-0.008138 -0.074593 -0.577774 3.000000
0.182455 -0.020360 -0.354008 1.000000
0.469474 -0.043603 0.014152 0.000000
0.778176 -0.063413 -0.046372 0.000000
-0.256680 0.063640 -0.058565 0.000000
-0.161735 0.034600 -0.744812 1.000000
0.149541 -0.032294 0.354338 1.000000
-0.091150 0.016245 0.677547 1.000000
0.516609 0.084256 -0.071356 0.000000
0.086599 0.014893 0.461346 1.000000
0.090473 -0.018749 -0.075438 0.000000
-0.061226 0.107394 0.033235 0.000000
0.083766 -0.060970 -0.028095 1.000000
-0.104305 0.011643 0.602334 1.000000
0.631937 0.080356 -0.065272 0.000000
-0.401308 0.005092 0.093238 0.000000
0.221192 -0.053664 0.055307 0.000000
0.559948 0.107706 -0.004853 0.000000
-0.313668 0.049029 0.948266 1.000000
0.263647 -0.015369 0.073974 0.000000
0.207465 -0.063439 0.303330 3.000000
-0.222623 0.039175 -0.775152 1.000000
0.384382 -0.026990 0.065654 0.000000
-0.314292 0.063536 -0.056953 0.000000
0.136048 -0.028420 -0.251991 1.000000
-0.017081 -0.045085 -0.100474 1.000000
0.391974 -0.020464 0.037966 0.000000
0.177021 0.060338 -0.074866 0.000000
-0.335247 0.036367 -0.063765 0.000000
0.001429 0.111242 -0.006335 0.000000
-0.007644 -0.015993 0.001803 0.000000
0.650317 -0.030890 0.048652 0.000000
-0.026935 0.021627 -0.528274 1.000000
0.071182 -0.038507 -0.199891 1.000000
-0.218567 0.039981 -0.804374 1.000000
-0.245839 0.045519 -0.065350 0.000000
0.634979 0.032572 -0.091089 0.000000
0.154896 -0.050414 0.339935 1.000000
0.284523 -0.075477 -0.356738 3.000000
0.339509 -0.028524 -0.083653 1.000000
-0.126872 0.012215 0.535857 1.000000
-0.757821 0.355365 0.025981 2.000000
0.021838 -0.017475 0.271248 1.000000
-0.041130 -0.063465 -0.090829 0.000000
-0.024361 0.072921 -0.060775 0.000000
-0.316840 0.080304 0.078003 0.000000
0.032575 -0.048361 -0.004983 1.000000
0.392910 0.110826 -0.022661 0.000000
-0.275243 0.040319 0.942130 1.000000
0.329890 -0.076283 0.060169 1.000000
-0.057794 0.003246 0.453235 1.000000
-0.063540 0.025396 -0.594569 1.000000
-0.376246 0.052980 -0.915152 3.000000
-0.140469 0.082488 -0.050427 0.000000
-0.344060 0.040267 -0.851717 1.000000
0.339509 -0.089854 0.022523 0.000000
-0.149906 0.032884 0.697254 1.000000
-0.090084 0.000334 -0.326216 1.000000
-0.736217 0.054852 -0.186788 2.000000
-0.698675 0.095591 0.028269 2.000000
-0.060472 -0.011235 -0.267642 1.000000
-0.181338 0.016817 -0.622569 1.000000
0.107970 -0.014303 -0.321380 1.000000
-0.252313 -0.080988 0.016830 0.000000
-0.060602 -0.070667 0.044024 0.000000
-0.040506 0.064082 0.078471 0.000000
-0.377780 -0.049712 0.058661 0.000000
0.185262 -0.010689 0.078367 0.000000
0.097753 0.040917 -0.078999 0.000000
-0.703797 0.266633 0.021821 2.000000
0.606771 0.087298 -0.060957 0.000000
0.085429 -0.076101 0.027723 0.000000
-0.785457 0.063094 0.253855 2.000000
-0.624346 0.125463 0.017090 2.000000
0.134852 -0.067131 0.052239 1.000000
-0.734735 0.047755 -0.113291 2.000000
0.598113 -0.073527 0.013112 0.000000
0.110830 -0.065805 -0.569091 3.000000
0.041519 -0.018723 0.594769 1.000000
-0.123986 0.008965 -0.411516 1.000000
0.100690 -0.015993 -0.044942 0.000000
0.029247 0.009199 0.546438 1.000000
0.693474 0.088078 -0.000875 0.000000
0.002001 -0.004424 0.386550 1.000000
-0.010842 -0.097679 0.004793 0.000000
-0.562549 0.032078 -0.001967 2.000000
0.032523 0.016843 -0.487171 1.000000
-0.022827 -0.040015 -0.219078 1.000000
0.100066 -0.007543 -0.207612 1.000000
0.200705 -0.050388 -0.307289 3.000000
-0.149204 0.020847 -0.706959 1.000000
-0.029924 -0.009545 -0.601381 1.000000
0.201511 -0.081742 -0.384530 3.000000
-0.063202 -0.075971 0.033157 0.000000
-0.679905 0.054930 0.242104 2.000000
0.294351 -0.022908 -0.200307 1.000000
-0.070950 0.009069 0.578286 1.000000
0.091721 0.002752 0.083463 0.000000
0.293051 -0.017111 0.069190 0.000000
0.120631 -0.059384 -0.097328 0.000000
0.110414 -0.005334 -0.367449 1.000000
-0.094088 0.015153 0.663872 1.000000
0.323079 -0.091153 -0.009792 0.000000
0.779268 -0.018385 -0.071148 0.000000
-0.353758 0.003090 0.095916 0.000000
0.799937 -0.046333 -0.056199 0.000000
0.042740 -0.020542 0.634416 3.000000
-0.177698 0.030804 -0.644043 1.000000
-0.135165 -0.053196 -0.049102 0.000000
-0.642519 0.035822 0.084555 2.000000
0.271498 -0.015993 -0.065376 0.000000
0.278310 -0.067417 0.087831 0.000000
0.199561 -0.043317 0.369729 3.000000
-0.589223 0.064056 0.015192 2.000000
-0.106723 -0.016149 -0.035245 0.000000
0.206867 -0.075295 -0.002149 1.000000
-0.019291 -0.033542 0.170895 1.000000
0.253378 -0.025014 0.318278 3.000000
0.065541 0.096501 0.048028 0.000000
0.277764 -0.019477 -0.081703 0.000000
-0.029612 -0.002032 -0.423085 1.000000
0.002963 -0.022492 0.188080 1.000000
-0.735229 0.317252 0.036848 2.000000
0.146291 -0.013497 0.325272 1.000000
0.179153 -0.030708 0.071504 0.000000
0.065255 -0.060398 -0.003839 1.000000
-0.325108 -0.070563 0.025331 0.000000
-0.784677 0.067045 0.350048 2.000000
0.431881 -0.028030 -0.028563 0.000000
0.663499 0.043673 0.048704 0.000000
-0.195065 0.087324 -0.044058 0.000000
-0.744354 0.047417 -0.097224 2.000000
-0.491574 0.125125 0.015244 2.000000
0.322065 -0.025690 -0.161414 1.000000
0.308676 -0.051636 0.085699 0.000000
0.219060 -0.089802 -0.091999 0.000000
0.260059 -0.088970 0.376202 3.000000
0.318477 -0.089074 0.075014 0.000000
-0.505639 0.120394 0.013268 2.000000
-0.234946 0.039331 0.822019 1.000000
-0.279377 0.036887 -0.763713 1.000000
-0.207336 0.032676 0.737681 1.000000
0.566629 -0.066195 0.028347 0.000000
-0.218879 -0.031332 -0.060177 0.000000
-0.088706 -0.015993 -0.030253 0.000000
-0.102381 -0.063283 -0.038988 0.000000
-0.116602 0.004910 -0.417963 1.000000
0.205645 0.028360 0.079537 0.000000
0.112883 0.020171 -0.081859 0.000000
0.110934 -0.096197 -0.088411 0.000000
0.215992 0.045727 0.076054 0.000000
-0.080647 0.109890 0.027593 0.000000
0.170521 -0.063803 -0.380708 3.000000
-0.191815 -0.031670 0.029309 0.000000
-0.132201 0.015569 0.619961 1.000000
0.023554 -0.040171 0.081123 1.000000
-0.090084 0.006938 0.475567 1.000000
0.051658 -0.029980 -0.096964 1.000000
0.222284 -0.054756 -0.163831 1.000000
-0.212692 0.043231 0.854803 1.000000
-0.152454 0.023992 -0.561707 1.000000
-0.287202 0.003818 0.096566 0.000000
-0.809063 0.064653 -0.204415 2.000000
0.011023 -0.032606 0.134965 1.000000
0.098532 -0.021348 0.338583 1.000000
0.065073 -0.036011 0.055125 1.000000
-0.008658 0.023810 0.578728 1.000000
0.015702 0.000854 0.480949 1.000000
0.616026 -0.033256 -0.084953 0.000000
0.269782 -0.023298 0.095266 1.000000
-0.023711 0.085244 -0.052377 0.000000
0.226833 -0.097705 0.362111 3.000000
-0.057223 -0.003670 -0.582194 1.000000
-0.740168 0.052590 0.216886 2.000000
0.417010 0.023576 -0.092077 0.000000
0.213730 -0.019035 -0.266654 1.000000
0.654295 -0.053066 0.035107 0.000000
-0.759095 0.052902 0.200533 2.000000
-0.783845 0.053162 -0.119609 2.000000
0.021526 -0.009311 -0.620541 3.000000
-0.317724 -0.027562 0.086713 0.000000
0.470878 -0.030032 0.061547 0.000000
0.144757 -0.025144 0.567523 3.000000
-0.139091 0.026046 0.091808 0.000000
-0.075369 0.028568 0.635638 1.000000
-0.230526 -0.005230 0.093810 0.000000
0.223948 -0.007179 0.077717 0.000000
-0.055429 -0.000758 -0.405926 1.000000
0.584022 -0.032008 0.054787 0.000000
0.435261 0.107940 0.014750 0.000000
0.059743 -0.024650 0.133224 1.000000
0.112805 -0.009961 0.190680 1.000000
0.284133 -0.053040 0.053773 0.000000
-0.645639 0.054410 0.172013 2.000000
0.533768 0.105601 0.012592 0.000000
0.509511 0.107342 -0.038806 0.000000
0.223038 -0.018073 -0.137339 1.000000
-0.098924 -0.079428 0.021613 0.000000
-0.125390 0.013645 -0.449447 1.000000
0.032809 0.003220 0.085569 0.000000
0.199379 -0.015993 0.036900 0.000000
-0.701717 0.036783 0.059155 2.000000
0.373229 -0.030916 -0.033321 1.000000
-0.223793 0.041021 0.828310 1.000000
0.426109 0.113920 -0.010026 0.000000
-0.040870 0.005716 0.353324 1.000000
0.134800 -0.024130 -0.084329 1.000000
0.012791 -0.007205 -0.360716 1.000000
-0.180740 -0.028680 0.040670 0.000000
-0.674627 0.050303 -0.038676 2.000000
-0.592005 0.045077 -0.007011 2.000000
-0.374036 0.096267 0.063990 0.000000
0.124687 -0.008817 -0.593373 3.000000
0.457619 -0.034659 0.059831 0.000000
0.040505 -0.011443 -0.333001 1.000000
0.720721 0.042555 -0.075464 0.000000
-0.614155 0.207435 0.035522 2.000000
-0.683544 0.151045 0.023771 2.000000
0.039387 -0.024962 0.605090 3.000000
0.468746 -0.044981 0.002947 1.000000
-0.110961 0.103911 -0.024689 0.000000
-0.717394 0.056698 -0.202621 2.000000
0.098428 -0.072409 -0.566023 3.000000
0.477456 0.096189 -0.057629 0.000000
-0.636618 0.043803 0.028269 2.000000
-0.005148 -0.081092 0.007522 0.000000
0.170963 -0.073579 0.023147 1.000000
-0.025921 0.019937 -0.495126 1.000000
-0.112313 0.013047 0.480377 1.000000
0.280260 -0.021790 0.112295 1.000000
0.412564 0.111918 -0.002721 0.000000
-0.002106 -0.005646 -0.378264 1.000000
-0.094140 0.003402 -0.426465 1.000000
-0.163971 -0.081248 0.012150 0.000000
-0.673327 0.045285 0.166605 2.000000
0.116757 -0.071733 -0.620125 3.000000
0.122711 -0.023896 0.075872 0.000000
0.314369 0.078225 0.056893 0.000000
0.080984 -0.040665 -0.640248 3.000000
-0.746304 0.056958 0.259029 2.000000
0.170911 -0.073293 0.033963 1.000000
0.008449 -0.008895 0.333357 1.000000
-0.737880 0.388019 0.033755 2.000000
-0.799938 0.379803 0.036094 2.000000
0.244980 -0.031566 -0.223107 1.000000
0.219242 -0.047269 -0.343635 1.000000
0.189240 -0.097705 0.028633 0.000000
0.354744 -0.017709 0.044440 0.000000
-0.008164 0.002492 -0.300374 1.000000
0.065619 -0.046619 -0.060515 0.000000
-0.490118 -0.021764 -0.019204 0.000000
-0.277219 0.028282 -0.715876 1.000000
-0.600428 0.202262 0.016700 2.000000
-0.170055 0.011591 -0.491772 1.000000
0.105526 0.006444 -0.326346 1.000000
-0.769364 0.232680 0.031935 2.000000
-0.206920 -0.084758 0.019534 0.000000
0.560390 -0.079792 -0.004645 0.000000
-0.046381 0.022926 0.682201 1.000000
0.193036 -0.023142 0.072674 1.000000
-0.632692 0.049705 0.088221 2.000000
-0.712636 0.248097 0.023303 2.000000
0.748747 0.067513 -0.005607 0.000000
0.255665 -0.079662 -0.044318 1.000000
-0.193765 0.023394 0.683345 1.000000
0.085923 -0.022076 -0.124600 1.000000
-0.296068 0.103469 -0.019698 0.000000
-0.451927 0.073077 -0.037350 0.000000
-0.019109 0.010603 -0.552738 1.000000
-0.837609 0.071153 -0.309889 2.000000
0.118057 -0.031358 0.090691 0.000000
-0.306077 0.036731 -0.898617 1.000000
0.135060 -0.078648 0.574724 3.000000
-0.665528 0.035614 0.073688 2.000000
-0.451719 0.025812 -0.049076 0.000000
0.109322 -0.007725 -0.618877 3.000000
0.062941 -0.047555 0.141777 1.000000
0.022410 -0.070069 -0.034205 0.000000
0.249010 -0.072851 0.093186 1.000000
-0.227536 0.024382 -0.753756 1.000000
-0.338497 0.048041 -0.903869 1.000000
0.099182 0.004156 0.454977 1.000000
-0.353784 0.093693 -0.032047 0.000000
0.127442 -0.039911 0.067916 0.000000
-0.272227 0.022978 0.096930 0.000000
0.322975 -0.056784 -0.129540 1.000000
0.003717 -0.039677 0.098126 0.000000
-0.104409 0.057062 -0.066208 0.000000
0.076252 -0.099239 -0.043928 0.000000
-0.075811 -0.010169 -0.600887 1.000000
0.111740 -0.063725 -0.074840 1.000000
0.116185 -0.018463 -0.566751 3.000000
-0.680866 0.047677 -0.129488 2.000000
-0.294872 0.040735 0.921124 1.000000
-0.176060 0.027034 -0.070992 0.000000
0.201329 -0.001070 0.281257 1.000000
0.341069 -0.017163 -0.037220 0.000000
0.206919 -0.032398 0.332032 3.000000
0.180531 -0.095079 0.084477 0.000000
0.264115 -0.024338 -0.081339 1.000000
0.214354 -0.021270 -0.338721 3.000000
0.773523 0.008419 0.028477 0.000000
-0.666307 0.034600 0.063289 2.000000
0.054180 -0.041003 0.035392 1.000000
-0.185185 0.024304 0.748340 1.000000
0.204163 -0.044877 0.192863 1.000000
0.100404 -0.000810 0.426431 1.000000
0.298328 -0.058292 -0.391029 3.000000
0.127390 -0.008297 -0.343921 1.000000
0.163346 -0.024156 -0.065662 1.000000
-0.391923 -0.054626 -0.006673 0.000000
-0.609813 0.069307 0.034535 2.000000
0.016092 -0.020854 0.610654 1.000000
0.140208 -0.005932 -0.337889 1.000000
0.456189 -0.036037 0.012514 1.000000
-0.032966 -0.097003 -0.038624 0.000000
-0.412877 0.087688 0.071686 0.000000
-0.521758 -0.031332 0.010720 0.000000
0.180869 -0.039105 -0.339033 1.000000
-0.201122 0.015023 0.620351 1.000000
-0.085587 -0.020646 -0.304559 1.000000
0.156898 -0.059904 -0.346469 3.000000
0.318737 -0.081846 -0.029083 1.000000
-0.286630 0.040527 0.938673 1.000000
-0.305115 0.033118 -0.797147 1.000000
0.352509 -0.084238 -0.004593 1.000000
0.707955 -0.075659 -0.032255 0.000000
0.163632 -0.078466 -0.020504 0.000000
-0.429906 0.013957 0.091627 0.000000
0.101470 0.001400 0.438884 1.000000
-0.085379 0.017883 -0.464864 1.000000
-0.377858 -0.006893 -0.056069 0.000000
0.009593 0.013671 -0.392329 1.000000
-0.066764 0.006574 0.539549 1.000000
0.092735 -0.052104 -0.554636 3.000000
0.076148 -0.000186 -0.608010 3.000000
0.419194 -0.041549 -0.010208 1.000000
0.037177 -0.054184 0.003519 1.000000
0.678136 -0.002942 -0.088619 0.000000
-0.279117 0.102273 -0.022583 0.000000
-0.235284 0.024070 -0.728746 1.000000
-0.143822 0.041385 -0.070394 0.000000
0.176423 -0.050830 -0.061607 0.000000
0.179569 -0.068743 -0.097328 0.000000
-0.036450 -0.019243 -0.208314 1.000000
-0.024725 -0.036687 -0.086019 0.000000
0.122477 -0.027302 -0.067560 1.000000
0.548691 0.096891 0.027489 0.000000
-0.445141 0.002752 -0.046294 0.000000
0.619900 -0.017943 0.056997 0.000000
-0.167247 0.021601 0.705547 1.000000
-0.462794 0.089092 -0.021362 0.000000
0.031639 0.020353 0.548206 1.000000
-0.791489 0.045571 0.038486 0.000000
0.360178 -0.088008 -0.003709 0.000000
0.095673 -0.099499 -0.016110 0.000000
-0.742456 0.213389 0.028789 2.000000
-0.191087 0.004416 -0.495750 1.000000
0.313199 -0.091881 0.045792 0.000000
0.173069 -0.062478 0.128102 1.000000
0.238767 -0.014693 -0.082041 0.000000
-0.664748 0.052564 0.220967 2.000000
0.225014 -0.096093 -0.040366 0.000000
0.160070 -0.001382 0.263604 1.000000
-0.343046 0.004156 0.096228 0.000000
-0.086834 -0.094429 -0.010598 0.000000
-0.044509 -0.021972 -0.218662 1.000000
0.105734 -0.021686 -0.625377 3.000000
0.725686 -0.052520 0.024993 0.000000
-0.101705 0.008471 0.490178 1.000000
-0.340784 0.088416 0.072154 0.000000
0.423354 0.062262 0.062951 0.000000
0.358410 -0.065285 0.078237 1.000000
0.329864 -0.029590 -0.014316 1.000000
0.546871 -0.047139 -0.076426 0.000000
-0.157731 -0.089490 0.029621 0.000000
0.536394 -0.048153 -0.075516 0.000000
0.557140 0.011253 0.066954 0.000000
-0.409888 0.103417 -0.011820 0.000000
0.029481 -0.071265 -0.094364 0.000000
0.054622 0.083658 0.062379 0.000000
-0.050151 0.005716 -0.332975 1.000000
-0.040610 -0.005490 0.328574 1.000000
-0.031822 -0.007777 0.413822 1.000000
0.161968 0.003090 0.304733 1.000000
0.509251 0.012969 0.070048 0.000000
0.776825 -0.070823 -0.025443 0.000000
0.004497 -0.001486 -0.442584 1.000000
0.009593 -0.037155 0.167619 1.000000
-0.781583 0.061820 0.294308 2.000000
0.307610 -0.076906 -0.030045 0.000000
0.210871 -0.090816 0.346253 3.000000
-0.316164 0.111450 0.005625 0.000000
0.039179 -0.015993 -0.047750 0.000000
0.228341 0.111034 0.009446 0.000000
0.232085 -0.013887 0.169023 1.000000
0.073288 -0.008427 0.574464 3.000000
0.297626 -0.019139 0.342587 3.000000
-0.793178 0.279554 0.032533 2.000000
0.042454 -0.040275 0.165435 1.000000
0.034135 0.011747 0.371497 1.000000
0.303658 0.093433 -0.054639 0.000000
-0.155756 -0.068899 -0.073150 0.000000
-0.694567 0.051472 0.115701 2.000000
0.147409 -0.032554 0.010018 1.000000
-0.108699 0.013853 -0.630862 1.000000
0.025010 -0.045995 -0.124210 1.000000
0.130510 -0.059020 -0.134973 1.000000
0.043832 0.007276 0.329796 1.000000
-0.302983 0.054098 0.950320 1.000000
0.304802 0.047417 0.072336 0.000000
0.058235 -0.078492 -0.095352 0.000000
0.151439 -0.005100 0.229469 1.000000
0.570373 0.063666 -0.083081 0.000000
-0.100119 0.004312 0.404722 1.000000
-0.823102 0.070893 0.374980 2.000000
0.225430 -0.026678 -0.028173 1.000000
-0.699351 0.275993 0.036692 2.000000
0.083766 0.008627 0.603972 1.000000
0.299810 -0.077478 -0.318001 3.000000
0.281482 -0.005932 -0.085785 0.000000
0.139428 -0.015993 -0.052455 0.000000
-0.076799 0.024746 -0.564437 1.000000
0.028441 -0.044617 -0.133414 1.000000
-0.778074 0.066967 -0.207014 2.000000
-0.172004 0.039175 0.795163 1.000000
-0.064060 -0.023428 -0.307913 1.000000
-0.279741 0.029322 -0.742161 1.000000
-0.478627 -0.034036 0.050055 0.000000
-0.154742 0.030726 0.828700 1.000000
0.161474 -0.067911 0.103820 1.000000
0.117615 -0.008453 -0.604110 3.000000
0.011855 -0.037233 0.113309 1.000000
-0.030704 -0.015707 0.261161 1.000000
-0.016301 -0.097549 -0.029005 0.000000
0.543855 -0.070797 -0.050739 0.000000
0.066321 -0.054626 0.104184 1.000000
-0.102927 0.018923 0.521402 1.000000
-0.032862 0.000516 0.439352 1.000000
-0.102355 0.001920 -0.370153 1.000000
0.598659 -0.078310 0.000451 0.000000
0.189812 -0.017267 -0.133648 1.000000
-0.129575 -0.091647 0.040384 0.000000
-0.004524 -0.045085 -0.069328 1.000000
-0.043313 0.092316 -0.043772 0.000000
-0.758965 0.059662 0.047014 0.000000
0.443138 0.006392 -0.092830 0.000000
0.138752 -0.009467 0.345343 1.000000
0.153519 -0.049972 0.096228 0.000000
0.503818 -0.064141 -0.059189 0.000000
-0.592369 0.029946 -0.017202 0.000000
0.082232 -0.050232 0.001907 1.000000
-0.017185 0.018897 -0.077466 0.000000
-0.174552 -0.088034 -0.009142 0.000000
-0.107165 0.001062 0.614008 1.000000
-0.045913 0.019911 -0.484363 1.000000
-0.378326 -0.056576 0.044024 0.000000
0.405961 -0.022778 -0.013848 0.000000
-0.483098 0.098711 0.031233 2.000000
0.102458 -0.015109 0.318902 1.000000
0.084987 -0.010091 0.082085 0.000000
-0.148788 0.027164 0.805406 1.000000
-0.077917 0.005898 0.477907 1.000000
-0.185913 0.010395 -0.589395 1.000000
-0.000157 -0.046203 -0.091323 0.000000
0.066451 0.008029 -0.331442 1.000000
0.407313 -0.037909 -0.008934 1.000000
0.113689 -0.080520 -0.592463 3.000000
-0.261828 0.036186 0.918758 1.000000
0.757222 -0.043109 -0.067508 0.000000
-0.530909 0.149200 0.014828 2.000000
-0.755585 0.052226 0.154620 2.000000
-0.138883 -0.013913 0.088559 0.000000
0.213730 -0.041549 -0.208548 1.000000
-0.637164 0.245991 0.019118 2.000000
-0.240302 -0.049114 0.000113 0.000000
