0.117784 -0.068257 -0.085726 1.000000
-0.040471 -0.047008 -0.483193 1.000000
0.071681 -0.047622 -0.332072 1.000000
-0.414720 -0.019264 -0.181309 3.000000
0.506097 0.032593 0.064960 0.000000
0.192399 -0.004842 -0.092400 0.000000
-0.549808 0.068698 -0.012365 2.000000
-0.184995 -0.003027 -0.117638 3.000000
0.064675 -0.037752 -0.445170 1.000000
0.838385 0.065527 0.004972 0.000000
-0.688937 0.153439 0.002824 2.000000
-0.407381 0.029857 0.121573 3.000000
0.254151 -0.058643 0.104952 1.000000
-0.838320 0.277532 -0.025099 2.000000
-0.015463 -0.026475 -0.658095 1.000000
0.009442 -0.077258 -0.129887 1.000000
-0.058447 -0.076235 0.065165 0.000000
0.629832 0.066192 -0.030392 0.000000
0.591119 -0.064677 0.066904 0.000000
0.265275 -0.070610 -0.149652 1.000000
-0.772757 0.043383 -0.013899 2.000000
0.783894 -0.104030 0.011083 0.000000
0.356868 0.057549 -0.051130 0.000000
0.462781 -0.078894 0.054093 0.000000
0.574600 -0.013153 0.079177 0.000000
-0.178091 0.014796 0.098969 3.000000
0.069891 -0.057134 -0.231069 1.000000
-0.018429 -0.072936 -0.275280 1.000000
-0.042670 -0.052122 -0.415559 1.000000
0.047517 -0.042124 -0.418653 1.000000
0.041022 -0.059819 -0.225315 1.000000
-0.300752 0.038985 -0.126409 3.000000
0.731142 -0.079713 -0.066497 0.000000
-0.684718 0.132957 0.002594 2.000000
-0.143136 -0.006172 0.079177 0.000000
-0.683465 0.140423 -0.016073 2.000000
-0.498131 -0.008167 -0.080126 0.000000
-0.217035 -0.033123 0.079177 0.000000
0.460888 -0.037061 -0.091480 0.000000
0.222035 0.064147 0.022104 0.000000
0.898577 -0.104311 -0.006407 0.000000
0.009315 -0.024404 0.642877 1.000000
0.210094 -0.054091 -0.162284 1.000000
0.387297 0.061922 -0.040697 0.000000
-0.016102 -0.093060 0.066904 0.000000
0.027009 -0.034888 -0.519426 1.000000
0.083724 -0.077053 -0.146558 1.000000
0.205107 -0.073371 -0.191332 1.000000
-0.004621 -0.052327 0.340839 1.000000
0.014429 -0.065726 0.253900 1.000000
0.246352 0.045199 -0.065756 0.000000
-0.516874 0.076676 -0.004336 2.000000
-0.195377 0.021751 -0.112754 3.000000
0.056134 -0.060509 0.329205 1.000000
0.073547 0.044509 0.053198 0.000000
-0.099999 -0.011721 0.079177 0.000000
0.658701 0.017174 -0.085138 0.000000
-0.351765 -0.001007 -0.194733 3.000000
-0.396411 -0.016886 -0.150701 3.000000
-0.214580 -0.038365 -0.125463 3.000000
-0.178730 -0.002490 0.178825 3.000000
0.257961 -0.003820 0.079177 0.000000
0.403790 0.027197 -0.081021 0.000000
-0.398278 0.019731 0.107381 3.000000
0.683811 0.041849 0.055806 0.000000
0.151205 -0.049821 -0.231478 1.000000
0.615410 -0.090043 -0.056320 0.000000
0.033095 -0.012104 -0.092400 0.000000
0.180099 -0.103084 0.018217 0.000000
-0.263624 -0.025529 0.079177 3.000000
0.159004 -0.101933 -0.038779 0.000000
-0.658074 0.216188 -0.005384 2.000000
0.863776 -0.058259 -0.074808 0.000000
0.396579 -0.070303 -0.075805 0.000000
0.125149 -0.056802 0.159673 1.000000
-0.620332 0.038193 0.032307 2.000000
-0.846093 0.265309 -0.074117 2.000000
0.004226 -0.020747 -0.711409 1.000000
-0.664338 0.050006 -0.023514 2.000000
-0.202639 0.015537 0.140291 3.000000
0.205337 -0.104311 -0.009987 0.000000
-0.499409 -0.076465 -0.005972 0.000000
0.028160 -0.059359 0.222755 1.000000
-0.849110 0.269017 -0.196370 2.000000
0.657550 -0.021207 0.079177 0.000000
0.061734 -0.044093 -0.563229 1.000000
-0.120686 -0.038953 -0.090713 0.000000
-0.019989 -0.035783 -0.648634 1.000000
0.198331 -0.079764 -0.113752 1.000000
0.016372 -0.036115 0.649960 1.000000
-0.138662 -0.035374 -0.092170 0.000000
-0.881559 0.267406 0.195983 2.000000
0.122003 -0.058336 -0.158960 1.000000
-0.342586 -0.078153 -0.066344 0.000000
-0.066706 -0.026654 0.079177 0.000000
0.027009 -0.056955 0.247712 1.000000
-0.041801 -0.059410 -0.277223 1.000000
0.049920 0.016304 0.072273 0.000000
0.626150 0.057601 0.037830 0.000000
0.495383 -0.020850 0.079177 0.000000
0.339787 -0.098890 -0.036657 0.000000
-0.874630 0.267252 0.069409 2.000000
0.260493 -0.038340 -0.090968 1.000000
-0.389047 -0.092089 -0.041438 0.000000
0.123717 -0.100936 0.031872 0.000000
0.104795 -0.074164 0.072503 1.000000
-0.463662 -0.026270 0.071378 0.000000
0.700764 -0.092779 -0.051309 0.000000
0.869325 -0.057057 0.061329 0.000000
0.004661 -0.046394 0.456622 1.000000
-0.150066 -0.090069 0.043046 0.000000
0.146577 0.059339 -0.046885 0.000000
0.067769 0.026379 0.068131 0.000000
-0.343378 0.024922 -0.082121 0.000000
0.132769 -0.040078 0.386790 1.000000
-0.236136 0.012571 0.073808 0.000000
0.020617 -0.035118 0.660930 1.000000
-0.229590 0.001115 0.184732 3.000000
0.083597 -0.141670 0.138654 3.000000
0.070684 -0.080045 -0.085726 1.000000
-0.009812 -0.043147 -0.558166 1.000000
-0.000428 -0.050102 0.360120 1.000000
0.070939 -0.049872 0.478639 1.000000
-0.516413 0.033309 0.053019 0.000000
-0.324328 -0.040181 -0.089971 0.000000
0.149440 0.011011 -0.087670 0.000000
-0.354834 -0.039541 -0.089767 0.000000
0.271386 -0.074496 -0.119556 1.000000
0.404940 -0.083829 0.049234 0.000000
-0.540245 -0.063450 -0.027298 0.000000
0.080426 -0.036243 -0.454426 1.000000
0.023429 0.043000 0.054681 0.000000
0.204366 -0.062171 -0.268862 1.000000
0.050483 -0.057569 -0.243675 1.000000
0.700943 -0.005942 0.079177 0.000000
0.211704 0.067420 0.014254 0.000000
-0.779533 0.031263 -0.015459 2.000000
-0.788866 0.118586 -0.005998 2.000000
0.174755 -0.050844 0.201736 1.000000
0.079173 -0.098584 -0.060156 0.000000
-0.771530 0.289141 -0.007123 2.000000
0.053372 -0.041715 0.579437 1.000000
0.119216 -0.042508 -0.351250 1.000000
0.691406 0.027095 -0.081073 0.000000
-0.356522 0.013722 -0.111476 3.000000
0.284759 -0.103212 0.017450 0.000000
-0.768436 0.178958 -0.012493 2.000000
0.243284 0.069005 -0.001881 0.000000
-0.328138 -0.026731 0.097946 3.000000
-0.385033 -0.030975 0.163611 3.000000
0.597486 0.066499 0.016453 0.000000
0.088711 -0.040922 0.370501 1.000000
0.248500 -0.006632 -0.092400 0.000000
0.019543 -0.060765 -0.340996 1.000000
-0.322538 0.006230 -0.198466 3.000000
0.081398 -0.041306 0.553151 1.000000
-0.929453 0.270270 -0.243803 2.000000
0.452322 -0.025043 -0.092400 0.000000
-0.012599 -0.024353 -0.677401 1.000000
-0.039602 -0.020466 0.736977 1.000000
0.919417 0.045864 0.002159 0.000000
0.050381 -0.046906 0.516662 1.000000
0.259905 0.042105 0.055576 0.000000
0.233644 -0.058591 -0.089409 1.000000
0.303502 -0.018267 -0.092400 0.000000
0.121901 -0.041843 -0.089536 1.000000
0.111954 -0.046573 0.283332 1.000000
0.135402 -0.044016 0.313019 1.000000
-0.826429 0.194607 -0.007711 2.000000
-0.020961 -0.065802 0.236103 1.000000
-0.013903 0.059314 0.033688 0.000000
-0.031726 -0.095873 -0.060386 0.000000
0.793176 -0.089353 -0.057011 0.000000
0.017344 -0.051534 0.439516 1.000000
-0.678632 0.105315 0.002543 2.000000
-0.609285 -0.032561 0.028267 0.000000
0.418135 -0.094620 -0.046885 0.000000
-0.862279 0.266306 -0.059261 2.000000
-0.842513 0.264747 -0.046297 2.000000
0.145247 -0.053733 -0.182459 1.000000
-0.887440 0.273543 -0.091838 2.000000
-0.852690 0.272980 0.188516 2.000000
0.133459 -0.065649 -0.296631 1.000000
0.394303 0.017660 0.071711 0.000000
-0.201923 0.025331 0.100554 3.000000
0.779368 0.053842 -0.057215 0.000000
-0.240867 -0.010800 0.091042 3.000000
-0.200695 -0.028112 -0.135742 3.000000
-0.026510 -0.053887 0.391827 1.000000
0.007704 -0.010314 -0.092400 0.000000
0.151640 -0.043224 -0.358716 1.000000
0.727997 -0.042252 0.076134 0.000000
-0.889205 0.274131 0.221605 2.000000
-0.028581 -0.043403 0.533027 1.000000
-0.284464 0.016611 -0.194810 3.000000
-0.198241 0.007866 0.104415 3.000000
-0.844303 0.276304 0.070892 2.000000
0.499934 -0.089532 -0.056832 0.000000
-0.803442 0.275077 0.059795 2.000000
0.818823 -0.157984 0.003821 3.000000
0.007064 -0.066851 -0.252139 1.000000
0.584956 -0.096154 0.029954 0.000000
-0.006258 -0.036166 -0.648097 1.000000
0.413992 -0.099683 0.021542 0.000000
0.318333 -0.061072 0.068412 0.000000
-0.030933 -0.059410 -0.336854 1.000000
0.082216 -0.047596 0.506689 1.000000
0.806652 0.068698 -0.023104 0.000000
-0.907053 0.273287 -0.211303 2.000000
-0.545180 0.051055 0.029954 0.000000
-0.051390 -0.038007 0.577264 1.000000
-0.193075 -0.027217 0.105771 3.000000
-0.613044 -0.005277 0.044197 0.000000
-0.641274 0.004261 -0.050644 0.000000
-0.345961 -0.042891 0.122008 3.000000
-0.248435 -0.041459 -0.178215 3.000000
-0.293976 -0.048798 0.143998 3.000000
0.750576 -0.082346 -0.063915 0.000000
-0.485780 -0.041434 0.060409 0.000000
-0.862279 0.266946 -0.013925 2.000000
0.073241 -0.046241 0.074498 1.000000
0.570509 0.048753 -0.062227 0.000000
-0.034973 -0.026552 0.759837 1.000000
0.152304 -0.052020 -0.195858 1.000000
0.050918 -0.128859 -0.135563 3.000000
0.833935 0.023796 -0.074066 0.000000
0.632977 -0.097075 0.027806 0.000000
0.047824 0.049827 -0.061179 0.000000
-0.176097 0.014310 0.175143 3.000000
0.420308 -0.104311 -0.022874 0.000000
0.148239 -0.081093 0.087462 1.000000
0.098964 0.065758 0.018243 0.000000
0.644663 0.058649 0.035298 0.000000
0.142920 -0.104311 -0.016712 0.000000
-0.288121 -0.031768 -0.114800 3.000000
-0.396411 0.011011 0.139242 3.000000
-0.345833 0.022262 0.176140 3.000000
-0.864811 0.266051 -0.131574 2.000000
0.578921 0.044023 0.053684 0.000000
-0.235829 0.012724 0.093088 3.000000
-0.868595 0.274924 -0.055630 2.000000
0.276449 -0.094262 -0.078950 0.000000
-0.528432 0.072866 -0.010294 2.000000
0.017574 -0.036652 0.498379 1.000000
0.060455 -0.035041 -0.480738 1.000000
0.044525 -0.059717 0.211453 1.000000
0.040434 -0.026347 -0.617770 1.000000
0.933865 -0.052122 -0.065756 0.000000
-0.558272 0.080793 -0.011956 2.000000
-0.025717 -0.076363 -0.084473 0.000000
-0.039295 -0.093521 0.053658 0.000000
-0.047605 -0.030080 0.644360 1.000000
0.042761 0.056885 0.039569 0.000000
-0.841593 0.276049 -0.090329 2.000000
-0.381069 0.069005 -0.011956 0.000000
-0.389405 -0.032586 -0.174379 3.000000
-0.019094 -0.009701 -0.092400 0.000000
0.030589 -0.142744 -0.123826 3.000000
-0.035255 -0.041152 -0.518787 1.000000
0.089120 -0.032740 0.513644 1.000000
0.179588 -0.061583 0.291821 1.000000
0.938518 0.016944 -0.031364 0.000000
0.458408 0.046835 -0.064119 0.000000
-0.386260 0.036837 -0.156889 3.000000
0.553939 -0.050690 -0.085905 0.000000
-0.866345 0.274898 0.022820 2.000000
-0.893680 0.268326 0.132645 2.000000
0.538546 0.002266 0.078052 0.000000
-0.512757 0.039394 -0.060182 0.000000
0.385353 0.069005 -0.013797 0.000000
-0.055583 -0.038135 0.568007 1.000000
0.137780 -0.041587 0.353164 1.000000
0.642234 -0.103314 -0.026019 0.000000
-0.021677 -0.041817 0.478843 1.000000
-0.314867 0.045020 0.127480 3.000000
0.327360 -0.104311 -0.008248 0.000000
-0.648152 0.181310 -0.003083 2.000000
-0.329468 0.044969 0.134946 3.000000
0.148264 -0.064549 0.297063 1.000000
-0.255033 -0.042840 -0.127585 3.000000
0.425908 -0.042840 -0.089127 0.000000
0.345361 -0.038442 0.077694 0.000000
0.141437 -0.056392 0.145456 1.000000
0.175062 -0.047085 0.301435 1.000000
-0.062794 -0.028393 -0.705528 1.000000
-0.029655 -0.033021 -0.598260 1.000000
-0.904010 0.271906 -0.091608 2.000000
-0.211409 0.011829 0.181919 3.000000
0.374179 -0.043735 0.075521 0.000000
0.679157 -0.099555 -0.035046 0.000000
0.747789 -0.009292 -0.092400 0.000000
0.681715 -0.051176 -0.085726 0.000000
0.129956 -0.049412 0.232523 1.000000
-0.651528 0.059748 0.003693 2.000000
0.205977 -0.021029 -0.092400 0.000000
0.009724 -0.035527 0.658143 1.000000
0.843447 -0.097689 0.023383 0.000000
-0.491175 -0.078536 0.006123 0.000000
0.042045 -0.067567 -0.144487 1.000000
0.617967 -0.015480 -0.092400 0.000000
-0.822338 0.167630 -0.006611 2.000000
-0.901172 0.273108 -0.159599 2.000000
0.466105 0.050543 0.047265 0.000000
0.061248 -0.040897 -0.415662 1.000000
-0.292672 0.045506 0.131469 3.000000
-0.684616 -0.011312 0.015763 2.000000
0.747942 0.047807 -0.063173 0.000000
-0.857625 0.265590 0.089584 2.000000
0.071169 -0.051483 0.459026 1.000000
-0.522422 0.015460 -0.073529 0.000000
0.930745 0.031723 0.012055 0.000000
-0.786667 0.279808 -0.015024 2.000000
0.099092 -0.034351 0.502445 1.000000
0.138394 -0.063424 -0.324094 1.000000
-0.515825 0.059851 -0.026454 2.000000
-0.584686 0.072968 -0.014743 2.000000
0.083264 -0.065981 0.102753 1.000000
0.258626 0.061871 -0.040774 0.000000
-0.903166 0.270935 0.012208 2.000000
0.160794 0.046350 0.051408 0.000000
0.736640 -0.067260 -0.078797 0.000000
-0.028351 0.050185 0.047598 0.000000
0.045957 -0.059333 0.341121 1.000000
-0.329545 -0.103007 0.004537 0.000000
0.062117 -0.097638 0.052916 0.000000
0.127680 -0.060100 0.119527 1.000000
0.066490 -0.047187 -0.342735 1.000000
0.299718 -0.059640 0.069000 0.000000
0.278264 -0.061532 -0.112524 1.000000
0.256581 -0.059256 0.083141 1.000000
0.043988 0.005846 -0.089792 0.000000
-0.583971 0.139912 -0.007046 2.000000
-0.280552 -0.104311 -0.008222 0.000000
-0.324405 -0.093367 -0.047729 0.000000
0.249932 -0.073806 0.133310 1.000000
-0.451592 0.052486 0.041256 0.000000
0.236124 0.015588 -0.085803 0.000000
0.222009 0.039983 0.057673 0.000000
0.799185 0.066473 0.016504 0.000000
0.034374 -0.066109 -0.266023 1.000000
0.372184 -0.053631 -0.084704 0.000000
-0.197883 0.037860 0.112496 3.000000
0.164859 -0.103263 -0.030315 0.000000
0.029796 -0.075315 -0.163946 1.000000
0.040229 -0.023330 0.079177 0.000000
-0.748388 0.051873 -0.004745 2.000000
0.661105 -0.033686 -0.092400 0.000000
-0.001706 -0.039593 0.483395 1.000000
-0.060109 -0.021310 0.756896 1.000000
0.223134 -0.055088 0.226310 1.000000
0.576058 0.023669 -0.082479 0.000000
0.450353 -0.095080 0.032562 0.000000
0.697389 0.028118 0.067415 0.000000
0.446620 -0.088483 -0.057855 0.000000
0.641441 -0.050025 0.072964 0.000000
-0.205733 -0.009266 0.079177 0.000000
-0.776618 0.106977 -0.008018 2.000000
0.076437 -0.148702 -0.121167 3.000000
0.067104 -0.032765 0.498686 1.000000
-0.574688 -0.029058 0.046268 0.000000
-0.027430 -0.029313 0.624390 1.000000
0.095206 -0.036601 -0.448826 1.000000
0.769293 0.069005 0.000369 0.000000
-0.419476 0.068698 0.003463 2.000000
0.174985 0.043588 0.054118 0.000000
-0.241148 0.012597 -0.196472 3.000000
0.396604 -0.104311 -0.017504 0.000000
0.084338 -0.034632 0.079177 0.000000
0.055188 -0.063578 0.288446 1.000000
-0.150117 0.055580 -0.055502 0.000000
0.674990 0.019603 0.070918 0.000000
-0.041801 -0.024481 0.694402 1.000000
0.678774 0.035891 0.061713 0.000000
0.021051 -0.072118 -0.197776 1.000000
-0.422596 0.065860 -0.030008 0.000000
0.013099 -0.067209 -0.167143 1.000000
-0.012829 -0.017909 -0.759098 1.000000
-0.204096 -0.015531 -0.110274 3.000000
-0.718624 0.013543 0.017732 2.000000
-0.010963 -0.072527 0.130318 1.000000
0.167519 -0.008243 0.079177 0.000000
-0.446069 0.016918 0.069000 0.000000
-0.210693 0.069005 -0.019294 0.000000
-0.146230 0.009682 0.075009 0.000000
0.876587 0.008684 -0.068287 0.000000
0.058665 -0.136709 0.147246 3.000000
0.052247 -0.067209 -0.136944 1.000000
0.137780 -0.008269 -0.092400 0.000000
0.041175 -0.145761 -0.120656 3.000000
0.670387 0.014284 -0.086340 0.000000
0.174960 -0.055830 0.334575 1.000000
0.734083 -0.069050 0.063809 0.000000
0.053961 -0.055370 -0.264719 1.000000
0.155526 -0.100041 0.037574 0.000000
-0.028274 -0.056674 -0.278809 1.000000
0.182784 -0.080863 0.091809 1.000000
0.225998 -0.057748 0.089763 1.000000
-0.825509 0.266741 0.085979 2.000000
-0.628386 0.120862 0.000727 2.000000
-0.828245 0.277072 -0.028960 2.000000
0.083801 0.069005 -0.011853 0.000000
0.443807 -0.034248 -0.092400 0.000000
0.093544 -0.033507 0.491142 1.000000
0.061734 -0.038851 0.423841 1.000000
-0.413032 -0.000342 -0.116769 3.000000
-0.362198 0.037988 0.151900 3.000000
-0.335528 0.012520 0.073961 0.000000
0.081909 -0.061200 -0.342581 1.000000
0.019287 -0.080812 0.082808 1.000000
0.847309 0.056169 -0.039060 0.000000
-0.482916 0.055376 0.031130 0.000000
0.264226 0.054992 0.042842 0.000000
0.840098 0.034383 -0.066779 0.000000
0.080937 -0.059384 -0.366694 1.000000
0.083315 -0.056392 0.397452 1.000000
0.054037 -0.031845 -0.528120 1.000000
0.966058 0.004516 0.001264 0.000000
0.122106 -0.062171 0.326597 1.000000
-0.258715 0.026635 0.099762 3.000000
-0.034539 -0.028188 0.732809 1.000000
0.057438 -0.056137 0.388631 1.000000
0.101215 -0.040130 0.377022 1.000000
-0.001169 -0.024481 0.761217 1.000000
0.025117 -0.097970 -0.064017 0.000000
0.809669 0.058956 0.032818 0.000000
-0.051108 0.022058 0.069921 0.000000
-0.703538 0.154231 -0.015229 2.000000
0.955599 -0.080019 -0.040109 0.000000
-0.071744 0.032797 -0.077979 0.000000
-0.398559 0.053126 -0.058366 0.000000
-0.290729 0.058572 0.035503 0.000000
0.383691 -0.018011 0.079177 0.000000
0.034348 0.066857 0.015609 0.000000
0.125200 -0.043837 -0.329208 1.000000
0.069405 -0.052506 0.269524 1.000000
-0.189419 -0.092344 -0.052383 0.000000
0.706671 -0.104311 0.008194 0.000000
-0.430855 0.019603 -0.127329 3.000000
0.038669 -0.043275 0.403308 1.000000
-0.741817 0.209770 -0.014359 2.000000
-0.333355 0.017532 -0.085113 0.000000
-0.601716 0.084705 -0.015050 2.000000
0.446825 -0.069740 -0.076342 0.000000
0.192782 -0.049949 0.283613 1.000000
-0.797586 0.127587 -0.006842 2.000000
-0.024362 -0.042687 -0.564967 1.000000
-0.087367 -0.057748 -0.082990 0.000000
0.433477 -0.056034 0.070483 0.000000
-0.848880 0.236108 -0.007788 2.000000
-0.870487 0.266843 -0.171157 2.000000
-0.252680 -0.015301 -0.106029 3.000000
0.107991 -0.048619 0.470788 1.000000
-0.029143 -0.031333 -0.615622 1.000000
0.314779 0.012290 0.073935 0.000000
0.103848 -0.077437 0.128912 1.000000
0.017472 -0.050716 -0.462481 1.000000
0.009724 -0.079431 0.091042 1.000000
0.718971 0.032976 0.064602 0.000000
0.592192 0.042719 0.054962 0.000000
-0.636543 0.007892 0.038623 0.000000
-0.479464 -0.016528 0.069665 0.000000
0.290538 -0.010008 -0.092400 0.000000
-0.177426 0.037272 -0.174200 3.000000
0.733853 0.051924 0.045885 0.000000
0.218583 -0.053887 -0.165455 1.000000
-0.062692 -0.030515 0.661569 1.000000
-0.747851 0.279322 0.001801 2.000000
0.020335 -0.078767 -0.121551 1.000000
0.079429 -0.067874 0.085774 1.000000
0.031765 -0.069280 -0.275740 1.000000
0.873263 -0.036064 -0.079666 0.000000
0.187285 -0.078255 0.122903 1.000000
-0.405054 0.064863 -0.033895 0.000000
0.205414 -0.057543 0.093062 1.000000
-0.047247 -0.034837 0.592043 1.000000
0.050074 -0.077437 -0.142032 1.000000
-0.155819 -0.020313 0.079177 0.000000
-0.118154 0.047679 0.050053 0.000000
0.008241 -0.075008 -0.155662 1.000000
0.689539 0.034229 0.063349 0.000000
0.002027 -0.065470 -0.195091 1.000000
0.839561 -0.104311 0.001315 0.000000
-0.198599 -0.001697 -0.095852 3.000000
0.028953 -0.036141 0.490478 1.000000
-0.482737 0.078415 -0.008274 2.000000
0.090168 -0.046471 -0.087644 1.000000
0.450558 0.053816 -0.057241 0.000000
-0.361687 0.037349 0.122391 3.000000
-0.026535 -0.062990 0.271799 1.000000
0.063294 -0.069203 -0.235211 1.000000
0.025654 -0.051739 -0.332225 1.000000
-0.010400 -0.037573 0.514258 1.000000
0.030206 -0.028342 0.576062 1.000000
-0.178526 0.066064 -0.030724 0.000000
0.768117 0.037298 0.060306 0.000000
-0.334045 -0.015377 0.182149 3.000000
-0.806331 0.268429 -0.015024 2.000000
-0.375111 0.064837 0.020416 0.000000
0.348839 -0.001825 -0.092400 0.000000
0.027188 -0.099734 -0.052741 0.000000
0.133766 -0.063322 0.076160 1.000000
0.271156 -0.098379 0.048186 0.000000
-0.865245 0.266690 -0.156531 2.000000
-0.732074 0.144335 0.000625 2.000000
-0.854199 0.269349 0.197210 2.000000
0.008854 -0.019878 0.733550 1.000000
0.592883 -0.082883 -0.063403 0.000000
-0.021523 -0.054628 -0.400856 1.000000
-0.270784 -0.005073 0.091042 3.000000
0.153864 -0.043530 0.359148 1.000000
0.777271 -0.097714 0.026247 0.000000
-0.854838 0.285050 -0.009015 2.000000
0.328919 0.060132 -0.044967 0.000000
0.055162 -0.086259 -0.142365 1.000000
0.162993 -0.047417 0.256994 1.000000
-0.393573 -0.005661 -0.188750 3.000000
0.003459 -0.062069 0.314400 1.000000
0.403943 -0.091398 -0.054607 0.000000
-0.350461 0.023387 -0.188059 3.000000
0.014403 0.069005 -0.013567 0.000000
-0.631122 -0.039132 -0.008580 0.000000
-0.013264 -0.053784 0.263924 1.000000
-0.443077 -0.008755 0.075035 0.000000
0.552686 0.056527 0.040413 0.000000
-0.784826 0.274336 0.061866 2.000000
0.185776 0.025740 -0.081610 0.000000
-0.084427 -0.095694 0.031079 0.000000
-0.568449 0.109304 -0.003006 2.000000
-0.418402 0.060695 0.030542 0.000000
0.896506 0.029166 0.043737 0.000000
0.061760 -0.152895 -0.133569 3.000000
0.899217 -0.024455 -0.073734 0.000000
0.987639 -0.003410 -0.002622 0.000000
0.262539 -0.097510 0.053863 0.000000
0.683862 -0.020926 -0.092400 0.000000
-0.877187 0.275486 -0.158040 2.000000
-0.367798 -0.001697 0.080967 3.000000
0.034732 -0.155682 0.149291 3.000000
-0.910684 0.273415 -0.242601 2.000000
-0.925412 0.271420 -0.196037 2.000000
-0.357800 -0.044195 -0.149192 3.000000
-0.191004 0.006434 0.076339 0.000000
-0.380097 0.018989 0.104006 3.000000
0.257424 -0.078741 0.083601 1.000000
-0.825432 0.288553 -0.008120 2.000000
-0.277688 -0.029646 -0.092400 0.000000
0.482163 -0.024941 -0.092400 0.000000
-0.061899 -0.031998 -0.658120 1.000000
0.997228 -0.072936 0.014714 0.000000
0.691559 0.013261 -0.086749 0.000000
-0.223990 -0.095771 0.030926 0.000000
0.967438 0.001294 -0.022849 0.000000
-0.796921 0.230099 -0.011674 2.000000
0.171994 -0.080659 -0.106490 1.000000
-0.416101 0.020217 0.164659 3.000000
-0.257180 -0.097586 0.026553 0.000000
-0.066911 0.047449 0.050308 0.000000
0.651260 -0.104311 -0.015689 0.000000
0.833756 -0.117250 -0.003799 0.000000
0.964063 -0.055242 0.039671 0.000000
0.915837 -0.001544 -0.059875 0.000000
-0.307912 0.041849 -0.133211 3.000000
-0.202639 -0.022537 0.124616 3.000000
0.091472 -0.099274 -0.055681 0.000000
0.043528 -0.065649 0.151209 1.000000
0.061018 -0.058873 -0.366081 1.000000
-0.396411 -0.009496 -0.167373 3.000000
0.869222 -0.103493 0.010112 0.000000
0.535733 -0.072272 0.060639 0.000000
-0.430369 -0.019827 0.110961 3.000000
0.355461 -0.077283 0.055678 0.000000
0.035064 -0.078920 -0.125207 1.000000
0.844879 -0.137195 0.013819 3.000000
0.218097 -0.100553 0.034301 0.000000
-0.189802 -0.036729 0.118223 3.000000
0.103644 -0.057543 0.175348 1.000000
-0.515135 0.013057 0.062250 0.000000
-0.754832 0.087211 -0.010652 2.000000
-0.036329 0.014566 0.072989 0.000000
0.031919 -0.061353 0.318696 1.000000
0.105562 -0.042815 -0.519836 1.000000
-0.513933 -0.052761 0.044223 0.000000
-0.288121 -0.093367 -0.049902 0.000000
-0.541626 0.054992 -0.033716 2.000000
-0.030089 -0.047647 0.474138 1.000000
-0.311441 -0.001697 0.089508 3.000000
0.206821 -0.051994 0.184655 1.000000
0.428900 -0.096973 0.028011 0.000000
0.271181 -0.100706 -0.046680 0.000000
0.070249 -0.146707 -0.163154 3.000000
0.024836 -0.050997 0.445934 1.000000
0.138829 0.052921 0.044887 0.000000
0.184625 -0.101882 0.025940 0.000000
0.762057 0.056885 -0.052766 0.000000
-0.278378 -0.087000 -0.059338 0.000000
-0.014696 -0.065393 0.244644 1.000000
0.186952 -0.048977 -0.314889 1.000000
-0.860336 0.276330 0.094085 2.000000
-0.005184 -0.051739 0.440513 1.000000
0.180585 -0.049744 -0.232475 1.000000
0.061938 -0.142846 -0.160418 3.000000
0.037314 -0.065674 0.258835 1.000000
-0.275872 0.044151 -0.163972 3.000000
0.056645 -0.060075 0.199563 1.000000
-0.017407 -0.065393 0.214470 1.000000
-0.280373 -0.048798 0.140930 3.000000
-0.068394 -0.024506 -0.748691 1.000000
0.042403 -0.070916 0.200995 1.000000
0.155705 -0.068896 -0.256204 1.000000
0.061555 -0.062120 0.309183 1.000000
0.061018 -0.035885 0.610991 1.000000
0.370599 -0.019929 0.079177 0.000000
-0.210566 -0.073294 -0.072839 0.000000
0.492749 -0.007323 0.079177 0.000000
0.308258 -0.103007 0.013538 0.000000
-0.535387 -0.039797 -0.064145 0.000000
0.760037 -0.092626 -0.051667 0.000000
0.822556 -0.149264 0.015635 3.000000
-0.840621 0.277302 0.011237 2.000000
0.781388 -0.068615 0.064244 0.000000
-0.545461 0.089282 -0.010166 2.000000
0.767273 0.067547 -0.027145 0.000000
-0.756827 0.276330 -0.015024 2.000000
-0.351919 0.027453 0.105796 3.000000
0.076002 -0.048619 -0.316602 1.000000
0.217611 -0.033021 -0.092400 0.000000
0.563298 -0.003129 -0.092400 0.000000
0.158237 -0.064524 -0.310567 1.000000
0.030845 -0.055651 0.387761 1.000000
0.260953 -0.059154 -0.140601 1.000000
-0.227289 -0.045244 0.123235 3.000000
0.351907 0.031800 -0.078950 0.000000
-0.265286 0.020984 -0.192969 3.000000
-0.379049 -0.099888 -0.021340 0.000000
-0.839700 0.270270 -0.206138 2.000000
-0.326579 0.036147 0.109427 3.000000
0.471321 0.067420 0.014228 0.000000
-0.633858 0.056603 0.004256 2.000000
-0.666947 -0.021156 -0.028065 0.000000
0.051045 -0.103723 0.177623 1.000000
-0.249023 -0.029620 0.176805 3.000000
-0.376824 -0.041459 -0.151468 3.000000
0.131311 0.029601 0.066827 0.000000
0.409492 -0.067643 -0.078413 0.000000
-0.921142 0.270474 0.161770 2.000000
0.264533 0.061641 0.028139 0.000000
0.095129 -0.078613 -0.128736 1.000000
-0.048986 -0.028597 -0.727467 1.000000
0.054830 -0.062964 -0.182025 1.000000
-0.640481 -0.036192 -0.012390 0.000000
-0.031649 -0.068462 -0.282798 1.000000
-0.358439 -0.018829 -0.190156 3.000000
0.291561 -0.046471 -0.087644 1.000000
0.077511 -0.079892 0.101142 1.000000
0.203343 0.035559 0.062045 0.000000
0.599685 -0.047494 0.073987 0.000000
0.043247 -0.037521 -0.641755 1.000000
-0.273699 0.019015 0.180564 3.000000
-0.016281 -0.056750 -0.327750 1.000000
0.671410 -0.093930 -0.048547 0.000000
0.040025 -0.061711 0.193119 1.000000
0.132999 -0.068513 0.247891 1.000000
-0.829242 0.266946 0.099762 2.000000
-0.374191 0.035866 0.152564 3.000000
-0.321311 -0.044246 -0.171694 3.000000
0.961736 -0.088125 -0.022107 0.000000
0.411716 -0.078076 0.054911 0.000000
0.202448 -0.083778 -0.085726 1.000000
0.109730 -0.068999 0.233060 1.000000
-0.593329 -0.035604 -0.045658 0.000000
0.674632 0.035482 -0.075345 0.000000
0.111673 -0.045806 -0.304967 1.000000
0.666807 0.069005 -0.009833 0.000000
0.414810 -0.013562 0.079177 0.000000
-0.304307 0.069005 -0.001370 0.000000
0.249088 -0.069484 -0.175121 1.000000
0.413072 0.033155 0.064423 0.000000
-0.193050 0.004440 -0.194401 3.000000
0.512080 -0.074113 -0.072021 0.000000
0.886278 -0.019264 -0.075549 0.000000
0.120674 -0.040155 -0.489381 1.000000
0.792076 -0.099530 -0.035123 0.000000
-0.878465 0.263979 -0.002265 2.000000
-0.334659 -0.066416 -0.078337 0.000000
-0.275182 0.014975 -0.195475 3.000000
0.695497 0.050773 -0.060258 0.000000
-0.005925 -0.099785 0.039339 0.000000
-0.255365 -0.012079 0.091451 3.000000
0.212293 0.031058 -0.079436 0.000000
-0.002371 -0.028265 -0.623882 1.000000
0.119958 -0.074445 0.162614 1.000000
0.970507 -0.076772 -0.036427 0.000000
0.678621 0.044713 -0.066242 0.000000
-0.670603 0.026200 -0.041924 2.000000
-0.779508 0.032286 0.002159 2.000000
-0.023927 -0.021540 -0.721561 1.000000
-0.809578 0.268045 0.106129 2.000000
-0.246543 -0.026782 0.097588 3.000000
0.179332 -0.005968 0.079177 0.000000
0.646734 0.048012 0.049746 0.000000
0.525300 -0.067030 -0.079027 0.000000
-0.510762 -0.070303 -0.029497 0.000000
0.652641 0.066473 -0.029753 0.000000
0.163786 -0.060126 -0.091863 1.000000
0.228504 -0.054909 -0.171541 1.000000
0.617788 -0.058796 -0.082556 0.000000
0.036445 -0.069791 -0.225929 1.000000
-0.469466 -0.005763 -0.084346 0.000000
0.665605 0.044560 0.053147 0.000000
0.273483 -0.074010 0.107867 1.000000
0.829205 -0.115281 0.009626 0.000000
0.936294 -0.015301 -0.058392 0.000000
-0.390223 0.032567 0.065957 0.000000
-0.436608 -0.092191 -0.019141 0.000000
-0.184637 -0.040692 -0.155764 3.000000
0.058001 -0.027575 -0.626157 1.000000
0.120623 -0.072118 -0.206751 1.000000
-0.396411 0.007866 0.105898 3.000000
-0.725349 0.238562 -0.013030 2.000000
-0.374753 0.078210 -0.006790 0.000000
-0.711567 0.176273 0.002082 2.000000
-0.679195 0.235545 -0.007788 2.000000
-0.250532 0.039011 -0.176143 3.000000
-0.391195 0.069133 -0.005486 0.000000
0.197232 -0.077897 0.072503 1.000000
-0.722255 0.113191 0.001136 2.000000
0.201348 -0.099325 0.042177 0.000000
-0.780991 0.266895 -0.038754 2.000000
0.386197 0.038448 0.059181 0.000000
-0.702950 0.222990 -0.011802 2.000000
0.009979 -0.048696 -0.380886 1.000000
-0.137434 -0.016682 -0.092400 0.000000
0.800157 -0.000547 -0.092400 0.000000
0.078585 -0.143792 -0.139220 3.000000
0.659392 0.053791 -0.057266 0.000000
-0.308500 -0.085210 0.047879 0.000000
0.097302 -0.000547 -0.092400 0.000000
-0.909993 0.272392 -0.164483 2.000000
-0.028018 -0.045474 -0.461433 1.000000
0.217279 -0.059512 0.238788 1.000000
0.003996 -0.100680 0.033560 0.000000
0.757377 -0.069280 -0.076802 0.000000
0.675859 -0.000649 0.079177 0.000000
-0.229104 0.069005 -0.005205 0.000000
0.709305 -0.065623 -0.079743 0.000000
-0.776081 0.278580 0.001801 2.000000
-0.375699 -0.076542 -0.066139 0.000000
-0.099411 -0.101524 -0.030315 0.000000
-0.879667 0.274208 -0.082837 2.000000
-0.371071 0.014642 0.073347 0.000000
0.116685 0.039088 0.058542 0.000000
0.281716 0.069005 0.007018 0.000000
-0.025845 -0.062401 -0.304609 1.000000
-0.060084 -0.027702 0.704886 1.000000
-0.529020 0.026430 0.054630 0.000000
0.449816 -0.076312 0.056624 0.000000
0.775942 0.016151 -0.085573 0.000000
-0.557761 0.059237 -0.004694 2.000000
0.657934 -0.078153 -0.068057 0.000000
-0.776720 0.116822 -0.004233 2.000000
-0.806715 0.275563 -0.058034 2.000000
0.133868 -0.021412 -0.092400 0.000000
0.796193 -0.043275 -0.088948 0.000000
0.641825 0.069005 -0.015970 0.000000
-0.005363 -0.035936 0.528910 1.000000
-0.163388 -0.059998 0.068847 0.000000
0.065518 -0.030157 0.541721 1.000000
0.078457 -0.076695 0.137145 1.000000
0.093262 -0.038519 0.544636 1.000000
0.027674 -0.054423 -0.299367 1.000000
-0.629946 0.133391 -0.012979 2.000000
0.732779 -0.104311 -0.003083 0.000000
-0.444995 -0.083165 0.026937 0.000000
-0.137818 -0.100859 0.018678 0.000000
0.648268 -0.104311 0.005586 0.000000
-0.028095 -0.022665 0.766025 1.000000
0.705214 0.062127 -0.040160 0.000000
-0.871919 0.275691 0.120857 2.000000
-0.131374 0.069005 -0.002188 0.000000
0.056697 -0.076005 -0.158398 1.000000
0.038900 -0.037010 0.637635 1.000000
-0.794722 0.269247 0.001801 2.000000
0.665912 -0.079457 0.053556 0.000000
0.382847 -0.104311 -0.007481 0.000000
0.360192 0.038525 0.059105 0.000000
0.415450 0.061973 -0.040543 0.000000
-0.094987 0.069005 -0.012390 0.000000
0.759679 -0.085134 -0.061153 0.000000
0.721553 -0.086489 -0.059824 0.000000
0.005172 -0.021821 0.681105 1.000000
0.006144 -0.086003 -0.085726 0.000000
-0.644445 -0.006811 -0.046425 0.000000
0.005428 -0.022997 0.663283 1.000000
-0.920145 0.269810 -0.217312 2.000000
0.216282 0.059621 -0.046195 0.000000
0.927446 -0.069254 0.047138 0.000000
-0.807200 0.248637 -0.012467 2.000000
0.587360 0.033104 -0.077672 0.000000
0.052196 -0.073831 -0.182971 1.000000
0.111622 -0.075673 0.148933 1.000000
-0.294334 -0.017167 -0.106796 3.000000
0.735719 0.007687 -0.089051 0.000000
-0.396411 -0.016707 -0.140856 3.000000
0.916016 0.045531 -0.021851 0.000000
0.136348 -0.075647 0.149956 1.000000
-0.894753 0.267815 -0.241987 2.000000
-0.759154 0.228334 -0.013822 2.000000
-0.394264 0.002522 -0.092042 0.000000
-0.335247 0.031493 -0.079385 0.000000
0.013508 -0.040130 0.588617 1.000000
-0.735501 0.230763 -0.015229 2.000000
-0.248512 0.010756 -0.087772 0.000000
0.551714 0.069005 -0.002418 0.000000
-0.653957 0.104113 -0.016891 2.000000
-0.013980 -0.034964 -0.661445 1.000000
0.120853 -0.096640 0.059284 0.000000
-0.014440 -0.041843 -0.481326 1.000000
0.198408 -0.060075 0.072503 1.000000
-0.194226 -0.014329 0.097895 3.000000
-0.888335 0.273287 -0.079231 2.000000
0.372670 0.069005 0.001366 0.000000
0.177619 -0.055370 0.128375 1.000000
0.011309 -0.102240 0.023562 0.000000
0.026089 -0.103749 0.014049 0.000000
0.931256 0.018094 0.029213 0.000000
-0.319112 -0.090299 0.042254 0.000000
0.310509 0.045327 -0.065628 0.000000
0.080861 -0.031333 0.540442 1.000000
-0.173258 0.039446 -0.148911 3.000000
-0.088927 -0.100195 0.020263 0.000000
-0.258740 0.034766 -0.181539 3.000000
-0.378103 0.010474 -0.189261 3.000000
0.117350 -0.071172 0.205649 1.000000
0.501469 0.001346 -0.091659 0.000000
0.019210 -0.048849 0.460586 1.000000
-0.043872 -0.037445 -0.571820 1.000000
-0.736805 0.153924 -0.013643 2.000000
-0.370227 0.069005 0.008168 0.000000
-0.834919 0.266588 -0.108024 2.000000
0.667139 -0.029543 0.079177 0.000000
0.188410 -0.087870 0.072120 1.000000
-0.208520 0.047986 -0.062994 0.000000
0.010005 -0.075315 -0.085726 0.000000
0.055469 -0.046957 -0.358051 1.000000
-0.234781 0.042412 0.121317 3.000000
0.373489 -0.075136 0.057800 0.000000
0.062603 -0.076261 0.154354 1.000000
0.941152 0.031647 -0.006995 0.000000
0.078713 -0.067669 0.239913 1.000000
-0.243321 -0.102803 -0.027272 0.000000
0.819923 0.062817 0.020621 0.000000
-0.643601 0.163667 -0.001855 2.000000
0.087458 -0.059742 -0.181999 1.000000
0.007090 -0.060202 0.336365 1.000000
0.039130 -0.126992 -0.166938 3.000000
0.088762 -0.057006 -0.404129 1.000000
0.195774 -0.093649 0.066341 1.000000
-0.241864 0.035457 0.167625 3.000000
-0.173309 -0.096461 0.029238 0.000000
-0.086089 0.035303 -0.075524 0.000000
0.387629 0.066652 -0.029344 0.000000
0.246634 -0.101857 -0.039188 0.000000
-0.004238 -0.063322 -0.225545 1.000000
0.203394 0.062280 0.026579 0.000000
0.012255 -0.073704 0.161668 1.000000
-0.719928 0.229792 -0.013311 2.000000
0.184267 -0.049719 0.219764 1.000000
-0.867802 0.266895 0.044350 2.000000
-0.055634 -0.035450 -0.619509 1.000000
-0.116057 -0.064064 -0.080382 0.000000
-0.732074 0.049444 -0.000858 2.000000
0.148443 -0.052199 0.181766 1.000000
0.227302 -0.055600 -0.137890 1.000000
0.067155 0.061206 0.029187 0.000000
-0.428886 0.029371 0.147374 3.000000
-0.432798 0.028450 -0.078925 0.000000
-0.010349 -0.066263 -0.249428 1.000000
0.382438 0.005820 -0.089818 0.000000
-0.030499 0.069005 -0.017607 0.000000
-0.275361 0.015767 -0.085726 0.000000
0.674887 -0.038033 -0.091096 0.000000
-0.439830 0.041031 -0.067674 0.000000
0.145477 -0.068487 0.248070 1.000000
-0.018429 -0.050997 -0.456088 1.000000
-0.925898 0.270730 0.235694 2.000000
-0.255851 -0.044962 -0.169930 3.000000
-0.753554 0.143901 -0.013183 2.000000
-0.819039 0.274515 0.105234 2.000000
-0.896927 0.271472 -0.002265 2.000000
-0.432747 -0.072118 -0.062790 0.000000
0.063012 -0.162765 0.137964 3.000000
-0.362454 -0.100936 0.008322 0.000000
0.584777 0.064811 0.020519 0.000000
0.073471 -0.048440 -0.509633 1.000000
-0.049012 -0.030311 -0.701334 1.000000
-0.846042 0.277020 -0.043407 2.000000
-0.745039 0.260937 -0.015024 2.000000
0.515225 0.034766 -0.076035 0.000000
0.012255 -0.025989 0.621066 1.000000
-0.781400 0.266613 0.014996 2.000000
-0.325658 0.015333 0.182098 3.000000
-0.565176 0.008198 0.056752 0.000000
0.845289 0.062101 -0.028295 0.000000
0.625766 -0.092702 0.038290 0.000000
0.838538 -0.149571 -0.019831 3.000000
0.022969 0.030803 0.066315 0.000000
-0.007281 -0.050051 -0.474371 1.000000
-0.659506 0.202431 -0.004054 2.000000
-0.890688 0.267841 0.144049 2.000000
0.245534 -0.061174 -0.191716 1.000000
0.477893 -0.089813 0.043328 0.000000
-0.041340 -0.026833 -0.760888 1.000000
-0.725017 0.055044 -0.013746 2.000000
-0.188907 0.065272 -0.032617 0.000000
-0.299423 -0.048798 -0.154434 3.000000
0.269136 0.051873 -0.059159 0.000000
0.164016 -0.079892 0.101168 1.000000
0.671614 0.053126 0.044683 0.000000
0.218966 0.069005 -0.012569 0.000000
0.063498 -0.074113 0.166603 1.000000
0.192297 -0.058157 -0.309161 1.000000
0.056952 -0.106025 -0.192790 1.000000
-0.430778 0.060899 0.027576 0.000000
0.239883 -0.069484 -0.186065 1.000000
0.049562 -0.146988 -0.157298 3.000000
0.403355 -0.064882 0.066827 0.000000
0.000186 -0.064703 -0.290955 1.000000
0.803762 0.013082 -0.086724 0.000000
-0.471486 -0.063936 -0.059210 0.000000
-0.672930 -0.002695 0.025658 0.000000
0.101291 -0.064856 0.095261 1.000000
-0.579803 -0.020517 -0.061588 0.000000
0.068689 -0.054117 0.253363 1.000000
-0.006974 -0.073448 -0.161159 1.000000
0.043093 -0.056290 -0.260347 1.000000
0.038311 -0.094109 -0.079104 0.000000
-0.732151 0.188035 0.001188 2.000000
-0.115750 0.069005 0.006660 0.000000
0.035371 -0.064882 0.275609 1.000000
0.134814 -0.040718 -0.380681 1.000000
-0.034948 -0.047059 0.440973 1.000000
0.444549 -0.104311 -0.001472 0.000000
0.032737 -0.079201 0.108609 1.000000
0.804146 -0.104311 -0.021187 0.000000
0.144684 0.068903 -0.023897 0.000000
0.011616 -0.085543 0.072503 1.000000
0.159950 -0.078818 -0.085726 1.000000
0.083315 -0.078409 -0.131088 1.000000
0.852090 -0.099453 0.019010 0.000000
0.289976 -0.104311 0.006225 0.000000
0.694883 -0.041127 -0.089818 0.000000
0.080068 -0.000981 0.079177 0.000000
0.452271 0.066499 -0.029702 0.000000
0.174244 -0.021207 -0.092400 0.000000
-0.052106 -0.039695 0.077183 0.000000
-0.014824 0.050441 -0.060565 0.000000
0.001464 -0.027114 0.618483 1.000000
0.356996 -0.092293 -0.052510 0.000000
0.029899 -0.063066 -0.197316 1.000000
-0.699319 0.045864 -0.023872 2.000000
0.325876 0.011062 -0.087670 0.000000
-0.105088 0.044943 -0.066012 0.000000
0.179025 -0.057185 -0.112013 1.000000
0.120623 -0.064652 0.075879 1.000000
-0.306889 -0.028239 0.178084 3.000000
0.002232 -0.031103 0.079177 0.000000
0.111775 -0.050358 -0.256562 1.000000
-0.795668 0.274361 -0.090559 2.000000
0.261465 -0.096333 -0.074501 0.000000
0.458485 -0.104311 -0.015945 0.000000
-0.902578 0.270091 -0.081610 2.000000
0.068050 -0.054577 0.413741 1.000000
-0.084094 0.058700 -0.048394 0.000000
-0.043744 -0.023304 0.709949 1.000000
-0.743172 0.191564 0.000625 2.000000
-0.272830 0.055708 0.042151 0.000000
-0.177196 0.025970 -0.177473 3.000000
0.549925 -0.104311 -0.003722 0.000000
0.262360 -0.076261 0.099992 1.000000
0.220347 -0.055983 0.118300 1.000000
0.606486 -0.081835 -0.064426 0.000000
-0.223172 0.044457 -0.139603 3.000000
0.170306 -0.077156 0.138756 1.000000
-0.056146 -0.104311 0.008424 0.000000
0.056492 -0.088995 0.128707 1.000000
-0.699421 0.214450 -0.000909 2.000000
-0.382143 0.067982 -0.026096 0.000000
0.345259 -0.020159 -0.092400 0.000000
0.036547 -0.043326 -0.574659 1.000000
0.147446 -0.061046 -0.099790 1.000000
-0.201232 -0.019111 0.164352 3.000000
-0.900763 0.274003 0.207541 2.000000
0.161612 0.030189 0.066571 0.000000
0.067078 -0.062478 -0.319798 1.000000
0.824244 -0.072578 -0.071254 0.000000
0.265479 -0.078255 -0.093065 1.000000
0.885920 -0.104311 -0.002316 0.000000
-0.101457 0.046938 0.050794 0.000000
-0.020654 -0.023023 0.687626 1.000000
-0.684590 0.077622 -0.015766 2.000000
0.943121 -0.038135 0.049516 0.000000
0.454061 0.053381 0.044427 0.000000
-0.018838 -0.060381 0.283971 1.000000
-0.188294 0.021470 0.099889 3.000000
0.058052 -0.138550 0.137734 3.000000
-0.245955 -0.006607 0.079177 0.000000
-0.066348 0.067905 0.013078 0.000000
-0.041468 -0.018574 -0.773571 1.000000
-0.032749 -0.020671 0.727234 1.000000
-0.354987 -0.011107 -0.108765 3.000000
-0.196374 -0.082500 -0.063761 0.000000
-0.736370 0.175838 0.000651 2.000000
-0.102326 -0.084852 -0.061460 0.000000
0.648396 0.023899 -0.082377 0.000000
0.993367 -0.012462 0.014970 0.000000
0.459329 0.006460 0.076313 0.000000
-0.837399 0.266997 0.114695 2.000000
-0.243551 0.054967 0.042893 0.000000
0.080656 -0.084750 0.072503 1.000000
-0.732535 0.024947 -0.027426 2.000000
0.761878 -0.079022 0.053965 0.000000
0.232775 -0.076567 -0.139501 1.000000
0.106226 -0.080761 0.091400 1.000000
0.010210 -0.034300 -0.685736 1.000000
