0.109685 -0.121875 0.107021 1.000000
-0.562606 0.051761 -0.013684 2.000000
0.265798 -0.086670 -0.027964 0.000000
-0.389217 0.056131 -0.139997 3.000000
0.052857 0.037256 0.055014 0.000000
0.671587 -0.056804 0.057041 0.000000
0.721342 0.001533 0.071231 0.000000
0.139394 -0.070138 0.132744 1.000000
-0.049964 -0.020022 0.071727 0.000000
0.446281 0.061379 0.029134 0.000000
0.174441 -0.065791 -0.152588 1.000000
-0.139766 0.028539 0.612298 1.000000
0.950859 -0.056308 0.027265 0.000000
-0.007777 -0.045700 0.065870 0.000000
-0.669323 0.038314 -0.009584 0.000000
0.469480 -0.025293 -0.074813 0.000000
-0.103300 0.047662 -0.049587 0.000000
0.160274 -0.044033 -0.111527 1.000000
-0.095980 -0.031059 -0.565112 1.000000
-0.721083 0.166903 -0.000192 2.000000
-0.131297 -0.035631 0.068325 0.000000
0.070291 -0.063043 0.227051 1.000000
-0.722863 0.182985 -0.033685 2.000000
0.166445 -0.021622 -0.075872 1.000000
0.745915 0.009304 -0.073665 0.000000
0.480562 0.067573 0.006543 0.000000
-0.279436 -0.073134 -0.033595 0.000000
-0.405795 0.002974 0.139343 3.000000
0.018892 -0.052119 -0.365934 1.000000
0.514798 -0.077571 -0.040374 0.000000
-0.312862 0.010205 0.152384 3.000000
-0.522243 0.046198 0.007376 2.000000
-0.394893 0.056086 0.108823 3.000000
0.030581 -0.056038 -0.200068 1.000000
0.079503 -0.136763 -0.095040 1.000000
0.033149 -0.065656 -0.255927 1.000000
0.229332 -0.091085 -0.008346 0.000000
0.009814 -0.053335 -0.159300 1.000000
-0.022237 -0.033875 -0.511370 1.000000
0.083332 -0.089373 -0.021252 0.000000
0.133065 0.037774 0.055014 0.000000
-0.672184 0.202535 -0.002602 2.000000
-0.364757 0.033111 0.081907 0.000000
-0.441720 0.028606 0.072492 0.000000
0.622958 0.066829 0.014246 0.000000
-0.684459 0.178322 -0.012355 2.000000
0.784836 0.033179 -0.060218 0.000000
-0.054423 -0.031757 0.550403 1.000000
0.098829 0.025723 0.062469 0.000000
0.044546 -0.063246 0.084813 1.000000
-0.770163 0.187850 0.175246 2.000000
-0.604095 0.004303 0.026566 0.000000
0.053466 -0.035001 -0.301988 1.000000
0.004454 -0.041961 0.444833 1.000000
0.799477 -0.080724 -0.031793 0.000000
-0.203238 0.039395 -0.058168 0.000000
-0.298018 0.014416 0.151416 3.000000
0.128222 -0.044461 -0.243494 1.000000
-0.175917 -0.071061 0.041139 0.000000
-0.343674 0.073632 -0.129141 3.000000
-0.399038 -0.002769 -0.127091 3.000000
-0.262926 -0.011148 0.071591 0.000000
-0.193868 -0.071467 0.039743 0.000000
0.862859 0.039350 -0.018639 0.000000
-0.751400 0.180597 0.111796 2.000000
-0.467578 0.021759 0.087200 0.000000
0.013193 -0.055092 0.185742 1.000000
-0.717344 0.183503 -0.016251 2.000000
0.311386 -0.005269 -0.076255 0.000000
-0.039400 0.048788 0.043234 0.000000
-0.395907 0.021669 -0.053213 0.000000
0.471845 -0.084013 -0.031725 0.000000
0.053533 -0.078832 0.039090 0.000000
-0.017462 -0.047344 -0.401183 1.000000
0.010242 -0.029775 0.070172 0.000000
0.017450 -0.040406 0.274148 1.000000
0.821595 0.034125 -0.051276 0.000000
-0.009511 -0.047119 0.354040 1.000000
-0.743855 0.180259 0.003006 2.000000
0.100450 -0.106153 -0.110378 1.000000
-0.181345 -0.050317 -0.064182 0.000000
0.097612 -0.053448 -0.295930 1.000000
-0.048184 -0.025045 -0.523105 1.000000
-0.304753 0.071199 -0.134569 3.000000
-0.769419 0.192332 -0.093305 2.000000
0.748393 0.068721 0.000574 0.000000
-0.638466 0.042143 -0.010102 0.000000
0.429591 -0.068021 0.050577 0.000000
-0.396110 0.006848 -0.104162 3.000000
0.094481 -0.064575 0.219348 1.000000
-0.028048 -0.027658 0.509792 1.000000
0.132997 -0.064845 0.185675 1.000000
0.066800 -0.076873 -0.135042 1.000000
0.930453 -0.052322 0.036499 0.000000
-0.436517 0.019777 0.103215 3.000000
0.131240 -0.044731 0.070263 1.000000
-0.332660 0.013943 -0.072538 0.000000
0.055538 -0.085184 -0.034203 0.000000
0.121848 -0.041015 0.196396 1.000000
-0.081790 -0.034055 0.461726 1.000000
-0.775636 0.179223 -0.175720 2.000000
0.823420 0.049666 0.028931 0.000000
-0.391763 0.065906 0.126550 3.000000
0.120789 -0.067322 0.052807 1.000000
-0.804128 0.189044 -0.172206 2.000000
0.001323 -0.054957 0.077290 1.000000
0.153674 -0.075769 -0.068079 1.000000
-0.806989 0.188616 -0.200203 2.000000
0.187820 -0.050182 0.151596 1.000000
-0.439243 0.021399 -0.145696 3.000000
0.720260 -0.019324 -0.075602 0.000000
-0.780591 0.186093 -0.065196 2.000000
0.874684 0.030769 0.021544 0.000000
0.063241 -0.058628 0.284239 1.000000
-0.606933 -0.022523 0.011408 0.000000
-0.058906 0.058000 0.030260 0.000000
-0.048004 0.063271 0.013345 0.000000
0.776097 -0.036104 -0.071435 0.000000
0.448353 0.064847 -0.022536 0.000000
-0.325993 0.020768 0.128869 3.000000
-0.313357 0.057099 -0.031230 0.000000
-0.292095 0.030138 -0.096008 3.000000
0.060403 -0.063291 0.181215 1.000000
0.066529 -0.036014 -0.297349 1.000000
-0.174565 0.042414 -0.056141 0.000000
-0.709506 0.156159 -0.004697 2.000000
0.016459 -0.013243 0.073281 0.000000
-0.111228 0.051896 -0.043550 0.000000
0.004544 -0.054236 -0.360595 1.000000
-0.811764 0.181746 -0.159300 2.000000
-0.026426 -0.002003 -0.075444 0.000000
0.476913 -0.006621 -0.076705 0.000000
0.468016 -0.060993 0.055217 0.000000
-0.351693 0.070951 0.134478 3.000000
-0.054987 -0.034798 -0.415216 1.000000
0.130294 -0.068021 0.161304 1.000000
-0.053185 0.032571 0.058032 0.000000
-0.307929 -0.027906 0.066118 0.000000
0.507140 0.064487 -0.026027 0.000000
0.090382 -0.040406 -0.188176 1.000000
-0.675900 0.195440 -0.028685 2.000000
0.922254 -0.059574 0.034179 0.000000
0.490428 0.028854 0.062041 0.000000
0.882680 0.025228 -0.026545 0.000000
-0.049986 -0.025270 0.502832 1.000000
0.601808 -0.004729 0.072357 0.000000
0.853489 -0.114285 0.005529 0.000000
0.066169 -0.036690 0.258314 1.000000
0.844141 -0.066624 0.045441 0.000000
-0.169633 0.065523 0.001678 0.000000
0.113379 0.005429 0.069902 0.000000
-0.149812 0.026129 0.610811 0.000000
0.909123 -0.003670 0.036071 0.000000
0.230255 0.065320 0.009764 0.000000
-0.396110 -0.000044 0.103710 3.000000
0.534890 0.062798 -0.032041 0.000000
0.846867 -0.057660 0.051050 0.000000
0.023667 -0.040114 0.267121 1.000000
-0.353765 0.025859 -0.065916 0.000000
0.081080 -0.069350 0.090782 1.000000
0.147885 0.066221 -0.007152 0.000000
0.189960 -0.076400 0.033323 1.000000
0.737288 0.024800 0.065037 0.000000
0.770151 -0.049709 0.060645 0.000000
-0.578868 0.133094 -0.007963 2.000000
-0.336917 0.014169 -0.161260 3.000000
0.361884 -0.090950 -0.004629 0.000000
0.715103 -0.060408 -0.058664 0.000000
0.155318 -0.043627 0.140402 1.000000
0.148651 -0.043064 -0.195609 1.000000
-0.317366 -0.027117 -0.069610 0.000000
0.353731 0.051265 0.042558 0.000000
0.943246 -0.008693 -0.024856 0.000000
0.335914 -0.091108 -0.004697 0.000000
0.060088 -0.035271 -0.354559 1.000000
-0.027980 -0.029730 -0.439812 1.000000
-0.312681 0.062865 0.118148 3.000000
-0.443320 -0.064642 0.000011 0.000000
-0.380095 0.049554 -0.161327 3.000000
0.028599 -0.058808 -0.126978 1.000000
-0.030886 0.063654 -0.016094 0.000000
0.700440 -0.054304 -0.062673 0.000000
-0.055414 -0.050993 0.061839 0.000000
-0.234231 -0.064665 0.047063 0.000000
0.213835 -0.046871 0.080646 1.000000
-0.051000 -0.027793 0.475714 1.000000
0.302444 0.050274 0.043504 0.000000
-0.014016 -0.075746 0.041072 0.000000
-0.565038 0.004866 0.036004 0.000000
-0.160263 0.063135 -0.017828 0.000000
0.097027 -0.040249 0.178985 1.000000
-0.370027 0.009394 -0.057447 0.000000
-0.147222 -0.065813 -0.054069 0.000000
0.846642 0.004686 0.057784 0.000000
0.109190 -0.120321 0.092223 1.000000
-0.347864 -0.066489 -0.033527 0.000000
0.083400 -0.058493 0.270927 1.000000
0.405175 -0.004616 -0.076255 0.000000
-0.042779 -0.043740 -0.398999 1.000000
-0.209905 -0.002319 -0.075669 0.000000
-0.018926 -0.047074 0.397466 1.000000
0.044816 0.004754 0.069947 0.000000
0.415108 -0.089914 0.003615 0.000000
0.121240 -0.067795 -0.176035 1.000000
0.528988 -0.086806 -0.018661 0.000000
-0.279954 0.038382 0.053009 0.000000
-0.087826 -0.034640 0.511279 1.000000
0.339045 -0.019730 -0.076007 0.000000
-0.105192 -0.029325 0.572881 1.000000
0.026527 -0.086310 -0.031725 0.000000
0.088873 0.063406 0.014696 0.000000
0.882027 -0.001395 -0.054182 0.000000
-0.071181 -0.022523 0.565899 1.000000
-0.320317 0.007074 -0.070399 0.000000
0.207348 -0.056173 -0.131258 1.000000
0.245143 -0.092256 -0.002287 0.000000
0.695619 -0.075927 -0.040892 0.000000
-0.080348 0.056243 0.032693 0.000000
0.168765 0.056874 0.033008 0.000000
0.362154 0.060680 -0.033505 0.000000
0.209308 -0.046533 0.101481 1.000000
-0.060032 -0.037568 0.509049 1.000000
-0.121477 -0.002341 0.589639 1.000000
0.478738 0.011488 0.069204 0.000000
0.000602 -0.046691 0.414359 1.000000
0.409657 -0.078089 -0.040690 0.000000
0.225232 -0.061444 0.087651 1.000000
-0.387280 -0.068494 0.012917 0.000000
0.954013 -0.015000 0.021408 0.000000
-0.325880 0.008943 0.139388 3.000000
-0.230424 0.035882 -0.060466 0.000000
-0.756018 0.191634 -0.127812 2.000000
0.460651 -0.054461 0.059384 0.000000
-0.293131 0.009732 0.067537 0.000000
0.214218 -0.031960 -0.073867 1.000000
-0.313627 -0.000021 0.099701 3.000000
-0.184363 0.024958 -0.067696 0.000000
0.748573 0.034665 0.058618 0.000000
0.002359 -0.049191 -0.212096 1.000000
0.114956 -0.042141 0.130266 1.000000
-0.611730 0.162375 -0.010125 2.000000
0.208655 -0.073224 -0.062290 1.000000
-0.042238 -0.026014 -0.496054 1.000000
0.290709 -0.090905 0.003142 0.000000
0.747740 -0.047592 -0.066457 0.000000
0.381277 -0.004031 0.071974 0.000000
-0.005006 -0.049191 0.378050 1.000000
0.288051 0.031332 -0.063822 0.000000
0.703300 0.035026 0.059001 0.000000
0.878152 -0.102572 -0.000935 0.000000
-0.208937 0.017435 -0.071773 0.000000
0.155228 -0.062412 0.182026 1.000000
-0.386334 0.025205 -0.164233 3.000000
-0.442103 0.023516 0.094521 3.000000
-0.001673 0.064780 -0.010913 0.000000
-0.096430 -0.033311 0.493170 1.000000
-0.134270 0.057369 0.031071 0.000000
-0.753788 0.193301 0.011070 2.000000
-0.016809 -0.032140 0.396047 1.000000
0.386075 -0.014572 -0.076931 0.000000
-0.308222 0.026151 0.093732 3.000000
-0.066248 -0.069732 0.047559 0.000000
0.061281 -0.066264 -0.097225 1.000000
0.064052 -0.072998 -0.051366 0.000000
-0.657138 0.093745 -0.005553 2.000000
0.322715 -0.060768 -0.060263 0.000000
0.173045 -0.044686 0.105602 1.000000
-0.068095 0.056288 0.032670 0.000000
0.210344 0.062032 -0.028797 0.000000
0.057430 -0.064665 0.150335 1.000000
-0.218262 -0.007702 0.072560 0.000000
0.920677 -0.031577 -0.046749 0.000000
0.310642 0.062955 0.023255 0.000000
-0.452329 0.021804 -0.100716 0.000000
0.104369 -0.090770 -0.013999 0.000000
-0.299956 0.027142 0.156664 3.000000
0.807293 0.000317 -0.070376 0.000000
-0.391447 -0.069800 -0.008999 0.000000
0.035064 -0.059822 -0.177071 1.000000
-0.361828 -0.018694 0.063280 0.000000
-0.389285 0.036467 0.153578 3.000000
0.047227 -0.092617 -0.006724 0.000000
-0.705407 0.184449 0.089926 2.000000
0.272667 0.050139 -0.047560 0.000000
0.462566 -0.060678 -0.059677 0.000000
-0.038296 -0.042794 0.453370 1.000000
-0.363901 0.058653 -0.097630 3.000000
-0.199477 0.026512 0.062492 0.000000
0.084976 0.064892 -0.011589 0.000000
0.056168 0.057369 0.031341 0.000000
0.098130 -0.081039 -0.039654 0.000000
-0.266147 -0.038875 -0.068709 0.000000
-0.224546 -0.068359 0.042558 0.000000
0.056304 -0.061128 0.247930 1.000000
-0.393857 0.019417 0.144343 3.000000
0.144011 0.051356 0.040599 0.000000
0.048600 -0.043582 -0.180473 1.000000
-0.766671 0.184787 -0.058326 2.000000
0.906487 -0.005675 -0.043753 0.000000
-0.446360 -0.061106 0.014494 0.000000
0.080111 -0.056781 0.286086 1.000000
0.670550 -0.087233 -0.011972 0.000000
0.373078 -0.008828 -0.076998 0.000000
-0.266823 -0.061286 0.048820 0.000000
-0.063298 -0.025316 0.509770 1.000000
0.021212 -0.049303 0.124883 1.000000
-0.326061 0.017863 -0.137587 3.000000
-0.383609 -0.033424 -0.060804 0.000000
-0.365252 0.063045 -0.151259 3.000000
-0.431427 0.012142 0.132338 3.000000
-0.015682 -0.037411 -0.342216 1.000000
-0.626776 0.030386 0.017647 0.000000
0.906375 -0.062502 0.036882 0.000000
0.077296 -0.042501 -0.072065 1.000000
-0.409962 -0.013243 -0.063304 0.000000
0.599758 -0.049168 -0.066434 0.000000
-0.558574 0.052910 0.009403 2.000000
-0.159182 -0.032433 -0.072854 0.000000
0.430717 0.008020 -0.073935 0.000000
0.495112 -0.088495 0.007714 0.000000
-0.614658 -0.024617 -0.005282 0.000000
-0.273445 -0.016802 -0.074138 0.000000
0.158719 -0.044078 0.081795 1.000000
0.442767 -0.032838 -0.073439 0.000000
-0.071339 -0.038109 -0.485828 1.000000
-0.321646 0.004393 0.149389 3.000000
0.561378 0.059847 0.032287 0.000000
0.137772 -0.042411 0.108553 1.000000
0.033532 -0.058133 0.263967 1.000000
0.712918 -0.028717 0.069744 0.000000
0.017112 -0.070881 0.049158 0.000000
-0.311713 -0.075634 -0.016702 0.000000
0.764587 -0.083179 0.022152 0.000000
-0.731061 0.181746 0.110535 2.000000
-0.480461 0.044824 -0.136596 3.000000
-0.509382 0.039350 -0.036681 0.000000
0.179103 -0.074305 -0.048370 0.000000
0.745487 -0.084215 0.018413 0.000000
0.589465 -0.019910 -0.075692 0.000000
0.540723 -0.053448 0.059721 0.000000
0.754024 -0.029482 -0.073327 0.000000
0.146174 -0.047772 0.211149 1.000000
0.028352 -0.053921 0.312979 1.000000
-0.224050 0.035927 0.056140 0.000000
0.327152 0.062865 0.024156 0.000000
0.123515 0.034801 -0.060984 0.000000
-0.305767 -0.006576 0.116008 3.000000
0.081733 -0.041780 -0.170990 1.000000
0.131826 -0.061196 -0.222119 1.000000
0.863084 -0.076287 0.028999 0.000000
0.001323 -0.051804 -0.160877 1.000000
-0.456338 0.058090 0.000686 0.000000
-0.642993 0.143591 0.009110 2.000000
0.446934 -0.059732 -0.060353 0.000000
-0.094448 -0.032501 -0.544525 1.000000
-0.721218 0.195756 -0.054745 2.000000
-0.649097 0.195485 -0.011184 2.000000
-0.044243 -0.088698 -0.011814 0.000000
-0.527131 -0.033221 0.030260 0.000000
0.268027 0.002479 -0.074768 0.000000
0.072814 0.035589 0.056140 0.000000
-0.053793 0.061356 -0.026883 0.000000
-0.129428 0.046288 -0.051614 0.000000
0.813599 -0.082503 -0.026094 0.000000
-0.433657 0.039823 0.099701 3.000000
-0.613262 0.079533 0.008300 2.000000
-0.210356 -0.032118 0.068573 0.000000
0.186671 -0.048312 -0.154345 1.000000
-0.589274 0.046017 -0.012738 2.000000
-0.536816 0.026534 -0.040217 0.000000
0.089932 -0.090454 -0.015936 0.000000
0.398801 0.001983 -0.075016 0.000000
0.015581 -0.061128 -0.308971 1.000000
-0.413543 0.023449 0.053662 0.000000
0.025739 -0.032298 0.391362 1.000000
-0.373068 0.011218 -0.158962 3.000000
0.614466 -0.087233 -0.013751 0.000000
-0.394803 0.063203 -0.112473 3.000000
0.154305 -0.092234 0.001362 0.000000
0.072363 -0.106491 -0.115784 1.000000
-0.191548 0.019890 0.066816 0.000000
-0.003249 -0.029685 0.447559 1.000000
-0.436585 0.029665 0.143803 3.000000
-0.051203 0.009664 0.069046 0.000000
0.172144 0.056604 -0.037581 0.000000
0.772471 0.035769 0.056343 0.000000
-0.420255 0.010385 -0.058619 0.000000
-0.790952 0.187535 -0.198627 2.000000
0.113154 -0.069259 0.147159 1.000000
0.341590 0.052594 0.040576 0.000000
0.156827 0.058743 0.030305 0.000000
-0.454739 0.045567 0.031837 0.000000
-0.421899 0.056964 -0.017851 0.000000
0.917727 -0.074305 -0.022964 0.000000
0.088558 -0.042839 -0.146056 1.000000
-0.820931 0.186048 0.165628 2.000000
-0.702681 0.193909 -0.064340 2.000000
0.646878 0.053135 0.042513 0.000000
-0.585467 -0.028784 -0.017715 0.000000
0.525677 -0.088945 0.004583 0.000000
0.696520 0.025250 -0.069250 0.000000
-0.399916 0.007772 0.047243 0.000000
-0.681712 0.183548 -0.022445 2.000000
-0.284324 0.019214 0.066073 0.000000
0.239152 -0.057682 -0.079431 1.000000
-0.446293 0.019214 0.052176 0.000000
-0.389082 0.033742 -0.124546 3.000000
-0.025075 -0.056466 0.358229 1.000000
0.126781 -0.042569 -0.119208 1.000000
-0.425391 0.013921 0.064159 0.000000
-0.777595 0.191724 -0.095062 2.000000
-0.295135 -0.069575 -0.037334 0.000000
-0.436945 0.040544 -0.105513 3.000000
0.019207 -0.081242 -0.038573 0.000000
-0.367797 0.072235 -0.123960 3.000000
-0.389127 0.041332 -0.146552 3.000000
0.636945 0.060861 -0.035689 0.000000
-0.733787 0.182624 0.039698 2.000000
0.021392 -0.033221 -0.352464 1.000000
0.274267 -0.087369 -0.024405 0.000000
0.446484 -0.078111 0.036207 0.000000
0.040177 -0.076782 -0.135065 1.000000
-0.721241 0.196499 0.007736 2.000000
-0.789285 0.189877 0.168827 2.000000
0.491148 0.015227 -0.072651 0.000000
0.838736 0.053383 -0.000687 0.000000
-0.325655 0.032345 0.130153 3.000000
-0.445527 0.040364 0.039653 0.000000
-0.046518 -0.041690 0.461411 1.000000
0.267419 0.062054 0.026228 0.000000
0.181063 -0.055205 -0.170494 1.000000
0.086733 -0.064912 -0.213177 1.000000
0.443826 -0.072931 0.043504 0.000000
0.017112 -0.053808 -0.264531 1.000000
0.466305 -0.023716 0.070983 0.000000
-0.067420 -0.033244 -0.552160 1.000000
-0.297095 0.048360 -0.096031 3.000000
-0.012371 -0.040925 -0.470669 1.000000
0.085945 -0.047524 0.316966 1.000000
-0.256417 0.006601 -0.072809 0.000000
-0.370996 -0.048808 0.048032 0.000000
0.505946 0.050883 -0.048596 0.000000
-0.603441 0.101629 0.009178 2.000000
0.091418 -0.049641 0.305231 1.000000
-0.194161 -0.044123 -0.068101 0.000000
-0.114021 0.056288 -0.037063 0.000000
0.648725 -0.030879 0.069429 0.000000
-0.017552 -0.028401 -0.476818 1.000000
0.331590 -0.029054 -0.074273 0.000000
0.177729 -0.034956 0.069226 0.000000
-0.308695 0.070478 0.133847 3.000000
-0.776740 0.179606 -0.149390 2.000000
-0.298311 0.052211 0.035328 0.000000
-0.325317 0.043630 0.127248 3.000000
-0.368788 -0.055723 0.041747 0.000000
0.115158 0.066514 0.000844 0.000000
0.044276 -0.063065 -0.099927 1.000000
0.369835 -0.089801 0.005664 0.000000
0.897343 -0.008265 0.047266 0.000000
0.077296 -0.089914 0.014786 0.000000
-0.441225 0.016714 -0.079994 0.000000
0.171806 -0.068696 -0.132204 1.000000
0.854818 -0.094036 -0.003143 0.000000
0.163607 -0.066151 0.151573 1.000000
-0.517738 0.003155 -0.050015 0.000000
0.127096 0.016601 0.067852 0.000000
-0.000096 -0.049439 0.286131 1.000000
-0.463366 -0.039641 0.040599 0.000000
0.091396 -0.065656 0.197027 1.000000
0.538133 0.066401 -0.017851 0.000000
-0.018408 -0.028063 0.480308 1.000000
-0.322074 0.070636 0.136235 3.000000
0.163539 -0.065385 -0.164188 1.000000
0.788733 -0.034077 -0.071435 0.000000
-0.803182 0.185124 0.110625 2.000000
-0.400457 0.042369 0.042513 0.000000
0.331590 -0.087571 -0.021499 0.000000
0.066439 -0.035992 0.286288 1.000000
0.065201 -0.042862 0.164817 1.000000
-0.244637 0.030949 0.058888 0.000000
-0.694257 0.183052 -0.037964 2.000000
0.139034 -0.073314 -0.102337 1.000000
0.081981 -0.044686 0.327845 1.000000
0.661293 0.067438 0.012557 0.000000
-0.654187 0.024440 0.013593 0.000000
0.036370 -0.039348 0.260521 1.000000
-0.321128 0.002546 -0.122294 3.000000
-0.362121 0.050432 -0.039023 0.000000
0.261248 0.016624 -0.072133 0.000000
-0.783699 0.190643 -0.160697 2.000000
-0.000366 -0.035902 0.338859 1.000000
0.688479 -0.071332 -0.047447 0.000000
0.706296 -0.010562 0.073168 0.000000
0.410964 -0.042456 -0.071435 0.000000
-0.081047 -0.042569 0.066749 0.000000
-0.169453 -0.059642 0.054226 0.000000
-0.502197 0.029958 0.039585 0.000000
0.547751 -0.085927 0.018030 0.000000
-0.374577 -0.047524 -0.052627 0.000000
-0.054243 -0.040046 0.480218 1.000000
0.715418 -0.085702 0.013390 0.000000
0.783688 -0.019527 -0.074385 0.000000
0.089414 -0.051285 -0.311876 1.000000
-0.257228 0.062933 0.008727 0.000000
0.768552 -0.002612 -0.074228 0.000000
0.659514 -0.088427 0.002578 0.000000
0.072588 -0.046330 0.090489 1.000000
0.037316 -0.060836 -0.157296 1.000000
-0.726917 0.192580 0.093958 2.000000
0.043330 -0.080206 -0.041073 0.000000
-0.413836 0.028494 -0.102473 3.000000
-0.096363 -0.010698 -0.077156 0.000000
0.233656 -0.076242 0.040959 0.000000
-0.043905 -0.085251 -0.028504 0.000000
-0.081565 -0.016509 -0.591938 1.000000
0.017225 -0.033492 -0.444587 1.000000
-0.330137 0.055928 -0.095355 3.000000
0.173180 -0.044551 -0.144074 1.000000
0.287961 0.020273 0.066636 0.000000
0.883333 -0.070769 0.033842 0.000000
0.074661 -0.043470 -0.146664 1.000000
0.241922 -0.057344 0.067988 1.000000
-0.548281 -0.041127 0.005214 0.000000
0.597438 -0.057727 0.056748 0.000000
0.053578 -0.081017 -0.199888 1.000000
-0.406178 0.036580 0.046049 0.000000
-0.354103 0.028899 -0.075241 0.000000
-0.000254 -0.030091 0.417287 1.000000
-0.422237 0.028156 0.089183 3.000000
0.683006 -0.084666 -0.023617 0.000000
-0.212068 0.064487 -0.010711 0.000000
0.141286 -0.042704 0.125018 1.000000
-0.339260 0.028471 0.070105 0.000000
-0.668603 0.186611 0.008164 2.000000
0.165161 0.050500 0.041973 0.000000
-0.542222 0.097912 0.001430 2.000000
0.050920 -0.056196 0.310344 1.000000
0.670460 -0.084756 0.019471 0.000000
-0.693672 0.185147 -0.079273 2.000000
0.937007 -0.037095 -0.041298 0.000000
-0.768924 0.192580 0.070736 2.000000
0.066529 -0.063921 -0.185946 1.000000
-0.064131 -0.028469 0.480601 1.000000
0.222687 0.059757 -0.033572 0.000000
-0.027215 0.053000 0.037310 0.000000
-0.334462 0.061762 -0.010598 0.000000
-0.683604 0.191296 0.062740 2.000000
-0.034648 -0.041803 0.340323 1.000000
0.079999 -0.129038 -0.124974 1.000000
0.712310 0.054599 0.040891 0.000000
-0.187269 0.063766 0.010237 0.000000
-0.433319 -0.034257 -0.053326 0.000000
0.486418 0.057797 0.034517 0.000000
0.122929 -0.041105 -0.173175 1.000000
-0.522806 0.064239 -0.010283 2.000000
0.178180 -0.045159 0.060059 1.000000
-0.023228 -0.039055 -0.329332 1.000000
0.005873 -0.052299 -0.121933 1.000000
0.340734 -0.047119 -0.068799 0.000000
-0.794691 0.179246 0.155403 2.000000
0.011977 -0.052096 0.221487 1.000000
-0.566795 0.078159 0.009043 2.000000
-0.021021 -0.087504 -0.020936 0.000000
-0.386087 0.039643 0.084070 3.000000
0.507433 -0.045362 0.065037 0.000000
-0.629344 0.121044 -0.013278 2.000000
0.852926 -0.120591 -0.012039 0.000000
-0.054874 -0.039303 -0.496054 1.000000
0.545926 0.069127 -0.005260 0.000000
-0.051878 -0.034393 0.069001 0.000000
-0.123324 -0.035091 -0.072561 0.000000
0.090743 0.053180 -0.041681 0.000000
0.194555 -0.029302 0.070263 0.000000
0.045582 -0.041690 -0.221601 1.000000
-0.154835 -0.024978 -0.074340 0.000000
-0.405772 0.004799 0.059136 0.000000
-0.036787 -0.026081 0.520401 1.000000
0.797607 0.040882 -0.054046 0.000000
0.013689 -0.058088 -0.059317 1.000000
-0.070550 -0.040024 -0.071908 0.000000
-0.429265 0.024192 -0.104725 3.000000
-0.355837 0.061897 0.004696 0.000000
0.060223 -0.087098 -0.132136 1.000000
-0.301307 0.061221 0.110085 3.000000
0.079818 -0.071985 -0.191442 1.000000
0.701791 -0.083247 0.025553 0.000000
0.051123 -0.077300 -0.045420 0.000000
-0.466564 0.018043 0.046567 0.000000
0.617957 -0.064845 -0.056299 0.000000
-0.210288 0.006421 0.069790 0.000000
0.109302 -0.070859 0.095759 1.000000
0.053758 -0.052727 0.334016 1.000000
0.079818 -0.107572 0.118869 1.000000
0.053285 -0.045362 0.129703 1.000000
-0.036494 -0.090004 0.002961 0.000000
-0.320430 -0.069214 0.029720 0.000000
-0.083704 -0.035834 -0.469025 1.000000
0.110586 -0.062345 0.224461 1.000000
-0.325362 0.042819 -0.147836 3.000000
0.915497 -0.072323 0.022782 0.000000
-0.224411 -0.083697 0.003952 0.000000
0.036302 -0.088495 -0.024608 0.000000
-0.736917 0.202130 0.000754 2.000000
-0.297455 -0.040699 0.061749 0.000000
-0.003182 -0.047637 -0.260139 1.000000
0.696656 -0.016058 0.072132 0.000000
-0.404128 0.008740 -0.102518 3.000000
-0.750274 0.186183 -0.018098 2.000000
0.069638 -0.038920 -0.231376 1.000000
0.855223 -0.015045 0.061591 0.000000
0.025829 -0.044641 0.215496 1.000000
0.212619 0.046603 0.047874 0.000000
0.056687 -0.001012 -0.075174 0.000000
-0.377302 -0.004886 -0.111865 3.000000
0.435920 -0.085499 0.023683 0.000000
-0.412102 0.059554 0.003952 0.000000
-0.405097 -0.020158 0.058257 0.000000
0.370421 -0.037005 -0.072741 0.000000
0.736117 0.043112 0.053460 0.000000
0.130137 -0.053155 0.061636 1.000000
-0.169971 -0.084080 0.011768 0.000000
-0.029895 0.025543 -0.066817 0.000000
-0.023431 -0.045497 -0.360303 1.000000
0.333617 0.066537 -0.011161 0.000000
-0.154091 0.062685 0.015665 0.000000
0.354879 0.041580 -0.057650 0.000000
0.180140 -0.073944 0.044743 1.000000
-0.431742 0.010407 -0.120807 3.000000
0.107478 -0.060723 -0.245274 1.000000
0.786863 0.047594 -0.048573 0.000000
-0.410390 0.007907 -0.052154 0.000000
-0.674369 0.193751 -0.010238 2.000000
0.076665 -0.064597 -0.194190 1.000000
-0.679009 0.188796 0.007669 2.000000
0.037361 0.017885 -0.071390 0.000000
-0.289617 0.063226 -0.006994 0.000000
0.040942 -0.036960 0.284149 1.000000
0.089819 -0.070814 -0.080309 1.000000
-0.099111 0.023021 -0.068687 0.000000
0.058015 -0.076782 -0.124411 1.000000
0.376344 0.041287 -0.057898 0.000000
-0.644637 0.167984 -0.013526 2.000000
-0.334597 -0.008513 0.067898 0.000000
0.012810 -0.066286 -0.057267 0.000000
-0.385726 -0.032050 0.057221 0.000000
-0.418363 -0.058313 0.029449 0.000000
0.011752 -0.067503 0.306965 1.000000
-0.402304 0.056761 0.132023 3.000000
-0.045707 -0.021982 -0.075421 0.000000
0.019635 -0.050993 0.094295 1.000000
0.302759 0.062144 -0.030914 0.000000
0.091283 -0.112595 -0.106459 1.000000
-0.297500 0.010092 -0.153534 3.000000
-0.151141 0.030656 -0.617389 1.000000
-0.791740 0.185237 -0.091503 2.000000
0.855066 -0.085657 -0.005147 0.000000
-0.618352 0.148636 0.007872 2.000000
0.047519 -0.083314 -0.191306 1.000000
0.403193 0.024349 -0.068664 0.000000
-0.756468 0.190463 0.137158 2.000000
0.833555 -0.015968 -0.071840 0.000000
-0.025886 -0.085634 -0.029360 0.000000
0.155025 -0.055993 0.197950 1.000000
0.595591 0.064036 -0.030779 0.000000
0.239219 0.023291 0.064541 0.000000
0.050110 -0.060700 0.240880 1.000000
-0.512265 0.001353 0.047108 0.000000
0.093851 -0.038109 0.251039 1.000000
-0.438972 0.021534 -0.099026 0.000000
0.244693 -0.012950 0.073258 0.000000
0.224061 -0.051849 0.093485 1.000000
-0.477376 0.032210 0.041387 0.000000
-0.025751 -0.039190 0.323363 1.000000
0.038645 -0.048110 0.095467 1.000000
0.102590 -0.051285 0.285883 1.000000
0.118469 -0.040699 0.184120 1.000000
-0.062104 -0.032163 0.445352 1.000000
-0.297410 -0.054551 -0.056434 0.000000
-0.157177 0.065613 -0.005553 0.000000
-0.172628 0.062325 -0.021770 0.000000
-0.330948 0.048067 0.157565 3.000000
0.728121 0.045116 -0.056434 0.000000
-0.089493 -0.008873 -0.594776 1.000000
-0.362166 -0.055205 -0.047830 0.000000
0.147277 -0.003220 -0.075692 0.000000
0.269469 -0.072368 0.046072 0.000000
-0.360500 0.018831 0.085106 3.000000
-0.335904 0.030521 -0.081255 0.000000
-0.325971 0.065388 -0.149097 3.000000
0.758123 0.036062 -0.061186 0.000000
0.054479 -0.087143 0.123666 1.000000
-0.713470 0.193706 -0.074588 2.000000
-0.130644 -0.082526 -0.029180 0.000000
-0.007371 -0.058043 0.305321 1.000000
-0.307884 0.062144 0.006430 0.000000
-0.188102 0.057527 -0.035104 0.000000
0.000490 -0.056173 -0.063394 0.000000
-0.039445 -0.043470 -0.442379 1.000000
0.548516 0.048022 0.048842 0.000000
0.703030 -0.067750 0.048189 0.000000
-0.242227 0.014484 -0.071750 0.000000
0.563630 0.043900 0.052852 0.000000
-0.093232 -0.088675 0.000867 0.000000
0.598497 -0.020833 -0.075512 0.000000
-0.019759 -0.043447 -0.458394 1.000000
0.585568 -0.004729 0.072335 0.000000
-0.417327 0.055004 0.022467 0.000000
-0.464560 -0.042974 -0.042447 0.000000
-0.548866 0.063518 -0.013008 2.000000
-0.344530 0.024124 -0.061614 0.000000
-0.062284 -0.059529 0.056298 0.000000
0.361974 0.055613 0.036499 0.000000
-0.268242 0.003132 -0.073169 0.000000
0.540926 -0.088202 0.007579 0.000000
0.623160 -0.083157 -0.031432 0.000000
0.123357 -0.067210 0.174503 1.000000
0.084256 -0.071129 -0.057200 1.000000
0.612574 0.068947 -0.008008 0.000000
-0.794353 0.179358 -0.155651 2.000000
-0.366986 0.064059 0.144614 3.000000
-0.295879 0.010047 -0.101076 3.000000
0.045470 -0.061128 0.117720 1.000000
-0.322750 0.002524 -0.130785 3.000000
0.978496 -0.022185 -0.000417 0.000000
-0.770140 0.182940 0.076096 2.000000
0.164868 -0.070859 0.109003 1.000000
0.184397 -0.045429 -0.074318 1.000000
0.860696 -0.000584 0.055802 0.000000
-0.385704 -0.007004 -0.123893 3.000000
0.953968 -0.006688 -0.006859 0.000000
0.698120 -0.085139 -0.020846 0.000000
0.118537 -0.078832 -0.042582 0.000000
-0.536230 0.042233 -0.027784 0.000000
0.411842 -0.055002 -0.063551 0.000000
-0.221505 0.064397 -0.010643 0.000000
-0.513977 -0.024122 0.039608 0.000000
0.144529 -0.022275 0.071636 0.000000
0.150791 -0.043470 -0.129952 1.000000
-0.274954 0.026151 -0.066772 0.000000
-0.312862 0.060568 -0.018076 0.000000
-0.614838 0.101741 -0.013211 2.000000
-0.506206 0.075569 -0.001206 0.000000
-0.740499 0.181340 0.084745 2.000000
0.824073 0.013628 0.059068 0.000000
0.272780 0.032976 0.058573 0.000000
0.287015 0.023471 -0.068754 0.000000
0.371322 0.058293 -0.036951 0.000000
0.377606 -0.041398 -0.071930 0.000000
-0.320137 0.034891 -0.088733 3.000000
-0.812913 0.186003 -0.146732 2.000000
0.035154 -0.034595 0.403953 1.000000
0.619782 0.016624 0.068416 0.000000
0.123695 -0.089080 -0.021297 0.000000
0.084143 -0.043222 -0.331833 1.000000
-0.537154 0.016173 -0.043821 0.000000
-0.086137 -0.021689 0.569705 1.000000
0.369767 0.068226 -0.004246 0.000000
-0.036990 -0.039303 -0.496527 1.000000
0.295754 -0.029820 -0.074183 0.000000
0.024613 0.062865 0.015777 0.000000
-0.007732 0.036310 0.055645 0.000000
0.300709 -0.017995 -0.076390 0.000000
0.051213 -0.090882 -0.015170 0.000000
-0.358608 0.027908 -0.088575 3.000000
-0.591909 -0.007792 -0.031860 0.000000
0.101419 -0.083404 -0.112834 1.000000
-0.738742 0.192985 0.097269 2.000000
0.062543 -0.043312 -0.166170 1.000000
0.177459 -0.066039 0.141731 1.000000
0.083152 -0.067683 -0.199370 1.000000
-0.374487 0.028494 0.068078 0.000000
0.041978 -0.004886 -0.075894 0.000000
-0.422305 0.050815 0.027895 0.000000
-0.776604 0.188954 -0.172161 2.000000
0.170905 -0.044438 0.134275 1.000000
-0.659390 0.176520 0.009516 2.000000
-0.428724 0.054576 -0.117609 3.000000
0.090720 -0.037794 0.241736 1.000000
0.152706 -0.044168 0.062357 1.000000
0.902208 0.007592 -0.033167 0.000000
-0.020187 0.066176 -0.003976 0.000000
-0.035211 -0.040654 0.329737 1.000000
0.883018 -0.118339 -0.014157 0.000000
-0.578958 -0.025698 -0.023910 0.000000
0.217236 -0.047862 0.098012 1.000000
-0.577629 0.122733 -0.010463 2.000000
-0.389217 0.056559 0.128960 3.000000
-0.635538 0.034012 0.014133 0.000000
-0.672026 0.102530 0.000349 2.000000
-0.560781 0.050725 -0.001791 0.000000
-0.039851 0.019462 0.066501 0.000000
0.584757 -0.068336 0.048595 0.000000
-0.073411 -0.058290 -0.060758 0.000000
-0.275224 0.009011 -0.072043 0.000000
0.260369 -0.068651 0.051343 0.000000
-0.018903 -0.030203 0.418954 1.000000
-0.343179 0.011196 0.154276 3.000000
-0.025210 0.007772 0.069407 0.000000
0.018756 -0.044100 -0.247323 1.000000
-0.795051 0.189877 0.153465 2.000000
0.344203 -0.056015 0.058888 0.000000
0.117951 -0.046803 0.265702 1.000000
0.407044 0.039576 -0.059114 0.000000
-0.448005 0.022863 -0.054542 0.000000
0.666744 0.039058 -0.060466 0.000000
-0.308064 0.020250 -0.091211 3.000000
-0.363811 -0.001418 -0.105896 3.000000
-0.398835 0.036828 0.156281 3.000000
0.173810 -0.044709 -0.113307 1.000000
-0.025570 -0.083247 0.029810 0.000000
-0.175286 0.021016 0.066006 0.000000
-0.435414 0.027210 -0.073034 0.000000
0.017405 -0.046893 -0.203379 1.000000
0.502072 -0.073359 0.042310 0.000000
0.039951 -0.056083 -0.320165 1.000000
-0.468298 0.014597 0.121054 3.000000
-0.388970 0.015340 -0.144547 3.000000
0.755623 0.020002 -0.071007 0.000000
0.492184 0.046243 0.050824 0.000000
0.450943 -0.071467 -0.049632 0.000000
0.781796 -0.064417 -0.055015 0.000000
0.126150 -0.041375 -0.197568 1.000000
0.019973 -0.055858 0.142226 1.000000
0.343550 0.028629 -0.065736 0.000000
0.484211 0.065636 0.015822 0.000000
0.171153 0.065073 -0.013301 0.000000
0.441416 0.048405 0.047356 0.000000
0.186559 0.066627 0.002353 0.000000
-0.297703 -0.069057 0.033819 0.000000
0.399161 -0.087008 0.017827 0.000000
0.358956 -0.063313 -0.058461 0.000000
-0.106949 -0.020113 0.584368 1.000000
-0.062397 -0.023063 0.564390 1.000000
0.182842 0.063068 0.019021 0.000000
0.881914 -0.054934 0.047401 0.000000
-0.330092 -0.045204 -0.059317 0.000000
0.026077 -0.063786 -0.135290 1.000000
0.082702 -0.040519 -0.195248 1.000000
0.183090 -0.071129 -0.100918 1.000000
0.045943 -0.038154 0.264080 1.000000
0.637373 0.004191 -0.074881 0.000000
-0.045211 -0.029843 0.546055 1.000000
-0.007529 -0.027162 0.070578 0.000000
-0.556051 0.109805 0.002894 2.000000
-0.013317 -0.062773 0.364108 1.000000
-0.160263 -0.067998 -0.050285 0.000000
-0.043342 -0.037456 0.505242 1.000000
0.089594 -0.131898 -0.124861 1.000000
0.220975 -0.062795 -0.097134 1.000000
0.824568 -0.004436 -0.069813 0.000000
0.169306 -0.078044 0.028841 1.000000
-0.222879 -0.047929 0.060780 0.000000
-0.004443 -0.043312 -0.448483 1.000000
0.328008 0.004889 0.070240 0.000000
0.928651 -0.075476 -0.016702 0.000000
0.584577 0.054194 0.040464 0.000000
0.553922 -0.041060 -0.071750 0.000000
0.531241 0.039373 0.055577 0.000000
-0.357211 0.062099 0.095039 3.000000
-0.088006 -0.029820 0.575900 1.000000
0.033892 -0.092819 -0.000147 0.000000
-0.399871 0.064870 0.111661 3.000000
0.519235 -0.086287 0.017287 0.000000
0.090585 0.036467 -0.059812 0.000000
-0.399916 -0.069079 0.004516 0.000000
0.471462 0.060523 0.030553 0.000000
0.131668 -0.074305 -0.063844 1.000000
-0.342638 0.073451 0.118103 3.000000
-0.335431 -0.054619 0.048189 0.000000
-0.339327 0.034801 0.083079 3.000000
-0.341580 -0.000382 -0.149660 3.000000
-0.102332 -0.087932 -0.007017 0.000000
0.761096 0.064554 0.015102 0.000000
0.903987 -0.079057 0.013615 0.000000
0.269739 0.040296 -0.058101 0.000000
-0.004781 -0.041848 -0.071930 0.000000
-0.444626 0.032526 -0.089476 0.000000
0.150115 -0.072458 -0.107518 1.000000
0.747987 -0.004549 0.072200 0.000000
0.647846 0.068158 -0.012873 0.000000
-0.463794 0.033404 -0.099680 0.000000
-0.274031 0.051130 -0.042221 0.000000
0.565905 0.047864 -0.053348 0.000000
0.150904 -0.043560 -0.102202 1.000000
0.524101 -0.082931 -0.032739 0.000000
0.958382 -0.072323 -0.005260 0.000000
0.131173 -0.061309 0.056546 1.000000
-0.753698 0.186070 0.020350 2.000000
-0.827058 0.182624 0.171665 2.000000
-0.271530 -0.034528 0.066366 0.000000
0.124731 -0.054191 -0.252864 1.000000
-0.363383 0.011961 0.060352 0.000000
0.723729 0.008087 -0.074115 0.000000
-0.609320 0.071672 0.008232 2.000000
0.057069 -0.049641 0.353972 1.000000
-0.049108 -0.042479 0.422985 1.000000
0.748145 -0.072097 0.041410 0.000000
0.844367 0.043292 0.026837 0.000000
-0.182156 -0.075679 0.034022 0.000000
0.798553 -0.067210 0.047288 0.000000
-0.226911 -0.078359 -0.031545 0.000000
0.422428 0.041423 -0.057988 0.000000
0.717445 0.047504 0.050712 0.000000
0.048488 -0.046555 -0.118307 1.000000
0.128605 -0.075206 0.036792 1.000000
-0.397664 0.033359 -0.087269 0.000000
0.324405 0.010858 -0.073282 0.000000
-0.127603 -0.044190 0.065060 0.000000
0.017135 0.047256 0.045464 0.000000
-0.324394 0.072866 0.126437 3.000000
0.210547 -0.060588 0.109882 1.000000
-0.459357 0.020971 0.136730 3.000000
-0.004488 -0.047254 -0.420148 1.000000
0.722040 0.050973 -0.049609 0.000000
-0.010254 -0.050092 -0.355663 1.000000
-0.223127 0.059284 -0.032266 0.000000
0.940296 -0.073764 -0.015846 0.000000
0.090427 -0.073809 0.117765 1.000000
0.792134 0.015272 0.063663 0.000000
0.788643 0.057437 0.029607 0.000000
-0.797799 0.187422 -0.110446 2.000000
-0.563664 -0.015518 -0.035464 0.000000
-0.073974 -0.025113 -0.527745 1.000000
0.285506 0.064329 0.016115 0.000000
-0.585873 0.062212 -0.013188 2.000000
0.057452 -0.038289 -0.072876 0.000000
0.331950 -0.052817 -0.065241 0.000000
-0.419670 0.008448 -0.125379 3.000000
0.032654 -0.048110 -0.120965 1.000000
-0.665382 0.025543 -0.003818 0.000000
0.269424 0.022052 -0.069588 0.000000
0.471981 0.039373 0.055329 0.000000
0.457250 -0.089103 -0.010193 0.000000
-0.621235 -0.022297 0.001768 0.000000
-0.425368 -0.060318 0.025057 0.000000
-0.552875 -0.037568 0.014268 0.000000
-0.790366 0.190418 -0.135335 2.000000
-0.816224 0.178120 -0.201082 2.000000
0.754114 -0.068088 -0.051028 0.000000
0.063646 0.058360 -0.034158 0.000000
0.318233 -0.082436 -0.035464 0.000000
0.081936 0.044779 -0.053438 0.000000
0.091283 -0.074733 -0.113216 1.000000
-0.790231 0.190575 -0.121212 2.000000
-0.441833 0.065928 0.003479 0.000000
-0.043184 -0.038650 0.352396 1.000000
0.713638 -0.044844 -0.068664 0.000000
0.047835 -0.065115 0.128374 1.000000
0.451439 0.054824 0.038391 0.000000
-0.691982 0.152487 0.000844 2.000000
-0.036067 -0.033694 -0.403999 1.000000
-0.652318 0.200779 -0.000890 2.000000
0.247756 -0.058741 0.059361 1.000000
-0.146568 0.008808 0.597297 0.000000
-0.061271 0.030634 0.059271 0.000000
-0.461496 0.016444 -0.117158 3.000000
-0.768699 0.189066 -0.033482 2.000000
-0.389037 0.024890 -0.106279 3.000000
0.776683 -0.087076 -0.006769 0.000000
0.998430 -0.055993 0.001790 0.000000
-0.747391 0.194089 -0.076367 2.000000
0.278141 -0.085341 0.027625 0.000000
0.047925 -0.062953 -0.153174 1.000000
0.020446 -0.054484 -0.320863 1.000000
-0.312704 0.046828 -0.046816 0.000000
-0.323560 0.067415 -0.107225 3.000000
-0.076677 -0.034956 -0.451051 1.000000
-0.292095 0.059644 0.107562 3.000000
-0.378271 0.013966 0.067042 0.000000
-0.751716 0.174426 0.000033 2.000000
-0.634231 -0.016103 -0.005350 0.000000
-0.110102 -0.029505 -0.564031 1.000000
-0.379397 0.008538 -0.096053 3.000000
0.014364 -0.092346 -0.000755 0.000000
-0.332277 0.060928 0.011115 0.000000
-0.014759 -0.040406 -0.307124 1.000000
0.037541 -0.044889 -0.173603 1.000000
-0.485709 -0.037591 -0.041501 0.000000
0.765263 0.048427 0.046117 0.000000
-0.383541 0.059509 0.011385 0.000000
-0.693041 0.179021 0.007399 2.000000
-0.245786 -0.083134 -0.003435 0.000000
-0.777077 0.191521 0.115580 2.000000
0.505811 -0.032974 -0.073349 0.000000
0.053038 -0.034888 -0.327778 1.000000
-0.722908 0.193976 0.073731 2.000000
-0.389172 0.049283 -0.117991 3.000000
-0.142446 0.032526 -0.621083 1.000000
-0.633533 0.011578 0.019697 0.000000
0.571378 -0.086693 0.013660 0.000000
-0.644457 0.019372 0.016768 0.000000
-0.436923 0.013538 -0.058348 0.000000
-0.119540 -0.025383 -0.584347 1.000000
0.887455 0.010227 0.037490 0.000000
-0.388902 0.004551 -0.120852 3.000000
-0.758383 0.190170 -0.010170 2.000000
-0.294685 0.057797 -0.149322 3.000000
-0.540285 0.022007 0.038144 0.000000
0.033082 -0.059754 -0.147295 1.000000
0.627327 0.056063 0.038189 0.000000
-0.344530 0.016196 0.062740 0.000000
-0.744958 0.181701 -0.074994 2.000000
0.259581 -0.069057 -0.054992 0.000000
-0.722772 0.183548 -0.118577 2.000000
-0.310767 -0.010225 -0.073912 0.000000
0.098536 -0.060025 -0.256355 1.000000
-0.125464 0.019957 -0.611083 1.000000
-0.078907 0.030161 -0.064115 0.000000
0.032609 -0.037501 0.419607 1.000000
0.088062 -0.080138 -0.129591 1.000000
0.242891 -0.042704 -0.071840 1.000000
0.543178 -0.069237 -0.051862 0.000000
0.094954 -0.067863 -0.145425 1.000000
-0.415998 0.052684 -0.140921 3.000000
0.718414 -0.075273 -0.041546 0.000000
-0.212946 0.065073 0.003705 0.000000
0.079323 0.041513 0.052446 0.000000
-0.512333 0.050792 0.015079 0.000000
0.431798 0.002164 0.070871 0.000000
0.064998 -0.046983 0.085466 1.000000
0.049569 -0.073764 0.193378 1.000000
-0.136973 -0.013513 0.585878 0.000000
0.019410 -0.031645 -0.424923 1.000000
0.083783 -0.037411 -0.309399 1.000000
