-0.650238 0.238240 -0.003981 2.000000
0.597744 -0.004904 -0.091536 0.000000
-0.170980 0.048671 0.124983 3.000000
-0.623513 0.294832 -0.008294 2.000000
0.013005 -0.084008 0.241880 1.000000
-0.634806 0.289796 0.194189 2.000000
-0.545755 0.299394 0.009182 2.000000
0.840938 0.023541 -0.052595 0.000000
-0.043362 -0.076429 -0.111206 1.000000
0.574434 -0.031480 0.092299 0.000000
-0.529501 0.179580 0.014417 2.000000
-0.008360 -0.082163 0.258708 1.000000
-0.517983 0.094592 0.012622 2.000000
0.184775 -0.049853 -0.188515 1.000000
-0.185289 0.021647 -0.116118 3.000000
-0.657966 0.287428 0.159611 2.000000
0.225561 0.032616 0.078712 0.000000
-0.044309 -0.077401 -0.193800 1.000000
-0.109776 -0.002660 0.132736 3.000000
-0.048971 -0.077227 -0.756450 1.000000
0.036016 -0.084756 -0.371752 1.000000
-0.576993 0.123885 -0.006250 2.000000
-0.135354 -0.024574 0.163151 3.000000
0.050226 -0.163759 -0.149399 1.000000
-0.229840 0.119647 -0.020984 0.000000
-0.177461 0.003996 -0.172759 3.000000
0.195071 -0.085578 0.159735 1.000000
-0.157567 -0.076279 -0.728329 1.000000
-0.012897 -0.072016 0.307148 1.000000
0.098391 -0.089044 -0.129231 1.000000
-0.188181 -0.004829 -0.175925 3.000000
-0.465231 -0.019538 0.003797 0.000000
-0.041841 -0.074783 0.069413 0.000000
0.630801 -0.114547 0.019503 0.000000
0.669817 0.066920 -0.020809 0.000000
0.279609 0.024514 0.082726 0.000000
0.147953 -0.086301 -0.238600 1.000000
-0.269254 0.027430 -0.084705 3.000000
-0.448154 0.093770 0.021398 2.000000
-0.272445 0.014915 -0.142618 3.000000
-0.102770 -0.068077 0.073826 0.000000
0.257446 0.068191 0.035383 0.000000
0.176049 -0.087074 -0.155831 1.000000
-0.097286 -0.079670 0.561984 1.000000
0.106843 -0.087797 -0.253957 1.000000
-0.003299 -0.081515 -0.125940 1.000000
0.374668 -0.068252 0.079410 0.000000
-0.187583 0.031095 -0.132821 3.000000
-0.133634 -0.078324 -0.648403 1.000000
-0.566049 0.183169 -0.011136 2.000000
0.821368 0.007212 -0.072066 0.000000
-0.123562 -0.052371 -0.083908 0.000000
0.653064 -0.116317 0.008708 0.000000
0.725885 0.055253 0.044433 0.000000
0.313938 -0.068601 0.095266 1.000000
-0.427462 0.067493 0.029126 0.000000
0.732242 -0.054066 0.086465 0.000000
-0.128748 -0.071767 0.725327 1.000000
0.101657 0.054181 -0.062393 0.000000
0.774698 -0.001339 0.083549 0.000000
-0.007288 -0.070246 0.263545 1.000000
0.018989 -0.165056 0.142658 1.000000
-0.037129 -0.070321 0.722360 1.000000
0.062966 -0.078747 0.533938 1.000000
-0.006415 0.073003 -0.034122 0.000000
0.386734 -0.109337 0.025985 0.000000
0.591736 0.035308 0.072255 0.000000
-0.499784 0.057272 -0.028737 0.000000
0.084605 -0.061595 -0.436645 1.000000
-0.249111 0.071108 -0.041925 0.000000
0.015349 -0.063041 -0.403937 1.000000
0.576703 -0.050327 0.088834 0.000000
0.030756 -0.060648 0.145176 1.000000
-0.516388 0.039945 -0.020261 0.000000
-0.248463 0.029126 0.161680 3.000000
-0.168811 -0.018042 0.092523 0.000000
0.149349 0.032491 -0.080143 0.000000
0.305786 -0.043346 0.089981 0.000000
-0.217948 0.061734 -0.004754 0.000000
-0.232183 0.000182 0.155597 3.000000
-0.248288 -0.078324 0.052186 0.000000
-0.155747 0.043461 0.119274 3.000000
0.007995 -0.082736 -0.560972 1.000000
0.054090 -0.059102 -0.237204 1.000000
-0.018033 0.004819 0.091078 0.000000
-0.137324 -0.079171 0.718820 1.000000
0.800576 0.059316 0.003248 0.000000
-0.452167 0.015015 -0.021981 0.000000
-0.138520 0.072754 0.039273 0.000000
0.012731 -0.063889 0.388994 1.000000
-0.143930 -0.078573 0.710170 1.000000
-0.084846 -0.068975 0.773767 1.000000
0.797260 -0.168721 -0.006450 0.000000
-0.269005 0.119049 0.036829 2.000000
-0.268905 0.148492 0.031843 2.000000
0.049154 -0.060324 -0.358240 1.000000
0.001288 -0.076778 -0.068825 0.000000
-0.034437 -0.065759 0.523766 1.000000
0.010637 -0.087149 -0.057158 0.000000
-0.159985 -0.073537 -0.801649 1.000000
-0.022071 -0.075232 -0.069722 0.000000
-0.351125 0.020724 0.027854 0.000000
0.020809 -0.190111 0.157866 1.000000
-0.019404 0.029948 0.082402 0.000000
0.074633 -0.058728 -0.303493 1.000000
-0.017360 -0.066731 -0.426723 1.000000
0.005651 -0.085179 -0.471697 1.000000
0.133269 0.048048 0.067967 0.000000
-0.050916 -0.079720 0.353842 1.000000
0.007521 -0.187917 -0.157477 1.000000
-0.435713 0.145849 0.023118 2.000000
0.270211 0.065599 0.041117 0.000000
-0.606461 0.287303 -0.122300 2.000000
-0.610823 0.300267 0.162652 2.000000
0.013828 -0.027616 0.091651 0.000000
-0.159935 0.030621 -0.107940 3.000000
-0.594569 0.299220 -0.034745 2.000000
-0.521648 0.047449 0.027904 0.000000
-0.105538 -0.080667 -0.778763 1.000000
0.234685 -0.055737 -0.181435 1.000000
0.035343 -0.056859 -0.083060 0.000000
0.053143 0.044632 0.071557 0.000000
-0.053434 0.019951 -0.087198 0.000000
-0.212862 -0.004356 -0.091412 0.000000
-0.557473 0.007686 -0.016671 0.000000
0.175700 -0.089991 0.068815 1.000000
-0.383784 0.025461 -0.062443 0.000000
-0.575323 0.085468 -0.002261 2.000000
-0.507687 0.048771 0.030971 0.000000
0.042672 0.057696 -0.059052 0.000000
0.814836 -0.022530 0.081529 0.000000
-0.008883 -0.083733 0.364861 1.000000
0.026069 -0.062717 -0.521857 1.000000
-0.512872 -0.012234 -0.016995 0.000000
-0.047824 -0.083758 -0.372500 1.000000
-0.224505 -0.099988 0.008558 0.000000
-0.159711 -0.004879 -0.182158 3.000000
-0.150138 0.050341 -0.125092 3.000000
0.499718 -0.016896 0.092872 0.000000
0.767120 -0.047011 -0.086077 0.000000
0.120804 -0.054565 -0.268167 1.000000
-0.451544 0.244448 0.003921 2.000000
0.021781 -0.107243 0.002650 0.000000
-0.113889 -0.024998 0.159785 3.000000
-0.670008 0.287278 -0.041900 2.000000
-0.431351 0.104889 -0.024025 2.000000
-0.023891 -0.066581 -0.076354 0.000000
-0.427985 0.191721 -0.013729 2.000000
-0.174794 0.080931 0.014143 0.000000
-0.366532 0.159785 -0.021383 2.000000
-0.076718 -0.069473 0.774066 1.000000
-0.112992 -0.069623 0.808719 1.000000
0.937817 -0.015425 -0.023203 0.000000
0.351383 0.074399 -0.001812 0.000000
0.757920 -0.113924 0.020375 0.000000
-0.609053 0.298821 0.033838 2.000000
0.384865 0.070784 -0.024748 0.000000
-0.137822 -0.072241 -0.070645 0.000000
0.444049 -0.002261 -0.091486 0.000000
0.039008 -0.086077 0.307322 1.000000
-0.120371 0.079111 -0.022081 0.000000
0.107790 -0.085055 0.347310 1.000000
-0.665246 0.296851 -0.104724 2.000000
-0.242504 -0.097620 -0.001613 0.000000
-0.261925 0.024090 -0.080991 0.000000
-0.524764 0.127700 0.013495 2.000000
0.092682 -0.059825 0.396398 1.000000
-0.676041 0.288026 -0.163610 2.000000
0.683504 0.061660 -0.035069 0.000000
-0.147745 0.060164 0.156769 3.000000
-0.269254 0.016037 0.013694 0.000000
0.133518 -0.063864 -0.384317 1.000000
0.306459 0.065000 0.041242 0.000000
0.663385 -0.069249 -0.081988 0.000000
-0.705533 0.299444 -0.254779 2.000000
-0.125881 -0.071717 -0.827302 1.000000
-0.274240 0.022394 0.135553 3.000000
0.279235 0.060937 -0.050003 0.000000
0.064810 -0.085379 0.406445 1.000000
-0.373238 0.018082 0.027780 0.000000
0.089940 -0.057906 0.331854 1.000000
0.434900 -0.083659 -0.068750 0.000000
0.546761 -0.109137 -0.032925 0.000000
0.034371 -0.062792 0.519104 1.000000
0.003856 -0.160419 0.146148 1.000000
0.790105 0.049743 -0.041651 0.000000
0.261061 -0.087498 0.063330 1.000000
-0.015290 -0.081465 0.250855 1.000000
-0.076693 -0.081490 -0.544219 1.000000
-0.682273 0.290095 -0.016347 2.000000
-0.113241 -0.070122 0.711715 1.000000
0.230771 -0.081465 0.171153 1.000000
-0.002850 0.056574 0.060987 0.000000
-0.689004 0.296303 -0.158449 2.000000
-0.176290 0.023392 -0.187941 3.000000
-0.093820 -0.081689 0.699599 1.000000
-0.106834 -0.008693 -0.121328 3.000000
-0.161207 0.081429 0.008883 0.000000
-0.289672 0.017309 -0.080467 0.000000
-0.527432 0.248586 0.011600 2.000000
0.006848 -0.078423 -0.642469 1.000000
0.079445 -0.055712 0.238465 1.000000
-0.126753 -0.020485 -0.092733 0.000000
-0.530698 -0.013954 0.010553 0.000000
-0.197505 0.013719 -0.124020 3.000000
-0.048996 -0.082213 -0.470825 1.000000
0.051224 -0.060872 -0.450905 1.000000
-0.248188 0.154525 0.028029 2.000000
0.192154 -0.086077 0.151483 1.000000
0.671762 -0.069822 -0.081814 0.000000
0.084381 -0.084706 -0.392544 1.000000
0.229649 -0.088096 -0.060374 0.000000
-0.090305 0.048048 -0.139702 3.000000
-0.288850 -0.083235 0.027007 0.000000
-0.265615 0.066122 0.031170 0.000000
0.058777 -0.069797 0.549719 1.000000
-0.193865 0.011251 0.089806 0.000000
0.655507 0.058294 0.044234 0.000000
0.137158 -0.089143 -0.138704 1.000000
0.376289 0.056624 0.053209 0.000000
-0.210943 0.068166 -0.009665 0.000000
0.322738 -0.085279 0.065524 0.000000
0.748222 -0.098991 0.052386 0.000000
0.557506 -0.057258 0.085842 0.000000
-0.025312 -0.073038 0.070934 0.000000
-0.218746 0.149040 -0.032452 2.000000
-0.425143 -0.030133 -0.041975 0.000000
0.137083 -0.046637 0.127800 1.000000
-0.242031 0.035109 0.152730 3.000000
0.077400 -0.106071 0.018157 0.000000
-0.473857 0.101548 0.018481 2.000000
-0.478918 0.076069 -0.004355 0.000000
0.830268 -0.110459 -0.017319 0.000000
0.044044 -0.083883 0.089083 0.000000
-0.503125 0.035308 -0.027191 0.000000
-0.050417 0.064078 -0.052595 0.000000
-0.032592 0.079634 0.007287 0.000000
-0.184093 0.002475 0.177211 3.000000
-0.163251 0.030671 0.115509 3.000000
-0.064926 -0.074659 0.439976 1.000000
-0.223856 0.062482 0.055502 0.000000
0.146881 -0.046288 -0.134915 1.000000
-0.097610 -0.069498 -0.667399 1.000000
0.658274 -0.103279 -0.049305 0.000000
-0.496369 0.289148 -0.004779 2.000000
-0.656271 0.296752 -0.080218 2.000000
-0.292115 0.035333 -0.073088 0.000000
0.716785 0.055901 0.044608 0.000000
-0.011326 -0.082113 0.282342 1.000000
-0.107557 0.001304 0.173497 3.000000
0.504879 0.058419 -0.048681 0.000000
-0.117230 -0.071742 0.826120 1.000000
0.671712 -0.083484 -0.071717 0.000000
0.605771 -0.015300 -0.092883 0.000000
0.650446 -0.028164 0.092897 0.000000
0.617090 0.062707 -0.035518 0.000000
-0.184816 0.019702 0.118202 3.000000
0.232740 0.075346 -0.008718 0.000000
0.249319 -0.087498 -0.069373 1.000000
0.710179 -0.004256 0.090230 0.000000
-0.037653 -0.080667 -0.683105 1.000000
-0.216402 0.016735 -0.127760 3.000000
-0.146847 -0.076927 -0.680986 1.000000
-0.267459 -0.090465 0.018107 0.000000
-0.033140 -0.064861 0.609551 1.000000
0.161016 -0.075731 -0.361107 1.000000
0.475137 -0.045067 -0.090739 0.000000
0.229350 0.068540 -0.035992 0.000000
0.029808 -0.097395 -0.151419 1.000000
-0.131490 -0.096597 0.037178 0.000000
0.977580 -0.077999 -0.012508 0.000000
0.110582 -0.089742 -0.108963 1.000000
-0.350377 0.010528 0.070336 0.000000
-0.078812 -0.078473 0.424045 1.000000
0.156828 -0.083684 -0.291851 1.000000
-0.071209 -0.069349 0.565175 1.000000
-0.133709 -0.078398 0.654052 1.000000
0.156604 0.051488 0.064352 0.000000
-0.114637 -0.079346 0.624759 1.000000
0.166925 -0.084132 -0.258793 1.000000
-0.585868 0.299893 -0.113624 2.000000
0.353602 0.045530 0.067269 0.000000
0.014252 -0.171612 0.153253 1.000000
-0.122665 0.078762 0.024165 0.000000
0.274474 -0.059626 -0.136610 1.000000
0.183154 -0.083285 0.241457 1.000000
-0.336391 -0.048756 -0.057133 0.000000
0.025421 -0.064338 0.324574 1.000000
0.057132 -0.153089 -0.126189 1.000000
0.830168 0.018929 -0.060324 0.000000
-0.043013 -0.068825 0.715953 1.000000
-0.403778 -0.049155 0.031345 0.000000
0.795091 -0.108240 -0.033175 0.000000
0.482616 0.001004 0.090554 0.000000
0.802122 -0.109860 -0.028089 0.000000
0.084131 -0.062393 -0.448338 1.000000
0.192578 -0.109561 0.005367 0.000000
-0.000631 -0.063739 -0.567404 1.000000
0.998721 -0.050551 0.000581 0.000000
0.842209 -0.053717 -0.073711 0.000000
0.048556 -0.132871 -0.139726 1.000000
-0.080657 0.050092 -0.142918 3.000000
-0.061960 -0.082412 -0.566956 1.000000
0.704620 -0.115096 -0.019638 0.000000
-0.245770 0.115683 -0.011934 0.000000
-0.271772 0.092623 -0.015150 0.000000
0.005452 -0.065908 -0.127486 1.000000
-0.348084 -0.015724 0.023143 0.000000
0.344054 0.063479 -0.043895 0.000000
-0.142758 -0.007946 -0.182332 3.000000
-0.646025 0.301040 -0.209830 2.000000
0.004803 -0.084506 0.505517 1.000000
-0.107806 -0.069174 0.735249 1.000000
-0.355638 0.110149 0.030522 2.000000
0.139152 -0.086775 -0.241566 1.000000
-0.341502 0.115434 0.031818 2.000000
0.221946 -0.055961 0.199948 1.000000
0.108089 -0.058080 0.333624 1.000000
-0.003723 -0.084880 0.461216 1.000000
0.127261 -0.080667 0.394603 1.000000
-0.603967 0.202017 -0.007721 2.000000
0.111231 -0.089767 0.104789 1.000000
0.267244 -0.086401 0.069488 1.000000
0.027889 -0.163012 -0.146582 1.000000
-0.021473 -0.080293 -0.185872 1.000000
-0.549669 0.195560 -0.012956 2.000000
0.249543 -0.077451 0.175790 1.000000
-0.013695 -0.084132 0.438704 1.000000
-0.018132 -0.065435 -0.467783 1.000000
-0.092624 -0.010214 0.093222 0.000000
0.061869 -0.157976 0.136999 3.000000
-0.008235 -0.065310 -0.431584 1.000000
0.157601 -0.050950 -0.211226 1.000000
-0.542315 0.107282 -0.010538 2.000000
0.169368 -0.061022 -0.082212 0.000000
0.328273 0.061186 -0.048656 0.000000
0.029908 -0.060648 0.134182 1.000000
-0.134058 0.123362 0.031370 0.000000
-0.653778 0.298173 -0.112029 2.000000
-0.350676 0.052934 -0.053867 0.000000
-0.565201 0.193889 -0.011660 2.000000
0.346023 0.001229 -0.091237 0.000000
0.703273 -0.111805 0.030397 0.000000
-0.553733 0.201094 0.012248 2.000000
-0.310913 -0.000417 -0.025272 0.000000
0.134241 -0.037762 -0.090988 0.000000
-0.195187 0.008035 -0.181061 3.000000
-0.031271 -0.071867 -0.372226 1.000000
-0.464109 0.023417 -0.005153 0.000000
0.346996 -0.015225 -0.093406 0.000000
-0.359178 0.034760 0.007736 0.000000
-0.240909 0.028926 0.112094 3.000000
0.083757 -0.063789 0.464457 1.000000
-0.707179 0.295455 0.193042 2.000000
-0.386726 0.075546 -0.019064 0.000000
-0.003673 0.019702 0.086540 0.000000
-0.036606 -0.078673 0.158115 1.000000
-0.132811 -0.021508 -0.132646 3.000000
-0.020052 -0.079819 -0.112926 1.000000
-0.488715 0.267234 -0.007696 2.000000
-0.089557 -0.103354 0.019054 0.000000
0.943626 -0.013231 0.002276 0.000000
-0.109377 0.051663 0.126204 3.000000
0.527391 -0.017843 0.092947 0.000000
-0.470092 0.028777 -0.001389 0.000000
-0.571134 0.009805 -0.012308 0.000000
-0.214782 -0.090714 0.042788 0.000000
-0.095491 -0.088794 0.052436 0.000000
-0.353219 0.069637 0.035034 0.000000
0.282900 0.073726 -0.015050 0.000000
-0.250906 0.106384 0.019278 0.000000
0.164132 0.076717 -0.006375 0.000000
-0.232034 -0.089542 -0.040878 0.000000
0.619408 -0.095750 0.057895 0.000000
0.910767 -0.096722 -0.021009 0.000000
-0.509058 0.139442 -0.016122 2.000000
0.014975 -0.085080 -0.469977 1.000000
0.804565 0.032267 0.059815 0.000000
0.330567 0.018605 -0.085279 0.000000
-0.266063 0.030597 -0.141571 3.000000
0.046287 -0.040305 -0.089991 0.000000
0.166002 -0.044244 0.116905 1.000000
-0.175592 0.030871 -0.109710 3.000000
-0.563905 0.299469 0.077391 2.000000
0.081264 -0.088196 0.067169 1.000000
0.191207 0.072355 -0.028263 0.000000
0.099065 -0.089044 -0.108190 1.000000
0.006499 -0.080792 -0.607318 1.000000
-0.024764 0.065324 0.050042 0.000000
-0.231809 0.020799 0.142060 3.000000
0.799429 0.006140 0.077740 0.000000
-0.151534 -0.052296 -0.083733 0.000000
0.845949 0.020674 0.052610 0.000000
-0.536781 0.170954 0.013545 2.000000
-0.252601 0.167414 -0.000042 2.000000
0.068774 -0.151967 0.146148 1.000000
0.471447 -0.113425 0.009007 0.000000
-0.139792 0.111196 0.027830 0.000000
0.256200 -0.081265 -0.117937 1.000000
-0.366956 -0.019413 0.063704 0.000000
0.032102 -0.060573 -0.158748 1.000000
-0.184566 -0.075756 0.841527 1.000000
-0.553658 0.202740 -0.012682 2.000000
-0.087339 -0.003109 0.132836 3.000000
0.605971 -0.074459 0.077416 0.000000
0.253208 0.033763 0.077491 0.000000
0.172160 -0.080293 0.316546 1.000000
0.867912 0.033837 0.022569 0.000000
-0.016811 -0.071567 -0.213595 1.000000
-0.045905 -0.026469 -0.092110 0.000000
0.589193 -0.005228 0.091152 0.000000
-0.682672 0.293909 0.098606 2.000000
0.650521 0.067743 0.016561 0.000000
-0.156645 -0.074609 -0.761012 1.000000
-0.163700 -0.036865 -0.090065 0.000000
0.917648 -0.046887 0.053483 0.000000
-0.137847 0.060139 -0.160369 3.000000
-0.157841 0.054081 -0.171986 3.000000
0.727331 0.005317 0.086166 0.000000
0.311570 0.048297 0.065374 0.000000
-0.085569 -0.068900 -0.772655 1.000000
-0.108754 -0.075656 -0.572640 1.000000
-0.562633 0.072654 -0.000566 0.000000
-0.167938 -0.082088 -0.060124 0.000000
-0.326170 -0.009018 -0.075431 0.000000
0.473342 -0.088296 0.064676 0.000000
-0.039373 -0.078623 0.180577 1.000000
0.337048 0.057247 0.053184 0.000000
-0.186985 0.085792 -0.017120 0.000000
-0.145077 -0.072639 0.833100 1.000000
-0.532517 0.292139 -0.032801 2.000000
0.107267 -0.081764 -0.414557 1.000000
0.080367 -0.064363 0.476748 1.000000
-0.562010 0.060662 0.011550 0.000000
-0.256739 -0.091836 -0.023252 0.000000
-0.497840 0.006614 -0.024449 0.000000
-0.364139 0.077066 0.017309 0.000000
-0.183096 -0.025222 0.091302 0.000000
-0.217075 -0.000666 -0.144289 3.000000
0.010986 -0.084107 -0.377087 1.000000
-0.133011 0.096163 0.005542 0.000000
-0.148966 -0.101833 0.023641 0.000000
-0.174146 0.102919 0.027580 0.000000
-0.475577 0.037851 -0.040828 0.000000
-0.448752 0.029923 0.047849 0.000000
0.093480 -0.058105 0.342125 1.000000
0.066880 -0.172784 -0.137383 1.000000
0.055561 -0.098243 0.040270 0.000000
-0.172774 0.058643 -0.148527 3.000000
-0.633360 0.284386 -0.017818 2.000000
0.095250 -0.105647 0.023591 0.000000
0.339915 -0.094129 -0.054764 0.000000
-0.142260 0.059117 0.060513 0.000000
-0.100477 -0.070421 -0.651818 1.000000
-0.394803 0.126852 -0.027341 2.000000
-0.135903 0.163300 0.012148 2.000000
-0.376704 0.160508 -0.022156 2.000000
-0.207353 0.068964 0.002002 0.000000
0.850511 -0.028712 0.073851 0.000000
0.581763 -0.068800 -0.081664 0.000000
0.018266 -0.066831 -0.600811 1.000000
-0.045506 -0.078074 -0.067279 0.000000
0.006573 -0.084431 0.335493 1.000000
-0.001529 0.038599 0.076842 0.000000
-0.166941 0.014217 -0.174554 3.000000
-0.042290 -0.076404 0.133758 1.000000
-0.085145 -0.068725 -0.640350 1.000000
0.657826 -0.095949 -0.058853 0.000000
-0.239438 0.111221 0.022794 0.000000
0.227181 -0.042274 0.089906 0.000000
-0.285060 0.158389 0.023342 2.000000
-0.446857 0.125207 -0.022554 2.000000
-0.614538 0.174893 0.003672 2.000000
0.058154 -0.055812 -0.122923 1.000000
0.336450 -0.026618 0.092449 0.000000
0.154385 -0.077850 -0.367240 1.000000
0.188265 -0.078747 0.296702 1.000000
0.643241 0.057945 0.045580 0.000000
0.387432 0.004470 -0.090714 0.000000
-0.132388 -0.071268 -0.755378 1.000000
-0.020102 -0.080891 0.236321 1.000000
-0.171104 0.041591 0.182546 3.000000
-0.146997 0.098606 -0.016696 0.000000
-0.688705 0.300740 -0.248472 2.000000
-0.692943 0.289721 0.075895 2.000000
0.088145 -0.059352 0.383758 1.000000
0.213594 -0.084681 -0.141222 1.000000
0.667075 0.032541 0.073477 0.000000
0.050451 -0.153887 0.176164 1.000000
0.078073 -0.173582 0.156120 1.000000
-0.240011 0.044956 0.013320 0.000000
0.645709 0.047873 0.059117 0.000000
0.863325 -0.108165 -0.004256 0.000000
0.830043 -0.121253 0.012423 0.000000
-0.177362 0.034336 -0.130353 3.000000
0.044393 -0.086127 0.232856 1.000000
-0.004346 -0.087972 -0.155906 1.000000
0.601259 -0.108065 0.037104 0.000000
0.249593 -0.107467 0.025312 0.000000
0.131449 -0.051200 0.218022 1.000000
-0.048024 -0.082961 -0.621702 1.000000
-0.042664 -0.101883 -0.028214 0.000000
-0.084746 -0.081739 0.707976 1.000000
-0.620122 0.299195 0.068964 2.000000
-0.500906 0.028328 0.006739 0.000000
-0.086616 -0.080393 -0.550651 1.000000
0.046213 0.038101 -0.077077 0.000000
0.140524 -0.089093 0.137099 1.000000
0.642394 0.066945 0.023542 0.000000
0.212547 -0.086526 0.100451 1.000000
-0.484352 0.039048 -0.038834 0.000000
-0.198054 0.055502 0.148218 3.000000
0.292648 -0.079944 0.089083 1.000000
0.141371 0.066022 0.044957 0.000000
0.042473 -0.058479 -0.139328 1.000000
-0.047575 -0.070371 0.739687 1.000000
0.020485 0.056998 -0.060398 0.000000
0.051049 -0.083634 0.470964 1.000000
0.086749 -0.154436 0.124285 1.000000
-0.017459 -0.070969 0.072629 0.000000
-0.463286 -0.013256 -0.039806 0.000000
0.453921 -0.039732 -0.091387 0.000000
-0.241507 0.057671 -0.060922 0.000000
-0.001803 -0.069399 0.281868 1.000000
0.967932 -0.069573 -0.027316 0.000000
0.123347 -0.049704 0.175466 1.000000
-0.670930 0.296826 -0.119259 2.000000
-0.130892 -0.077601 -0.615769 1.000000
0.335204 -0.110060 -0.018989 0.000000
0.275346 -0.078149 -0.115170 1.000000
0.008792 -0.082736 0.155497 1.000000
0.118111 -0.055687 -0.283948 1.000000
-0.100726 -0.079819 0.800916 1.000000
0.020410 -0.084157 -0.175850 1.000000
-0.146548 0.060263 -0.156878 3.000000
-0.014094 -0.082936 0.348806 1.000000
0.004479 -0.062842 -0.535892 1.000000
-0.018830 -0.067653 0.405198 1.000000
-0.004570 0.048746 0.069089 0.000000
-0.111421 -0.072664 0.070211 0.000000
0.317902 -0.078673 0.076419 1.000000
-0.091926 -0.075531 0.517409 1.000000
-0.011301 -0.079146 -0.667748 1.000000
-0.121543 0.027007 -0.111879 3.000000
0.005676 -0.017918 -0.093331 0.000000
-0.425891 0.150710 -0.024125 2.000000
0.385488 0.053906 -0.056983 0.000000
0.022280 -0.162837 0.122116 1.000000
-0.141313 0.013345 -0.100910 3.000000
-0.467973 0.010777 -0.006450 0.000000
0.402839 0.016960 -0.085503 0.000000
0.641970 0.012497 -0.085802 0.000000
-0.466502 -0.016397 -0.017793 0.000000
-0.688780 0.289322 0.062059 2.000000
-0.020152 -0.071792 0.158613 1.000000
-0.638695 0.300591 0.165245 2.000000
-0.013096 -0.064737 -0.604451 1.000000
0.061071 -0.166277 0.133284 1.000000
-0.194838 0.041865 0.177261 3.000000
0.884042 -0.036765 -0.065335 0.000000
0.079569 -0.081365 -0.470002 1.000000
0.071766 0.048821 0.068117 0.000000
-0.032941 -0.069224 -0.705867 1.000000
-0.479466 0.166416 0.018830 2.000000
-0.134681 -0.070645 0.803807 1.000000
-0.610998 0.187607 0.005268 2.000000
0.653562 0.038250 -0.069673 0.000000
-0.023517 -0.072914 -0.200706 1.000000
0.386186 -0.021208 0.093271 0.000000
0.000590 -0.063964 0.435488 1.000000
-0.330757 0.066720 -0.041526 0.000000
-0.076394 -0.081814 0.699824 1.000000
0.117538 -0.088470 -0.201055 1.000000
-0.278404 0.053283 -0.031529 0.000000
0.033922 -0.158025 0.158539 1.000000
-0.456057 0.066421 0.027007 0.000000
-0.190525 0.054330 -0.144139 3.000000
0.048780 -0.105946 0.138644 1.000000
-0.026609 -0.074609 0.311037 1.000000
-0.698004 0.289721 0.164173 2.000000
0.451902 -0.104475 -0.040579 0.000000
0.051847 -0.160668 0.148492 1.000000
0.065633 -0.154136 0.175616 1.000000
0.074608 -0.191058 -0.148751 1.000000
0.055836 -0.150945 0.140240 3.000000
0.073212 0.057920 -0.058105 0.000000
-0.246319 0.029898 -0.171163 3.000000
0.143266 -0.056510 -0.288884 1.000000
0.554864 0.070909 -0.004256 0.000000
0.044268 -0.061471 -0.273826 1.000000
-0.160683 -0.069648 0.071931 0.000000
0.075381 0.067967 0.042763 0.000000
0.299603 -0.089069 0.060114 0.000000
-0.180603 -0.075731 0.828164 1.000000
0.104175 -0.081639 0.421752 1.000000
-0.160758 0.145276 0.023118 0.000000
-0.033539 -0.066058 0.510653 1.000000
-0.005069 -0.069872 -0.269713 1.000000
0.035218 -0.083110 -0.508743 1.000000
-0.159736 0.011575 -0.188714 3.000000
-0.289273 0.036505 0.072554 0.000000
-0.012897 -0.071792 -0.311321 1.000000
-0.565874 0.142159 0.008982 2.000000
0.450157 0.048796 -0.062343 0.000000
-0.100477 -0.068750 0.773268 1.000000
-0.169110 -0.074360 -0.847196 1.000000
-0.197106 0.075446 0.001079 0.000000
0.703872 0.060912 -0.034396 0.000000
0.642643 -0.116891 0.003099 0.000000
-0.169833 0.060189 0.036630 2.000000
-0.459447 0.244099 -0.006848 2.000000
0.042398 0.077066 0.017783 0.000000
0.717234 -0.107068 0.041691 0.000000
0.215239 -0.070944 0.075421 0.000000
0.012208 -0.076354 0.642883 1.000000
0.288883 0.043261 0.069787 0.000000
-0.621493 0.287203 0.135802 2.000000
0.070295 -0.047261 0.086839 0.000000
-0.018058 -0.083434 0.391736 1.000000
-0.567195 0.265664 -0.010787 2.000000
0.611779 0.003198 0.089407 0.000000
0.011859 -0.066557 -0.279585 1.000000
-0.323901 0.155048 -0.025521 2.000000
0.059725 -0.084855 0.427486 1.000000
-0.024913 -0.100362 0.032142 0.000000
0.057132 0.069338 0.040170 0.000000
-0.445262 0.027530 0.006564 0.000000
-0.041492 -0.081963 -0.424803 1.000000
-0.115186 0.004096 0.126354 3.000000
0.137657 0.069662 -0.036765 0.000000
0.133394 -0.059327 0.336266 1.000000
-0.012673 -0.090564 0.371044 1.000000
0.497923 -0.094453 -0.057556 0.000000
-0.109402 0.108902 -0.026095 0.000000
0.059550 -0.059775 -0.325132 1.000000
0.080566 -0.055064 -0.221248 1.000000
-0.053035 0.068790 -0.046064 0.000000
-0.148218 0.074798 0.029974 2.000000
0.376239 -0.111905 -0.009765 0.000000
-0.665246 0.236146 -0.001439 2.000000
0.071591 -0.165006 -0.139502 1.000000
0.195719 -0.049130 0.086864 0.000000
-0.297027 -0.016896 0.079659 0.000000
-0.007886 0.067219 0.047200 0.000000
-0.574650 0.282691 -0.009840 2.000000
-0.034063 0.065748 0.049668 0.000000
0.736231 -0.007796 -0.089342 0.000000
-0.032542 -0.074609 -0.169693 1.000000
-0.459522 0.020674 0.004719 0.000000
-0.394977 -0.061944 0.004046 0.000000
-0.262847 0.083548 -0.037637 2.000000
-0.238815 -0.067753 0.066372 0.000000
-0.185663 -0.000691 -0.143167 3.000000
-0.634432 0.286929 0.138993 2.000000
-0.713037 0.292887 -0.160119 2.000000
0.160892 -0.051100 0.212238 1.000000
0.582063 0.037602 0.070585 0.000000
0.089043 -0.087997 0.259332 1.000000
-0.672027 0.257362 0.001877 2.000000
-0.137673 0.013644 0.086665 3.000000
0.667548 -0.089118 0.066920 0.000000
-0.011900 -0.065958 -0.631799 1.000000
-0.385778 0.057970 0.045006 0.000000
-0.432971 0.222908 -0.006300 2.000000
-0.042639 0.086440 -0.000591 0.000000
-0.230538 0.015638 0.086914 0.000000
0.133892 -0.049878 -0.193725 1.000000
0.114696 -0.047410 0.112867 1.000000
0.512582 0.050765 0.058045 0.000000
-0.028279 -0.082512 0.391661 1.000000
-0.659761 0.293436 -0.005577 2.000000
-0.256191 0.027331 -0.139926 3.000000
0.052944 -0.071044 0.132312 0.000000
-0.070586 0.052111 0.067294 0.000000
-0.264243 0.012248 -0.156579 3.000000
0.125291 -0.057058 0.300641 1.000000
0.013828 -0.083484 0.167788 1.000000
0.434900 -0.095650 -0.054714 0.000000
0.066780 -0.087523 0.261326 1.000000
-0.190924 0.007037 -0.120306 3.000000
-0.107582 -0.029710 -0.091561 0.000000
0.148526 -0.049355 0.190998 1.000000
0.118186 -0.089966 -0.089318 1.000000
0.742513 -0.027989 -0.090788 0.000000
-0.310614 0.061360 0.049943 0.000000
0.119433 0.070335 -0.035792 0.000000
-0.663700 0.287303 0.149564 2.000000
-0.054780 -0.076977 -0.068551 1.000000
-0.220491 0.002600 -0.164881 3.000000
-0.612818 0.298871 0.041915 2.000000
0.922310 -0.000292 0.005542 0.000000
-0.216427 0.071133 0.019553 0.000000
-0.177686 0.044159 0.074648 0.000000
0.057257 -0.071094 -0.079819 0.000000
0.041102 -0.149599 -0.174504 1.000000
-0.305927 0.108902 -0.035169 2.000000
-0.003124 -0.044219 -0.088046 0.000000
0.137956 -0.087348 0.225252 1.000000
0.241217 0.011101 -0.088969 0.000000
-0.198378 -0.037288 -0.088420 0.000000
-0.512000 0.049319 -0.004854 0.000000
-0.066746 -0.077999 0.390938 1.000000
-0.505518 0.043735 -0.033424 0.000000
-0.593721 0.283464 -0.024673 2.000000
-0.112643 -0.080517 -0.675103 1.000000
0.068076 -0.074684 -0.539482 1.000000
0.010986 -0.064687 -0.373273 1.000000
-0.184392 0.132212 0.027655 0.000000
0.240618 -0.081565 -0.147729 1.000000
0.197364 -0.054989 0.223083 1.000000
0.362328 -0.110558 0.017982 0.000000
0.423656 0.073377 -0.001015 0.000000
-0.017235 -0.083285 -0.583110 1.000000
0.099763 -0.023552 -0.092783 0.000000
0.373970 0.015788 -0.086176 0.000000
0.228203 -0.055438 -0.188590 1.000000
-0.396972 0.003722 0.060812 0.000000
0.007496 -0.093556 0.376628 1.000000
0.478677 0.016710 -0.085104 0.000000
0.295216 0.033588 -0.077550 0.000000
0.041650 -0.083185 0.155647 1.000000
-0.019504 -0.064737 0.493476 1.000000
-0.025811 -0.040878 0.088859 0.000000
-0.105214 -0.020386 -0.092783 0.000000
-0.008210 -0.083434 -0.348318 1.000000
0.095624 -0.088944 0.148193 1.000000
-0.061287 -0.080268 -0.730323 1.000000
-0.315026 0.054156 -0.057532 0.000000
-0.360923 0.133259 0.029774 2.000000
-0.166018 0.036281 -0.081016 0.000000
-0.155498 0.018730 -0.127386 3.000000
-0.105937 0.026682 0.121642 3.000000
0.759740 0.063629 0.000456 0.000000
-0.472211 -0.013729 0.036281 0.000000
0.014751 -0.062219 -0.447415 1.000000
0.053866 -0.058803 -0.224788 1.000000
0.035418 -0.065260 0.554854 1.000000
0.616915 -0.051200 0.088734 0.000000
0.011684 -0.082786 -0.108389 1.000000
0.049977 -0.105348 0.020475 0.000000
-0.212663 0.040494 -0.076728 0.000000
0.266047 -0.068850 -0.078074 0.000000
0.231768 -0.072141 0.074723 0.000000
0.865095 -0.070894 0.061186 0.000000
-0.647695 0.297724 0.086017 2.000000
0.573861 0.070659 -0.003832 0.000000
-0.045855 -0.083459 0.582527 1.000000
0.584531 0.059765 -0.043795 0.000000
-0.713062 0.293785 0.178707 2.000000
-0.045630 -0.078498 -0.281031 1.000000
0.350261 -0.050477 0.087313 0.000000
0.723891 0.064202 -0.022654 0.000000
0.169567 -0.109187 -0.006001 0.000000
0.044567 -0.144912 -0.137059 1.000000
0.025221 -0.085379 -0.319498 1.000000
-0.242529 0.017059 -0.106046 3.000000
0.903787 -0.063789 -0.055188 0.000000
-0.040470 -0.076952 0.233903 1.000000
0.978079 -0.033948 -0.001364 0.000000
0.904036 -0.041576 0.058319 0.000000
-0.190201 0.040693 -0.180587 3.000000
-0.630743 0.299245 0.086814 2.000000
0.838619 0.050042 -0.001538 0.000000
-0.178259 -0.018790 -0.149250 3.000000
0.747699 -0.114497 -0.018142 0.000000
0.291326 -0.043845 0.089681 0.000000
-0.358056 -0.036565 0.058743 0.000000
-0.106161 0.088484 0.000730 2.000000
-0.668512 0.287303 0.128672 2.000000
0.333907 -0.087972 0.062258 0.000000
-0.556675 0.053308 -0.015724 0.000000
0.253732 0.005941 -0.090813 0.000000
-0.186037 0.049818 -0.130128 3.000000
-0.172999 -0.078149 -0.824186 1.000000
-0.352521 0.043585 -0.060299 0.000000
0.184775 0.030946 -0.080916 0.000000
-0.409063 0.070934 0.026234 0.000000
-0.023093 -0.072216 -0.135264 1.000000
-0.239662 0.130118 0.038001 2.000000
-0.168511 -0.078423 0.822779 1.000000
-0.055727 -0.071941 0.453663 1.000000
-0.043387 -0.079421 0.302311 1.000000
-0.576071 0.293885 -0.113051 2.000000
-0.391811 0.026458 -0.060723 0.000000
-0.031495 -0.074260 -0.157651 1.000000
0.795939 -0.181609 0.006016 0.000000
0.072489 -0.058978 0.325671 1.000000
0.403562 -0.030458 0.092075 0.000000
0.068625 -0.086276 -0.369658 1.000000
0.247624 -0.043646 0.098457 1.000000
-0.045780 -0.082188 0.455507 1.000000
-0.426265 0.075496 0.014791 0.000000
0.063290 -0.086949 0.280049 1.000000
-0.032293 -0.064886 -0.618661 1.000000
-0.006141 -0.063316 0.518332 1.000000
-0.571658 0.056723 0.006813 0.000000
-0.302636 -0.032178 -0.074684 0.000000
0.109111 -0.081839 0.409885 1.000000
-0.027755 -0.087523 -0.376863 1.000000
-0.178783 0.056499 -0.065011 0.000000
-0.267734 0.033164 0.138146 3.000000
0.373073 0.048447 -0.064362 0.000000
-0.382637 -0.014278 -0.061894 0.000000
0.791352 -0.158125 -0.002386 0.000000
0.141994 -0.085952 0.261176 1.000000
0.677072 -0.046637 0.090504 0.000000
0.854450 -0.089019 -0.050077 0.000000
0.729649 -0.092534 0.062134 0.000000
0.250067 0.050067 -0.064761 0.000000
0.043246 -0.139851 0.169109 1.000000
-0.161780 0.111869 -0.035244 2.000000
0.322738 0.051563 -0.061321 0.000000
0.058005 -0.087174 0.310114 1.000000
0.014776 -0.085678 0.427835 1.000000
-0.558719 0.040369 -0.002012 0.000000
0.042972 -0.086002 0.213684 1.000000
-0.368576 0.168884 -0.012557 2.000000
-0.659487 0.287951 -0.181485 2.000000
0.753059 -0.077950 -0.073188 0.000000
0.779560 -0.156056 -0.006450 0.000000
0.076652 -0.190285 -0.132671 1.000000
0.077525 -0.056210 -0.247949 1.000000
0.210328 -0.109137 -0.011161 0.000000
0.138903 -0.075257 0.403428 1.000000
-0.395327 -0.004879 0.025337 0.000000
-0.370895 -0.055861 0.036979 0.000000
-0.536531 0.299269 -0.008593 2.000000
0.575107 -0.087174 -0.067728 0.000000
0.786291 -0.112528 -0.012532 0.000000
0.517119 -0.023926 -0.093606 0.000000
0.138205 -0.086426 -0.254306 1.000000
-0.329237 -0.019738 -0.008893 0.000000
-0.283564 0.010677 -0.082337 0.000000
0.088719 -0.156779 -0.128308 1.000000
0.748048 0.058444 -0.031629 0.000000
-0.554780 0.304804 -0.000292 2.000000
-0.042165 -0.077850 0.124409 1.000000
-0.094868 -0.069099 -0.783400 1.000000
0.294094 -0.035942 -0.091561 0.000000
-0.150886 0.034236 -0.114672 3.000000
-0.109028 -0.076304 0.562707 1.000000
0.130751 -0.083883 0.334845 1.000000
-0.093048 -0.083883 0.058893 0.000000
-0.642061 0.284960 0.030946 2.000000
-0.109028 -0.069149 -0.778987 1.000000
0.055861 -0.057731 -0.190634 1.000000
-0.221837 0.015439 0.135902 3.000000
-0.655897 0.283439 0.007187 2.000000
0.755951 0.045330 -0.053742 0.000000
0.123621 -0.090091 -0.080816 1.000000
0.561744 -0.108888 -0.034097 0.000000
0.819722 -0.069598 -0.071667 0.000000
-0.697780 0.289746 0.218122 2.000000
0.831315 -0.079146 -0.063340 0.000000
-0.595217 0.288574 0.124235 2.000000
-0.003523 -0.082113 -0.202351 1.000000
-0.303184 0.024613 0.075371 0.000000
-0.108305 -0.077700 -0.537563 1.000000
0.048980 -0.084332 -0.457786 1.000000
0.575656 -0.012558 -0.092583 0.000000
-0.081380 -0.080542 -0.533649 1.000000
0.161964 -0.059950 0.302860 1.000000
-0.510255 0.183568 0.015065 2.000000
-0.101748 0.103842 -0.022280 0.000000
0.005975 -0.171762 0.121318 1.000000
0.684800 -0.095725 0.058992 0.000000
-0.072555 -0.072216 0.071009 0.000000
-0.685938 0.289347 0.015389 2.000000
-0.121817 0.143406 -0.034621 2.000000
0.598691 0.024888 -0.080592 0.000000
0.753857 0.010702 0.081006 0.000000
0.257521 -0.077875 -0.155657 1.000000
-0.637898 0.296402 0.030148 2.000000
-0.115809 -0.104575 0.006589 0.000000
0.188165 -0.051648 -0.203672 1.000000
0.524798 -0.042299 -0.091212 0.000000
-0.197081 0.035159 -0.120580 3.000000
-0.132462 0.072454 -0.040205 0.000000
-0.059841 -0.082936 -0.616966 1.000000
-0.344967 -0.053917 -0.050302 0.000000
-0.509756 0.037627 0.015315 0.000000
-0.212638 0.132636 0.016312 0.000000
-0.268581 0.021497 -0.135663 3.000000
-0.089383 -0.004730 -0.179864 3.000000
0.734735 -0.076977 0.074748 0.000000
-0.241283 0.058992 -0.026468 0.000000
0.638754 0.025536 0.079186 0.000000
-0.665545 0.295156 0.078812 2.000000
0.029360 -0.085254 -0.450182 1.000000
0.032152 -0.061172 0.463186 1.000000
-0.132637 -0.080143 0.769753 1.000000
-0.629895 0.276334 0.006439 2.000000
0.033249 0.079186 0.002800 0.000000
-0.037453 -0.068825 0.447156 1.000000
0.081239 0.071706 -0.033972 0.000000
-0.159462 -0.028164 0.091227 0.000000
-0.022395 -0.083484 -0.416352 1.000000
-0.089906 -0.095176 -0.042573 0.000000
-0.539897 0.017034 -0.004455 3.000000
0.057381 -0.059327 0.261027 1.000000
-0.043212 -0.082961 0.617853 1.000000
-0.205333 0.008060 -0.131923 3.000000
-0.090879 -0.079745 0.536556 1.000000
0.520510 0.061784 0.040893 0.000000
-0.198876 -0.041876 0.086067 0.000000
0.061245 -0.086949 0.173098 1.000000
-0.579012 0.173596 0.008982 2.000000
-0.663102 0.297076 0.103243 2.000000
0.042598 -0.060673 0.381714 1.000000
0.174454 -0.045540 0.133559 1.000000
0.105148 -0.089293 -0.162912 1.000000
0.884715 0.028253 -0.010713 0.000000
-0.092973 -0.068177 0.733853 1.000000
0.085677 -0.060149 -0.410543 1.000000
-0.184292 0.030771 0.082801 0.000000
-0.486147 0.072928 0.015614 2.000000
0.884715 0.015389 -0.037039 0.000000
0.491666 -0.012358 0.092299 0.000000
-0.172799 0.030821 -0.095076 3.000000
0.275346 -0.101808 -0.040380 0.000000
0.444099 -0.042000 -0.091088 0.000000
-0.664648 0.286829 -0.100511 2.000000
0.262183 0.072006 -0.026444 0.000000
0.216710 0.073302 0.024589 0.000000
-0.098009 0.068042 0.047973 0.000000
-0.020600 -0.080966 -0.250815 1.000000
0.139177 0.044184 -0.071293 0.000000
0.767818 -0.114772 -0.012483 0.000000
0.343655 -0.072415 -0.076279 0.000000
-0.017409 -0.061670 -0.080193 0.000000
-0.127277 -0.102880 -0.018566 0.000000
0.150097 -0.061820 0.340155 1.000000
-0.016462 -0.071094 0.691572 1.000000
0.875865 0.010827 0.045306 0.000000
0.010238 -0.064587 0.378822 1.000000
-0.144504 -0.079720 -0.794568 1.000000
0.088868 -0.088695 -0.207811 1.000000
0.661989 -0.115694 0.014467 0.000000
-0.652532 0.285757 -0.047435 2.000000
-0.116183 0.003772 -0.136685 3.000000
0.058029 -0.080866 -0.156180 1.000000
0.696268 -0.013580 0.091701 0.000000
-0.479341 0.034860 0.040793 0.000000
-0.056500 -0.083060 -0.607667 1.000000
0.009316 -0.064288 0.576593 1.000000
-0.363989 0.019752 -0.027167 0.000000
-0.045680 -0.080368 -0.363350 1.000000
-0.148542 -0.079296 -0.831690 1.000000
0.859960 -0.035394 0.071657 0.000000
0.083982 -0.088196 -0.100162 1.000000
0.378408 0.066396 0.035159 0.000000
0.029584 -0.085329 0.445510 1.000000
-0.119823 0.096113 -0.002959 0.000000
0.069871 -0.087722 0.293960 1.000000
-0.476674 0.209122 -0.014676 2.000000
-0.523069 0.010403 -0.003308 3.000000
0.025196 -0.057133 0.098083 1.000000
0.818576 0.040668 0.045380 0.000000
-0.550218 0.087163 0.006963 2.000000
0.109560 0.049543 -0.067529 0.000000
-0.064154 -0.066581 -0.673856 1.000000
0.050401 -0.081166 -0.525023 1.000000
0.066830 -0.087573 -0.270585 1.000000
0.001662 0.067618 0.046403 0.000000
-0.027656 -0.067678 0.439851 1.000000
-0.643282 0.299444 0.115908 2.000000
-0.026758 -0.079745 -0.086974 1.000000
0.135388 -0.088719 -0.167324 1.000000
-0.151160 -0.078747 0.754745 1.000000
0.596148 -0.115021 0.011824 0.000000
-0.150238 0.044159 0.182596 3.000000
-0.460070 0.018829 -0.019638 0.000000
0.660817 -0.076429 0.076568 0.000000
0.076204 -0.170441 0.140589 1.000000
-0.191198 0.076443 0.031469 0.000000
-0.357009 0.080407 0.030447 2.000000
0.815659 0.054330 0.014666 0.000000
-0.513645 0.198028 0.014567 2.000000
0.038384 -0.104949 -0.022529 0.000000
0.129155 -0.086775 -0.261635 1.000000
-0.093945 0.019752 -0.113624 3.000000
-0.681376 0.292663 0.068416 2.000000
0.032027 -0.099115 0.281245 1.000000
-0.575547 0.285009 -0.049080 2.000000
-0.478843 -0.021458 0.023891 0.000000
0.038010 -0.080941 0.550043 1.000000
0.127535 -0.059626 -0.082512 0.000000
-0.210619 -0.001813 0.151932 3.000000
-0.677537 0.287901 -0.127436 2.000000
-0.240784 0.044283 -0.155906 3.000000
0.121228 -0.108639 -0.004281 0.000000
-0.110349 0.060637 -0.152590 3.000000
-0.620820 0.299643 0.094244 2.000000
-0.250258 -0.088744 0.033289 0.000000
-0.685390 0.292738 0.080831 2.000000
-0.108056 -0.080991 -0.708858 1.000000
-0.019354 -0.064213 0.093745 1.000000
0.362926 0.073028 0.010378 0.000000
-0.694439 0.299519 -0.230423 2.000000
-0.639892 0.286356 0.125431 2.000000
0.472993 -0.112179 -0.019139 0.000000
0.045415 -0.103628 -0.151144 1.000000
0.837149 -0.009865 -0.075756 0.000000
-0.199325 0.002425 -0.165330 3.000000
0.275496 -0.001015 -0.091686 0.000000
0.743860 -0.090365 0.063829 0.000000
0.116242 -0.077675 -0.440609 1.000000
0.188714 -0.091636 0.054505 0.000000
-0.524465 0.212637 -0.014128 2.000000
-0.086267 0.046826 -0.071966 0.000000
0.047758 -0.071094 -0.143416 1.000000
-0.318990 0.066745 0.042339 0.000000
0.184725 -0.085479 -0.185399 1.000000
-0.089757 0.049668 0.143132 3.000000
-0.198278 -0.102955 -0.001264 0.000000
-0.051389 -0.071318 -0.449709 1.000000
-0.102322 -0.080692 0.774365 1.000000
0.111729 -0.013605 -0.093680 0.000000
0.055287 -0.055936 -0.110359 1.000000
0.050999 -0.086825 -0.316507 1.000000
-0.601524 0.299170 -0.041402 2.000000
0.693426 0.014791 -0.084182 0.000000
0.508494 0.071632 0.003797 0.000000
-0.076394 -0.081839 -0.588296 1.000000
