0.920852 -0.027622 -0.037942 0.000000
-0.594919 0.098617 -0.060271 0.000000
0.527978 0.116354 0.033773 0.000000
-0.132133 0.000036 -0.656046 1.000000
0.754929 0.056337 -0.076478 0.000000
-0.141508 0.020151 0.824523 1.000000
-0.060227 -0.105678 0.025519 0.000000
0.136224 -0.135058 -0.267107 3.000000
0.049915 -0.026502 -0.394904 1.000000
-0.806866 0.098179 0.062333 2.000000
-0.492320 -0.045360 0.037299 0.000000
0.021354 -0.176491 -0.100009 3.000000
0.104083 -0.055144 -0.026381 1.000000
0.064236 -0.050033 -0.266998 3.000000
-0.657533 0.013100 -0.044638 0.000000
-0.001603 -0.018221 0.478466 1.000000
-0.331618 0.067651 0.098519 0.000000
0.038026 -0.046016 -0.141333 1.000000
0.166834 -0.030629 0.270973 1.000000
0.140187 -0.106717 -0.289081 3.000000
-0.792162 0.129281 0.237330 2.000000
-0.305435 -0.031503 -0.094735 0.000000
0.846295 0.030810 0.059983 0.000000
0.027258 -0.031859 0.318856 1.000000
-0.740371 0.095118 -0.076478 2.000000
0.820331 -0.005840 -0.075166 0.000000
0.058934 -0.068891 0.269224 1.000000
-0.701207 0.252596 -0.007523 2.000000
-0.059981 -0.016171 -0.418873 1.000000
-0.859942 0.130621 0.258128 2.000000
-0.227243 0.115917 0.054790 0.000000
-0.016963 -0.039784 0.192289 1.000000
0.243605 0.003179 0.109806 0.000000
-0.512736 0.074757 0.084252 0.000000
-0.031421 0.016462 0.109943 0.000000
0.111244 -0.087531 0.284529 3.000000
0.074567 -0.025737 0.048313 0.000000
0.151310 -0.143886 -0.276673 3.000000
0.620027 -0.038937 -0.096511 0.000000
-0.339079 -0.079413 -0.005692 0.000000
0.532323 -0.079878 0.070833 0.000000
-0.044567 -0.042326 -0.121163 1.000000
0.138219 -0.077336 -0.075193 1.000000
0.147238 -0.052930 0.191387 0.000000
0.035211 -0.036997 -0.246719 1.000000
-0.055772 0.096786 0.077256 0.000000
0.172956 -0.108493 0.030275 0.000000
0.246119 -0.060801 0.282726 3.000000
-0.161431 0.026464 0.906952 1.000000
0.050516 -0.025545 -0.265276 1.000000
-0.038691 0.061256 -0.101731 0.000000
0.557577 0.118377 -0.021544 0.000000
-0.790030 0.105039 0.097125 2.000000
-0.183050 0.093807 0.081547 0.000000
0.051472 0.113867 0.052576 0.000000
-0.135987 0.129500 -0.005009 0.000000
0.266399 0.077928 -0.090471 0.000000
0.830908 -0.083076 0.033172 0.000000
-0.816650 0.313297 0.001414 2.000000
0.482117 0.027694 -0.108864 0.000000
-0.854913 0.111653 -0.139256 2.000000
0.281403 -0.052438 0.281058 3.000000
-0.458403 0.037096 -0.098397 0.000000
-0.486554 -0.017128 -0.077024 0.000000
-0.097888 -0.101469 0.028990 0.000000
-0.921080 0.142974 0.362175 2.000000
-0.542171 -0.034701 -0.027420 0.000000
-0.120217 0.017801 0.794952 1.000000
-0.078265 -0.006496 0.523096 1.000000
0.253581 -0.054597 0.075916 1.000000
-0.093488 -0.022430 -0.569108 1.000000
-0.206882 0.017363 0.826218 1.000000
-0.697927 0.244561 0.006142 2.000000
0.510049 0.030209 -0.108372 0.000000
0.134037 0.117174 0.043913 0.000000
0.882699 -0.076899 0.010897 0.000000
0.004956 -0.018931 0.105269 0.000000
-0.159190 0.126111 0.028280 0.000000
0.519724 0.038463 -0.106596 0.000000
-0.503143 -0.047765 0.012920 0.000000
-0.119671 0.004791 0.655539 1.000000
0.022393 -0.013739 -0.406055 1.000000
-0.072526 0.009356 0.691233 1.000000
-0.078019 0.113594 -0.056554 0.000000
0.182221 -0.132352 0.257992 3.000000
0.028952 -0.033006 0.305054 1.000000
-0.130985 -0.084415 -0.079648 0.000000
0.134666 -0.053805 -0.079539 1.000000
0.071396 -0.030957 0.345695 1.000000
0.698519 -0.071870 -0.073062 0.000000
0.262654 -0.092341 -0.267818 3.000000
-0.148805 -0.026666 0.579370 1.000000
0.072025 -0.044212 -0.223023 1.000000
0.102307 -0.029536 0.182614 1.000000
-0.665568 0.104110 -0.073690 2.000000
-0.464717 0.143603 -0.013700 2.000000
0.202609 -0.042271 0.202374 1.000000
0.127205 -0.104311 0.262501 3.000000
0.392036 -0.099474 -0.031355 0.000000
-0.619243 0.115398 0.039075 0.000000
-0.712139 0.110533 -0.032011 0.000000
0.566623 -0.024643 -0.104163 0.000000
-0.236071 -0.091876 0.017511 0.000000
0.102662 -0.032023 0.340529 1.000000
0.033762 -0.036887 0.115054 1.000000
0.165686 -0.031886 -0.124005 1.000000
0.056064 -0.102836 -0.062594 0.000000
0.026192 -0.022976 0.300818 1.000000
-0.558706 0.004409 0.068264 0.000000
0.104739 -0.093024 -0.302637 3.000000
-0.388137 0.122285 0.014724 2.000000
-0.802165 0.079458 0.012811 0.000000
0.247158 -0.113112 0.233722 3.000000
0.250684 -0.065803 0.063618 0.000000
-0.323856 -0.082065 -0.006539 0.000000
0.024825 -0.020762 0.455536 1.000000
0.319939 -0.061594 -0.251201 3.000000
0.239970 -0.097178 -0.311902 3.000000
0.445003 -0.073373 -0.076669 0.000000
-0.518339 0.123843 0.038228 0.000000
-0.328420 0.021736 0.107128 0.000000
-0.217404 -0.093953 0.010160 0.000000
0.235871 -0.069902 0.044459 0.000000
0.217149 -0.121120 0.324814 3.000000
0.793493 -0.074439 0.055036 0.000000
-0.822253 0.340737 -0.003096 2.000000
0.086510 -0.089334 -0.298537 3.000000
-0.873415 0.138765 0.317271 2.000000
0.143220 -0.025463 -0.280445 1.000000
0.266945 -0.005840 -0.109220 0.000000
0.261124 -0.052739 0.064820 0.000000
0.257134 -0.114096 -0.266861 3.000000
0.234367 -0.098353 -0.318488 3.000000
0.422537 0.096458 0.071653 0.000000
-0.669749 0.287442 -0.007687 2.000000
0.783708 0.085990 -0.034389 0.000000
0.242430 0.123733 -0.017308 0.000000
-0.834032 0.406658 0.001605 2.000000
0.317042 0.106952 0.059081 0.000000
-0.375346 -0.034209 0.082476 0.000000
0.062104 -0.049077 0.111227 1.000000
-0.141945 0.003616 0.696371 1.000000
0.281895 -0.092778 -0.237317 3.000000
-0.047190 0.100721 -0.073663 0.000000
0.948811 -0.035548 -0.022637 0.000000
-0.802274 0.110697 0.170917 2.000000
-0.581390 0.080633 -0.071859 0.000000
-0.772894 0.105067 -0.139994 2.000000
0.072025 -0.017811 0.453240 1.000000
-0.189172 0.094189 -0.082108 0.000000
0.051910 0.107417 -0.063605 0.000000
-0.068836 -0.082147 -0.100556 0.000000
0.013866 -0.056893 -0.071777 0.000000
0.264595 -0.062469 -0.307884 3.000000
-0.099993 -0.016144 -0.458311 1.000000
0.085909 -0.050033 0.109943 1.000000
-0.727799 0.120782 -0.019166 0.000000
0.004737 -0.038172 -0.124907 1.000000
0.319529 0.097906 0.071325 0.000000
0.072298 0.053412 -0.104109 0.000000
0.222451 -0.002943 -0.109602 0.000000
-0.377478 0.134447 -0.006867 2.000000
-0.717386 0.103919 -0.135074 2.000000
-0.166897 0.025043 -0.886742 1.000000
-0.163044 0.101350 0.073785 0.000000
0.121056 -0.111144 0.247825 3.000000
0.870455 -0.078812 0.020135 0.000000
0.034254 -0.083568 0.153453 1.000000
0.283343 -0.057413 0.295407 3.000000
-0.797710 0.106652 0.115546 2.000000
0.067051 -0.025518 -0.259865 1.000000
0.147703 -0.046508 -0.179978 1.000000
0.254428 0.109057 0.056922 0.000000
-0.633755 0.086537 0.059546 0.000000
-0.071842 0.004190 0.728184 1.000000
0.067679 -0.061430 -0.090963 1.000000
-0.020407 -0.179033 0.162554 3.000000
0.005612 -0.034920 0.167391 1.000000
-0.008654 -0.012727 0.425035 1.000000
0.236226 -0.037188 0.096114 1.000000
-0.309999 -0.066596 -0.063223 0.000000
0.117147 -0.095429 0.243096 3.000000
0.814947 -0.079605 -0.043381 0.000000
0.231334 -0.130467 0.294778 3.000000
-0.183323 0.120372 0.045033 0.000000
0.251230 -0.108684 -0.030727 0.000000
-0.827282 0.127177 0.282042 2.000000
0.214498 -0.103601 -0.066858 0.000000
-0.777786 0.107909 -0.081807 2.000000
-0.061593 -0.028825 -0.311956 1.000000
0.792126 -0.063917 0.063973 0.000000
0.024224 -0.098873 -0.021926 0.000000
-0.042899 -0.082666 0.099749 0.000000
0.463751 -0.099611 0.033882 0.000000
0.002578 -0.094828 0.169031 0.000000
0.222096 -0.109067 -0.010092 0.000000
0.750584 0.060299 0.075725 0.000000
0.023021 -0.028306 0.245092 1.000000
-0.046534 -0.019287 0.446243 1.000000
-0.734878 0.386952 -0.005856 2.000000
0.162707 -0.068509 0.300326 3.000000
-0.138201 -0.019669 -0.569463 1.000000
0.029444 -0.012591 0.040414 0.000000
0.224583 -0.077938 0.043503 0.000000
0.431775 0.110615 -0.050541 0.000000
0.169649 0.095720 -0.076123 0.000000
-0.819110 0.120290 -0.007250 0.000000
-0.795961 0.314882 0.002616 2.000000
0.016380 -0.020134 -0.337401 1.000000
-0.003790 -0.171298 -0.138873 0.000000
-0.154489 0.002796 0.677950 1.000000
-0.009966 -0.185045 0.127899 3.000000
-0.863303 0.137781 0.307924 2.000000
0.272985 -0.074303 -0.233819 3.000000
-0.189062 0.014002 0.783637 1.000000
-0.853519 0.477498 -0.002986 2.000000
-0.143366 0.009957 -0.720573 1.000000
0.893850 -0.046672 0.043257 0.000000
0.060847 -0.036067 0.102400 0.000000
0.148085 -0.115134 -0.286840 3.000000
-0.891153 0.135540 -0.303675 2.000000
0.252214 -0.079386 -0.308130 3.000000
0.143330 -0.136343 0.241265 3.000000
-0.472779 0.090117 0.081519 0.000000
0.030920 -0.052548 0.199450 1.000000
0.888630 0.029717 -0.019412 0.000000
0.208977 -0.043091 -0.195119 1.000000
0.138711 -0.034154 -0.082135 1.000000
-0.039019 -0.034619 0.247196 1.000000
-0.049267 -0.021500 -0.417534 1.000000
-0.602599 0.227780 -0.008562 2.000000
-0.149679 0.011105 0.789185 1.000000
0.285448 -0.065010 0.253017 3.000000
0.347051 -0.073865 0.090429 0.000000
0.082164 -0.014695 0.040332 0.000000
0.013237 -0.043173 -0.075795 1.000000
0.585044 -0.103983 0.009285 0.000000
-0.071815 0.114851 0.053396 0.000000
-0.816076 0.124007 -0.263609 2.000000
-0.518448 -0.042025 -0.025370 0.000000
0.013893 0.080360 -0.091045 0.000000
0.156940 -0.033280 -0.287031 3.000000
0.165850 -0.121202 0.245365 3.000000
-0.044047 0.005967 -0.682912 1.000000
-0.056100 -0.027212 -0.337510 1.000000
-0.806511 0.261834 0.001304 2.000000
-0.863139 0.482691 0.000867 2.000000
0.304852 -0.128253 0.285923 3.000000
0.020944 -0.055882 0.199450 1.000000
0.632680 0.078447 0.079251 0.000000
0.068882 -0.036641 0.274991 1.000000
0.068909 -0.024261 -0.273612 1.000000
-0.043774 -0.010131 -0.581134 1.000000
-0.135167 0.002386 0.642038 1.000000
0.800981 -0.052302 0.069166 0.000000
0.006131 -0.043884 0.037681 0.000000
-0.396172 0.085635 -0.087929 0.000000
-0.030847 -0.015050 0.507245 1.000000
0.190229 -0.041698 0.047247 1.000000
-0.067196 -0.007726 0.504621 1.000000
0.287826 -0.081573 -0.099599 0.000000
0.337622 0.061666 0.099120 0.000000
0.401903 -0.065885 0.082913 0.000000
-0.849064 0.447079 -0.002904 2.000000
0.237948 -0.040522 -0.289081 3.000000
0.350440 0.099355 0.069193 0.000000
0.074594 -0.027458 0.228311 1.000000
0.106543 -0.086219 -0.267326 3.000000
-0.911104 0.146418 -0.382059 2.000000
-0.067032 -0.003954 -0.545331 1.000000
0.059316 -0.040386 -0.239203 1.000000
-0.813179 0.128325 -0.288808 2.000000
-0.055171 -0.003353 0.544332 1.000000
-0.572863 0.035921 -0.077626 0.000000
0.171589 -0.076872 0.324896 3.000000
0.499417 -0.049022 -0.095472 0.000000
0.716475 -0.101633 0.027132 0.000000
0.563343 -0.055281 -0.090881 0.000000
-0.308824 -0.083759 0.009422 0.000000
-0.840646 0.121793 -0.242209 2.000000
-0.189937 0.019277 0.832640 1.000000
0.051609 -0.060282 -0.055051 0.000000
0.719400 0.108319 0.005459 0.000000
0.296872 0.089270 0.080699 0.000000
-0.827254 0.110833 0.117103 2.000000
-0.874372 0.123651 -0.220946 2.000000
0.123351 -0.043993 -0.034990 1.000000
-0.071405 -0.021664 0.400629 1.000000
0.841512 0.067460 0.026913 0.000000
0.080005 -0.023905 0.272996 1.000000
0.380284 -0.017592 0.107046 0.000000
0.266371 -0.130822 0.264742 3.000000
0.002961 -0.162279 -0.114522 3.000000
0.118541 -0.101442 -0.304468 3.000000
-0.505548 -0.024835 0.062224 0.000000
0.101952 -0.042654 -0.058850 1.000000
0.076070 0.009629 -0.110504 0.000000
-0.023358 0.000829 -0.588431 1.000000
0.141553 0.086701 0.084526 0.000000
-0.714872 0.016598 -0.014820 0.000000
0.197089 -0.084060 0.328777 3.000000
-0.051809 -0.043009 0.118388 1.000000
-0.111198 0.013756 -0.748423 1.000000
0.266508 -0.076270 0.232520 3.000000
0.340300 0.028542 -0.109056 0.000000
0.057977 0.017473 -0.067185 0.000000
0.199384 -0.077036 0.240281 3.000000
0.878490 -0.073155 -0.026928 0.000000
0.306930 -0.129209 -0.317395 3.000000
-0.783307 0.093916 0.043967 2.000000
0.537024 -0.090428 0.056758 0.000000
-0.426564 0.004873 0.095348 0.000000
0.224009 -0.102262 -0.319308 3.000000
0.137754 0.125592 0.012510 0.000000
-0.153970 0.004983 0.707576 1.000000
0.117721 0.111571 -0.055843 0.000000
0.868870 0.041223 -0.026900 0.000000
-0.777868 0.106488 -0.072214 2.000000
0.102799 -0.051127 -0.103918 1.000000
-0.646573 0.025153 -0.056007 0.000000
0.438662 -0.053286 -0.092548 0.000000
-0.452227 0.132151 0.015216 0.000000
-0.047382 -0.024288 -0.381567 1.000000
0.016489 -0.028306 -0.403213 1.000000
0.473071 0.121875 -0.009628 0.000000
0.147757 0.013237 -0.110504 0.000000
0.208212 -0.055800 0.142466 0.000000
-0.035821 -0.013766 -0.428466 1.000000
-0.795934 0.106679 0.142329 2.000000
0.172382 -0.057740 0.281523 3.000000
0.204523 -0.032105 -0.117446 1.000000
0.285612 -0.106553 -0.219334 3.000000
-0.492320 0.008973 0.088461 0.000000
0.054287 -0.033608 0.307378 1.000000
0.175935 -0.041834 -0.240242 1.000000
-0.368514 -0.073319 0.023032 0.000000
0.023677 -0.186576 -0.126902 3.000000
0.316359 -0.111363 -0.225073 3.000000
-0.081627 -0.016663 0.461302 1.000000
-0.887081 0.147265 -0.391625 2.000000
-0.558405 0.149533 -0.012525 2.000000
0.282442 -0.097752 0.266355 3.000000
-0.341402 0.120317 0.048887 0.000000
0.002442 -0.030000 0.331401 1.000000
0.223135 -0.053176 0.285513 3.000000
0.027504 -0.006578 0.497023 1.000000
0.713551 0.108210 0.014860 0.000000
0.035183 -0.034400 -0.291295 1.000000
0.774717 -0.069930 0.063126 0.000000
0.047619 -0.052548 -0.130483 1.000000
-0.060500 -0.018603 0.447801 1.000000
-0.538427 0.130101 -0.017144 0.000000
0.253526 -0.054953 0.262282 1.000000
-0.510003 0.027503 -0.090252 0.000000
-0.742148 0.097851 0.093982 2.000000
0.056283 -0.050334 -0.035619 0.000000
0.190502 -0.126941 0.226288 3.000000
0.476487 -0.066923 0.082831 0.000000
-0.783307 0.394140 0.003573 2.000000
0.123023 -0.083540 -0.284845 3.000000
0.312314 0.025727 -0.109493 0.000000
0.152048 -0.041534 0.059682 1.000000
-0.004692 -0.027868 -0.357188 1.000000
-0.339844 -0.074139 0.039704 0.000000
-0.000483 -0.106416 0.007071 0.000000
0.740772 -0.041506 -0.085661 0.000000
0.125264 -0.106498 -0.285610 3.000000
-0.077144 -0.021719 0.376933 1.000000
0.165577 0.012526 -0.110504 0.000000
0.069756 -0.018822 -0.106104 0.000000
-0.218634 0.092495 -0.083939 0.000000
-0.562614 0.129281 0.014642 0.000000
-0.021554 0.002222 -0.629809 1.000000
-0.719491 0.103591 -0.034799 0.000000
0.199740 -0.108794 -0.023839 0.000000
0.040704 -0.008682 -0.508380 1.000000
-0.776966 0.212803 -0.004025 2.000000
-0.071323 0.004354 0.632664 1.000000
0.172737 -0.107946 -0.220946 3.000000
-0.018411 -0.036969 0.162554 1.000000
0.077600 -0.085727 -0.099271 0.000000
0.039228 -0.051509 0.119946 0.000000
0.334069 -0.100595 0.026995 0.000000
0.098262 -0.021145 -0.306381 1.000000
0.193618 -0.107755 -0.050159 0.000000
-0.795442 0.107800 -0.086809 2.000000
0.777750 0.035866 0.079688 0.000000
0.889859 -0.045961 -0.044775 0.000000
-0.108164 0.005393 -0.658260 1.000000
0.131851 -0.142027 0.274964 3.000000
0.888602 0.029061 0.023688 0.000000
-0.065037 -0.027185 -0.331990 1.000000
-0.260285 -0.029891 -0.098424 0.000000
-0.873306 0.129473 -0.257323 2.000000
0.090090 -0.016636 -0.395833 1.000000
-0.093543 -0.014094 -0.490123 1.000000
-0.794649 0.372522 0.003163 2.000000
-0.640888 0.182166 0.008000 2.000000
-0.740262 0.106652 0.151868 2.000000
0.811558 -0.027978 -0.075057 0.000000
0.153661 -0.052192 -0.110504 1.000000
0.111572 -0.098299 0.077666 0.000000
0.022092 -0.097861 0.159438 0.000000
-0.058970 0.000555 -0.590207 1.000000
0.739050 0.090800 0.048367 0.000000
0.169102 -0.101742 -0.236962 3.000000
0.035675 0.094244 0.078786 0.000000
0.120072 -0.035302 0.265015 1.000000
-0.704076 0.091620 -0.058194 2.000000
-0.555454 0.081317 0.074577 0.000000
-0.009037 -0.042900 -0.156829 1.000000
0.005639 -0.063480 0.061021 0.000000
-0.053449 -0.010268 -0.560144 1.000000
-0.138283 -0.087394 0.068865 0.000000
-0.571497 0.053986 0.077611 0.000000
0.320021 -0.081600 -0.225510 3.000000
-0.904162 0.137371 0.329133 2.000000
-0.438316 0.008864 0.095294 0.000000
0.234559 -0.060801 0.266327 3.000000
0.860151 0.011569 0.061486 0.000000
0.282469 -0.084169 0.278435 3.000000
-0.053422 -0.105487 -0.046797 0.000000
-0.046398 -0.019861 0.372014 1.000000
-0.698501 0.109959 -0.084130 2.000000
-0.811895 0.132315 0.261381 2.000000
0.251476 -0.114068 0.265917 3.000000
0.128353 0.121602 -0.032476 0.000000
0.232372 0.037287 -0.107826 0.000000
0.279681 -0.043228 -0.264265 3.000000
-0.776803 0.103372 -0.126301 2.000000
-0.035028 -0.042927 -0.139912 1.000000
0.162543 -0.145662 0.261462 3.000000
-0.016498 0.098480 -0.075685 0.000000
0.150654 -0.107345 0.314019 3.000000
0.032696 -0.009967 0.107592 0.000000
-0.017154 -0.182996 -0.129499 3.000000
0.120509 -0.045660 0.180264 1.000000
-0.044457 -0.038691 0.168375 1.000000
-0.904900 0.136797 -0.324282 2.000000
0.206846 -0.030902 -0.283150 3.000000
0.275062 -0.052684 -0.282002 3.000000
-0.112182 -0.001740 0.589291 1.000000
-0.289748 0.130402 0.014833 0.000000
-0.070640 0.009766 0.738706 1.000000
-0.328994 -0.047328 0.080399 0.000000
0.150846 -0.106088 0.054872 0.000000
0.785676 -0.081163 0.049789 0.000000
-0.054351 -0.020790 0.422439 1.000000
0.178231 -0.090018 -0.096292 0.000000
0.460171 0.081836 0.085564 0.000000
-0.458813 -0.056374 -0.024277 0.000000
0.262955 -0.140032 0.275866 3.000000
0.000884 -0.039566 -0.207472 1.000000
0.614068 -0.067552 0.080426 0.000000
0.087330 -0.070258 -0.025233 1.000000
-0.807276 0.133682 0.272969 2.000000
-0.098899 0.005475 0.737093 1.000000
-0.147411 0.123132 -0.038024 0.000000
-0.523422 0.112610 -0.056800 0.000000
-0.154626 0.074812 -0.095855 0.000000
-0.833677 0.489660 0.002042 2.000000
0.565366 0.093998 0.070368 0.000000
0.828257 -0.107509 -0.032804 0.000000
-0.866282 0.121219 0.216805 2.000000
-0.104420 -0.065748 0.097671 0.000000
0.298621 -0.058642 -0.282194 3.000000
-0.143366 -0.000948 0.617851 1.000000
0.047100 -0.040878 -0.023648 0.000000
-0.573382 0.130183 0.003983 0.000000
-0.781039 0.106870 0.149490 2.000000
0.246584 -0.036969 0.122214 1.000000
0.056501 -0.029891 0.354031 1.000000
0.173366 -0.110133 0.220139 3.000000
0.183888 -0.058642 -0.258690 3.000000
0.698738 0.028460 -0.096402 0.000000
0.198592 0.091866 0.079333 0.000000
-0.185564 0.008454 0.734798 1.000000
-0.792818 0.112774 -0.190446 2.000000
-0.770298 0.399934 0.003819 2.000000
-0.783963 0.114632 0.127872 2.000000
-0.040030 -0.089908 -0.092493 0.000000
0.006760 -0.011361 0.562534 1.000000
-0.010923 -0.025627 -0.383179 1.000000
-0.466329 0.130293 0.025137 0.000000
-0.679561 0.140815 -0.008753 2.000000
0.229011 -0.100540 0.318583 3.000000
0.603355 -0.035603 -0.098588 0.000000
-0.779454 0.111079 0.179198 2.000000
0.319966 -0.097370 -0.063141 0.000000
0.101323 -0.052165 -0.193807 1.000000
0.135705 -0.126148 0.316233 3.000000
0.153989 -0.102918 -0.066776 0.000000
-0.060063 -0.031285 -0.277602 1.000000
-0.796344 0.203237 0.001059 2.000000
-0.117020 0.018867 -0.817787 1.000000
-0.516754 0.006650 0.081191 0.000000
0.280474 -0.094172 0.279747 3.000000
0.017364 0.021682 -0.110367 0.000000
0.094818 -0.064983 0.108358 0.000000
-0.186575 0.025563 -0.896581 1.000000
-0.047436 -0.007125 -0.503105 1.000000
-0.784537 0.453393 -0.004626 2.000000
-0.828266 0.101377 0.069521 2.000000
0.170688 -0.101934 0.069876 0.000000
0.182166 -0.057658 -0.270496 3.000000
-0.644332 0.104629 -0.048573 0.000000
0.463888 0.067050 -0.095691 0.000000
-0.102507 -0.008600 0.556275 1.000000
-0.052438 -0.010869 -0.466756 1.000000
0.170059 -0.072772 0.103356 0.000000
-0.022183 -0.017018 -0.487500 1.000000
-0.094691 -0.006605 -0.534344 1.000000
-0.380430 0.023075 -0.104054 0.000000
0.068499 -0.057959 0.280238 1.000000
-0.795879 0.125291 -0.208210 2.000000
0.038244 -0.018631 -0.346037 1.000000
0.089981 -0.014804 0.106718 0.000000
0.466594 0.122339 0.002452 0.000000
0.568864 0.115589 -0.030043 0.000000
0.730906 0.106461 0.005404 0.000000
-0.635231 0.107198 -0.047590 0.000000
0.112064 -0.033498 -0.115314 1.000000
0.247131 -0.064163 -0.226549 3.000000
-0.334597 -0.079632 0.023196 0.000000
0.254565 -0.091056 -0.311601 3.000000
-0.652067 0.102853 -0.027638 2.000000
0.406658 0.102060 0.064793 0.000000
0.025508 -0.034947 -0.025452 0.000000
0.063880 -0.036669 0.037463 0.000000
0.014877 -0.162197 -0.161858 3.000000
0.822053 -0.015378 0.074468 0.000000
-0.635176 0.121684 -0.010858 2.000000
0.006569 -0.185975 -0.172243 3.000000
-0.671826 0.244506 -0.008152 2.000000
0.739624 0.093287 -0.043873 0.000000
-0.835071 0.138437 -0.312421 2.000000
-0.160775 0.003398 -0.671706 1.000000
0.137153 0.051226 0.104067 0.000000
-0.069957 0.033160 -0.109356 0.000000
0.256806 -0.044403 0.101607 0.000000
0.000692 -0.032050 -0.305780 1.000000
-0.877925 0.134665 -0.311027 2.000000
-0.646027 0.102880 0.026804 2.000000
-0.048912 -0.008737 0.484861 1.000000
0.582584 -0.079960 0.069822 0.000000
0.031275 -0.045879 0.020572 0.000000
0.804917 -0.001139 -0.079429 0.000000
-0.867703 0.124526 0.245857 2.000000
0.146473 -0.041233 -0.102906 0.000000
0.235652 -0.076817 -0.053138 1.000000
-0.780027 0.117119 -0.146034 2.000000
0.578266 0.026546 -0.106049 0.000000
0.468616 0.084842 0.082968 0.000000
-0.798202 0.448692 -0.004572 2.000000
0.408462 -0.007398 0.109014 0.000000
-0.720092 0.119880 0.020053 0.000000
-0.049377 -0.038336 -0.181017 1.000000
0.330024 0.087247 0.082230 0.000000
0.148167 -0.081928 0.226398 3.000000
-0.008627 0.094299 -0.079867 0.000000
-0.765980 0.274898 0.003737 2.000000
0.281567 -0.070886 -0.247593 3.000000
-0.063288 0.004026 0.627498 1.000000
-0.436211 -0.045087 0.058507 0.000000
-0.010923 -0.044677 -0.196950 1.000000
-0.377205 0.076725 0.092506 0.000000
-0.508664 0.016871 0.086958 0.000000
0.806611 0.080387 0.031505 0.000000
0.090801 -0.031011 0.164112 1.000000
0.002688 -0.178541 0.099229 3.000000
0.092523 -0.029536 0.186823 1.000000
0.161231 -0.065120 -0.265877 3.000000
-0.745646 0.236417 0.004393 2.000000
0.305946 -0.100868 -0.329639 3.000000
0.249153 -0.059954 -0.271043 3.000000
0.601169 0.108456 -0.043599 0.000000
-0.300844 -0.055609 -0.077106 0.000000
0.108320 -0.100649 0.285459 3.000000
-0.048174 -0.105186 0.093463 0.000000
-0.088569 0.013729 0.769425 1.000000
0.232482 -0.071980 -0.328054 3.000000
0.094026 -0.073155 -0.044857 1.000000
-0.088459 -0.060938 -0.202717 1.000000
-0.020598 -0.039101 -0.396079 1.000000
-0.808779 0.104110 0.113195 2.000000
0.208759 -0.108903 -0.018619 0.000000
-0.154107 0.010285 -0.778842 1.000000
-0.725640 0.319884 0.005185 2.000000
-0.439026 -0.050443 -0.050514 0.000000
0.097524 -0.031941 -0.341911 1.000000
0.017227 -0.153342 0.131698 3.000000
0.007443 -0.017483 0.490218 1.000000
0.282059 -0.131642 -0.296761 3.000000
-0.617111 -0.015980 0.015954 0.000000
-0.527167 0.047099 0.086712 0.000000
0.174486 -0.060911 -0.256968 3.000000
0.224419 -0.082611 0.217980 3.000000
-0.143612 0.005147 0.672785 1.000000
-0.798967 0.393976 -0.004681 2.000000
-0.823565 0.106297 -0.122120 2.000000
-0.046425 -0.028798 -0.407312 1.000000
-0.071842 -0.113003 -0.111297 0.000000
-0.049814 -0.105815 0.008656 0.000000
-0.047464 -0.031421 -0.286321 1.000000
0.173530 -0.042545 -0.218104 1.000000
-0.484586 0.101951 0.072172 0.000000
-0.782569 0.290640 -0.004681 2.000000
-0.145306 0.128380 0.016582 0.000000
-0.058778 0.005365 -0.110231 0.000000
-0.064846 -0.032023 -0.392909 1.000000
-0.847452 0.361590 -0.001784 2.000000
0.002414 -0.034346 -0.266533 3.000000
-0.280319 -0.075177 0.054134 0.000000
0.489961 -0.046016 0.097016 0.000000
-0.765406 0.190365 0.002835 2.000000
0.595675 -0.084552 -0.064152 0.000000
0.081864 -0.089744 0.278407 3.000000
-0.649689 0.095528 0.052658 0.000000
0.121766 -0.044130 0.200051 1.000000
-0.193053 0.058769 0.102618 0.000000
-0.086327 0.001512 0.692736 1.000000
-0.011989 -0.040222 0.398142 1.000000
0.153961 -0.110160 -0.308294 3.000000
-0.056455 -0.031066 0.283245 1.000000
-0.088596 -0.102863 0.042929 0.000000
-0.021472 -0.008518 -0.591847 1.000000
-0.082529 0.073418 0.095376 0.000000
0.062268 -0.028524 0.218007 1.000000
0.068527 -0.107236 0.030767 0.000000
0.113376 -0.046207 -0.172435 1.000000
-0.227024 0.068171 0.098792 0.000000
-0.132352 -0.095429 0.045115 0.000000
0.109249 -0.072772 -0.293891 3.000000
0.303404 0.123870 -0.010065 0.000000
-0.093625 0.126931 -0.022336 0.000000
-0.077500 -0.023796 -0.570174 1.000000
0.284792 0.122613 0.020545 0.000000
0.000747 -0.157278 -0.161038 3.000000
0.275445 -0.104885 -0.250818 3.000000
0.224173 -0.110242 -0.308731 3.000000
0.451863 -0.077910 0.071926 0.000000
-0.468734 0.023130 0.095266 0.000000
-0.025572 -0.135167 0.105843 0.000000
-0.757562 0.116518 0.136590 2.000000
0.704067 -0.016909 0.096988 0.000000
0.021518 -0.005321 -0.518820 1.000000
-0.177256 0.017609 0.809656 1.000000
0.255384 -0.029590 0.102892 0.000000
0.041360 -0.051782 0.017320 0.000000
-0.614979 -0.017237 0.006115 0.000000
-0.677784 0.076315 -0.054914 0.000000
-0.801974 0.380940 -0.004517 2.000000
0.090883 -0.062769 -0.118813 1.000000
0.052320 -0.020161 -0.470855 1.000000
-0.045168 -0.010377 0.560320 1.000000
0.187660 -0.065721 0.320250 3.000000
-0.903452 0.141115 0.363050 2.000000
0.585727 -0.047902 -0.094079 0.000000
0.031712 -0.010268 -0.446613 1.000000
0.244917 0.034281 0.108030 0.000000
-0.751959 0.044830 0.022622 0.000000
0.003617 -0.191413 0.104941 3.000000
0.057020 -0.027267 -0.387498 1.000000
0.184353 -0.113003 0.312461 3.000000
-0.794841 0.110669 -0.110695 2.000000
0.109795 -0.024343 -0.265686 1.000000
-0.102015 0.008153 -0.684661 1.000000
-0.853546 0.124362 0.254439 2.000000
-0.090892 -0.019478 0.408445 1.000000
0.315129 -0.077828 -0.312503 3.000000
0.104767 -0.070914 0.080153 0.000000
0.153469 -0.078867 0.285568 3.000000
0.324284 -0.098189 0.228994 3.000000
-0.013027 -0.011279 0.442581 1.000000
0.297419 -0.043201 0.260779 3.000000
-0.221832 -0.083677 0.050581 0.000000
0.504173 -0.086793 0.061705 0.000000
-0.059052 0.060381 0.101498 0.000000
0.247869 0.087466 -0.083174 0.000000
0.127915 -0.120983 -0.232972 3.000000
0.366100 -0.017811 -0.107143 0.000000
-0.426564 -0.001495 -0.094325 0.000000
-0.762263 0.176864 -0.004408 2.000000
0.261233 -0.060911 0.271028 3.000000
0.257134 -0.036231 -0.099681 1.000000
0.243496 -0.066869 -0.045567 1.000000
0.309225 -0.104339 0.019561 0.000000
0.498871 -0.102945 -0.013618 0.000000
0.155465 0.035238 -0.108427 0.000000
-0.033061 -0.038336 -0.392964 1.000000
0.039884 -0.034510 0.290569 1.000000
0.148741 -0.060474 -0.273011 3.000000
-0.063343 -0.092614 -0.086508 0.000000
0.093479 -0.057494 0.156951 0.000000
0.866301 -0.015460 -0.060271 0.000000
0.817817 -0.090865 -0.020642 0.000000
0.236253 -0.118223 -0.327890 3.000000
0.273013 -0.115572 0.258374 3.000000
-0.768166 0.114878 0.203741 2.000000
-0.797765 0.046224 0.002698 0.000000
0.955398 -0.044513 0.011253 0.000000
0.189819 0.094408 0.076818 0.000000
0.067160 -0.033170 0.317462 1.000000
-0.122540 0.014357 -0.838695 1.000000
0.189300 -0.033362 0.214099 1.000000
0.254073 -0.052466 -0.312667 3.000000
0.710217 -0.009338 0.097125 0.000000
-0.081572 -0.002478 0.565294 1.000000
-0.754720 0.097332 -0.088449 2.000000
0.332511 -0.045305 -0.096511 0.000000
0.449594 -0.004173 0.109560 0.000000
0.744079 0.084296 0.055856 0.000000
0.749299 -0.061512 0.006689 0.000000
-0.854913 0.114550 0.166107 2.000000
-0.299805 -0.037461 -0.091564 0.000000
0.503025 -0.101032 -0.030399 0.000000
0.022202 -0.027431 -0.103125 0.000000
0.057020 -0.061977 0.055774 0.000000
0.161914 -0.044376 -0.220017 1.000000
0.133354 -0.093215 -0.309223 3.000000
0.111490 -0.067142 -0.266889 3.000000
-0.027594 0.001321 -0.656401 1.000000
-0.085781 0.013264 0.746495 1.000000
-0.055553 -0.146947 -0.072788 3.000000
0.269405 -0.076434 0.284639 3.000000
0.188589 -0.042271 -0.040456 1.000000
0.302666 -0.050443 0.302923 3.000000
0.082930 -0.080452 -0.293372 3.000000
0.196679 -0.047929 0.245119 3.000000
-0.079741 -0.008628 -0.505073 1.000000
-0.323063 -0.005731 -0.104491 0.000000
0.076398 -0.027868 0.383684 1.000000
0.343744 0.057594 -0.101130 0.000000
0.465719 -0.043146 0.098327 0.000000
-0.017373 -0.038090 -0.148165 1.000000
0.165631 0.124717 0.016528 0.000000
-0.035848 -0.006523 -0.611908 1.000000
0.512372 -0.076407 0.074386 0.000000
-0.139676 0.009301 -0.772446 1.000000
0.057813 -0.100239 0.040278 0.000000
-0.726679 0.305016 0.005267 2.000000
-0.018876 -0.041260 0.171026 1.000000
0.269542 -0.124891 -0.267545 3.000000
0.144614 -0.116610 -0.301024 3.000000
0.732682 -0.077227 0.064438 0.000000
-0.206718 0.104301 -0.071777 0.000000
0.172300 -0.108466 -0.004107 0.000000
-0.685929 0.106679 -0.057893 2.000000
0.032314 -0.011361 0.431376 1.000000
-0.060582 -0.009338 0.567262 1.000000
0.082301 -0.034264 -0.120042 1.000000
-0.023768 -0.159546 -0.156856 3.000000
-0.323337 0.117420 -0.055269 0.000000
-0.081955 -0.003572 0.108440 0.000000
-0.006058 -0.165559 -0.126082 0.000000
0.776329 -0.038609 0.080180 0.000000
0.817297 -0.092477 0.001168 0.000000
0.836866 -0.049022 0.061513 0.000000
-0.024752 -0.035412 -0.247156 1.000000
-0.645863 0.103263 0.037955 2.000000
0.325897 0.073965 0.092369 0.000000
0.176810 -0.108520 -0.026928 0.000000
0.046252 -0.040659 -0.100638 1.000000
0.165249 -0.077172 -0.269239 3.000000
0.070877 0.124909 -0.022446 0.000000
0.009548 -0.039046 0.105543 1.000000
0.320567 -0.138392 -0.257514 3.000000
0.693108 0.021026 0.098683 0.000000
0.050816 -0.034756 0.132053 1.000000
0.184243 -0.142683 -0.303484 3.000000
-0.126667 -0.097096 0.012073 0.000000
0.149698 -0.122595 -0.308567 3.000000
0.150272 -0.123415 0.294696 3.000000
0.264513 -0.116528 -0.328710 3.000000
0.221194 -0.037051 0.262392 1.000000
0.482746 0.120180 -0.021134 0.000000
-0.062140 -0.045496 0.208032 1.000000
-0.008709 -0.016089 -0.504007 1.000000
-0.107782 -0.099939 0.042409 0.000000
0.046280 -0.024425 0.417136 1.000000
-0.055799 0.036604 -0.108782 0.000000
0.911450 -0.010322 0.043667 0.000000
0.070358 0.121082 0.035905 0.000000
0.137481 -0.110379 0.269716 3.000000
0.957721 -0.013411 -0.019931 0.000000
0.377825 -0.037161 0.100541 0.000000
0.084952 -0.047902 0.137710 1.000000
0.480396 -0.034838 -0.102114 0.000000
-0.117074 0.013045 0.822665 1.000000
-0.701753 0.377250 -0.000745 2.000000
0.216083 0.121301 -0.030043 0.000000
0.052866 -0.055171 -0.267709 3.000000
0.039529 -0.097315 -0.022528 0.000000
-0.753271 0.224637 -0.005473 2.000000
0.132070 -0.033553 -0.275607 3.000000
-0.038007 -0.012099 -0.446695 1.000000
0.176892 -0.143257 0.247797 3.000000
-0.240690 0.105695 -0.070656 0.000000
-0.514841 0.163034 -0.011732 2.000000
0.211984 -0.050635 -0.150270 1.000000
0.236745 -0.082802 0.315331 3.000000
0.031986 0.121629 -0.036193 0.000000
0.266262 -0.062961 -0.244232 3.000000
0.579742 0.091565 0.071708 0.000000
0.270607 -0.066623 0.241320 3.000000
0.557905 -0.074084 0.076490 0.000000
-0.801892 0.425734 -0.004626 2.000000
0.021327 -0.017455 -0.364540 1.000000
0.006541 -0.008628 -0.469653 1.000000
0.262408 -0.091931 0.310439 3.000000
0.341448 0.118841 0.032871 0.000000
-0.121638 0.004054 -0.713358 1.000000
0.795351 -0.005157 0.081956 0.000000
-0.440420 0.151474 0.007071 2.000000
0.568618 0.042917 -0.103125 0.000000
-0.149816 0.015888 -0.850529 1.000000
0.063607 -0.050607 0.088543 1.000000
0.914184 -0.001631 -0.041331 0.000000
0.593981 -0.083294 0.065777 0.000000
0.179597 -0.045087 0.251514 3.000000
-0.857864 0.450414 -0.002467 2.000000
-0.048420 -0.045961 -0.211217 1.000000
0.173366 -0.142246 0.301420 3.000000
0.285585 -0.061211 -0.230239 3.000000
-0.003489 -0.023577 0.411042 1.000000
-0.054816 -0.122350 0.115518 3.000000
0.195012 -0.107646 0.218308 3.000000
0.138738 -0.065202 0.256980 3.000000
-0.186876 0.039200 -0.108673 0.000000
-0.829632 0.101596 0.059819 2.000000
0.261452 -0.075806 -0.101731 0.000000
0.178832 -0.133282 -0.263554 3.000000
0.160384 -0.059244 0.313226 3.000000
0.003781 -0.176054 -0.097878 3.000000
-0.802466 0.366837 -0.004408 2.000000
0.257708 -0.110379 0.232766 3.000000
0.321415 0.124143 0.000621 0.000000
0.265415 -0.087968 -0.307802 3.000000
0.171808 -0.056647 -0.237181 3.000000
0.018922 0.126302 -0.017963 0.000000
0.255166 -0.034318 -0.086453 1.000000
0.134092 -0.031394 0.139132 1.000000
-0.788363 0.103700 0.122460 2.000000
0.120154 -0.031886 0.136371 1.000000
0.029608 -0.042818 0.191661 0.000000
0.016353 -0.007371 -0.567441 1.000000
0.192934 -0.064682 0.227136 3.000000
-0.039893 0.110341 -0.060927 0.000000
0.053331 -0.027704 -0.236552 1.000000
0.155519 -0.082502 0.234925 3.000000
-0.714243 0.118240 -0.024167 0.000000
-0.274388 0.016079 0.108412 0.000000
0.241993 -0.060064 0.228283 3.000000
-0.863986 0.130894 0.301392 2.000000
0.140296 -0.130986 0.233941 3.000000
-0.547337 -0.031886 0.030083 0.000000
0.130758 -0.138228 0.294778 3.000000
0.535056 -0.097206 -0.043217 0.000000
0.473536 0.069701 -0.094051 0.000000
0.872395 0.046880 0.008246 0.000000
0.455060 0.112473 -0.046059 0.000000
-0.539957 0.028514 0.082448 0.000000
-0.174632 0.013373 -0.770888 1.000000
0.165167 -0.040960 0.248891 1.000000
-0.707274 0.044284 0.040688 0.000000
0.146281 -0.070504 -0.249179 3.000000
0.223599 -0.060556 -0.302445 3.000000
-0.002177 -0.037789 0.266491 1.000000
0.630877 -0.027212 0.099913 0.000000
-0.494316 0.120590 0.047793 0.000000
0.027968 -0.035166 0.075534 0.000000
-0.150199 0.011351 -0.794119 1.000000
-0.000756 -0.023250 -0.313241 1.000000
-0.022839 -0.020052 -0.448909 1.000000
-0.216283 0.018129 0.846306 1.000000
0.226223 -0.069902 -0.238219 3.000000
-0.830807 0.107417 -0.098561 2.000000
0.025590 -0.013137 0.410659 1.000000
-0.071432 -0.016116 0.425035 1.000000
0.290039 -0.075888 0.306175 3.000000
-0.167444 0.008290 -0.719863 1.000000
-0.010076 -0.170998 0.135442 3.000000
0.100230 -0.049541 -0.124197 1.000000
-0.728783 0.101869 -0.123541 2.000000
0.203867 0.008508 -0.110449 0.000000
0.135322 -0.073155 0.096250 0.000000
-0.280291 0.053494 0.103957 0.000000
-0.884348 0.129418 -0.261723 2.000000
-0.027403 -0.147056 0.129047 3.000000
0.701580 0.003780 -0.098615 0.000000
0.216931 -0.144733 -0.293262 3.000000
0.837385 0.058004 -0.045075 0.000000
0.146200 -0.077172 0.080727 0.000000
0.606088 0.066394 0.089992 0.000000
-0.393056 -0.056292 -0.055898 0.000000
-0.449904 0.117857 0.053533 0.000000
0.768649 -0.099201 0.010160 0.000000
-0.710964 0.100858 0.114780 2.000000
-0.872076 0.140432 0.328559 2.000000
-0.097560 -0.025983 -0.401737 1.000000
-0.733265 0.358747 0.004748 2.000000
0.256587 -0.145252 0.286852 3.000000
0.289602 -0.086601 -0.238000 3.000000
-0.777185 0.428194 -0.005036 2.000000
0.545223 0.104930 -0.057538 0.000000
0.487337 0.110560 0.049269 0.000000
0.836675 0.066422 -0.033296 0.000000
-0.848572 0.113047 0.140471 2.000000
-0.048420 -0.034455 -0.392936 1.000000
0.166424 -0.056702 -0.267408 3.000000
0.100968 -0.099693 0.265207 3.000000
0.177957 -0.057440 -0.280663 3.000000
-0.077308 -0.061867 0.204506 1.000000
0.010012 -0.011525 -0.434807 1.000000
0.029936 -0.053887 0.042546 0.000000
0.140597 -0.094664 0.230880 3.000000
0.259101 -0.110789 0.314265 3.000000
0.273340 -0.097424 0.253591 3.000000
0.753672 -0.021227 -0.089296 0.000000
0.847060 0.026300 -0.062102 0.000000
0.138684 -0.066186 -0.233218 3.000000
0.255685 -0.109149 -0.316603 3.000000
0.695486 0.057075 0.087368 0.000000
-0.013273 -0.202564 0.137273 3.000000
0.080907 -0.046945 0.212076 0.000000
0.072489 -0.050252 0.099585 1.000000
0.168556 -0.124153 0.225878 3.000000
-0.115243 -0.011962 -0.499580 1.000000
0.206654 -0.122076 0.252334 3.000000
-0.787789 0.261724 -0.004052 2.000000
0.154125 -0.097370 -0.323025 3.000000
0.246748 -0.110543 -0.231933 3.000000
-0.063971 -0.042599 -0.198207 1.000000
0.519287 0.097196 -0.069481 0.000000
-0.067005 -0.058314 -0.197442 1.000000
0.279681 -0.123880 -0.241717 3.000000
0.017091 -0.037461 0.242222 1.000000
0.034937 -0.032214 -0.319090 1.000000
0.130129 -0.099993 0.073839 0.000000
-0.771965 0.272383 -0.005009 2.000000
0.014358 -0.078785 0.155038 1.000000
0.121793 0.070876 0.095540 0.000000
0.060027 -0.011798 0.435502 1.000000
-0.647311 0.210808 0.007399 2.000000
0.326252 -0.082392 0.227983 3.000000
-0.135522 -0.029836 -0.101567 0.000000
0.026164 0.005119 0.109615 0.000000
0.266645 -0.114178 -0.259209 3.000000
0.158198 -0.047929 0.163975 1.000000
0.134611 -0.074767 0.269798 1.000000
0.240052 -0.097479 -0.228817 3.000000
-0.868277 0.127888 0.274663 2.000000
-0.368240 0.115480 -0.058494 0.000000
0.086209 -0.100813 -0.252622 3.000000
-0.207346 0.022283 0.871231 1.000000
0.108839 -0.035084 -0.083010 1.000000
0.203785 -0.140497 -0.306463 3.000000
-0.384201 0.130129 -0.023320 0.000000
0.719782 0.044475 -0.088640 0.000000
-0.153260 0.011515 0.738323 1.000000
0.297993 -0.051290 -0.086153 1.000000
-0.075805 -0.100540 -0.062949 0.000000
-0.105213 0.002878 0.629521 1.000000
0.197526 -0.040878 -0.056581 1.000000
-0.065912 -0.146236 0.060857 3.000000
0.069046 -0.095538 0.082886 0.000000
0.270580 -0.132735 0.276604 3.000000
-0.020434 -0.018658 0.465867 1.000000
-0.025791 0.127970 0.008000 0.000000
0.270170 -0.127870 -0.248359 3.000000
0.239970 -0.099146 -0.333165 3.000000
0.950779 -0.002451 0.022158 0.000000
0.807103 0.087302 -0.003670 0.000000
0.103564 -0.112128 -0.256339 3.000000
0.053413 0.015560 0.062333 0.000000
0.751103 -0.139595 -0.005993 0.000000
-0.834087 0.101104 -0.007961 0.000000
0.027777 -0.047273 -0.119168 1.000000
0.726068 -0.155993 -0.010912 0.000000
0.103865 -0.093899 -0.263226 3.000000
0.568864 -0.088187 0.059846 0.000000
0.064673 -0.041807 -0.080140 1.000000
0.174268 -0.050443 -0.287004 3.000000
-0.817361 0.111845 0.119672 2.000000
0.047974 -0.049487 -0.163033 1.000000
0.273122 0.073609 0.092971 0.000000
0.875812 0.043136 -0.008562 0.000000
0.230049 -0.139595 -0.243904 3.000000
-0.099009 -0.100021 -0.049858 0.000000
0.441286 -0.068563 0.081027 0.000000
0.153251 -0.027130 -0.259919 1.000000
0.851132 0.055407 -0.035974 0.000000
-0.101113 -0.003681 -0.623332 1.000000
0.097606 -0.052794 0.102400 0.000000
-0.019942 -0.145143 0.117131 0.000000
0.651593 0.076178 0.079387 0.000000
0.455798 -0.095757 0.044459 0.000000
0.937578 -0.012618 -0.031765 0.000000
-0.765597 0.093725 -0.055433 2.000000
-0.810556 0.384055 -0.004189 2.000000
0.003535 0.127833 -0.004954 0.000000
0.120126 -0.078922 -0.302527 3.000000
0.059589 -0.035248 0.118634 1.000000
0.208185 0.086181 0.084334 0.000000
0.178832 -0.132626 -0.288671 3.000000
0.164292 -0.061731 -0.294274 3.000000
-0.196797 0.110779 0.062361 0.000000
0.242075 -0.094227 -0.217257 3.000000
-0.685874 0.091483 -0.057620 2.000000
-0.055772 -0.082966 -0.100146 0.000000
0.194684 -0.049842 -0.151390 1.000000
0.123734 -0.084005 0.100186 0.000000
0.039092 -0.041233 -0.218432 1.000000
0.787043 -0.096905 0.007399 0.000000
0.241665 -0.059681 -0.088722 1.000000
0.234231 -0.062250 -0.227861 3.000000
0.548148 -0.103519 -0.006731 0.000000
-0.663190 0.060955 -0.060490 0.000000
-0.116446 0.001129 0.676447 1.000000
0.025946 -0.044048 0.285869 1.000000
0.820276 0.031329 0.068975 0.000000
0.030647 -0.064409 0.020545 0.000000
-0.607217 -0.016280 0.024809 0.000000
0.032423 0.127450 0.005295 0.000000
