-0.819066 0.041081 0.005482 0.000000
0.132835 -0.038139 0.592379 3.000000
-0.720164 0.104452 -0.024657 2.000000
-0.692598 0.136835 0.005235 2.000000
-0.238739 0.014994 -0.803527 1.000000
0.035274 -0.040548 -0.295357 1.000000
-0.210297 0.001854 0.675212 1.000000
-0.119881 0.036564 0.080787 0.000000
0.266666 -0.015145 0.270598 1.000000
0.023777 -0.070659 -0.578267 3.000000
0.019534 -0.092394 -0.625377 3.000000
-0.773214 0.066785 -0.099743 2.000000
0.108718 -0.064692 0.170437 1.000000
-0.666785 0.068866 0.011559 2.000000
-0.273832 0.013105 -0.818582 1.000000
-0.096258 -0.090204 -0.032431 0.000000
-0.835819 0.076503 -0.156188 2.000000
0.080879 -0.033212 0.341688 1.000000
-0.380700 -0.058396 0.012928 0.000000
0.295326 -0.082430 -0.380217 3.000000
0.701473 -0.019716 -0.093612 0.000000
0.290536 -0.121931 0.334270 3.000000
0.740481 0.096787 -0.063391 0.000000
0.673634 0.005468 -0.098128 0.000000
0.038887 -0.038905 -0.228702 1.000000
0.093471 -0.099676 0.013667 0.000000
0.040037 -0.027874 0.079638 0.000000
-0.219769 -0.028394 0.075997 0.000000
0.238060 -0.021030 0.109804 1.000000
0.218378 -0.011203 0.285517 1.000000
-0.102882 -0.083826 0.031268 0.000000
-0.291653 -0.028586 -0.088465 0.000000
-0.639767 0.059449 -0.069796 2.000000
0.402659 -0.061927 -0.126296 1.000000
-0.691667 0.070700 -0.045105 2.000000
-0.008086 -0.041752 -0.265274 1.000000
0.808615 -0.150482 -0.020332 0.000000
-0.057606 -0.011833 0.551975 1.000000
0.037765 -0.033321 -0.267901 1.000000
0.883236 0.010121 -0.068346 0.000000
-0.575109 0.101331 0.022591 0.000000
0.606458 0.085728 -0.072479 0.000000
0.689593 0.133413 0.002525 0.000000
0.695150 -0.088589 -0.028133 0.000000
-0.002557 -0.047227 -0.604245 1.000000
0.284076 -0.063788 -0.144993 1.000000
0.296750 -0.055138 -0.354376 3.000000
-0.646583 0.064404 0.039042 0.000000
0.303757 -0.014926 0.154724 1.000000
0.110416 -0.059244 -0.151946 1.000000
0.030648 -0.150427 0.058943 0.000000
0.270142 0.030816 -0.098594 0.000000
-0.020706 -0.034936 0.074793 0.000000
-0.020131 -0.067073 0.056397 0.000000
0.018001 -0.034717 0.076900 0.000000
-0.642860 0.220189 -0.015815 2.000000
-0.015258 -0.028230 0.340320 1.000000
0.255059 -0.048131 -0.214906 1.000000
0.503423 -0.029817 0.078680 0.000000
0.447881 -0.079747 0.038686 0.000000
0.213013 -0.050567 0.335365 1.000000
0.078196 -0.143337 0.049554 0.000000
0.030757 -0.043066 0.260141 1.000000
-0.204494 0.065663 0.068031 0.000000
0.559895 0.086823 0.055439 0.000000
0.765966 -0.086372 -0.011709 0.000000
-0.427892 -0.024616 0.051580 0.000000
0.056516 -0.071480 0.552467 3.000000
0.487601 -0.055604 -0.082224 0.000000
0.120380 -0.132798 -0.154053 1.000000
0.117724 0.053646 0.074546 0.000000
0.761915 -0.057930 -0.066429 0.000000
0.075432 -0.145609 -0.064924 3.000000
0.695369 0.038754 0.075970 0.000000
0.290946 0.054604 0.074136 0.000000
0.004725 -0.028257 0.321158 1.000000
0.100041 -0.029243 0.370267 1.000000
-0.363974 0.003579 -0.091750 0.000000
-0.441470 0.108065 0.006686 0.000000
-0.128531 0.003716 0.714439 1.000000
0.049837 -0.034717 -0.583358 3.000000
0.065385 -0.129677 -0.041136 3.000000
-0.845235 0.078091 0.157434 2.000000
-0.080189 -0.012271 0.546445 1.000000
0.161139 -0.009561 0.329589 1.000000
0.227001 -0.062995 -0.146690 1.000000
0.119339 -0.050895 0.202902 1.000000
0.120626 -0.030091 -0.600522 3.000000
0.675933 0.134125 -0.003497 0.000000
0.233324 -0.056315 -0.341181 3.000000
0.134696 -0.112404 0.141448 1.000000
0.048934 0.106559 0.013557 0.000000
0.005628 -0.046050 0.606257 3.000000
-0.198444 0.003880 0.710114 1.000000
-0.574699 0.170094 -0.001608 2.000000
-0.036500 0.101961 -0.045187 0.000000
-0.580967 -0.014433 -0.025286 0.000000
0.379912 -0.104083 -0.368309 3.000000
0.014005 -0.043997 0.246372 1.000000
-0.096559 0.006782 -0.663810 1.000000
0.320100 -0.098936 -0.051949 0.000000
0.074200 -0.057739 -0.157037 1.000000
-0.296306 0.015705 0.841946 1.000000
-0.029027 -0.028476 0.382530 1.000000
0.027308 -0.034307 0.583263 1.000000
-0.637440 -0.003292 -0.007138 0.000000
0.071873 -0.062885 -0.566058 3.000000
-0.659558 0.074231 0.073670 2.000000
0.141266 -0.009862 0.330547 1.000000
-0.071949 0.006042 -0.654038 1.000000
-0.707572 0.071493 -0.054440 2.000000
-0.276350 0.101687 -0.045817 0.000000
0.837713 -0.068688 0.026614 0.000000
-0.301206 0.018279 0.852075 1.000000
-0.071813 -0.014816 0.518770 1.000000
0.292014 -0.020455 -0.271761 1.000000
-0.041017 0.087781 0.051470 0.000000
0.240387 -0.092668 0.057219 0.000000
-0.841567 0.327522 -0.002840 2.000000
-0.194804 0.004838 -0.735420 1.000000
0.319935 0.093502 0.049171 0.000000
0.612398 0.003332 0.084702 0.000000
-0.803271 0.063090 0.018293 2.000000
0.728847 -0.032856 0.070139 0.000000
0.058953 -0.141585 -0.032376 3.000000
-0.684468 0.068345 0.008137 2.000000
0.970778 0.031007 0.020784 0.000000
0.121338 -0.038851 -0.593678 3.000000
-0.697389 0.085180 0.029325 0.000000
-0.528793 0.072807 -0.070344 0.000000
0.133245 -0.029571 0.176815 1.000000
0.729969 0.046939 -0.086193 0.000000
0.279915 0.075134 0.061817 0.000000
-0.661775 0.003661 0.006905 0.000000
0.916796 0.026682 -0.056547 0.000000
-0.790077 0.070316 0.050512 2.000000
0.385961 -0.099593 -0.022686 0.000000
0.530003 -0.075012 0.046351 0.000000
-0.443112 0.083210 -0.071028 0.000000
0.417578 -0.040165 0.124859 1.000000
0.268281 -0.060394 -0.320897 3.000000
-0.401531 -0.017390 -0.078775 0.000000
0.420398 -0.066170 0.094420 1.000000
0.156239 -0.011942 0.298109 1.000000
0.519820 0.091969 -0.068784 0.000000
0.643988 -0.057766 -0.078802 0.000000
-0.309254 0.005194 0.082074 0.000000
0.335101 -0.055001 -0.337678 3.000000
0.252377 -0.014461 -0.100866 0.000000
-0.714662 0.282875 -0.014118 2.000000
-0.783835 0.083976 0.161760 2.000000
-0.612995 0.076421 -0.060352 0.000000
-0.892756 0.321855 -0.005960 2.000000
0.372384 -0.056233 0.134112 1.000000
-0.060425 -0.050841 -0.608570 1.000000
-0.191875 -0.013010 0.082238 0.000000
-0.591862 0.057259 -0.052195 2.000000
-0.061164 -0.093380 -0.022659 0.000000
-0.734754 0.103685 -0.025423 0.000000
0.709521 0.133769 -0.000568 0.000000
-0.416669 -0.042656 -0.055206 0.000000
-0.132172 -0.011039 -0.555355 1.000000
0.277916 -0.066772 0.304350 3.000000
-0.839487 0.226266 -0.012448 2.000000
0.085067 -0.038303 0.303255 1.000000
0.218433 -0.077585 -0.331737 3.000000
0.151285 -0.051689 0.228689 1.000000
0.172636 -0.051114 0.198742 1.000000
0.124787 0.052058 -0.091668 0.000000
0.362666 -0.099648 -0.017457 0.000000
0.755728 0.121560 -0.043381 0.000000
-0.046875 -0.008904 0.582880 1.000000
-0.275748 0.109543 -0.004510 0.000000
0.301266 -0.106793 -0.317092 3.000000
0.288647 -0.117441 -0.339922 3.000000
0.096208 -0.065732 0.097020 1.000000
0.123582 -0.075176 -0.097745 0.000000
0.276575 -0.060613 0.336788 3.000000
0.300007 -0.078598 -0.098238 0.000000
0.168448 -0.064172 -0.130238 1.000000
-0.744225 0.084250 -0.184384 2.000000
0.568408 -0.094228 -0.018717 0.000000
0.007654 -0.060038 -0.244415 1.000000
0.761887 -0.075285 0.031816 0.000000
-0.510808 0.102508 0.024835 0.000000
-0.137428 -0.002772 0.594185 1.000000
0.415388 -0.017198 -0.098977 1.000000
-0.241312 0.082991 -0.071877 0.000000
-0.002776 -0.030721 0.395122 1.000000
0.835222 0.019100 -0.078419 0.000000
-0.049831 -0.068332 0.588218 3.000000
-0.703137 0.179593 -0.020688 2.000000
-0.777457 0.067333 -0.043654 0.000000
-0.199840 0.014474 -0.784475 1.000000
-0.139727 0.109133 -0.015760 0.000000
0.590116 -0.074984 0.046433 0.000000
0.035411 -0.020592 -0.352980 1.000000
0.030155 -0.066389 -0.258457 1.000000
0.101711 -0.086208 0.555205 3.000000
0.098535 -0.073342 -0.602712 3.000000
0.688334 -0.038303 -0.087945 0.000000
-0.042550 -0.021769 -0.098019 0.000000
-0.288997 -0.044764 0.061735 0.000000
0.055914 0.104534 0.021194 0.000000
0.118491 -0.009177 0.356689 1.000000
-0.820763 0.332121 -0.002155 2.000000
-0.755038 0.070316 0.038604 2.000000
-0.687999 0.043052 0.036113 0.000000
0.004725 -0.029379 -0.095473 0.000000
-0.685946 0.078200 -0.130895 2.000000
0.245588 -0.067429 -0.347587 3.000000
-0.557289 0.057752 -0.039931 2.000000
0.437999 0.121287 -0.044749 0.000000
0.113071 -0.090478 -0.078145 0.000000
-0.313606 -0.074190 -0.000486 0.000000
-0.273066 0.013926 0.822018 1.000000
0.032236 -0.092066 -0.582619 3.000000
-0.502240 0.107572 0.008247 0.000000
0.136859 -0.007124 -0.402636 1.000000
0.614917 0.019374 -0.100483 0.000000
0.687896 0.030980 0.078324 0.000000
-0.521155 0.107080 0.009807 0.000000
0.276028 -0.035046 -0.281534 1.000000
-0.713567 0.069906 -0.040972 2.000000
0.113427 -0.032007 -0.103904 0.000000
-0.511273 -0.002443 -0.067004 0.000000
0.395077 0.086631 0.055165 0.000000
0.684583 0.025122 -0.095966 0.000000
0.026651 -0.049444 -0.209951 1.000000
-0.568321 0.105547 0.013858 0.000000
0.713134 0.050470 0.070905 0.000000
-0.800561 0.067086 -0.043791 2.000000
-0.731360 0.084907 0.193541 2.000000
0.392476 -0.074656 -0.102453 1.000000
0.284212 0.119480 0.009780 0.000000
0.175264 -0.030775 -0.352980 3.000000
-0.546586 -0.006714 -0.055261 0.000000
-0.106194 -0.028257 -0.536494 1.000000
0.142443 -0.039179 0.101345 1.000000
0.611714 0.044804 -0.094679 0.000000
-0.679431 0.057615 0.036113 2.000000
0.029580 -0.096911 -0.618944 3.000000
0.039325 -0.037838 0.566045 3.000000
-0.837570 0.089725 -0.238392 2.000000
-0.278075 0.032102 -0.098375 0.000000
-0.215225 -0.019607 0.079939 0.000000
-0.264771 0.015952 0.855278 1.000000
0.357520 -0.085140 -0.342742 3.000000
-0.084323 0.017977 -0.100647 0.000000
0.188267 0.100948 0.031049 0.000000
0.383197 -0.064555 0.341469 3.000000
-0.602757 0.153506 -0.021098 2.000000
0.111209 -0.056178 0.156230 1.000000
-0.816821 0.343234 -0.002676 2.000000
0.460446 -0.054837 0.088699 0.000000
-0.429672 0.014693 0.071645 0.000000
-0.092863 -0.010847 -0.522616 1.000000
0.184544 -0.099429 -0.040506 0.000000
-0.121661 -0.062392 -0.076914 0.000000
0.025337 0.014556 -0.100866 0.000000
-0.215389 0.015541 -0.863147 1.000000
0.349554 0.028599 0.082622 0.000000
-0.642586 0.065827 0.094885 2.000000
-0.090619 0.000622 -0.692580 1.000000
0.283118 -0.096938 -0.065882 0.000000
0.198395 -0.033212 -0.352706 3.000000
0.282324 0.028954 -0.098950 0.000000
-0.613132 -0.006659 0.012845 0.000000
-0.271560 0.042724 0.078899 0.000000
0.037519 -0.066444 -0.574188 3.000000
0.062730 0.109461 -0.012558 0.000000
0.105406 -0.020784 0.272049 1.000000
-0.112600 -0.013995 0.518387 1.000000
-0.824759 0.069824 0.018046 0.000000
-0.784794 0.178416 0.000089 2.000000
0.316760 -0.076517 0.071590 1.000000
0.179179 0.096267 0.040603 0.000000
-0.209476 -0.064445 0.052702 0.000000
0.137023 -0.008520 0.358742 1.000000
-0.490579 0.109872 -0.007740 0.000000
0.363542 -0.098800 0.037865 0.000000
0.876064 -0.066279 -0.016801 0.000000
0.581959 -0.016459 0.082320 0.000000
0.313749 -0.096610 0.050156 0.000000
0.353906 -0.099484 0.013913 0.000000
0.067247 -0.057629 0.625474 3.000000
-0.203235 -0.070002 0.047090 0.000000
0.124842 -0.099347 -0.043764 0.000000
0.638404 -0.088124 0.018457 0.000000
0.137954 -0.084757 -0.120055 1.000000
-0.776061 0.111815 -0.001772 2.000000
-0.686165 0.172421 0.004770 2.000000
-0.142738 0.000212 0.619314 1.000000
0.283254 -0.111747 -0.359440 3.000000
-0.774090 0.081594 -0.239049 2.000000
0.016824 -0.125763 0.017389 0.000000
0.013430 -0.036497 0.572998 3.000000
-0.579544 0.111706 0.009123 2.000000
0.352784 -0.045557 0.175310 1.000000
-0.779538 0.087808 0.201014 2.000000
0.049536 -0.020948 -0.338417 1.000000
-0.068199 0.051237 0.075614 0.000000
-0.436023 0.064869 0.067675 0.000000
-0.097079 -0.000035 -0.684231 1.000000
0.083890 -0.025766 -0.599837 1.000000
-0.139454 -0.001841 0.653997 1.000000
0.028130 -0.034580 -0.626281 3.000000
-0.659476 0.073026 -0.074094 2.000000
-0.122701 -0.013147 0.593337 1.000000
-0.721505 0.073711 0.060175 2.000000
0.263463 -0.034827 -0.337541 3.000000
-0.523017 -0.012818 0.039371 0.000000
0.301841 0.057095 -0.089424 0.000000
-0.581269 0.068318 0.048842 2.000000
0.106830 0.102973 -0.042970 0.000000
0.491734 -0.045420 0.071973 0.000000
0.471204 -0.034471 0.077010 0.000000
-0.034694 0.097225 -0.055425 0.000000
0.583355 -0.093270 -0.022987 0.000000
-0.145750 -0.006084 0.599249 1.000000
0.613548 -0.091956 0.010464 0.000000
-0.408703 -0.053496 -0.016910 0.000000
0.074528 -0.130088 -0.045215 3.000000
0.198997 0.057971 0.072630 0.000000
-0.225189 0.104835 0.020182 0.000000
0.290645 -0.018457 0.067785 1.000000
0.377640 -0.039617 -0.180497 1.000000
0.001933 -0.051142 -0.243265 1.000000
-0.817670 0.065526 -0.050306 2.000000
0.117040 -0.045530 0.086673 1.000000
-0.009838 -0.088808 0.054207 0.000000
-0.038143 -0.016760 -0.441507 1.000000
0.201489 0.102536 -0.044777 0.000000
-0.027193 -0.015994 -0.437209 1.000000
-0.385901 0.104370 -0.038207 0.000000
-0.653755 0.075764 0.096637 2.000000
0.334663 -0.013940 -0.089697 1.000000
0.227220 -0.081910 0.347683 3.000000
-0.676256 0.054932 0.011723 2.000000
0.770099 -0.024206 -0.083812 0.000000
0.098152 -0.050512 0.203997 1.000000
-0.698538 0.068263 -0.025040 2.000000
-0.673546 0.077078 0.104931 2.000000
0.255442 -0.048897 0.334051 1.000000
0.049974 0.063008 0.069646 0.000000
-0.049941 0.013433 0.084538 0.000000
-0.123604 -0.049034 0.069783 0.000000
-0.697005 0.023288 0.025054 0.000000
-0.600348 0.069742 0.056343 2.000000
0.005190 -0.033568 -0.351310 1.000000
-0.249716 0.078501 0.058916 0.000000
0.122925 -0.013420 -0.324511 1.000000
-0.477877 0.098703 0.034608 0.000000
-0.020788 -0.011805 0.447844 1.000000
0.189225 -0.063515 0.125188 1.000000
-0.365863 0.093475 -0.060380 0.000000
0.734240 0.109844 0.040274 0.000000
-0.787339 0.077899 -0.208692 2.000000
-0.781208 0.077324 0.106136 2.000000
0.286649 0.092900 0.048924 0.000000
-0.195597 0.005577 0.732122 1.000000
0.315200 -0.015966 0.208487 1.000000
-0.533474 -0.016404 0.032089 0.000000
0.462608 0.133523 -0.005112 0.000000
0.084711 -0.048404 0.110160 1.000000
0.041625 -0.053770 0.225787 1.000000
-0.131022 -0.013831 0.517648 1.000000
0.091637 -0.010163 0.367310 1.000000
0.282981 -0.014871 -0.143679 1.000000
0.472490 -0.099320 0.000993 0.000000
-0.171043 0.106231 -0.031418 0.000000
-0.027412 -0.001376 -0.548484 1.000000
0.367238 -0.052921 0.319132 3.000000
0.424668 0.130676 -0.014118 0.000000
0.028540 -0.086454 0.616303 3.000000
0.026432 -0.081143 0.558791 3.000000
-0.182075 0.105218 0.018868 0.000000
0.011076 -0.046625 0.561638 3.000000
0.353167 -0.101181 -0.305322 3.000000
-0.588769 0.021947 -0.062351 0.000000
0.703143 -0.062420 0.054892 0.000000
0.042556 -0.051799 0.181523 1.000000
-0.783753 0.062734 0.029653 2.000000
0.511717 0.088000 0.054728 0.000000
-0.662104 0.064896 0.094611 2.000000
-0.089003 -0.083580 -0.048089 0.000000
0.089474 -0.102605 0.596129 3.000000
0.074720 -0.013119 -0.368391 1.000000
0.173211 -0.099539 0.019169 0.000000
-0.838310 0.079514 0.180292 2.000000
0.145536 -0.062557 0.134057 1.000000
0.090186 -0.036716 -0.578294 3.000000
-0.655808 0.012065 -0.043764 0.000000
-0.787750 0.081129 -0.235326 2.000000
0.169269 -0.052456 0.189435 1.000000
-0.081585 -0.028941 0.594787 1.000000
-0.385162 -0.011641 0.067976 0.000000
0.090816 -0.024753 -0.102700 0.000000
0.292479 -0.014734 0.139450 1.000000
-0.839979 0.058245 0.011395 0.000000
0.999329 0.018196 -0.031801 0.000000
0.809518 -0.078844 0.003374 0.000000
-0.034913 -0.007754 0.084209 0.000000
0.197465 -0.000171 0.084757 0.000000
0.721073 -0.046570 -0.080801 0.000000
0.031414 -0.024917 -0.430804 1.000000
0.414211 -0.016213 -0.088301 1.000000
-0.797632 0.317065 -0.001526 2.000000
-0.492413 -0.013119 0.047309 0.000000
0.080304 -0.044654 -0.240363 1.000000
0.289769 0.088575 -0.068784 0.000000
0.015045 0.104972 0.019744 0.000000
0.060294 -0.119905 0.058341 0.000000
-0.108631 0.009519 0.712742 1.000000
0.067849 -0.042190 -0.225171 1.000000
0.279915 -0.034334 0.267806 1.000000
-0.440375 0.016280 0.070905 0.000000
0.093197 -0.030639 -0.227552 1.000000
-0.778580 0.086604 -0.203929 2.000000
0.042583 -0.060941 -0.103001 1.000000
0.125718 -0.095788 -0.580949 3.000000
-0.174492 0.013105 0.749094 1.000000
-0.788927 0.077434 -0.123614 2.000000
0.097112 -0.091190 -0.574790 3.000000
-0.387708 0.106915 -0.028352 0.000000
0.838507 0.076038 0.032363 0.000000
0.046744 -0.086262 -0.633562 3.000000
0.339836 -0.118509 -0.319392 3.000000
-0.761991 0.066183 -0.023945 2.000000
0.140965 -0.051470 -0.211539 1.000000
0.560087 -0.081718 -0.051538 0.000000
0.264914 -0.063186 0.307553 3.000000
-0.586935 0.054330 -0.028982 2.000000
0.072530 -0.037482 0.189763 1.000000
0.370824 -0.074902 0.291676 3.000000
-0.287683 -0.076244 -0.034539 0.000000
-0.786874 0.066238 -0.032157 2.000000
0.759341 -0.086947 -0.000842 0.000000
-0.295731 -0.073041 -0.048609 0.000000
-0.784492 0.086412 0.252093 2.000000
0.922052 0.078173 -0.008451 0.000000
0.647410 0.127802 0.019798 0.000000
0.097851 -0.053441 0.565497 3.000000
0.083370 -0.017444 0.476094 1.000000
0.518205 -0.058478 0.063597 0.000000
0.453082 -0.094310 0.001431 0.000000
0.045101 -0.070331 0.084373 0.000000
0.207401 -0.071125 -0.091696 1.000000
0.300062 0.075928 -0.077680 0.000000
-0.087252 -0.019196 -0.536987 1.000000
0.152845 -0.019415 0.085523 0.000000
0.100725 -0.134824 0.158310 1.000000
-0.727664 0.243402 -0.018005 2.000000
0.122816 0.109653 -0.010669 0.000000
-0.069376 -0.014570 0.467553 1.000000
-0.713676 0.227607 -0.018689 2.000000
0.390013 0.016554 -0.100729 0.000000
-0.026043 0.108339 -0.021837 0.000000
0.682476 -0.044462 0.068989 0.000000
0.468384 0.076749 0.061407 0.000000
-0.387598 0.086412 -0.068428 0.000000
0.261109 -0.061434 -0.152986 1.000000
0.044663 -0.001978 0.511653 1.000000
-0.117472 0.097608 0.038413 0.000000
0.014470 -0.035018 -0.340552 1.000000
-0.118129 0.008315 0.675842 1.000000
-0.689094 0.056739 -0.042313 2.000000
-0.063874 -0.002443 0.646141 1.000000
0.104804 -0.131156 -0.144062 1.000000
0.118299 -0.102769 0.596950 3.000000
0.072284 -0.016295 0.336159 1.000000
0.145399 -0.140490 -0.173817 1.000000
0.830213 -0.075368 0.013694 0.000000
0.106720 0.109625 -0.010970 0.000000
-0.090153 -0.017526 -0.498800 1.000000
0.023558 -0.042382 -0.622175 3.000000
0.793340 -0.021003 -0.081622 0.000000
0.379364 -0.121109 -0.351857 3.000000
0.090077 -0.063569 -0.259279 1.000000
0.698872 -0.090943 0.000774 0.000000
0.456477 -0.080569 -0.053646 0.000000
0.242549 -0.060339 0.141393 1.000000
0.113427 -0.028148 -0.346081 3.000000
-0.477850 -0.037674 0.016185 0.000000
-0.787421 0.067168 -0.042943 2.000000
0.351908 -0.067566 0.294222 3.000000
0.225304 -0.012353 0.251765 1.000000
0.161221 -0.029297 -0.364750 1.000000
0.619351 -0.048596 -0.086166 0.000000
-0.815288 0.069550 0.082156 2.000000
0.044800 -0.004606 0.456303 1.000000
0.053012 -0.002443 0.493203 1.000000
0.114522 -0.073588 -0.170806 1.000000
0.113071 -0.022591 0.427861 1.000000
0.537804 -0.035456 0.076572 0.000000
0.059473 -0.038057 0.088480 0.000000
0.138939 -0.103179 0.127405 1.000000
0.411939 -0.086153 0.069509 0.000000
0.088024 -0.070385 -0.102453 0.000000
0.429979 0.053043 -0.091203 0.000000
0.012116 -0.055275 -0.638517 3.000000
-0.587674 0.116277 -0.024931 2.000000
0.528744 -0.047720 -0.086987 0.000000
0.103818 -0.071234 0.086098 0.000000
-0.750713 0.103247 0.008931 0.000000
0.584751 0.092955 0.051798 0.000000
-0.566213 0.065553 0.008466 2.000000
0.338823 0.018060 0.084237 0.000000
0.229602 -0.020401 -0.143049 1.000000
-0.047313 -0.002580 -0.653490 1.000000
-0.328963 0.049512 0.896831 1.000000
0.051753 -0.091792 0.018211 0.000000
-0.793745 0.293797 -0.015897 2.000000
-0.685207 0.007521 -0.006617 0.000000
0.087695 0.076393 -0.076996 0.000000
-0.698401 0.019757 -0.039712 0.000000
0.073023 -0.025383 -0.608843 1.000000
0.161276 -0.006276 0.084647 0.000000
0.014169 -0.123272 0.050348 0.000000
-0.081476 -0.020620 -0.464172 1.000000
-0.829139 0.083894 -0.188544 2.000000
0.604624 0.033006 0.081828 0.000000
0.258864 -0.004907 -0.101112 0.000000
0.004451 -0.082704 -0.590202 3.000000
-0.017722 -0.036907 -0.315067 1.000000
-0.650579 0.184712 -0.020414 2.000000
-0.662049 0.101386 0.017253 0.000000
0.015811 -0.039645 -0.300914 1.000000
-0.055416 -0.026806 -0.398256 1.000000
-0.528382 0.137848 -0.005002 2.000000
0.204062 -0.023658 -0.149810 1.000000
-0.789557 0.069906 0.108107 2.000000
-0.766563 0.045488 0.024917 0.000000
0.181889 -0.071125 -0.093557 1.000000
0.096154 -0.093982 -0.628498 3.000000
-0.486226 -0.032609 -0.045297 0.000000
0.677795 -0.029297 0.075696 0.000000
0.380788 -0.097568 -0.063446 0.000000
0.827721 -0.086892 -0.009026 0.000000
0.015291 -0.066170 -0.247590 1.000000
0.033002 -0.138574 -0.033197 0.000000
0.079155 -0.030091 -0.589709 3.000000
0.930675 -0.014023 -0.055398 0.000000
0.028787 -0.021249 0.341688 1.000000
0.510430 -0.012189 0.083114 0.000000
-0.494356 -0.033431 0.023904 0.000000
0.080003 -0.035073 0.198413 1.000000
0.651324 -0.059107 0.060722 0.000000
-0.862973 0.093420 0.261620 2.000000
0.220103 -0.050758 0.194909 1.000000
0.030949 0.082032 0.056425 0.000000
0.357465 -0.014242 0.121137 1.000000
-0.820626 0.076695 0.115142 2.000000
0.290262 -0.081280 0.292306 3.000000
-0.001516 0.000130 0.545952 1.000000
-0.052240 -0.006057 -0.621107 1.000000
0.039681 -0.026888 -0.605093 3.000000
-0.063381 0.004865 0.668724 1.000000
-0.653563 0.195607 -0.019921 2.000000
-0.684632 0.116551 0.006796 2.000000
-0.580338 0.056821 0.032062 2.000000
-0.201866 0.000595 -0.672296 1.000000
-0.205945 0.041902 0.079145 0.000000
-0.348453 0.100510 0.032007 0.000000
0.304743 -0.000254 0.084784 0.000000
-0.147447 0.003086 -0.656638 1.000000
-0.266496 0.017759 -0.886251 1.000000
0.054107 -0.002936 0.515239 1.000000
0.103928 -0.007644 -0.100866 0.000000
0.136311 -0.043778 -0.270338 1.000000
0.312955 -0.014597 -0.171518 1.000000
0.060075 -0.072274 0.620546 3.000000
0.288784 -0.074984 0.075641 1.000000
0.052273 -0.067566 -0.052934 0.000000
0.076691 -0.021523 -0.457904 1.000000
0.646205 -0.104329 -0.008178 0.000000
0.232147 -0.045749 0.223214 1.000000
0.337537 0.077160 -0.076832 0.000000
0.346762 -0.106546 0.302790 3.000000
0.238115 0.003935 -0.101276 0.000000
0.793011 0.037221 0.063296 0.000000
0.184489 -0.032062 -0.109379 1.000000
-0.148925 0.005440 -0.744919 1.000000
0.102751 0.061694 -0.086850 0.000000
-0.550391 0.058108 -0.024821 2.000000
0.108445 -0.021304 -0.278386 1.000000
0.909515 -0.050047 0.023987 0.000000
0.988105 -0.001786 -0.039056 0.000000
-0.409880 -0.052127 0.021824 0.000000
-0.183745 0.071740 0.064062 0.000000
-0.090701 0.008287 -0.707362 1.000000
0.013512 -0.019443 -0.484456 1.000000
0.359299 -0.057000 0.132990 1.000000
-0.225298 0.007302 -0.733395 1.000000
0.097495 -0.016076 -0.326947 1.000000
-0.723750 0.065143 0.093763 2.000000
-0.744335 0.081239 -0.226430 2.000000
0.309232 -0.056753 0.340374 3.000000
-0.397973 -0.055111 0.013940 0.000000
-0.238492 -0.036825 0.071289 0.000000
0.058213 -0.135946 0.061242 0.000000
0.040448 -0.064883 0.553672 3.000000
0.051151 -0.041835 0.272651 1.000000
0.350567 -0.033102 0.196552 1.000000
0.962264 -0.027710 0.020483 0.000000
0.974254 -0.033732 -0.026354 0.000000
0.334197 -0.114512 0.353815 3.000000
0.307453 -0.105807 0.354718 3.000000
0.270005 -0.020784 -0.299190 1.000000
0.190867 -0.036524 0.290964 1.000000
-0.701440 0.164948 -0.020770 2.000000
-0.019720 -0.018019 -0.417609 1.000000
0.090159 0.109790 -0.006864 0.000000
-0.836722 0.095938 0.284230 2.000000
0.345749 -0.014625 0.139422 1.000000
-0.234523 -0.018786 0.079391 0.000000
0.353140 -0.094173 -0.338334 3.000000
0.085177 -0.052620 0.183850 1.000000
0.034508 -0.069564 0.561254 3.000000
0.191086 -0.060723 0.334106 1.000000
-0.492139 0.074860 0.056370 0.000000
-0.044110 -0.011395 -0.568029 1.000000
-0.049585 0.070535 0.064938 0.000000
0.572843 0.000157 0.084510 0.000000
0.906038 0.060188 0.021687 0.000000
0.178741 -0.048623 -0.229414 1.000000
0.632217 0.128595 0.017964 0.000000
0.187090 -0.018868 -0.210854 1.000000
-0.005185 -0.022728 -0.453278 1.000000
-0.212651 -0.085058 -0.034895 0.000000
0.608237 -0.087220 0.023932 0.000000
0.579303 0.119015 0.033294 0.000000
0.770975 0.005221 -0.088219 0.000000
-0.820079 0.316928 -0.001854 2.000000
0.415443 -0.016432 0.069811 1.000000
0.259850 -0.080322 -0.311070 3.000000
0.089036 -0.012134 0.349572 1.000000
0.850770 -0.009342 0.059162 0.000000
-0.014601 -0.002964 0.511735 1.000000
0.454040 0.058409 0.072438 0.000000
0.340657 -0.085578 -0.087151 0.000000
0.003274 -0.005674 -0.604956 1.000000
-0.271916 -0.080432 -0.022713 0.000000
0.007052 0.041765 -0.095610 0.000000
0.367155 -0.014324 -0.133468 1.000000
-0.659421 0.074724 -0.138806 2.000000
0.858627 0.082607 -0.040424 0.000000
0.063360 -0.006522 0.424056 1.000000
-0.817834 0.074423 -0.109187 2.000000
-0.771134 0.240473 0.000801 2.000000
0.278519 -0.117934 0.313767 3.000000
-0.629063 0.002429 -0.040506 0.000000
-0.004172 -0.059107 0.612580 3.000000
0.121420 -0.037975 0.301147 1.000000
-0.284481 -0.075997 0.024315 0.000000
0.252076 -0.066991 -0.133140 1.000000
0.066590 -0.101701 0.580553 3.000000
-0.591096 0.053043 -0.068154 0.000000
0.392449 -0.053605 0.133619 1.000000
-0.014546 -0.031049 0.323129 1.000000
-0.233045 0.010121 -0.790990 1.000000
-0.073072 -0.004387 -0.603861 1.000000
0.067876 -0.050676 -0.211703 1.000000
-0.719698 0.016527 -0.017102 0.000000
-0.159190 -0.003976 0.621723 1.000000
-0.267755 0.021208 0.877834 1.000000
-0.724106 0.142939 -0.020469 2.000000
-0.299947 0.049375 0.076353 0.000000
-0.178023 -0.090587 -0.026026 0.000000
0.114330 -0.097869 -0.602547 3.000000
0.292014 -0.055330 -0.363300 3.000000
0.379884 -0.051963 -0.158050 1.000000
0.309479 -0.078132 0.355266 3.000000
-0.121524 0.007521 0.742305 1.000000
0.148055 0.066977 -0.083648 0.000000
0.021587 -0.016459 0.381025 1.000000
-0.754573 0.163661 0.002580 2.000000
0.131220 -0.008958 -0.100702 0.000000
0.021615 -0.049390 0.194143 1.000000
-0.761252 0.117263 -0.019319 2.000000
0.027746 -0.097130 0.039781 0.000000
0.189745 -0.040931 -0.280329 1.000000
0.504901 0.127090 0.017910 0.000000
-0.686959 0.009355 0.007070 0.000000
-0.028644 -0.034416 0.319050 1.000000
-0.729991 0.018771 0.003593 0.000000
0.314406 -0.050375 -0.348791 3.000000
0.437014 -0.048897 0.103617 1.000000
-0.040168 -0.014515 0.524683 1.000000
0.234447 -0.060285 -0.156490 1.000000
0.037300 -0.099895 -0.001416 0.000000
0.909569 0.044311 0.031460 0.000000
0.217803 -0.035347 -0.308086 1.000000
-0.212816 -0.091491 -0.007302 0.000000
-0.003652 -0.034444 -0.304582 1.000000
-0.785478 0.109269 -0.013160 0.000000
0.067137 -0.023850 0.289048 1.000000
0.797254 -0.138683 -0.019401 0.000000
0.852632 0.115702 0.007535 0.000000
0.537065 0.130813 0.009615 0.000000
-0.032011 0.105930 -0.032814 0.000000
0.120818 -0.067648 0.168959 1.000000
0.003411 0.000102 0.570863 1.000000
0.535012 -0.054125 0.066717 0.000000
0.309396 -0.080158 -0.372004 3.000000
0.560908 0.103192 -0.062104 0.000000
-0.243036 0.012694 0.772554 1.000000
0.268500 -0.121684 0.325729 3.000000
0.182902 -0.073561 0.087467 0.000000
0.306686 -0.065267 -0.318187 3.000000
0.450564 0.067853 0.066690 0.000000
0.116164 -0.067210 0.079665 1.000000
-0.628981 0.067524 0.089985 2.000000
0.155281 0.006645 -0.101331 0.000000
-0.001188 -0.042190 0.398954 1.000000
0.302608 -0.068223 0.115005 1.000000
0.090049 -0.064172 0.148894 1.000000
-0.003898 0.001115 -0.579061 1.000000
-0.144326 0.003497 0.711920 1.000000
0.271922 -0.116784 -0.330423 3.000000
-0.719589 0.068866 0.124887 2.000000
0.137981 -0.090697 0.110433 1.000000
0.087449 -0.045557 -0.193800 1.000000
-0.564434 0.055151 -0.028462 2.000000
0.101245 0.045543 -0.094433 0.000000
0.023312 -0.050320 0.086262 0.000000
0.027828 -0.098663 -0.608050 3.000000
-0.246349 0.018032 -0.838045 1.000000
-0.087142 -0.023932 0.080486 0.000000
0.773275 0.128595 0.011121 0.000000
0.263874 -0.036305 -0.278386 1.000000
0.101273 -0.049116 -0.165715 1.000000
-0.032641 -0.021934 0.444888 1.000000
0.338084 -0.118043 -0.334666 3.000000
-0.653344 0.178033 0.004360 2.000000
-0.822214 0.077516 0.170355 2.000000
-0.725721 0.136671 0.004195 2.000000
0.214190 -0.070659 -0.105191 1.000000
0.462718 -0.087932 0.063980 0.000000
0.870178 -0.042601 0.041396 0.000000
0.044882 -0.045831 0.558435 3.000000
0.662575 -0.084127 -0.043353 0.000000
0.523077 -0.096062 -0.002046 0.000000
0.157334 0.016143 0.084373 0.000000
-0.490633 0.117728 -0.016226 2.000000
0.102806 -0.019497 0.284258 1.000000
0.812337 -0.101345 -0.000321 0.000000
-0.060808 -0.023822 -0.436333 1.000000
0.015839 -0.049362 -0.241869 1.000000
0.034535 -0.053687 0.157051 1.000000
-0.483434 0.065635 0.062748 0.000000
0.884057 -0.008329 -0.067962 0.000000
-0.083474 -0.007535 0.525969 1.000000
-0.086239 -0.015063 0.588875 1.000000
0.050740 -0.007617 -0.435074 1.000000
0.210604 -0.016048 0.348997 1.000000
0.257496 -0.091217 -0.368637 3.000000
0.036123 -0.009752 -0.562116 1.000000
-0.018926 -0.012982 0.538671 1.000000
0.307727 -0.052264 -0.355826 3.000000
0.042857 -0.110570 0.041123 0.000000
0.166395 -0.017444 -0.245564 1.000000
0.056954 -0.129157 0.031268 0.000000
0.252431 -0.017472 0.143419 1.000000
-0.012137 0.000212 -0.557244 1.000000
0.410023 -0.085688 -0.086659 0.000000
-0.058208 -0.067758 -0.071959 0.000000
0.164862 0.034730 0.081335 0.000000
-0.646856 0.127884 -0.023644 2.000000
-0.203344 0.106532 0.013585 0.000000
0.374191 -0.085770 0.295153 3.000000
0.309287 0.105820 0.039699 0.000000
-0.069349 -0.023302 0.416474 1.000000
-0.477220 -0.027381 0.037838 0.000000
0.128072 -0.094721 0.569905 3.000000
-0.781372 0.132154 -0.000239 2.000000
0.348158 -0.104329 -0.359850 3.000000
-0.649731 0.049704 0.041013 0.000000
-0.357432 0.061776 0.070030 0.000000
0.285882 -0.012490 0.084428 0.000000
0.414759 -0.099566 -0.026053 0.000000
-0.845591 0.086960 0.236299 2.000000
0.141047 -0.031296 -0.074970 1.000000
-0.585210 0.067086 -0.029091 2.000000
0.121721 -0.030502 0.356717 1.000000
-0.034310 -0.005482 0.505138 1.000000
0.044964 -0.099977 -0.050963 0.000000
0.181287 -0.015939 -0.247563 1.000000
0.026350 -0.021249 0.452772 1.000000
0.249119 -0.012243 0.268162 1.000000
0.084328 -0.033431 -0.218601 1.000000
0.520039 -0.069537 -0.069851 0.000000
-0.209312 0.006344 -0.717463 1.000000
0.276849 0.118166 -0.027777 0.000000
0.225167 -0.072137 0.320008 3.000000
-0.030369 -0.040712 -0.610568 1.000000
0.336196 -0.070632 -0.120301 1.000000
0.102121 -0.035456 0.609953 3.000000
0.091363 -0.048514 0.247467 1.000000
-0.746415 0.323279 -0.006919 2.000000
-0.304108 0.042450 -0.094980 0.000000
-0.031518 0.002703 0.593035 1.000000
0.112633 0.106751 0.012681 0.000000
0.825203 -0.080103 0.005263 0.000000
0.168722 -0.020729 -0.411642 1.000000
0.936286 -0.040603 0.020620 0.000000
-0.024428 -0.049417 0.236682 1.000000
0.238717 -0.102605 0.344097 3.000000
0.227795 -0.055357 0.160582 1.000000
-0.819887 0.090929 -0.247316 2.000000
0.363131 -0.013229 -0.102235 1.000000
0.127634 -0.008274 -0.375426 1.000000
-0.056921 -0.025958 -0.410191 1.000000
0.051671 -0.070741 0.032965 0.000000
0.144715 0.105574 0.017691 0.000000
-0.082598 -0.000254 0.579595 1.000000
0.285225 -0.050649 -0.189557 1.000000
-0.748660 0.072178 -0.165605 2.000000
0.449743 0.115182 -0.052304 0.000000
-0.219440 0.013105 0.765245 1.000000
0.216681 0.064376 -0.085208 0.000000
-0.522935 0.016636 -0.073382 0.000000
-0.703028 0.077434 0.099128 2.000000
-0.449846 0.110282 -0.013598 2.000000
-0.010632 -0.018950 -0.492012 1.000000
-0.737218 0.079788 0.118810 2.000000
0.070641 -0.051552 -0.122491 1.000000
-0.141096 0.104835 -0.036619 0.000000
-0.875812 0.089725 0.258718 2.000000
-0.818080 0.166016 -0.003579 2.000000
-0.046245 -0.094447 -0.025122 0.000000
-0.500515 -0.029927 -0.043654 0.000000
-0.197048 0.016007 0.832612 1.000000
-0.037705 -0.067456 -0.622585 3.000000
0.687923 -0.086837 0.018320 0.000000
0.545168 -0.087768 0.030885 0.000000
-0.100829 -0.005236 0.598757 1.000000
-0.081996 -0.011203 0.557176 1.000000
0.030840 -0.013147 -0.542517 1.000000
-0.576232 0.138176 0.004360 2.000000
-0.132665 0.003497 -0.651684 1.000000
0.098453 -0.007425 -0.402253 1.000000
-0.826566 0.236695 -0.013981 2.000000
0.398909 -0.099347 -0.044448 0.000000
0.238115 -0.098964 -0.050334 0.000000
0.091801 -0.040603 0.602835 3.000000
-0.880383 0.069659 -0.003716 0.000000
0.524446 0.007137 -0.101304 0.000000
0.123500 0.019675 -0.100537 0.000000
0.080961 -0.003621 0.084675 0.000000
-0.678391 0.070508 -0.048636 0.000000
-0.745156 0.301927 -0.014118 2.000000
0.043815 -0.075696 0.002635 0.000000
-0.540782 -0.025383 -0.007548 0.000000
-0.060097 -0.018704 -0.489466 1.000000
-0.488170 0.097636 -0.052578 0.000000
-0.325514 0.099141 -0.051429 0.000000
0.164671 -0.010136 -0.324620 1.000000
0.052985 -0.126557 0.019662 0.000000
-0.855035 0.090683 -0.303104 2.000000
-0.835107 0.180934 -0.004811 2.000000
-0.014902 -0.048705 -0.260291 1.000000
-0.698292 0.064842 -0.110282 2.000000
0.153420 -0.045995 -0.243429 1.000000
-0.704095 0.056985 0.021140 2.000000
0.949070 0.013379 -0.051264 0.000000
0.294067 -0.119166 0.346123 3.000000
-0.810498 0.087124 -0.211101 2.000000
-0.702508 0.059996 -0.068893 2.000000
0.798212 -0.068086 -0.053564 0.000000
0.036396 -0.029051 0.591968 3.000000
-0.790159 0.218929 -0.015733 2.000000
0.014771 -0.076380 -0.582346 3.000000
0.336305 -0.014461 -0.160295 1.000000
-0.711076 0.061529 0.063761 2.000000
-0.371831 0.023398 0.077831 0.000000
0.261164 -0.058040 -0.164346 1.000000
0.270662 -0.060914 -0.359768 3.000000
0.254649 0.086960 0.052319 0.000000
0.448045 0.113102 0.038276 0.000000
0.706893 -0.091765 -0.009464 0.000000
0.075103 -0.099183 -0.045707 0.000000
0.191853 -0.098252 -0.054850 0.000000
0.853727 -0.004387 -0.075490 0.000000
0.461267 -0.079939 0.038358 0.000000
0.365540 0.063610 -0.085673 0.000000
0.016605 -0.070249 0.167754 1.000000
0.355248 -0.117386 0.350393 3.000000
0.023887 -0.005783 -0.100948 0.000000
0.728655 0.134043 -0.013406 0.000000
0.224045 -0.016568 0.084811 0.000000
-0.730949 0.057998 -0.033389 2.000000
0.366663 -0.075340 -0.084524 1.000000
-0.020103 -0.094037 -0.052250 0.000000
0.199928 -0.099922 -0.009437 0.000000
0.023695 -0.034882 -0.585329 3.000000
0.017700 -0.017910 -0.499129 1.000000
0.311477 -0.050758 0.166331 1.000000
0.195713 -0.034553 -0.325989 1.000000
0.250515 -0.056151 0.325154 1.000000
0.272195 -0.118755 -0.353472 3.000000
0.926952 0.039959 -0.045789 0.000000
-0.795661 0.039247 -0.030351 0.000000
-0.184757 0.004920 0.726346 1.000000
-0.155632 0.107791 0.007918 0.000000
0.281858 -0.058505 0.324333 1.000000
-0.811593 0.143788 -0.013899 2.000000
0.261082 -0.015583 0.280754 1.000000
0.819372 -0.070522 -0.045817 0.000000
0.060622 -0.053414 0.617480 3.000000
0.184599 -0.060312 -0.154464 1.000000
-0.008634 -0.098143 0.006303 0.000000
-0.864835 0.219230 -0.008369 2.000000
-0.035049 -0.063788 0.584276 3.000000
-0.210160 0.007083 0.710251 1.000000
-0.412344 0.003004 0.070769 0.000000
0.098097 -0.010272 0.483184 1.000000
0.033577 -0.052072 0.173667 1.000000
0.068013 -0.021414 0.447133 1.000000
0.782527 0.132017 -0.002046 0.000000
-0.735575 0.074997 0.073725 2.000000
0.044089 -0.017198 -0.366831 1.000000
-0.867080 0.086385 0.228196 2.000000
0.810722 -0.064527 -0.022960 0.000000
0.276739 -0.057657 -0.343399 3.000000
0.812502 -0.077776 -0.031774 0.000000
0.138994 -0.017855 0.257513 1.000000
-0.799356 0.285229 -0.016089 2.000000
-0.021144 -0.033157 -0.350680 1.000000
0.235076 -0.012544 0.243936 1.000000
0.193413 -0.088890 -0.351118 3.000000
-0.194831 0.053235 0.074738 0.000000
-0.569799 0.067825 0.051634 0.000000
0.297653 -0.013667 -0.231248 1.000000
-0.188480 0.001115 0.677758 1.000000
0.149779 -0.058341 -0.157612 1.000000
0.228643 0.076667 -0.076804 0.000000
0.180547 -0.050567 -0.215097 1.000000
-0.142738 -0.030365 0.514171 1.000000
0.232886 0.107791 0.024096 0.000000
-0.021609 -0.012736 -0.455029 1.000000
-0.473142 -0.007371 0.056343 0.000000
0.065741 -0.101537 0.597032 3.000000
0.242330 -0.052373 -0.193554 1.000000
-0.834422 0.352897 -0.013324 2.000000
0.355166 -0.051032 0.320446 3.000000
0.060239 -0.069701 -0.640323 3.000000
-0.867545 0.242882 -0.010231 2.000000
0.028102 -0.051853 -0.576323 3.000000
-0.205096 0.109571 -0.011654 0.000000
0.039873 -0.040028 0.287433 1.000000
0.107815 -0.080623 -0.091613 0.000000
0.101793 -0.045065 -0.582127 3.000000
-0.631144 0.179182 -0.020222 2.000000
0.153557 -0.039070 0.073342 1.000000
-0.048600 0.003141 -0.609774 1.000000
0.827119 0.094214 -0.044448 0.000000
0.719376 0.125228 0.024644 0.000000
0.889696 0.064924 -0.040452 0.000000
0.181068 -0.041999 0.232548 1.000000
0.048797 -0.075751 -0.035333 0.000000
-0.803408 0.086221 0.257513 2.000000
0.355987 -0.053687 -0.155860 1.000000
0.018001 -0.035621 0.322800 1.000000
0.247312 -0.110023 0.329945 3.000000
0.144551 -0.075149 -0.149017 1.000000
-0.885009 0.281698 -0.006672 2.000000
0.172773 -0.122724 -0.167302 1.000000
0.098426 -0.046817 0.582250 3.000000
-0.686302 0.067497 0.114594 2.000000
0.075486 0.050087 0.076134 0.000000
0.049262 0.080582 -0.073903 0.000000
-0.159108 -0.005099 0.605956 1.000000
-0.537470 0.138341 -0.015350 2.000000
0.171952 -0.027244 0.149386 1.000000
-0.416450 0.029694 -0.090573 0.000000
-0.850436 0.051894 -0.018908 0.000000
0.632600 -0.046625 0.070194 0.000000
0.091610 -0.096719 -0.062159 0.000000
-0.322366 -0.033951 -0.079980 0.000000
-0.012959 -0.005756 0.599222 1.000000
0.735252 0.058655 0.064254 0.000000
0.292096 -0.099593 -0.020715 0.000000
0.292534 -0.015638 -0.112582 1.000000
-0.628872 -0.001732 0.019169 0.000000
-0.259516 0.020660 -0.875110 1.000000
-0.824321 0.069687 0.075942 2.000000
0.136010 -0.008165 -0.442218 1.000000
-0.206301 0.059422 -0.088219 0.000000
0.142470 -0.028476 0.366681 1.000000
0.298721 -0.042574 0.215577 1.000000
0.427214 -0.067566 -0.090847 1.000000
0.371836 -0.104959 -0.307730 3.000000
0.121885 -0.077256 -0.630825 3.000000
-0.553949 0.073930 0.050567 0.000000
0.261848 -0.047090 -0.349311 3.000000
-0.006800 -0.037920 -0.286817 1.000000
-0.000421 0.064869 -0.084907 0.000000
0.369318 -0.013776 -0.116223 1.000000
0.088872 -0.029680 -0.352569 3.000000
0.206361 -0.083552 0.316751 3.000000
0.022272 -0.053468 0.149414 1.000000
-0.036993 -0.018649 0.415379 1.000000
-0.765030 0.072287 0.057958 2.000000
-0.685946 0.195470 -0.020085 2.000000
0.621404 0.134371 -0.010641 0.000000
0.062374 -0.022262 -0.452621 1.000000
0.077622 -0.070440 0.169178 1.000000
-0.692543 0.076585 -0.107846 2.000000
0.801443 0.082169 -0.058710 0.000000
-0.137182 -0.008767 -0.100127 0.000000
-0.186728 -0.031432 -0.092818 0.000000
0.529647 0.098128 0.048733 0.000000
-0.875648 0.093803 0.001321 0.000000
-0.661036 0.144062 0.006002 2.000000
0.115343 -0.074190 0.163484 1.000000
-0.233948 0.012612 -0.824057 1.000000
0.055805 -0.093954 0.056507 0.000000
0.202282 -0.010710 0.332792 1.000000
-0.268111 -0.011668 -0.097116 0.000000
-0.071539 0.005933 0.641022 1.000000
0.188294 -0.065267 -0.347477 3.000000
-0.727527 0.057232 0.010327 2.000000
0.638705 -0.086673 -0.039877 0.000000
