0.052139 -0.010050 0.402780 1.000000
-0.857232 0.090627 -0.166812 2.000000
0.002450 0.002162 0.386804 1.000000
0.490266 -0.063286 0.028449 0.000000
0.306919 -0.097568 0.226311 3.000000
-0.832618 0.090979 -0.174286 2.000000
-0.919783 0.299834 -0.011654 2.000000
0.005619 -0.069866 0.575973 3.000000
0.003723 -0.058060 0.544075 3.000000
0.356716 0.091304 0.032863 0.000000
0.848432 -0.069216 -0.028280 0.000000
0.275427 -0.028653 -0.105182 0.000000
-0.646049 0.005601 -0.063102 0.000000
0.452005 0.006251 0.074564 0.000000
0.008462 -0.001142 0.074672 0.000000
0.424656 -0.027380 -0.091968 0.000000
0.002775 -0.042869 -0.629608 3.000000
0.104048 -0.052617 0.542071 3.000000
-0.168387 0.104545 -0.013576 0.000000
0.075887 -0.012352 0.071017 0.000000
-0.042283 -0.037399 0.595795 3.000000
-0.103859 -0.047608 -0.076967 0.000000
0.041470 -0.148042 0.136465 3.000000
-0.815532 0.154640 -0.016203 2.000000
-0.252871 0.031921 0.073806 0.000000
-0.388046 0.018788 -0.100416 0.000000
-0.253277 0.017867 0.075593 0.000000
-0.769851 0.089408 -0.044689 0.000000
-0.900016 0.077927 -0.153436 2.000000
0.107406 -0.116604 0.142991 3.000000
0.103642 -0.034394 -0.575343 3.000000
0.051652 -0.061364 -0.108107 0.000000
0.091673 -0.051318 0.613585 3.000000
-0.821218 0.080418 0.052522 2.000000
-0.068170 0.011314 -0.527712 1.000000
0.256012 -0.113598 -0.281462 3.000000
-0.707300 0.149739 -0.021348 2.000000
-0.864706 0.067773 -0.076939 2.000000
-0.917048 0.084047 0.192761 2.000000
-0.405106 -0.058060 0.021463 0.000000
0.411198 0.024150 -0.101851 0.000000
0.062293 0.001593 -0.337189 1.000000
0.080734 -0.035369 -0.559827 3.000000
0.012551 -0.014762 0.256855 1.000000
0.203751 -0.045658 -0.286282 3.000000
0.118995 -0.047039 0.262812 1.000000
0.875997 -0.013571 -0.069601 0.000000
0.010601 -0.117389 0.158425 3.000000
-0.193624 -0.053457 -0.069655 0.000000
0.139548 0.000239 0.246024 1.000000
-0.162457 0.013887 0.670043 1.000000
0.388181 -0.076176 -0.024868 0.000000
0.040116 -0.025729 0.602591 3.000000
-0.167141 0.029619 0.833136 1.000000
0.014175 -0.012812 0.373373 1.000000
-0.063133 -0.012785 0.374213 1.000000
0.086881 -0.117714 0.162839 3.000000
-0.484364 0.062790 -0.086227 0.000000
-0.061698 0.003895 -0.474747 1.000000
0.916777 0.058241 0.003483 0.000000
-0.646590 -0.002550 0.028747 0.000000
-0.045262 -0.038889 -0.108702 0.000000
-0.108246 0.031975 -0.710626 1.000000
-0.798229 0.093633 0.014206 0.000000
-0.061779 0.013995 -0.538327 1.000000
-0.030071 -0.021640 -0.288367 1.000000
0.155389 0.003868 0.285477 1.000000
0.235974 -0.108128 -0.269141 3.000000
-0.455580 -0.005772 0.064599 0.000000
0.384498 -0.041245 0.062406 0.000000
-0.517074 0.090708 0.032376 0.000000
0.046723 -0.020205 0.550141 3.000000
-0.123978 0.009338 0.613423 1.000000
0.448620 -0.072331 0.000478 0.000000
0.374534 0.103191 -0.024462 0.000000
0.033645 -0.013733 -0.366271 1.000000
0.007974 0.011125 0.456314 1.000000
-0.569390 0.096665 -0.047559 0.000000
0.124113 -0.066157 0.541882 3.000000
-0.023464 -0.050803 -0.072986 0.000000
-0.016098 -0.043465 0.121057 1.000000
-0.000718 -0.037427 -0.084792 0.000000
-0.212416 0.035387 -0.835539 1.000000
0.194463 -0.003281 0.160158 1.000000
0.194923 -0.023373 0.235653 1.000000
-0.089074 0.001133 0.522223 1.000000
0.033672 -0.031226 0.543181 3.000000
-0.270093 0.054477 -0.093132 0.000000
0.088911 -0.083460 -0.092482 0.000000
0.255741 -0.083162 -0.019398 0.000000
0.089345 -0.123319 -0.156279 3.000000
0.060181 -0.019528 -0.627388 3.000000
-0.639631 0.097180 0.016616 0.000000
-0.598364 -0.013895 0.032863 0.000000
-0.254144 0.048358 0.870748 1.000000
0.053276 -0.111161 -0.053029 0.000000
0.027335 0.013075 0.454202 1.000000
-0.526904 0.098994 0.015614 0.000000
0.088884 -0.053809 -0.107863 0.000000
0.400935 0.102487 0.002481 0.000000
0.222164 -0.062041 0.031293 0.000000
-0.368604 0.006359 0.073562 0.000000
0.475021 -0.063774 0.027285 0.000000
-0.097983 -0.019284 0.068173 0.000000
0.584580 0.004437 0.074266 0.000000
-0.702480 0.057131 -0.058039 0.000000
0.205267 -0.017903 0.262487 1.000000
0.272151 -0.041055 -0.303368 3.000000
-0.079976 -0.010781 0.410768 1.000000
0.077945 -0.049639 0.534679 3.000000
0.440713 -0.067077 -0.046612 0.000000
0.019916 -0.127624 -0.006861 0.000000
-0.006242 -0.063693 -0.054546 0.000000
0.133537 -0.078640 -0.590697 3.000000
-0.092838 -0.004824 0.458670 1.000000
-0.811578 0.087513 0.125688 2.000000
-0.152438 -0.013489 0.578329 1.000000
0.309275 -0.006557 -0.100173 0.000000
0.257501 -0.015006 0.079140 0.000000
0.529340 0.065119 -0.087121 0.000000
-0.184255 0.020386 -0.713199 1.000000
0.083956 -0.131090 -0.156306 3.000000
0.378704 0.100565 0.011986 0.000000
-0.293705 0.103245 -0.003124 0.000000
-0.810441 0.196341 -0.018450 2.000000
0.098714 -0.001656 -0.600255 1.000000
-0.228799 0.065227 0.060050 0.000000
0.022515 0.007226 -0.414958 1.000000
0.100339 -0.038185 0.185233 1.000000
0.152573 0.000050 -0.245177 1.000000
-0.030856 -0.007938 -0.367598 1.000000
-0.566222 0.014645 -0.087310 0.000000
0.199933 -0.053186 -0.303314 3.000000
0.169226 -0.097215 -0.272905 3.000000
0.613717 -0.048204 0.049219 0.000000
0.630343 0.092685 -0.058310 0.000000
0.018481 -0.016143 0.337874 1.000000
0.314555 -0.065290 -0.246910 3.000000
0.704564 -0.064315 -0.053381 0.000000
0.623275 0.102406 0.002915 0.000000
0.727798 -0.071058 0.004918 0.000000
0.214663 -0.073576 -0.316393 3.000000
0.094110 -0.002143 0.267984 1.000000
0.762079 0.087946 -0.058689 0.000000
-0.133456 0.020007 -0.652056 1.000000
0.093217 -0.152482 0.168553 3.000000
-0.085283 0.103029 -0.025382 0.000000
0.705945 -0.071843 -0.031475 0.000000
-0.056147 0.027778 -0.670605 1.000000
-0.052465 -0.011052 -0.374503 1.000000
-0.568253 0.054829 -0.085659 0.000000
0.943260 -0.025999 0.006354 0.000000
-0.895738 0.099292 -0.250836 2.000000
-0.810549 0.213996 -0.005534 2.000000
0.275183 -0.079127 -0.244717 3.000000
0.282251 -0.030305 -0.138840 1.000000
0.032372 -0.073928 -0.011951 0.000000
-0.161590 0.095528 0.024279 0.000000
-0.858397 0.073811 0.124902 2.000000
0.001638 -0.024862 0.318729 1.000000
0.489021 0.102650 -0.028767 0.000000
-0.022028 -0.014058 -0.362941 1.000000
-0.030612 -0.008399 0.582174 1.000000
0.807760 -0.073170 -0.009433 0.000000
0.657773 -0.057140 0.037521 0.000000
0.921651 -0.001710 0.030832 0.000000
0.101367 -0.041867 -0.637217 3.000000
-0.289346 0.021685 0.075132 0.000000
-0.493056 -0.043979 -0.046964 0.000000
-0.075454 0.001647 -0.477563 1.000000
-0.108354 0.028428 0.734652 1.000000
0.134728 0.003841 0.277760 1.000000
-0.719295 0.103083 -0.003395 0.000000
0.060696 -0.003822 -0.460775 1.000000
0.274560 0.014158 0.075674 0.000000
-0.781928 0.045893 0.019839 0.000000
-0.449812 0.102243 -0.034426 0.000000
0.326876 -0.050289 0.251331 3.000000
-0.629774 0.102135 -0.030906 0.000000
0.013146 -0.009834 -0.405372 1.000000
0.331452 -0.086222 0.229831 3.000000
0.099689 -0.126298 0.160944 3.000000
-0.028554 -0.008182 0.422791 1.000000
-0.840308 0.103191 -0.021618 0.000000
0.076862 0.011125 -0.397384 1.000000
-0.831481 0.063034 -0.054925 2.000000
0.167547 0.082097 -0.071984 0.000000
0.558396 0.088867 -0.063265 0.000000
-0.178974 0.057293 0.065113 0.000000
-0.745859 0.199644 -0.004965 2.000000
0.021676 0.102406 0.003050 0.000000
-0.248457 0.031867 -0.857987 1.000000
-0.129475 -0.071112 0.009657 0.000000
0.153954 -0.007695 0.072804 0.000000
0.128717 -0.050451 -0.144175 1.000000
0.020539 -0.046010 -0.014009 0.000000
0.261536 -0.115304 0.254526 3.000000
0.172367 -0.014193 -0.309542 1.000000
-0.679951 0.019086 0.034353 0.000000
0.004454 -0.019636 0.586128 3.000000
0.023788 0.018896 -0.102420 0.000000
-0.176754 0.036091 0.810932 1.000000
-0.165625 0.020873 -0.729906 1.000000
0.018941 -0.003227 0.475675 1.000000
-0.024438 -0.037237 -0.623895 3.000000
-0.610684 0.103435 -0.022214 0.000000
-0.078378 0.012127 -0.598576 1.000000
0.007893 -0.047770 -0.113062 1.000000
0.736219 0.098913 0.012202 0.000000
-0.044233 -0.051345 0.081523 0.000000
0.651870 0.100240 0.012636 0.000000
0.011522 -0.053024 0.082335 0.000000
0.578975 -0.012487 -0.098142 0.000000
-0.203616 0.032002 -0.859422 1.000000
-0.850111 0.301296 -0.006563 2.000000
0.798986 0.066581 0.046809 0.000000
-0.188154 0.006549 0.074835 0.000000
0.391593 0.030323 0.073779 0.000000
0.092621 -0.029086 0.064030 0.000000
-0.895819 0.079931 0.126419 2.000000
0.075074 -0.001873 0.288401 1.000000
-0.007812 -0.063124 -0.600174 3.000000
-0.222679 0.030486 -0.818669 1.000000
0.105917 -0.009482 0.580360 3.000000
-0.001314 -0.030792 0.208602 1.000000
-0.870555 0.283154 -0.016636 2.000000
0.088234 -0.025485 -0.108946 1.000000
0.108814 -0.083189 0.590758 3.000000
0.398742 -0.060497 -0.060611 0.000000
0.875781 0.010177 -0.075017 0.000000
0.637735 0.018923 -0.102637 0.000000
-0.056283 0.010529 0.569691 1.000000
-0.306459 0.099942 0.015100 0.000000
-0.011495 -0.026297 0.082417 0.000000
-0.021758 0.032571 0.073643 0.000000
0.257637 0.102731 0.000586 0.000000
-0.482333 0.089787 0.034380 0.000000
0.042689 -0.020773 -0.204803 1.000000
-0.012199 -0.077692 -0.104126 0.000000
-0.156635 0.014456 -0.645503 1.000000
0.837627 0.084670 -0.042767 0.000000
0.056174 -0.105312 0.186316 1.000000
0.291945 -0.109726 0.236817 3.000000
0.216775 0.100348 -0.039625 0.000000
-0.030423 0.021198 -0.637840 1.000000
0.126144 0.004301 -0.376724 1.000000
-0.063458 0.001972 -0.101120 0.000000
0.913744 -0.008480 0.031239 0.000000
-0.000610 -0.015656 -0.282112 1.000000
-0.721353 0.119519 -0.003313 2.000000
-0.224141 0.093795 -0.056008 0.000000
-0.184119 -0.047906 -0.076750 0.000000
0.077430 -0.024104 -0.145475 1.000000
-0.438872 -0.038483 -0.070386 0.000000
-0.321434 -0.059983 0.034840 0.000000
0.209220 -0.091908 0.239065 3.000000
0.360805 -0.072493 -0.026357 0.000000
0.114392 -0.086330 0.027881 0.000000
0.018724 0.001620 0.516915 1.000000
0.249242 -0.046823 0.114802 1.000000
-0.607164 0.069316 0.048406 0.000000
-0.054414 -0.032634 0.307627 1.000000
-0.143583 -0.065534 -0.087094 0.000000
0.078405 0.008877 0.371884 1.000000
0.132291 -0.032309 -0.232504 1.000000
0.005456 -0.035017 0.059671 0.000000
0.309302 0.102027 -0.033397 0.000000
-0.772017 0.042779 -0.046612 0.000000
0.022326 -0.003524 -0.337433 1.000000
0.627364 -0.067077 0.019189 0.000000
0.217804 -0.062826 0.261621 3.000000
0.710928 -0.059441 0.034461 0.000000
0.062212 0.024854 -0.101635 0.000000
0.015069 -0.107641 -0.019696 0.000000
0.313689 -0.069541 0.297527 3.000000
0.141416 -0.046579 -0.162940 1.000000
0.003317 -0.142328 -0.006888 0.000000
0.048565 -0.027191 -0.161370 1.000000
0.476023 0.055290 -0.092997 0.000000
-0.823033 0.077223 -0.055548 2.000000
0.027498 -0.131957 -0.156279 3.000000
-0.081844 0.021550 0.611175 1.000000
0.062266 -0.002577 -0.604615 1.000000
-0.221487 0.034710 0.846865 1.000000
0.061210 -0.125648 0.148542 3.000000
-0.167412 0.041128 -0.844773 1.000000
-0.614042 -0.025702 -0.006725 0.000000
0.220918 -0.023996 0.080575 0.000000
0.340550 -0.019392 0.073427 0.000000
-0.886964 0.088109 -0.179079 2.000000
-0.874346 0.067069 -0.058905 2.000000
0.018779 -0.071897 0.003971 0.000000
0.094138 -0.025756 0.248705 1.000000
0.096168 -0.021044 -0.292727 1.000000
0.108976 -0.015033 0.069879 0.000000
-0.014880 -0.050560 0.545889 3.000000
0.232400 -0.039160 -0.169168 1.000000
-0.012768 -0.016847 -0.096138 0.000000
-0.855012 0.073243 0.045048 2.000000
0.752737 -0.052699 -0.066054 0.000000
-0.072665 -0.081050 0.001154 0.000000
-0.147834 -0.066861 -0.046937 0.000000
0.893923 -0.042219 -0.040790 0.000000
0.001124 -0.080698 0.075864 0.000000
0.197956 -0.091312 0.248136 3.000000
-0.098850 -0.049883 0.077597 0.000000
0.008299 -0.022723 -0.225897 1.000000
0.137598 0.002704 0.266035 1.000000
0.086691 -0.038889 0.612827 3.000000
0.730370 -0.065913 -0.047153 0.000000
-0.025007 0.002216 -0.423055 1.000000
0.282901 -0.085626 0.298447 3.000000
0.222489 -0.008696 0.198718 1.000000
0.902101 -0.044548 0.003050 0.000000
0.368360 -0.073847 -0.011437 0.000000
-0.377052 -0.068567 -0.023622 0.000000
0.323112 -0.017307 0.083202 1.000000
-0.012307 -0.071762 0.556558 3.000000
0.166897 -0.055055 -0.067570 0.000000
0.469416 -0.032932 0.061133 0.000000
-0.049107 0.021117 -0.582140 1.000000
0.107189 -0.056869 -0.065187 0.000000
-0.875998 0.064632 -0.025951 0.000000
0.028554 0.002081 0.361838 1.000000
-0.871097 0.071943 -0.117286 2.000000
-0.064866 0.019952 -0.583846 1.000000
-0.757530 0.192441 -0.020616 2.000000
0.230856 -0.057221 0.232024 3.000000
-0.019916 -0.016387 -0.304370 1.000000
-0.331967 0.080066 0.048271 0.000000
0.282792 0.050497 -0.094919 0.000000
-0.473235 0.100267 -0.039842 0.000000
0.263892 0.036308 -0.100200 0.000000
0.402560 -0.053430 0.050031 0.000000
0.025602 0.007388 0.074862 0.000000
0.108002 -0.020963 0.567389 3.000000
-0.001124 -0.027272 -0.247777 1.000000
0.155930 -0.045929 -0.166108 1.000000
0.350705 0.035170 -0.100362 0.000000
0.835975 -0.058927 0.001940 0.000000
-0.271555 0.039557 0.072479 0.000000
-0.813582 0.082910 -0.086227 2.000000
-0.123789 0.017028 -0.623028 1.000000
0.044016 -0.135910 -0.153977 3.000000
0.022949 -0.060687 0.081767 0.000000
0.079488 -0.151670 0.129804 3.000000
-0.107867 -0.073766 0.069013 0.000000
0.981549 -0.005853 -0.013468 0.000000
0.000447 0.084968 -0.068166 0.000000
-0.933377 0.325613 -0.011789 2.000000
-0.014771 -0.038103 -0.175829 1.000000
0.005375 -0.076663 -0.107836 0.000000
-0.023030 0.074813 0.052495 0.000000
0.609736 0.104274 -0.011112 0.000000
0.884662 0.078577 -0.007565 0.000000
0.049621 -0.034123 0.185395 1.000000
0.260696 -0.008832 0.117943 1.000000
0.104048 -0.066373 0.565331 3.000000
0.045261 0.014401 0.470720 1.000000
0.101313 -0.086411 -0.047668 0.000000
0.448322 0.061030 0.062866 0.000000
0.450380 -0.068810 0.015046 0.000000
0.181953 -0.010457 0.112473 1.000000
-0.089345 -0.003497 0.472724 1.000000
-0.143502 0.022173 0.770260 1.000000
-0.234972 0.001377 0.074158 0.000000
0.312470 -0.046687 0.235761 3.000000
0.072258 -0.043573 0.146348 1.000000
-0.678624 0.068071 0.038360 0.000000
0.880628 -0.051859 -0.019479 0.000000
-0.014528 -0.026487 0.319271 1.000000
0.273992 -0.012108 0.106462 1.000000
-0.295357 0.002595 0.074347 0.000000
-0.157880 0.029349 -0.824220 1.000000
0.167114 -0.075986 -0.091345 0.000000
-0.058638 -0.023129 0.570368 1.000000
0.130693 0.008471 -0.348048 1.000000
0.534025 0.073757 -0.080433 0.000000
-0.132941 0.005899 -0.101608 0.000000
0.194598 -0.061905 -0.309705 3.000000
-0.678218 0.002135 -0.047370 0.000000
-0.615748 0.094526 -0.049374 0.000000
0.001394 -0.032959 0.586344 3.000000
0.831805 -0.073305 0.000396 0.000000
0.102640 -0.085599 -0.076452 0.000000
0.078080 -0.087278 -0.005642 0.000000
0.527580 -0.054946 0.040445 0.000000
0.127281 -0.075688 -0.617937 3.000000
0.194896 -0.056002 0.240419 3.000000
-0.023545 0.096882 -0.047939 0.000000
-0.090049 0.009500 0.615183 1.000000
-0.142040 -0.002360 -0.596031 1.000000
0.615558 0.085699 -0.067408 0.000000
0.082034 -0.003362 -0.281543 1.000000
0.221595 -0.080373 -0.074963 0.000000
0.164650 -0.087007 -0.305941 3.000000
0.026252 -0.128681 -0.196517 3.000000
-0.757774 0.044133 0.022925 0.000000
-0.547321 0.014401 -0.089450 0.000000
-0.408193 0.000131 0.070231 0.000000
-0.008598 -0.043492 -0.126926 1.000000
0.075697 -0.075228 0.545104 3.000000
-0.053710 -0.082756 0.011553 0.000000
-0.481277 -0.052969 -0.018342 0.000000
0.252979 0.043863 -0.097681 0.000000
-0.051029 -0.016251 0.329506 1.000000
0.125034 -0.032255 -0.570902 3.000000
0.265246 -0.019853 -0.165865 1.000000
0.526470 0.103137 -0.002447 0.000000
-0.048836 -0.025241 0.065682 0.000000
-0.578678 -0.032065 -0.035076 0.000000
0.037381 -0.041976 0.130156 1.000000
-0.044422 -0.037399 -0.620997 3.000000
0.460155 0.065092 -0.087121 0.000000
0.321677 -0.071789 -0.289910 3.000000
0.685555 0.020684 0.074862 0.000000
0.329367 -0.045875 -0.263888 3.000000
0.314257 -0.072006 0.003050 0.000000
0.296602 -0.078179 -0.064077 0.000000
-0.089968 -0.072791 -0.024001 0.000000
-0.001151 -0.036641 -0.237785 1.000000
0.871556 -0.043709 -0.047803 0.000000
0.331533 -0.079858 -0.024326 0.000000
-0.017209 -0.012812 -0.605373 1.000000
-0.162863 0.015539 0.658914 1.000000
-0.886071 0.076844 -0.156550 2.000000
0.022218 -0.014897 0.578275 3.000000
0.039575 -0.109942 0.135382 3.000000
-0.784852 0.070887 -0.120942 2.000000
-0.714584 0.113779 -0.022891 2.000000
0.013959 0.104031 -0.017773 0.000000
-0.909304 0.332139 -0.010002 2.000000
0.364542 -0.042896 -0.093647 0.000000
0.320025 -0.048610 0.284692 3.000000
0.255849 -0.043059 -0.137757 1.000000
-0.027227 -0.032119 -0.088854 0.000000
-0.402371 0.064280 -0.086525 0.000000
0.509682 -0.073441 -0.008323 0.000000
-0.850084 0.070589 0.017726 2.000000
0.730695 0.091114 -0.058743 0.000000
0.199526 -0.054621 0.262054 3.000000
0.136217 -0.085220 -0.064348 0.000000
-0.089724 0.025124 0.648137 1.000000
0.782983 0.002731 -0.093701 0.000000
0.308950 -0.056625 0.238767 3.000000
0.179759 -0.062636 -0.307186 3.000000
-0.795088 0.282233 -0.015878 2.000000
0.649027 0.054965 0.065736 0.000000
0.203290 -0.083270 -0.072038 0.000000
-0.127526 -0.072791 -0.024028 0.000000
0.090617 0.004870 -0.443770 1.000000
0.107704 -0.086222 0.036113 0.000000
0.026767 -0.123400 -0.055006 0.000000
0.324168 -0.041001 0.267659 3.000000
0.166599 -0.028437 -0.091453 0.000000
-0.481548 -0.009725 0.060429 0.000000
-0.315368 -0.030332 0.063651 0.000000
0.306486 0.085374 0.040526 0.000000
0.568171 -0.073468 -0.019073 0.000000
0.423518 -0.037427 0.057667 0.000000
0.811578 0.095772 -0.013576 0.000000
-0.874238 0.096232 0.237738 2.000000
0.520513 0.104356 -0.015282 0.000000
-0.599826 0.094418 0.024063 0.000000
-0.220783 -0.072493 -0.003151 0.000000
-0.639577 0.054315 0.050031 0.000000
0.359289 -0.064342 -0.053110 0.000000
0.865031 0.000754 -0.077400 0.000000
0.035432 -0.026785 0.315317 1.000000
0.042553 -0.032715 0.194683 1.000000
0.073666 -0.028518 0.084420 1.000000
0.091944 -0.117226 -0.196463 3.000000
0.260182 -0.003958 0.097526 1.000000
-0.229096 0.058431 0.874241 1.000000
-0.199852 -0.067917 -0.043877 0.000000
0.183929 -0.012758 0.258859 1.000000
-0.161861 -0.034015 0.064437 0.000000
0.380085 -0.047473 -0.077237 0.000000
0.177593 0.071049 -0.082409 0.000000
-0.134024 0.017272 -0.688260 1.000000
-0.717671 0.065579 0.028477 0.000000
-0.225089 0.032165 0.836954 1.000000
-0.525198 0.012668 -0.091020 0.000000
-0.397551 -0.015114 -0.092212 0.000000
0.729503 -0.061580 -0.057660 0.000000
-0.697687 0.094716 0.016643 0.000000
-0.013770 0.016080 -0.514796 1.000000
-0.137057 0.017732 0.641801 1.000000
0.380112 -0.076473 -0.031312 0.000000
0.053520 -0.043736 -0.200796 1.000000
0.059315 -0.020421 -0.193593 1.000000
0.092269 -0.106774 0.162839 3.000000
0.501423 -0.071654 0.005622 0.000000
-0.810631 0.136254 -0.016013 2.000000
-0.872180 0.057781 -0.013955 0.000000
0.470310 0.096313 -0.049482 0.000000
-0.873750 0.072755 -0.085686 2.000000
0.109166 -0.004093 -0.252163 1.000000
0.015908 -0.009644 0.290730 1.000000
-0.331019 0.076059 -0.078700 0.000000
0.491106 -0.020990 -0.094622 0.000000
-0.428122 0.100565 0.012365 0.000000
0.037896 -0.043871 0.609929 3.000000
0.065624 -0.133609 0.150410 3.000000
0.294274 0.011585 0.075322 0.000000
0.632888 0.003733 0.074158 0.000000
0.203236 -0.079858 0.052360 0.000000
-0.185257 0.037905 0.835736 1.000000
-0.317534 0.062682 0.062135 0.000000
0.252519 -0.052942 0.071098 0.000000
-0.330126 -0.002685 0.073643 0.000000
-0.045776 0.071807 0.054797 0.000000
0.024736 -0.060714 -0.567545 3.000000
-0.071446 0.040072 0.072127 0.000000
-0.182901 -0.051968 0.044669 0.000000
-0.542609 0.097613 0.018972 0.000000
-0.076104 -0.008019 -0.424002 1.000000
0.812174 -0.011783 0.057829 0.000000
0.349838 -0.032904 -0.097736 1.000000
0.074262 -0.058981 -0.203828 1.000000
-0.739063 0.014266 0.003592 0.000000
-0.104861 0.025639 0.664465 1.000000
0.174912 -0.007938 0.141420 1.000000
0.079028 0.096476 -0.048995 0.000000
0.018020 0.005655 -0.591509 1.000000
-0.795738 0.074407 -0.144067 2.000000
0.499581 -0.049341 -0.075044 0.000000
-0.929667 0.087784 0.224876 2.000000
-0.254685 0.062601 -0.903180 1.000000
-0.547971 0.085238 -0.066135 0.000000
0.335243 -0.055136 0.059806 0.000000
0.141037 -0.008886 0.169473 1.000000
-0.038925 0.102948 -0.026168 0.000000
0.002261 -0.001304 -0.491211 1.000000
0.081790 -0.022263 0.272913 1.000000
-0.150867 -0.010375 -0.098765 0.000000
0.001015 0.019519 -0.530826 1.000000
0.565707 -0.057681 -0.064294 0.000000
0.048863 -0.006259 -0.106726 0.000000
0.509140 0.100429 0.012257 0.000000
-0.815017 0.069533 0.091948 2.000000
0.591323 -0.072953 -0.023081 0.000000
0.045938 -0.085897 -0.072553 0.000000
-0.846509 0.092820 -0.225085 2.000000
-0.392189 0.046327 0.068255 0.000000
0.022678 -0.019663 0.300397 1.000000
0.788670 0.096259 -0.031556 0.000000
-0.133699 0.023500 -0.673096 1.000000
0.519998 -0.007478 0.072695 0.000000
0.279272 -0.003687 0.083581 1.000000
-0.102343 -0.069352 -0.101229 0.000000
-0.114230 -0.043952 0.052793 0.000000
-0.237897 0.056319 -0.092347 0.000000
0.232914 -0.053511 -0.129228 1.000000
0.522083 0.034791 0.073156 0.000000
0.308517 -0.073657 -0.260206 3.000000
-0.060371 0.002379 -0.528037 1.000000
-0.032779 -0.085030 -0.031204 0.000000
-0.052735 -0.000221 0.073860 0.000000
-0.198363 0.001160 0.074103 0.000000
0.111820 -0.048989 0.563707 3.000000
-0.734243 0.074190 -0.052325 2.000000
0.046290 -0.138781 0.158371 3.000000
-0.013715 -0.000410 0.505597 1.000000
-0.064352 0.011260 -0.618425 1.000000
-0.128040 -0.007180 0.519732 1.000000
-0.132373 0.033194 -0.738896 1.000000
0.048808 -0.018472 -0.213929 1.000000
0.290510 -0.046146 -0.098440 0.000000
-0.042798 0.000429 -0.508433 1.000000
-0.014122 0.061166 -0.089991 0.000000
-0.091566 0.001864 -0.522892 1.000000
-0.083821 0.014320 0.561622 1.000000
-0.813907 0.076763 0.146728 2.000000
0.027823 -0.014518 -0.581707 3.000000
0.034511 -0.127814 -0.006861 0.000000
0.031668 -0.048799 -0.075558 0.000000
0.083739 -0.046498 -0.200931 1.000000
-0.145506 -0.065480 0.057829 0.000000
-0.064108 -0.012379 -0.443797 1.000000
0.012199 -0.058683 -0.017123 0.000000
0.091782 -0.006259 0.411066 1.000000
-0.882821 0.265932 -0.010083 2.000000
-0.070336 -0.005366 0.420544 1.000000
-0.257935 -0.072412 -0.004017 0.000000
-0.125441 0.102758 0.000586 0.000000
0.113824 -0.030332 -0.109406 0.000000
-0.032806 0.019411 -0.102339 0.000000
-0.906569 0.070643 -0.015011 0.000000
0.092296 -0.037968 0.178220 1.000000
-0.939442 0.342482 -0.012412 2.000000
-0.821570 0.315810 -0.012683 2.000000
-0.873615 0.350281 -0.016609 2.000000
-0.204509 -0.071843 0.002563 0.000000
0.147401 -0.004229 -0.355332 1.000000
0.000122 0.015268 -0.594542 1.000000
0.182061 -0.077178 0.287047 3.000000
-0.188750 0.041155 0.071775 0.000000
-0.209086 0.065417 0.059860 0.000000
-0.113120 0.014537 -0.656307 1.000000
-0.092757 0.012018 0.646594 1.000000
-0.114907 0.024231 0.660431 1.000000
-0.000095 -0.013029 0.371072 1.000000
-0.197198 0.025016 0.808603 1.000000
-0.583958 0.031407 0.060050 0.000000
-0.836842 0.137175 -0.013955 2.000000
0.007595 -0.092044 0.027366 0.000000
-0.684716 -0.002198 0.010036 0.000000
0.817264 -0.062203 -0.026547 0.000000
-0.028581 -0.051453 0.548272 3.000000
0.010032 -0.024077 -0.587853 3.000000
0.009247 -0.118986 -0.003070 0.000000
0.233401 -0.083893 -0.010543 0.000000
0.004454 -0.066130 0.592491 3.000000
-0.001422 -0.016874 -0.334725 1.000000
-0.034241 -0.036695 -0.337108 1.000000
-0.079895 0.001485 0.579196 1.000000
0.100745 0.008932 0.353525 1.000000
0.456716 0.097776 0.018647 0.000000
-0.084715 0.025097 -0.636865 1.000000
-0.090320 -0.079073 -0.010489 0.000000
-0.587207 0.099509 0.012906 0.000000
-0.317968 -0.018445 -0.095488 0.000000
-0.748080 0.147004 -0.021402 2.000000
0.637275 -0.073170 -0.006292 0.000000
-0.105186 0.017542 0.710986 1.000000
-0.005863 -0.025620 0.572561 3.000000
0.027742 -0.005176 -0.452191 1.000000
-0.167087 0.025720 0.727124 1.000000
-0.214339 0.033383 0.831376 1.000000
0.448403 0.044702 0.070069 0.000000
-0.794113 0.100700 0.003998 0.000000
0.107596 0.018788 0.075349 0.000000
0.565436 0.014293 0.075593 0.000000
0.185364 0.000971 0.205812 1.000000
-0.160236 -0.061283 -0.062100 0.000000
-0.203453 -0.022263 -0.093890 0.000000
0.336380 -0.109780 0.272696 3.000000
0.078920 -0.016874 0.175945 1.000000
0.228609 -0.004256 0.165249 1.000000
-0.385853 0.015566 0.073643 0.000000
-0.849894 0.067231 0.066061 2.000000
-0.032427 -0.020936 -0.441630 1.000000
0.075589 -0.072899 -0.004017 0.000000
-0.257529 -0.056923 -0.065404 0.000000
-0.807300 0.116243 -0.009623 2.000000
0.085093 -0.066400 0.609523 3.000000
-0.858613 0.085942 0.119568 2.000000
-0.748648 0.226343 -0.019073 2.000000
0.016152 -0.006043 0.315588 1.000000
-0.039413 -0.023887 -0.436567 1.000000
-0.248674 0.049495 -0.890670 1.000000
0.023815 -0.119393 0.006787 0.000000
0.533104 -0.001223 -0.100931 0.000000
0.314474 -0.106828 0.263652 3.000000
0.006864 -0.031253 -0.109677 0.000000
-0.131452 0.007280 -0.575235 1.000000
0.312741 0.048276 -0.095867 0.000000
-0.226686 0.005438 -0.101527 0.000000
0.385040 -0.064369 0.043288 0.000000
-0.194355 0.038393 0.844590 1.000000
-0.777568 0.231922 -0.020210 2.000000
-0.429368 0.031704 -0.097275 0.000000
0.875672 0.070589 -0.046964 0.000000
0.154143 -0.030684 -0.240357 1.000000
-0.041796 0.001323 0.524118 1.000000
0.214067 -0.055921 -0.066433 0.000000
-0.000393 0.014645 -0.493025 1.000000
0.600394 0.015620 0.075593 0.000000
0.104536 -0.053484 0.098122 1.000000
-0.883607 0.206387 -0.011924 2.000000
-0.671042 0.095366 0.017889 0.000000
0.125657 -0.002820 -0.247073 1.000000
0.154468 -0.025350 -0.092726 0.000000
0.239738 0.022687 0.074808 0.000000
0.258449 -0.080941 0.040229 0.000000
0.037977 -0.064803 -0.567815 3.000000
0.067222 0.009527 -0.393837 1.000000
0.069875 -0.044440 0.176514 1.000000
-0.340415 0.070210 0.056476 0.000000
-0.180626 0.028238 -0.101120 0.000000
0.078947 -0.038997 0.166522 1.000000
-0.238980 -0.019013 -0.095244 0.000000
0.016233 -0.064505 -0.108594 0.000000
0.173910 -0.086790 0.282607 3.000000
0.059911 -0.019447 -0.333669 1.000000
0.821516 -0.142463 -0.023541 3.000000
0.080571 -0.124862 -0.194189 3.000000
-0.556230 -0.023481 0.036221 0.000000
-0.621678 0.117164 -0.006861 2.000000
-0.118590 -0.072655 0.026391 0.000000
0.068576 -0.019717 0.601806 3.000000
0.101124 -0.012569 -0.376669 1.000000
-0.203778 -0.070327 0.011336 0.000000
0.805621 0.080310 -0.059447 0.000000
0.139277 -0.073387 -0.007863 0.000000
0.448160 0.069018 0.056773 0.000000
0.110953 -0.034854 -0.280271 1.000000
0.050325 -0.053809 0.042097 0.000000
0.795466 -0.068594 -0.029769 0.000000
0.006295 -0.023996 0.257640 1.000000
0.114582 -0.017714 -0.326385 1.000000
0.215042 -0.069893 0.228206 3.000000
0.712228 0.087540 0.037494 0.000000
-0.708437 0.195637 -0.016771 2.000000
0.190239 0.040749 -0.098954 0.000000
0.334620 0.103354 -0.004045 0.000000
0.060154 -0.014058 -0.363022 1.000000
-0.529747 -0.044359 -0.005534 0.000000
-0.285555 -0.004256 0.073427 0.000000
0.111522 -0.050343 -0.140221 1.000000
-0.022787 0.010637 -0.604886 1.000000
-0.036651 -0.026974 0.581118 3.000000
0.013363 0.060137 -0.090804 0.000000
0.869607 0.030594 -0.073663 0.000000
0.159288 -0.002550 -0.217584 1.000000
0.120593 -0.075228 0.600425 3.000000
0.313878 -0.085978 0.252333 3.000000
0.174073 -0.049828 0.078382 0.000000
-0.193895 0.093687 0.029018 0.000000
0.809547 -0.053863 -0.010002 0.000000
0.124601 -0.017984 0.315994 1.000000
0.142175 -0.048854 -0.278700 1.000000
-0.120594 0.089300 0.035598 0.000000
-0.854958 0.196232 -0.014334 2.000000
0.215936 -0.096295 -0.309786 3.000000
0.087178 -0.070245 -0.038921 0.000000
-0.357908 -0.034177 0.059590 0.000000
0.308706 -0.098190 0.240581 3.000000
0.035648 0.024772 -0.101635 0.000000
0.297577 -0.062068 -0.058553 0.000000
0.186583 -0.004174 -0.282220 1.000000
-0.002072 -0.017686 0.256232 1.000000
-0.003317 -0.044494 0.113638 1.000000
0.045640 -0.040216 -0.163915 1.000000
-0.887371 0.097126 -0.276615 2.000000
-0.070174 0.017759 -0.571715 1.000000
0.173964 0.098588 -0.043904 0.000000
-0.111224 -0.073711 0.047404 0.000000
0.209897 -0.079912 -0.077779 0.000000
0.329665 -0.111729 -0.291102 3.000000
-0.898581 0.083451 0.202915 2.000000
0.180436 -0.013246 0.070610 0.000000
0.166735 0.050361 -0.094919 0.000000
0.116342 -0.020286 -0.287176 1.000000
0.123166 -0.080616 0.555827 3.000000
0.258747 -0.031875 -0.165486 1.000000
0.232752 -0.099869 -0.258527 3.000000
-0.390348 0.102948 0.001371 0.000000
0.538791 0.066960 0.058317 0.000000
0.336299 -0.029926 0.072966 0.000000
0.040902 0.004518 -0.520320 1.000000
0.203453 -0.069054 0.014531 0.000000
0.343394 0.093389 0.029235 0.000000
0.113038 -0.086655 0.573753 3.000000
0.016612 -0.039484 0.094493 1.000000
-0.030829 -0.042003 0.597717 3.000000
-0.114122 -0.066427 -0.100091 0.000000
0.090401 -0.086736 0.015939 0.000000
0.127038 -0.073793 0.547974 3.000000
0.381330 0.062438 -0.089152 0.000000
0.820297 0.050686 0.053118 0.000000
0.372936 0.038772 0.072533 0.000000
-0.718456 0.027128 -0.052758 0.000000
-0.052356 -0.043600 -0.229688 1.000000
-0.009193 -0.026433 -0.576128 3.000000
-0.098200 0.019790 -0.715555 1.000000
0.077701 -0.005907 -0.590615 3.000000
0.525495 0.075246 0.051981 0.000000
-0.023464 0.015160 -0.591319 1.000000
0.333375 0.100565 -0.039138 0.000000
0.888291 0.029999 0.037277 0.000000
0.281926 -0.077638 -0.323704 3.000000
0.866791 0.075869 -0.043362 0.000000
-0.805486 0.075192 -0.154031 2.000000
0.187368 -0.093127 0.278978 3.000000
-0.052058 0.009392 0.613314 1.000000
0.516018 0.092143 -0.058986 0.000000
0.131668 -0.062636 -0.623407 3.000000
0.060398 -0.006070 -0.280866 1.000000
0.793002 -0.132742 -0.023622 3.000000
-0.354713 0.030648 -0.100470 0.000000
0.660048 0.054342 -0.093457 0.000000
0.010953 -0.087251 0.005406 0.000000
0.086637 -0.003768 0.262244 1.000000
-0.007190 -0.134529 0.002021 0.000000
0.216884 -0.070543 -0.038190 0.000000
0.029420 -0.087224 -0.028144 0.000000
-0.684419 0.002243 0.018024 0.000000
0.547618 -0.008480 -0.099794 0.000000
-0.005132 0.103245 -0.023839 0.000000
0.464082 -0.066725 -0.047478 0.000000
0.092161 -0.142355 -0.154004 3.000000
-0.818673 0.044485 -0.001174 0.000000
0.009112 -0.035585 0.201263 1.000000
0.135134 -0.070977 -0.613280 3.000000
-0.678055 0.019167 -0.061396 0.000000
0.241308 -0.011350 -0.196409 1.000000
-0.453982 0.103516 -0.024651 0.000000
0.389237 -0.053836 0.056503 0.000000
-0.147970 0.024935 0.796174 1.000000
-0.181249 0.103787 -0.020319 0.000000
0.105483 -0.028437 0.596255 3.000000
0.025088 -0.136939 0.158371 3.000000
-0.743368 0.043213 -0.051648 0.000000
-0.071555 -0.047121 0.050329 0.000000
0.164595 0.053340 0.066603 0.000000
-0.007596 -0.132336 -0.034318 0.000000
0.076103 -0.067186 0.019162 0.000000
-0.120648 0.101052 -0.037811 0.000000
-0.423979 0.085888 -0.066487 0.000000
0.227877 -0.002739 0.151060 1.000000
-0.094490 0.023960 -0.101716 0.000000
-0.532942 0.103679 -0.004315 0.000000
0.049485 -0.082810 0.559131 3.000000
0.511144 0.101729 -0.035807 0.000000
0.459641 -0.045090 -0.079106 0.000000
0.013498 -0.017795 -0.248183 1.000000
0.041091 -0.004283 -0.313821 1.000000
0.155199 -0.055271 -0.119642 1.000000
0.341877 -0.042653 -0.283682 3.000000
0.633213 -0.016197 0.069202 0.000000
-0.684825 0.176167 -0.015851 2.000000
0.021107 -0.048529 0.089565 1.000000
0.608301 -0.057112 -0.065025 0.000000
-0.368062 0.013264 -0.101202 0.000000
-0.892570 0.090112 -0.270712 2.000000
-0.873290 0.313427 -0.017313 2.000000
-0.026605 0.057673 0.064897 0.000000
-0.939496 0.097451 -0.278213 2.000000
0.356310 -0.027408 0.071125 0.000000
-0.810928 0.078306 0.026689 2.000000
0.264162 -0.081375 -0.246125 3.000000
0.058313 0.011937 0.415615 1.000000
0.020024 -0.009400 0.568256 1.000000
-0.353576 0.083370 0.043992 0.000000
0.334674 -0.103010 0.234949 3.000000
0.230883 -0.074930 0.225444 3.000000
-0.055443 -0.000167 0.508386 1.000000
-0.026496 -0.000113 0.401183 1.000000
-0.058178 0.008498 -0.589559 1.000000
0.305213 0.079498 -0.075450 0.000000
0.103967 0.010421 0.075241 0.000000
0.298308 -0.042761 0.239173 3.000000
-0.824955 0.236606 -0.019588 2.000000
0.084714 0.000781 0.300587 1.000000
-0.114041 0.031055 0.073860 0.000000
0.027742 -0.037995 0.158100 1.000000
0.928719 0.005330 0.027610 0.000000
0.245262 -0.032986 -0.176317 1.000000
-0.005457 0.015809 0.572534 1.000000
-0.238790 0.104247 -0.011193 0.000000
0.229177 -0.008236 -0.211383 1.000000
0.075833 0.011612 0.409414 1.000000
0.109031 -0.010213 -0.204045 1.000000
-0.844099 0.072078 -0.130907 2.000000
-0.050677 -0.044656 -0.079241 0.000000
0.583930 -0.029872 -0.090776 0.000000
-0.726742 0.212290 -0.008188 2.000000
0.179001 -0.084841 0.017808 0.000000
0.174614 -0.023833 0.247053 1.000000
-0.014853 -0.000817 -0.496004 1.000000
0.110060 -0.027678 0.553390 3.000000
0.327011 -0.072222 -0.028361 0.000000
0.050514 -0.020936 0.180711 1.000000
-0.122543 0.020602 -0.643066 1.000000
-0.611876 -0.026731 -0.016284 0.000000
-0.164163 0.023310 0.787401 1.000000
-0.066735 0.008363 0.600994 1.000000
0.177945 -0.020557 0.264518 1.000000
-0.073125 0.027426 -0.703938 1.000000
0.824982 -0.011377 0.055799 0.000000
-0.095654 0.055750 -0.092591 0.000000
0.751464 0.084372 0.036979 0.000000
-0.373289 0.102920 -0.027224 0.000000
0.717075 -0.014437 0.069852 0.000000
-0.265598 -0.059360 0.035381 0.000000
0.578488 0.080689 0.046511 0.000000
0.718645 -0.071031 -0.037188 0.000000
0.034917 -0.123563 -0.167544 3.000000
-0.177783 0.080554 -0.073961 0.000000
-0.197794 0.066419 -0.085902 0.000000
0.035730 -0.007938 0.425445 1.000000
0.071635 -0.011350 -0.239274 1.000000
-0.351166 0.039530 -0.099306 0.000000
0.044259 -0.034340 -0.224354 1.000000
0.025386 -0.029005 -0.170576 1.000000
0.659885 -0.014139 -0.097519 0.000000
-0.192974 0.093091 -0.057416 0.000000
-0.021352 -0.004256 -0.461316 1.000000
-0.188885 0.024014 0.796039 1.000000
0.179488 0.091466 0.032701 0.000000
-0.537816 0.103787 -0.021429 0.000000
0.727066 0.037120 0.071748 0.000000
-0.760373 0.103652 -0.006292 0.000000
-0.716100 0.013047 -0.043958 0.000000
0.059207 -0.000573 -0.102880 0.000000
-0.034972 0.028807 0.074131 0.000000
-0.852385 0.093605 -0.196544 2.000000
0.125332 -0.070408 -0.582059 3.000000
0.229286 -0.061824 -0.252976 3.000000
0.190699 -0.093316 0.259753 3.000000
0.088505 0.027182 0.074293 0.000000
-0.089697 0.016568 0.580712 1.000000
0.429205 0.039828 0.072073 0.000000
0.141877 -0.012569 0.137331 1.000000
-0.131371 0.088027 0.037250 0.000000
0.099634 -0.086844 0.564763 3.000000
0.190509 0.094526 0.026527 0.000000
0.080842 -0.139241 0.137602 3.000000
-0.324412 0.103679 -0.006455 0.000000
0.775672 -0.058737 0.026771 0.000000
0.020349 -0.112379 -0.035889 0.000000
-0.119213 -0.035450 -0.101175 0.000000
0.280653 -0.116306 0.267145 3.000000
-0.218048 -0.072899 -0.020996 0.000000
-0.029015 -0.010213 0.340311 1.000000
0.049567 0.016270 -0.490723 1.000000
0.073748 -0.008371 -0.613605 3.000000
-0.269470 -0.027299 0.064978 0.000000
0.285175 -0.081970 -0.036782 0.000000
-0.375211 -0.061878 0.022357 0.000000
-0.115882 0.051120 0.067605 0.000000
-0.870284 0.093687 0.183229 2.000000
0.424899 0.074163 -0.080081 0.000000
-0.080193 -0.008426 0.420598 1.000000
0.014013 -0.027218 0.211066 1.000000
0.167060 -0.030738 0.222493 1.000000
-0.310277 -0.046958 -0.077725 0.000000
-0.872505 0.271510 -0.009162 2.000000
0.858992 -0.022425 0.043830 0.000000
0.169415 0.019167 0.075268 0.000000
0.690727 0.088325 -0.063996 0.000000
0.068928 -0.060281 0.080602 0.000000
0.182819 -0.004391 0.078815 0.000000
-0.020647 -0.011161 0.324172 1.000000
0.432915 -0.022127 0.066819 0.000000
0.087070 -0.087115 0.000180 0.000000
0.008408 -0.022073 -0.330149 1.000000
-0.029881 -0.073332 0.564817 3.000000
0.007243 0.021090 -0.544284 1.000000
-0.319619 0.037662 0.073102 0.000000
-0.245885 -0.033852 0.060808 0.000000
-0.872640 0.095907 -0.028226 0.000000
-0.220702 -0.062474 -0.057795 0.000000
-0.066410 -0.072601 -0.025409 0.000000
-0.063512 0.009852 0.619813 1.000000
0.043122 -0.011729 -0.386391 1.000000
-0.024141 -0.048474 0.601346 3.000000
-0.009654 -0.002658 -0.587312 1.000000
0.075751 -0.027462 0.064707 0.000000
0.478785 -0.049720 -0.074529 0.000000
0.018806 -0.046389 0.099801 1.000000
0.014311 -0.028112 0.306408 1.000000
-0.731291 0.085563 0.023169 0.000000
0.521840 0.098859 0.016075 0.000000
0.305592 -0.064992 -0.321998 3.000000
0.882956 -0.049503 0.003673 0.000000
-0.151057 0.032679 -0.830394 1.000000
0.089561 -0.042219 0.054066 0.000000
0.843449 0.083695 0.012690 0.000000
0.145397 -0.021586 0.278301 1.000000
-0.045153 0.022281 0.588456 1.000000
-0.855608 0.088867 0.135003 2.000000
-0.322706 -0.059468 -0.062371 0.000000
0.281763 -0.071572 0.006435 0.000000
-0.037463 -0.067429 -0.045610 0.000000
0.000636 -0.086411 0.043992 0.000000
0.013173 -0.031686 0.581876 3.000000
0.064433 -0.129709 -0.194486 3.000000
-0.243285 -0.062961 0.030210 0.000000
0.250704 0.088542 0.036465 0.000000
0.327499 0.002541 0.074103 0.000000
0.416288 0.036362 -0.100227 0.000000
0.070688 0.100104 0.013231 0.000000
-0.452303 -0.005366 -0.091562 0.000000
0.358585 -0.049233 -0.075125 0.000000
-0.892976 0.301838 -0.009758 2.000000
0.692921 -0.047933 0.049381 0.000000
-0.063160 -0.005393 -0.450052 1.000000
-0.835164 0.074515 -0.150782 2.000000
-0.083902 -0.059550 0.079492 0.000000
0.253006 -0.063990 0.026879 0.000000
0.065922 -0.137291 -0.156116 3.000000
-0.173694 0.031298 0.771939 1.000000
0.105727 -0.037075 0.262515 1.000000
0.062456 0.015512 -0.460233 1.000000
0.390970 0.096313 -0.049509 0.000000
-0.863650 0.297126 -0.017909 2.000000
0.028066 -0.025945 -0.569467 3.000000
0.206052 -0.097595 0.274294 3.000000
0.194896 -0.020178 -0.266325 1.000000
0.009951 -0.077421 -0.604940 3.000000
-0.216884 0.027128 -0.802801 1.000000
-0.012551 -0.007126 -0.099983 0.000000
-0.063892 0.084453 0.041826 0.000000
-0.206080 0.018951 0.732757 1.000000
-0.839875 0.063521 0.023250 2.000000
-0.084525 0.003733 -0.542660 1.000000
0.245478 0.027128 -0.101418 0.000000
0.082683 -0.017280 0.325878 1.000000
0.068576 -0.085843 0.059102 0.000000
-0.169335 -0.038916 -0.083628 0.000000
-0.181872 0.101187 0.010957 0.000000
-0.100447 0.079092 -0.075829 0.000000
0.367899 -0.076744 0.003537 0.000000
0.123707 -0.086628 -0.027738 0.000000
0.111684 -0.129087 -0.158093 3.000000
0.327878 -0.026704 0.064924 0.000000
-0.767657 0.178090 -0.004803 2.000000
-0.186286 -0.012460 0.071071 0.000000
-0.275671 0.091900 0.032836 0.000000
0.082142 -0.070056 0.078436 0.000000
0.132968 -0.027191 0.240310 1.000000
0.049783 -0.086655 0.025200 0.000000
-0.552791 0.031732 0.064843 0.000000
0.050569 0.008471 -0.596518 1.000000
0.204401 -0.015574 -0.277482 1.000000
0.054630 -0.016224 0.206327 1.000000
0.033834 -0.032119 0.198691 1.000000
0.310791 -0.098190 -0.305183 3.000000
-0.207271 0.020575 0.753228 1.000000
0.151571 0.055019 0.065926 0.000000
-0.162484 0.025991 -0.789560 1.000000
