0.104438 0.016907 0.526211 1.000000
0.831653 -0.086080 0.062040 0.000000
0.389610 -0.106121 -0.008316 0.000000
-0.099022 -0.098401 -0.209352 0.000000
0.273652 0.018321 0.194988 0.000000
-0.194626 0.074875 0.279101 0.000000
0.212385 -0.086821 0.210809 0.000000
0.838924 -0.087449 -0.040879 0.000000
0.331059 -0.018799 0.662031 1.000000
0.723033 -0.042273 -0.111617 0.000000
-0.022382 -0.115143 -0.046804 0.000000
0.034643 0.023527 -0.630187 1.000000
-0.542546 0.055620 0.108406 2.000000
-0.022405 0.029676 -0.121716 0.000000
-0.364894 0.062936 0.386913 0.000000
-0.675292 0.047159 -0.092429 2.000000
0.450070 -0.015904 0.027928 0.000000
-0.024088 -0.088661 -0.270687 0.000000
0.147909 -0.018462 -0.305427 1.000000
-0.050659 -0.093621 0.226698 0.000000
-0.215430 0.025772 0.352913 0.000000
0.549600 -0.021110 0.123891 0.000000
0.068104 0.019869 -0.678169 1.000000
0.078809 0.064978 0.139937 0.000000
-0.423895 0.094714 0.033359 2.000000
-0.050637 0.032392 -0.139243 0.000000
-0.314310 -0.105089 0.203269 0.000000
-0.065022 0.039169 0.185068 0.000000
-0.562206 0.043254 -0.125060 2.000000
-0.074493 0.045229 -0.033990 0.000000
0.500879 -0.012492 -0.151878 0.000000
0.345691 -0.006253 0.177819 0.000000
-0.029205 0.014932 0.686426 1.000000
0.094025 0.063923 -0.159576 0.000000
0.777972 -0.047524 0.073553 0.000000
0.141894 -0.017901 -0.339764 1.000000
0.071448 -0.029571 -0.699421 1.000000
-0.505135 -0.017295 0.043930 0.000000
0.229127 -0.011393 0.311687 0.000000
0.596123 -0.025441 0.120098 0.000000
0.073086 -0.011370 0.535771 1.000000
-0.050772 -0.101700 0.158474 0.000000
0.114919 -0.023691 0.630275 1.000000
0.393134 0.032751 0.084303 0.000000
-0.276225 -0.106525 -0.190052 0.000000
-0.026467 -0.031299 0.309936 0.000000
0.065120 0.063721 -0.101810 0.000000
0.684612 -0.035226 0.107373 0.000000
0.640895 -0.092409 -0.054188 0.000000
-0.480067 0.073730 0.118191 0.000000
0.357698 -0.007398 0.129905 0.000000
0.112989 0.016099 -0.599442 1.000000
-0.115719 0.039798 -0.056723 0.000000
-0.590258 0.201673 -0.037917 2.000000
0.763250 -0.040365 -0.118237 0.000000
0.512032 -0.086013 0.168506 0.000000
0.332069 -0.005109 0.228404 0.000000
0.037291 -0.007959 0.419566 1.000000
0.091242 -0.013098 0.414449 1.000000
0.120574 0.015852 0.004723 0.000000
-0.035332 0.050211 0.029387 0.000000
0.331395 0.018253 0.209036 0.000000
0.229845 0.085131 0.092270 0.000000
0.044383 0.022607 -0.554670 1.000000
-0.182485 0.053488 0.206635 0.000000
-0.297927 0.056181 -0.130670 0.000000
0.012650 -0.095775 -0.200578 0.000000
0.117746 -0.096807 0.152819 0.000000
-0.227728 0.049403 0.145839 0.000000
-0.471786 0.084884 0.411218 0.000000
-0.424186 0.068344 -0.097905 0.000000
0.836187 -0.045841 -0.116173 0.000000
-0.078353 0.034255 0.580925 1.000000
0.063032 0.062981 -0.025664 0.000000
0.721171 -0.042093 -0.095436 0.000000
0.484473 -0.019494 0.115879 0.000000
0.252085 0.044668 -0.122232 0.000000
-0.246692 0.082281 -0.302061 0.000000
0.257179 0.002679 0.136054 0.000000
0.150534 0.074493 0.087961 0.000000
-0.505135 -0.014579 -0.101406 0.000000
0.003314 0.026512 -0.600317 1.000000
-0.447549 0.108561 -0.345285 0.000000
-0.063160 -0.036685 0.318285 0.000000
0.095843 0.017715 -0.489520 1.000000
-0.505135 -0.035383 0.179884 0.000000
-0.515100 0.046216 0.083832 0.000000
0.426707 0.013047 -0.129458 0.000000
0.166154 0.040381 -0.153472 0.000000
0.312275 -0.025554 -0.242522 0.000000
-0.392633 0.065763 0.198107 0.000000
0.036214 0.017311 -0.305180 0.000000
0.126140 0.071239 0.086570 0.000000
-0.412337 0.067200 -0.033833 0.000000
-0.138745 -0.085901 0.328630 0.000000
-0.537856 0.034546 -0.055355 0.000000
0.848305 -0.086417 -0.047051 0.000000
0.035025 -0.009687 -0.305584 0.000000
0.065636 -0.010652 0.426792 1.000000
0.413175 -0.056344 0.670267 1.000000
0.522760 -0.086013 -0.192409 0.000000
-0.100840 -0.080402 0.326858 0.000000
0.049455 -0.108096 0.076673 0.000000
-0.450130 0.046171 -0.415932 0.000000
0.432812 -0.043822 0.643045 1.000000
-0.641045 0.077703 0.069581 2.000000
-0.241148 0.053353 -0.201341 0.000000
-0.672980 0.090427 0.023507 2.000000
-0.640641 0.017490 -0.126833 2.000000
0.398228 -0.104124 0.013139 0.000000
-0.129342 0.009075 0.685012 1.000000
-0.688555 0.032257 -0.031027 2.000000
0.597469 -0.069832 0.645603 1.000000
-0.112353 -0.046313 0.329483 0.000000
-0.150347 -0.112584 0.094200 0.000000
-0.112173 -0.064917 0.329438 0.000000
-0.290813 -0.115883 0.105511 0.000000
0.322643 0.031382 0.229863 0.000000
0.303522 -0.049499 -0.668900 1.000000
-0.161613 -0.106570 -0.157870 0.000000
0.349057 -0.085990 0.184193 0.000000
-0.035219 0.050682 -0.160855 0.000000
-0.053397 0.000636 -0.653415 1.000000
-0.156788 -0.096381 -0.242500 0.000000
0.300470 0.011902 0.178964 0.000000
0.145934 0.044645 0.270730 0.000000
-0.037755 0.030395 -0.435928 1.000000
-0.040134 -0.085923 -0.322012 0.000000
-0.237176 0.077007 0.276183 0.000000
0.252085 0.044960 0.035873 0.000000
0.102575 0.017086 0.627380 1.000000
0.019495 0.057325 -0.030264 0.000000
-0.035399 0.030888 -0.020277 0.000000
0.463961 -0.017250 0.026110 0.000000
0.078226 -0.011864 0.288369 1.000000
-0.574167 -0.013929 -0.105670 2.000000
-0.097362 0.063497 0.262965 0.000000
-0.648137 0.053734 -0.025058 2.000000
0.370198 0.040112 -0.097052 0.000000
-0.041077 0.021620 -0.652630 1.000000
0.128519 0.014618 -0.493874 1.000000
0.227197 0.022428 0.197995 0.000000
-0.505135 -0.027933 0.330897 0.000000
0.275268 0.070566 -0.005668 0.000000
-0.063092 0.024784 -0.327735 0.000000
0.007219 0.026781 -0.030399 0.000000
0.252085 0.080082 -0.028693 0.000000
-0.039034 -0.015410 -0.701890 1.000000
-0.414065 0.067379 0.013969 0.000000
-0.505135 -0.033094 -0.137021 0.000000
0.164291 -0.099680 0.115632 0.000000
0.024006 -0.006702 -0.340145 1.000000
-0.688555 0.136748 0.008202 2.000000
-0.179994 0.044802 -0.059461 0.000000
0.090546 -0.013031 -0.397485 1.000000
0.523590 -0.022973 -0.103650 0.000000
0.487907 0.000547 0.185091 0.000000
0.119833 0.028689 -0.203293 0.000000
0.125848 -0.016375 0.293509 1.000000
-0.390860 0.135222 -0.015677 2.000000
-0.603813 0.235583 0.023417 2.000000
-0.640978 0.031135 -0.054726 2.000000
-0.604689 0.108605 0.077503 2.000000
0.455343 0.022809 -0.112986 0.000000
0.162474 -0.019853 -0.529333 1.000000
0.172101 -0.081098 -0.274412 0.000000
0.697517 -0.039827 0.108204 0.000000
0.078114 0.065000 0.107261 0.000000
-0.377843 0.063878 0.085358 0.000000
0.361199 -0.007331 -0.012468 0.000000
-0.076311 0.002813 -0.374168 1.000000
0.192299 0.080059 -0.052415 0.000000
-0.128983 0.012822 -0.672917 1.000000
-0.107954 -0.022771 -0.338103 0.000000
-0.202885 0.022181 0.350063 0.000000
0.431622 -0.028763 -0.678685 1.000000
0.024858 0.026961 0.464585 1.000000
-0.535634 0.105419 -0.037917 2.000000
-0.268842 0.061455 0.033359 0.000000
0.221676 0.084076 -0.049722 0.000000
0.235051 -0.079639 0.250465 0.000000
0.028898 0.024066 -0.645785 1.000000
-0.050615 -0.009238 -0.645134 1.000000
-0.201179 0.046890 -0.021422 0.000000
-0.461059 0.104723 -0.328386 0.000000
0.332562 0.023752 -0.234061 0.000000
0.008476 0.055575 0.099160 0.000000
0.207964 0.037217 0.245527 0.000000
0.505030 -0.101879 0.002412 0.000000
-0.688555 0.058313 0.032147 2.000000
0.133299 -0.012919 -0.644012 1.000000
-0.127120 0.032459 -0.389518 0.000000
-0.191304 0.088048 -0.336106 0.000000
-0.485207 0.074224 -0.036503 0.000000
-0.688555 0.035444 -0.104637 2.000000
-0.158404 -0.123760 -0.011749 0.000000
-0.031045 -0.001496 -0.575272 1.000000
0.041151 -0.018193 -0.304193 0.000000
-0.531011 -0.019068 0.084752 2.000000
0.532320 -0.023826 -0.094561 0.000000
0.239585 0.034502 0.249432 0.000000
-0.408275 0.106137 -0.346429 0.000000
0.480456 0.004990 0.114039 0.000000
0.129955 -0.081345 -0.283995 0.000000
-0.492051 -0.089469 -0.394051 0.000000
0.066062 0.021104 0.118168 0.000000
0.145552 0.013428 0.088544 0.000000
0.376010 0.038249 -0.007553 0.000000
0.202937 0.008850 -0.153763 0.000000
0.183120 0.078825 0.007843 0.000000
-0.181318 0.076558 -0.354800 0.000000
0.173089 0.032639 0.220774 0.000000
-0.124674 0.039484 0.067067 0.000000
-0.260269 -0.122526 -0.050552 0.000000
-0.257688 -0.085878 -0.366492 0.000000
-0.084480 0.029048 -0.692173 1.000000
-0.017041 0.029093 0.137805 0.000000
0.482902 -0.098154 -0.049497 0.000000
0.352020 -0.089312 0.151091 0.000000
0.103832 -0.094541 -0.185631 0.000000
0.018776 0.025031 0.453207 1.000000
0.508666 -0.021559 -0.001606 0.000000
0.044159 -0.008632 -0.316334 1.000000
0.266493 -0.019943 0.673678 1.000000
0.581221 -0.091309 -0.080086 0.000000
-0.430964 0.068995 -0.053671 0.000000
-0.394092 0.136411 0.014081 2.000000
0.251973 0.003195 0.046443 0.000000
0.006186 -0.005019 0.419185 1.000000
0.129192 -0.096695 0.150687 0.000000
-0.096419 -0.085901 -0.326545 0.000000
0.162720 -0.019876 0.601347 1.000000
-0.034501 0.030843 -0.117317 0.000000
-0.525288 0.002387 0.111391 2.000000
-0.113520 0.037576 -0.454241 1.000000
-0.686827 0.040808 -0.058496 2.000000
-0.461642 -0.119856 -0.129189 0.000000
0.137361 -0.092431 0.184462 0.000000
-0.383005 -0.093149 -0.332694 0.000000
0.068980 0.020273 -0.322865 1.000000
0.200648 -0.005266 0.446048 1.000000
-0.038608 -0.000778 0.635594 1.000000
0.161666 0.076266 -0.082218 0.000000
-0.505135 -0.120551 0.046600 0.000000
-0.540414 0.053532 -0.036750 2.000000
0.289878 -0.047928 -0.680817 1.000000
0.252085 0.069489 -0.145033 0.000000
0.149255 0.044511 -0.266378 0.000000
-0.403607 0.066369 0.159843 0.000000
-0.457558 0.079857 0.033359 0.000000
-0.607225 0.112937 -0.008832 2.000000
-0.047069 0.043007 0.203067 0.000000
0.035002 0.023482 0.514474 1.000000
-0.602332 0.043613 0.023193 2.000000
0.425181 -0.086013 0.199207 0.000000
0.144228 0.013137 -0.524395 1.000000
-0.240879 -0.120170 -0.065117 0.000000
0.272193 0.071553 0.082799 0.000000
-0.120948 0.080665 -0.327376 0.000000
-0.588867 0.109458 -0.081298 2.000000
-0.405156 -0.004413 -0.405699 0.000000
0.775997 -0.029773 -0.137066 0.000000
0.691816 -0.086372 0.081206 0.000000
-0.466984 -0.115210 -0.169944 0.000000
-0.363638 0.062532 0.027794 0.000000
-0.129117 0.011386 -0.449977 1.000000
-0.329234 0.096936 -0.333480 0.000000
-0.162466 -0.046313 -0.350514 0.000000
0.158322 0.011117 0.665442 1.000000
0.025352 0.015695 -0.307784 0.000000
-0.451992 0.108740 0.406729 0.000000
0.469145 -0.086013 0.146759 0.000000
-0.418419 0.067783 0.130085 0.000000
0.918908 -0.086103 0.081094 0.000000
-0.018208 0.000704 0.690891 1.000000
-0.047450 0.000075 -0.518650 1.000000
0.110251 -0.014894 -0.401390 1.000000
-0.505135 -0.042789 0.372034 0.000000
0.500879 -0.098805 0.029499 0.000000
0.021178 0.025412 0.128693 0.000000
0.142904 -0.017991 -0.544571 1.000000
0.270555 0.080889 -0.033653 0.000000
0.300336 0.014663 0.188659 0.000000
0.003493 0.026490 0.337966 1.000000
0.778757 -0.051609 -0.136438 0.000000
-0.505135 -0.064019 0.275263 0.000000
0.087382 -0.114582 -0.020973 0.000000
0.171967 -0.061080 -0.274435 0.000000
-0.073057 0.045723 -0.160990 0.000000
-0.505135 0.048461 0.156095 0.000000
-0.622261 0.086545 -0.015879 2.000000
0.192411 0.008558 0.340884 1.000000
0.031120 0.058806 0.094155 0.000000
-0.505135 0.020565 0.092427 0.000000
0.040276 0.023527 0.099721 0.000000
-0.160693 -0.090793 -0.290862 0.000000
0.969156 -0.086103 0.038454 0.000000
-0.654331 0.235583 0.020657 2.000000
-0.019375 0.028644 0.378115 1.000000
-0.224945 -0.091915 -0.299233 0.000000
-0.638150 0.235583 -0.023801 2.000000
0.181572 -0.103383 -0.089354 0.000000
-0.219312 -0.113953 0.101965 0.000000
0.533083 -0.099725 0.012757 0.000000
-0.002521 -0.023781 0.106049 0.000000
0.150130 0.013092 -0.137358 0.000000
-0.060310 0.048259 -0.227912 0.000000
-0.338031 0.053981 0.380808 0.000000
0.357451 -0.103338 0.031003 0.000000
-0.496540 -0.126319 0.074608 0.000000
-0.505135 0.003913 -0.417907 0.000000
0.031928 -0.007465 -0.515688 1.000000
0.331395 -0.047637 0.648027 1.000000
0.893975 -0.087270 0.017470 0.000000
-0.081136 0.035287 -0.079659 0.000000
-0.290072 -0.119250 0.076897 0.000000
-0.093748 0.035713 0.383591 1.000000
-0.028419 0.024986 0.676214 1.000000
0.527832 0.006337 0.183856 0.000000
0.580324 -0.027304 0.025056 0.000000
-0.105486 -0.055469 -0.337542 0.000000
0.844176 -0.052282 -0.037087 0.000000
0.225805 0.084525 0.081004 0.000000
-0.505135 0.010825 0.351342 0.000000
0.064626 -0.088010 0.241981 0.000000
-0.675965 0.024066 -0.029613 2.000000
0.112338 0.016638 0.141463 0.000000
0.252085 0.059816 0.008426 0.000000
-0.434487 0.069332 0.099608 0.000000
0.195553 0.023191 0.141463 0.000000
-0.505135 -0.064581 0.242206 0.000000
-0.320526 0.058358 0.011052 0.000000
0.861973 -0.086080 -0.058541 0.000000
0.054168 0.061657 0.057799 0.000000
-0.013518 0.028779 0.027637 0.000000
0.780620 -0.086058 0.087871 0.000000
0.075263 0.019667 0.496543 1.000000
-0.020991 0.052523 -0.140612 0.000000
-0.476230 -0.113819 -0.184240 0.000000
0.498881 -0.020616 0.087086 0.000000
-0.198194 0.039259 0.349008 0.000000
0.135296 0.014438 -0.104974 0.000000
0.595225 -0.052148 0.645087 1.000000
-0.505135 0.060736 0.392344 0.000000
0.122459 -0.068889 -0.285701 0.000000
0.228655 0.003531 0.320394 0.000000
-0.422885 -0.086888 0.387092 0.000000
-0.060444 0.058290 -0.327308 0.000000
-0.043523 -0.003448 -0.705256 1.000000
0.591926 -0.086103 0.111435 0.000000
0.028584 0.053847 0.259980 0.000000
-0.264129 0.052927 -0.050642 0.000000
-0.078039 0.034995 -0.021736 0.000000
0.056053 0.001175 0.290748 0.000000
-0.594994 0.107371 0.077144 2.000000
-0.398131 0.100953 -0.330607 0.000000
-0.404213 0.050458 -0.405497 0.000000
0.048265 0.061095 -0.037737 0.000000
0.697584 -0.071582 -0.154885 0.000000
0.224055 0.084368 -0.026763 0.000000
-0.417252 0.107371 -0.348606 0.000000
-0.074852 -0.086821 -0.300468 0.000000
0.989018 -0.069787 0.078984 0.000000
0.154282 0.074987 -0.011884 0.000000
0.344479 -0.089379 0.152617 0.000000
-0.472392 0.084144 0.243305 0.000000
0.928469 -0.061887 0.043930 0.000000
-0.361146 0.111052 0.033359 2.000000
0.346499 -0.005917 -0.008248 0.000000
-0.298219 0.101828 0.348761 0.000000
-0.272208 0.053690 0.125350 0.000000
0.330229 -0.019988 -0.667643 1.000000
0.052978 0.021777 0.472933 1.000000
0.028606 0.014304 0.297211 0.000000
0.261758 0.002252 -0.103493 0.000000
-0.151066 -0.117970 0.048934 0.000000
0.244679 -0.000755 0.248265 0.000000
0.650904 -0.031995 0.110448 0.000000
0.028718 -0.038189 0.661806 1.000000
-0.292541 0.059794 -0.050305 0.000000
-0.058716 0.033133 -0.116487 0.000000
-0.423087 -0.043822 0.400154 0.000000
-0.505135 -0.095753 0.254145 0.000000
0.122728 -0.086372 -0.249210 0.000000
-0.623540 0.051041 -0.082375 2.000000
-0.296289 0.025749 0.371315 0.000000
-0.505135 0.104566 -0.328947 0.000000
-0.114081 0.037217 -0.671414 1.000000
0.088774 -0.114492 0.011747 0.000000
0.543317 -0.086035 0.158586 0.000000
-0.459712 -0.111193 -0.201677 0.000000
-0.290050 -0.085878 -0.371901 0.000000
0.559856 -0.093823 -0.064713 0.000000
0.203520 -0.011415 0.430091 1.000000
-0.348848 0.061095 0.155781 0.000000
-0.280108 0.054453 -0.120369 0.000000
0.192322 -0.005580 -0.487478 1.000000
0.304644 0.009434 0.171266 0.000000
-0.119961 0.039035 -0.025798 0.000000
-0.241934 -0.096605 -0.264381 0.000000
0.329645 -0.099141 -0.083878 0.000000
-0.250529 -0.126274 -0.016148 0.000000
0.263463 0.002073 -0.064870 0.000000
0.206527 0.007504 0.128334 0.000000
-0.571564 0.073304 -0.094696 2.000000
0.122953 -0.105380 -0.088726 0.000000
0.000329 0.027432 0.000190 0.000000
-0.342654 0.080261 0.033359 2.000000
-0.466490 0.162803 -0.009909 2.000000
-0.107461 0.037015 0.476502 1.000000
-0.127658 -0.101947 -0.187382 0.000000
0.149592 -0.018619 -0.323067 1.000000
-0.505135 0.080216 0.270842 0.000000
0.821801 -0.051699 0.057574 0.000000
0.838633 -0.086080 -0.074677 0.000000
0.305093 -0.085990 -0.227733 0.000000
-0.050637 0.070027 0.297526 0.000000
0.016128 0.025278 0.491718 1.000000
0.143532 -0.018058 -0.508147 1.000000
0.262206 0.084772 0.055218 0.000000
-0.133493 -0.109308 0.117203 0.000000
-0.623630 0.024470 -0.054524 2.000000
-0.505135 -0.013188 -0.235587 0.000000
0.463625 0.010960 0.196401 0.000000
-0.175774 0.002140 -0.353543 0.000000
0.088257 0.018433 -0.568651 1.000000
-0.095095 0.036634 -0.116352 0.000000
-0.347906 0.060983 -0.049924 0.000000
-0.473671 0.089238 0.260967 0.000000
0.609992 -0.086035 0.149969 0.000000
0.081233 0.019645 -0.097523 0.000000
0.049118 0.061634 -0.114153 0.000000
0.582972 -0.098872 0.006092 0.000000
0.805216 -0.048018 -0.046849 0.000000
-0.053846 0.032661 -0.071288 0.000000
-0.439784 -0.128922 0.036860 0.000000
0.242637 0.004092 -0.112380 0.000000
-0.062374 0.033424 0.093504 0.000000
0.402627 -0.091982 0.114465 0.000000
-0.549885 0.091482 0.070097 2.000000
0.531400 -0.023870 0.107306 0.000000
0.117230 -0.015544 -0.610371 1.000000
0.193242 0.008469 0.442502 1.000000
-0.272321 0.076064 -0.273829 0.000000
-0.505135 -0.078517 0.133115 0.000000
0.169318 -0.002214 -0.682702 1.000000
-0.129072 0.011902 -0.488982 1.000000
-0.505135 -0.036864 -0.280651 0.000000
-0.386304 -0.100264 0.263862 0.000000
-0.010600 0.028487 0.059056 0.000000
-0.113206 0.006314 -0.541339 1.000000
0.403255 -0.002528 0.153357 0.000000
-0.297411 0.071980 0.243552 0.000000
-0.505135 -0.097279 -0.047792 0.000000
0.099636 -0.043507 -0.290885 0.000000
-0.520598 0.029317 0.044782 0.000000
-0.519521 0.011476 -0.059933 0.000000
-0.491131 0.120545 0.367231 0.000000
-0.116460 0.006628 0.460231 1.000000
-0.007638 -0.100645 -0.164962 0.000000
-0.233630 0.099696 -0.366694 0.000000
-0.098843 0.060781 -0.336038 0.000000
-0.117380 0.061791 -0.261620 0.000000
0.092432 -0.013210 -0.548565 1.000000
0.686497 -0.022255 0.143034 0.000000
-0.390972 -0.124007 0.064890 0.000000
-0.224317 0.049066 0.103267 0.000000
-0.473873 -0.126409 0.067516 0.000000
-0.667661 0.045094 0.114196 2.000000
0.157446 -0.050397 -0.676284 1.000000
0.037695 -0.034306 0.643673 1.000000
0.664594 -0.086058 0.135493 0.000000
0.004862 -0.085923 0.296381 0.000000
0.311467 -0.002550 -0.075665 0.000000
-0.620667 0.084278 -0.028536 2.000000
-0.071778 0.045723 -0.072366 0.000000
0.595360 -0.029907 -0.096828 0.000000
-0.659717 -0.018372 0.051537 2.000000
-0.237445 0.050346 0.060469 0.000000
0.053315 0.021148 0.655702 1.000000
-0.250395 0.081114 0.287427 0.000000
-0.475467 0.043837 0.412070 0.000000
0.267099 0.025210 0.243171 0.000000
0.172236 -0.109622 0.029544 0.000000
-0.489605 0.074651 -0.167431 0.000000
0.252085 0.014730 0.020096 0.000000
0.220015 -0.107737 -0.041912 0.000000
0.248494 0.003531 -0.045054 0.000000
-0.320100 0.087398 -0.302039 0.000000
-0.197184 0.046463 0.029499 0.000000
-0.505135 -0.113235 0.039329 0.000000
-0.297321 0.056136 0.119380 0.000000
0.292840 0.013585 0.237313 0.000000
0.191738 -0.035922 0.650002 1.000000
-0.353494 0.061522 -0.076069 0.000000
0.492889 0.010758 0.110111 0.000000
0.206999 0.007459 0.119447 0.000000
0.347958 0.047249 -0.050417 0.000000
0.421658 0.024268 0.099070 0.000000
0.214315 0.010354 -0.264807 0.000000
0.240011 0.040292 0.136795 0.000000
0.627497 -0.067296 -0.669237 1.000000
-0.660727 -0.011662 -0.108857 2.000000
0.803466 -0.086080 -0.098713 0.000000
0.247125 -0.068014 -0.257356 0.000000
-0.231027 -0.014871 -0.366111 0.000000
0.018754 -0.012133 0.629894 1.000000
0.503998 -0.014983 0.134304 0.000000
-0.665776 0.076019 -0.078156 2.000000
0.070079 0.064058 -0.069852 0.000000
0.085991 -0.012582 0.564363 1.000000
-0.246804 0.051243 0.177393 0.000000
-0.289287 0.078668 0.033359 0.000000
0.094968 0.067334 -0.081612 0.000000
-0.667729 0.003240 -0.074116 2.000000
0.651465 -0.074612 -0.165388 0.000000
0.121606 0.015269 0.552850 1.000000
-0.092424 0.042401 0.089128 0.000000
-0.263344 -0.122234 0.044199 0.000000
-0.348893 0.061095 -0.021624 0.000000
0.111911 -0.100892 -0.129593 0.000000
0.535215 -0.002820 0.098913 0.000000
0.832461 -0.091623 -0.007463 0.000000
0.112315 -0.015096 0.379731 1.000000
-0.046306 0.031921 0.105915 0.000000
-0.238119 0.050413 -0.008181 0.000000
-0.294718 0.055889 0.167047 0.000000
0.754295 -0.042453 -0.029367 0.000000
0.065434 0.063160 0.088275 0.000000
0.183928 -0.007667 -0.271719 0.000000
0.494954 -0.039288 -0.662504 1.000000
-0.034748 -0.036191 0.114600 0.000000
0.104102 -0.014310 0.515349 1.000000
-0.353987 0.086365 -0.290054 0.000000
0.078562 -0.083185 -0.295687 0.000000
0.235747 0.024335 -0.147569 0.000000
0.296722 -0.020729 0.236438 0.000000
0.148918 -0.108275 -0.056993 0.000000
-0.245300 -0.089065 -0.328969 0.000000
-0.023864 0.051490 0.094088 0.000000
0.280474 -0.043059 -0.686719 1.000000
0.305116 -0.001945 0.082283 0.000000
0.063638 0.021328 0.087669 0.000000
-0.001332 -0.004301 0.403587 1.000000
-0.448446 0.070678 0.013677 0.000000
-0.464874 0.072272 0.123195 0.000000
0.362814 -0.007488 0.105466 0.000000
-0.022203 0.028913 0.397505 1.000000
-0.299677 -0.125174 0.029589 0.000000
-0.586084 0.053734 -0.024721 2.000000
0.010967 0.056674 -0.140388 0.000000
-0.505135 0.007526 0.014598 0.000000
0.893077 -0.074814 0.100798 0.000000
0.463804 -0.063593 -0.208073 0.000000
-0.304166 0.056787 -0.167879 0.000000
-0.238500 0.017244 0.358164 0.000000
-0.123619 0.039371 -0.091958 0.000000
0.145373 0.001512 0.636424 1.000000
0.157424 -0.006994 0.268126 0.000000
0.712418 -0.037874 -0.033541 0.000000
-0.046620 0.000098 0.314537 0.000000
0.093150 -0.043418 0.652089 1.000000
0.559093 -0.019270 0.132711 0.000000
0.101117 -0.022748 0.690016 1.000000
0.076587 0.020071 0.149430 0.000000
0.519820 -0.022614 -0.030354 0.000000
-0.617391 0.141393 -0.077303 2.000000
0.486336 0.002836 0.013476 0.000000
0.508217 -0.004166 -0.089983 0.000000
-0.115181 -0.081681 -0.339764 0.000000
-0.300732 -0.090703 -0.330405 0.000000
-0.195232 -0.122975 -0.028693 0.000000
0.140413 -0.017766 0.610638 1.000000
-0.664452 0.048505 0.080106 2.000000
-0.271355 -0.121471 0.052906 0.000000
0.014086 0.026108 -0.060763 0.000000
-0.437405 -0.099815 -0.291693 0.000000
-0.179186 -0.113908 0.091058 0.000000
-0.590281 0.052635 -0.036930 2.000000
0.008633 0.025996 0.429194 1.000000
0.110542 -0.113908 0.010468 0.000000
-0.174607 -0.092903 -0.276858 0.000000
0.060003 0.062509 0.135449 0.000000
-0.535096 0.049336 0.059392 0.000000
-0.264870 0.056764 -0.373808 0.000000
0.016398 0.056966 0.058629 0.000000
0.579740 -0.095259 -0.047051 0.000000
-0.505135 -0.004817 0.354663 0.000000
-0.122946 0.007234 0.593695 1.000000
-0.505135 -0.094990 0.072678 0.000000
0.389162 -0.052754 0.671838 1.000000
-0.124943 0.038676 0.357087 1.000000
-0.349140 -0.119654 0.089981 0.000000
0.059105 0.001781 -0.300108 0.000000
0.488176 -0.100780 0.016281 0.000000
0.276794 0.070072 0.056766 0.000000
-0.436193 0.109817 -0.412768 0.000000
0.017452 -0.006096 0.306906 1.000000
0.011617 -0.005535 -0.556487 1.000000
-0.180891 0.044892 -0.120975 0.000000
0.003763 0.044645 0.159170 0.000000
-0.062083 -0.002371 -0.643967 1.000000
-0.376228 0.063721 0.177056 0.000000
0.193242 0.000300 -0.269430 0.000000
-0.505135 0.029385 0.271358 0.000000
-0.475063 0.027230 0.411981 0.000000
0.041982 0.060714 -0.082667 0.000000
0.153744 0.012216 -0.442369 1.000000
-0.039102 0.043546 -0.216534 0.000000
0.314339 -0.089200 0.162446 0.000000
-0.032751 -0.113729 -0.061504 0.000000
-0.502712 0.129701 0.033359 2.000000
0.100152 -0.010697 0.281143 0.000000
0.318312 -0.028247 -0.690445 1.000000
0.434584 -0.014400 -0.063254 0.000000
0.144879 0.037150 -0.239358 0.000000
-0.469318 0.163813 -0.037917 2.000000
0.874607 -0.086080 0.092068 0.000000
-0.348601 0.073573 -0.246202 0.000000
-0.099785 0.041593 0.042875 0.000000
0.204059 0.063811 0.139533 0.000000
0.386087 -0.009844 0.100282 0.000000
-0.231476 -0.096426 0.253225 0.000000
-0.091504 0.007212 -0.643855 1.000000
-0.286167 -0.066780 0.369004 0.000000
0.398228 -0.010899 0.025101 0.000000
0.058275 0.021844 -0.052976 0.000000
-0.402979 0.076019 -0.241400 0.000000
-0.336909 0.059951 -0.069403 0.000000
-0.231027 -0.019921 0.046914 0.000000
-0.425825 0.091482 0.400782 0.000000
-0.000008 0.026804 0.312248 1.000000
-0.463864 0.072159 0.188951 0.000000
0.736341 -0.040612 0.136436 0.000000
0.201635 -0.067161 0.258050 0.000000
0.270039 0.079251 0.036681 0.000000
0.181415 -0.085968 -0.252756 0.000000
0.142994 -0.017991 -0.389406 1.000000
0.705798 -0.037134 -0.062356 0.000000
0.123828 0.015067 -0.458034 1.000000
-0.057908 0.033110 -0.171066 0.000000
0.403592 -0.093149 0.104321 0.000000
-0.044039 -0.108029 -0.112784 0.000000
-0.326473 0.086343 0.033359 2.000000
0.039446 0.059861 0.105466 0.000000
0.606132 -0.030940 0.077840 0.000000
-0.308632 0.103376 -0.361286 0.000000
-0.003194 -0.005445 0.304640 0.000000
0.309043 -0.047345 0.669100 1.000000
0.294456 0.064417 0.043930 0.000000
-0.072451 0.045162 0.025527 0.000000
-0.122676 0.037868 -0.678999 1.000000
0.780575 -0.086058 -0.071580 0.000000
-0.315679 0.057280 0.375714 0.000000
-0.399163 0.008491 -0.404352 0.000000
-0.423132 0.074875 0.400154 0.000000
-0.311213 0.073753 0.246402 0.000000
0.040523 0.060534 -0.137762 0.000000
-0.013967 -0.094788 -0.216220 0.000000
-0.368036 -0.125062 -0.059215 0.000000
0.152015 -0.104056 -0.091733 0.000000
0.542935 -0.090591 -0.096648 0.000000
0.198022 -0.100825 0.096624 0.000000
0.231102 -0.005603 0.305066 0.000000
-0.127726 0.026131 0.482943 1.000000
-0.317407 0.058043 -0.159553 0.000000
-0.092537 -0.037897 0.324972 0.000000
-0.255332 -0.113661 0.114488 0.000000
-0.165047 0.047540 0.033359 0.000000
0.172169 -0.036528 -0.681558 1.000000
0.630213 -0.078338 0.160584 0.000000
-0.185559 0.077052 0.289020 0.000000
-0.405717 0.093367 0.292319 0.000000
0.044787 0.022562 0.467570 1.000000
-0.073842 -0.104999 0.136975 0.000000
-0.214824 0.080620 -0.304058 0.000000
-0.295862 0.055979 -0.178113 0.000000
-0.361281 -0.107243 -0.207624 0.000000
0.246991 -0.025531 -0.657612 1.000000
0.611159 -0.029661 -0.035044 0.000000
-0.109458 0.005955 0.428116 1.000000
0.253319 -0.085968 -0.252554 0.000000
-0.063160 0.032818 0.604893 1.000000
-0.110692 0.003913 -0.705391 1.000000
-0.106271 -0.013031 -0.337722 0.000000
0.157828 0.075616 0.102593 0.000000
-0.097204 -0.100421 -0.191893 0.000000
0.325291 -0.094339 -0.125554 0.000000
-0.081989 0.032370 -0.663761 1.000000
-0.536352 0.118727 0.033359 2.000000
0.362680 -0.007488 0.120255 0.000000
0.220846 0.005865 0.330650 1.000000
0.078854 -0.113347 -0.033698 0.000000
-0.259663 0.052478 0.018166 0.000000
-0.532313 0.171735 -0.037917 2.000000
0.071919 0.019981 0.467839 1.000000
-0.126761 0.036140 0.419476 1.000000
0.945682 -0.086103 0.069805 0.000000
-0.126491 0.018702 0.689006 1.000000
-0.010331 0.032796 0.176046 0.000000
-0.603365 0.017468 0.090654 0.000000
-0.018657 -0.052664 -0.317793 0.000000
-0.112824 0.082169 0.325085 0.000000
0.882552 -0.057511 0.039778 0.000000
-0.125796 0.007504 0.376657 1.000000
-0.688555 0.103893 -0.017113 2.000000
-0.688555 0.209416 0.020343 2.000000
0.100601 -0.013973 0.351432 1.000000
0.800302 -0.086080 -0.070840 0.000000
0.049432 0.061679 -0.088748 0.000000
0.566948 -0.072413 -0.684116 1.000000
0.326997 -0.091937 -0.145460 0.000000
-0.229523 0.049605 -0.107802 0.000000
0.200872 0.008110 -0.077931 0.000000
-0.329436 -0.096000 -0.293780 0.000000
-0.546810 0.039371 -0.057621 0.000000
0.154125 -0.090277 -0.207490 0.000000
-0.418262 -0.098311 -0.298942 0.000000
0.775279 -0.086058 -0.131837 0.000000
-0.586421 0.193482 0.033359 2.000000
0.610733 -0.024678 0.126337 0.000000
-0.507110 0.055934 -0.018190 0.000000
-0.171937 0.044039 0.102930 0.000000
-0.018074 0.052859 -0.076585 0.000000
-0.466423 -0.103899 0.255492 0.000000
-0.252280 -0.115502 0.098060 0.000000
-0.180644 -0.097346 0.231411 0.000000
-0.666921 0.004743 0.078468 2.000000
0.177263 0.010399 -0.119382 0.000000
0.383057 -0.006410 0.216801 0.000000
0.625522 -0.032802 -0.068865 0.000000
0.252242 0.073259 0.134730 0.000000
0.421007 -0.013435 0.123824 0.000000
0.252085 0.072182 0.105915 0.000000
-0.612902 0.111568 0.005015 2.000000
0.089020 -0.037381 0.641339 1.000000
-0.342048 -0.089604 0.341714 0.000000
0.203184 0.081585 -0.129391 0.000000
-0.628275 0.196489 0.033359 2.000000
0.634387 -0.033812 0.005060 0.000000
-0.324745 -0.101071 0.239962 0.000000
0.765898 -0.091713 -0.025327 0.000000
0.230787 -0.026339 0.253337 1.000000
-0.403921 0.066392 -0.002279 0.000000
0.185364 0.079341 -0.109216 0.000000
-0.408701 -0.118397 0.117068 0.000000
0.321656 -0.003538 0.082844 0.000000
0.332922 0.052074 0.002703 0.000000
0.231685 -0.026406 -0.269744 1.000000
0.624961 -0.070326 0.674980 1.000000
-0.099785 0.036274 -0.351793 1.000000
0.184938 -0.020953 0.511803 1.000000
-0.505135 0.056540 0.052772 2.000000
-0.215968 -0.099904 0.219494 0.000000
-0.425915 0.068524 -0.179549 0.000000
0.391855 0.033155 -0.048667 0.000000
-0.142717 -0.014041 0.336373 0.000000
-0.202660 0.050795 -0.037917 0.000000
-0.474277 0.097766 -0.300602 0.000000
-0.121577 0.039192 0.002928 0.000000
0.167972 0.010870 -0.490979 1.000000
0.368403 -0.062089 0.220123 0.000000
0.183502 0.009411 -0.437701 1.000000
-0.501791 0.186637 0.028534 2.000000
-0.505135 0.017401 0.039239 0.000000
0.883472 -0.053000 0.093616 0.000000
0.372308 -0.008408 0.085582 0.000000
-0.199541 -0.088840 0.308522 0.000000
0.203789 0.007481 -0.368220 1.000000
0.376370 -0.024544 -0.667239 1.000000
-0.265947 -0.111417 0.136324 0.000000
0.124187 0.015493 -0.062491 0.000000
0.448543 -0.001765 -0.127371 0.000000
0.133052 0.014191 -0.470287 1.000000
-0.061432 0.041952 0.165521 0.000000
-0.247679 0.099270 -0.369881 0.000000
0.357294 -0.066982 -0.232288 0.000000
0.247170 -0.038211 0.672668 1.000000
0.120552 0.015381 -0.641857 1.000000
0.078585 0.019353 -0.666903 1.000000
0.312769 -0.002752 0.112917 0.000000
0.917382 -0.066757 0.095277 0.000000
-0.531415 0.002768 0.026402 2.000000
-0.328179 0.072720 0.238593 0.000000
-0.031135 0.029766 -0.447957 1.000000
-0.170007 -0.096134 0.238615 0.000000
0.347554 -0.098558 -0.083766 0.000000
0.224436 0.084346 -0.036391 0.000000
0.397218 -0.090950 -0.134261 0.000000
-0.505135 0.050458 0.271515 0.000000
-0.596834 0.107775 0.043728 2.000000
-0.514853 0.022248 0.117450 2.000000
0.290573 -0.015881 -0.247459 0.000000
-0.004608 -0.117477 -0.021983 0.000000
-0.178647 -0.107804 -0.152215 0.000000
-0.069803 0.002185 0.598071 1.000000
0.320197 0.029721 -0.139670 0.000000
0.006344 0.026220 0.306435 1.000000
-0.278537 0.054295 0.035581 0.000000
0.039939 -0.093037 0.206343 0.000000
-0.057684 -0.098042 0.191217 0.000000
-0.035444 -0.013906 -0.646480 1.000000
0.029481 0.058761 -0.068416 0.000000
-0.441512 0.059300 -0.413980 0.000000
0.170261 0.007661 -0.679785 1.000000
-0.123080 0.085355 0.330381 0.000000
-0.484107 0.114844 0.348828 0.000000
-0.120926 0.039169 -0.045592 0.000000
-0.488371 -0.098513 -0.316761 0.000000
0.995907 -0.086103 0.027479 0.000000
-0.460565 0.083089 0.059908 0.000000
0.286175 -0.107265 -0.027324 0.000000
0.499577 -0.020684 0.051178 0.000000
-0.246377 -0.013659 0.050864 0.000000
-0.113385 0.031943 -0.339337 0.000000
-0.051669 0.021889 0.682745 1.000000
-0.106765 -0.014243 -0.650924 1.000000
0.881946 -0.075151 0.103334 0.000000
0.143285 0.073887 0.036860 0.000000
-0.500467 0.075683 -0.042518 0.000000
0.952212 -0.086103 0.052188 0.000000
-0.454820 -0.125129 -0.082711 0.000000
-0.512900 0.133269 0.033359 2.000000
0.002887 -0.106413 0.103783 0.000000
0.063683 0.063519 -0.015744 0.000000
-0.665507 0.145321 -0.075844 2.000000
-0.505135 -0.110901 -0.208791 0.000000
-0.505135 -0.082444 -0.372484 0.000000
-0.366959 -0.113370 0.147904 0.000000
0.943438 -0.084958 0.089330 0.000000
-0.644703 0.132686 0.075595 2.000000
-0.528991 0.101042 -0.068393 2.000000
-0.178871 0.044713 -0.082510 0.000000
0.008453 0.026018 -0.609945 1.000000
0.150153 0.013002 -0.068595 0.000000
0.224145 -0.096022 0.129973 0.000000
0.488446 -0.086013 0.168887 0.000000
-0.154454 -0.100982 0.193394 0.000000
-0.505135 0.051131 -0.086459 0.000000
-0.505135 0.020610 -0.152574 0.000000
-0.683797 0.172005 0.053288 2.000000
0.670653 -0.037268 0.079343 0.000000
-0.114866 0.039663 0.016505 0.000000
0.534070 -0.069271 0.651146 1.000000
0.184714 -0.089626 0.194943 0.000000
0.176365 0.045588 -0.152596 0.000000
0.646663 -0.015477 0.156836 0.000000
0.565624 -0.086192 0.117989 0.000000
0.074927 -0.011550 -0.628908 1.000000
0.204463 0.021575 -0.199029 0.000000
0.236510 0.085984 -0.084686 0.000000
-0.101222 0.040965 0.159596 0.000000
0.380476 0.003127 -0.177305 0.000000
0.130269 -0.016801 0.386195 1.000000
0.080762 0.048483 0.253898 0.000000
0.022861 -0.098558 -0.174208 0.000000
-0.051782 0.000479 0.562096 1.000000
-0.510028 0.075593 0.073172 0.000000
0.021649 -0.006478 0.394790 1.000000
-0.387606 -0.092005 0.333994 0.000000
-0.497281 0.120163 -0.373966 0.000000
0.062718 0.021418 -0.020075 0.000000
-0.492523 0.069938 0.415953 0.000000
0.290326 0.065741 0.098486 0.000000
-0.013832 0.032549 -0.168732 0.000000
-0.638980 0.084996 0.021263 2.000000
-0.197476 0.046486 -0.144338 0.000000
0.516970 -0.006994 0.051717 0.000000
-0.688555 0.158203 0.003421 2.000000
-0.483434 -0.107939 -0.235744 0.000000
-0.505135 -0.009283 0.224768 0.000000
0.472579 0.011880 -0.105064 0.000000
-0.087375 -0.100219 0.181231 0.000000
-0.344764 0.060714 0.004813 0.000000
0.024724 0.024470 0.639005 1.000000
0.830958 -0.063616 -0.124566 0.000000
0.159960 -0.099366 -0.129099 0.000000
0.776356 -0.044854 0.020118 0.000000
-0.120320 0.039551 -0.158588 0.000000
0.042139 0.023415 -0.147928 0.000000
0.579987 -0.028426 -0.064690 0.000000
0.096651 -0.116040 -0.003648 0.000000
0.461021 -0.103495 0.000930 0.000000
-0.227706 -0.078248 0.355718 0.000000
-0.010802 -0.003403 -0.622669 1.000000
-0.338704 0.069354 0.049114 0.000000
0.330161 -0.088212 -0.175959 0.000000
-0.125145 -0.113684 -0.087716 0.000000
-0.547820 0.076132 -0.066329 2.000000
-0.688555 0.002162 -0.101855 2.000000
-0.156519 -0.102328 0.182532 0.000000
0.244096 0.086949 -0.017472 0.000000
0.052597 -0.116197 -0.016889 0.000000
-0.190339 0.062105 0.005733 0.000000
-0.505135 -0.074926 -0.319252 0.000000
0.620069 -0.044831 0.162895 0.000000
0.275425 0.000457 0.199723 0.000000
0.121292 0.037262 0.148196 0.000000
-0.195524 -0.108208 0.143842 0.000000
-0.075009 0.009232 -0.330607 0.000000
0.082647 0.058919 0.283230 0.000000
0.215347 -0.104281 0.062556 0.000000
0.772743 -0.047008 0.090295 0.000000
-0.505023 0.077186 0.033427 2.000000
-0.639519 0.042850 0.087557 2.000000
0.112921 0.016593 0.013318 0.000000
0.953694 -0.056434 -0.096648 0.000000
0.370265 -0.051295 0.219719 0.000000
0.331014 0.057617 -0.138615 0.000000
-0.123619 0.038541 -0.394859 1.000000
0.284200 -0.099343 -0.094875 0.000000
0.319658 -0.003336 -0.138615 0.000000
-0.668851 0.072429 -0.097658 2.000000
0.170485 0.035646 -0.240368 0.000000
-0.524615 0.206521 0.033337 2.000000
-0.505135 0.050368 0.350063 0.000000
-0.598068 0.114216 -0.082510 2.000000
0.446546 -0.097638 0.054432 0.000000
-0.352865 -0.090748 0.334937 0.000000
0.362455 -0.085990 -0.192790 0.000000
0.426819 -0.100802 -0.042899 0.000000
-0.070611 -0.019606 0.682408 1.000000
0.317683 -0.106345 -0.026382 0.000000
0.175176 0.010578 0.107351 0.000000
-0.355154 0.090607 0.295057 0.000000
0.129843 0.014506 0.555745 1.000000
-0.191372 0.063789 -0.250422 0.000000
0.234872 -0.015657 -0.267994 0.000000
0.162137 0.008154 0.267049 0.000000
0.820836 -0.090838 0.007753 0.000000
0.730305 -0.022659 0.137805 0.000000
0.129461 0.014528 0.357873 1.000000
-0.171174 0.043972 0.127212 0.000000
-0.298600 0.097856 -0.344275 0.000000
0.221115 -0.025419 0.306301 1.000000
0.329353 -0.004278 0.086525 0.000000
-0.280714 0.054542 -0.036346 0.000000
0.465083 -0.047300 -0.207782 0.000000
-0.117268 0.011072 -0.644034 1.000000
-0.505135 0.059682 -0.081208 0.000000
-0.505135 0.022181 -0.348314 0.000000
0.424396 0.022719 -0.077797 0.000000
-0.137533 0.040763 -0.047006 0.000000
-0.505135 -0.008969 -0.174500 0.000000
0.303433 -0.035630 0.676259 1.000000
-0.056809 0.030933 0.668786 1.000000
0.095125 0.049897 -0.272078 0.000000
0.038795 0.023123 0.576414 1.000000
-0.264062 0.075975 -0.275512 0.000000
-0.497572 -0.063885 -0.426727 0.000000
-0.140136 0.024605 0.335790 0.000000
0.223898 0.005843 0.129524 0.000000
0.138371 0.013698 0.633978 1.000000
-0.505135 -0.016106 -0.420353 0.000000
0.165458 0.011117 -0.354104 1.000000
-0.013226 0.067491 -0.316559 0.000000
-0.355873 -0.118262 -0.113121 0.000000
0.588380 -0.029885 -0.006588 0.000000
0.043104 0.022719 0.621029 1.000000
-0.662522 0.068344 0.095142 2.000000
0.896982 -0.058880 -0.094516 0.000000
0.888813 -0.086080 0.088971 0.000000
-0.537385 0.033065 -0.029883 2.000000
-0.555877 0.005753 0.080533 0.000000
0.353770 0.011072 -0.198850 0.000000
-0.423423 0.029676 0.400221 0.000000
0.468405 -0.060002 -0.661427 1.000000
-0.318372 -0.126813 -0.030623 0.000000
-0.345729 0.060781 -0.114422 0.000000
0.885178 -0.056771 -0.006431 0.000000
-0.505135 -0.074792 -0.367906 0.000000
-0.349185 0.061140 0.165521 0.000000
-0.343888 0.094489 -0.391762 0.000000
0.009328 -0.033004 -0.660507 1.000000
-0.052657 0.048416 -0.149881 0.000000
0.031277 -0.007398 -0.466584 1.000000
-0.397907 0.065831 -0.152551 0.000000
-0.505135 -0.067386 -0.130132 0.000000
-0.219155 0.086096 0.353766 0.000000
-0.043231 0.031629 -0.045278 0.000000
0.429759 -0.000755 -0.175779 0.000000
-0.130935 0.067671 -0.343332 0.000000
-0.612700 0.205623 -0.037917 2.000000
-0.281118 0.082012 -0.292658 0.000000
0.084150 -0.012425 0.518917 1.000000
0.119474 0.015471 -0.398809 1.000000
0.482992 -0.054975 0.194067 0.000000
0.177712 -0.112091 -0.016754 0.000000
0.277400 -0.086372 0.196626 0.000000
0.142253 0.001310 -0.280943 0.000000
0.570876 -0.099860 0.001043 0.000000
0.339520 -0.085990 0.207690 0.000000
-0.217270 0.064911 -0.037917 0.000000
-0.154499 -0.088908 -0.304866 0.000000
0.061978 -0.010315 0.476883 1.000000
-0.087667 0.043052 0.059504 0.000000
-0.688555 0.116213 -0.055197 2.000000
0.880936 -0.086080 -0.066194 0.000000
0.756539 -0.045460 -0.081208 0.000000
-0.370662 0.072698 -0.037917 0.000000
0.258571 0.031898 0.133878 0.000000
-0.378001 0.063878 0.154614 0.000000
0.174817 -0.029705 -0.659856 1.000000
0.345220 -0.044315 -0.658913 1.000000
0.255608 0.015964 -0.191848 0.000000
-0.063474 -0.101139 0.166800 0.000000
-0.347345 0.096756 -0.037917 2.000000
0.360660 -0.037538 -0.691589 1.000000
-0.448155 0.113296 -0.361847 0.000000
-0.099808 0.042244 -0.143687 0.000000
-0.403113 0.082640 -0.037917 0.000000
-0.031786 0.029834 -0.670336 1.000000
-0.688555 0.000098 0.103805 2.000000
0.066085 0.020543 0.588488 1.000000
-0.056450 -0.053247 0.316759 0.000000
-0.127793 0.025368 0.426254 1.000000
0.505546 -0.010136 0.111593 0.000000
-0.434846 0.028689 0.402824 0.000000
0.510977 0.001153 0.111166 0.000000
-0.172992 -0.096157 -0.248896 0.000000
0.166221 0.028128 -0.212764 0.000000
-0.618401 -0.021918 -0.080579 2.000000
-0.453900 0.085153 -0.261082 0.000000
-0.274789 -0.088930 0.328698 0.000000
