0.298612 0.089832 -0.020613 0.000000
0.056467 -0.053144 -0.099261 1.000000
0.148513 0.021992 0.712373 1.000000
0.056242 -0.025077 -0.394702 1.000000
-0.415397 0.074267 -0.004101 0.000000
-0.152431 0.049885 0.035297 0.000000
0.224995 0.019676 0.059355 0.000000
-0.414849 -0.062807 -0.025694 0.000000
-0.246346 -0.034341 0.051460 0.000000
0.011415 -0.006996 0.380273 1.000000
0.034875 0.027546 -0.764731 1.000000
-0.045044 -0.026920 -0.326140 1.000000
0.297666 0.050184 0.035422 0.000000
0.169632 0.026151 0.447540 1.000000
0.528903 0.040895 -0.034858 0.000000
-0.418136 -0.040916 0.038336 0.000000
-0.282607 -0.035163 0.050190 0.000000
0.161190 -0.050006 0.118229 1.000000
0.501932 0.050657 -0.030948 0.000000
-0.651989 -0.044104 0.007280 2.000000
0.012759 0.007448 0.558140 1.000000
0.072306 -0.004755 0.588175 1.000000
0.092453 -0.048512 0.135214 1.000000
0.509403 -0.050255 0.009422 0.000000
0.187065 0.067642 0.007629 0.000000
-0.272471 0.061740 -0.024149 0.000000
0.267581 0.050832 0.038435 0.000000
0.173741 -0.040742 -0.232699 1.000000
0.009646 0.049960 -0.056500 0.000000
0.131603 0.035491 -0.887859 1.000000
-0.062278 -0.034018 0.285537 1.000000
0.466642 -0.065248 0.017316 0.000000
0.215705 0.001322 0.396834 3.000000
0.239041 -0.017481 0.446793 3.000000
0.039781 -0.023533 0.111604 1.000000
0.168238 -0.009213 -0.169990 1.000000
-0.178232 0.064031 -0.023776 0.000000
0.009547 0.024458 0.794109 1.000000
0.095791 -0.047092 -0.233297 1.000000
0.117657 0.040795 0.790523 1.000000
0.511395 -0.062060 -0.008310 0.000000
0.127643 -0.004606 0.226214 1.000000
-0.257528 0.033847 -0.063324 0.000000
0.389887 -0.006349 0.059903 0.000000
-0.185928 -0.067863 -0.040287 0.000000
0.034003 -0.031776 -0.325542 1.000000
0.285662 -0.074039 -0.257877 3.000000
0.143258 0.003488 -0.334633 1.000000
0.108940 0.051554 -0.944292 1.000000
-0.015706 0.009665 0.061447 0.000000
-0.566093 0.007921 -0.116495 2.000000
-0.696244 -0.032349 -0.034186 2.000000
0.016420 -0.023309 -0.055629 1.000000
0.002424 -0.024280 -0.204009 1.000000
0.115291 -0.021242 0.242801 1.000000
0.082566 0.000027 0.637660 1.000000
0.061572 0.013699 -0.538749 1.000000
0.252663 -0.016859 -0.269781 3.000000
0.112800 0.018829 0.522054 1.000000
-0.588756 -0.003111 0.043366 2.000000
-0.014038 -0.023035 0.399126 1.000000
-0.737162 -0.007993 0.023966 2.000000
-0.702594 -0.039048 -0.022705 2.000000
0.225294 0.001621 0.062916 0.000000
-0.322429 -0.000546 -0.072364 0.000000
0.260732 -0.005602 0.248853 3.000000
-0.579392 0.155978 -0.014835 2.000000
0.238269 0.013027 0.217274 3.000000
-0.572768 -0.003111 0.082367 2.000000
0.265962 0.001222 0.227559 3.000000
0.296271 0.067617 -0.019941 0.000000
0.050041 0.022914 -0.672486 1.000000
0.078955 -0.028588 0.427293 1.000000
0.039980 0.042638 -0.940183 1.000000
-0.636000 -0.003111 -0.125137 2.000000
-0.002532 0.008594 -0.743314 1.000000
0.506663 -0.002738 -0.051918 0.000000
0.191175 -0.061338 0.036343 1.000000
-0.007787 -0.027393 0.059355 0.000000
-0.622925 0.225934 -0.001462 2.000000
0.247458 -0.048537 -0.219151 3.000000
-0.456564 -0.019698 -0.063473 0.000000
0.126672 -0.020943 -0.437662 1.000000
-0.587910 -0.002862 -0.263306 2.000000
0.179793 -0.054614 -0.089349 1.000000
-0.253967 0.066422 -0.006119 0.000000
0.032035 -0.016709 0.464674 1.000000
0.021302 -0.017406 0.226115 1.000000
0.035721 -0.054066 -0.093035 1.000000
0.224646 -0.045025 -0.202266 3.000000
0.046654 -0.053319 0.030889 0.000000
0.046082 0.086918 -0.027711 0.000000
0.115166 0.050608 -0.056176 0.000000
0.007405 0.034544 0.052158 0.000000
-0.000540 0.012230 -0.685361 1.000000
-0.164884 -0.075508 -0.040287 0.000000
0.064262 0.017808 -0.838722 1.000000
-0.471581 0.031929 0.001104 0.000000
-0.648975 0.002044 0.240460 2.000000
-0.297251 0.061590 0.003519 0.000000
-0.559892 0.186461 -0.010128 2.000000
0.183180 -0.012201 -0.131438 1.000000
0.207885 0.012429 -0.418187 3.000000
0.253261 -0.024504 -0.232649 3.000000
0.550819 -0.026247 0.006558 0.000000
-0.638665 -0.048238 -0.003803 2.000000
-0.556904 0.168754 -0.004450 2.000000
0.258641 -0.047964 -0.217657 3.000000
-0.327659 -0.048736 0.038759 0.000000
-0.520992 -0.005253 0.043864 0.000000
-0.014088 -0.072868 0.017316 0.000000
0.191125 0.005306 -0.212601 3.000000
0.111829 0.010088 0.409685 1.000000
-0.605766 0.008046 0.267855 2.000000
0.039283 -0.057652 -0.071667 1.000000
0.253734 0.108162 -0.012918 3.000000
0.381046 -0.021565 0.057612 0.000000
0.016171 -0.005602 -0.401252 1.000000
0.246412 -0.002364 -0.232500 3.000000
0.089241 0.025504 0.901547 1.000000
-0.372462 0.014073 -0.067184 0.000000
0.104283 0.018356 0.522477 1.000000
0.044712 0.018829 -0.633485 1.000000
0.277991 0.052127 -0.048381 0.000000
0.304813 0.088462 0.020928 0.000000
0.171874 -0.034740 0.213986 3.000000
-0.681102 -0.001841 -0.047111 2.000000
0.153569 -0.003858 -0.239622 1.000000
-0.609626 0.008046 0.064859 2.000000
0.270072 -0.009885 -0.257902 3.000000
-0.091690 -0.075110 -0.026789 0.000000
0.225318 0.055190 -0.050498 0.000000
0.427617 -0.045200 -0.057222 0.000000
0.020679 0.084926 -0.037050 0.000000
-0.484457 -0.058175 -0.012893 0.000000
0.290543 0.001546 0.062269 0.000000
-0.092611 -0.049981 0.035596 0.000000
-0.614956 0.222946 -0.001237 2.000000
-0.734846 -0.037953 -0.013889 2.000000
0.259612 -0.041215 -0.070023 0.000000
0.214161 0.014870 0.463329 3.000000
0.236575 -0.032772 0.452023 3.000000
0.001353 -0.008217 -0.408947 1.000000
0.257719 0.009316 -0.078566 0.000000
0.022298 -0.023807 -0.161970 1.000000
-0.358640 -0.058225 0.025361 0.000000
-0.606787 0.039749 -0.023303 2.000000
-0.591795 -0.003111 0.160143 2.000000
0.148887 0.030261 0.055022 0.000000
0.028972 -0.014343 0.246113 1.000000
0.097634 0.039799 0.048547 0.000000
-0.051768 -0.028912 -0.354979 1.000000
0.461761 -0.050479 -0.003454 0.000000
-0.359810 -0.063181 -0.032816 0.000000
0.191125 0.022142 -0.427352 3.000000
0.419523 -0.059445 -0.038768 0.000000
-0.101626 -0.076629 -0.013416 0.000000
0.160766 -0.005129 -0.222438 1.000000
0.109961 0.001023 0.213364 1.000000
-0.046364 -0.028240 0.345208 1.000000
0.113672 0.024458 -0.907334 1.000000
0.191722 -0.039995 0.183728 3.000000
0.344536 0.046498 -0.059339 0.000000
0.173592 0.044456 -0.062253 0.000000
0.082691 0.000799 -0.079836 0.000000
-0.026689 -0.023508 0.285462 1.000000
-0.041607 0.061491 -0.039391 0.000000
0.089988 -0.031253 0.313928 1.000000
0.366402 0.058776 0.024688 0.000000
0.249700 -0.011429 0.230224 3.000000
0.056840 -0.061388 0.031587 0.000000
0.227908 -0.057353 -0.250829 3.000000
-0.005670 0.010885 0.750253 1.000000
0.108691 0.010063 0.741536 1.000000
0.085605 0.004186 -0.388899 1.000000
0.016047 0.022366 -0.758730 1.000000
0.085829 -0.042834 -0.225003 1.000000
0.245865 0.000425 0.222230 3.000000
-0.386433 0.029588 -0.059190 0.000000
0.104383 -0.007818 0.556546 1.000000
0.033430 -0.001119 0.426645 1.000000
-0.109098 -0.073118 0.013207 0.000000
-0.665238 0.023536 0.021401 2.000000
0.079927 0.000052 -0.346985 1.000000
-0.585419 0.177022 -0.014636 2.000000
-0.670318 -0.036707 0.016196 2.000000
-0.058567 -0.065298 -0.048257 0.000000
0.001901 -0.049583 0.122961 1.000000
0.252315 -0.016435 0.397133 3.000000
0.355643 0.058701 0.032882 0.000000
-0.004275 -0.026347 -0.381752 1.000000
-0.052789 0.074690 0.006807 0.000000
0.090237 -0.008715 -0.228092 1.000000
0.083911 -0.033071 0.295200 1.000000
-0.346487 -0.068211 -0.018720 0.000000
0.273882 0.009042 0.199841 3.000000
0.315921 -0.050953 -0.060883 0.000000
0.218021 -0.058723 0.031362 0.000000
0.025187 0.018132 -0.675125 1.000000
0.036693 0.010785 0.749182 1.000000
-0.035032 -0.008391 0.527159 1.000000
0.018961 0.011184 0.588648 1.000000
0.253087 -0.076878 -0.009805 0.000000
0.268403 -0.071474 0.017018 0.000000
0.054649 0.006601 -0.464683 1.000000
0.124530 -0.005054 -0.239921 1.000000
-0.498055 -0.014517 0.044387 0.000000
0.076465 -0.074960 -0.030027 0.000000
-0.053038 -0.045872 -0.179677 1.000000
0.053628 0.013027 -0.544527 1.000000
0.111406 0.020448 -0.866018 1.000000
0.035398 0.016389 0.807234 1.000000
0.095467 0.032676 -0.720576 1.000000
0.334599 0.089184 0.013880 0.000000
-0.564948 0.145045 -0.013864 2.000000
0.185795 -0.071075 -0.245101 3.000000
0.180964 -0.061114 0.219216 3.000000
0.166743 0.002418 0.027776 0.000000
0.127718 -0.047715 0.143582 1.000000
-0.662747 0.006900 0.074098 2.000000
-0.005994 0.003040 -0.685785 1.000000
0.109438 0.063383 -0.036079 0.000000
-0.086360 0.047544 0.041349 0.000000
0.191996 0.013251 0.402164 3.000000
0.182309 -0.027717 -0.228390 3.000000
0.263945 -0.049284 0.231195 3.000000
0.001951 0.020448 0.771397 1.000000
0.046256 0.035989 -0.068180 0.000000
-0.778130 0.000824 -0.005720 2.000000
-0.545373 -0.000173 -0.058493 2.000000
0.023394 0.034295 -0.889154 1.000000
-0.025544 -0.020644 -0.336700 1.000000
-0.445008 0.024508 -0.058617 0.000000
0.028997 -0.016062 -0.487969 1.000000
-0.350870 -0.045349 0.039730 0.000000
-0.652113 0.007996 0.070985 2.000000
0.066976 -0.025749 -0.387803 1.000000
0.101469 -0.003360 -0.619439 1.000000
0.063714 -0.030855 -0.246048 1.000000
0.034376 0.026774 -0.756413 1.000000
0.185297 0.001845 0.397233 3.000000
0.087423 0.025952 0.631085 1.000000
-0.605941 0.023686 0.027776 2.000000
-0.116395 0.059075 -0.004799 0.000000
0.035622 -0.004406 0.591836 1.000000
0.190054 -0.031926 0.057686 0.000000
-0.016877 -0.030456 -0.055131 1.000000
0.189979 -0.023882 0.466318 3.000000
-0.591297 0.008046 0.137854 2.000000
-0.012543 -0.025376 0.374794 1.000000
-0.393456 0.011358 -0.066960 0.000000
0.170205 -0.010981 0.461312 1.000000
0.148015 0.009789 0.395365 1.000000
0.058185 -0.018751 0.137107 1.000000
0.167515 -0.051700 0.098754 1.000000
0.152996 -0.014866 0.069142 1.000000
0.129785 0.074466 0.031935 0.000000
-0.022655 -0.057677 0.054723 1.000000
0.227809 0.010686 -0.461446 3.000000
0.026532 -0.023508 -0.077918 0.000000
0.039631 -0.008067 -0.317100 1.000000
0.171002 0.000599 -0.516883 1.000000
0.283047 -0.075135 -0.020389 0.000000
0.221782 -0.033943 0.449233 3.000000
-0.003877 -0.020270 -0.271350 1.000000
0.107172 -0.002663 0.609966 1.000000
0.131653 0.013151 -0.783211 1.000000
0.044861 0.059747 -0.044173 0.000000
0.096712 0.026674 0.630139 1.000000
-0.514043 0.095435 -0.002159 2.000000
0.035074 -0.028439 -0.076025 0.000000
0.042919 -0.016086 0.425275 1.000000
0.163232 -0.026895 0.358009 1.000000
0.073526 -0.014542 0.163381 1.000000
-0.225177 -0.085121 -0.000490 0.000000
-0.019293 -0.003335 -0.545897 1.000000
-0.233271 -0.046818 0.044188 0.000000
0.038212 -0.024454 -0.119857 1.000000
-0.304149 0.026874 0.049045 0.000000
-0.340584 0.045851 0.031089 0.000000
0.257669 -0.029485 -0.207247 3.000000
0.175709 -0.005054 0.205170 1.000000
0.055794 0.020946 0.854229 1.000000
0.182483 0.089409 0.011539 0.000000
0.510573 0.043858 -0.039391 0.000000
0.125900 0.003364 -0.341207 1.000000
-0.773174 -0.003061 0.018786 2.000000
0.460242 -0.045748 -0.012494 0.000000
0.171102 -0.014219 0.089813 1.000000
0.257196 -0.024703 0.464076 3.000000
0.260459 0.090355 -0.015358 0.000000
0.109139 0.023412 0.580355 1.000000
-0.044446 -0.039721 -0.148945 1.000000
-0.582804 0.053945 -0.016329 2.000000
0.089789 -0.005975 0.575573 1.000000
0.062319 -0.003211 0.317414 1.000000
0.058434 -0.029684 0.330240 1.000000
0.259462 -0.003460 0.212417 3.000000
0.261355 0.012429 -0.227743 3.000000
0.119450 0.045502 0.850144 1.000000
-0.558273 0.108436 -0.015557 2.000000
0.002922 0.031008 0.921221 1.000000
0.181063 -0.014268 0.069665 1.000000
0.143582 -0.025152 -0.264751 1.000000
0.143532 0.006751 0.357834 1.000000
-0.580364 -0.003111 0.150505 2.000000
0.098057 -0.002738 -0.291548 1.000000
0.136908 -0.032498 0.301177 1.000000
-0.735692 0.005107 0.023094 2.000000
0.225991 -0.012550 0.449258 3.000000
-0.062726 -0.051152 0.046305 0.000000
-0.019666 -0.008217 -0.481768 1.000000
-0.071393 -0.052995 -0.100656 1.000000
-0.630820 0.008046 0.060700 2.000000
0.274380 0.101039 -0.028881 3.000000
-0.628429 0.008046 -0.155769 2.000000
0.117956 -0.012426 -0.062502 1.000000
-0.459453 0.029414 0.037165 0.000000
-0.220271 0.038081 0.044288 0.000000
0.148937 -0.007594 0.178398 1.000000
-0.656795 0.002318 -0.219948 2.000000
0.263621 -0.025874 0.348171 3.000000
-0.027536 -0.020918 0.420992 1.000000
0.178648 -0.052073 -0.111265 1.000000
0.132898 -0.000098 -0.294910 1.000000
0.135189 0.035241 -0.748494 1.000000
0.210301 -0.048238 0.188111 3.000000
0.304813 -0.019324 0.060650 0.000000
0.276721 0.079148 -0.044496 0.000000
-0.629002 -0.002987 -0.228067 2.000000
-0.035680 -0.040941 -0.095700 1.000000
0.032982 0.064529 0.015922 0.000000
0.117084 -0.007793 -0.212103 1.000000
0.040652 -0.012625 0.506787 1.000000
0.264792 -0.037106 -0.255412 3.000000
0.113298 0.029638 0.653624 1.000000
0.376364 0.017011 0.058135 0.000000
0.015897 -0.046221 -0.175867 1.000000
0.344088 0.091202 -0.007090 0.000000
-0.142694 -0.086865 -0.000316 0.000000
0.017417 0.029389 0.829698 1.000000
0.062120 -0.005876 0.285711 1.000000
0.030168 0.029563 -0.960356 1.000000
0.011639 -0.061637 0.032956 1.000000
0.248081 -0.039696 -0.431834 3.000000
0.246911 -0.041987 -0.206649 3.000000
-0.073086 -0.053194 0.044562 0.000000
0.101992 0.016812 0.505916 1.000000
0.504571 0.054916 -0.008161 0.000000
0.259213 -0.023931 -0.045119 0.000000
0.005164 -0.033769 0.288052 1.000000
0.051909 -0.004830 -0.331619 1.000000
-0.638914 0.007896 0.157254 2.000000
0.233288 -0.000023 0.418003 3.000000
0.048472 -0.010807 -0.079612 0.000000
-0.028283 -0.012774 -0.451758 1.000000
0.087572 -0.016311 0.410806 1.000000
-0.577674 -0.003111 0.129710 2.000000
0.056716 -0.022736 0.437927 1.000000
-0.042254 -0.036782 0.163779 1.000000
0.248131 0.019303 -0.440800 3.000000
0.009148 -0.018178 -0.466128 1.000000
-0.563055 0.205189 -0.009531 2.000000
0.479667 0.058652 -0.002981 0.000000
0.282225 0.006153 0.204498 3.000000
-0.499275 -0.055983 -0.028059 0.000000
-0.048854 -0.042958 -0.120231 1.000000
0.128615 -0.078173 -0.003130 0.000000
0.048970 -0.026770 -0.377344 1.000000
-0.051768 -0.037131 0.194237 1.000000
0.390086 -0.052920 -0.038694 0.000000
0.258815 0.054019 -0.051470 0.000000
0.031164 0.015443 0.607600 1.000000
-0.174522 -0.074786 -0.042554 0.000000
0.193715 0.064180 0.017541 0.000000
0.074746 -0.010184 -0.243283 1.000000
0.127942 0.032054 0.894275 1.000000
0.237173 -0.017556 -0.486026 3.000000
-0.073161 -0.015240 0.061596 0.000000
0.420071 -0.054140 -0.047360 0.000000
0.041947 -0.023209 -0.065217 1.000000
-0.391339 0.001596 -0.068330 0.000000
0.189855 0.014471 0.061322 0.000000
-0.000838 -0.014069 -0.508689 1.000000
-0.016304 0.008743 0.728038 1.000000
0.123584 -0.016186 -0.104366 1.000000
0.111680 -0.044328 -0.195517 1.000000
0.517821 -0.070403 -0.013017 0.000000
-0.009480 0.021669 0.849870 1.000000
0.154690 -0.004879 0.564092 1.000000
-0.565720 -0.001692 -0.184683 2.000000
0.258591 -0.005851 -0.230233 3.000000
-0.683269 0.051604 0.006508 2.000000
-0.025344 0.004211 0.667471 1.000000
0.110459 0.000525 -0.478281 1.000000
-0.586241 0.086868 0.001104 2.000000
-0.532273 -0.036832 0.031935 0.000000
-0.607584 0.008046 0.259387 2.000000
0.074174 0.057357 -0.047435 0.000000
0.014079 -0.061039 -0.056625 0.000000
0.127245 -0.037529 0.249077 1.000000
0.215257 -0.030880 0.075319 1.000000
0.284765 0.000425 0.193789 3.000000
-0.072613 0.050832 -0.054807 0.000000
0.141391 -0.040269 -0.237655 1.000000
-0.201593 0.017808 -0.072514 0.000000
0.007704 -0.029261 0.110309 1.000000
0.084559 -0.035711 -0.073261 0.000000
0.173044 -0.035661 -0.282582 1.000000
0.151203 -0.047416 -0.163564 1.000000
0.132176 0.015069 -0.796659 1.000000
0.137904 -0.002165 -0.631916 1.000000
0.112402 0.030559 0.951057 1.000000
0.066105 0.050085 0.957283 1.000000
-0.623473 -0.003061 -0.251651 2.000000
0.104980 -0.052322 0.091581 1.000000
0.535403 -0.024728 -0.017326 0.000000
0.110609 -0.040617 0.217199 1.000000
-0.590973 0.008046 0.227933 2.000000
0.117383 0.050857 -0.972957 1.000000
0.075220 0.044332 -0.884372 1.000000
0.046331 0.004360 -0.699333 1.000000
0.108567 0.029389 0.941543 1.000000
0.078059 0.004061 0.679624 1.000000
-0.526371 -0.015265 -0.059140 0.000000
0.069691 0.000500 -0.659560 1.000000
0.230225 -0.037679 -0.446428 3.000000
-0.307785 -0.049732 -0.056301 0.000000
0.047152 -0.023608 -0.112685 1.000000
0.172247 0.069336 -0.011896 0.000000
0.034775 0.003962 0.457477 1.000000
0.121741 -0.027767 0.350089 1.000000
-0.000365 -0.035861 -0.283105 1.000000
-0.405485 -0.060591 0.015324 0.000000
0.137057 0.012952 0.406971 1.000000
-0.048207 -0.026920 0.358805 1.000000
0.113523 0.035491 -0.742492 1.000000
0.142586 -0.048587 -0.151137 1.000000
0.501732 -0.046395 -0.039764 0.000000
0.142262 0.031506 -0.736191 1.000000
0.057288 0.007722 -0.734323 1.000000
0.095068 -0.055958 -0.081205 1.000000
-0.662075 0.241375 -0.006243 2.000000
0.012087 -0.004307 0.412250 1.000000
0.377808 -0.020495 -0.075154 0.000000
0.214161 -0.009362 -0.267117 3.000000
0.083214 -0.017282 0.117233 1.000000
-0.052714 -0.031278 -0.330648 1.000000
-0.472204 0.052749 -0.011398 0.000000
-0.125510 -0.074164 0.009173 0.000000
0.249077 -0.054016 -0.232201 3.000000
-0.608929 -0.003111 -0.263281 2.000000
0.048572 -0.073890 -0.032368 0.000000
-0.589728 0.008046 0.211645 2.000000
-0.629948 0.170049 -0.016329 2.000000
-0.010651 -0.051824 0.097235 1.000000
-0.631119 -0.003111 -0.082326 2.000000
-0.345914 -0.055485 -0.046937 0.000000
0.114693 0.003912 -0.694800 1.000000
-0.689594 -0.001791 0.029246 2.000000
-0.395224 0.055738 0.006134 0.000000
0.149236 -0.047516 -0.066512 0.000000
0.489106 0.042240 -0.049328 0.000000
0.013457 0.036362 0.959151 1.000000
0.532938 0.010213 0.036817 0.000000
0.245192 -0.010607 0.418676 3.000000
0.065582 -0.052497 -0.106483 1.000000
0.210974 -0.039771 -0.046514 0.000000
-0.069873 -0.052497 -0.047634 0.000000
0.243075 -0.030133 -0.256931 3.000000
0.243773 0.078401 -0.044596 0.000000
0.178523 -0.073441 0.015249 0.000000
0.156184 -0.021267 -0.434151 1.000000
0.195657 -0.011305 0.214983 1.000000
-0.683368 0.002816 -0.066587 2.000000
0.031014 0.042015 -0.989469 1.000000
0.018189 0.006875 0.536449 1.000000
0.168038 0.064330 0.017117 0.000000
-0.587636 0.008046 -0.223011 2.000000
-0.805549 -0.021192 -0.009630 2.000000
0.000980 0.029837 -0.963145 1.000000
0.110111 -0.010035 0.404580 1.000000
0.181611 -0.055286 0.043391 0.000000
-0.333437 -0.058897 0.026730 0.000000
0.492991 0.003663 0.029470 0.000000
-0.665138 0.167310 -0.014835 2.000000
-0.108052 -0.040468 -0.069600 0.000000
-0.617795 0.008046 0.142436 2.000000
0.267606 0.084453 -0.043724 0.000000
0.133247 0.011931 0.752718 1.000000
0.429833 0.063657 -0.004052 0.000000
0.074522 -0.076928 0.004839 0.000000
0.014303 0.037010 -0.967229 1.000000
0.231868 0.067293 0.009198 0.000000
0.087971 -0.007644 -0.575184 1.000000
0.160941 0.001870 -0.310550 1.000000
0.042421 0.045178 -0.991436 1.000000
0.142138 0.064604 0.016470 0.000000
0.037589 -0.078597 -0.008584 0.000000
0.100846 0.019875 0.843071 1.000000
0.257271 -0.042087 -0.266195 3.000000
0.228456 -0.029186 -0.453277 3.000000
0.088344 -0.002837 0.063340 0.000000
-0.401700 0.011383 0.049543 0.000000
0.079827 -0.013472 0.454837 1.000000
0.049419 0.007946 0.719820 1.000000
-0.724759 0.054418 -0.009381 2.000000
0.044189 -0.015314 -0.220172 1.000000
-0.081653 -0.018054 -0.077943 0.000000
0.129561 0.009490 -0.752030 1.000000
0.092678 0.008046 -0.426928 1.000000
0.042695 0.013799 -0.576130 1.000000
0.058185 -0.005178 0.584016 1.000000
0.056865 -0.010209 -0.258898 1.000000
0.164278 -0.032498 0.183304 1.000000
-0.032093 0.077679 0.025784 0.000000
0.147193 -0.009562 0.044363 0.000000
-0.065291 -0.077625 -0.003354 0.000000
-0.554712 0.084527 0.001029 2.000000
0.035522 -0.039372 -0.246944 1.000000
-0.454198 -0.028041 0.043317 0.000000
-0.593912 -0.039347 0.023692 2.000000
0.060302 0.008021 -0.441348 1.000000
-0.321732 -0.037878 -0.064196 0.000000
0.096314 0.009615 0.737103 1.000000
-0.471631 0.085897 -0.010850 2.000000
-0.614557 0.239159 -0.003803 2.000000
0.146546 -0.076156 0.009970 0.000000
-0.609054 0.008046 0.166319 2.000000
-0.592940 0.002318 -0.318494 2.000000
-0.502488 0.049163 -0.021534 2.000000
-0.573540 0.221327 -0.005347 2.000000
0.115913 0.022864 0.569148 1.000000
0.262277 -0.011977 -0.482839 3.000000
0.043068 -0.013148 0.231893 1.000000
0.135688 -0.014966 0.093997 1.000000
0.094969 -0.061412 -0.052167 0.000000
0.012934 -0.012500 -0.323500 1.000000
-0.613487 -0.003111 -0.107106 2.000000
0.003121 -0.017655 0.454687 1.000000
0.108865 -0.004132 0.246810 1.000000
0.112452 0.043460 -0.992706 1.000000
-0.014884 0.017460 0.816648 1.000000
-0.688474 0.000749 -0.043226 2.000000
-0.456938 0.041443 0.026058 0.000000
0.011713 -0.008590 -0.376372 1.000000
0.318386 0.058801 0.027926 0.000000
0.192320 -0.047939 -0.141997 1.000000
0.172596 -0.033146 0.290194 1.000000
0.287704 -0.025077 -0.225526 3.000000
0.144130 -0.006075 0.199343 1.000000
0.133322 -0.038077 0.242925 1.000000
0.164402 -0.019523 -0.044745 0.000000
-0.033289 0.068937 -0.005596 0.000000
0.108243 -0.008291 -0.568510 1.000000
-0.194097 -0.067987 -0.036577 0.000000
0.116636 0.005979 0.699398 1.000000
0.144927 -0.051276 0.103511 1.000000
0.010643 0.002418 -0.679359 1.000000
0.021526 -0.005701 -0.446130 1.000000
-0.649872 0.189499 -0.015782 2.000000
0.243299 -0.014368 -0.421350 3.000000
-0.570003 0.007598 0.148463 2.000000
-0.578645 0.216147 -0.011398 2.000000
0.490899 0.003663 -0.046563 0.000000
0.229826 -0.017282 -0.436367 3.000000
0.131628 -0.009487 0.539238 1.000000
-0.510582 0.019676 -0.055853 2.000000
0.288003 -0.105120 -0.260592 3.000000
0.124406 0.089010 0.015498 0.000000
-0.719006 0.022789 -0.013067 2.000000
-0.036103 -0.032772 0.034351 0.000000
-0.010402 0.068588 -0.014262 0.000000
0.297616 -0.058623 -0.053885 0.000000
0.052308 0.051604 0.037663 0.000000
-0.021957 0.007498 -0.716143 1.000000
0.055670 0.014272 -0.802063 1.000000
0.119226 0.002816 -0.421300 1.000000
-0.674453 0.005232 0.053502 2.000000
-0.077320 0.061466 -0.038544 0.000000
0.054873 -0.041489 0.208084 1.000000
0.520087 -0.000496 0.038809 0.000000
0.162410 -0.013895 0.474038 1.000000
-0.605990 -0.040567 0.020579 2.000000
0.108318 -0.000571 0.461138 1.000000
0.135065 -0.003659 -0.616501 1.000000
0.162584 -0.007644 0.516749 1.000000
0.263248 -0.008914 0.186915 3.000000
-0.651814 -0.003086 0.064859 2.000000
-0.202464 -0.076206 -0.002781 0.000000
0.221782 -0.003609 -0.463488 3.000000
-0.001287 0.013276 -0.703392 1.000000
0.030691 0.016339 -0.823307 1.000000
0.162111 0.089508 0.010617 0.000000
0.245914 -0.007544 0.465297 3.000000
0.177029 -0.011355 0.124704 1.000000
0.141341 0.029464 -0.793347 1.000000
0.211247 -0.041813 -0.228714 3.000000
0.055047 0.019751 0.841976 1.000000
0.129262 -0.012924 0.503774 1.000000
0.142437 -0.055933 0.064560 1.000000
0.246412 -0.049184 0.198172 3.000000
-0.102523 0.063134 -0.022556 0.000000
0.041997 0.000126 0.638756 1.000000
0.019210 0.021943 0.723779 1.000000
0.010194 -0.053269 -0.061954 0.000000
-0.571946 0.007921 -0.154898 2.000000
0.397856 0.019103 0.056491 0.000000
0.103536 -0.025799 -0.387405 1.000000
0.262451 -0.039945 -0.199476 3.000000
0.236849 -0.043456 -0.265498 3.000000
-0.011722 -0.054838 0.071010 1.000000
-0.635477 0.209697 -0.015433 2.000000
-0.046687 -0.038301 0.054847 0.000000
0.255378 -0.004904 0.400520 3.000000
0.301825 -0.027542 0.058085 0.000000
-0.330099 0.059399 0.006309 0.000000
0.222753 0.023536 -0.462218 3.000000
0.114843 0.017335 0.816847 1.000000
0.112028 0.026724 0.914174 1.000000
0.043143 0.020274 0.847231 1.000000
0.480589 -0.044926 -0.039291 0.000000
-0.047036 0.074043 -0.040985 0.000000
-0.125983 0.017385 -0.074656 0.000000
0.078881 -0.040792 0.207860 1.000000
0.005537 0.008718 0.599482 1.000000
0.080325 -0.070029 -0.041657 0.000000
-0.616351 0.062860 0.001104 2.000000
0.085679 0.045303 -0.882529 1.000000
0.078980 -0.059918 -0.063200 1.000000
-0.177784 -0.067140 -0.012345 0.000000
-0.009879 -0.056581 -0.077769 1.000000
0.028051 0.023736 0.883018 1.000000
0.475583 -0.045573 0.031387 0.000000
0.015225 -0.051152 -0.121750 1.000000
-0.616400 0.087690 0.001104 2.000000
-0.057571 -0.043930 -0.139457 1.000000
0.146421 -0.054464 0.073501 1.000000
-0.614956 0.039077 0.003793 2.000000
0.106823 0.024956 0.600851 1.000000
0.247234 -0.008665 -0.214618 3.000000
-0.742292 0.023387 0.002598 2.000000
-0.125460 0.061889 0.016943 0.000000
0.267556 0.009391 0.232092 3.000000
0.490974 -0.056979 -0.014163 0.000000
0.051262 0.036138 -0.830479 1.000000
-0.678089 0.200930 -0.012046 2.000000
-0.174870 -0.074861 -0.005396 0.000000
0.175335 -0.003037 -0.413953 3.000000
0.194288 -0.044079 -0.447873 3.000000
-0.018446 0.050558 -0.048506 0.000000
-0.641952 0.051952 -0.022929 2.000000
0.048846 0.010636 0.509054 1.000000
-0.098489 0.066272 0.006358 0.000000
0.144155 -0.007171 -0.202838 1.000000
-0.047111 -0.021765 -0.429170 1.000000
0.257296 0.087740 -0.006691 0.000000
0.461686 -0.067937 -0.016180 0.000000
0.038760 0.007373 0.713892 1.000000
0.218594 -0.002987 -0.433179 3.000000
-0.057297 -0.071449 0.020280 0.000000
-0.668799 0.131298 -0.015059 2.000000
-0.317473 -0.060840 -0.042628 0.000000
0.231993 -0.023533 0.439570 3.000000
0.219541 -0.020245 0.253236 3.000000
-0.619389 0.002144 -0.052316 2.000000
-0.029678 -0.028763 0.339903 1.000000
-0.148621 -0.061612 0.015449 0.000000
-0.026988 -0.031029 0.316468 1.000000
0.126996 0.043510 0.889020 1.000000
0.080126 0.003937 0.376338 1.000000
0.095268 -0.014767 0.046106 0.000000
0.005089 0.024433 -0.830180 1.000000
0.535403 -0.001567 -0.035805 0.000000
-0.640931 0.040621 0.005960 2.000000
0.281926 0.022739 -0.280042 3.000000
0.254183 0.032079 0.436955 3.000000
0.163954 0.044257 0.045458 0.000000
-0.552770 -0.001318 -0.116918 2.000000
0.226240 0.003289 0.463454 3.000000
0.048198 -0.018452 0.446419 1.000000
-0.536258 -0.056432 -0.015582 0.000000
-0.630969 0.006402 -0.288908 2.000000
-0.016429 -0.036633 -0.089250 1.000000
-0.683966 -0.041066 -0.023103 2.000000
0.097559 0.027123 -0.935003 1.000000
0.258242 0.087790 0.027677 0.000000
0.246412 -0.005502 0.193938 3.000000
-0.244403 0.025703 0.051336 0.000000
0.135364 -0.005427 0.211272 1.000000
-0.038793 0.024408 -0.073759 0.000000
0.087049 -0.078721 -0.008833 0.000000
0.331262 -0.052945 -0.058667 0.000000
0.218793 0.085847 0.030292 0.000000
0.253759 -0.008640 -0.207994 3.000000
0.001278 0.026027 0.906852 1.000000
0.027328 -0.027468 -0.101104 1.000000
0.144130 0.022739 0.559161 1.000000
0.002250 0.021171 0.779964 1.000000
0.217225 -0.007968 0.424703 3.000000
0.191075 -0.040817 0.207735 3.000000
-0.759601 0.021569 0.006782 2.000000
0.408366 0.050608 0.033081 0.000000
0.254631 -0.014244 0.186093 3.000000
-0.297076 -0.023632 0.054424 0.000000
0.142088 -0.011006 -0.063000 1.000000
0.357710 0.002343 0.060974 0.000000
-0.006766 -0.006000 -0.080060 0.000000
0.198795 0.029240 -0.441049 3.000000
0.233960 0.017808 -0.458930 3.000000
0.023045 -0.005975 0.362666 1.000000
-0.602603 -0.003111 0.099850 2.000000
0.156682 -0.023857 0.390484 1.000000
-0.162916 0.031655 -0.067633 0.000000
0.001652 -0.041539 0.207661 1.000000
0.197724 -0.001916 -0.204582 3.000000
0.257271 -0.031154 -0.425932 3.000000
0.478646 -0.053443 -0.034809 0.000000
0.238319 0.029538 0.425998 3.000000
-0.164087 0.063657 0.010194 0.000000
0.280805 -0.042933 -0.201245 3.000000
0.339953 0.026276 -0.072514 0.000000
0.284192 0.090131 0.004516 0.000000
0.242054 0.016488 0.442683 3.000000
0.064112 0.049213 0.982561 1.000000
0.108816 -0.026621 -0.378863 1.000000
0.066229 -0.009985 -0.228714 1.000000
0.127917 -0.025949 -0.385761 1.000000
-0.071716 0.044307 0.030117 0.000000
0.208533 -0.059296 -0.063424 0.000000
-0.717338 -0.039970 -0.013789 2.000000
0.078308 -0.003186 -0.621207 1.000000
0.063066 0.031805 0.737352 1.000000
0.068072 -0.015364 0.062119 0.000000
0.052208 0.027895 -0.728421 1.000000
0.162360 -0.040866 0.224023 3.000000
0.078059 0.051778 -0.976867 1.000000
0.193217 -0.047840 -0.245724 3.000000
0.524694 -0.048562 -0.013241 0.000000
-0.625117 0.000724 -0.311048 2.000000
-0.004848 0.053496 -0.048058 0.000000
-0.032367 -0.026870 -0.376223 1.000000
0.178996 -0.010508 0.135064 1.000000
0.021949 0.029787 -0.962472 1.000000
0.255602 -0.032424 0.216975 3.000000
0.047825 -0.031776 -0.045816 0.000000
0.252838 -0.018378 -0.213099 3.000000
0.415414 -0.066842 -0.011971 0.000000
-0.002009 -0.004630 -0.606439 1.000000
-0.189390 -0.078945 -0.005446 0.000000
0.107819 -0.050455 -0.047460 0.000000
-0.064718 -0.058499 -0.067981 0.000000
0.014129 -0.026098 -0.384167 1.000000
-0.803756 -0.000496 -0.012519 2.000000
-0.048182 -0.053891 0.077361 1.000000
0.082268 0.014372 -0.515563 1.000000
0.152647 0.020075 -0.687478 1.000000
-0.287687 0.041567 0.039681 0.000000
-0.073161 -0.046794 0.147666 1.000000
0.131703 -0.044976 -0.188767 1.000000
0.157902 0.056784 0.031512 0.000000
0.062718 0.038628 -0.836904 1.000000
0.121666 -0.049782 0.227808 1.000000
0.392551 -0.044926 0.008152 0.000000
0.254457 -0.011878 -0.237157 3.000000
0.042595 -0.021765 0.128066 1.000000
0.173816 0.005406 -0.214842 3.000000
0.283645 -0.054738 0.235255 3.000000
0.074796 -0.031303 0.313455 1.000000
0.005139 -0.003609 -0.456540 1.000000
0.031986 -0.048661 0.133520 1.000000
0.168512 -0.035711 0.455036 3.000000
0.068147 -0.048338 -0.154026 1.000000
-0.700079 0.188005 -0.008011 2.000000
0.137879 0.006078 -0.368801 1.000000
0.257345 -0.034615 -0.250107 3.000000
-0.027411 -0.008491 0.549523 1.000000
-0.636299 -0.023134 -0.047385 2.000000
0.395814 0.064081 0.004690 0.000000
-0.643422 -0.003086 0.111355 2.000000
0.286857 -0.056033 -0.057945 0.000000
-0.063921 -0.047018 -0.167723 1.000000
-0.559419 -0.001443 -0.154051 2.000000
0.028125 0.021021 -0.702470 1.000000
-0.664640 0.003140 0.148015 2.000000
0.004790 -0.030307 0.323765 1.000000
-0.676843 0.158244 -0.013565 2.000000
0.227037 -0.072296 -0.033090 0.000000
0.066702 0.044630 0.884886 1.000000
-0.623025 0.008046 -0.094131 2.000000
0.319905 0.086046 -0.043500 0.000000
0.025884 0.039176 -0.944591 1.000000
-0.056525 -0.032598 -0.294312 1.000000
0.266909 -0.015937 0.232814 3.000000
0.105304 -0.005652 0.232117 1.000000
-0.575283 -0.003111 0.121417 2.000000
-0.649897 -0.003111 -0.081554 2.000000
-0.552819 0.036113 -0.038469 2.000000
0.230673 -0.027269 0.431078 3.000000
0.065781 -0.005228 -0.304125 1.000000
-0.160725 -0.078347 0.023318 0.000000
-0.659784 -0.012276 -0.048655 2.000000
0.230349 0.001621 -0.445756 3.000000
0.268976 0.060744 0.024364 0.000000
0.146845 0.027920 -0.708547 1.000000
-0.208740 -0.020993 -0.074257 0.000000
0.289248 -0.050131 -0.238551 3.000000
0.243573 -0.032598 -0.204632 3.000000
-0.036676 -0.040817 -0.104093 1.000000
0.099352 -0.043606 -0.219998 1.000000
-0.011572 0.006826 0.708214 1.000000
-0.545473 -0.047516 -0.036502 2.000000
0.298811 0.012329 -0.077769 0.000000
0.053105 -0.038550 0.055047 0.000000
0.011141 0.020000 -0.744659 1.000000
0.143806 0.054916 0.034725 0.000000
0.102814 -0.016585 0.239264 1.000000
0.018238 0.025952 0.781284 1.000000
-0.534589 0.155032 -0.007563 2.000000
-0.116370 -0.044577 -0.066362 0.000000
0.514010 0.048366 -0.028931 0.000000
0.123136 -0.013770 -0.511827 1.000000
0.024963 0.008370 -0.551699 1.000000
0.069267 -0.038625 0.237845 1.000000
-0.674677 0.185440 -0.013241 2.000000
0.103212 0.001048 -0.331694 1.000000
0.101718 -0.040692 0.216377 1.000000
-0.036626 -0.017207 0.410258 1.000000
0.261778 -0.030207 0.185023 3.000000
-0.195367 -0.100114 -0.003429 0.000000
0.149933 -0.077824 -0.014213 0.000000
0.056940 0.029190 0.716507 1.000000
0.154839 -0.050280 -0.131736 1.000000
0.037988 0.000873 0.646576 1.000000
0.125128 -0.011579 -0.534490 1.000000
0.065980 -0.000820 -0.645913 1.000000
0.267357 -0.006722 -0.232101 3.000000
0.109961 0.014123 0.783575 1.000000
0.550420 -0.028962 -0.017151 0.000000
0.028773 -0.031602 0.310441 1.000000
0.148787 -0.007445 0.556546 1.000000
0.306681 0.044307 0.036269 0.000000
0.281777 0.011682 0.221657 3.000000
-0.600536 0.172166 -0.015981 2.000000
0.162808 0.007772 -0.243707 1.000000
-0.039490 -0.025152 -0.393905 1.000000
-0.037124 -0.027941 0.348296 1.000000
0.094545 0.037607 0.764025 1.000000
0.020056 0.085499 0.017366 0.000000
0.122538 -0.015090 -0.119135 1.000000
0.094396 -0.017904 -0.111589 1.000000
0.111431 0.021718 -0.454473 1.000000
-0.004773 -0.029261 -0.160924 1.000000
-0.003702 -0.006473 0.063066 0.000000
-0.447648 0.060619 -0.001262 0.000000
0.179395 -0.025974 0.204921 3.000000
0.511096 -0.015539 0.043466 0.000000
0.239240 0.007573 0.422810 3.000000
-0.630496 0.008046 0.093076 2.000000
0.267706 -0.047068 -0.413978 3.000000
0.129337 -0.048512 0.135289 1.000000
0.166245 0.033548 -0.070397 0.000000
0.008252 -0.026571 0.143108 1.000000
0.290020 -0.017581 -0.208716 3.000000
0.034003 0.039699 0.905158 1.000000
0.057164 -0.015215 0.181337 1.000000
-0.342651 -0.061886 0.021276 0.000000
0.064212 0.053496 0.035297 0.000000
0.245541 -0.016510 0.061771 0.000000
0.188061 -0.058573 0.227584 3.000000
0.280307 0.067443 -0.021385 0.000000
-0.069350 -0.043282 0.189480 1.000000
0.249526 0.015517 0.410432 3.000000
0.033804 0.009042 -0.539471 1.000000
0.161713 -0.000272 -0.283305 1.000000
0.244520 -0.007370 0.409934 3.000000
0.060003 -0.051102 0.105553 1.000000
0.390484 0.058552 -0.013640 0.000000
0.263721 -0.021416 0.362566 3.000000
-0.449516 -0.012450 0.047849 0.000000
0.227684 0.008868 -0.216312 3.000000
0.037963 0.016364 0.602495 1.000000
0.082442 -0.051376 0.102589 1.000000
0.232665 -0.004332 -0.043425 0.000000
0.082243 0.002094 0.351658 1.000000
0.137530 0.032303 0.812937 1.000000
-0.388849 0.041617 0.032110 0.000000
0.153096 -0.055411 0.226613 1.000000
-0.019417 -0.043905 -0.199900 1.000000
-0.073460 -0.046420 -0.171160 1.000000
0.050714 0.035466 0.806587 1.000000
-0.667006 0.036910 -0.006617 2.000000
-0.682497 0.230641 -0.007513 2.000000
-0.030898 -0.039123 0.092876 1.000000
0.268552 -0.055585 0.223176 3.000000
-0.015358 -0.046694 -0.047111 0.000000
-0.761020 0.006626 -0.035581 2.000000
0.247807 -0.006797 -0.202017 3.000000
0.535403 -0.009312 -0.002657 0.000000
0.076191 0.067617 -0.023328 0.000000
0.111381 -0.046121 -0.177062 1.000000
0.102639 -0.000795 0.293232 1.000000
0.464002 -0.011952 0.053677 0.000000
0.124804 -0.037504 -0.457984 1.000000
0.201460 -0.076978 -0.003155 0.000000
-0.628529 -0.002489 -0.264576 2.000000
-0.007612 -0.049608 0.122811 1.000000
0.079752 -0.011678 -0.206400 1.000000
-0.002930 -0.030979 -0.333636 1.000000
0.134168 0.002492 -0.326489 1.000000
-0.715993 0.074316 -0.006741 2.000000
0.502579 0.017659 -0.062452 0.000000
-0.016678 -0.018901 -0.328655 1.000000
0.027079 -0.051276 -0.120330 1.000000
0.129511 -0.006947 0.196528 1.000000
-0.605741 -0.003111 -0.103121 2.000000
-0.542185 0.005331 -0.077196 2.000000
-0.257852 0.047196 0.034799 0.000000
0.115017 -0.022263 0.407568 1.000000
-0.764283 0.008370 0.017341 2.000000
-0.334557 -0.034541 0.047874 0.000000
-0.219101 0.004584 -0.074954 0.000000
0.489803 -0.044926 -0.039017 0.000000
0.002075 0.027820 -0.895056 1.000000
0.175161 -0.004954 -0.222936 1.000000
0.420494 0.028343 -0.068305 0.000000
0.072356 -0.045050 -0.188195 1.000000
-0.594211 0.024956 -0.000042 2.000000
-0.063871 -0.054365 -0.090993 1.000000
0.313555 -0.036010 -0.071244 0.000000
-0.244179 -0.018353 -0.073809 0.000000
0.021476 0.000101 -0.655227 1.000000
-0.023651 -0.025974 0.241904 1.000000
-0.599341 0.008046 0.229278 2.000000
0.171824 0.006651 -0.494320 1.000000
0.184500 -0.012899 0.369988 1.000000
0.249227 -0.003037 -0.043301 0.000000
0.452621 -0.016784 -0.071169 0.000000
-0.029977 -0.003759 -0.587885 1.000000
0.092678 0.013301 -0.792027 1.000000
0.487885 -0.052372 0.016868 0.000000
0.076639 -0.028115 -0.363422 1.000000
-0.175692 -0.052970 0.041225 0.000000
0.088095 0.020199 0.846434 1.000000
-0.011697 0.010760 0.696509 1.000000
0.124680 0.038703 -0.066437 0.000000
-0.559394 -0.003111 0.024862 2.000000
0.125900 0.016339 0.803847 1.000000
0.098754 0.076184 0.031686 0.000000
0.047900 -0.076554 -0.023975 0.000000
0.131230 -0.055958 -0.047933 0.000000
0.248131 -0.018701 -0.478306 3.000000
0.240137 -0.025749 -0.233097 3.000000
0.012012 -0.007619 0.371009 1.000000
0.360923 0.062163 -0.034061 0.000000
0.433220 -0.021217 -0.071244 0.000000
0.236501 -0.054912 -0.055703 0.000000
-0.015806 -0.024255 -0.256582 1.000000
0.107297 0.088313 -0.035805 0.000000
0.247309 -0.021740 0.445298 3.000000
-0.601806 0.194132 -0.015607 2.000000
-0.105138 -0.075434 -0.021261 0.000000
0.157877 0.006676 -0.371640 1.000000
0.017740 -0.023110 -0.180798 1.000000
0.091432 0.028418 0.656587 1.000000
-0.049551 -0.044278 0.084982 1.000000
-0.118387 0.066746 -0.001561 0.000000
0.243997 0.005755 0.410059 3.000000
0.250173 -0.037180 0.037613 0.000000
0.254755 -0.038799 -0.224455 3.000000
0.054848 0.048142 -0.988398 1.000000
0.168985 -0.071723 0.221134 3.000000
0.078856 0.030535 0.953074 1.000000
0.191996 -0.035736 -0.236758 1.000000
0.003620 0.008967 0.730404 1.000000
-0.137837 0.038554 -0.063274 0.000000
0.022547 0.016887 0.650486 1.000000
0.128341 0.038554 0.763676 1.000000
0.118603 -0.049932 -0.135696 1.000000
-0.025892 -0.029634 0.330688 1.000000
-0.081728 -0.054365 0.062045 0.000000
-0.723564 0.022789 -0.002184 2.000000
0.024514 -0.012949 0.273632 1.000000
0.039233 0.032577 0.968615 1.000000
-0.410391 -0.026521 -0.063573 0.000000
0.096662 0.006552 -0.721996 1.000000
0.168910 0.016787 -0.077445 0.000000
0.105902 0.027471 0.632057 1.000000
0.271367 -0.017207 0.216477 3.000000
0.491795 0.055887 -0.020439 0.000000
0.153395 -0.039621 -0.437861 3.000000
0.212542 0.012803 0.217373 3.000000
0.198173 -0.013322 0.188957 1.000000
-0.031371 -0.013123 -0.461296 1.000000
0.222330 0.068887 -0.014860 0.000000
0.073402 -0.048487 0.030466 0.000000
-0.558024 0.092372 0.000929 2.000000
0.041947 -0.067066 -0.046514 0.000000
0.156109 0.048590 -0.058866 0.000000
0.295947 0.088910 -0.029828 0.000000
0.123958 0.023910 0.578238 1.000000
-0.098613 0.033299 -0.068629 0.000000
0.022970 -0.006424 0.570991 1.000000
0.174613 0.004958 -0.460873 1.000000
0.421690 -0.044926 -0.029255 0.000000
-0.166353 -0.066094 -0.011349 0.000000
-0.032816 -0.038002 0.244195 1.000000
0.133147 -0.059071 -0.057048 0.000000
0.219267 -0.025998 0.465571 3.000000
0.299932 0.055688 -0.047858 0.000000
0.004441 -0.012376 -0.348430 1.000000
0.086501 -0.000422 0.315671 1.000000
-0.727972 -0.018253 -0.039341 2.000000
0.357237 0.065799 0.007305 0.000000
-0.043151 -0.040094 -0.239323 1.000000
0.366452 0.081738 0.007678 0.000000
0.022024 0.017061 -0.830778 1.000000
0.304938 -0.027443 -0.075004 0.000000
0.009397 -0.037504 -0.266170 1.000000
-0.057172 -0.051376 0.102440 1.000000
0.107147 -0.024429 -0.427850 1.000000
-0.017574 0.010586 0.747115 1.000000
0.000631 -0.002713 -0.483909 1.000000
-0.534764 0.033872 -0.043575 2.000000
