-0.027186 -0.047899 -0.355935 1.000000
-0.090156 0.064970 -0.076815 0.000000
0.899280 0.040130 0.038651 0.000000
0.232150 0.058118 0.086755 0.000000
0.713108 0.018993 0.031523 0.000000
-0.125080 -0.070722 -0.291363 3.000000
0.241544 -0.133276 -0.277769 3.000000
-0.622367 0.092849 0.012789 0.000000
0.165009 -0.063206 0.220540 1.000000
0.030063 -0.083459 0.003616 0.000000
-0.067554 -0.134603 -0.285865 3.000000
0.179432 -0.051685 0.112175 1.000000
0.172966 -0.086222 -0.087922 1.000000
-0.869850 0.321599 0.002843 2.000000
0.699017 -0.106973 0.014281 0.000000
0.262433 -0.053011 -0.139232 1.000000
0.215047 -0.141869 0.319816 3.000000
0.589104 0.052260 0.002843 0.000000
0.982944 -0.044307 -0.004258 0.000000
0.526632 -0.041986 -0.021472 0.000000
0.399312 -0.041682 -0.025865 0.000000
-0.732998 0.090279 -0.130777 2.000000
0.785167 0.075414 -0.043245 0.000000
0.068193 0.032781 -0.090105 0.000000
0.127819 -0.061355 0.237533 1.000000
-0.043626 -0.125678 0.051527 0.000000
0.865737 -0.009466 -0.067752 0.000000
-0.684369 0.047618 -0.050677 0.000000
0.950285 0.003161 -0.029512 0.000000
-0.082474 -0.009245 0.055506 0.000000
-0.615847 0.167036 0.002843 2.000000
0.007600 -0.143444 -0.303438 3.000000
-0.726643 0.018993 0.007291 0.000000
-0.745073 0.319582 0.002843 2.000000
0.039236 -0.069285 0.284532 1.000000
0.107317 -0.045247 -0.419042 1.000000
-0.149781 0.018993 0.026301 0.000000
-0.812324 0.219726 0.002843 2.000000
0.163931 -0.044031 -0.317004 1.000000
-0.758971 0.014351 0.026522 0.000000
0.870627 -0.083459 0.017569 0.000000
0.097453 -0.037980 0.349849 1.000000
0.209134 -0.084039 0.062828 1.000000
-0.244774 -0.101833 0.027765 0.000000
-0.846558 0.111223 -0.268596 2.000000
0.005555 -0.040052 0.502893 1.000000
-0.477364 0.018993 0.055533 0.000000
0.047857 -0.099236 0.041276 0.000000
0.144231 -0.041765 -0.055871 1.000000
0.437967 -0.073347 0.073299 0.000000
-0.696002 0.083758 0.091839 2.000000
-0.782180 0.093457 0.156881 2.000000
-0.018980 0.048696 -0.084441 0.000000
0.636683 -0.032509 0.093746 0.000000
-0.771211 0.129210 0.002843 2.000000
0.151304 -0.122280 0.074985 0.000000
-0.698378 0.001724 0.038513 0.000000
0.197695 -0.104348 -0.024981 1.000000
0.189848 0.085471 0.016354 0.000000
0.257929 -0.125264 -0.301807 3.000000
0.643812 -0.100120 0.002843 0.000000
-0.127733 -0.067655 0.002843 0.000000
-0.052938 -0.099568 -0.317584 3.000000
0.010777 -0.125264 -0.063055 0.000000
0.125967 -0.058288 -0.268403 1.000000
0.545006 0.109952 -0.024843 0.000000
0.119778 -0.127778 0.331254 3.000000
0.090352 -0.100037 -0.310373 3.000000
0.174403 -0.057680 0.304039 1.000000
0.504335 -0.079978 0.067387 0.000000
0.005528 -0.083459 0.076615 0.000000
0.438713 -0.051436 0.070481 0.000000
0.092010 -0.052541 0.158483 1.000000
0.095132 0.047784 -0.084773 0.000000
0.005417 -0.083459 0.090734 0.000000
-0.511902 -0.014163 0.079958 0.000000
-0.746675 0.100944 -0.115359 2.000000
0.189848 0.063008 -0.057999 0.000000
0.114225 -0.062129 0.303597 1.000000
-0.335373 -0.009245 0.056500 0.000000
-0.708739 0.229839 0.012596 2.000000
0.119612 -0.041682 -0.017300 1.000000
-0.472557 0.039854 0.090955 0.000000
0.153736 -0.049281 -0.347894 1.000000
-0.865678 0.408053 0.007125 2.000000
-0.515604 -0.040688 0.020001 0.000000
0.687992 0.075414 0.001489 0.000000
-0.716310 0.263299 0.002843 2.000000
-0.870624 0.288166 0.003671 2.000000
0.330651 0.075414 0.020857 0.000000
-0.044068 -0.080475 0.288897 3.000000
0.121961 -0.037345 0.405331 1.000000
-0.074766 -0.026514 0.620183 1.000000
0.068414 -0.028779 -0.501463 1.000000
0.012463 -0.055028 0.199569 1.000000
0.116103 -0.126258 -0.060430 0.000000
0.144922 0.114925 0.003837 0.000000
0.011192 -0.057653 0.250519 1.000000
-0.772371 0.085886 -0.097096 2.000000
-0.587388 0.090003 -0.045344 0.000000
-0.828985 0.189140 0.002843 2.000000
-0.382317 -0.087963 0.002843 0.000000
0.059600 -0.067876 -0.129451 1.000000
0.651355 0.018993 -0.081236 0.000000
0.005887 0.115008 0.002400 0.000000
0.054019 -0.035742 -0.524948 1.000000
0.821832 0.037837 0.002843 0.000000
0.189848 0.075276 0.034949 0.000000
0.410088 0.007057 -0.093255 0.000000
-0.834069 0.119070 -0.268485 2.000000
-0.286468 0.018993 0.070426 0.000000
-0.060453 -0.083459 0.006573 0.000000
-0.855980 0.423056 0.002843 2.000000
0.259255 -0.129160 0.018094 0.000000
0.415255 -0.083736 -0.074743 0.000000
-0.010443 -0.134879 0.269971 3.000000
-0.022517 -0.077685 0.302326 3.000000
0.163655 -0.046573 -0.327393 1.000000
-0.891236 0.120258 0.302077 2.000000
-0.674422 0.074834 -0.028794 2.000000
0.073885 -0.130127 0.328961 3.000000
0.185345 -0.083459 -0.083446 1.000000
-0.324349 -0.048424 0.084434 0.000000
-0.033569 -0.034554 -0.525225 1.000000
-0.044317 -0.101778 -0.030341 0.000000
0.266632 -0.075391 0.077140 0.000000
-0.493611 -0.064422 -0.029844 0.000000
-0.001076 -0.117969 0.306581 3.000000
0.043491 -0.009245 0.011850 0.000000
0.339769 -0.050082 -0.076981 0.000000
0.656715 0.046513 0.002843 0.000000
-0.092504 -0.114516 -0.297414 3.000000
0.414951 -0.038477 0.091784 0.000000
-0.303958 0.107299 0.036745 0.000000
-0.288208 -0.072766 0.068740 0.000000
0.778840 0.028526 0.002843 0.000000
-0.075346 -0.009245 -0.036641 0.000000
0.345876 0.025403 0.002843 0.000000
-0.074185 -0.012395 -0.691641 1.000000
0.002737 -0.060416 -0.205489 1.000000
-0.756871 0.238100 -0.005391 2.000000
0.037413 -0.129160 -0.041946 0.000000
-0.026661 -0.023833 -0.549594 1.000000
0.275585 -0.138001 -0.270917 3.000000
0.044707 -0.026210 0.506623 1.000000
-0.632977 0.018993 -0.043769 0.000000
-0.003176 -0.083459 0.038071 0.000000
-0.720178 0.269958 -0.006386 2.000000
0.510634 0.011312 0.098443 0.000000
0.193661 -0.050137 0.136821 1.000000
-0.110547 -0.076303 0.002843 0.000000
0.202420 -0.115814 0.332194 3.000000
0.296197 -0.124960 0.002843 0.000000
-0.040338 -0.045136 0.513669 1.000000
0.102150 -0.033891 0.414200 1.000000
-0.388451 0.025873 0.096868 0.000000
-0.491981 0.093622 -0.051589 0.000000
0.681057 0.018993 -0.018377 0.000000
-0.333384 0.055437 0.088828 0.000000
0.334575 -0.086333 -0.085767 0.000000
-0.758943 0.096192 -0.170177 2.000000
0.247927 -0.041738 0.061059 0.000000
-0.067471 -0.115538 0.320810 3.000000
-0.144615 -0.105619 -0.035867 0.000000
0.128233 -0.118715 0.256570 3.000000
-0.125522 -0.082105 0.057827 0.000000
0.579986 0.007333 0.098913 0.000000
0.062031 0.018993 -0.008154 0.000000
0.857503 0.051569 0.002097 0.000000
-0.232589 -0.010267 -0.092122 0.000000
-0.710369 0.089395 -0.021942 2.000000
-0.158153 -0.068843 0.002843 0.000000
-0.765077 0.214034 0.002400 2.000000
-0.641985 0.025680 0.064292 0.000000
-0.755185 0.088317 -0.028076 2.000000
0.189848 0.054664 -0.007906 0.000000
0.230492 -0.084924 0.093608 0.000000
-0.278648 -0.073761 -0.010613 0.000000
0.528898 0.047397 0.090596 0.000000
-0.777953 0.092296 -0.143625 2.000000
-0.764220 0.088704 0.039977 2.000000
-0.099909 -0.088377 -0.309599 3.000000
-0.759330 0.202955 -0.001551 2.000000
0.051974 -0.093213 -0.269839 3.000000
-0.142100 -0.006565 -0.845900 1.000000
0.031030 -0.110095 0.002843 0.000000
0.343500 0.091854 -0.054628 0.000000
-0.835838 0.087654 -0.061370 2.000000
-0.031165 -0.048866 -0.341622 1.000000
-0.184153 0.000371 0.927237 1.000000
0.612534 -0.037427 0.092171 0.000000
0.021470 -0.009245 -0.063857 0.000000
-0.030364 -0.100452 -0.319408 3.000000
-0.354769 -0.090367 0.002843 0.000000
0.513839 -0.083459 0.007291 0.000000
-0.762894 0.079918 0.059457 2.000000
0.562496 0.103072 -0.039128 0.000000
0.085904 -0.032040 -0.423131 1.000000
0.814566 0.018993 0.060230 0.000000
0.198386 -0.086471 -0.266910 3.000000
0.212118 0.034964 0.002843 0.000000
0.108478 -0.129160 0.042243 0.000000
-0.785054 0.266780 0.002843 2.000000
-0.161497 0.003023 -0.933294 1.000000
0.824402 0.059333 0.059346 0.000000
0.456700 -0.010433 -0.092233 0.000000
0.222618 -0.049032 -0.177223 1.000000
0.194435 -0.062985 -0.220437 1.000000
-0.025833 -0.054309 -0.248536 1.000000
0.819180 -0.083459 -0.033132 0.000000
0.231266 -0.078265 0.285803 3.000000
-0.067858 -0.028641 -0.589741 1.000000
-0.711419 0.101552 -0.115857 2.000000
-0.072666 0.089201 -0.057585 0.000000
0.628035 -0.013251 -0.091929 0.000000
-0.137265 -0.096418 0.274530 3.000000
0.013347 -0.036212 -0.397408 1.000000
-0.444042 0.018993 0.025333 0.000000
0.003151 -0.137891 -0.265529 3.000000
0.027300 -0.033283 0.427545 1.000000
-0.207749 0.034660 0.095293 0.000000
-0.755931 0.287973 0.011242 2.000000
0.117540 -0.066494 0.170861 1.000000
0.435895 0.098955 0.052328 0.000000
0.101957 -0.009245 0.066723 0.000000
-0.839734 0.302479 -0.001247 2.000000
0.015723 -0.083680 -0.087922 0.000000
-0.071367 -0.036433 0.460729 1.000000
0.225298 -0.071330 0.130162 1.000000
0.550118 0.061102 -0.079357 0.000000
0.717777 -0.083459 -0.021223 0.000000
0.189848 0.112328 0.011076 0.000000
-0.063796 -0.083459 -0.059629 0.000000
0.060097 0.018993 -0.075903 0.000000
0.330790 -0.100203 -0.084883 0.000000
-0.838518 0.182508 0.001516 2.000000
-0.586255 0.081299 0.058711 0.000000
0.615518 -0.094484 0.002843 0.000000
0.041060 -0.144632 0.274198 3.000000
0.236571 -0.083459 -0.074771 1.000000
-0.019588 -0.083459 0.000908 0.000000
-0.126821 -0.018528 0.668480 1.000000
-0.038211 -0.065997 0.113695 0.000000
0.253674 -0.127640 -0.055457 0.000000
-0.495462 -0.007946 0.085540 0.000000
0.755658 0.018993 -0.068443 0.000000
-0.101373 -0.056934 0.505683 1.000000
0.296887 0.075414 -0.019068 0.000000
-0.163735 -0.038450 0.091812 0.000000
0.417383 0.075414 -0.056148 0.000000
-0.733523 0.183807 0.002843 2.000000
-0.000440 -0.083459 0.067635 0.000000
0.165313 -0.068650 -0.148350 1.000000
0.414150 0.067678 0.080704 0.000000
0.728719 0.062317 0.074709 0.000000
0.600128 -0.072739 -0.068029 0.000000
0.646768 0.097408 0.052107 0.000000
-0.134778 -0.002641 -0.819541 1.000000
0.155559 -0.129160 -0.023821 0.000000
0.003013 -0.090671 -0.315761 3.000000
0.626653 0.075414 -0.063912 0.000000
-0.041609 -0.041682 -0.037580 0.000000
-0.606397 -0.013362 -0.053053 0.000000
-0.379940 0.018993 -0.047665 0.000000
0.009921 -0.028061 -0.610574 1.000000
-0.124555 -0.022480 -0.648068 1.000000
0.093032 -0.127529 -0.291861 3.000000
0.451174 0.026149 0.002843 0.000000
0.615684 0.018993 -0.028324 0.000000
-0.447275 0.075994 -0.069908 0.000000
0.257072 -0.116947 0.298513 3.000000
0.205874 -0.069534 0.075814 0.000000
-0.031801 -0.029525 -0.492455 1.000000
0.049460 -0.069755 -0.278930 1.000000
-0.224410 -0.104569 -0.014067 0.000000
-0.053877 -0.034609 0.512978 1.000000
-0.049954 -0.021623 -0.584436 1.000000
0.152465 -0.085476 0.290307 3.000000
0.148928 -0.050635 0.149448 1.000000
0.011358 0.018993 0.064403 0.000000
-0.203135 -0.095644 0.047134 0.000000
0.277795 -0.114792 0.263726 3.000000
0.426639 -0.041682 -0.030479 0.000000
0.265776 -0.051933 -0.081319 1.000000
0.227563 -0.095340 -0.308135 3.000000
0.441642 -0.067848 -0.067780 0.000000
0.681775 -0.052237 -0.079744 0.000000
-0.699676 0.142887 0.012900 2.000000
-0.502563 0.018993 -0.052197 0.000000
-0.744437 0.240753 0.008203 2.000000
0.189848 0.049884 0.062883 0.000000
-0.046113 0.018993 0.016630 0.000000
-0.090957 -0.041682 -0.008817 0.000000
-0.554038 0.093733 -0.044737 0.000000
0.367040 -0.043838 -0.084192 0.000000
0.618309 0.018993 0.000024 0.000000
0.031417 -0.142201 0.272181 3.000000
0.558600 0.034411 0.002843 0.000000
0.056229 -0.095920 -0.042471 0.000000
-0.800775 0.087820 0.049924 2.000000
0.760659 -0.091444 0.048267 0.000000
0.160837 -0.049612 0.160445 1.000000
0.537850 0.112356 -0.015007 0.000000
-0.499054 0.026260 0.089463 0.000000
-0.489411 -0.040964 0.068740 0.000000
-0.527762 -0.009245 0.058600 0.000000
0.732504 -0.083459 0.003119 0.000000
-0.777897 0.101967 -0.207975 2.000000
0.142628 -0.009245 -0.044681 0.000000
0.384862 -0.107442 -0.010807 0.000000
0.093281 -0.108299 0.010828 0.000000
-0.909748 0.129901 -0.367678 2.000000
0.062390 -0.009245 0.006794 0.000000
-0.161856 -0.051795 -0.081346 0.000000
0.189848 -0.012201 -0.027606 0.000000
-0.819757 0.126115 0.004583 2.000000
-0.064984 -0.016650 -0.642680 1.000000
0.194407 -0.065500 0.304149 3.000000
0.344190 -0.070998 0.090789 0.000000
-0.001159 -0.067959 0.101676 1.000000
0.730570 -0.016401 0.092254 0.000000
0.105162 -0.052569 -0.142299 1.000000
0.916383 0.018993 -0.021997 0.000000
0.355187 0.018993 -0.046229 0.000000
-0.101152 -0.020628 0.630572 1.000000
0.500052 -0.046490 -0.040178 0.000000
0.450318 -0.098905 0.060755 0.000000
0.104775 0.018993 -0.089497 0.000000
0.620160 0.018993 0.017376 0.000000
-0.726367 0.275815 0.002843 2.000000
-0.312247 -0.009245 -0.028822 0.000000
-0.773698 0.086135 0.026798 2.000000
0.122486 -0.071219 -0.104832 1.000000
-0.117233 -0.009770 0.817407 1.000000
-0.356897 0.050906 -0.084800 0.000000
0.058688 0.018993 0.020056 0.000000
-0.738911 0.089008 0.033015 2.000000
0.421278 -0.115013 -0.041117 0.000000
0.560479 -0.079923 0.067442 0.000000
-0.755406 0.086908 0.024532 2.000000
-0.691470 0.227269 0.002843 2.000000
-0.193050 -0.062156 0.002843 0.000000
0.993278 -0.037455 -0.001191 0.000000
0.220020 -0.072352 0.116734 1.000000
-0.194680 0.102602 -0.040150 0.000000
0.081649 -0.009245 0.084655 0.000000
0.064325 -0.061272 -0.075572 1.000000
-0.091067 0.111002 0.028373 0.000000
0.030643 0.018993 0.061805 0.000000
0.284205 -0.108216 0.089601 0.000000
0.167910 -0.110012 0.257786 3.000000
0.403291 -0.047816 -0.067531 0.000000
-0.152876 -0.009245 -0.003789 0.000000
-0.552491 -0.009245 -0.067863 0.000000
0.345461 -0.058178 0.088662 0.000000
0.773977 0.085720 -0.039238 0.000000
0.100658 0.032947 0.095735 0.000000
0.476953 -0.097882 0.006296 0.000000
0.104913 -0.052375 0.002843 0.000000
-0.219769 0.114594 0.006158 0.000000
-0.164619 0.018993 -0.015393 0.000000
0.514475 0.007278 -0.093227 0.000000
-0.796050 0.103569 -0.219663 2.000000
0.011192 0.018993 -0.067504 0.000000
-0.051529 0.053780 0.088303 0.000000
0.675034 0.102022 -0.032386 0.000000
0.142048 -0.067655 -0.156169 1.000000
-0.701141 0.168970 0.012928 2.000000
0.239693 0.030045 0.002843 0.000000
-0.060370 -0.028475 0.527401 1.000000
0.484717 -0.106669 -0.015863 0.000000
-0.116045 -0.008720 0.830061 1.000000
-0.527347 -0.009245 0.010662 0.000000
-0.697355 0.097712 0.089049 2.000000
0.118038 0.018993 -0.056424 0.000000
-0.336865 0.094755 0.010911 0.000000
-0.295669 0.018993 0.077416 0.000000
-0.859130 0.103873 -0.175814 2.000000
-0.849598 0.282447 0.002843 2.000000
0.055234 0.018993 -0.060348 0.000000
-0.177771 -0.009576 -0.782157 1.000000
-0.299647 -0.001342 0.098692 0.000000
-0.037327 -0.083045 -0.277548 3.000000
0.680781 -0.083459 -0.021113 0.000000
-0.129004 0.067401 0.080898 0.000000
0.230465 -0.049308 0.150498 1.000000
-0.085679 -0.106005 0.025858 0.000000
0.299015 -0.052044 -0.077423 1.000000
0.310399 -0.069699 -0.070018 1.000000
0.361017 -0.014356 0.097476 0.000000
0.205432 0.099176 0.052079 0.000000
0.356873 0.018993 -0.091487 0.000000
-0.723383 0.088317 0.034507 2.000000
0.273954 -0.041682 0.054732 0.000000
-0.845481 0.106857 -0.188220 2.000000
0.209604 -0.065334 -0.087729 1.000000
-0.277985 -0.009245 -0.026666 0.000000
-0.834484 0.265592 0.003561 2.000000
0.803293 0.046264 0.002843 0.000000
-0.751925 0.081410 0.074543 2.000000
0.210101 -0.048120 -0.194989 1.000000
0.502207 -0.052044 0.048488 0.000000
-0.058712 0.101663 -0.042029 0.000000
0.021802 -0.077933 -0.295895 1.000000
0.639529 -0.104652 -0.024263 0.000000
-0.328548 -0.009245 -0.056452 0.000000
0.117651 0.036152 0.094602 0.000000
0.031389 -0.041682 0.027406 0.000000
0.295561 0.094672 -0.051451 0.000000
-0.433653 -0.009245 0.006766 0.000000
-0.891347 0.402693 0.002843 2.000000
0.193938 0.076409 -0.069272 0.000000
0.124696 -0.055498 0.306995 1.000000
-0.858218 0.292615 0.002843 2.000000
-0.076783 -0.038091 0.450478 1.000000
-0.253947 -0.009245 -0.018267 0.000000
-0.634442 0.018993 -0.058054 0.000000
0.497372 -0.109183 0.000660 0.000000
-0.836142 0.400593 0.002843 2.000000
0.308050 -0.082409 -0.058994 1.000000
-0.042162 -0.044998 -0.387682 1.000000
-0.038653 0.018993 0.078383 0.000000
0.131134 -0.101060 -0.254090 3.000000
0.754083 0.059996 0.002843 0.000000
0.189848 0.099673 0.027572 0.000000
-0.582359 0.018993 0.002622 0.000000
-0.231069 -0.093544 0.002843 0.000000
-0.044538 -0.092964 -0.306587 3.000000
-0.650329 0.118213 0.014447 2.000000
-0.014532 -0.006620 0.098360 0.000000
-0.364716 -0.009245 0.047714 0.000000
-0.100544 -0.117638 -0.008956 0.000000
-0.402017 -0.059642 -0.056452 0.000000
0.396853 0.075414 0.065729 0.000000
-0.022821 0.018993 -0.042250 0.000000
0.146358 -0.049916 0.162462 1.000000
-0.436637 -0.054807 0.048211 0.000000
0.112318 -0.152783 0.306028 3.000000
-0.746924 0.218814 -0.005695 2.000000
-0.001021 -0.081525 0.002843 0.000000
0.287410 -0.041682 -0.044433 1.000000
-0.732473 0.219864 0.002843 2.000000
0.689456 0.066158 0.002843 0.000000
-0.504414 -0.042898 -0.017963 0.000000
-0.467860 0.110256 -0.024290 0.000000
0.464906 0.059914 0.085816 0.000000
0.034401 -0.069782 0.095707 1.000000
0.225408 -0.066080 -0.072422 1.000000
-0.660828 0.206574 0.002843 2.000000
0.078554 -0.042235 -0.300896 1.000000
0.065568 -0.099816 -0.087176 0.000000
0.136826 -0.129160 0.032462 0.000000
0.328248 -0.075750 -0.078887 1.000000
-0.828350 0.104066 -0.162607 2.000000
-0.501099 0.061682 0.080566 0.000000
-0.062056 -0.080973 -0.280560 3.000000
-0.485847 0.015236 -0.085684 0.000000
-0.821442 0.094451 0.102615 2.000000
-0.529281 0.060024 -0.072063 0.000000
0.198607 -0.132226 0.303790 3.000000
-0.122206 -0.010737 0.804614 1.000000
-0.353719 -0.068456 0.066005 0.000000
0.593635 0.111444 0.026604 0.000000
0.777652 -0.038035 0.084517 0.000000
-0.127235 -0.071274 0.295087 3.000000
0.102344 -0.047126 0.291633 1.000000
-0.386572 0.013633 0.098388 0.000000
-0.325371 -0.009245 -0.084082 0.000000
0.076813 -0.040550 -0.471374 1.000000
-0.219824 0.002636 -0.923043 1.000000
-0.290087 -0.009245 0.033844 0.000000
-0.107922 -0.077436 -0.297138 3.000000
0.189986 -0.061300 -0.239584 1.000000
-0.046528 -0.116809 0.263892 3.000000
0.279177 0.018993 -0.042802 0.000000
-0.695338 0.095998 -0.024180 2.000000
-0.305229 0.018993 0.030583 0.000000
0.292107 0.018993 -0.025865 0.000000
0.100852 -0.034499 0.394472 1.000000
-0.422601 -0.081912 -0.017908 0.000000
-0.798178 0.136753 0.006738 2.000000
-0.678595 0.094672 -0.057281 2.000000
0.089800 -0.094097 0.263284 3.000000
-0.230213 0.050243 0.089905 0.000000
-0.626208 0.142666 0.002843 2.000000
-0.790718 0.218428 -0.003181 2.000000
0.737284 -0.101253 0.002843 0.000000
-0.027518 -0.009245 0.016851 0.000000
0.242346 0.112411 0.020332 0.000000
-0.692161 0.134543 0.002843 2.000000
0.346290 0.080277 -0.066703 0.000000
0.043049 -0.045855 -0.403956 1.000000
0.123343 -0.117886 0.314621 3.000000
-0.508973 0.108985 -0.023268 0.000000
0.556113 0.091495 0.060700 0.000000
-0.614907 0.179552 0.002843 2.000000
-0.551606 0.063008 -0.068139 0.000000
-0.403150 -0.009245 0.045890 0.000000
-0.811302 0.101939 0.213218 2.000000
-0.102617 -0.023060 -0.603860 1.000000
0.065098 -0.039555 0.487779 1.000000
-0.064459 0.084090 -0.063304 0.000000
0.150448 -0.096694 -0.040841 1.000000
0.669590 -0.083459 -0.041670 0.000000
-0.041002 -0.042539 -0.373287 1.000000
0.169374 -0.083459 -0.021665 1.000000
0.894113 0.055493 0.002843 0.000000
0.084937 -0.056437 -0.297746 1.000000
0.390526 0.086383 0.066447 0.000000
0.602643 0.018993 -0.085684 0.000000
-0.039178 -0.052596 -0.288103 1.000000
0.277132 -0.041682 0.008700 0.000000
-0.412848 0.009350 -0.091017 0.000000
0.158709 -0.047540 -0.192862 1.000000
-0.075429 -0.131149 0.283206 3.000000
0.795833 -0.045523 0.079627 0.000000
-0.167161 -0.009245 0.032241 0.000000
-0.503337 0.018993 0.039895 0.000000
0.491735 -0.044418 0.046250 0.000000
-0.343137 -0.015821 -0.090520 0.000000
-0.022434 -0.028310 0.505435 1.000000
0.065209 -0.106641 -0.310235 3.000000
-0.023705 -0.140571 -0.299017 3.000000
-0.481426 -0.047402 -0.015338 0.000000
0.127156 -0.067130 -0.087867 1.000000
0.797131 -0.080696 0.056279 0.000000
0.505302 -0.078154 -0.063746 0.000000
0.042745 -0.072131 0.002843 0.000000
-0.392236 0.018993 -0.062337 0.000000
0.204907 -0.083459 0.305503 3.000000
-0.156440 0.113378 -0.008265 0.000000
0.866455 -0.069092 0.052494 0.000000
0.063164 -0.052790 -0.173714 1.000000
0.778978 -0.001895 0.090016 0.000000
-0.468606 -0.023447 0.083688 0.000000
0.044845 -0.068180 0.076698 1.000000
-0.351868 0.037395 -0.090022 0.000000
0.465459 0.103680 -0.037884 0.000000
-0.741039 0.267996 0.002843 2.000000
0.091153 -0.142035 0.266849 3.000000
-0.340761 0.106443 0.038983 0.000000
-0.714762 0.054001 0.049399 2.000000
0.557550 0.018993 0.048322 0.000000
0.567469 -0.060388 -0.076180 0.000000
0.633450 0.075414 0.040889 0.000000
-0.804781 0.100613 0.135688 2.000000
0.073304 -0.083459 -0.268955 1.000000
-0.015305 -0.009245 0.065673 0.000000
0.877866 0.025846 0.061225 0.000000
0.060291 0.018993 0.096840 0.000000
-0.096621 -0.098380 0.267567 3.000000
0.295616 -0.073568 -0.103174 1.000000
0.028295 -0.043921 -0.424540 1.000000
0.177829 0.057869 -0.081181 0.000000
-0.613912 -0.037704 0.027323 0.000000
0.173022 -0.059117 -0.263761 1.000000
-0.137375 -0.000873 -0.839462 1.000000
0.623918 0.018993 -0.086209 0.000000
0.981811 -0.037952 -0.015255 0.000000
-0.061310 -0.099540 -0.081954 0.000000
-0.132209 -0.081912 -0.067310 0.000000
-0.155694 -0.011621 -0.746432 1.000000
-0.255025 -0.052707 -0.078943 0.000000
0.461232 0.075414 -0.054435 0.000000
0.433463 -0.041682 -0.011028 0.000000
-0.825697 0.232768 0.001710 2.000000
0.240660 0.045656 0.002843 0.000000
-0.195426 0.039274 -0.087840 0.000000
0.713799 0.075414 -0.033381 0.000000
0.189848 0.093484 -0.041145 0.000000
0.200900 0.028139 0.002843 0.000000
0.539756 0.075414 -0.016996 0.000000
-0.222255 -0.095672 -0.038630 0.000000
-0.221868 0.018993 0.069846 0.000000
0.110826 0.114676 0.000162 0.000000
0.020033 -0.083459 0.041967 0.000000
0.479965 0.018993 -0.074577 0.000000
0.377070 -0.112885 -0.070405 0.000000
0.868555 0.053863 0.002843 0.000000
0.278154 -0.090947 -0.301476 3.000000
0.762842 0.018993 -0.014509 0.000000
-0.299399 0.054388 -0.083391 0.000000
0.527627 -0.073678 0.008396 0.000000
0.431557 -0.113106 -0.004645 0.000000
0.456562 -0.041682 0.020111 0.000000
0.104609 0.018993 0.027682 0.000000
0.658262 0.075414 0.072664 0.000000
-0.112039 -0.091610 0.315837 3.000000
-0.041167 -0.048120 -0.496489 1.000000
-0.101926 0.018993 -0.001993 0.000000
0.507650 0.075414 -0.026749 0.000000
0.568354 0.075414 -0.015034 0.000000
0.269313 -0.082879 0.093608 0.000000
-0.072527 -0.018114 0.637037 1.000000
0.127736 -0.129160 0.003644 0.000000
-0.309263 0.062207 0.085954 0.000000
0.451975 -0.082575 -0.058773 0.000000
-0.788342 0.290736 0.010054 2.000000
0.360160 -0.125374 0.010330 0.000000
0.113838 -0.112581 -0.310787 3.000000
0.027162 -0.030879 0.454430 1.000000
-0.139503 -0.101529 0.058959 0.000000
0.120939 -0.043285 -0.412742 1.000000
0.003151 -0.063372 0.172105 1.000000
-0.111182 -0.116339 -0.269066 3.000000
-0.191420 0.111029 -0.022605 0.000000
0.001687 -0.038201 0.389582 1.000000
-0.096593 -0.109487 0.002566 0.000000
0.188108 -0.092411 -0.305841 3.000000
-0.809644 0.104039 -0.154981 2.000000
0.438741 0.075414 0.070426 0.000000
0.031693 -0.049004 -0.362262 1.000000
0.189848 0.051182 0.088855 0.000000
0.079991 -0.108796 -0.001855 0.000000
-0.312026 -0.096059 -0.024069 0.000000
0.234913 0.018993 0.063353 0.000000
0.369776 -0.083459 -0.058800 0.000000
-0.766458 0.089588 -0.041062 2.000000
-0.593963 0.071297 0.064568 0.000000
0.099912 -0.035797 0.457690 1.000000
0.553571 0.018993 -0.091735 0.000000
0.116269 -0.055525 -0.300150 1.000000
0.387017 0.075414 0.066751 0.000000
-0.607972 -0.043119 0.002843 0.000000
-0.037050 -0.063317 0.153482 1.000000
-0.094162 -0.039030 0.500986 1.000000
0.228779 0.037588 0.094077 0.000000
0.771794 -0.063483 -0.067449 0.000000
0.167882 0.018993 0.047493 0.000000
0.037523 0.098292 -0.047417 0.000000
-0.727113 0.214836 -0.006441 2.000000
0.070928 -0.098518 0.315339 3.000000
0.467338 -0.098683 0.042409 0.000000
-0.661989 0.075276 0.035667 2.000000
0.150475 0.082570 -0.065017 0.000000
0.209714 -0.125457 0.068160 0.000000
-0.051142 0.018993 0.095928 0.000000
0.064573 -0.009245 -0.084496 0.000000
0.189406 0.018993 -0.004120 0.000000
-0.114138 -0.013196 0.708765 1.000000
-0.046804 -0.122114 0.065812 0.000000
0.732035 -0.078541 0.064845 0.000000
0.502179 0.075414 0.058711 0.000000
-0.030032 -0.077850 0.286908 3.000000
0.598719 0.009654 0.098636 0.000000
0.084937 -0.069838 -0.111961 1.000000
-0.116045 -0.047043 -0.063387 0.000000
0.095795 -0.108962 0.331973 3.000000
0.120939 -0.127474 0.303762 3.000000
0.837526 -0.063179 -0.057888 0.000000
-0.636597 0.118351 0.002843 2.000000
-0.761568 0.159935 0.009861 2.000000
-0.390385 0.018993 0.064485 0.000000
0.887869 0.037533 -0.043521 0.000000
0.210516 -0.056575 -0.084634 1.000000
-0.250300 -0.076137 0.033540 0.000000
0.284620 -0.044777 -0.070212 1.000000
0.039319 0.114842 0.001378 0.000000
-0.040117 -0.043534 -0.407824 1.000000
-0.513836 -0.009245 0.009695 0.000000
0.038242 -0.065058 -0.158600 1.000000
0.313217 0.075414 0.072664 0.000000
0.074327 -0.049695 -0.209191 1.000000
-0.012874 -0.061300 -0.139480 1.000000
-0.393534 0.018993 -0.000777 0.000000
0.137075 -0.112664 0.332829 3.000000
-0.025529 -0.021291 -0.686115 1.000000
-0.518671 -0.043009 0.059015 0.000000
0.258675 -0.136924 -0.285727 3.000000
0.064711 -0.037538 0.364742 1.000000
0.648868 0.075414 0.021963 0.000000
-0.795277 0.111223 0.006434 2.000000
-0.000579 -0.086499 0.317881 3.000000
-0.309677 0.112107 -0.017493 0.000000
-0.071920 -0.036295 0.494576 1.000000
0.535474 0.034908 0.002843 0.000000
0.373368 0.113212 -0.009287 0.000000
0.494581 0.067595 0.080760 0.000000
0.006660 -0.051104 -0.278709 1.000000
0.422660 0.075414 -0.042802 0.000000
-0.052523 -0.088571 0.089656 0.000000
-0.334959 -0.009245 0.042077 0.000000
0.585650 0.030653 0.002843 0.000000
0.394671 0.075414 0.021134 0.000000
-0.482282 0.110836 -0.022328 0.000000
-0.644499 0.128049 -0.008845 2.000000
0.189848 0.028194 0.055892 0.000000
0.530252 0.075414 -0.030562 0.000000
0.515663 -0.083459 -0.021665 0.000000
0.315068 -0.064560 -0.100881 1.000000
-0.014974 -0.119599 0.326170 3.000000
0.156305 0.018993 -0.004175 0.000000
0.075985 -0.084730 -0.297027 3.000000
-0.042328 -0.105480 -0.307278 3.000000
0.067530 -0.087714 -0.275061 3.000000
0.078278 -0.060996 -0.225161 1.000000
-0.844707 0.373709 -0.002269 2.000000
0.605461 -0.083459 0.009142 0.000000
0.270307 -0.083459 -0.286058 3.000000
0.556749 -0.083459 -0.029181 0.000000
0.397157 0.040158 0.002843 0.000000
0.685865 -0.107415 -0.009149 0.000000
-0.069930 -0.106945 0.019807 0.000000
-0.048987 -0.030520 -0.493726 1.000000
-0.098693 -0.018722 0.646404 1.000000
0.205597 -0.090726 0.055340 1.000000
0.507015 0.034936 0.002843 0.000000
-0.027822 -0.083459 0.037491 0.000000
-0.048627 -0.031763 0.561745 1.000000
0.074824 -0.053536 0.322330 1.000000
0.329215 0.111692 0.025030 0.000000
-0.614078 -0.019799 0.017735 0.000000
0.167910 -0.150048 -0.306145 3.000000
0.733858 0.090334 0.047051 0.000000
0.147961 -0.042097 0.290058 1.000000
0.184184 -0.083459 -0.271000 3.000000
-0.401851 0.112687 -0.014067 0.000000
-0.696858 0.098375 -0.088862 2.000000
0.420753 -0.075474 0.071890 0.000000
-0.200289 -0.080033 0.009999 0.000000
0.732891 0.059610 -0.070322 0.000000
0.032909 -0.061134 -0.071897 1.000000
0.064297 -0.135128 0.325977 3.000000
-0.215375 0.001310 -0.907681 1.000000
-0.202196 0.018993 0.068160 0.000000
-0.088802 -0.080530 0.285582 3.000000
-0.633419 -0.014854 0.032600 0.000000
0.160312 -0.012063 0.097752 0.000000
0.182803 -0.059145 0.269556 1.000000
-0.130109 -0.110785 -0.034430 0.000000
0.550339 0.075414 0.039977 0.000000
-0.052523 -0.131232 -0.269452 3.000000
0.459104 0.106028 0.038706 0.000000
0.425478 0.053199 0.088524 0.000000
-0.067305 0.099148 -0.046450 0.000000
0.677410 0.047535 -0.082065 0.000000
-0.110961 -0.108603 -0.003126 0.000000
0.319710 0.018993 -0.025092 0.000000
-0.853493 0.192207 0.002843 2.000000
-0.733054 0.147833 0.002843 2.000000
0.161113 -0.102662 -0.028462 0.000000
-0.651434 0.092849 0.009474 2.000000
-0.051998 -0.122197 -0.314628 3.000000
-0.440202 -0.080309 -0.007878 0.000000
-0.391600 0.100861 0.018288 0.000000
0.838770 -0.083459 -0.017714 0.000000
-0.527154 0.018993 -0.008734 0.000000
0.076095 -0.042429 0.067801 0.000000
0.872644 -0.083459 -0.023682 0.000000
-0.149975 -0.019385 -0.674206 1.000000
-0.366181 0.034798 0.095956 0.000000
-0.015941 0.018993 0.088745 0.000000
0.278127 -0.052652 -0.104804 1.000000
0.091899 -0.052596 0.086755 0.000000
-0.876675 0.127773 -0.377735 2.000000
0.049266 -0.041793 -0.454022 1.000000
0.863057 0.051569 -0.007160 0.000000
-0.462582 -0.009245 -0.019317 0.000000
0.063496 -0.083459 0.302243 3.000000
0.393372 -0.120428 0.027433 0.000000
0.392460 0.112245 -0.015559 0.000000
-0.072472 -0.062018 0.302326 3.000000
0.278652 -0.070611 -0.135004 1.000000
0.335321 0.103044 0.044840 0.000000
-0.525883 0.018993 -0.057004 0.000000
0.014867 -0.069230 0.093580 0.000000
0.183825 -0.062543 0.230377 1.000000
-0.587995 0.108957 0.014447 0.000000
-0.053352 -0.107774 0.014337 0.000000
-0.798150 0.384236 0.002843 2.000000
0.395831 0.020845 -0.091680 0.000000
-0.009945 -0.074783 0.002843 0.000000
0.111434 0.078398 0.073631 0.000000
-0.206810 -0.079757 0.045421 0.000000
0.160505 -0.080227 0.306940 3.000000
0.238505 -0.114875 0.084628 0.000000
0.029096 -0.041682 0.009695 0.000000
-0.060785 -0.083459 -0.014343 0.000000
-0.295917 -0.077104 -0.057419 0.000000
-0.761319 0.013053 0.002843 0.000000
-0.542571 0.124375 0.002843 0.000000
0.740158 0.043114 0.002843 0.000000
-0.001794 -0.034499 0.539116 1.000000
0.701199 0.104536 -0.018847 0.000000
-0.626622 -0.009245 -0.030010 0.000000
-0.288319 -0.082105 0.057854 0.000000
0.824043 0.075414 0.017348 0.000000
-0.153484 0.111775 -0.018654 0.000000
-0.098610 -0.053646 0.002843 0.000000
-0.421275 0.013578 0.096592 0.000000
0.636876 0.075414 0.031661 0.000000
-0.841723 0.092268 0.114468 2.000000
0.646160 -0.083459 0.000245 0.000000
-0.314181 -0.070805 -0.015891 0.000000
0.728304 -0.106973 0.002843 0.000000
0.126188 -0.037648 -0.382736 1.000000
0.030533 -0.009245 -0.042747 0.000000
0.201453 0.004957 -0.093504 0.000000
0.115109 -0.072711 0.002843 0.000000
0.210239 -0.082575 -0.305952 3.000000
-0.675970 0.192317 0.013480 2.000000
0.033047 -0.105619 0.258642 3.000000
0.642292 0.100281 -0.042471 0.000000
-0.158982 0.108598 0.033374 0.000000
-0.826941 0.380119 0.002843 2.000000
-0.321724 -0.033255 -0.085546 0.000000
0.230962 0.114953 0.003616 0.000000
0.237013 -0.084951 0.315146 3.000000
-0.018676 -0.063787 0.156411 1.000000
0.012988 -0.027370 0.499494 1.000000
-0.013150 0.055797 -0.081899 0.000000
0.189848 0.008052 0.024505 0.000000
-0.678843 0.113709 0.002843 2.000000
0.035396 -0.082465 -0.292717 1.000000
0.081704 -0.078541 0.288234 1.000000
0.628173 0.105780 -0.033519 0.000000
-0.076202 0.027172 0.096675 0.000000
0.019757 -0.063980 0.170889 1.000000
-0.144559 -0.009245 0.033816 0.000000
0.203498 0.078868 0.073327 0.000000
0.188577 -0.047043 0.258311 1.000000
-0.375602 -0.009245 0.084379 0.000000
-0.522180 -0.009245 0.041884 0.000000
-0.132844 -0.014080 0.759936 1.000000
-0.389556 0.002692 -0.091653 0.000000
-0.043792 0.018993 -0.051837 0.000000
-0.168349 -0.012920 -0.754859 1.000000
0.537546 -0.097026 0.045890 0.000000
-0.125329 -0.071413 0.283399 3.000000
0.149840 -0.082907 -0.058413 1.000000
-0.586282 -0.009245 0.057661 0.000000
0.676636 -0.088405 0.057357 0.000000
-0.891374 0.116638 0.279006 2.000000
0.035230 -0.051077 0.002843 0.000000
-0.197913 0.018993 0.088717 0.000000
0.042303 -0.047236 0.290555 1.000000
0.189848 0.020430 0.044288 0.000000
0.880795 -0.088792 0.007457 0.000000
-0.600180 0.057095 -0.063525 0.000000
0.778205 0.018993 0.046830 0.000000
-0.730650 0.099342 -0.100245 2.000000
0.344522 -0.041682 -0.012741 0.000000
-0.277239 0.018993 -0.061701 0.000000
-0.781489 0.225225 -0.003899 2.000000
0.476981 -0.108492 0.009529 0.000000
-0.756042 0.313503 -0.005446 2.000000
0.019951 -0.061991 0.084462 0.000000
-0.898061 0.126668 0.377341 2.000000
0.312471 0.111969 -0.017410 0.000000
0.232924 -0.108354 -0.004839 1.000000
-0.144449 0.001421 0.872860 1.000000
-0.031635 0.018993 -0.010917 0.000000
0.128758 -0.107028 0.019200 0.000000
-0.411936 -0.070777 0.053047 0.000000
0.070072 -0.059946 0.082141 1.000000
-0.074544 -0.022424 -0.666000 1.000000
0.561197 0.114704 0.000494 0.000000
0.681223 0.075414 -0.035784 0.000000
-0.318270 -0.023972 -0.089166 0.000000
-0.913561 0.128464 0.385879 2.000000
-0.264695 0.055824 -0.082507 0.000000
-0.821249 0.092849 0.092171 2.000000
0.602974 0.069031 0.002843 0.000000
-0.137403 -0.103381 -0.307306 3.000000
0.768866 0.018993 0.064430 0.000000
-0.146797 0.088483 0.064071 0.000000
-0.355709 -0.009245 0.004003 0.000000
-0.069847 -0.011787 0.097780 0.000000
-0.835368 0.417807 0.002843 2.000000
-0.000440 -0.096915 -0.308383 3.000000
-0.708794 0.007527 -0.034734 0.000000
0.081732 -0.061825 0.221010 1.000000
-0.496291 0.018993 0.075178 0.000000
0.115275 -0.111808 0.002843 0.000000
0.844821 0.023414 -0.067089 0.000000
-0.793729 0.264183 0.002843 2.000000
-0.065952 0.016037 0.097918 0.000000
0.060125 -0.129021 -0.044958 0.000000
0.716396 0.039495 -0.081512 0.000000
0.662296 -0.060664 -0.075378 0.000000
0.004119 -0.019938 0.591613 1.000000
-0.092311 -0.002917 0.820032 1.000000
-0.879383 0.422946 -0.000666 2.000000
0.137268 -0.054033 -0.080352 1.000000
0.899418 0.017722 0.055975 0.000000
0.413708 0.112356 0.020609 0.000000
-0.445811 0.092849 -0.011442 0.000000
0.121657 -0.038919 -0.328277 1.000000
0.040646 -0.126258 0.066116 0.000000
0.496653 0.105420 0.039950 0.000000
0.009700 -0.038892 -0.482315 1.000000
-0.898779 0.118628 0.309316 2.000000
0.089744 -0.031984 -0.454132 1.000000
0.262073 -0.052735 0.141960 1.000000
0.656770 0.110836 -0.008652 0.000000
-0.209518 -0.063621 -0.035425 0.000000
-0.819508 0.112079 -0.275227 2.000000
0.573272 -0.083459 0.056031 0.000000
0.099249 -0.047070 -0.296530 1.000000
-0.807987 0.276534 0.002843 2.000000
-0.544588 0.091716 0.053793 0.000000
0.236820 -0.047816 0.081644 0.000000
-0.311086 -0.071053 0.052881 0.000000
0.720817 -0.021512 0.092281 0.000000
0.043630 -0.049585 0.363775 1.000000
-0.015278 -0.060941 0.196115 1.000000
-0.066780 0.049000 -0.084331 0.000000
0.195927 -0.109155 -0.253151 3.000000
-0.604270 -0.037427 -0.028794 0.000000
-0.809948 0.081355 0.041552 2.000000
0.541580 0.018993 -0.060624 0.000000
0.255967 -0.101143 0.300005 3.000000
-0.664973 0.079338 -0.054407 2.000000
0.854712 0.068672 0.002843 0.000000
-0.076037 -0.040633 0.426827 1.000000
0.346511 0.052536 0.002843 0.000000
0.813626 0.053448 -0.060596 0.000000
0.086650 -0.070832 -0.087922 1.000000
0.078886 -0.035189 0.388200 1.000000
-0.110574 -0.008886 -0.823326 1.000000
0.188771 -0.009245 -0.071040 0.000000
0.218197 -0.041682 -0.032524 1.000000
-0.110961 0.018993 0.071089 0.000000
0.189848 -0.033780 -0.025368 1.000000
0.253646 -0.130928 0.311913 3.000000
-0.508752 -0.060830 0.035833 0.000000
-0.156109 -0.107000 -0.013680 0.000000
0.015917 -0.105923 -0.267795 3.000000
-0.822741 0.102989 0.218662 2.000000
-0.717028 -0.010875 0.009999 0.000000
-0.065592 -0.068180 0.002843 0.000000
0.130720 -0.119821 -0.308052 3.000000
-0.756650 0.168859 0.002843 2.000000
0.022990 -0.048203 -0.284981 1.000000
-0.486924 -0.009245 0.028014 0.000000
-0.047799 -0.044970 0.390908 1.000000
-0.459432 -0.009245 0.086534 0.000000
0.213223 -0.129160 0.041027 0.000000
0.278928 -0.039748 -0.085657 0.000000
0.169816 0.111057 -0.022550 0.000000
-0.387262 0.064583 0.085070 0.000000
-0.100683 -0.005045 -0.781743 1.000000
-0.894994 0.119567 0.320838 2.000000
-0.180396 -0.011483 0.773668 1.000000
0.033130 -0.118577 -0.303106 3.000000
0.061589 -0.116726 -0.270972 3.000000
0.642016 -0.023447 0.096039 0.000000
-0.220874 -0.054033 -0.006800 0.000000
0.160477 0.018993 0.091701 0.000000
-0.786463 0.097767 -0.181064 2.000000
-0.744299 0.172589 0.002843 2.000000
0.044873 -0.125927 0.002843 0.000000
-0.052385 -0.078956 0.305393 3.000000
-0.119637 -0.082271 -0.044792 0.000000
-0.713768 0.090749 -0.032579 2.000000
0.714821 0.090030 -0.045289 0.000000
0.121906 -0.067876 -0.148709 1.000000
0.253342 -0.089344 -0.265308 3.000000
-0.465594 -0.066246 0.044454 0.000000
0.085517 0.064528 -0.077091 0.000000
0.774640 0.044054 0.002843 0.000000
0.181228 -0.048203 -0.172111 1.000000
0.823767 0.018993 0.056058 0.000000
-0.852140 0.125784 0.328685 2.000000
-0.566527 0.092849 -0.004922 0.000000
0.892925 -0.081719 0.023869 0.000000
-0.736728 0.020181 -0.033132 0.000000
-0.732418 0.076077 0.039314 2.000000
0.225685 -0.093489 0.093608 0.000000
0.821252 0.009212 0.082224 0.000000
0.192860 -0.093351 0.278011 3.000000
0.194242 -0.060333 0.256708 1.000000
0.171281 -0.009245 -0.048190 0.000000
0.005721 -0.041682 0.015083 0.000000
-0.430752 -0.009245 0.059374 0.000000
-0.302217 -0.009245 0.074709 0.000000
-0.865595 0.439303 0.002843 2.000000
0.838355 0.037395 0.069321 0.000000
0.523068 0.018993 0.019531 0.000000
0.189848 0.068064 -0.028711 0.000000
-0.008591 -0.083459 0.307548 3.000000
0.647348 0.018993 0.080511 0.000000
-0.075097 -0.008830 0.737804 1.000000
0.393869 -0.118743 0.056086 0.000000
-0.750543 0.208481 -0.005446 2.000000
0.640220 0.018993 -0.017106 0.000000
-0.304455 0.011837 0.099078 0.000000
0.174320 -0.038063 0.091922 0.000000
-0.023677 -0.080254 -0.061398 1.000000
0.527793 -0.058537 -0.077395 0.000000
-0.600788 0.114732 0.015166 2.000000
0.208692 -0.099623 -0.256632 3.000000
0.007103 -0.009245 -0.041918 0.000000
-0.084574 -0.060913 -0.078418 0.000000
0.545006 0.075414 -0.043217 0.000000
0.168435 -0.077270 0.002843 0.000000
0.731427 0.018993 0.026273 0.000000
0.021470 -0.040522 0.354105 1.000000
0.287024 -0.083459 -0.058137 1.000000
-0.093582 -0.016898 0.735318 1.000000
-0.010470 -0.071855 -0.068609 1.000000
0.115744 -0.001204 -0.093283 0.000000
0.017105 -0.045606 0.406464 1.000000
0.916079 0.031454 -0.010365 0.000000
-0.090238 -0.025408 -0.623560 1.000000
0.567967 0.018496 0.097642 0.000000
0.231155 -0.067157 -0.174128 1.000000
-0.766099 0.101828 -0.205185 2.000000
0.068331 -0.087797 0.058628 0.000000
0.012352 0.018993 0.089491 0.000000
-0.686663 0.265040 -0.002739 2.000000
-0.145222 -0.001425 -0.907046 1.000000
0.034760 -0.095036 0.325563 3.000000
-0.612890 0.005012 -0.060265 0.000000
-0.606977 0.018993 -0.033933 0.000000
-0.108087 0.089809 0.062579 0.000000
0.709875 -0.083459 0.026466 0.000000
0.149757 -0.057736 0.002843 0.000000
-0.093222 -0.035355 -0.491405 1.000000
0.137268 -0.046573 -0.219359 1.000000
0.067088 -0.031570 0.435254 1.000000
-0.713049 0.077624 -0.047582 2.000000
-0.863164 0.300821 0.004777 2.000000
0.586783 0.075414 -0.051174 0.000000
