-0.808165 0.044836 0.171348 2.000000
0.749787 0.061634 -0.067014 0.000000
0.545370 0.005943 -0.085712 0.000000
0.028362 -0.002778 -0.359169 1.000000
0.162964 -0.017195 -0.145764 1.000000
0.181100 -0.018988 0.134033 1.000000
0.060621 -0.011016 0.478214 1.000000
-0.214440 0.047110 -0.843008 1.000000
0.050617 -0.075402 0.138740 1.000000
-0.688570 0.198670 0.014250 2.000000
0.121636 -0.027949 0.295410 1.000000
0.250407 -0.108410 0.306859 3.000000
0.062039 -0.029152 0.301910 1.000000
-0.784492 0.032344 -0.046712 2.000000
0.604325 -0.079922 -0.019080 0.000000
0.070866 0.065379 -0.067282 0.000000
-0.729041 0.032157 0.084868 2.000000
0.284459 0.052138 -0.074959 0.000000
0.053132 -0.041858 0.190982 1.000000
0.237006 0.099003 0.033242 0.000000
-0.025966 -0.031827 -0.226225 1.000000
0.494252 -0.078130 0.040036 0.000000
-0.243517 0.048902 0.908448 1.000000
0.005037 -0.135400 -0.127628 3.000000
-0.558167 0.142417 0.010772 2.000000
0.182090 0.099351 0.032172 0.000000
0.740880 0.101357 0.009194 0.000000
0.249685 0.096783 0.039822 0.000000
-0.713045 0.040075 0.104341 2.000000
0.352375 -0.084496 -0.031893 0.000000
-0.159498 0.037319 -0.081084 0.000000
0.047835 -0.065825 -0.016271 0.000000
-0.098162 0.004632 0.101131 0.000000
0.550426 0.008430 0.101506 0.000000
-0.638281 0.031274 -0.039382 0.000000
0.369842 -0.123095 0.310176 3.000000
-0.201628 0.090470 0.053678 0.000000
-0.070744 -0.008181 0.439936 1.000000
-0.267190 -0.069035 0.059402 0.000000
-0.029309 -0.028805 0.272861 1.000000
-0.260449 0.100421 -0.013489 0.000000
-0.465107 0.001609 -0.071990 0.000000
0.329317 -0.069142 -0.333195 3.000000
0.234705 -0.075616 -0.252359 3.000000
-0.231506 -0.077301 0.042550 0.000000
0.270014 -0.020405 0.307983 1.000000
0.758106 0.011747 0.098001 0.000000
-0.384565 -0.011525 -0.077045 0.000000
0.695406 0.007360 0.101399 0.000000
0.167404 -0.084496 -0.029726 0.000000
0.310566 -0.062321 0.099713 0.000000
0.203676 -0.073609 -0.081753 0.000000
0.893698 -0.061813 -0.013436 0.000000
0.278681 -0.036375 -0.276166 3.000000
0.214911 -0.030222 -0.084160 0.000000
-0.836011 0.059120 -0.312946 2.000000
0.230211 -0.010107 -0.182330 1.000000
0.486388 0.034618 -0.081967 0.000000
-0.189082 0.051924 -0.884229 1.000000
-0.398903 -0.057506 -0.041763 0.000000
-0.771358 0.033869 -0.051928 2.000000
-0.016898 0.011587 -0.614169 1.000000
0.074237 -0.084496 -0.048450 0.000000
0.596729 0.099351 -0.016646 0.000000
-0.623195 0.100581 -0.000489 2.000000
-0.842779 0.058719 0.301322 2.000000
-0.053999 -0.010321 -0.083893 0.000000
0.058856 -0.115739 -0.139558 1.000000
-0.539363 -0.028136 0.053972 0.000000
-0.016202 0.001422 -0.543818 1.000000
-0.207459 -0.011364 -0.083545 0.000000
-0.103485 0.039326 0.767052 1.000000
0.049788 -0.039478 0.099713 0.000000
0.395521 -0.128820 0.324567 3.000000
-0.795219 0.039700 -0.121770 2.000000
0.850953 -0.060716 -0.037135 0.000000
-0.220298 0.039914 -0.804222 1.000000
0.210524 -0.046192 0.205346 1.000000
0.370029 -0.063097 0.317265 3.000000
-0.730138 0.036490 -0.063082 2.000000
0.325973 0.071318 -0.062494 0.000000
-0.013634 -0.000798 -0.522125 1.000000
0.211166 -0.039852 0.250124 1.000000
0.289969 -0.081099 0.338557 3.000000
0.078998 -0.039157 -0.202900 1.000000
0.381772 -0.090836 -0.287749 3.000000
-0.395318 0.046334 -0.074210 0.000000
0.354809 -0.084496 0.037361 0.000000
0.008434 -0.023107 -0.317467 1.000000
-0.056807 -0.032656 -0.081619 0.000000
0.091035 0.008644 0.380419 1.000000
-0.763173 0.324873 0.012698 2.000000
0.199610 -0.077247 0.094150 0.000000
-0.056513 0.008885 0.614314 1.000000
-0.668561 0.225660 -0.000275 2.000000
0.194662 -0.010374 -0.316370 1.000000
0.057893 0.015492 -0.454075 1.000000
-0.653689 -0.014895 -0.013516 0.000000
0.331136 -0.137139 0.314108 3.000000
-0.040945 0.095954 -0.026703 0.000000
-0.439963 0.079128 0.067026 0.000000
0.309656 -0.084496 0.030112 0.000000
-0.739982 0.041358 0.176430 2.000000
-0.196706 0.091807 -0.035397 0.000000
-0.690496 -0.011471 0.002427 0.000000
0.241312 -0.044266 -0.289086 1.000000
0.500512 0.092476 -0.034086 0.000000
0.043556 -0.076686 0.092625 0.000000
0.346330 -0.051434 0.321651 3.000000
0.217398 -0.101910 -0.280152 3.000000
-0.115495 0.006585 0.552978 1.000000
0.085980 -0.012702 0.261439 1.000000
-0.789120 0.038068 0.108327 2.000000
0.214108 -0.013130 0.303810 1.000000
-0.681401 0.032772 0.105117 2.000000
-0.040678 -0.084068 0.073579 0.000000
0.370029 -0.094902 -0.296228 3.000000
-0.027116 -0.015831 0.099713 0.000000
-0.553433 0.050346 0.069086 0.000000
-0.781389 0.043472 0.154362 2.000000
0.002068 -0.078959 0.088719 0.000000
0.039490 -0.023000 0.350113 1.000000
0.017101 -0.046566 0.142619 1.000000
0.281837 -0.038220 -0.179655 1.000000
-0.754266 0.052112 -0.203863 2.000000
-0.114559 0.039941 0.789307 1.000000
-0.590320 0.083167 -0.023895 0.000000
-0.089441 -0.020486 0.096049 0.000000
-0.689773 0.031889 -0.078088 2.000000
-0.191062 -0.082624 0.026501 0.000000
0.035691 -0.140242 -0.123000 3.000000
-0.086339 -0.003420 -0.460869 1.000000
0.634151 -0.084095 0.011923 0.000000
-0.046188 -0.013076 -0.387603 1.000000
0.975765 -0.003687 0.037896 0.000000
0.111793 0.007681 -0.401245 1.000000
0.694122 -0.075776 0.045894 0.000000
-0.544659 -0.037311 0.038137 0.000000
-0.434613 0.094696 -0.027934 0.000000
-0.040999 0.005755 -0.573911 1.000000
0.452123 -0.047048 0.082621 0.000000
-0.104260 0.011078 -0.591753 1.000000
-0.127559 -0.060743 0.070102 0.000000
0.829714 -0.104184 0.000608 0.000000
0.368612 -0.077114 -0.334560 3.000000
-0.676639 0.044007 0.127720 2.000000
0.048103 -0.082276 -0.068994 0.000000
-0.162333 0.032638 0.792865 1.000000
0.075039 -0.030463 -0.131667 1.000000
-0.707642 0.029214 -0.045374 2.000000
-0.700874 0.128695 0.011735 2.000000
0.001399 0.009982 -0.591405 1.000000
-0.238194 0.067091 0.081444 0.000000
0.183801 -0.077247 0.094150 0.000000
0.814092 -0.031720 -0.065864 0.000000
0.376957 -0.057078 0.344147 3.000000
0.005438 -0.044052 0.113088 1.000000
-0.604550 0.044729 0.059108 0.000000
0.052195 0.013860 0.444671 1.000000
-0.510768 0.049223 -0.064286 0.000000
-0.110761 -0.006389 -0.084481 0.000000
0.276006 -0.122186 0.276231 3.000000
0.068593 -0.087894 -0.138622 1.000000
-0.655160 0.097692 0.013982 2.000000
0.275578 -0.122454 -0.259929 3.000000
0.802189 0.035795 0.086874 0.000000
0.155528 0.096114 -0.026302 0.000000
0.120192 -0.042473 0.204356 1.000000
-0.068577 0.016616 -0.550345 1.000000
-0.683915 0.034056 0.117582 2.000000
0.264263 -0.116462 -0.262043 3.000000
0.075146 -0.031881 -0.121797 1.000000
0.712499 -0.080003 -0.018866 0.000000
-0.513523 0.085869 0.053384 0.000000
0.072311 -0.080457 -0.069502 0.000000
0.016325 -0.038301 -0.129153 1.000000
-0.804527 0.038871 -0.001639 0.000000
0.444258 -0.064916 0.064886 0.000000
-0.108567 0.100554 0.028641 0.000000
0.028415 -0.027253 0.216072 1.000000
0.106175 -0.147972 -0.119523 3.000000
0.314471 -0.122667 0.298941 3.000000
0.306125 -0.035840 -0.152879 1.000000
-0.355302 -0.078371 0.028347 0.000000
0.218468 -0.048439 0.289338 1.000000
-0.759803 0.048474 0.244105 2.000000
0.226573 -0.084496 -0.020631 0.000000
-0.478589 -0.042099 -0.039249 0.000000
-0.127666 0.042963 -0.787477 1.000000
0.314070 -0.046299 0.276953 3.000000
-0.025511 0.016562 0.653047 1.000000
0.277691 -0.081394 -0.071187 0.000000
0.338947 -0.125877 -0.243505 3.000000
0.156705 -0.021770 0.099713 0.000000
-0.013340 0.054145 0.089495 0.000000
0.308372 -0.084256 -0.059284 0.000000
-0.159203 0.037293 -0.822973 1.000000
0.334266 -0.084496 0.058894 0.000000
-0.108781 0.030819 -0.665206 1.000000
-0.474228 0.102079 0.016684 0.000000
-0.510634 -0.005774 0.077699 0.000000
0.214617 0.048634 0.092250 0.000000
0.605342 -0.052611 0.078154 0.000000
-0.134835 0.102587 0.013100 0.000000
0.040586 -0.028965 0.192239 1.000000
0.328488 -0.034181 0.321705 3.000000
-0.649088 0.227319 0.003470 2.000000
0.171684 0.095740 -0.027372 0.000000
0.880965 0.064176 -0.030555 0.000000
0.448966 -0.027494 -0.077981 0.000000
-0.111536 -0.079548 0.035836 0.000000
-0.628009 0.196825 0.013501 2.000000
0.272154 -0.016259 -0.125033 1.000000
-0.061890 -0.010160 0.425197 1.000000
-0.355596 -0.032897 0.087382 0.000000
0.613393 -0.062241 0.068230 0.000000
0.045508 0.097719 -0.021514 0.000000
-0.683354 0.036330 0.063736 2.000000
0.517979 0.100447 0.028989 0.000000
-0.721792 0.027476 0.038886 2.000000
0.714131 -0.018346 -0.081218 0.000000
-0.781523 0.247381 0.006305 2.000000
0.118881 0.005595 0.338423 1.000000
-0.257426 0.009473 0.101586 0.000000
-0.662837 -0.014307 -0.009664 0.000000
-0.793426 0.015305 -0.002147 0.000000
0.084375 -0.011311 -0.444606 1.000000
0.237487 -0.052210 -0.291895 3.000000
0.153013 -0.040360 0.237418 1.000000
0.055165 -0.074278 -0.122893 1.000000
0.141484 0.065165 -0.067442 0.000000
-0.031797 -0.021315 -0.315969 1.000000
-0.141602 0.045371 -0.805559 1.000000
0.179281 -0.037124 -0.084160 0.000000
0.863498 -0.064274 0.008900 0.000000
0.289487 -0.089124 -0.239760 3.000000
-0.720829 0.066021 0.030808 0.000000
0.166522 0.015278 -0.085444 0.000000
0.135653 0.000807 -0.278868 1.000000
-0.078929 0.034002 -0.722182 1.000000
-0.110413 0.024480 0.743138 1.000000
-0.376326 -0.052531 -0.053265 0.000000
0.057813 -0.017222 0.413642 1.000000
-0.076869 -0.055634 0.090645 0.000000
0.128618 -0.028617 -0.320597 1.000000
-0.008338 -0.137326 0.171053 3.000000
0.262792 -0.083346 -0.065784 0.000000
0.116581 -0.074653 0.033429 0.000000
0.306232 -0.084496 -0.043047 0.000000
-0.675516 0.201024 0.000447 2.000000
0.091490 0.025764 0.099954 0.000000
0.049574 -0.002189 0.525667 1.000000
-0.019573 0.013700 -0.490267 1.000000
0.442573 -0.007084 0.099954 0.000000
0.209133 -0.023027 -0.268222 1.000000
-0.839515 0.362349 0.008097 2.000000
0.285395 -0.046379 -0.152692 1.000000
0.326910 -0.067511 0.244507 3.000000
-0.202992 0.069499 0.079518 0.000000
0.198086 -0.034154 0.286235 1.000000
-0.593155 0.094991 -0.002228 2.000000
-0.061061 -0.001948 0.504429 1.000000
0.181956 -0.018907 -0.331564 1.000000
0.169731 -0.023669 -0.084160 0.000000
0.361416 -0.072352 -0.077259 0.000000
0.305591 -0.130398 0.273824 3.000000
0.345260 -0.071684 0.335962 3.000000
-0.020322 0.085067 0.062933 0.000000
-0.107123 0.021832 0.630096 1.000000
0.291788 -0.078505 -0.331002 3.000000
-0.693545 0.047243 0.160755 2.000000
0.406141 0.062704 0.084975 0.000000
-0.810011 0.048822 -0.190890 2.000000
0.030234 -0.009946 0.470591 1.000000
0.030930 0.017043 0.576330 1.000000
0.297379 -0.027093 -0.291975 1.000000
0.164756 0.060163 0.086499 0.000000
-0.627047 0.083087 0.029764 0.000000
-0.709728 0.048474 0.205694 2.000000
0.261642 -0.056945 0.124002 1.000000
0.223337 -0.097818 -0.265092 3.000000
-0.710183 0.160205 0.003604 2.000000
-0.566941 -0.022652 0.051057 0.000000
0.127655 -0.009973 -0.223497 1.000000
-0.498891 -0.032897 0.062291 0.000000
-0.313653 0.050400 0.091394 0.000000
-0.655026 0.052352 -0.030716 0.000000
0.685616 0.102079 -0.002602 0.000000
0.277477 -0.071175 -0.328595 3.000000
0.065543 -0.015537 -0.245859 1.000000
0.358447 -0.136390 -0.260331 3.000000
-0.501165 0.025550 -0.070706 0.000000
0.324663 -0.083400 0.080935 0.000000
0.180806 -0.025969 0.301028 1.000000
-0.138045 0.033307 -0.703163 1.000000
0.052062 -0.142301 0.161237 3.000000
-0.696006 0.038256 0.084012 2.000000
0.377118 -0.084496 0.040330 0.000000
-0.731877 0.040770 -0.100210 2.000000
0.370029 -0.065906 0.288081 3.000000
-0.743994 0.039513 -0.092934 2.000000
0.286973 -0.037177 -0.084160 0.000000
-0.863937 0.058210 0.305655 2.000000
-0.676693 0.036998 -0.052035 2.000000
0.831265 0.038496 0.079438 0.000000
-0.820550 0.385192 0.010451 2.000000
0.157159 -0.024551 -0.100986 1.000000
0.144320 -0.055928 0.296908 1.000000
0.399855 0.062196 -0.069850 0.000000
0.066292 0.002733 -0.354033 1.000000
-0.341285 0.024801 -0.083973 0.000000
-0.109423 0.036998 -0.701291 1.000000
0.850659 -0.033593 0.073339 0.000000
-0.107310 0.012175 -0.600767 1.000000
-0.364958 0.100875 0.027544 0.000000
0.246074 -0.037338 -0.291975 1.000000
-0.763655 0.187730 0.009060 2.000000
0.379498 -0.057025 0.092999 0.000000
-0.004085 -0.033726 -0.224139 1.000000
0.691581 -0.007646 -0.084348 0.000000
0.272181 -0.052585 -0.311903 3.000000
0.033685 0.019344 0.550544 1.000000
0.085525 -0.004088 -0.296950 1.000000
0.592395 -0.079708 0.035301 0.000000
0.229382 -0.012060 -0.121422 1.000000
-0.044717 -0.006549 0.468157 1.000000
0.354488 -0.108169 0.264836 3.000000
0.389128 -0.129596 -0.309148 3.000000
0.966456 0.033146 0.004112 0.000000
-0.670621 0.030258 -0.066720 2.000000
-0.212996 0.036544 0.796877 1.000000
-0.558595 0.075062 -0.040559 0.000000
0.039811 -0.013397 0.441809 1.000000
-0.055791 -0.008395 0.444885 1.000000
-0.731208 0.048634 -0.167297 2.000000
-0.837081 0.049517 0.004674 0.000000
0.146299 -0.010562 -0.387817 1.000000
0.125274 -0.028778 -0.099140 1.000000
-0.641036 0.096221 0.000715 2.000000
0.054014 -0.039852 -0.065302 1.000000
0.095074 -0.051488 -0.106175 1.000000
0.400497 -0.120046 -0.254633 3.000000
0.017662 0.046441 0.093347 0.000000
-0.037227 -0.000852 0.100569 0.000000
0.999625 -0.022866 0.015079 0.000000
-0.646948 0.040449 -0.073247 2.000000
0.633589 0.052192 -0.074932 0.000000
0.176071 0.060484 -0.070813 0.000000
0.227189 -0.009866 -0.152799 1.000000
-0.653421 0.041038 -0.116527 2.000000
0.003137 0.010356 0.469039 1.000000
-0.109931 0.023035 -0.710787 1.000000
0.467316 0.022286 0.100302 0.000000
-0.163911 0.030391 0.769138 1.000000
0.052704 -0.019095 0.393419 1.000000
0.010119 -0.048786 -0.105480 1.000000
0.064366 -0.059352 -0.016271 0.000000
0.102430 -0.008101 -0.256398 1.000000
0.168474 -0.052076 0.138446 1.000000
0.134797 -0.007619 -0.406328 1.000000
-0.050013 0.022179 0.582215 1.000000
0.110696 0.007922 -0.411330 1.000000
0.129073 0.003401 0.316837 1.000000
0.139826 -0.051541 0.099713 0.000000
0.379766 -0.010802 0.099285 0.000000
0.262391 0.000833 -0.085204 0.000000
0.096118 0.101250 -0.010975 0.000000
-0.150349 0.046521 -0.796411 1.000000
-0.819614 0.337739 0.008900 2.000000
-0.246753 0.048795 -0.886877 1.000000
0.096198 -0.018586 -0.403867 1.000000
0.059552 -0.081607 -0.066720 0.000000
0.270415 -0.084496 0.040678 0.000000
0.055298 -0.022599 -0.207795 1.000000
-0.766142 0.275922 0.011200 2.000000
-0.470992 0.067385 -0.059284 0.000000
-0.707669 0.032826 -0.082315 2.000000
0.238557 -0.084496 0.038057 0.000000
0.142902 0.002679 -0.290664 1.000000
0.460896 -0.072861 -0.036199 0.000000
-0.849011 0.054278 0.269865 2.000000
0.271378 -0.048225 -0.247170 3.000000
0.989166 -0.018319 0.029122 0.000000
0.125381 -0.030383 -0.301899 1.000000
0.347961 -0.084496 0.001544 0.000000
-0.007295 -0.084496 -0.022504 0.000000
0.029592 0.020013 0.100516 0.000000
-0.224632 0.099458 0.031904 0.000000
-0.030433 -0.039183 0.188681 1.000000
0.052811 0.011266 0.429049 1.000000
-0.800916 0.060805 -0.294623 2.000000
-0.474683 -0.055688 0.031102 0.000000
0.788654 0.012309 -0.078837 0.000000
0.879387 -0.067698 0.022087 0.000000
-0.023772 0.008484 0.483537 1.000000
-0.341766 -0.053013 0.076308 0.000000
-0.276552 0.032050 0.098376 0.000000
-0.016603 0.087635 -0.043769 0.000000
0.291975 -0.057319 0.263071 3.000000
0.334747 -0.029393 -0.101253 1.000000
0.837017 -0.044881 -0.054308 0.000000
-0.154977 -0.018640 0.096664 0.000000
0.136803 -0.084496 -0.026061 0.000000
0.836883 0.006665 0.084386 0.000000
0.177810 -0.042794 -0.207314 1.000000
0.631476 0.040048 0.095728 0.000000
0.867083 0.076667 -0.014559 0.000000
0.240429 -0.015377 -0.091222 1.000000
0.742833 -0.032255 0.089843 0.000000
0.357698 -0.054136 -0.083759 0.000000
-0.422683 -0.068367 0.009970 0.000000
-0.005289 -0.039611 0.159739 1.000000
0.050671 -0.043035 0.180549 1.000000
-0.672386 0.082766 0.009542 0.000000
-0.605487 0.057328 0.055898 0.000000
0.542963 0.025068 -0.084455 0.000000
0.042352 -0.011658 -0.442787 1.000000
0.210230 -0.078157 -0.077821 0.000000
0.052142 -0.063525 -0.137739 1.000000
0.122653 -0.043650 0.194967 1.000000
-0.640769 0.112913 0.015239 2.000000
0.301846 -0.041136 0.264916 3.000000
0.229623 -0.103863 0.302499 3.000000
-0.720669 0.234461 0.013073 2.000000
-0.047766 -0.071149 -0.078115 0.000000
0.648034 -0.060288 -0.055111 0.000000
-0.657139 0.039192 -0.033177 0.000000
0.080015 0.012095 0.417199 1.000000
-0.760124 0.036356 0.118037 2.000000
0.312759 -0.033539 -0.286251 3.000000
-0.079223 0.031381 -0.644128 1.000000
-0.036665 -0.034636 0.099713 0.000000
0.110134 -0.069758 -0.016271 0.000000
0.700703 0.100849 0.027731 0.000000
-0.234395 0.044328 -0.848304 1.000000
0.170106 -0.027708 0.300118 1.000000
-0.733161 0.043525 0.200799 2.000000
0.213359 -0.077301 -0.302434 3.000000
0.580572 0.077844 -0.056368 0.000000
0.263675 -0.093832 -0.241232 3.000000
0.082930 -0.018185 -0.213974 1.000000
0.197470 0.080172 -0.053479 0.000000
0.004341 -0.003928 -0.374924 1.000000
0.204800 -0.010481 0.170037 1.000000
-0.763467 0.246792 0.005075 2.000000
-0.039848 0.014342 0.529198 1.000000
-0.151767 0.031328 -0.768886 1.000000
0.399400 -0.044827 -0.271672 3.000000
0.131052 -0.021582 0.384940 1.000000
0.105560 -0.020165 0.195261 1.000000
0.159032 -0.084496 0.061970 0.000000
0.007845 -0.024525 0.321304 1.000000
0.241767 -0.104585 -0.295158 3.000000
-0.157598 0.023811 0.682418 1.000000
0.214242 -0.024444 0.099713 0.000000
-0.008044 -0.061786 -0.051660 0.000000
0.041014 -0.043757 0.172177 1.000000
0.235240 -0.010669 -0.202659 1.000000
0.336218 -0.032496 -0.300642 3.000000
-0.815361 0.052887 0.243517 2.000000
-0.688222 0.071532 0.032466 0.000000
0.340659 -0.084496 0.021579 0.000000
0.375673 -0.082062 -0.240162 3.000000
-0.134862 0.026031 0.676426 1.000000
-0.016363 -0.012648 0.363942 1.000000
-0.039420 -0.084496 0.023398 0.000000
-0.249749 0.055455 0.088853 0.000000
-0.156849 0.096462 -0.025205 0.000000
0.160503 -0.041617 -0.273331 1.000000
-0.680786 0.033146 -0.093496 2.000000
-0.812285 0.052593 -0.000141 0.000000
-0.022408 0.091192 0.052180 0.000000
0.157480 -0.020111 0.369666 1.000000
0.289140 -0.040387 0.287091 3.000000
0.129260 0.003829 -0.393595 1.000000
-0.253360 0.076373 -0.058214 0.000000
-0.132775 0.011052 0.591765 1.000000
-0.718876 0.174890 0.011735 2.000000
-0.151526 0.063560 0.084306 0.000000
0.202820 0.003428 -0.085444 0.000000
-0.698895 0.148275 0.012431 2.000000
0.083786 -0.022626 0.374133 1.000000
-0.084573 0.006611 -0.558210 1.000000
-0.714650 0.171948 0.004032 2.000000
-0.008044 -0.077943 -0.029940 0.000000
0.260144 -0.088562 0.255126 3.000000
-0.003095 -0.035091 0.191891 1.000000
-0.204142 0.002305 -0.085337 0.000000
-0.169849 0.029830 0.759830 1.000000
-0.124189 0.037132 -0.713863 1.000000
-0.413000 -0.009759 -0.074103 0.000000
-0.066491 0.002492 -0.471515 1.000000
0.066480 -0.084496 -0.025553 0.000000
0.239279 -0.035198 -0.229703 1.000000
0.593973 0.081910 -0.051286 0.000000
0.343655 -0.069998 0.099713 0.000000
-0.246272 -0.080270 0.033643 0.000000
0.821983 -0.069945 0.042042 0.000000
-0.715453 0.318881 0.007188 2.000000
0.074906 -0.054671 0.069781 0.000000
0.539913 0.068482 -0.064767 0.000000
-0.578764 -0.022278 -0.031679 0.000000
-0.029684 0.028679 0.637131 1.000000
0.179896 -0.084496 0.056246 0.000000
-0.841013 0.059815 0.331281 2.000000
0.001586 0.023677 -0.585841 1.000000
-0.004914 -0.129435 0.148557 3.000000
0.134770 -0.022224 0.152784 1.000000
0.368665 -0.075081 -0.225878 3.000000
0.159112 0.018889 0.100623 0.000000
-0.349550 0.015118 0.099820 0.000000
0.481172 0.084077 -0.048584 0.000000
-0.159310 -0.059860 -0.055646 0.000000
0.012714 -0.050150 0.112045 1.000000
0.138007 -0.013558 -0.193645 1.000000
-0.385929 0.027636 -0.079881 0.000000
0.756929 -0.009037 0.096905 0.000000
0.218950 0.087849 -0.043368 0.000000
-0.781470 0.294085 0.004968 2.000000
-0.318120 -0.075910 0.045600 0.000000
0.209561 0.078460 0.071145 0.000000
-0.312663 0.101624 0.022863 0.000000
0.014265 -0.015698 -0.390920 1.000000
0.312091 -0.086476 0.351049 3.000000
0.365268 -0.029286 -0.275471 3.000000
0.009638 -0.010669 -0.436795 1.000000
0.260919 -0.014842 -0.106175 1.000000
0.457205 0.023945 -0.084562 0.000000
-0.132320 0.036383 0.733134 1.000000
0.676200 -0.064889 -0.049360 0.000000
-0.100703 0.008751 -0.571049 1.000000
0.397233 -0.131655 -0.258886 3.000000
0.008461 -0.021128 -0.336459 1.000000
0.019267 -0.039558 0.200718 1.000000
0.010173 0.024079 -0.084562 0.000000
-0.074275 0.003161 0.547013 1.000000
-0.036692 -0.009893 0.396389 1.000000
0.242302 -0.011712 0.207138 1.000000
0.101976 -0.084496 0.009702 0.000000
0.388433 -0.044934 -0.277744 3.000000
-0.750066 0.053877 -0.219057 2.000000
-0.730031 0.081777 0.006680 2.000000
-0.023344 -0.084496 0.014811 0.000000
0.250594 -0.084496 -0.003244 0.000000
0.290584 -0.020405 -0.280740 1.000000
-0.037334 0.092556 0.049452 0.000000
0.676495 0.037854 -0.080897 0.000000
0.046632 -0.026370 0.205506 1.000000
0.200306 -0.006228 0.296133 1.000000
0.001265 -0.001708 0.100489 0.000000
-0.073499 0.080840 -0.052623 0.000000
0.534697 -0.060663 0.070182 0.000000
-0.077511 0.027716 0.638442 1.000000
-0.017138 -0.042233 -0.150632 1.000000
-0.634964 0.046976 -0.035290 0.000000
0.828912 -0.158618 -0.008407 3.000000
0.045374 -0.138904 -0.163258 3.000000
0.351653 -0.045015 -0.290183 3.000000
-0.804180 0.037346 -0.090768 2.000000
-0.666154 0.028840 -0.053559 2.000000
0.060274 -0.130639 -0.118105 3.000000
-0.380392 0.021002 0.096717 0.000000
-0.751617 0.108124 0.007482 2.000000
-0.226451 0.050293 -0.873743 1.000000
0.155260 -0.003232 -0.238370 1.000000
-0.851606 0.053583 0.258069 2.000000
0.397822 -0.108464 -0.325839 3.000000
0.779854 0.026432 -0.078704 0.000000
0.180244 -0.028457 0.321705 1.000000
0.181448 -0.004383 -0.317788 1.000000
0.018625 -0.031827 0.264435 1.000000
0.035584 -0.024231 -0.214456 1.000000
0.082556 -0.037685 -0.217692 1.000000
0.017529 -0.141713 -0.153815 3.000000
0.001586 0.019183 0.519836 1.000000
-0.050735 0.101624 0.022970 0.000000
0.430161 -0.069303 0.058867 0.000000
0.038313 -0.077836 0.031824 0.000000
0.305484 0.026486 -0.084321 0.000000
-0.445072 -0.056463 0.041668 0.000000
0.024697 -0.033807 0.099713 0.000000
-0.024601 -0.009518 0.449004 1.000000
-0.154094 0.102855 0.005128 0.000000
-0.364316 0.102213 0.016202 0.000000
0.089457 -0.044185 0.181700 1.000000
0.098900 -0.127509 -0.118720 3.000000
0.316263 -0.107875 0.328793 3.000000
0.075922 -0.023562 -0.344484 1.000000
-0.022782 0.024079 -0.552432 1.000000
-0.059589 -0.083507 0.035114 0.000000
0.344832 0.043177 -0.079132 0.000000
-0.054748 -0.006068 -0.450865 1.000000
-0.006920 -0.054671 0.054534 0.000000
0.322977 -0.050605 0.271604 3.000000
-0.817447 0.044836 0.014705 0.000000
-0.400106 -0.051755 -0.048450 0.000000
-0.152302 0.046949 -0.820458 1.000000
0.333249 -0.030838 0.313279 3.000000
0.397153 -0.054644 -0.238129 3.000000
-0.046001 -0.042714 0.098724 0.000000
0.301284 -0.031078 0.179720 1.000000
0.281168 -0.042420 -0.168233 1.000000
0.191559 -0.009171 -0.172192 1.000000
0.444686 0.088972 0.056647 0.000000
0.158684 -0.053815 -0.104410 1.000000
0.087478 -0.054671 0.098215 0.000000
-0.001891 -0.038889 -0.144239 1.000000
-0.612094 0.142176 -0.002147 2.000000
0.299144 -0.065531 0.335400 3.000000
-0.275001 0.009687 0.101559 0.000000
0.081459 -0.083025 -0.054603 0.000000
0.697600 -0.052290 0.078394 0.000000
-0.541636 0.097291 0.016363 0.000000
-0.304264 0.063988 -0.068405 0.000000
-0.010130 0.014449 0.631995 1.000000
0.586296 -0.043436 -0.069957 0.000000
-0.628036 0.038978 -0.086541 2.000000
0.390278 0.100929 -0.011964 0.000000
-0.786686 0.050935 0.218426 2.000000
-0.352172 -0.080377 -0.002549 0.000000
0.928980 -0.039023 0.046670 0.000000
0.016994 -0.002029 -0.528224 1.000000
0.376583 -0.108169 -0.329424 3.000000
0.529026 0.026459 -0.084321 0.000000
0.039597 0.034350 0.097627 0.000000
0.971672 -0.033887 0.027277 0.000000
-0.011414 -0.007031 -0.461832 1.000000
-0.065875 0.029696 -0.622648 1.000000
-0.147407 0.091353 0.051913 0.000000
-0.106775 0.036651 0.714169 1.000000
0.061397 -0.028163 -0.161385 1.000000
-0.412224 0.102240 0.015400 0.000000
0.940456 -0.051675 0.004807 0.000000
0.795662 -0.088616 -0.028870 0.000000
0.756903 -0.002243 -0.082021 0.000000
-0.298567 -0.045683 0.083691 0.000000
0.012633 -0.015403 0.410164 1.000000
0.152264 0.001529 0.329034 1.000000
-0.731368 0.035233 -0.052730 2.000000
-0.310015 -0.084363 0.006359 0.000000
-0.128094 0.033200 -0.694497 1.000000
0.480289 0.101384 -0.009771 0.000000
-0.070851 0.010169 -0.601543 1.000000
-0.155672 0.025095 0.720615 1.000000
0.702843 -0.026665 -0.078409 0.000000
-0.292548 -0.035519 -0.073969 0.000000
0.024109 -0.008422 -0.333035 1.000000
0.043743 -0.084496 -0.041335 0.000000
0.564763 -0.065344 -0.048798 0.000000
0.818934 -0.053976 -0.051018 0.000000
0.235294 -0.039264 0.307769 1.000000
0.099996 -0.077889 0.031824 0.000000
0.377840 -0.039825 0.266602 3.000000
0.383003 -0.098968 0.349257 3.000000
0.178960 -0.002537 0.271095 1.000000
0.051313 -0.079280 -0.016271 0.000000
-0.832480 0.048126 0.206282 2.000000
0.824016 -0.130024 -0.006106 3.000000
-0.793908 0.050346 -0.237647 2.000000
-0.208823 0.049143 0.870518 1.000000
-0.789735 0.296546 0.009970 2.000000
0.268061 -0.058523 -0.084160 0.000000
0.174867 -0.033914 -0.283522 1.000000
-0.351557 0.041091 -0.078383 0.000000
-0.141281 -0.083961 0.013207 0.000000
0.152478 -0.006737 0.099981 0.000000
0.150098 -0.051274 -0.122760 1.000000
-0.787007 0.049036 -0.226359 2.000000
0.057117 0.015653 0.476850 1.000000
-0.015747 -0.079575 0.091234 0.000000
0.292804 0.069204 -0.064206 0.000000
-0.722675 0.284723 0.014410 2.000000
0.052195 -0.054671 -0.023172 0.000000
-0.220646 0.049276 -0.862428 1.000000
-0.465562 -0.060101 0.001544 0.000000
-0.758278 0.357614 0.009274 2.000000
0.085284 -0.005800 -0.285261 1.000000
0.487351 0.011533 -0.085819 0.000000
-0.619583 0.038737 -0.071481 2.000000
0.165077 -0.034689 -0.289701 1.000000
0.774584 0.092476 -0.020578 0.000000
0.149536 0.002144 -0.350556 1.000000
0.230907 -0.103034 -0.289781 3.000000
-0.442825 -0.037311 -0.053586 0.000000
0.001185 -0.047797 0.127800 1.000000
-0.033803 0.010142 -0.085953 0.000000
-0.210936 -0.064970 -0.049253 0.000000
-0.684878 0.250056 0.014544 2.000000
0.831426 -0.069062 -0.007551 0.000000
-0.442317 0.040797 0.088131 0.000000
-0.071546 -0.082945 -0.012526 0.000000
-0.408559 0.059013 -0.067496 0.000000
0.821448 -0.022866 -0.067549 0.000000
0.370029 -0.063900 -0.256612 3.000000
-0.677201 0.000539 -0.023279 0.000000
0.134021 0.001368 0.100810 0.000000
0.276487 -0.019014 -0.176285 1.000000
-0.133631 0.025389 0.737227 1.000000
-0.130929 0.019344 -0.660552 1.000000
-0.095941 0.025389 0.745144 1.000000
0.321801 -0.104264 -0.229168 3.000000
0.071214 -0.084496 -0.035209 0.000000
0.037082 -0.031266 0.275723 1.000000
0.301471 -0.028484 0.309079 1.000000
-0.683782 0.050560 0.040678 0.000000
-0.550758 0.141240 0.005744 2.000000
0.820994 -0.152466 0.027945 3.000000
-0.660135 0.042535 0.110467 2.000000
0.181902 -0.076365 -0.276835 3.000000
0.212049 -0.048492 0.184187 1.000000
-0.427685 0.099752 -0.014853 0.000000
0.256131 -0.119859 -0.274588 3.000000
0.322603 -0.046539 -0.299652 3.000000
-0.026902 -0.000771 -0.419140 1.000000
-0.203767 0.099431 0.031931 0.000000
0.110161 -0.125235 0.143127 3.000000
-0.322587 -0.041323 -0.071080 0.000000
0.364947 -0.121330 -0.238851 3.000000
-0.834727 0.058558 0.323149 2.000000
0.053881 -0.141098 -0.158202 3.000000
0.249711 -0.079628 0.329382 3.000000
-0.009328 0.006718 -0.085765 0.000000
0.019909 -0.044426 -0.143731 1.000000
0.091383 0.010383 -0.377439 1.000000
0.833272 0.033548 -0.065088 0.000000
0.082690 -0.011444 0.271497 1.000000
0.280848 -0.041430 -0.295345 3.000000
0.645840 -0.048760 0.081230 0.000000
-0.823733 0.052700 -0.249444 2.000000
-0.198899 0.048768 -0.843837 1.000000
-0.119909 0.028225 -0.756367 1.000000
0.300348 -0.116328 -0.319527 3.000000
-0.143796 -0.029099 0.092732 0.000000
-0.148290 -0.067056 0.062238 0.000000
-0.012912 -0.036428 0.216153 1.000000
0.402530 -0.096828 -0.232645 3.000000
0.007872 0.023116 0.579487 1.000000
-0.763066 0.029589 0.042764 2.000000
0.133299 0.068134 -0.065062 0.000000
0.006695 0.090069 0.054454 0.000000
0.104865 0.008724 0.428942 1.000000
0.048558 -0.010241 -0.461779 1.000000
0.241820 -0.053681 -0.129902 1.000000
0.792078 0.089801 0.036371 0.000000
0.156838 -0.054939 -0.094566 1.000000
0.061584 -0.045710 0.161584 1.000000
0.021782 0.000192 0.398074 1.000000
-0.490224 -0.015938 -0.061691 0.000000
-0.627555 0.216967 0.010211 2.000000
-0.425652 0.043070 -0.073327 0.000000
0.120433 -0.010481 0.433409 1.000000
-0.334357 0.027770 0.099740 0.000000
-0.827960 0.047992 -0.195999 2.000000
0.633455 -0.016500 0.097386 0.000000
0.161493 0.068883 0.080026 0.000000
0.174573 -0.021021 -0.109278 1.000000
0.522954 -0.070828 -0.040292 0.000000
-0.711199 0.089480 0.005316 2.000000
0.082690 0.011881 0.440712 1.000000
0.115725 -0.030356 -0.096144 1.000000
0.031251 -0.017891 -0.377947 1.000000
0.089618 -0.023161 -0.171309 1.000000
0.510409 -0.077756 -0.025660 0.000000
0.748691 0.069900 -0.060594 0.000000
0.238049 -0.069651 0.270159 3.000000
-0.091341 0.029856 0.662784 1.000000
0.890863 0.053850 -0.037109 0.000000
-0.350915 -0.004784 -0.083010 0.000000
-0.024922 -0.035385 0.220967 1.000000
-0.011120 0.011239 -0.469536 1.000000
0.202606 -0.069758 0.306939 3.000000
-0.622740 0.035153 -0.042405 0.000000
-0.761006 0.054680 -0.228927 2.000000
0.656139 0.017846 0.100730 0.000000
-0.094417 0.000352 0.501593 1.000000
0.379846 -0.035652 -0.257468 3.000000
0.611788 -0.075134 -0.031625 0.000000
-0.143314 0.027930 -0.739917 1.000000
-0.019760 -0.084496 -0.045802 0.000000
0.334747 0.061955 0.085590 0.000000
-0.722862 0.049330 -0.171015 2.000000
0.039944 -0.047663 -0.084160 0.000000
-0.817367 0.057301 0.281902 2.000000
0.169972 -0.002858 0.354392 1.000000
0.279269 0.091005 0.052581 0.000000
-0.056406 0.018755 -0.550746 1.000000
-0.649730 0.242566 0.005770 2.000000
-0.050923 -0.007994 -0.401887 1.000000
-0.695765 0.034511 -0.025794 0.000000
-0.627474 0.033360 -0.068860 2.000000
0.828163 -0.132190 0.007241 0.000000
-0.720695 0.045478 -0.137284 2.000000
0.377064 -0.130906 0.326413 3.000000
-0.532622 0.062223 -0.054496 0.000000
-0.596954 0.039593 -0.047487 0.000000
0.176713 -0.084496 0.033375 0.000000
0.025072 -0.019282 -0.361683 1.000000
0.547911 -0.082517 -0.011322 0.000000
-0.622365 0.085468 -0.009985 0.000000
0.158844 0.000352 -0.270469 1.000000
0.846191 -0.017035 -0.063965 0.000000
-0.686189 0.255539 0.001731 2.000000
0.357644 -0.131949 0.268527 3.000000
0.018786 -0.150674 -0.132496 3.000000
0.081486 -0.026049 -0.157935 1.000000
0.336432 -0.112155 0.325664 3.000000
-0.814986 0.049891 0.217089 2.000000
0.270683 -0.077114 0.251783 3.000000
0.050270 -0.051943 0.107578 1.000000
-0.352707 -0.037819 -0.069850 0.000000
-0.718796 0.042348 0.125473 2.000000
0.229569 -0.079173 0.092224 0.000000
0.318992 0.027208 0.099794 0.000000
0.244522 -0.084496 -0.055592 0.000000
0.070679 -0.011337 -0.265600 1.000000
-0.485008 0.057889 -0.063992 0.000000
0.654239 -0.084443 0.008338 0.000000
-0.228189 0.051416 0.899674 1.000000
-0.071279 -0.000343 -0.460200 1.000000
-0.362711 0.062544 -0.068245 0.000000
-0.123226 0.028358 0.776120 1.000000
0.158229 -0.035786 -0.264209 1.000000
0.033444 -0.027574 -0.192040 1.000000
0.311556 -0.122614 -0.317226 3.000000
-0.766249 0.344186 0.013287 2.000000
-0.624398 -0.026344 0.011709 0.000000
-0.745412 0.039005 -0.135198 2.000000
-0.154469 0.022260 -0.675665 1.000000
-0.164580 0.047966 -0.814253 1.000000
-0.075452 -0.002162 -0.478390 1.000000
0.002121 0.020949 0.100436 0.000000
-0.454300 0.096622 0.038003 0.000000
0.632011 -0.077461 0.042069 0.000000
0.234411 0.098334 -0.019668 0.000000
-0.124804 0.034537 0.716683 1.000000
0.644075 0.101731 0.021633 0.000000
0.046257 -0.021689 0.240120 1.000000
0.019107 0.006183 0.580450 1.000000
0.588624 -0.083640 0.016497 0.000000
0.433853 -0.033272 0.090645 0.000000
0.180271 -0.026049 -0.289059 1.000000
0.333811 0.086645 -0.045374 0.000000
-0.148637 0.033280 0.812980 1.000000
-0.285379 0.076320 -0.058267 0.000000
0.103634 -0.033726 0.278692 1.000000
0.361309 0.093172 -0.032695 0.000000
0.371714 -0.084496 0.008659 0.000000
0.034113 -0.032309 -0.248909 1.000000
0.327124 -0.073208 -0.226011 3.000000
0.108208 -0.000985 0.309668 1.000000
0.213038 -0.064114 -0.084160 0.000000
-0.781496 0.058371 -0.272234 2.000000
0.127949 0.092048 0.050495 0.000000
0.169223 -0.064756 0.099713 0.000000
-0.204195 -0.045041 0.084199 0.000000
-0.004459 0.013727 0.493809 1.000000
0.208250 0.018568 -0.085123 0.000000
0.293045 -0.039076 0.269464 3.000000
0.058803 -0.027922 0.182609 1.000000
0.795876 -0.063819 0.059509 0.000000
0.127227 -0.006068 -0.246501 1.000000
-0.029523 -0.000959 0.528423 1.000000
0.215446 0.102052 -0.002870 0.000000
0.021701 0.017418 0.491963 1.000000
0.205014 -0.049107 0.175494 1.000000
0.233715 -0.041510 -0.210818 1.000000
0.260331 -0.014574 -0.134770 1.000000
0.415449 0.031622 -0.082984 0.000000
0.642577 0.070114 -0.063483 0.000000
-0.235224 0.050186 -0.878584 1.000000
-0.345137 0.074180 -0.059738 0.000000
0.139291 -0.010321 0.228350 1.000000
0.732293 0.099725 0.028962 0.000000
0.056556 -0.028323 -0.289728 1.000000
0.193485 -0.084496 -0.021086 0.000000
0.045455 -0.114990 -0.142072 1.000000
0.577817 0.099110 -0.017341 0.000000
-0.187156 0.085602 0.062238 0.000000
0.630486 0.094696 0.045145 0.000000
0.255382 -0.113091 -0.303370 3.000000
0.332875 -0.108357 -0.230425 3.000000
-0.064324 0.102587 0.013260 0.000000
0.083893 -0.029741 0.296480 1.000000
0.275765 -0.033138 -0.284512 3.000000
0.017395 -0.009278 0.351691 1.000000
0.033979 0.069499 -0.063965 0.000000
-0.027811 0.005060 -0.451962 1.000000
-0.030566 0.098762 -0.018384 0.000000
-0.551881 -0.009679 0.066009 0.000000
-0.778099 0.040449 -0.138461 2.000000
-0.003175 0.024774 0.599308 1.000000
-0.688035 -0.012033 0.013019 0.000000
0.295747 -0.084496 0.045145 0.000000
0.046979 0.017150 0.494291 1.000000
0.424651 -0.057801 -0.058214 0.000000
-0.659279 0.048715 0.045439 0.000000
0.276461 -0.094447 0.344174 3.000000
-0.425598 0.074447 0.071466 0.000000
0.236069 -0.020405 0.307876 1.000000
-0.075880 0.018862 -0.085097 0.000000
-0.026875 -0.026477 -0.275604 1.000000
-0.099740 -0.079173 -0.021407 0.000000
-0.786044 0.308770 0.010157 2.000000
0.085899 0.035393 0.097279 0.000000
-0.198257 -0.030864 0.091849 0.000000
0.475876 0.067038 -0.065944 0.000000
-0.252558 -0.004169 -0.084695 0.000000
0.104918 -0.065050 -0.082689 0.000000
0.181020 0.096596 -0.024858 0.000000
-0.097760 0.006183 0.565015 1.000000
0.794967 -0.103729 0.044851 0.000000
-0.642026 0.013085 -0.038072 0.000000
0.078918 -0.020700 0.216581 1.000000
0.058321 -0.069758 -0.133459 1.000000
0.074424 -0.075937 -0.142875 1.000000
0.487324 0.009607 0.101559 0.000000
-0.014437 0.069231 -0.064179 0.000000
0.232940 -0.103836 0.288375 3.000000
-0.111563 0.025122 -0.732668 1.000000
-0.387802 -0.045871 0.071520 0.000000
-0.388390 0.078807 0.069032 0.000000
0.121877 -0.043784 -0.084160 0.000000
-0.701409 0.012362 -0.023814 0.000000
-0.839836 0.056365 0.279869 2.000000
0.094887 -0.024899 -0.340364 1.000000
0.007310 -0.012514 0.435335 1.000000
0.002469 -0.041912 -0.159459 1.000000
0.759631 0.048929 0.088318 0.000000
-0.272941 0.062250 -0.069796 0.000000
-0.728693 0.051202 -0.189579 2.000000
0.120994 -0.000022 -0.287000 1.000000
0.043876 -0.031132 -0.262123 1.000000
0.057920 -0.106484 -0.132657 1.000000
0.329504 -0.026130 -0.084160 0.000000
-0.800140 0.047832 -0.207742 2.000000
-0.017700 -0.005988 0.485998 1.000000
0.815162 0.059922 -0.056074 0.000000
-0.481130 0.034190 -0.071027 0.000000
-0.053437 0.005087 -0.558985 1.000000
-0.770583 0.040984 0.163350 2.000000
-0.086954 0.008671 0.593798 1.000000
-0.194432 0.097880 0.036585 0.000000
-0.027544 -0.038113 -0.177194 1.000000
0.070813 -0.067939 0.098242 0.000000
-0.138927 0.044916 -0.792158 1.000000
0.027773 -0.064301 0.099713 0.000000
-0.524169 0.068001 -0.052784 0.000000
-0.115147 0.020708 0.701329 1.000000
-0.204008 0.054198 0.902403 1.000000
-0.236161 0.046922 0.893495 1.000000
-0.476796 0.101571 -0.005545 0.000000
0.113986 -0.030704 0.310363 1.000000
-0.665244 0.041760 0.145107 2.000000
0.412587 0.086351 0.061302 0.000000
-0.240280 -0.004383 -0.084669 0.000000
0.002228 -0.023134 0.277087 1.000000
0.302060 -0.114616 0.321090 3.000000
-0.800087 0.310455 0.009595 2.000000
0.096947 -0.024792 -0.152478 1.000000
0.079827 -0.017650 -0.403412 1.000000
0.618181 0.027074 -0.084267 0.000000
0.078329 -0.021021 0.386786 1.000000
0.326107 0.000165 0.100676 0.000000
-0.787782 0.235397 0.006974 2.000000
0.800477 0.057916 -0.061236 0.000000
-0.056914 0.032799 0.691084 1.000000
0.037617 0.000539 0.385421 1.000000
0.674248 0.098602 -0.018866 0.000000
-0.178650 0.036276 -0.802858 1.000000
0.067496 -0.006335 0.100034 0.000000
0.594134 0.102668 0.003176 0.000000
-0.210883 -0.007432 0.099927 0.000000
0.709771 -0.083426 -0.003030 0.000000
-0.096289 0.045638 -0.078195 0.000000
0.139960 -0.021930 0.377477 1.000000
0.197631 -0.044292 0.218212 1.000000
-0.132053 0.017980 0.662703 1.000000
-0.776548 0.034858 -0.078169 2.000000
0.249524 0.062437 0.085189 0.000000
-0.796717 0.041920 -0.145389 2.000000
-0.173782 0.081322 0.067588 0.000000
0.276273 0.091567 -0.035905 0.000000
-0.487897 -0.034395 0.062800 0.000000
-0.596847 0.119921 0.018128 2.000000
0.311074 -0.084496 -0.028923 0.000000
-0.001169 -0.005105 -0.484836 1.000000
0.079613 -0.084496 0.069621 0.000000
-0.730887 0.043044 -0.119416 2.000000
0.005919 -0.128820 -0.133700 3.000000
-0.644273 0.035019 0.053143 0.000000
-0.191490 0.043525 0.889242 1.000000
0.420077 -0.051541 -0.063457 0.000000
-0.740597 0.341538 0.008873 2.000000
0.058134 -0.058229 -0.086514 1.000000
0.049226 -0.081019 -0.140735 1.000000
-0.287840 -0.061679 -0.053372 0.000000
-0.709140 0.036758 0.137965 2.000000
0.901429 0.012389 -0.051179 0.000000
0.831399 -0.066574 0.023532 0.000000
-0.299128 -0.071630 0.054186 0.000000
0.255944 -0.014226 0.108407 1.000000
0.099649 0.009179 -0.369173 1.000000
-0.818999 0.046842 0.203340 2.000000
-0.135664 0.020788 0.689212 1.000000
-0.108059 0.066128 -0.066693 0.000000
-0.037147 -0.084496 -0.008969 0.000000
0.024269 -0.025889 0.315820 1.000000
0.167645 -0.084496 0.068042 0.000000
0.370029 -0.048465 0.307314 3.000000
0.348603 -0.135454 -0.302113 3.000000
0.594963 -0.073262 -0.035397 0.000000
0.177382 0.062999 0.084734 0.000000
0.103554 -0.029340 0.131759 1.000000
-0.082781 -0.003767 -0.452416 1.000000
-0.098616 0.038978 0.754533 1.000000
-0.528957 -0.046673 0.019760 0.000000
-0.816725 0.052700 0.268287 2.000000
0.338091 -0.139894 0.296159 3.000000
-0.016175 -0.020726 -0.328702 1.000000
0.292751 -0.117478 0.278746 3.000000
0.098953 -0.000878 -0.303236 1.000000
0.282907 -0.031560 -0.187840 1.000000
0.789135 0.075785 0.063442 0.000000
0.063537 -0.037926 -0.208731 1.000000
