-0.711605 0.046229 -0.057231 0.000000
0.095225 -0.026096 -0.347634 1.000000
0.055293 -0.049468 0.137772 1.000000
0.106399 -0.105422 0.033377 0.000000
-0.112783 -0.018610 -0.472412 1.000000
0.692781 -0.072760 -0.062535 0.000000
0.236697 0.046794 -0.088169 0.000000
-0.400872 -0.047987 -0.065740 0.000000
0.687180 0.046094 0.069109 0.000000
0.309453 -0.093520 0.281291 3.000000
0.191972 -0.119908 0.218983 3.000000
-0.179535 0.005731 -0.761766 1.000000
0.258750 -0.055554 -0.090324 0.000000
-0.348041 -0.029893 0.067009 0.000000
-0.312714 -0.080407 -0.008467 0.000000
0.229319 0.033439 -0.092774 0.000000
0.324559 -0.115116 -0.247144 3.000000
0.014095 -0.031939 0.346319 1.000000
0.382020 -0.075560 -0.055130 0.000000
-0.712628 0.261023 -0.014579 2.000000
0.407385 0.083253 -0.062697 0.000000
0.684272 -0.004070 0.077806 0.000000
0.180313 -0.056065 0.098513 1.000000
-0.239123 -0.074672 -0.043337 0.000000
0.272752 -0.134826 -0.291304 3.000000
-0.820523 0.114219 -0.200911 2.000000
-0.181177 0.007535 -0.784896 1.000000
0.029120 -0.039721 0.253206 1.000000
0.068110 -0.053157 -0.200346 1.000000
-0.061731 -0.003855 0.571533 1.000000
-0.918132 0.131021 -0.286834 2.000000
0.148755 -0.060131 0.053007 0.000000
-0.385604 -0.028493 0.066255 0.000000
-0.368775 0.075606 -0.078503 0.000000
0.171239 -0.055015 -0.255007 3.000000
0.877120 0.023395 -0.066924 0.000000
0.183113 -0.120097 0.250110 3.000000
-0.552738 0.054441 0.067790 0.000000
0.273237 -0.074618 0.212924 3.000000
-0.612030 0.024203 -0.075433 0.000000
0.172881 -0.058408 0.064989 1.000000
-0.552091 0.121327 0.004647 2.000000
-0.058230 -0.045349 0.125197 1.000000
0.432373 -0.047718 -0.080549 0.000000
0.163349 -0.104372 -0.242863 3.000000
-0.031573 -0.044945 -0.116765 1.000000
-0.764462 0.111176 -0.103491 2.000000
-0.826662 0.126201 -0.225926 2.000000
-0.067816 -0.009698 -0.611435 1.000000
0.399415 -0.004878 -0.094201 0.000000
0.231231 -0.113311 -0.308591 3.000000
0.236967 -0.066540 -0.063424 0.000000
0.359213 0.088234 0.041132 0.000000
0.186129 -0.054827 -0.242001 3.000000
-0.164644 0.089446 0.047191 0.000000
0.291681 -0.106553 0.018864 0.000000
-0.046813 -0.019876 -0.090081 0.000000
0.280453 -0.045322 0.249194 3.000000
-0.180396 -0.035817 -0.083430 0.000000
-0.042290 -0.027254 0.381620 1.000000
-0.271139 0.107622 -0.037844 0.000000
0.281907 -0.092416 0.278464 3.000000
0.094363 -0.026554 -0.296420 1.000000
0.287562 -0.053642 0.242517 3.000000
-0.729780 0.138587 -0.001627 2.000000
-0.061004 -0.097721 -0.042610 0.000000
-0.289288 0.027272 -0.094282 0.000000
0.492150 -0.090451 -0.025053 0.000000
0.184944 -0.042737 -0.303232 3.000000
0.387810 -0.094759 0.029392 0.000000
-0.237588 0.033008 -0.093474 0.000000
-0.910727 0.131694 0.285491 2.000000
-0.720652 0.054441 -0.055911 0.000000
0.218791 -0.045941 0.127594 1.000000
0.220811 -0.046399 -0.079661 0.000000
0.278568 -0.113473 0.225095 3.000000
-0.087796 -0.009375 0.591890 1.000000
0.396480 -0.068559 -0.063370 0.000000
-0.075598 -0.017560 0.074279 0.000000
-0.166287 0.010255 0.078614 0.000000
-0.779756 0.092920 0.036851 2.000000
-0.110979 -0.004528 0.644235 1.000000
0.347689 0.065697 0.061570 0.000000
0.058578 -0.085065 0.144908 1.000000
0.927554 0.022749 0.008605 0.000000
0.019103 -0.016133 -0.430703 1.000000
-0.200807 0.022318 0.078156 0.000000
0.032109 -0.082238 0.072044 0.000000
0.099964 0.099086 0.029715 0.000000
-0.038304 -0.048795 -0.196334 1.000000
0.162218 -0.037163 0.093747 1.000000
-0.413419 0.081637 0.058392 0.000000
0.607181 0.102075 0.000419 0.000000
-0.034400 -0.044406 0.156486 1.000000
0.159687 0.061496 0.065986 0.000000
-0.696364 0.115484 0.000069 2.000000
0.121801 -0.040636 -0.287184 1.000000
0.226600 -0.107549 0.293219 3.000000
-0.635079 0.059908 -0.071340 0.000000
-0.053572 -0.003074 -0.596840 1.000000
0.716261 0.007831 -0.093124 0.000000
-0.828601 0.428452 -0.011375 2.000000
0.052923 -0.032747 -0.365164 1.000000
0.824613 0.049056 0.050610 0.000000
-0.211873 -0.059862 -0.064689 0.000000
-0.854289 0.120196 -0.187690 2.000000
-0.838618 0.111741 0.161117 2.000000
-0.134756 -0.038940 0.065178 0.000000
0.109577 -0.051272 0.136668 1.000000
-0.070266 -0.080865 -0.034558 0.000000
0.820251 -0.007490 -0.085046 0.000000
-0.187236 -0.084069 -0.011375 0.000000
-0.534939 0.106518 -0.048156 0.000000
-0.387354 0.000023 0.076702 0.000000
-0.031896 -0.035413 0.230453 1.000000
0.275364 -0.107415 0.010059 0.000000
0.827010 0.061550 -0.055319 0.000000
0.013799 -0.104291 -0.015656 0.000000
-0.004215 -0.035493 0.292708 1.000000
-0.805310 0.116696 0.134783 2.000000
-0.847100 0.124531 -0.268605 2.000000
0.165934 -0.048607 0.257299 3.000000
-0.355554 0.028188 -0.094686 0.000000
0.546246 -0.026042 0.073983 0.000000
0.529713 -0.070310 0.046760 0.000000
-0.406365 -0.065678 0.019726 0.000000
0.635912 0.066639 0.058500 0.000000
-0.807733 0.066693 -0.035905 0.000000
0.206270 0.105925 0.007986 0.000000
-0.869099 0.406615 -0.006393 2.000000
-0.187909 0.015398 -0.853586 1.000000
0.429519 -0.086816 -0.035097 0.000000
0.713783 0.005381 0.076999 0.000000
0.120347 -0.030431 0.281587 1.000000
0.200535 -0.090074 -0.331344 3.000000
-0.805983 0.110691 -0.107341 2.000000
0.191703 -0.056442 0.096736 1.000000
-0.054622 -0.030297 -0.312172 1.000000
0.181525 -0.037324 0.082949 1.000000
0.330752 -0.104506 -0.020907 0.000000
-0.725687 0.067043 0.037201 0.000000
0.212006 -0.088216 -0.245556 3.000000
-0.437761 0.108268 -0.042206 0.000000
-0.475297 0.080506 0.059658 0.000000
-0.096601 0.001719 0.724584 1.000000
-0.055591 -0.011610 0.483645 1.000000
0.685591 -0.015245 -0.092989 0.000000
-0.455129 -0.023753 -0.079634 0.000000
0.008117 -0.083531 -0.087819 0.000000
0.626730 0.080264 -0.062993 0.000000
-0.528800 0.034327 0.073471 0.000000
-0.027884 -0.050249 0.076891 1.000000
0.853613 -0.085550 -0.022792 0.000000
0.208801 -0.062178 0.268824 3.000000
-0.598513 0.114999 -0.013475 0.000000
0.178643 -0.058246 0.261257 3.000000
-0.680370 0.099490 -0.041990 0.000000
0.145604 -0.065786 -0.255357 3.000000
-0.030819 0.068955 0.062539 0.000000
-0.098108 0.068470 -0.079957 0.000000
0.147355 0.090308 0.041752 0.000000
-0.183574 0.016206 -0.839880 1.000000
-0.471231 0.088584 0.053761 0.000000
0.174362 -0.095190 -0.242944 3.000000
0.229535 0.101240 -0.038194 0.000000
-0.473573 -0.028896 -0.073091 0.000000
0.172800 -0.056981 0.084350 1.000000
-0.862232 0.310191 -0.009167 2.000000
-0.040943 -0.003316 -0.596571 1.000000
-0.014017 0.092220 0.041859 0.000000
-0.271731 -0.047449 -0.074814 0.000000
0.322189 -0.123220 0.255468 3.000000
0.186533 -0.051326 0.157132 1.000000
-0.028799 -0.011825 -0.489592 1.000000
0.064528 -0.042306 -0.251291 1.000000
-0.776067 0.198526 -0.003727 2.000000
0.595333 0.017040 0.077618 0.000000
0.614209 0.010847 0.078318 0.000000
0.039729 -0.147427 -0.162783 1.000000
0.041722 -0.116220 0.137583 1.000000
0.295182 -0.080434 -0.314622 3.000000
-0.106833 -0.020818 -0.446347 1.000000
-0.093666 -0.014733 -0.091751 0.000000
0.346746 -0.063766 -0.068190 0.000000
-0.394032 -0.071198 -0.020799 0.000000
0.068890 -0.043571 -0.237074 1.000000
-0.221002 -0.045699 -0.076402 0.000000
-0.220140 0.025226 0.837326 1.000000
0.122851 0.000454 -0.094416 0.000000
0.787616 -0.122197 -0.006905 0.000000
0.066494 -0.061451 -0.169649 1.000000
-0.776848 0.116750 -0.148404 2.000000
0.110007 -0.056254 0.073794 0.000000
-0.062888 -0.032801 0.278383 1.000000
0.179613 -0.050707 0.242759 3.000000
-0.850573 0.115646 0.139522 2.000000
-0.055780 -0.070067 0.068624 0.000000
0.197788 0.070382 0.059658 0.000000
0.488138 -0.069933 0.046598 0.000000
0.227865 -0.054234 0.057881 0.000000
0.614586 0.062789 -0.077803 0.000000
0.253715 -0.061828 0.223049 3.000000
0.161222 -0.053669 -0.283711 3.000000
-0.487252 0.115969 -0.000954 0.000000
0.289824 -0.131999 -0.300297 3.000000
0.864572 0.063085 0.017302 0.000000
0.259773 -0.032155 0.249544 1.000000
0.129341 -0.102137 0.051741 0.000000
0.153548 -0.050168 -0.180662 1.000000
0.199000 -0.103726 -0.242082 3.000000
-0.066820 -0.021438 -0.405877 1.000000
0.137500 -0.084769 0.015229 0.000000
0.671212 0.094751 0.023818 0.000000
0.264459 -0.118778 0.200646 3.000000
0.279511 -0.105664 0.264839 3.000000
0.039514 -0.069044 0.099051 1.000000
-0.606779 0.004896 0.052980 0.000000
-0.762954 0.263850 -0.013663 2.000000
-0.770009 0.294142 -0.013421 2.000000
0.459811 0.103529 -0.019453 0.000000
-0.099886 -0.032693 -0.085154 0.000000
-0.059603 -0.039532 0.313980 1.000000
-0.192863 0.007508 -0.777949 1.000000
-0.390586 -0.028143 -0.082542 0.000000
0.957658 0.000723 -0.016948 0.000000
0.090163 -0.026877 0.349577 1.000000
0.278622 -0.074699 -0.248544 3.000000
-0.086395 -0.037378 -0.083188 0.000000
-0.113187 -0.068936 0.039140 0.000000
0.196253 -0.049738 -0.296070 3.000000
-0.476508 -0.035467 -0.067274 0.000000
0.169865 0.103125 -0.035743 0.000000
-0.803075 0.108941 -0.003431 0.000000
0.553274 0.098305 0.019402 0.000000
-0.167202 0.099974 -0.051441 0.000000
-0.154143 0.043644 -0.091104 0.000000
0.050742 -0.103860 0.119031 1.000000
0.217526 -0.043437 0.071155 0.000000
-0.299627 -0.034416 0.066012 0.000000
0.071287 -0.038455 -0.123012 1.000000
0.031947 -0.058974 -0.203038 1.000000
-0.741978 0.088127 0.012967 2.000000
0.972037 -0.049765 -0.018753 0.000000
-0.045521 -0.079195 -0.084723 0.000000
0.027774 -0.050707 0.107587 1.000000
-0.325719 -0.000623 -0.093474 0.000000
-0.912666 0.139260 -0.363252 2.000000
-0.486767 0.114811 -0.024030 0.000000
-0.783337 0.089338 -0.036659 0.000000
-0.245424 0.012194 -0.095251 0.000000
0.168896 0.089715 0.042129 0.000000
0.719330 -0.014895 -0.091831 0.000000
0.308134 0.013325 -0.094982 0.000000
-0.595982 0.000534 -0.069455 0.000000
0.309157 0.104175 0.011136 0.000000
0.695985 -0.023323 -0.091616 0.000000
-0.855851 0.113061 0.161925 2.000000
-0.191221 0.010336 -0.816723 1.000000
0.192107 -0.027012 0.072044 0.000000
-0.625117 0.195133 -0.014390 2.000000
0.179101 -0.065490 -0.316211 3.000000
0.128802 -0.059647 0.242274 3.000000
-0.019213 0.106895 -0.032727 0.000000
-0.684759 0.208920 -0.015521 2.000000
0.067813 -0.059808 -0.283845 3.000000
-0.085615 -0.010990 0.504459 1.000000
0.125329 0.022722 0.077645 0.000000
0.067086 -0.122036 -0.162325 1.000000
0.270813 -0.115735 -0.270167 3.000000
0.050930 -0.103160 -0.062024 0.000000
-0.021664 -0.036140 0.314491 1.000000
0.680744 -0.057089 -0.076133 0.000000
0.034478 -0.104560 -0.011563 0.000000
-0.099805 0.004331 0.736620 1.000000
-0.053464 -0.033232 0.295374 1.000000
0.168465 -0.087381 -0.086958 0.000000
0.225630 -0.116166 -0.272778 3.000000
0.112619 -0.037486 0.101556 1.000000
0.749273 0.027596 0.070940 0.000000
-0.778760 0.110045 -0.096894 2.000000
0.159822 -0.037755 0.071748 1.000000
-0.843842 0.104417 -0.078637 2.000000
-0.538682 0.129836 0.004135 2.000000
-0.917540 0.136675 0.324750 2.000000
-0.089142 0.004385 0.672535 1.000000
-0.067816 -0.023053 0.423464 1.000000
-0.073417 -0.093655 0.040809 0.000000
-0.666610 0.177496 -0.016329 2.000000
0.026481 -0.030620 0.366756 1.000000
-0.595147 0.106383 -0.042421 0.000000
0.014068 -0.033986 0.210770 1.000000
0.929358 0.015909 -0.042960 0.000000
0.985850 0.001504 -0.008978 0.000000
-0.865706 0.116534 0.151370 2.000000
-0.224933 0.105548 0.859109 1.000000
0.011429 -0.020765 0.481894 1.000000
-0.013532 -0.051380 0.069136 1.000000
-0.181042 0.010928 0.812392 1.000000
0.044441 -0.078280 -0.180824 1.000000
0.002247 -0.033474 0.321600 1.000000
0.795856 -0.001593 0.071425 0.000000
0.540726 -0.047045 -0.081922 0.000000
0.177351 -0.098152 0.208024 3.000000
0.248760 -0.071387 -0.058012 0.000000
-0.167283 -0.000300 -0.672504 1.000000
0.143666 -0.080272 0.024976 0.000000
-0.664456 0.053822 0.050287 0.000000
0.112269 -0.048149 -0.194180 1.000000
0.226573 -0.024480 -0.289473 3.000000
0.043095 -0.104668 -0.001708 0.000000
0.061163 -0.048230 -0.173581 1.000000
-0.132817 0.057053 -0.086096 0.000000
-0.146442 0.006027 0.763924 1.000000
-0.078102 -0.010613 0.580177 1.000000
0.640435 -0.053534 -0.078341 0.000000
0.254280 0.056461 -0.084561 0.000000
-0.579126 0.111041 0.016710 0.000000
0.275229 -0.035709 0.250810 3.000000
0.057150 -0.048284 0.154305 1.000000
0.140165 -0.087300 -0.243186 3.000000
-0.631256 0.079779 -0.064824 0.000000
0.929493 -0.049684 -0.047887 0.000000
0.178724 -0.046318 -0.278810 3.000000
-0.289853 -0.023323 -0.087496 0.000000
0.048669 -0.032505 0.211012 1.000000
0.007686 -0.026419 -0.429518 1.000000
0.508549 0.015909 -0.094389 0.000000
-0.297500 0.021376 0.078506 0.000000
-0.465011 -0.059970 -0.026965 0.000000
-0.898691 0.137537 -0.321381 2.000000
-0.042155 -0.026258 0.326070 1.000000
-0.034427 -0.100925 0.000850 0.000000
0.100475 0.088558 0.044444 0.000000
-0.046679 -0.016672 -0.532001 1.000000
0.710956 -0.018610 0.075221 0.000000
0.572338 -0.075910 -0.057446 0.000000
-0.236834 0.018333 -0.095197 0.000000
-0.122558 0.005462 -0.780211 1.000000
0.018753 -0.031024 0.359324 1.000000
0.230316 -0.057600 0.221056 3.000000
-0.087580 -0.012337 0.554058 1.000000
-0.481221 -0.052969 0.022095 0.000000
0.158448 -0.046883 0.204362 1.000000
0.005182 -0.042064 0.211551 1.000000
-0.851812 0.432195 -0.010971 2.000000
-0.593370 0.119873 0.003893 2.000000
0.972521 -0.022623 -0.038786 0.000000
-0.132036 0.010120 0.744025 1.000000
0.187933 -0.037298 0.253314 3.000000
0.049773 -0.143658 -0.162783 1.000000
-0.083864 0.050833 0.071640 0.000000
-0.224987 0.077194 0.852135 1.000000
-0.071182 -0.023565 0.504701 1.000000
0.165934 -0.126129 0.276094 3.000000
-0.306251 0.110934 0.015363 0.000000
0.184594 -0.092228 0.207458 3.000000
0.516169 -0.091016 -0.023303 0.000000
0.987089 -0.013925 -0.006555 0.000000
0.617009 0.014832 -0.094363 0.000000
0.072633 0.093808 -0.055319 0.000000
0.237074 -0.039236 -0.085504 1.000000
-0.520210 0.076144 -0.078745 0.000000
0.793728 0.060150 -0.065605 0.000000
0.297767 -0.086519 0.069486 0.000000
-0.857278 0.133875 -0.288827 2.000000
-0.720033 0.104310 -0.101283 2.000000
0.338588 0.102425 -0.032808 0.000000
0.062778 -0.034740 -0.343811 1.000000
-0.110764 0.025226 0.077672 0.000000
0.415894 0.067986 0.059442 0.000000
-0.049694 -0.012283 0.568706 1.000000
-0.239823 0.089554 -0.064689 0.000000
-0.820011 0.116534 0.200861 2.000000
-0.741574 0.088881 -0.034478 2.000000
0.287023 -0.003828 -0.094147 0.000000
0.882667 -0.001216 0.055026 0.000000
-0.175226 0.000373 0.675039 1.000000
0.172962 -0.117027 0.285815 3.000000
-0.158209 0.012651 0.777495 1.000000
-0.128886 -0.013952 0.505886 1.000000
0.090916 -0.035305 -0.163564 1.000000
0.013610 -0.033636 -0.232604 1.000000
-0.004377 -0.020603 0.480090 1.000000
-0.055807 -0.020845 -0.475159 1.000000
-0.110683 -0.004016 -0.602791 1.000000
0.236805 -0.135068 0.233685 3.000000
0.659095 -0.090397 -0.033535 0.000000
-0.669411 0.240316 -0.001789 2.000000
-0.045386 -0.039559 -0.205866 1.000000
0.309749 -0.104937 0.039436 0.000000
0.145604 -0.054961 -0.257565 3.000000
-0.569836 0.048787 0.066120 0.000000
-0.031384 -0.034443 0.292169 1.000000
-0.182658 0.044263 0.839965 1.000000
0.686022 -0.077714 0.040271 0.000000
0.352051 0.103017 -0.031166 0.000000
-0.233684 -0.057412 0.050691 0.000000
0.284627 -0.078415 0.032677 0.000000
-0.066874 -0.061828 -0.083080 0.000000
0.293674 -0.037567 -0.271163 3.000000
-0.399391 0.031688 0.077860 0.000000
-0.387947 0.007616 -0.094120 0.000000
0.122878 -0.054531 -0.280291 3.000000
0.145443 0.108968 -0.009086 0.000000
0.064394 0.037101 -0.092505 0.000000
-0.102874 -0.030458 0.069432 0.000000
0.244344 -0.107145 0.014125 0.000000
0.162838 -0.045806 -0.266666 3.000000
0.604973 -0.042871 -0.084642 0.000000
-0.406391 -0.029677 0.063374 0.000000
-0.127297 -0.000435 0.629883 1.000000
-0.751429 0.094966 0.060116 2.000000
0.208990 -0.114146 0.223156 3.000000
-0.142887 -0.004501 -0.617574 1.000000
-0.755845 0.116346 0.129963 2.000000
-0.624443 0.112738 0.007528 0.000000
0.056289 -0.139484 -0.142696 1.000000
0.102656 -0.034955 -0.273236 3.000000
-0.725230 0.268347 -0.002139 2.000000
-0.510140 0.096770 0.044687 0.000000
-0.497457 0.129809 -0.020718 2.000000
0.528474 -0.058893 -0.073764 0.000000
-0.026591 -0.009455 0.076514 0.000000
0.473463 0.099894 -0.034612 0.000000
0.006959 -0.026446 -0.314622 1.000000
0.152875 -0.016349 0.075760 0.000000
0.056800 -0.036328 0.068005 0.000000
-0.129505 0.106518 0.019968 0.000000
0.044980 0.110180 -0.009382 0.000000
-0.846319 0.045960 -0.006582 0.000000
-0.126920 -0.014895 -0.513799 1.000000
0.440424 0.016906 0.077860 0.000000
-0.081252 -0.002024 0.077295 0.000000
0.234301 -0.107038 0.022849 0.000000
-0.080256 0.003846 0.674527 1.000000
0.337672 -0.057735 -0.072929 0.000000
-0.057315 0.108376 0.013506 0.000000
-0.082949 0.003739 0.665049 1.000000
0.551308 -0.087677 0.019941 0.000000
-0.039005 -0.015945 0.527104 1.000000
0.050015 -0.072464 -0.206781 1.000000
-0.847557 0.085757 -0.025888 0.000000
-0.050502 -0.042925 0.068705 0.000000
0.151448 0.071755 -0.075649 0.000000
0.919503 0.023180 -0.023088 0.000000
-0.500069 0.095747 0.045952 0.000000
0.205866 -0.037540 0.074710 1.000000
-0.755091 0.113895 0.109203 2.000000
-0.041859 0.109856 0.002223 0.000000
-0.167418 -0.073191 -0.048372 0.000000
0.191999 -0.116139 0.275017 3.000000
0.148755 -0.076584 0.205439 3.000000
0.023384 -0.092578 0.064935 0.000000
0.575300 0.090819 -0.051307 0.000000
0.335949 0.086484 0.043448 0.000000
-0.250109 0.088154 -0.066440 0.000000
0.124144 -0.067913 -0.060246 0.000000
-0.126328 -0.006870 -0.622986 1.000000
-0.805875 0.351415 -0.012344 2.000000
0.257592 -0.070848 -0.090324 0.000000
0.773614 -0.093897 -0.006286 0.000000
0.309238 0.083280 -0.064070 0.000000
0.041748 -0.043571 0.209639 1.000000
-0.017059 -0.020280 0.374215 1.000000
0.650183 -0.092847 0.005724 0.000000
0.631307 0.091546 -0.048237 0.000000
0.163968 -0.106149 -0.042233 0.000000
0.790228 -0.095432 0.011405 0.000000
-0.791092 0.098682 0.077887 2.000000
0.131764 -0.055258 0.093478 1.000000
0.667523 -0.078441 -0.055884 0.000000
-0.769739 0.095208 -0.074194 2.000000
0.567356 0.081557 -0.062347 0.000000
-0.252775 0.014617 0.078991 0.000000
0.867831 0.057942 0.025623 0.000000
0.124790 -0.112019 -0.281368 3.000000
0.999879 -0.010802 -0.011213 0.000000
0.158125 0.099705 0.026834 0.000000
0.046568 -0.019957 0.073956 0.000000
0.290227 -0.079949 -0.331290 3.000000
-0.053841 -0.010075 -0.516734 1.000000
-0.025353 -0.015810 -0.549315 1.000000
0.279538 -0.048688 0.061489 1.000000
-0.817238 0.438981 -0.009571 2.000000
-0.014797 -0.079061 -0.039863 0.000000
-0.194560 0.017714 0.829436 1.000000
0.402673 0.012597 -0.094928 0.000000
0.009490 -0.030324 -0.272455 1.000000
-0.710447 0.091493 -0.054026 2.000000
0.196307 -0.119693 -0.290308 3.000000
0.693777 0.085003 0.037901 0.000000
0.300837 0.104956 0.006532 0.000000
0.282553 0.028188 0.076756 0.000000
0.521150 0.008208 0.078749 0.000000
0.699324 -0.094247 -0.016841 0.000000
0.195419 -0.086519 0.010274 0.000000
0.829568 0.070005 0.026969 0.000000
0.264001 -0.115923 0.237185 3.000000
0.300109 -0.069017 -0.327305 3.000000
0.521608 0.102532 0.004431 0.000000
0.280426 -0.047395 -0.291708 3.000000
-0.077806 0.001315 0.691734 1.000000
-0.287564 0.089231 0.049345 0.000000
-0.836437 0.106302 0.116446 2.000000
0.230612 -0.129629 -0.309668 3.000000
-0.839022 0.043994 -0.016652 0.000000
-0.842199 0.118635 -0.173204 2.000000
-0.055888 -0.034013 -0.299705 1.000000
-0.002196 -0.097236 -0.073306 0.000000
-0.467784 -0.060293 0.004512 0.000000
0.074087 -0.105045 0.013048 0.000000
0.651421 -0.094705 -0.009867 0.000000
-0.825612 0.130752 -0.007847 2.000000
0.261685 -0.085092 -0.088573 0.000000
0.048722 -0.051299 -0.074895 0.000000
-0.078991 -0.083288 -0.025619 0.000000
0.237047 -0.114765 -0.267635 3.000000
0.349681 -0.096321 -0.067194 0.000000
0.237397 -0.105072 0.047083 0.000000
-0.148407 0.003389 -0.746391 1.000000
-0.805875 0.103017 -0.122016 2.000000
0.033051 -0.042467 0.065689 1.000000
-0.186105 -0.067294 0.040001 0.000000
0.301860 -0.101733 -0.068755 0.000000
-0.354046 0.056676 0.071452 0.000000
-0.807060 0.125824 -0.223449 2.000000
-0.082626 -0.016106 -0.091293 0.000000
-0.589385 0.013298 -0.076241 0.000000
-0.773267 0.098440 0.081038 2.000000
0.905905 0.035889 -0.044764 0.000000
0.801026 -0.144304 0.008605 0.000000
-0.002761 0.002958 -0.094524 0.000000
-0.104382 -0.022057 -0.531463 1.000000
-0.585507 0.031877 -0.080792 0.000000
0.216825 -0.068990 0.214728 3.000000
-0.648839 -0.021492 -0.012586 0.000000
0.169569 -0.077714 -0.313545 3.000000
0.663404 -0.094247 -0.002731 0.000000
-0.804098 0.116480 -0.215452 2.000000
0.016761 -0.080676 -0.089085 0.000000
0.069241 -0.037217 -0.315565 1.000000
0.323563 0.101859 -0.034424 0.000000
-0.062377 -0.027766 -0.542745 1.000000
0.288989 -0.054988 -0.089300 0.000000
0.171050 0.000050 -0.094443 0.000000
-0.033996 -0.040906 -0.085369 0.000000
0.279995 -0.073918 0.233712 3.000000
0.227973 -0.089804 0.191733 3.000000
-0.735893 0.090658 0.032112 2.000000
0.197142 0.105952 0.008578 0.000000
-0.106671 0.001504 0.720033 1.000000
0.051065 -0.114065 0.137583 1.000000
0.186237 -0.107684 -0.307379 3.000000
-0.218228 0.012597 -0.824882 1.000000
-0.497511 -0.029085 -0.069078 0.000000
0.007982 -0.028358 -0.405634 1.000000
-0.795589 0.156305 -0.011186 2.000000
-0.064316 -0.024857 -0.371034 1.000000
0.824667 0.081207 -0.005882 0.000000
0.409028 -0.051030 0.061570 0.000000
0.311957 0.079779 0.051499 0.000000
0.077884 -0.029139 0.246879 1.000000
-0.058526 -0.044837 -0.327036 1.000000
-0.025649 -0.031374 -0.352697 1.000000
0.168950 -0.069179 0.277252 3.000000
-0.504108 0.019760 -0.090270 0.000000
0.429492 -0.038886 0.068759 0.000000
-0.769336 0.155739 -0.012802 2.000000
0.126702 -0.105691 -0.034989 0.000000
0.834549 -0.081861 0.024195 0.000000
-0.635429 0.186705 -0.000281 2.000000
-0.001253 -0.054908 0.152285 1.000000
-0.475539 0.114999 0.005104 0.000000
0.000524 -0.042144 0.106322 1.000000
-0.538332 0.112441 0.017302 0.000000
0.485176 0.089904 0.037389 0.000000
0.002759 0.110476 -0.005612 0.000000
0.190518 -0.057600 -0.098159 1.000000
0.090513 -0.078038 0.073471 0.000000
-0.857628 0.108564 -0.111784 2.000000
-0.251536 0.051614 -0.088627 0.000000
0.173689 -0.088216 0.210258 3.000000
-0.175199 -0.076287 -0.041559 0.000000
0.171562 -0.062420 -0.067247 0.000000
-0.194748 0.015371 -0.095467 0.000000
0.796287 -0.082857 -0.009355 0.000000
0.575111 0.100971 -0.027100 0.000000
0.066548 -0.035170 -0.176866 1.000000
0.059843 0.106921 -0.030035 0.000000
0.126002 -0.112315 0.247552 3.000000
0.096760 -0.085012 -0.028608 0.000000
0.207751 -0.059270 0.064801 1.000000
0.274152 -0.091285 -0.227165 3.000000
0.967863 -0.044568 -0.030870 0.000000
-0.068866 0.046229 -0.089758 0.000000
-0.822246 0.105521 -0.134456 2.000000
-0.599132 -0.033366 0.005993 0.000000
-0.751537 0.110583 -0.097998 2.000000
0.312280 -0.118751 0.260369 3.000000
0.353343 -0.069852 -0.061297 0.000000
-0.095443 -0.001970 -0.617466 1.000000
0.265805 -0.027469 -0.272428 3.000000
-0.748198 0.110691 -0.010136 0.000000
0.865650 0.025361 0.052872 0.000000
-0.160255 0.003389 0.684840 1.000000
0.193695 -0.119235 0.255334 3.000000
0.058847 -0.044729 -0.218629 1.000000
-0.244293 0.109453 0.016737 0.000000
-0.043070 -0.087489 0.063077 0.000000
-0.358570 0.102613 0.035262 0.000000
0.147166 -0.048149 0.249221 3.000000
-0.393494 0.046417 0.075975 0.000000
0.180555 0.076441 -0.072229 0.000000
0.035421 -0.012148 -0.092828 0.000000
-0.837433 0.107729 0.081711 2.000000
-0.042020 -0.030162 0.343249 1.000000
0.029578 -0.038105 0.139818 1.000000
0.063047 -0.098233 -0.074625 0.000000
-0.326689 0.063785 0.068436 0.000000
-0.056318 -0.041525 -0.083700 0.000000
-0.650616 -0.004339 -0.048964 0.000000
0.140865 -0.050896 0.241843 3.000000
-0.139145 0.002796 -0.684137 1.000000
-0.103709 -0.062770 -0.062912 0.000000
-0.822139 0.114784 -0.140461 2.000000
-0.142053 0.001423 -0.724015 1.000000
-0.489568 0.075902 0.062835 0.000000
-0.804798 0.380765 -0.012182 2.000000
-0.334605 -0.070471 -0.041559 0.000000
0.795479 0.079160 0.023684 0.000000
0.328813 0.106652 -0.007093 0.000000
0.095548 0.086646 -0.063235 0.000000
0.225603 -0.028277 -0.267097 3.000000
0.325367 -0.046210 0.229080 3.000000
-0.082653 -0.093547 -0.025323 0.000000
-0.070159 -0.016349 -0.526912 1.000000
-0.055511 0.110503 -0.000981 0.000000
0.272187 0.098197 0.027050 0.000000
-0.298308 0.111284 -0.030870 0.000000
0.143773 -0.036544 -0.125490 1.000000
0.275095 0.050133 -0.086769 0.000000
0.489619 -0.087973 0.017679 0.000000
0.001520 -0.026446 0.300274 1.000000
-0.359835 0.039820 -0.093312 0.000000
0.298898 -0.062178 -0.256030 3.000000
0.218656 0.050806 0.070267 0.000000
0.087308 -0.046022 0.062243 0.000000
0.301698 -0.131568 0.226791 3.000000
-0.119704 -0.059835 -0.066036 0.000000
-0.437357 0.124747 -0.004589 2.000000
-0.844003 0.096932 -0.030439 2.000000
0.541157 -0.090478 0.012348 0.000000
-0.729215 0.333348 -0.009759 2.000000
-0.041212 -0.063982 0.070348 0.000000
0.634700 -0.000704 0.078480 0.000000
-0.161494 0.011036 0.760881 1.000000
0.807057 -0.002697 -0.087119 0.000000
0.164345 -0.063740 -0.249864 3.000000
-0.825504 0.258653 -0.005747 2.000000
0.689469 0.098170 -0.027692 0.000000
0.396076 -0.092336 0.011728 0.000000
-0.339317 0.032039 0.077564 0.000000
0.269521 -0.059781 -0.235458 3.000000
-0.016009 -0.042306 -0.213405 1.000000
-0.207511 0.013594 0.834579 1.000000
0.324505 -0.051219 0.070159 0.000000
-0.262980 0.058561 0.069621 0.000000
0.204735 -0.100279 -0.248625 3.000000
-0.370714 0.039659 0.076891 0.000000
0.041802 -0.119774 -0.185455 1.000000
0.362283 -0.062420 -0.069967 0.000000
0.242325 -0.052000 0.283418 3.000000
-0.896914 0.125097 -0.236751 2.000000
0.139600 -0.056792 0.249948 3.000000
0.096652 -0.032935 0.185971 1.000000
-0.044255 -0.020603 0.466600 1.000000
-0.122289 -0.012094 0.517814 1.000000
-0.688610 -0.010075 -0.010163 0.000000
-0.623339 0.137537 -0.018914 2.000000
-0.015309 -0.014679 0.436361 1.000000
0.645363 -0.037244 0.070348 0.000000
-0.010058 -0.014383 -0.455664 1.000000
-0.664510 0.166349 0.000069 2.000000
0.096813 -0.105314 -0.008305 0.000000
-0.147061 0.110664 -0.022226 0.000000
-0.183816 0.069844 0.063239 0.000000
-0.097193 -0.010156 0.519349 1.000000
-0.016655 -0.040771 0.216317 1.000000
-0.285114 0.042405 0.075706 0.000000
0.488488 -0.047287 0.064774 0.000000
-0.459841 0.089392 -0.069913 0.000000
-0.031842 -0.030324 -0.363036 1.000000
0.312173 -0.005874 0.077429 0.000000
0.307918 -0.089266 0.001092 0.000000
-0.660525 0.123778 -0.018133 2.000000
0.158287 -0.093709 -0.232792 3.000000
-0.158209 0.108429 -0.033185 0.000000
0.144851 -0.068963 0.280106 3.000000
-0.098916 -0.018314 -0.458518 1.000000
-0.030738 -0.032909 -0.270463 1.000000
0.008844 -0.043491 -0.091293 1.000000
0.660119 0.099355 0.014286 0.000000
-0.126274 0.005139 0.686644 1.000000
0.150801 -0.120447 -0.289284 3.000000
0.800164 -0.027846 -0.006905 0.000000
-0.363443 -0.074268 -0.020934 0.000000
0.194988 -0.066971 -0.244048 3.000000
0.172639 -0.120797 0.220706 3.000000
-0.038277 -0.047099 -0.133999 1.000000
0.355955 -0.015352 -0.092909 0.000000
0.302587 0.060204 -0.082192 0.000000
-0.096439 -0.015487 -0.524677 1.000000
-0.820873 0.102586 0.094878 2.000000
0.454318 0.087750 -0.056854 0.000000
-0.336759 -0.011367 -0.090916 0.000000
-0.083326 -0.073460 0.033458 0.000000
0.504563 0.072940 -0.071852 0.000000
0.279753 -0.090289 0.268959 3.000000
0.082973 -0.102568 -0.065578 0.000000
0.139115 -0.117216 -0.257619 3.000000
0.613428 -0.022326 0.075652 0.000000
0.004886 -0.043141 0.197091 1.000000
-0.600883 0.036481 0.062243 0.000000
-0.568974 0.004062 -0.076672 0.000000
0.151663 -0.042252 0.070913 0.000000
0.029335 -0.101625 0.049749 0.000000
-0.834579 0.108187 -0.012990 0.000000
-0.159420 0.009555 0.744725 1.000000
0.771918 -0.047557 -0.079149 0.000000
0.252422 0.105494 -0.023572 0.000000
-0.410053 0.101267 -0.054673 0.000000
0.053354 -0.135957 -0.185455 1.000000
-0.014474 -0.020765 -0.089893 0.000000
0.207886 -0.048149 -0.160871 1.000000
0.904505 0.021510 -0.056746 0.000000
0.000255 -0.049226 0.111922 1.000000
-0.739232 0.108079 0.061570 2.000000
0.809508 -0.124890 -0.014444 0.000000
-0.616635 0.107083 -0.038786 0.000000
0.398849 -0.065651 -0.071690 0.000000
0.095494 -0.044864 0.213167 1.000000
0.313734 -0.067644 -0.248652 3.000000
0.051442 0.053688 0.069971 0.000000
0.651394 0.025549 0.076541 0.000000
0.214617 -0.055688 0.110980 1.000000
0.160226 -0.037540 -0.223718 1.000000
0.184379 -0.136038 0.254445 3.000000
0.067517 -0.044891 0.243782 1.000000
-0.593828 0.181374 -0.008332 2.000000
-0.015955 -0.025154 -0.338883 1.000000
0.056612 -0.106714 -0.171911 1.000000
0.323724 -0.090505 -0.081115 0.000000
0.383447 0.105791 -0.005882 0.000000
-0.503489 0.011251 0.072717 0.000000
-0.386654 -0.009509 0.074037 0.000000
-0.148327 0.033143 -0.093339 0.000000
0.002597 -0.024831 -0.333740 1.000000
0.187960 -0.067428 0.281399 3.000000
0.314434 -0.081727 0.026403 0.000000
-0.405799 0.104283 0.033458 0.000000
-0.910835 0.130725 0.276148 2.000000
0.016007 -0.024804 -0.329055 1.000000
0.523170 -0.075560 0.040621 0.000000
-0.372814 0.011413 0.078183 0.000000
0.162353 -0.082642 -0.241517 3.000000
-0.116688 0.110449 -0.021122 0.000000
-0.338321 -0.028789 -0.084400 0.000000
0.877363 -0.078172 0.016925 0.000000
-0.016494 -0.012767 0.459168 1.000000
-0.078775 -0.010209 -0.601391 1.000000
-0.007043 -0.023323 0.446243 1.000000
-0.831267 0.121677 -0.249837 2.000000
-0.757138 0.258168 -0.002704 2.000000
-0.028934 -0.040098 0.217906 1.000000
0.120563 -0.107334 -0.292300 3.000000
0.018053 -0.037675 -0.171400 1.000000
0.916622 0.024122 0.019672 0.000000
0.062536 -0.022057 -0.354043 1.000000
0.070021 -0.131379 0.137583 1.000000
-0.055861 -0.034255 0.259400 1.000000
0.596841 -0.016995 -0.093070 0.000000
-0.799843 0.125151 -0.006016 2.000000
0.092074 -0.099552 -0.275256 3.000000
0.193130 0.000211 -0.094497 0.000000
-0.827524 0.123939 -0.208451 2.000000
-0.712790 0.185574 -0.015225 2.000000
0.237801 0.080129 -0.068701 0.000000
-0.599132 0.164437 -0.017056 2.000000
-0.866325 0.106571 0.089816 2.000000
0.205651 -0.119289 0.270655 3.000000
0.694019 0.039201 -0.087712 0.000000
0.162407 -0.045699 0.267693 3.000000
0.144985 -0.054504 -0.124386 1.000000
-0.836706 0.120196 -0.240386 2.000000
0.261604 -0.107361 0.017194 0.000000
0.235943 -0.045160 -0.115527 1.000000
0.260958 -0.067159 0.195153 3.000000
-0.148515 0.015398 0.810318 1.000000
-0.000203 -0.021949 0.349496 1.000000
-0.053249 -0.010021 0.595067 1.000000
-0.110252 0.067339 -0.080845 0.000000
-0.121885 -0.008190 0.591351 1.000000
0.102845 -0.105395 -0.025888 0.000000
-0.023845 -0.024804 -0.438189 1.000000
-0.254525 -0.081323 0.007662 0.000000
-0.058472 0.000104 0.635672 1.000000
0.111165 0.043428 0.073444 0.000000
0.309803 -0.125159 0.275421 3.000000
-0.340502 0.097174 -0.058039 0.000000
0.204089 0.102452 0.019779 0.000000
0.212463 -0.112504 0.277090 3.000000
0.759989 -0.073568 -0.059331 0.000000
0.046218 -0.095755 0.135187 1.000000
0.279618 -0.098717 0.233388 3.000000
-0.163540 0.008478 0.788427 1.000000
0.653602 0.001127 0.078722 0.000000
-0.076702 -0.009105 -0.536148 1.000000
-0.212897 0.052072 -0.088277 0.000000
-0.117900 -0.015756 0.480279 1.000000
0.197438 -0.133641 -0.256919 3.000000
-0.103952 -0.083504 0.005481 0.000000
0.039837 -0.117781 0.119489 1.000000
-0.799305 0.095316 -0.062212 2.000000
-0.370175 -0.057816 0.041348 0.000000
-0.378819 0.101509 -0.053649 0.000000
0.092263 0.011547 0.078991 0.000000
-0.687532 0.106571 0.014313 0.000000
-0.422790 0.062654 0.069836 0.000000
0.243294 0.085865 0.045494 0.000000
-0.911966 0.132798 0.294566 2.000000
0.151071 -0.119720 0.233119 3.000000
0.026104 -0.047853 -0.161921 1.000000
0.147974 -0.044837 0.226145 1.000000
-0.835198 0.046740 0.004620 0.000000
0.806196 -0.118831 -0.024892 0.000000
0.628911 -0.059135 0.057934 0.000000
-0.117199 0.102829 0.027507 0.000000
0.047080 -0.107280 0.157832 1.000000
-0.052495 -0.048714 -0.099452 1.000000
-0.099536 -0.004743 0.573768 1.000000
-0.558069 0.137322 -0.019883 2.000000
0.037736 -0.084042 -0.167980 1.000000
-0.007823 -0.035197 0.211551 1.000000
0.305872 -0.071844 0.211443 3.000000
0.195607 -0.036409 -0.274529 3.000000
0.789663 -0.081727 0.031439 0.000000
0.064448 -0.033662 0.185728 1.000000
-0.009574 -0.021734 -0.372245 1.000000
0.674174 0.060688 0.062216 0.000000
0.564771 0.096232 -0.039998 0.000000
-0.340690 0.094535 0.044687 0.000000
0.093448 -0.060562 -0.090324 0.000000
0.172181 -0.075533 0.197011 3.000000
-0.084645 0.105064 0.021853 0.000000
-0.074332 0.089150 0.046248 0.000000
0.317450 -0.131083 0.238881 3.000000
-0.040109 -0.069960 0.039032 0.000000
-0.073686 -0.030243 0.310883 1.000000
0.164292 -0.034228 0.255226 1.000000
-0.014151 -0.018745 0.389886 1.000000
0.125248 -0.046587 0.200592 1.000000
0.189899 -0.100279 -0.230611 3.000000
-0.393305 0.113034 -0.027638 0.000000
0.783604 0.004358 0.071775 0.000000
0.189764 -0.015837 0.076083 0.000000
0.269252 -0.107845 0.271678 3.000000
-0.007393 0.054011 -0.086635 0.000000
0.999152 -0.015245 0.002950 0.000000
0.205812 0.078056 0.054380 0.000000
0.206782 -0.048903 0.248360 3.000000
0.113050 -0.030000 -0.251237 1.000000
-0.169195 0.010066 0.806172 1.000000
0.228808 0.083576 0.048349 0.000000
0.563398 0.092758 0.030954 0.000000
0.178482 0.088181 -0.060273 0.000000
-0.727007 0.096797 0.072152 2.000000
-0.013451 0.109856 -0.016491 0.000000
-0.156728 -0.002078 -0.093716 0.000000
-0.761123 0.110207 -0.005208 0.000000
0.362606 -0.086816 -0.033320 0.000000
0.163161 -0.058193 0.073794 0.000000
0.167684 0.086807 -0.061997 0.000000
-0.411292 0.114622 -0.018349 0.000000
-0.422063 0.073909 0.064128 0.000000
0.062320 -0.046722 0.177462 1.000000
0.437220 0.071971 0.056561 0.000000
-0.349630 0.112388 -0.028042 0.000000
-0.464284 -0.050276 0.035262 0.000000
0.531194 0.010901 -0.094955 0.000000
-0.409811 -0.045914 -0.066790 0.000000
0.024973 -0.022003 0.469993 1.000000
0.376527 -0.097102 -0.036874 0.000000
-0.124847 0.040009 -0.092316 0.000000
-0.826555 0.289107 -0.011105 2.000000
0.136126 -0.032558 0.191706 1.000000
-0.835925 0.111687 -0.123578 2.000000
-0.107721 -0.074214 -0.071071 0.000000
0.004482 -0.021007 -0.494169 1.000000
0.174201 -0.055150 -0.289419 3.000000
0.177270 -0.106337 -0.029685 0.000000
0.121236 -0.085981 0.007662 0.000000
0.173285 -0.036328 0.111761 1.000000
-0.053141 -0.025369 0.400630 1.000000
0.126864 -0.063093 0.251833 3.000000
0.207159 -0.108545 -0.252018 3.000000
-0.315541 0.094643 -0.060462 0.000000
0.036605 -0.039452 -0.131441 1.000000
-0.307086 0.070732 -0.080468 0.000000
0.197007 -0.106580 -0.032593 0.000000
0.295990 0.106383 -0.013906 0.000000
0.757431 0.092597 -0.010540 0.000000
-0.700592 0.051506 0.043690 0.000000
0.932347 0.017471 0.002546 0.000000
0.238555 0.038689 0.074602 0.000000
-0.783014 0.365525 -0.003943 2.000000
0.180313 -0.063901 -0.246175 3.000000
-0.063885 -0.023026 0.371953 1.000000
0.271540 -0.083504 0.021476 0.000000
-0.814141 0.121193 0.169895 2.000000
-0.012536 -0.019499 -0.508117 1.000000
-0.900361 0.123508 0.217475 2.000000
-0.498131 -0.021842 0.057773 0.000000
0.499205 -0.048445 -0.080603 0.000000
0.051227 -0.020818 -0.369930 1.000000
0.185240 -0.070256 0.041886 0.000000
0.124413 -0.040044 -0.083161 0.000000
-0.104409 -0.009563 -0.598914 1.000000
0.227811 -0.036867 0.257542 3.000000
-0.003758 -0.011690 -0.488003 1.000000
0.089166 -0.051219 -0.075272 0.000000
0.053435 -0.039021 0.109014 1.000000
0.100772 -0.034228 0.329140 1.000000
-0.010058 -0.043545 0.097220 1.000000
0.728297 0.075606 -0.060246 0.000000
-0.068112 -0.008190 -0.629906 1.000000
-0.403349 -0.071037 -0.003862 0.000000
0.101256 -0.039425 0.280483 1.000000
-0.202045 0.052045 0.071721 0.000000
-0.730157 0.233988 -0.014579 2.000000
-0.318988 -0.038698 -0.078637 0.000000
0.688607 0.013459 0.077241 0.000000
-0.218147 0.067070 0.844138 1.000000
0.321085 -0.078199 -0.241624 3.000000
-0.411777 -0.061262 -0.044387 0.000000
0.270652 -0.107415 -0.050499 0.000000
0.200131 -0.111480 0.268716 3.000000
0.227731 -0.122763 -0.297282 3.000000
0.199135 -0.063955 0.289046 3.000000
-0.039624 0.027003 0.077376 0.000000
0.124979 -0.035978 0.123582 1.000000
0.206189 -0.049226 0.073444 0.000000
-0.435795 0.066424 -0.084965 0.000000
0.459192 0.096178 -0.042960 0.000000
-0.890667 0.395979 -0.007928 2.000000
0.714026 0.022480 0.075006 0.000000
-0.123043 -0.012390 -0.550823 1.000000
0.116578 -0.049145 0.166099 1.000000
0.368826 -0.061558 0.054084 0.000000
-0.158128 0.001881 -0.722319 1.000000
0.088008 -0.083315 -0.292031 3.000000
-0.867322 0.286226 -0.008359 2.000000
0.204655 -0.039883 0.132737 1.000000
-0.009385 -0.026204 -0.426179 1.000000
-0.845673 0.452767 -0.005639 2.000000
-0.120538 -0.083746 -0.028554 0.000000
0.766613 0.023126 -0.087442 0.000000
0.139438 -0.053642 0.116661 1.000000
0.561540 -0.092766 -0.001250 0.000000
-0.156647 0.025145 0.077752 0.000000
0.045976 -0.130194 0.169168 1.000000
-0.839560 0.229384 -0.009409 2.000000
-0.026187 -0.043329 -0.193264 1.000000
0.437893 -0.021438 0.075194 0.000000
-0.266508 0.067582 -0.081976 0.000000
-0.773644 0.095020 0.055700 2.000000
-0.611384 0.035862 -0.076941 0.000000
-0.166825 -0.047610 -0.075568 0.000000
0.216071 -0.040663 0.267208 3.000000
-0.059092 -0.042333 0.168388 1.000000
0.840312 0.015532 0.063131 0.000000
0.371815 -0.082561 -0.042663 0.000000
0.104111 -0.035413 0.140141 1.000000
-0.114722 -0.007382 -0.572606 1.000000
0.375181 -0.084931 0.021153 0.000000
0.072526 -0.043194 0.071963 0.000000
-0.322919 -0.048337 0.055376 0.000000
-0.765108 0.114676 -0.012694 2.000000
-0.667230 -0.015810 -0.014067 0.000000
0.121505 -0.034605 -0.166337 1.000000
-0.006289 0.110907 -0.008790 0.000000
0.804472 -0.113661 -0.015871 0.000000
0.052331 -0.018826 0.414470 1.000000
0.130364 -0.046803 -0.215721 1.000000
0.794671 0.011386 0.070025 0.000000
0.043391 -0.021599 -0.360209 1.000000
0.337457 -0.089616 -0.017864 0.000000
0.155971 -0.117997 -0.252072 3.000000
0.112835 0.029804 0.076837 0.000000
-0.575195 0.089554 -0.064070 0.000000
0.044845 -0.090424 -0.083673 0.000000
-0.010839 -0.102756 -0.019830 0.000000
-0.004969 -0.028331 -0.401165 1.000000
0.317450 -0.080946 0.069971 0.000000
0.764594 0.030396 0.068463 0.000000
0.057797 -0.085846 -0.019830 0.000000
0.185617 -0.136388 -0.271567 3.000000
0.065094 -0.044756 -0.196280 1.000000
-0.134971 -0.001108 -0.694530 1.000000
0.080092 -0.029920 0.237158 1.000000
0.751265 -0.081807 -0.050284 0.000000
-0.681285 0.087373 0.010005 2.000000
-0.424405 0.091439 -0.067005 0.000000
-0.768878 0.093700 -0.063128 2.000000
-0.732850 0.175584 -0.014579 2.000000
0.542745 -0.025531 -0.090701 0.000000
-0.048294 -0.043545 -0.154597 1.000000
0.125679 -0.052350 0.128617 1.000000
0.079419 -0.008271 0.076810 0.000000
0.585586 0.040036 0.072529 0.000000
0.942364 0.016125 0.009547 0.000000
-0.655705 0.014267 -0.061431 0.000000
0.827118 -0.070902 0.040163 0.000000
0.279915 -0.099902 0.058715 0.000000
-0.002950 -0.063982 -0.089516 0.000000
