-0.677073 0.063682 0.201151 2.000000
0.200075 -0.059321 0.361183 3.000000
-0.059012 -0.020689 0.532995 1.000000
-0.345035 -0.089962 -0.057799 0.000000
0.507142 0.105384 -0.064435 0.000000
0.031609 -0.051661 -0.299354 1.000000
-0.773971 0.075435 -0.147562 2.000000
-0.206489 0.026544 -0.881602 1.000000
-0.807570 0.078145 0.233340 2.000000
0.390775 0.040813 0.107626 0.000000
0.221175 -0.083933 -0.296782 3.000000
-0.626107 0.139371 -0.017037 2.000000
-0.487341 0.104333 -0.060370 0.000000
-0.700385 0.155576 -0.013221 2.000000
-0.009789 -0.034986 0.221919 1.000000
-0.212076 -0.026994 0.111193 0.000000
0.065374 -0.067811 0.192495 1.000000
-0.226124 0.021151 0.774716 1.000000
0.122534 -0.073148 -0.191283 1.000000
0.140454 -0.101853 0.095265 0.000000
-0.072009 0.022202 0.670241 1.000000
-0.114569 -0.010346 -0.504710 1.000000
0.117031 -0.112444 -0.052295 0.000000
0.265698 -0.028543 -0.175686 1.000000
0.063936 -0.034654 -0.462372 1.000000
0.107601 0.086054 -0.088688 0.000000
0.378276 0.047560 0.104363 0.000000
0.794519 0.094157 -0.000804 0.000000
0.115178 -0.010346 0.274461 1.000000
-0.236383 -0.016569 0.111470 0.000000
0.266306 -0.117366 0.050327 0.000000
0.302754 -0.083242 0.106962 0.000000
-0.528517 0.118354 0.003620 0.000000
0.726104 -0.115984 -0.000030 0.000000
-0.738768 0.052815 -0.134316 2.000000
0.103315 -0.004318 -0.386795 1.000000
-0.398710 0.071315 0.090951 0.000000
0.205302 -0.099723 0.062689 0.000000
0.111390 -0.020385 0.184752 1.000000
-0.548593 -0.034516 0.026656 0.000000
0.037610 -0.111891 -0.322223 3.000000
0.063798 -0.026524 0.134201 1.000000
0.017754 -0.009130 0.353965 1.000000
-0.758540 0.193931 -0.009488 2.000000
0.672981 0.026267 0.107847 0.000000
-0.736473 0.091806 0.253140 2.000000
0.436404 0.123138 -0.010068 0.000000
-0.535541 -0.043503 0.058153 0.000000
0.252368 0.086995 0.079696 0.000000
0.093996 -0.038747 0.424869 1.000000
-0.370808 -0.030921 0.099081 0.000000
-0.472684 0.112132 -0.052130 0.000000
-0.619995 -0.033244 0.041478 2.000000
-0.114928 0.028922 -0.750939 1.000000
0.498791 0.059092 -0.106635 0.000000
-0.098695 0.026820 -0.748229 1.000000
0.461154 -0.059625 0.098168 0.000000
0.157627 -0.117781 -0.028817 0.000000
-0.507306 0.026212 -0.105584 0.000000
-0.058266 0.123027 0.006137 0.000000
-0.715843 0.052234 -0.144023 2.000000
0.106080 -0.120712 0.300040 3.000000
-0.098695 -0.016043 -0.513089 1.000000
0.179335 -0.018366 -0.169685 1.000000
0.092779 -0.150551 0.140008 1.000000
0.111639 -0.010264 -0.284365 1.000000
0.008850 -0.001331 -0.419786 1.000000
-0.288510 -0.105392 -0.037418 0.000000
-0.539329 -0.009738 0.086139 0.000000
-0.066423 -0.015739 -0.588528 1.000000
0.176044 -0.105033 -0.100330 0.000000
-0.685313 0.076182 -0.088079 2.000000
0.048146 -0.098866 0.342904 3.000000
-0.013162 -0.054814 0.145512 1.000000
-0.044826 -0.030838 -0.118222 0.000000
-0.339891 -0.039770 -0.103925 0.000000
0.857321 -0.026137 -0.085286 0.000000
0.079754 0.001047 -0.461847 1.000000
-0.198221 -0.121902 0.003067 0.000000
-0.035479 0.014293 -0.570526 1.000000
0.090069 -0.117117 -0.031776 0.000000
0.125576 -0.021021 0.160113 1.000000
0.746817 0.096452 -0.054397 0.000000
0.113740 -0.134429 0.311738 3.000000
0.239205 -0.084707 -0.353472 3.000000
-0.246338 0.065369 -0.103151 0.000000
-0.377362 -0.093778 0.022093 0.000000
0.536870 -0.079785 -0.094937 0.000000
-0.796620 0.076182 -0.186831 2.000000
0.486291 0.110749 -0.057688 0.000000
-0.185639 0.026765 -0.747952 1.000000
-0.430070 -0.079481 0.046732 0.000000
0.175768 -0.124943 0.376586 3.000000
0.091369 -0.083739 -0.090015 0.000000
0.067061 -0.067175 -0.243023 1.000000
0.073477 -0.023399 -0.182351 1.000000
0.568063 -0.037945 -0.115484 0.000000
0.222475 -0.124860 0.312595 3.000000
0.306044 -0.020938 -0.119660 0.000000
-0.697453 0.127507 0.001602 2.000000
0.064379 -0.054731 0.329492 3.000000
0.088797 -0.033603 0.444973 1.000000
0.942937 0.013989 -0.034735 0.000000
-0.201927 0.018718 0.715786 1.000000
-0.253999 0.030166 -0.889097 1.000000
0.197006 0.121423 0.012497 0.000000
0.843107 -0.027105 0.081770 0.000000
-0.680889 0.022451 0.064265 2.000000
0.129724 -0.035484 -0.399903 1.000000
0.667229 0.056493 -0.103593 0.000000
0.849191 0.073859 -0.030228 0.000000
0.196038 -0.142863 -0.319209 3.000000
-0.019606 0.004835 0.635701 1.000000
-0.470721 0.081768 0.082240 0.000000
-0.039682 0.010726 -0.670190 1.000000
-0.128285 0.006799 -0.747841 1.000000
0.154889 -0.074973 0.297247 3.000000
0.414087 0.110473 0.050244 0.000000
-0.616677 0.000715 -0.082991 2.000000
0.091258 -0.079757 0.126403 1.000000
-0.603569 0.138541 -0.016926 2.000000
0.201430 -0.072180 -0.209424 1.000000
0.169158 -0.111808 -0.083212 0.000000
-0.003262 -0.042121 0.357201 1.000000
-0.029727 0.014321 0.570798 1.000000
-0.033654 -0.006226 0.638079 1.000000
0.834147 -0.102129 0.012165 0.000000
-0.651133 0.048252 -0.151876 2.000000
0.190286 -0.112555 0.043939 0.000000
0.013966 -0.024505 0.244235 1.000000
-0.033045 -0.016707 0.580200 1.000000
0.708323 -0.037309 0.104833 0.000000
0.265504 -0.075305 -0.303917 3.000000
-0.508606 -0.005148 -0.103759 0.000000
0.164208 0.118824 -0.030615 0.000000
-0.011061 -0.032497 -0.258288 1.000000
0.921201 0.034342 -0.004842 0.000000
0.291277 0.070928 -0.100911 0.000000
0.493509 -0.093446 -0.078345 0.000000
0.439252 -0.062197 -0.104727 0.000000
0.036835 -0.033631 -0.472604 1.000000
0.798916 -0.048813 0.084203 0.000000
-0.093386 0.039458 0.108290 0.000000
0.015210 -0.024588 0.234225 1.000000
-0.747202 0.070789 0.262514 2.000000
0.101518 -0.067811 -0.219241 1.000000
0.086391 -0.006447 0.111857 0.000000
0.253585 -0.079370 0.142995 1.000000
0.394619 -0.119357 -0.021932 0.000000
-0.067668 0.008790 -0.542762 1.000000
-0.739321 0.079196 -0.129034 2.000000
0.076325 0.107928 -0.061228 0.000000
0.001771 -0.014439 -0.589690 1.000000
-0.308227 -0.052629 -0.100496 0.000000
-0.790619 0.085363 0.345144 2.000000
0.043942 -0.050361 0.322440 1.000000
0.142196 0.115837 0.034648 0.000000
0.044191 0.052344 -0.109870 0.000000
0.049197 -0.122731 -0.360192 3.000000
-0.095405 -0.115292 0.031938 0.000000
-0.045102 -0.030174 -0.339175 1.000000
0.102651 -0.095658 0.298768 3.000000
0.554734 -0.086256 0.078230 0.000000
0.222613 -0.067645 -0.306516 3.000000
-0.805828 0.385738 -0.002408 2.000000
0.035785 0.012025 -0.119660 0.000000
0.577604 0.122834 -0.003763 0.000000
-0.192386 0.021483 0.715344 1.000000
0.280741 0.113044 0.045626 0.000000
-0.051656 0.105910 0.055996 0.000000
-0.252671 0.031272 0.892853 1.000000
0.207569 -0.093003 -0.115152 0.000000
-0.151403 0.002623 0.684593 1.000000
0.191171 -0.065765 -0.378333 3.000000
-0.080969 0.051294 0.102593 0.000000
0.763907 0.021013 -0.105003 0.000000
0.000664 -0.107024 0.053535 0.000000
0.538999 0.081436 -0.095518 0.000000
-0.820844 0.083427 0.260247 2.000000
-0.200793 -0.091538 -0.078843 0.000000
-0.015264 -0.043282 -0.162440 1.000000
0.124830 -0.181468 0.121729 1.000000
0.232043 -0.103622 -0.101491 0.000000
-0.109231 0.028977 -0.763051 1.000000
-0.336711 0.081657 -0.093638 0.000000
-0.547792 0.186299 -0.010649 2.000000
0.136223 -0.063635 -0.319347 3.000000
0.738051 0.091004 0.056605 0.000000
-0.469974 -0.056113 -0.072621 0.000000
0.394979 -0.063331 -0.104174 0.000000
0.139375 -0.167475 -0.129532 1.000000
0.892469 0.042804 0.013631 0.000000
-0.514745 0.119101 0.004450 0.000000
-0.826596 0.052787 0.006662 2.000000
0.131328 -0.022459 -0.139405 1.000000
0.831105 0.021013 0.085116 0.000000
-0.012720 -0.043393 0.134699 1.000000
0.228337 -0.020744 -0.171345 1.000000
-0.624337 0.041919 0.108677 2.000000
-0.755886 0.058290 0.158924 2.000000
-0.109093 -0.001304 0.686418 1.000000
0.185972 -0.078900 0.088462 0.000000
-0.126681 0.024525 0.800324 1.000000
-0.537283 0.013242 0.093357 0.000000
-0.063271 -0.081831 -0.091038 0.000000
-0.167885 0.019298 0.823746 1.000000
0.164596 -0.074752 0.193269 1.000000
-0.685203 0.063682 -0.218467 2.000000
-0.627904 0.111136 0.009151 2.000000
-0.782737 0.431449 -0.011174 2.000000
0.474068 0.121451 -0.016512 0.000000
0.056995 -0.074807 -0.358809 3.000000
0.739295 0.109449 0.002127 0.000000
-0.133345 -0.018062 -0.480734 1.000000
-0.109729 0.015316 0.766918 1.000000
-0.736749 0.050160 -0.114599 2.000000
0.094742 -0.136392 0.333640 3.000000
0.238210 -0.084956 0.322219 3.000000
-0.726739 0.089235 -0.232155 2.000000
-0.193796 0.037992 -0.909229 1.000000
0.573262 0.040647 0.106243 0.000000
-0.166696 -0.001608 0.616952 1.000000
-0.565988 0.114151 -0.023619 0.000000
0.263541 -0.054399 -0.350071 3.000000
0.220760 -0.086145 0.079696 0.000000
0.985275 -0.025805 0.011557 0.000000
0.026935 -0.065211 0.193684 1.000000
0.050275 -0.028570 0.112770 0.000000
0.263209 -0.124252 -0.301704 3.000000
-0.192082 0.003121 0.622566 1.000000
-0.104779 0.013546 0.758013 1.000000
0.045961 -0.025473 -0.176461 1.000000
-0.622457 -0.020468 -0.064076 2.000000
-0.597375 0.165420 0.003869 2.000000
-0.144130 -0.112499 -0.052047 0.000000
0.149331 -0.064492 -0.103372 0.000000
-0.783622 0.009951 0.014239 2.000000
-0.359995 0.078837 -0.095380 0.000000
-0.264064 -0.102572 -0.057854 0.000000
-0.136747 0.001185 -0.570554 1.000000
-0.296668 -0.013859 -0.117945 0.000000
0.570220 0.110556 -0.055973 0.000000
-0.032990 0.004863 -0.664189 1.000000
-0.246090 0.047560 0.937818 1.000000
0.913154 -0.068889 0.028730 0.000000
-0.011282 -0.037945 0.197086 1.000000
-0.106881 0.024359 -0.679094 1.000000
-0.332922 -0.106056 -0.002463 0.000000
0.214372 -0.050942 -0.343268 3.000000
-0.753369 0.138707 -0.001772 2.000000
-0.097451 -0.058298 -0.105446 0.000000
0.225240 -0.013941 -0.119660 0.000000
0.238237 -0.079979 -0.341691 3.000000
-0.074526 -0.034737 0.108483 0.000000
0.472050 0.009122 0.111857 0.000000
-0.211135 0.016561 0.763019 1.000000
0.584655 0.006384 0.110225 0.000000
-0.250044 -0.084873 -0.080779 0.000000
0.759759 0.103255 -0.011174 0.000000
-0.398821 0.108371 0.052042 0.000000
-0.834754 0.073251 -0.019775 2.000000
-0.201733 -0.093142 0.069160 0.000000
-0.208895 0.031881 0.791087 1.000000
-0.000580 -0.100829 0.061278 0.000000
0.205606 -0.065211 0.242493 1.000000
-0.010950 -0.040959 0.278581 1.000000
0.203421 -0.045605 -0.293574 1.000000
-0.072065 0.016699 0.591345 1.000000
0.296753 -0.092146 0.072174 0.000000
0.481258 -0.026856 0.111857 0.000000
-0.112052 0.027373 0.766586 1.000000
0.876208 0.040841 -0.056305 0.000000
-0.607247 0.049939 0.083014 0.000000
0.690707 -0.115956 -0.022568 0.000000
-0.059012 -0.024671 0.360215 1.000000
0.705585 0.025354 -0.114765 0.000000
0.056165 -0.111753 -0.316001 3.000000
0.934585 0.003978 -0.048507 0.000000
0.704036 0.001130 0.107018 0.000000
0.305934 0.085280 0.081853 0.000000
0.470529 -0.009074 0.111857 0.000000
0.109841 -0.063746 -0.265644 1.000000
0.148003 0.060088 0.098362 0.000000
0.858704 0.040011 -0.071377 0.000000
-0.037774 -0.041899 0.469807 1.000000
0.008214 -0.014495 0.325399 1.000000
-0.726075 0.088930 0.277420 2.000000
0.640544 0.118630 -0.014797 0.000000
-0.773944 0.271445 -0.009598 2.000000
0.686034 -0.107273 -0.057439 0.000000
-0.730527 0.056603 0.161468 2.000000
-0.018002 -0.009434 -0.622017 1.000000
0.738908 -0.125718 0.018443 0.000000
-0.092169 -0.007305 -0.652906 1.000000
-0.837132 0.080551 0.009013 2.000000
0.131218 -0.064133 -0.269488 1.000000
0.207569 -0.030395 -0.282153 1.000000
-0.150352 0.081436 0.086664 0.000000
0.348908 0.024442 -0.119660 0.000000
0.200297 0.125544 -0.003984 0.000000
0.023645 0.004725 0.452468 1.000000
0.751711 -0.179366 -0.013221 0.000000
-0.083209 -0.108877 0.051185 0.000000
0.617176 -0.113025 0.038492 0.000000
-0.213984 -0.117864 0.020710 0.000000
0.783928 0.093300 -0.024863 0.000000
0.035978 0.034259 -0.118581 0.000000
0.124857 -0.128151 0.302585 3.000000
0.241169 -0.062197 -0.373244 3.000000
0.093498 -0.019693 0.209834 1.000000
0.525145 0.024829 -0.119660 0.000000
-0.295783 0.026212 0.110170 0.000000
0.019358 -0.051191 0.281429 1.000000
0.229941 0.076293 0.090536 0.000000
0.299242 -0.042618 -0.114157 0.000000
-0.688549 0.348405 -0.010621 2.000000
0.500007 0.010919 -0.119660 0.000000
-0.167138 0.009481 -0.750662 1.000000
0.146399 -0.119330 0.048088 0.000000
0.796151 0.073140 0.060393 0.000000
0.091258 -0.056196 -0.323412 1.000000
0.593698 0.121258 0.001159 0.000000
0.185225 -0.069553 0.221946 1.000000
-0.779585 0.415852 -0.000002 2.000000
0.889150 -0.086062 0.000689 0.000000
-0.237019 0.030056 0.891332 1.000000
0.092862 -0.079425 0.329270 3.000000
-0.397024 -0.037641 0.093384 0.000000
-0.230769 -0.045190 0.101985 0.000000
0.183013 -0.118445 -0.025969 0.000000
-0.646847 0.124880 0.004837 2.000000
0.096153 -0.067368 0.209972 1.000000
0.391605 -0.091289 -0.081028 0.000000
-0.641842 -0.034903 -0.029675 2.000000
-0.229774 -0.042121 -0.111253 0.000000
0.242137 0.115118 0.037303 0.000000
-0.026409 -0.050140 0.133565 1.000000
-0.083375 -0.023427 -0.628654 1.000000
-0.418510 -0.075388 0.053784 0.000000
-0.235802 0.036029 0.838265 1.000000
0.168827 -0.014246 -0.272364 1.000000
0.664685 -0.079232 0.082295 0.000000
0.319097 -0.116813 -0.033159 0.000000
-0.514082 0.075546 0.080498 0.000000
0.687085 0.089317 0.069713 0.000000
0.093692 -0.153620 -0.147811 1.000000
-0.774192 0.113985 -0.003625 2.000000
-0.001824 -0.024478 0.288675 1.000000
0.353387 -0.114573 0.035090 0.000000
0.106938 -0.007858 0.314089 1.000000
-0.289119 -0.033686 0.102759 0.000000
-0.815673 0.078837 -0.233925 2.000000
-0.171922 -0.112333 0.044935 0.000000
-0.090620 -0.013388 -0.584685 1.000000
0.031222 -0.024809 0.193823 1.000000
0.130969 -0.182104 -0.172147 1.000000
-0.182901 -0.014052 0.111857 0.000000
-0.065677 0.003259 -0.701328 1.000000
0.292411 -0.033161 -0.136529 1.000000
-0.332259 -0.097926 -0.041345 0.000000
-0.736805 0.068356 0.249849 2.000000
-0.315556 0.119156 -0.029951 0.000000
0.255881 -0.094690 0.337345 3.000000
0.544917 0.026073 -0.119107 0.000000
-0.074084 -0.047402 0.238483 1.000000
-0.241637 0.083427 0.084065 0.000000
0.896008 -0.040268 -0.068003 0.000000
0.054479 -0.119330 -0.056831 0.000000
-0.045517 -0.025943 0.489717 1.000000
-0.161967 0.024193 -0.851239 1.000000
0.393236 0.106684 0.055001 0.000000
-0.073696 0.009813 -0.553878 1.000000
0.075993 0.014708 -0.119660 0.000000
0.251428 -0.126658 -0.383974 3.000000
-0.368900 -0.063995 -0.084761 0.000000
-0.801431 0.309994 -0.002768 2.000000
0.309142 -0.096792 -0.090872 0.000000
0.727183 -0.058298 0.091089 0.000000
-0.024196 -0.045577 -0.253006 1.000000
0.127540 -0.099419 0.097892 0.000000
0.061807 -0.029759 0.483274 1.000000
-0.165424 -0.086588 -0.084789 0.000000
0.220041 -0.121127 0.025301 0.000000
-0.554428 -0.055975 -0.038192 0.000000
-0.569278 0.211353 -0.010677 2.000000
-0.001880 0.112851 0.046567 0.000000
0.408861 -0.120187 0.010506 0.000000
0.132794 -0.009489 0.375314 1.000000
-0.100714 0.085888 -0.088881 0.000000
0.184949 0.067775 -0.102459 0.000000
0.309805 0.107458 -0.061836 0.000000
-0.536371 0.160526 -0.012115 2.000000
-0.186413 0.039209 -0.858899 1.000000
0.509714 -0.008936 0.111857 0.000000
0.248580 0.115284 -0.044414 0.000000
0.564109 0.074384 0.090342 0.000000
0.205772 -0.069166 0.297690 3.000000
0.161250 -0.012172 -0.308396 1.000000
-0.803782 0.034535 0.020019 2.000000
0.108873 -0.185699 -0.176156 1.000000
-0.092335 0.025078 0.700190 1.000000
0.504957 -0.062999 0.096537 0.000000
-0.003511 -0.089906 0.079779 0.000000
0.211939 0.120926 0.014516 0.000000
-0.302531 -0.090072 -0.065320 0.000000
0.586453 0.015593 -0.118001 0.000000
0.083653 0.121258 -0.020991 0.000000
0.093498 -0.016320 -0.247945 1.000000
-0.071235 -0.114241 0.036639 0.000000
-0.460959 0.071011 0.088821 0.000000
0.099526 -0.112112 0.316411 3.000000
0.050303 -0.069774 0.092721 0.000000
-0.392101 -0.092284 0.018858 0.000000
0.711199 0.105025 -0.056526 0.000000
0.342768 -0.075416 0.090564 0.000000
0.019109 -0.001359 0.574393 1.000000
0.113353 -0.108821 0.051268 0.000000
0.206602 -0.090487 0.287679 3.000000
0.909697 -0.078098 0.007409 0.000000
0.170237 0.071757 -0.100524 0.000000
0.185806 0.117939 -0.034182 0.000000
-0.199410 0.050741 -0.110645 0.000000
-0.259391 0.024663 -0.118775 0.000000
-0.746373 0.252779 -0.011119 2.000000
0.114653 -0.118058 0.019881 0.000000
0.828368 0.073583 -0.056195 0.000000
0.375040 -0.088717 0.076460 0.000000
0.401588 -0.048177 -0.111474 0.000000
-0.364254 0.027041 -0.116452 0.000000
0.187963 -0.051440 0.332340 3.000000
0.151847 -0.081029 -0.301372 3.000000
-0.492650 0.003425 -0.107769 0.000000
0.394426 -0.116094 0.028426 0.000000
0.501252 0.113736 0.042501 0.000000
-0.166419 0.026295 0.723087 1.000000
-0.488613 0.013768 -0.108350 0.000000
0.344179 0.087935 -0.086310 0.000000
0.735451 -0.159040 -0.024144 0.000000
-0.107793 0.013878 -0.605784 1.000000
-0.776681 0.088737 -0.235529 2.000000
-0.003567 0.054778 -0.108709 0.000000
-0.669966 0.109200 -0.011700 2.000000
0.111971 -0.136890 -0.157573 1.000000
-0.093220 -0.113550 -0.047428 0.000000
-0.651852 -0.027796 0.032491 2.000000
0.086336 -0.023814 0.464055 1.000000
-0.124634 0.009813 -0.766397 1.000000
0.092005 -0.166839 0.161136 1.000000
-0.015181 -0.040130 -0.195514 1.000000
0.262047 -0.018891 0.111857 0.000000
-0.496605 0.119792 0.007630 0.000000
-0.703758 0.082210 -0.154559 2.000000
0.155249 -0.099640 -0.106358 0.000000
-0.438393 0.121092 -0.020051 0.000000
-0.719770 0.296140 0.002238 2.000000
0.133789 -0.015933 -0.211304 1.000000
0.326314 -0.023703 0.111857 0.000000
-0.174162 -0.120768 -0.015820 0.000000
0.867110 -0.025252 -0.082327 0.000000
-0.481810 0.045072 -0.107520 0.000000
-0.193022 0.015648 -0.789958 1.000000
0.195236 0.064070 0.096426 0.000000
-0.099691 -0.023841 0.628345 1.000000
-0.070378 -0.094524 0.068579 0.000000
-0.205162 0.015344 -0.738826 1.000000
-0.270038 -0.011176 0.110723 0.000000
-0.802814 0.221198 -0.006307 2.000000
0.335413 -0.062557 -0.104533 0.000000
0.019082 0.006605 0.483302 1.000000
0.731054 -0.072125 -0.091066 0.000000
0.168025 -0.109208 -0.058573 0.000000
0.117529 -0.067424 0.231570 1.000000
-0.334692 0.078062 0.088296 0.000000
-0.081992 -0.020578 -0.464087 1.000000
-0.096124 0.000273 -0.515412 1.000000
0.290309 -0.031225 0.128892 1.000000
0.053289 -0.026966 0.137547 1.000000
-0.675247 0.272634 0.002680 2.000000
0.032853 -0.062999 0.095928 0.000000
0.100550 -0.066152 0.323574 3.000000
0.058074 -0.038719 0.429902 1.000000
0.006002 0.043412 0.106382 0.000000
-0.548511 0.017528 0.091697 0.000000
0.322277 -0.008826 -0.119660 0.000000
-0.244652 0.026544 0.852561 1.000000
0.809038 0.088626 0.005114 0.000000
-0.511593 -0.019970 0.086167 0.000000
-0.785696 0.078615 0.176097 2.000000
0.451420 0.022949 -0.119660 0.000000
0.688965 -0.049836 -0.106718 0.000000
0.242081 -0.045218 0.239811 1.000000
0.480677 -0.093418 0.070570 0.000000
0.589744 0.119128 0.011004 0.000000
0.554402 0.027982 0.111055 0.000000
0.104864 -0.071987 -0.189347 1.000000
0.311769 -0.089574 0.093495 0.000000
-0.582331 -0.050195 -0.034569 0.000000
0.130886 -0.136392 -0.135782 1.000000
0.540520 0.093631 0.070681 0.000000
0.473875 -0.082301 0.084535 0.000000
0.182930 -0.061229 0.272331 1.000000
0.766008 -0.152818 0.004865 0.000000
0.019718 -0.002161 0.398488 1.000000
-0.459549 -0.008715 0.104805 0.000000
0.274436 -0.107577 -0.093859 0.000000
-0.111665 -0.012586 -0.554653 1.000000
0.685066 -0.118638 -0.001440 0.000000
-0.704146 0.227088 0.003040 2.000000
-0.648313 0.108426 0.018553 2.000000
0.130360 -0.111753 -0.384776 3.000000
0.830718 -0.081140 -0.063633 0.000000
0.323521 0.078007 -0.097509 0.000000
0.441188 -0.028349 -0.119660 0.000000
-0.009263 -0.006779 0.389279 1.000000
-0.079780 -0.014882 -0.581311 1.000000
-0.124441 0.020543 0.654312 1.000000
-0.023588 -0.036673 0.292242 1.000000
-0.315777 -0.025197 0.105967 0.000000
0.109067 -0.118915 -0.057799 0.000000
-0.804335 0.099771 0.006054 2.000000
0.013800 0.101706 -0.069054 0.000000
0.229029 -0.103318 0.094131 0.000000
0.084096 0.026903 0.111857 0.000000
0.100162 -0.004926 -0.370507 1.000000
0.172062 0.043495 -0.114129 0.000000
-0.307149 0.043882 0.950649 1.000000
-0.370061 0.118879 -0.030891 0.000000
-0.483054 -0.080200 -0.001883 0.000000
-0.035838 -0.026192 -0.507061 1.000000
0.605617 -0.120270 -0.010041 0.000000
0.611009 0.112547 0.037192 0.000000
0.143109 -0.154450 -0.171289 1.000000
-0.112688 0.096397 -0.075690 0.000000
-0.281514 0.015344 0.110474 0.000000
0.152317 -0.080283 0.147917 1.000000
0.001909 -0.040461 -0.390556 1.000000
-0.418566 0.118547 0.023780 0.000000
0.080197 -0.126796 -0.322942 3.000000
0.063908 -0.122372 -0.022070 0.000000
0.487895 -0.112306 -0.052821 0.000000
-0.137687 0.030775 -0.760120 1.000000
0.099305 -0.006364 -0.440388 1.000000
-0.769574 0.059949 0.101819 2.000000
0.003264 0.009232 -0.119660 0.000000
-0.224962 -0.006973 -0.119549 0.000000
0.371750 0.109394 -0.059402 0.000000
0.045629 -0.053293 0.290721 1.000000
-0.676602 0.336403 -0.010566 2.000000
0.183124 -0.084984 -0.136999 1.000000
0.064019 -0.047651 0.373350 1.000000
-0.085615 -0.093252 0.069906 0.000000
0.012915 -0.090598 0.098611 0.000000
-0.433001 -0.063414 -0.074004 0.000000
-0.637611 0.171919 0.004699 2.000000
0.227729 -0.083020 -0.136141 1.000000
0.660039 -0.107383 0.049996 0.000000
-0.689406 0.211851 0.003510 2.000000
0.404436 0.108454 -0.060564 0.000000
-0.244347 -0.059708 -0.102155 0.000000
0.300209 -0.054841 -0.162357 1.000000
-0.313095 0.034508 -0.117586 0.000000
-0.092805 -0.009351 0.620823 1.000000
-0.408970 0.036222 -0.115457 0.000000
-0.605920 0.277473 -0.005091 2.000000
-0.710008 0.252696 -0.013940 2.000000
-0.725937 0.245948 0.001408 2.000000
0.095185 -0.111504 -0.359694 3.000000
0.825796 -0.040572 -0.091840 0.000000
0.764045 -0.172591 0.004865 0.000000
-0.087606 -0.004982 -0.668586 1.000000
0.030558 -0.003516 -0.389339 1.000000
0.451669 0.012025 0.111857 0.000000
-0.759011 0.424978 -0.000998 2.000000
0.047565 -0.122372 -0.011783 0.000000
0.266831 -0.079536 0.138128 1.000000
-0.392239 -0.058575 -0.087388 0.000000
-0.281072 0.042057 0.914395 1.000000
0.321060 -0.097870 -0.072787 0.000000
0.332620 0.114648 -0.046322 0.000000
0.099554 -0.151463 0.121729 1.000000
-0.035755 -0.033327 -0.334004 1.000000
0.257899 -0.119772 0.012359 0.000000
-0.550557 -0.033161 -0.073755 0.000000
-0.063188 -0.026275 0.421827 1.000000
-0.084730 0.019907 -0.631668 1.000000
-0.714101 0.053561 -0.155527 2.000000
0.740125 -0.144992 0.015816 0.000000
-0.646322 0.078643 -0.159039 2.000000
0.054976 -0.001414 -0.386131 1.000000
0.111169 -0.132327 -0.179364 1.000000
-0.600693 -0.044941 0.030832 0.000000
-0.563720 0.002900 -0.096348 0.000000
-0.395973 -0.053873 0.084812 0.000000
-0.224824 0.011113 -0.119549 0.000000
-0.055887 0.017694 0.602489 1.000000
0.210805 -0.019998 0.161606 1.000000
0.421360 -0.024312 -0.119660 0.000000
0.761390 -0.152155 0.015816 0.000000
-0.001852 -0.044361 -0.300405 1.000000
0.260001 -0.094884 -0.076520 0.000000
0.181934 0.122972 0.006386 0.000000
-0.269512 0.083593 0.083733 0.000000
0.974877 -0.044803 -0.003542 0.000000
-0.708570 0.090202 -0.242276 2.000000
0.024170 -0.008189 -0.363289 1.000000
-0.731136 0.082791 0.157651 2.000000
0.230716 0.125157 -0.005561 0.000000
-0.831159 0.463140 -0.008160 2.000000
0.596629 -0.120187 0.004422 0.000000
-0.031801 -0.023952 -0.336493 1.000000
0.117363 -0.021906 -0.162247 1.000000
0.188018 -0.017205 0.213595 1.000000
0.852509 -0.058187 0.066947 0.000000
-0.668804 0.343261 -0.002436 2.000000
-0.183150 0.021538 0.706107 1.000000
0.053732 -0.067258 0.191361 1.000000
0.071873 -0.000585 0.411236 1.000000
0.418097 0.080330 0.088047 0.000000
0.111971 -0.156082 0.151429 1.000000
0.818772 -0.025086 -0.095131 0.000000
0.015542 0.008679 0.519058 1.000000
-0.088740 -0.031474 0.460072 1.000000
0.442377 0.045597 0.105331 0.000000
-0.180495 -0.055975 0.098196 0.000000
-0.794850 0.074606 0.246420 2.000000
0.376036 0.035586 0.110142 0.000000
0.810614 -0.104812 0.012470 0.000000
0.272279 -0.119662 -0.020632 0.000000
0.236440 -0.120353 0.337290 3.000000
0.216668 -0.030395 0.258311 1.000000
0.082824 -0.057109 0.098915 0.000000
0.057852 -0.015711 0.512034 1.000000
-0.057381 -0.024284 -0.501585 1.000000
0.856574 -0.039438 0.075243 0.000000
0.229416 -0.075941 0.346582 3.000000
-0.503850 -0.073037 -0.015793 0.000000
-0.700717 0.058401 0.194127 2.000000
0.761252 0.061249 0.081825 0.000000
0.828091 -0.093778 0.042087 0.000000
0.964120 -0.014937 0.027845 0.000000
0.075634 -0.060483 -0.260556 1.000000
-0.305047 -0.086643 0.061029 0.000000
-0.724831 0.073942 -0.054729 2.000000
0.497436 0.119930 -0.023176 0.000000
0.032411 0.083925 -0.091342 0.000000
0.230799 -0.123422 -0.353638 3.000000
-0.246974 -0.116896 0.006524 0.000000
0.198693 -0.047845 0.339751 3.000000
-0.148638 0.033402 -0.118996 0.000000
0.328859 -0.071655 -0.108903 0.000000
0.281709 -0.024699 -0.128177 1.000000
0.043002 0.064180 0.096371 0.000000
0.105859 0.120400 0.016590 0.000000
0.386987 -0.105586 0.055305 0.000000
0.177593 -0.077296 0.377692 3.000000
-0.755056 0.063572 -0.208760 2.000000
0.205523 -0.037364 0.334635 3.000000
-0.144545 0.008154 0.750215 1.000000
0.117999 -0.099253 -0.385467 3.000000
-0.695186 0.078726 -0.255135 2.000000
-0.573233 -0.056196 0.009981 0.000000
0.041786 0.002374 -0.532336 1.000000
0.145846 -0.069913 0.224905 1.000000
0.297886 -0.118251 -0.026882 0.000000
-0.101848 0.041394 -0.115152 0.000000
-0.293073 0.039817 0.916110 1.000000
-0.007189 -0.033244 0.454569 1.000000
-0.350759 -0.020938 -0.114157 0.000000
-0.133014 -0.006171 0.612278 1.000000
0.088603 -0.165677 0.135888 1.000000
0.562090 0.082902 0.086305 0.000000
0.035342 -0.005977 -0.369705 1.000000
0.789957 -0.108379 -0.011810 0.000000
-0.036640 -0.111559 0.047839 0.000000
-0.129585 -0.006696 -0.570581 1.000000
0.444894 0.104333 -0.065763 0.000000
0.791809 -0.083795 0.060200 0.000000
0.178091 -0.094663 -0.295012 3.000000
0.831769 -0.060068 -0.080723 0.000000
-0.756328 0.103504 0.006856 2.000000
0.078648 -0.002382 0.384771 1.000000
0.107795 -0.019472 0.197611 1.000000
0.239371 -0.116260 -0.063716 0.000000
0.538363 -0.035345 -0.117365 0.000000
-0.209725 0.099964 -0.071238 0.000000
-0.049499 -0.011702 0.111857 0.000000
-0.700495 0.358886 -0.010704 2.000000
0.512369 0.117663 0.025273 0.000000
-0.169848 0.073970 0.091670 0.000000
0.172477 -0.148311 -0.346448 3.000000
-0.000746 -0.036977 -0.158818 1.000000
0.374791 0.031659 -0.119660 0.000000
0.013662 -0.020136 -0.560018 1.000000
-0.113656 0.077979 0.089734 0.000000
-0.709013 0.055469 0.165948 2.000000
-0.492788 -0.041899 -0.082632 0.000000
0.862548 0.018911 0.071759 0.000000
0.305961 -0.004650 -0.119660 0.000000
-0.023643 0.040647 0.107709 0.000000
0.747536 -0.015296 -0.107962 0.000000
-0.245592 -0.060593 0.093854 0.000000
0.484743 -0.118334 -0.026439 0.000000
0.163932 -0.084624 -0.132076 1.000000
0.069522 -0.110342 -0.372691 3.000000
-0.000082 -0.080255 -0.093334 0.000000
0.004011 -0.006917 0.378605 1.000000
0.028595 -0.091565 -0.080502 0.000000
0.072039 0.002042 -0.468650 1.000000
0.090898 -0.131083 0.317020 3.000000
-0.279578 -0.107051 0.028204 0.000000
0.730446 -0.110757 0.030610 0.000000
-0.113656 -0.115320 0.031910 0.000000
0.043223 -0.086781 0.106852 0.000000
-0.748032 0.201730 -0.010345 2.000000
-0.513501 0.129443 0.001270 2.000000
-0.680806 0.053506 -0.175935 2.000000
0.260194 0.093825 0.071123 0.000000
0.521245 -0.017481 0.111857 0.000000
-0.189814 0.031438 -0.781911 1.000000
0.040735 -0.028238 -0.137552 1.000000
0.555287 0.079113 -0.096044 0.000000
-0.796454 0.373349 -0.001993 2.000000
0.704147 -0.113550 -0.035648 0.000000
-0.628291 0.038905 -0.093997 2.000000
0.253862 -0.052435 0.342295 3.000000
-0.190340 0.024525 0.859447 1.000000
-0.162824 0.008486 0.737024 1.000000
-0.022482 -0.034378 -0.429603 1.000000
0.052736 0.001213 -0.429437 1.000000
-0.155413 0.032655 -0.773864 1.000000
0.038965 0.002402 0.426556 1.000000
-0.600665 0.212017 0.001270 2.000000
-0.057574 -0.030783 0.478075 1.000000
-0.172946 0.005333 0.681191 1.000000
0.116008 0.009647 0.111857 0.000000
-0.814816 0.082238 0.243433 2.000000
0.128452 -0.102101 0.291800 3.000000
-0.162935 0.002181 0.667752 1.000000
-0.142582 -0.056943 0.097975 0.000000
-0.744575 0.072062 0.272580 2.000000
-0.585981 0.106269 0.005722 2.000000
-0.095930 -0.086698 -0.085176 0.000000
-0.353109 0.032904 -0.116701 0.000000
0.494421 0.115284 -0.043585 0.000000
0.064738 -0.064465 -0.103123 0.000000
0.134564 0.016975 -0.119660 0.000000
-0.149136 -0.042729 -0.112221 0.000000
0.299380 0.033540 -0.118941 0.000000
0.275625 -0.114076 0.037358 0.000000
0.223470 -0.095188 0.286739 3.000000
0.104449 -0.021021 -0.189071 1.000000
0.015736 -0.006530 -0.380407 1.000000
0.474870 0.093936 -0.078788 0.000000
-0.677211 0.042998 -0.095491 2.000000
0.239648 -0.074835 0.174520 1.000000
0.266887 -0.142614 0.312955 3.000000
0.896008 -0.045716 0.057379 0.000000
0.646572 -0.068779 0.090398 0.000000
-0.696347 0.044463 0.087356 2.000000
-0.075577 -0.007139 -0.119660 0.000000
-0.799800 0.025410 0.015152 2.000000
-0.668721 0.246197 0.003288 2.000000
0.117889 0.093576 0.071455 0.000000
-0.661863 0.108399 -0.020632 2.000000
0.143109 -0.156856 -0.130583 1.000000
-0.718581 0.098581 0.028094 2.000000
-0.126211 0.030498 0.111857 0.000000
-0.730112 0.081962 -0.299354 2.000000
0.226733 -0.021740 0.131298 1.000000
-0.780221 0.087050 -0.038192 2.000000
0.691288 0.117303 -0.014355 0.000000
-0.173416 0.010975 -0.759926 1.000000
0.232126 -0.076328 0.167552 1.000000
0.644692 -0.094773 -0.072261 0.000000
0.787855 0.049690 -0.089794 0.000000
0.058737 -0.032248 -0.478107 1.000000
0.249880 -0.101548 -0.351204 3.000000
-0.167028 0.006467 -0.718916 1.000000
0.173638 -0.058768 -0.296616 1.000000
0.733958 0.102702 -0.050332 0.000000
-0.606832 0.091253 -0.064214 0.000000
0.442377 -0.120657 0.008543 0.000000
0.187189 -0.116039 0.028675 0.000000
-0.778617 0.095401 0.298160 2.000000
-0.561010 -0.012559 0.079474 0.000000
-0.145015 0.027567 -0.725248 1.000000
-0.688632 0.361043 -0.009570 2.000000
-0.834450 0.432002 -0.003404 2.000000
0.965751 -0.051302 -0.003901 0.000000
0.119714 -0.057717 -0.310526 1.000000
-0.053509 -0.027990 -0.463727 1.000000
-0.586949 0.097420 -0.017479 2.000000
0.321586 0.009896 0.111857 0.000000
0.774277 -0.121680 -0.023425 0.000000
0.887021 -0.001940 -0.076271 0.000000
-0.267908 0.116529 0.032214 0.000000
0.706525 -0.083159 0.076405 0.000000
-0.774967 0.087465 0.214259 2.000000
-0.199797 0.013242 0.737965 1.000000
0.000747 -0.063718 -0.145267 1.000000
-0.487341 0.010698 0.100740 0.000000
-0.573454 0.020432 -0.095822 0.000000
0.044689 0.001047 -0.415250 1.000000
0.085036 -0.120215 -0.315310 3.000000
-0.100272 -0.012614 0.573397 1.000000
0.642313 -0.034792 -0.115401 0.000000
0.542069 0.027594 0.111387 0.000000
0.264149 -0.022818 0.152729 1.000000
0.837880 -0.087113 -0.054287 0.000000
-0.793273 0.082349 0.209060 2.000000
-0.359000 -0.093308 -0.044027 0.000000
0.099195 -0.098645 -0.071819 0.000000
0.012279 -0.025722 -0.525367 1.000000
-0.293460 -0.071212 0.081438 0.000000
0.106163 -0.122344 0.036639 0.000000
0.212602 -0.044416 -0.284504 1.000000
0.375704 -0.012642 -0.119660 0.000000
0.340058 -0.101051 0.061002 0.000000
-0.037166 0.015676 0.587362 1.000000
-0.100686 -0.028377 0.464276 1.000000
0.251594 -0.021823 0.164371 1.000000
-0.157487 0.029060 -0.744025 1.000000
0.113132 -0.084265 0.154720 1.000000
0.212713 -0.112195 -0.053319 0.000000
0.118386 -0.150357 -0.157269 1.000000
-0.069548 -0.000972 0.683625 1.000000
-0.082131 0.011251 0.561866 1.000000
0.441713 0.114648 0.038492 0.000000
0.401505 0.044408 -0.113687 0.000000
0.000305 -0.025307 -0.529571 1.000000
-0.595439 0.113929 0.004395 0.000000
-0.030086 -0.036839 -0.115595 0.000000
0.011366 -0.062474 0.096122 0.000000
-0.042752 -0.022431 -0.541821 1.000000
-0.640376 0.199683 0.004173 2.000000
-0.083126 0.005195 -0.530290 1.000000
0.260554 -0.035788 -0.117448 0.000000
-0.158925 0.016561 0.805440 1.000000
0.520278 -0.121321 0.005528 0.000000
0.217165 -0.044499 0.105414 0.000000
0.452803 0.091032 -0.082410 0.000000
0.152041 -0.145601 -0.337239 3.000000
-0.498291 -0.048923 0.064099 0.000000
-0.555811 -0.054537 0.037607 0.000000
-0.109591 -0.012282 0.509213 1.000000
0.231490 -0.074890 0.333197 3.000000
0.162190 -0.051633 -0.333810 1.000000
0.005393 -0.054426 -0.107769 0.000000
0.057161 -0.090127 0.339530 3.000000
0.166504 -0.067700 -0.243355 1.000000
-0.747590 0.315331 0.000966 2.000000
-0.328332 0.010007 -0.117254 0.000000
0.070048 0.123359 -0.012668 0.000000
-0.657549 0.199822 0.004173 2.000000
-0.152869 0.031770 0.755165 1.000000
0.059041 -0.113274 0.040815 0.000000
-0.714543 0.369864 -0.000694 2.000000
0.222005 -0.059017 0.242327 1.000000
-0.197613 -0.120298 -0.017811 0.000000
-0.340195 0.055110 -0.107326 0.000000
0.022290 -0.020827 -0.274382 1.000000
-0.819434 0.083870 0.286794 2.000000
0.044634 0.004808 -0.488920 1.000000
0.068665 0.050298 -0.110866 0.000000
-0.106051 0.118354 0.024665 0.000000
0.545664 0.097531 -0.073368 0.000000
-0.335300 -0.083269 -0.067256 0.000000
-0.287487 0.042998 0.105828 0.000000
-0.668721 0.128337 -0.015544 2.000000
0.662307 0.007905 -0.115927 0.000000
-0.767196 0.064484 0.200349 2.000000
-0.342767 0.016616 -0.116922 0.000000
-0.723669 0.073306 0.056743 2.000000
-0.016840 -0.032995 -0.452776 1.000000
-0.191888 -0.119910 0.011778 0.000000
0.205993 -0.064658 -0.309115 3.000000
-0.054809 -0.029068 -0.451836 1.000000
-0.199023 -0.060842 0.095901 0.000000
-0.220648 -0.036313 -0.114599 0.000000
-0.212297 0.121534 0.012110 0.000000
0.691205 -0.093363 0.065205 0.000000
-0.140591 -0.093335 -0.077211 0.000000
0.433141 -0.016983 -0.119660 0.000000
0.519199 0.078090 0.089679 0.000000
0.159867 -0.122316 -0.016677 0.000000
0.253198 0.048915 -0.111530 0.000000
0.618918 0.114731 -0.034514 0.000000
0.095655 -0.020744 0.194707 1.000000
0.415359 0.117580 0.025633 0.000000
0.144906 -0.120159 -0.383615 3.000000
-0.153726 0.014846 -0.648592 1.000000
0.173445 -0.064548 -0.261385 1.000000
0.223996 -0.147039 -0.357509 3.000000
0.043362 -0.118307 -0.026605 0.000000
0.298080 -0.091261 -0.109234 0.000000
0.068858 -0.002438 -0.378830 1.000000
0.012639 -0.086449 0.078507 0.000000
0.189124 -0.066732 0.094601 0.000000
0.596353 -0.117228 -0.028652 0.000000
0.029977 0.003785 0.442263 1.000000
-0.344647 0.099826 0.063021 0.000000
0.241224 -0.068668 0.201206 1.000000
0.269541 -0.051661 -0.205801 1.000000
0.085091 0.114261 0.040953 0.000000
-0.754918 0.088598 0.222610 2.000000
-0.103590 -0.028266 -0.479020 1.000000
0.820514 0.027511 -0.093831 0.000000
-0.723890 0.075242 0.077262 2.000000
0.815398 0.010256 0.087936 0.000000
0.215423 -0.139462 -0.314065 3.000000
-0.069521 0.085999 -0.088743 0.000000
0.173500 -0.014826 -0.263791 1.000000
0.256572 -0.146679 -0.357952 3.000000
-0.018334 -0.032414 0.449868 1.000000
-0.823969 0.316216 -0.004150 2.000000
-0.301480 0.076541 -0.097288 0.000000
0.007661 -0.110923 -0.056416 0.000000
0.200020 -0.120381 -0.017479 0.000000
0.174772 -0.084956 0.289532 3.000000
0.275017 -0.062059 -0.320426 3.000000
-0.743414 0.074799 -0.097260 2.000000
-0.013301 0.119737 -0.026992 0.000000
0.727210 -0.041346 0.099883 0.000000
-0.282537 -0.053901 -0.101879 0.000000
-0.767141 0.467786 -0.007137 2.000000
0.470943 -0.045384 -0.112829 0.000000
-0.837271 0.404653 -0.003791 2.000000
-0.316634 -0.086035 0.059619 0.000000
0.273330 -0.119413 -0.050028 0.000000
0.094493 -0.163769 0.121729 1.000000
0.423158 0.061553 0.097643 0.000000
-0.275983 0.045376 0.930296 1.000000
0.177067 -0.013084 0.111857 0.000000
-0.031110 0.106767 -0.062721 0.000000
0.750301 -0.139462 -0.006556 0.000000
-0.639436 0.077371 -0.092725 2.000000
-0.034235 -0.024975 0.515435 1.000000
0.205412 -0.038304 -0.116148 0.000000
0.188571 -0.114767 0.064099 0.000000
-0.281708 -0.043780 -0.106552 0.000000
0.195817 -0.055394 -0.363123 3.000000
-0.636449 -0.034709 -0.038386 2.000000
0.051188 -0.004760 -0.366027 1.000000
-0.165064 0.055552 -0.108350 0.000000
-0.435628 0.098250 -0.072400 0.000000
0.204998 -0.075277 -0.189596 1.000000
0.565077 0.077205 -0.096680 0.000000
-0.768026 0.189369 -0.002104 2.000000
-0.141918 -0.102876 0.058402 0.000000
-0.761361 0.056603 0.092499 2.000000
0.101877 -0.010070 0.111857 0.000000
0.258176 -0.116371 -0.035012 0.000000
-0.141724 0.097973 0.065924 0.000000
-0.705694 0.089096 -0.228228 2.000000
0.130830 -0.106609 0.378052 3.000000
0.085976 -0.044361 0.390828 1.000000
0.652905 0.079058 -0.091896 0.000000
0.850712 -0.066705 -0.070962 0.000000
-0.191999 0.012910 -0.764434 1.000000
-0.727264 0.047146 -0.060011 2.000000
0.407755 0.006329 0.111857 0.000000
0.410907 0.078920 -0.097094 0.000000
-0.703012 0.061028 0.212793 2.000000
-0.203116 0.014735 -0.728650 1.000000
0.847089 0.061719 0.056356 0.000000
0.596602 0.007518 0.109921 0.000000
-0.190367 0.010200 -0.735784 1.000000
-0.114624 -0.004760 0.645850 1.000000
0.024308 -0.074946 0.090149 0.000000
-0.652627 0.044491 -0.122564 2.000000
0.814181 -0.009655 -0.095961 0.000000
0.811886 0.085391 0.034039 0.000000
-0.132488 -0.006254 -0.619667 1.000000
0.069965 0.076680 0.090342 0.000000
-0.230521 0.029447 -0.803979 1.000000
-0.698947 0.051764 -0.150853 2.000000
0.123143 -0.076494 0.370226 3.000000
-0.082988 -0.019251 0.420666 1.000000
0.022013 0.081409 -0.094495 0.000000
0.427029 -0.060953 0.097532 0.000000
0.243934 -0.112831 0.382310 3.000000
-0.703371 0.087465 0.201980 2.000000
-0.817305 0.092995 0.387398 2.000000
-0.645381 -0.005424 0.061168 2.000000
-0.770985 0.085916 0.197335 2.000000
0.416742 0.048252 0.104059 0.000000
0.000222 -0.006447 -0.392298 1.000000
-0.719715 0.332145 0.001657 2.000000
0.361048 0.055276 0.100657 0.000000
-0.662388 0.149049 -0.016152 2.000000
-0.094934 -0.017232 0.500751 1.000000
-0.229636 0.021649 0.765397 1.000000
-0.075549 -0.021353 -0.409167 1.000000
-0.671348 0.259028 -0.014493 2.000000
0.135227 -0.133323 -0.372332 3.000000
0.023728 -0.002023 -0.404327 1.000000
0.259420 -0.086173 0.112272 0.000000
0.066895 -0.058768 -0.267414 1.000000
0.016952 -0.053790 -0.265810 1.000000
-0.152509 0.004918 0.709066 1.000000
0.581116 -0.111780 -0.053070 0.000000
-0.471246 -0.024090 0.092804 0.000000
0.228780 -0.066981 -0.226929 1.000000
-0.423599 0.095705 -0.075635 0.000000
0.084759 -0.003986 0.360989 1.000000
-0.119850 -0.010319 0.569083 1.000000
-0.484188 0.074772 -0.092089 0.000000
-0.808898 0.251258 -0.006390 2.000000
-0.229083 0.045514 -0.925821 1.000000
0.106716 -0.185201 -0.137662 1.000000
-0.017642 0.000024 0.440328 1.000000
-0.458415 -0.074835 0.045294 0.000000
-0.193492 0.011611 0.676490 1.000000
-0.668445 0.247386 -0.014742 2.000000
-0.258147 0.043799 0.908173 1.000000
0.036199 -0.025445 0.515905 1.000000
-0.171148 0.006439 -0.635180 1.000000
-0.072175 -0.003793 0.666341 1.000000
-0.284390 0.113127 0.045792 0.000000
-0.429212 -0.053210 -0.087471 0.000000
-0.025109 0.036305 -0.117614 0.000000
-0.771538 0.180879 -0.008243 2.000000
-0.736639 0.237514 -0.011645 2.000000
0.040652 -0.031280 0.478932 1.000000
