0.162006 -0.040570 0.013017 1.000000
-0.201249 -0.031423 0.075297 0.000000
0.018628 0.020735 -0.384651 1.000000
0.146336 0.070218 -0.718466 1.000000
-0.576350 0.109156 0.163267 2.000000
-0.012911 -0.139312 0.048280 0.000000
0.025926 0.031881 0.544116 1.000000
0.162331 0.058747 0.345607 1.000000
-0.139794 -0.149409 0.035710 0.000000
0.033973 0.019660 -0.380178 1.000000
0.010331 0.047876 0.735628 1.000000
-0.615912 0.057198 0.154545 2.000000
-0.637230 0.019210 0.342933 2.000000
0.165655 -0.222760 -0.022371 0.000000
-0.419227 -0.018302 0.052329 0.000000
0.013180 0.055823 -0.824006 1.000000
0.121295 0.033705 0.565959 1.000000
-0.324883 -0.037771 0.075022 0.000000
0.048993 0.021010 0.412510 1.000000
-0.666370 0.140770 0.316517 2.000000
0.195320 0.049425 0.014542 1.000000
0.075285 -0.059314 0.166316 1.000000
0.028625 -0.034047 -0.292782 3.000000
0.293413 -0.028749 -0.231577 3.000000
0.389131 -0.125667 -0.041915 0.000000
0.725870 -0.014129 0.011368 0.000000
0.203217 -0.112721 -0.059459 0.000000
0.000709 -0.151233 -0.002578 0.000000
-0.010737 0.038629 -0.394273 1.000000
0.132916 0.044177 0.322465 1.000000
-0.335329 -0.135064 0.044082 0.000000
-0.039527 0.008464 0.030311 0.000000
0.120145 -0.001033 0.142524 1.000000
-0.025657 -0.001883 -0.291582 1.000000
0.153159 0.053899 -0.129536 1.000000
-0.002964 0.049650 -0.731187 1.000000
0.502593 0.028707 0.068024 0.000000
0.071436 0.046576 0.171140 1.000000
0.105425 -0.107023 -0.064332 0.000000
-0.127798 -0.001483 -0.035367 0.000000
0.197769 -0.095877 -0.069581 0.000000
0.100726 0.059397 -0.880187 1.000000
0.222586 0.019410 0.161993 1.000000
0.712449 -0.023351 -0.037341 0.000000
0.113422 0.057498 0.320740 1.000000
0.116746 -0.033472 0.236718 3.000000
-0.021683 -0.132015 0.063850 0.000000
0.229384 -0.232257 -0.001253 0.000000
-0.572051 0.036754 -0.325846 2.000000
0.292063 -0.023426 -0.132610 1.000000
0.279742 -0.008256 0.042357 0.000000
0.388731 -0.051216 0.086918 0.000000
0.018229 0.034305 0.062101 1.000000
0.563623 0.023459 0.075047 0.000000
-0.049874 -0.007606 0.062501 1.000000
0.258349 -0.008755 0.320465 3.000000
0.555526 -0.096751 -0.062233 0.000000
0.277093 -0.007956 -0.188316 1.000000
0.376085 0.066695 0.031761 0.000000
-0.594594 0.080715 -0.255519 2.000000
-0.626733 0.157315 -0.143781 2.000000
0.316705 -0.048067 -0.269315 3.000000
0.188672 0.026283 0.372573 1.000000
0.017579 0.035205 -0.569865 1.000000
-0.659097 0.090237 0.312843 2.000000
-0.664870 0.069594 -0.177770 2.000000
-0.297417 -0.014229 0.061351 0.000000
0.336648 0.008664 -0.287459 3.000000
-0.653599 0.062271 -0.320448 2.000000
0.038072 -0.005282 -0.238425 3.000000
0.115471 -0.034272 0.135427 1.000000
-0.572376 0.053499 -0.124537 2.000000
0.131691 -0.014004 0.235519 3.000000
-0.043976 0.026533 -0.400071 1.000000
0.028125 0.060871 0.745750 1.000000
0.208991 0.009588 -0.083651 1.000000
0.050668 0.023459 0.444374 1.000000
0.027601 -0.006881 -0.062783 1.000000
-0.612488 0.017211 0.015341 0.000000
-0.530015 0.031156 0.012242 0.000000
-0.031005 0.035855 0.510678 1.000000
0.143737 0.069369 -0.655687 1.000000
0.278143 0.038054 0.248264 3.000000
-0.651150 -0.044819 0.016741 0.000000
0.195895 0.049125 0.034860 0.000000
-0.463362 -0.079607 -0.044989 0.000000
0.251252 -0.099850 -0.066782 0.000000
0.119845 -0.010455 0.068099 1.000000
0.094004 0.078141 -0.927497 1.000000
0.073610 0.042103 0.009718 1.000000
0.121969 0.032031 0.322790 1.000000
-0.515395 -0.118794 0.018515 0.000000
0.750236 -0.024250 -0.008501 0.000000
0.069986 0.063646 0.638485 1.000000
0.262748 -0.042844 -0.227004 3.000000
0.180725 0.052774 0.129179 1.000000
-0.366169 -0.015203 -0.042515 0.000000
0.034198 0.059147 0.667176 1.000000
-0.374491 -0.130840 0.042682 0.000000
0.105700 0.073667 -0.769224 1.000000
0.317230 -0.064062 -0.282335 3.000000
0.134290 0.026058 -0.446906 1.000000
0.637549 0.023184 -0.013699 0.000000
0.096928 0.019710 0.395516 1.000000
-0.649101 0.039104 0.063126 2.000000
0.146261 0.054299 -0.310276 1.000000
-0.659422 0.067819 0.332311 2.000000
-0.199174 0.009588 0.010968 0.000000
-0.083038 0.000416 -0.061008 1.000000
0.038472 0.052899 0.480163 1.000000
0.175702 -0.053041 -0.152303 1.000000
0.349619 0.069294 -0.015573 0.000000
-0.585597 -0.028049 -0.332469 2.000000
-0.058521 0.005990 -0.081652 1.000000
-0.044676 0.022159 -0.194239 1.000000
0.055666 -0.035822 0.186610 1.000000
-0.516520 0.058047 0.129279 2.000000
-0.058846 -0.091703 -0.071305 0.000000
0.130167 -0.058664 0.177538 1.000000
-0.578274 0.081040 0.267833 2.000000
0.071361 0.007764 0.185135 1.000000
-0.631157 0.062196 -0.165974 2.000000
0.274019 -0.228033 -0.015374 0.000000
0.257400 -0.162155 0.008294 0.000000
-0.675567 0.038904 -0.024870 2.000000
0.216063 0.056573 -0.289708 3.000000
0.281092 0.000591 -0.038641 0.000000
-0.570452 -0.109472 0.002995 0.000000
0.055666 -0.009855 -0.178195 1.000000
-0.639079 0.184581 -0.295356 2.000000
0.053742 0.036155 -0.596756 1.000000
0.293113 0.044427 0.309794 3.000000
0.054467 0.051550 -0.379378 1.000000
0.010556 0.042578 -0.364058 1.000000
0.115471 0.046001 -0.244048 3.000000
0.291313 0.003565 -0.146755 1.000000
0.372786 -0.114246 -0.054785 0.000000
-0.052848 0.020035 0.222548 1.000000
0.250427 -0.076558 0.244366 3.000000
-0.489353 -0.087329 -0.036542 0.000000
0.645096 -0.116145 -0.001778 0.000000
-0.586796 -0.050217 -0.018323 0.000000
0.055591 -0.026425 -0.031768 1.000000
0.288514 0.022359 0.014217 0.000000
0.109673 0.069968 -0.656986 1.000000
0.154334 0.066520 -0.597506 1.000000
0.063839 -0.027199 -0.063333 0.000000
0.022227 0.051650 -0.531728 1.000000
0.024452 0.060447 -0.741133 1.000000
-0.527366 0.067219 0.181536 2.000000
-0.387587 -0.001458 0.031886 0.000000
0.181750 0.011038 0.037009 0.000000
0.237731 -0.218861 0.030086 0.000000
0.056241 -0.146185 0.008194 0.000000
0.195095 0.051100 -0.221130 1.000000
-0.294793 -0.149809 0.010593 0.000000
-0.654274 0.002066 0.340109 2.000000
0.308882 -0.047768 0.279804 3.000000
0.304159 -0.012554 0.247964 3.000000
0.042646 0.014937 -0.311351 1.000000
0.000335 0.034030 -0.177095 1.000000
-0.015985 0.002216 -0.078803 1.000000
0.280617 -0.015803 -0.154477 3.000000
0.246653 -0.168403 -0.018572 0.000000
0.381184 0.076841 -0.021297 0.000000
-0.578349 -0.009580 0.343083 2.000000
-0.022358 0.008064 -0.021571 0.000000
0.015405 -0.052166 0.261960 3.000000
0.000884 0.045227 -0.488942 1.000000
-0.606915 0.119627 -0.311376 2.000000
-0.543386 0.048026 0.102413 2.000000
-0.011686 0.035005 -0.295656 1.000000
0.043170 0.028657 0.512052 1.000000
0.056116 0.044377 -0.162400 1.000000
0.272869 -0.196543 -0.033418 0.000000
-0.621010 0.177833 -0.297530 2.000000
0.220237 0.029957 -0.240449 1.000000
-0.003264 0.043452 0.666826 1.000000
-0.150865 -0.077558 -0.074404 0.000000
-0.574975 0.076366 0.168766 2.000000
0.152909 0.056073 0.230345 1.000000
-0.141244 -0.117869 -0.060059 0.000000
0.627077 0.035180 0.027012 0.000000
0.116871 0.054249 -0.185167 1.000000
0.062539 -0.151183 0.005245 0.000000
0.119920 0.072718 0.755721 1.000000
0.439914 -0.043644 -0.074504 0.000000
0.022627 -0.040495 -0.246697 3.000000
-0.011387 -0.018052 0.262485 3.000000
0.306308 -0.021051 0.187409 3.000000
0.263023 -0.042944 -0.277712 3.000000
0.468430 -0.003207 0.078895 0.000000
0.233507 0.011663 -0.308851 3.000000
-0.008488 -0.026625 -0.248971 3.000000
0.420845 -0.026825 -0.071030 0.000000
0.548603 -0.124517 -0.026445 0.000000
-0.280872 -0.021426 -0.055910 0.000000
0.125793 0.057623 0.322065 1.000000
-0.645827 0.068394 0.328163 2.000000
-0.643278 0.074067 0.235643 2.000000
0.211490 0.038079 -0.320772 1.000000
0.313106 -0.145785 0.013767 0.000000
0.162531 0.004315 -0.109467 1.000000
0.081608 -0.043994 -0.130310 1.000000
0.159507 -0.118744 -0.280286 3.000000
0.285465 -0.004807 0.032911 0.000000
-0.649850 0.033930 -0.319498 2.000000
0.089705 -0.062063 0.245465 3.000000
0.322778 0.047601 -0.247747 3.000000
0.121095 0.063771 -0.461451 1.000000
-0.418127 0.000916 0.028237 0.000000
-0.668369 -0.037921 0.000746 0.000000
-0.553982 0.077741 0.214101 2.000000
-0.525716 -0.016278 0.038859 0.000000
0.256450 -0.010555 -0.119214 1.000000
0.113597 0.034530 -0.236625 3.000000
0.175851 -0.027999 0.039383 1.000000
0.100202 -0.038446 -0.069756 0.000000
-0.639929 -0.057739 -0.342490 2.000000
0.183349 0.055523 -0.340041 1.000000
0.030500 -0.094627 -0.259993 3.000000
0.039996 0.059997 -0.644041 1.000000
-0.572226 0.071668 -0.165924 2.000000
0.089955 0.056548 0.861761 1.000000
0.138989 -0.092078 -0.234076 3.000000
-0.677716 0.113479 -0.306377 2.000000
0.057016 0.075942 -0.977855 1.000000
-0.012086 0.005315 -0.130211 1.000000
0.045844 0.017336 -0.352562 1.000000
0.534533 -0.128616 0.021039 0.000000
0.017004 0.034680 -0.070630 1.000000
-0.588146 0.079990 0.322340 2.000000
-0.599342 0.096135 -0.316524 2.000000
0.604385 -0.070485 -0.071655 0.000000
-0.454415 -0.003882 0.034985 0.000000
-0.000965 0.035805 -0.242973 1.000000
0.017154 0.064570 0.946983 1.000000
0.040096 0.041778 -0.154153 1.000000
-0.355298 -0.066236 -0.066682 0.000000
0.098877 0.068444 0.992743 1.000000
0.230608 0.027383 -0.129186 1.000000
-0.555707 0.035480 0.046781 2.000000
-0.631731 0.132148 -0.307527 2.000000
0.279542 -0.019427 -0.136159 1.000000
-0.026307 -0.006956 0.281903 3.000000
0.022827 0.049250 0.478288 1.000000
0.141588 0.033281 0.538968 1.000000
-0.259130 -0.120194 0.069598 0.000000
0.083957 -0.029549 0.040308 1.000000
-0.113178 -0.107498 0.005545 0.000000
0.284441 0.027158 -0.303028 3.000000
0.021677 -0.036621 -0.281211 1.000000
0.125243 0.069943 -0.661760 1.000000
0.021478 -0.187971 0.013167 0.000000
-0.535838 -0.073384 -0.027694 0.000000
-0.653849 0.125275 0.163867 2.000000
0.178301 0.059122 -0.532353 1.000000
-0.248483 -0.055515 -0.072080 0.000000
-0.606490 0.048651 -0.100670 2.000000
0.170628 -0.040970 -0.180619 1.000000
0.030150 0.047526 -0.732836 1.000000
0.427718 -0.020851 0.082219 0.000000
-0.520543 0.025208 0.018440 0.000000
0.142488 0.033955 0.245490 3.000000
0.167679 0.054099 0.167316 1.000000
-0.005738 -0.016378 0.251688 1.000000
-0.032780 0.032681 0.501381 1.000000
0.088555 0.019510 0.392991 1.000000
-0.516320 0.032131 0.004695 2.000000
0.123819 0.010963 -0.020172 0.000000
0.127343 -0.008356 -0.051811 0.000000
0.271545 -0.045718 0.283353 3.000000
0.481650 -0.022001 -0.071555 0.000000
0.055666 -0.178724 -0.012649 0.000000
-0.528366 0.070643 -0.186867 2.000000
0.086006 0.077741 -0.934794 1.000000
0.354692 0.045152 -0.025845 0.000000
-0.082588 -0.120643 0.069973 0.000000
-0.655249 0.051475 -0.075579 2.000000
0.659616 -0.101050 0.058077 0.000000
0.146011 -0.056115 -0.315099 3.000000
-0.007863 0.020885 -0.263816 3.000000
-0.171933 -0.011630 0.061426 0.000000
0.003808 0.038004 -0.595682 1.000000
-0.589170 0.095785 0.313643 2.000000
0.063089 0.031506 0.548740 1.000000
-0.649551 0.049375 -0.316174 2.000000
0.040171 0.000666 0.257586 1.000000
-0.103831 -0.029124 -0.003078 1.000000
0.066213 0.048900 0.267958 1.000000
0.356892 0.034005 -0.008101 0.000000
0.004583 0.031356 0.524673 1.000000
-0.008088 0.041303 0.462868 1.000000
0.137664 -0.055415 0.186210 1.000000
0.250177 -0.003532 -0.051587 0.000000
-0.056647 -0.076158 0.086468 0.000000
-0.123475 -0.051066 -0.071455 0.000000
-0.021558 0.023159 0.395316 1.000000
-0.593069 0.031406 0.341309 2.000000
0.186998 -0.025225 -0.029119 1.000000
0.223136 0.003241 -0.022571 0.000000
0.133141 0.069144 0.654355 1.000000
0.152809 0.065620 -0.832178 1.000000
-0.680590 -0.017852 -0.332269 2.000000
0.253351 0.059997 -0.282410 3.000000
0.517938 0.052874 0.016241 0.000000
0.020778 0.065545 -0.950464 1.000000
-0.001765 0.010213 -0.217332 1.000000
-0.623784 -0.056090 -0.337192 2.000000
0.046819 0.052699 -0.431236 1.000000
-0.590845 0.067119 -0.142282 2.000000
0.100177 0.017836 -0.358985 1.000000
0.274619 0.053149 0.302696 3.000000
-0.006038 0.030482 -0.491666 1.000000
-0.093734 -0.020252 -0.027544 1.000000
-0.092685 -0.023151 0.036010 1.000000
-0.612388 -0.053266 0.024738 0.000000
-0.622484 0.039104 -0.326396 2.000000
0.358691 0.036854 -0.025770 0.000000
0.396304 0.070193 0.034785 0.000000
0.145487 0.065420 -0.532053 1.000000
-0.625433 -0.076258 0.018740 0.000000
0.104800 -0.183698 -0.030543 0.000000
0.700153 -0.007381 -0.006302 0.000000
0.147386 0.001691 0.103062 1.000000
0.000235 -0.043444 0.274581 1.000000
0.329951 -0.015928 -0.281960 3.000000
-0.013836 -0.006656 0.254837 1.000000
-0.000665 -0.022751 0.309819 1.000000
-0.000840 0.010738 -0.226354 1.000000
0.123069 0.040003 0.248964 3.000000
0.036098 0.045677 0.302971 1.000000
-0.655499 0.063221 -0.167298 2.000000
0.103126 0.002191 0.130878 1.000000
0.107424 0.014187 0.015266 0.000000
0.175727 0.044327 -0.586110 1.000000
0.103750 0.011488 0.168291 1.000000
0.164130 0.000017 0.085618 1.000000
0.156008 -0.085805 0.320166 3.000000
0.060490 0.074617 0.926015 1.000000
0.700853 -0.109472 -0.011350 0.000000
0.125743 -0.103599 0.078420 0.000000
0.135465 0.015162 -0.313175 1.000000
0.241805 -0.232132 0.006694 0.000000
-0.598317 0.116353 0.325689 2.000000
0.062689 0.040728 0.666426 1.000000
0.207316 0.047651 -0.266665 1.000000
0.038522 -0.034347 0.281803 1.000000
0.055666 -0.023451 -0.131960 1.000000
0.055041 0.040028 -0.646465 1.000000
0.000909 0.048126 -0.574214 1.000000
0.012056 0.049350 0.542192 1.000000
0.063464 0.071368 0.845942 1.000000
0.615756 -0.100125 0.065800 0.000000
0.206791 -0.047093 -0.134334 1.000000
0.159432 -0.004457 -0.223830 3.000000
0.041271 -0.050517 0.167916 1.000000
0.248727 -0.036421 -0.184093 1.000000
0.093854 0.035055 0.591276 1.000000
0.571571 -0.121293 0.040558 0.000000
-0.631182 0.058247 -0.102295 2.000000
-0.641553 0.055248 -0.131935 2.000000
-0.191252 0.005315 -0.021072 0.000000
-0.594669 0.109355 0.316592 2.000000
-0.646002 0.116628 0.164992 2.000000
0.163805 0.060871 -0.277287 3.000000
0.225510 0.029082 0.203929 1.000000
-0.535113 0.110255 0.167891 2.000000
0.183549 0.048601 0.582379 1.000000
-0.018259 0.038029 -0.572389 1.000000
0.027051 0.064145 0.827573 1.000000
-0.021833 0.030981 0.266583 1.000000
0.150560 -0.047993 0.143224 1.000000
0.034998 0.010563 0.263859 1.000000
-0.532589 -0.108298 0.023439 0.000000
0.180550 0.011263 -0.190865 1.000000
0.002409 0.056948 0.821125 1.000000
0.280217 -0.003957 -0.151404 3.000000
0.074885 0.011463 0.280054 1.000000
0.278443 -0.007106 0.163217 1.000000
0.091005 0.038479 0.635136 1.000000
-0.635630 0.043727 0.088342 2.000000
0.040746 0.059572 -0.628946 1.000000
0.322278 0.012687 0.252238 3.000000
-0.538612 -0.113521 -0.009700 0.000000
0.111173 0.041228 0.666301 1.000000
0.174502 -0.106873 0.075721 0.000000
0.090755 0.049650 -0.163774 1.000000
0.270395 -0.043169 -0.178744 1.000000
0.308383 -0.081581 -0.282110 3.000000
-0.051698 -0.028624 0.075022 0.000000
-0.022708 0.025133 -0.062258 1.000000
0.727544 -0.085255 -0.041690 0.000000
0.251726 -0.037696 0.324664 3.000000
0.014280 0.040428 0.291550 1.000000
-0.031130 -0.003507 0.303321 1.000000
-0.152190 -0.008306 0.057003 0.000000
0.575319 -0.018202 -0.066881 0.000000
0.093954 0.008439 0.231770 1.000000
-0.035529 0.019360 0.332137 1.000000
0.244404 -0.003282 -0.025795 0.000000
0.279792 0.014787 0.057053 0.000000
-0.532764 0.046201 0.090666 2.000000
0.173877 0.059797 -0.474097 1.000000
-0.090111 -0.011230 0.062826 0.000000
0.306808 -0.127791 -0.043664 0.000000
0.303434 -0.017628 0.017516 1.000000
-0.016885 0.034955 0.351630 1.000000
0.195395 0.048351 0.453097 1.000000
-0.594819 0.051849 -0.058134 2.000000
0.229684 -0.064412 -0.225379 3.000000
0.317805 -0.005082 0.284727 3.000000
0.104400 -0.016678 0.320465 3.000000
0.319729 -0.026275 0.299847 3.000000
-0.024782 0.040078 0.577480 1.000000
0.186948 0.054124 0.322365 1.000000
0.147411 0.063396 -0.468274 1.000000
0.107449 -0.036196 -0.123663 1.000000
0.674037 -0.049267 -0.063882 0.000000
0.278368 0.012587 -0.172796 1.000000
0.097502 0.060896 0.475189 1.000000
-0.618636 0.139695 0.164717 2.000000
0.209065 0.000317 -0.184867 1.000000
0.250552 0.014912 -0.025195 0.000000
0.042296 -0.047993 -0.071430 0.000000
0.136964 0.018810 0.367800 1.000000
0.067887 -0.097826 0.263309 3.000000
-0.545785 0.078191 0.246165 2.000000
0.113297 -0.087329 -0.071580 0.000000
0.692256 -0.113596 0.010668 0.000000
0.101226 0.048526 0.085443 1.000000
0.055316 0.057673 0.536844 1.000000
0.140188 0.064770 0.898449 1.000000
-0.497826 -0.028624 -0.036042 0.000000
0.021802 0.062721 -0.814384 1.000000
-0.030980 0.027058 0.227396 1.000000
-0.273125 -0.020702 0.067674 0.000000
0.086756 0.046601 0.094315 1.000000
-0.021458 0.035580 -0.403495 1.000000
-0.626133 0.124625 0.167016 2.000000
-0.681240 0.049925 0.102837 2.000000
0.055366 -0.228708 -0.013299 0.000000
-0.559705 0.091361 0.289975 2.000000
-0.609514 0.056573 -0.087575 2.000000
0.517389 0.045252 -0.043114 0.000000
-0.064844 -0.015553 0.049230 1.000000
0.158932 0.007139 -0.157601 1.000000
-0.588196 0.062946 -0.118439 2.000000
0.114697 0.065745 -0.943467 1.000000
0.393130 0.031881 -0.012374 0.000000
-0.678366 0.064995 0.330612 2.000000
0.520338 0.027757 -0.059584 0.000000
0.016804 0.038979 -0.214058 1.000000
0.289414 0.018286 0.034085 0.000000
0.618155 -0.122518 -0.000029 0.000000
0.091204 -0.030273 -0.027569 1.000000
-0.643328 0.174309 0.306820 2.000000
0.128142 0.046701 0.306295 3.000000
0.079883 0.052999 -0.319148 1.000000
-0.680790 0.058947 -0.318023 2.000000
-0.097008 -0.000683 -0.047038 1.000000
0.179600 -0.051966 0.191183 1.000000
0.600311 -0.122518 0.023938 0.000000
0.139938 0.067444 0.606046 1.000000
0.152084 -0.000508 -0.224379 3.000000
-0.667695 0.019185 -0.324446 2.000000
0.599711 -0.032323 -0.068256 0.000000
0.152784 0.015087 -0.288558 1.000000
0.220712 -0.071385 -0.310851 3.000000
-0.569002 0.065995 0.146348 2.000000
0.174177 -0.019227 -0.189441 1.000000
-0.609339 0.064945 -0.310876 2.000000
0.306183 -0.001883 -0.158451 1.000000
-0.479582 0.000441 -0.022821 0.000000
-0.030680 -0.007106 -0.055135 1.000000
0.234382 -0.007156 0.236543 3.000000
0.309157 0.057523 0.274856 3.000000
0.574795 -0.126492 0.014592 0.000000
0.233907 -0.231432 0.011618 0.000000
-0.609864 0.058447 -0.148405 2.000000
0.028175 0.062146 0.775865 1.000000
-0.567453 0.140220 0.313143 2.000000
0.156183 0.053374 0.123256 1.000000
0.305434 -0.074409 0.085043 0.000000
0.147611 0.058072 -0.797515 1.000000
-0.307039 -0.049167 0.080820 0.000000
0.060989 0.046101 -0.192990 1.000000
0.193371 -0.100500 0.079620 0.000000
0.406125 -0.121393 -0.045838 0.000000
-0.061095 0.012138 0.001271 0.000000
0.188647 -0.083606 0.241242 3.000000
-0.154514 -0.011655 -0.049762 0.000000
-0.114228 -0.126641 -0.054036 0.000000
0.058440 0.059972 0.913444 1.000000
-0.054972 0.020735 0.272506 1.000000
0.058965 0.066020 -0.721490 1.000000
0.490747 -0.061538 -0.072155 0.000000
0.129242 0.054399 -0.286209 3.000000
-0.370768 -0.000583 -0.018947 0.000000
0.017579 0.025108 -0.311051 1.000000
0.409649 -0.035722 0.084518 0.000000
0.197669 0.004515 0.148572 1.000000
0.725070 -0.014928 -0.006202 0.000000
0.096753 -0.108248 0.075746 0.000000
0.065438 -0.092678 -0.288508 3.000000
-0.022383 -0.006131 0.057053 0.000000
0.022002 -0.011754 -0.242773 3.000000
0.278443 -0.226259 -0.002078 0.000000
0.336398 0.021734 -0.256019 3.000000
0.100901 0.061371 -0.462501 1.000000
0.134290 0.039878 -0.614625 1.000000
-0.010612 0.026358 -0.018148 1.000000
0.096878 0.055598 -0.835577 1.000000
-0.597468 0.075092 -0.187791 2.000000
-0.063594 -0.078557 -0.073904 0.000000
0.035748 0.064770 0.802506 1.000000
0.251901 -0.007156 -0.011950 0.000000
0.114797 -0.038346 -0.017998 1.000000
0.033499 -0.005082 0.056978 0.000000
-0.609589 0.095360 0.330887 2.000000
0.216163 -0.029349 -0.020547 1.000000
0.657217 -0.091203 -0.054735 0.000000
0.150360 -0.014129 0.203629 1.000000
0.346445 -0.040070 -0.072030 0.000000
0.273419 -0.102050 -0.263566 3.000000
0.048993 0.025833 0.475289 1.000000
-0.665070 -0.000858 0.344033 2.000000
-0.611038 -0.029649 -0.338117 2.000000
0.218113 0.043327 -0.131535 1.000000
0.120120 -0.025750 -0.188591 1.000000
-0.613387 0.011313 0.345257 2.000000
0.132291 0.003440 0.151321 1.000000
-0.009937 0.031306 0.509553 1.000000
0.074835 -0.032823 0.079195 0.000000
0.071361 -0.066087 0.248539 3.000000
-0.534713 0.031831 0.022889 2.000000
0.062989 0.009913 -0.243198 1.000000
0.539956 0.054848 -0.023746 0.000000
0.278443 -0.037871 0.144299 1.000000
0.053942 0.038879 -0.631695 1.000000
0.240580 0.003241 -0.040815 0.000000
0.615656 -0.120968 0.023414 0.000000
0.062764 0.072768 -0.867042 1.000000
0.017379 0.038529 0.206603 1.000000
0.153959 0.063871 0.501655 1.000000
-0.006238 -0.060963 -0.073829 0.000000
0.287290 -0.104024 0.075446 0.000000
-0.658722 0.063771 0.156670 2.000000
0.043895 0.010438 0.262485 1.000000
0.064538 0.049625 -0.285259 1.000000
0.170978 -0.088579 0.243116 3.000000
0.109448 0.066670 0.583478 1.000000
0.192446 -0.114121 0.295599 3.000000
-0.603241 0.087213 -0.318298 2.000000
-0.644427 0.093486 0.310469 2.000000
0.082657 -0.047743 0.316592 3.000000
0.178326 0.052124 -0.087325 1.000000
0.175427 0.052924 -0.117165 1.000000
-0.675767 0.044327 0.333186 2.000000
0.106949 0.060996 -0.428762 1.000000
0.211565 0.025558 0.318116 3.000000
-0.311537 -0.074009 0.084194 0.000000
-0.006463 0.014887 -0.288983 1.000000
0.033624 0.052499 0.498881 1.000000
0.404826 -0.105249 -0.058809 0.000000
-0.020409 0.036630 -0.426388 1.000000
0.222636 0.035830 0.184610 1.000000
-0.598168 0.085638 0.258986 2.000000
0.108799 0.060946 -0.891184 1.000000
0.482475 -0.003357 0.079520 0.000000
-0.392411 -0.095102 -0.057285 0.000000
-0.660997 0.066795 -0.318773 2.000000
0.283916 0.007164 0.172264 1.000000
-0.578074 0.144844 -0.304553 2.000000
0.094528 -0.028499 0.204554 1.000000
-0.609264 0.180207 -0.138758 2.000000
0.716148 -0.071910 0.065350 0.000000
0.102576 0.062646 -0.490091 1.000000
-0.443244 -0.009705 -0.030169 0.000000
0.039896 -0.000608 -0.134709 1.000000
-0.368618 -0.014354 0.052804 0.000000
0.194970 0.029407 0.317591 3.000000
-0.431298 -0.137113 0.008594 0.000000
0.241755 -0.022576 0.133952 1.000000
0.200943 -0.036071 0.015716 1.000000
-0.317110 -0.042894 0.078470 0.000000
0.262823 -0.034072 0.289651 3.000000
0.152859 0.008689 -0.189791 1.000000
0.138164 0.058222 0.833046 1.000000
0.003434 0.047001 0.531321 1.000000
0.076909 0.001591 -0.232227 3.000000
0.298661 -0.046693 -0.302728 3.000000
0.036523 0.030407 0.530871 1.000000
0.140938 0.057872 -0.810660 1.000000
0.195370 0.051799 0.341833 1.000000
0.002734 -0.045643 0.298748 3.000000
0.018953 0.029907 -0.503137 1.000000
0.086631 0.031931 -0.540375 1.000000
-0.010662 0.017761 -0.327870 1.000000
-0.638854 0.055548 0.102088 2.000000
0.167379 0.062746 0.684595 1.000000
0.014980 0.036005 -0.129436 1.000000
-0.519993 -0.091803 -0.025320 0.000000
0.262073 0.059397 0.265534 3.000000
0.083532 -0.042594 -0.231627 3.000000
0.115746 -0.148009 -0.008451 0.000000
0.350469 0.047451 -0.036142 0.000000
-0.281922 -0.006031 0.049955 0.000000
0.141438 0.057223 -0.252870 1.000000
-0.052023 0.017536 0.118307 1.000000
-0.588146 -0.020427 -0.335992 2.000000
-0.623184 0.121601 -0.300479 2.000000
0.052467 0.032981 0.568483 1.000000
0.254226 -0.028224 0.020290 1.000000
-0.097008 -0.004132 -0.033168 1.000000
0.046319 -0.081032 0.085143 0.000000
0.197694 -0.114221 -0.281286 3.000000
0.198319 -0.132415 0.053804 0.000000
0.549653 -0.003507 -0.068956 0.000000
0.164455 0.051750 -0.059259 1.000000
0.001884 0.024409 -0.260892 3.000000
0.089155 0.079265 0.977148 1.000000
0.115796 0.038129 0.311643 3.000000
0.297136 0.008564 0.050880 0.000000
-0.224216 -0.047743 0.082744 0.000000
0.104975 0.032781 -0.237450 3.000000
-0.639729 0.115278 -0.155927 2.000000
0.194970 0.076666 -0.022421 0.000000
-0.364345 -0.026200 0.063151 0.000000
0.138239 -0.015678 0.057652 1.000000
-0.583472 0.079315 0.220873 2.000000
-0.542286 0.094011 -0.306952 2.000000
0.223636 -0.094152 -0.239149 3.000000
0.388256 0.005065 -0.002053 0.000000
0.199419 -0.048967 -0.222080 3.000000
0.031199 0.041153 0.186460 1.000000
0.045794 0.001691 -0.106343 1.000000
0.295987 0.053724 -0.288483 3.000000
0.144762 0.048176 0.712761 1.000000
0.309582 0.012238 0.047206 0.000000
0.020878 0.039254 -0.623222 1.000000
0.042296 0.064470 0.757121 1.000000
0.265722 0.065420 0.014617 0.000000
-0.566728 0.090912 0.166691 2.000000
0.076334 0.022784 -0.423464 1.000000
0.630326 0.028157 0.031186 0.000000
-0.505023 0.041078 0.038834 2.000000
0.669663 -0.057964 0.078895 0.000000
-0.153540 -0.149609 -0.023721 0.000000
0.035123 0.006040 0.189109 1.000000
0.170453 0.050200 0.011867 1.000000
0.237981 0.015536 0.030336 0.000000
-0.087436 -0.152258 0.017241 0.000000
0.010081 0.044827 0.437802 1.000000
-0.626308 0.028282 -0.002428 0.000000
0.007682 0.035430 -0.166773 1.000000
-0.623309 0.165737 -0.141657 2.000000
-0.566853 0.024009 0.340634 2.000000
0.186023 0.016936 0.003595 0.000000
0.105400 0.077716 -0.894758 1.000000
0.264522 0.010138 -0.051736 1.000000
0.009207 -0.008156 0.069923 1.000000
-0.528091 -0.010130 -0.022171 0.000000
0.088056 -0.061213 -0.233626 3.000000
0.009307 -0.075159 -0.281361 3.000000
0.122619 0.027932 0.494283 1.000000
-0.632881 0.080590 0.322365 2.000000
0.618980 -0.059239 -0.072730 0.000000
-0.012436 0.004115 -0.249746 1.000000
-0.057921 0.018061 0.208677 1.000000
0.069387 0.010263 -0.248946 1.000000
0.392180 0.073267 -0.003602 0.000000
0.118620 -0.072010 0.241741 3.000000
0.605909 0.041203 -0.045589 0.000000
-0.015110 -0.151033 -0.004877 0.000000
0.037022 0.008989 0.237993 1.000000
-0.577599 0.078241 0.214775 2.000000
-0.360596 -0.050367 -0.063058 0.000000
-0.023882 0.010563 -0.270964 3.000000
0.278443 -0.027049 0.158344 1.000000
-0.524017 0.034430 -0.016998 2.000000
0.134740 0.054774 -0.792042 1.000000
-0.026432 0.020835 -0.348838 1.000000
-0.203098 -0.153158 0.018515 0.000000
-0.063694 0.015337 -0.162725 1.000000
0.109973 0.053049 0.807954 1.000000
0.598862 -0.078307 0.082269 0.000000
0.539756 -0.028874 0.082494 0.000000
0.113872 -0.130440 -0.045888 0.000000
0.006757 -0.119769 0.070448 0.000000
0.359991 0.056173 0.004995 0.000000
0.150510 0.053724 -0.119189 1.000000
0.300085 -0.146310 -0.000553 0.000000
0.229609 0.014787 0.089592 1.000000
-0.155814 -0.138163 -0.041440 0.000000
0.019878 -0.065112 -0.074729 0.000000
0.140388 0.054199 -0.126037 1.000000
0.025451 0.065245 -0.855895 1.000000
-0.390261 -0.002732 -0.022146 0.000000
0.043320 0.063196 -0.937019 1.000000
-0.523067 0.063746 0.150447 2.000000
-0.238911 -0.015003 -0.052061 0.000000
0.173902 0.013362 -0.232752 1.000000
-0.598492 0.164212 0.159619 2.000000
0.156458 0.024234 0.412585 1.000000
0.289614 -0.004757 0.006494 0.000000
-0.595768 0.180982 -0.291907 2.000000
0.162906 0.054649 -0.172047 1.000000
-0.599217 0.117728 0.170665 2.000000
0.192271 0.044927 -0.499763 1.000000
0.253726 0.017936 -0.155327 1.000000
-0.668619 0.043402 0.056828 2.000000
0.046019 -0.137863 -0.036716 0.000000
0.141688 0.064345 -0.494415 1.000000
-0.055897 0.013787 -0.046413 1.000000
-0.051648 0.013312 0.217574 1.000000
-0.593169 0.049950 -0.107593 2.000000
0.050643 0.024509 -0.445956 1.000000
-0.603966 0.085338 -0.245872 2.000000
0.276143 -0.069585 0.086193 0.000000
0.073085 -0.043069 -0.178844 1.000000
0.170403 0.059722 0.391242 1.000000
0.056566 0.027632 0.498681 1.000000
0.140588 -0.115545 0.265209 3.000000
-0.562504 0.056623 -0.082451 2.000000
0.633150 -0.109122 -0.037616 0.000000
0.134790 0.054799 -0.143631 1.000000
0.032349 0.048301 -0.383602 1.000000
0.091904 0.005240 -0.168348 1.000000
-0.327382 -0.128991 0.054653 0.000000
0.105950 0.003266 0.149047 1.000000
0.187897 0.017461 0.270307 1.000000
0.113972 -0.042669 -0.226429 3.000000
0.249752 -0.101775 0.264409 3.000000
0.349694 -0.002358 0.025913 0.000000
-0.572926 0.060222 -0.156327 2.000000
-0.588546 0.020835 0.016616 0.000000
-0.606790 -0.100175 0.008769 0.000000
0.122194 -0.088354 -0.071330 0.000000
0.613182 0.000641 0.067649 0.000000
0.322878 0.045926 0.047381 0.000000
-0.664296 0.038579 -0.014899 2.000000
0.055666 -0.180749 -0.024520 0.000000
0.323703 -0.123642 -0.048812 0.000000
0.034323 0.051175 -0.447581 1.000000
0.263223 -0.061088 -0.307002 3.000000
0.118420 0.008764 -0.225079 1.000000
0.065363 0.045277 -0.712468 1.000000
-0.030505 0.032756 -0.492916 1.000000
0.091429 0.066795 -0.636343 1.000000
0.357117 -0.092453 0.080745 0.000000
0.114897 0.000466 0.050930 0.000000
0.165805 0.029682 0.242716 3.000000
0.280317 -0.185172 0.004095 0.000000
-0.537138 0.039429 -0.047713 2.000000
0.195945 0.052324 -0.394298 1.000000
0.106924 0.003291 -0.137708 1.000000
0.000335 0.032531 -0.128086 1.000000
0.176476 0.055148 -0.245922 3.000000
0.207116 0.046451 0.013517 1.000000
-0.597443 0.064620 0.142649 2.000000
0.327376 -0.144311 -0.007326 0.000000
0.107149 0.051050 0.139325 1.000000
0.350919 -0.139137 -0.026070 0.000000
0.040196 0.045577 -0.269864 1.000000
-0.663521 -0.084355 0.004145 0.000000
-0.216394 -0.100475 -0.069905 0.000000
-0.383638 0.002416 -0.001503 0.000000
-0.408955 0.096060 0.270707 1.000000
0.153034 0.060422 0.811153 1.000000
-0.584047 0.050200 -0.109317 2.000000
0.141513 -0.090004 0.316667 3.000000
0.097552 -0.068811 -0.233301 3.000000
-0.037203 0.001091 0.084818 1.000000
0.469404 -0.080832 -0.069056 0.000000
0.028400 -0.152208 0.004695 0.000000
0.306383 -0.082406 0.295824 3.000000
-0.243385 -0.021526 -0.056235 0.000000
0.016554 0.058922 -0.750230 1.000000
-0.668919 0.153891 0.313718 2.000000
0.161356 -0.074909 0.324089 3.000000
0.275369 0.067644 0.018515 0.000000
-0.662896 0.059247 0.135801 2.000000
0.194270 0.022109 -0.300129 1.000000
0.609383 -0.052891 0.084643 0.000000
0.088130 -0.027649 -0.063907 0.000000
0.179375 -0.116195 -0.255169 3.000000
0.564298 0.056173 -0.031993 0.000000
-0.048699 0.025558 -0.357610 1.000000
-0.644727 0.073842 0.203204 2.000000
-0.392486 -0.129516 -0.028494 0.000000
0.452935 0.032081 -0.018348 0.000000
0.043895 0.008039 -0.295806 3.000000
-0.613737 -0.097751 0.002096 0.000000
0.345620 -0.012354 -0.061383 0.000000
-0.659022 0.039778 0.332336 2.000000
0.086706 0.029257 -0.506161 1.000000
-0.182555 0.008464 0.018265 0.000000
-0.602891 0.035680 0.051005 2.000000
0.092079 0.079265 0.969076 1.000000
0.439039 -0.053041 0.086893 0.000000
0.234407 -0.202666 0.037159 0.000000
0.086656 -0.185797 -0.031418 0.000000
0.231033 0.010413 -0.071905 1.000000
0.023852 0.013437 -0.289433 1.000000
0.173452 0.009239 0.181586 1.000000
0.004908 0.054774 -0.731862 1.000000
0.205692 -0.178749 0.032761 0.000000
0.024402 0.021085 0.404987 1.000000
0.044695 -0.006431 0.076096 1.000000
-0.654899 0.083814 -0.249021 2.000000
0.094603 0.050000 0.168366 1.000000
0.079908 0.050150 -0.232727 1.000000
-0.630607 0.073667 -0.186917 2.000000
-0.630707 0.068919 -0.160875 2.000000
0.423670 0.032881 0.043257 0.000000
-0.673593 0.092736 -0.303228 2.000000
0.112847 0.048126 -0.013824 1.000000
0.003883 -0.039270 -0.069581 0.000000
0.139014 0.002216 -0.111067 1.000000
0.047019 0.054399 -0.827805 1.000000
0.068662 0.031931 -0.541749 1.000000
0.089480 0.067069 -0.650338 1.000000
0.118770 0.026833 -0.303028 3.000000
0.018504 0.023959 0.438151 1.000000
-0.677841 0.070718 0.210602 2.000000
-0.015235 0.036330 -0.554470 1.000000
0.438315 -0.121143 -0.041565 0.000000
0.068962 0.057023 0.478313 1.000000
0.034998 -0.037896 0.187259 1.000000
0.270720 -0.067886 -0.232327 3.000000
0.092879 -0.132415 0.059852 0.000000
-0.611438 0.111705 0.171415 2.000000
-0.586421 -0.062063 -0.341041 2.000000
-0.639429 0.078566 0.257511 2.000000
-0.426074 -0.059564 0.066399 0.000000
0.233607 0.007214 0.186485 1.000000
0.256200 -0.199267 0.037609 0.000000
0.168829 0.000966 0.051604 0.000000
0.448361 0.048701 0.004945 0.000000
0.319879 0.035330 0.309519 3.000000
-0.123599 -0.010730 -0.049137 0.000000
0.159307 0.060297 0.778939 1.000000
-0.231589 -0.069785 0.087118 0.000000
0.293363 -0.015128 0.031536 1.000000
0.427818 0.035955 0.030686 0.000000
0.185623 0.014387 0.236768 1.000000
0.005258 0.030557 0.042482 1.000000
-0.179431 -0.123393 0.069024 0.000000
-0.534888 0.062296 0.131728 2.000000
0.392305 -0.110347 -0.056435 0.000000
0.010106 -0.018602 0.069224 0.000000
-0.054922 0.023259 0.357603 1.000000
-0.670544 0.083139 -0.314525 2.000000
0.213014 0.044552 -0.082026 1.000000
-0.324008 0.004165 0.018315 0.000000
0.043920 0.050575 -0.778521 1.000000
0.662541 -0.065937 0.078171 0.000000
0.141063 0.063246 0.469841 1.000000
-0.313087 -0.146060 0.020440 0.000000
0.212714 0.038604 -0.299155 1.000000
-0.231539 -0.125042 0.072073 0.000000
-0.068568 -0.132540 0.064550 0.000000
0.258874 0.004940 0.242716 3.000000
-0.360746 -0.121268 0.058152 0.000000
-0.682090 0.041053 0.056853 2.000000
0.262723 0.019160 0.069573 1.000000
0.234907 0.010088 0.321115 3.000000
0.104275 0.060472 0.437077 1.000000
-0.561880 0.018211 0.017766 0.000000
0.318454 -0.000058 0.035010 0.000000
0.203567 -0.059339 -0.074279 0.000000
0.162881 -0.108722 -0.241799 3.000000
-0.577774 0.054674 -0.131135 2.000000
0.093354 0.047101 -0.067031 1.000000
0.256825 0.013487 0.317291 3.000000
0.248228 0.031006 0.245190 3.000000
0.078284 0.043052 0.032311 1.000000
-0.090136 -0.072085 0.087393 0.000000
0.019628 0.005740 0.173814 1.000000
0.223561 -0.018677 0.044082 1.000000
0.131516 0.052549 0.780413 1.000000
0.079708 0.000866 -0.123538 1.000000
-0.230914 -0.130615 -0.051112 0.000000
0.086756 0.054274 -0.823181 1.000000
-0.057221 -0.103499 0.080595 0.000000
0.006957 0.011188 -0.239824 1.000000
0.221186 0.018011 -0.150704 1.000000
-0.678016 0.153491 -0.299505 2.000000
0.210215 0.046201 0.200330 1.000000
0.124818 0.035455 -0.571640 1.000000
0.101451 -0.002258 -0.307477 3.000000
-0.551683 0.130423 0.161168 2.000000
0.717872 -0.104824 -0.014849 0.000000
0.193421 0.051650 0.239592 1.000000
0.198494 0.013237 -0.136009 1.000000
0.315805 -0.199542 -0.006701 0.000000
0.118895 0.075142 0.830447 1.000000
-0.620935 0.003016 -0.006601 0.000000
0.062089 0.043102 0.696916 1.000000
0.048169 0.058697 0.584053 1.000000
-0.551333 -0.114620 0.016091 0.000000
-0.009537 0.038229 0.382145 1.000000
0.048394 0.056548 -0.519557 1.000000
0.220987 -0.092628 0.311568 3.000000
-0.095959 -0.028099 0.074172 0.000000
0.365514 0.035580 0.021789 0.000000
0.661166 -0.104999 -0.038366 0.000000
-0.018684 -0.016553 0.052504 1.000000
0.295737 -0.125442 0.059352 0.000000
0.729918 -0.097826 -0.022621 0.000000
0.055666 -0.204866 -0.029194 0.000000
0.292588 -0.141437 0.036184 0.000000
0.105775 0.074017 0.792009 1.000000
-0.054222 -0.151683 0.017141 0.000000
0.182249 0.015362 -0.249196 1.000000
0.056841 -0.031823 -0.186367 1.000000
-0.495451 -0.020976 0.045706 0.000000
0.768131 -0.070810 0.039183 0.000000
0.136165 -0.001108 -0.077153 1.000000
0.192146 0.025208 0.352405 1.000000
-0.561780 0.037354 -0.045838 2.000000
0.618380 0.000367 -0.053436 0.000000
-0.608114 0.055698 0.147598 2.000000
0.577943 -0.085030 -0.070055 0.000000
0.042371 0.005240 -0.164499 1.000000
0.022627 -0.015478 0.056703 1.000000
0.105500 0.050575 -0.120214 1.000000
0.025576 -0.209289 0.013717 0.000000
-0.205922 -0.130590 0.064075 0.000000
-0.682215 0.078866 -0.238450 2.000000
0.243454 -0.003957 0.322290 3.000000
-0.461113 -0.063512 0.060077 0.000000
0.173377 -0.074084 0.086068 0.000000
0.060914 -0.137163 0.007044 0.000000
0.339822 -0.146685 0.004895 0.000000
0.417197 -0.055040 0.087018 0.000000
-0.538137 0.092311 -0.289633 2.000000
0.195645 -0.174801 0.029762 0.000000
0.069812 0.021185 -0.402745 1.000000
0.023627 -0.197118 0.017866 0.000000
0.230583 -0.019777 0.326363 3.000000
0.041546 0.053099 0.821100 1.000000
-0.528066 0.041403 0.064325 2.000000
0.037672 0.071843 -0.946940 1.000000
0.055666 -0.189696 0.030336 0.000000
0.391305 0.026258 0.017541 0.000000
0.544530 -0.004557 0.079270 0.000000
0.275194 -0.232506 0.003870 0.000000
0.670913 -0.004707 0.033635 0.000000
0.055816 0.055723 -0.476421 1.000000
0.143112 0.053824 -0.763401 1.000000
0.107324 0.022659 0.323065 1.000000
0.001759 0.050400 0.757446 1.000000
0.174002 0.054199 0.666376 1.000000
0.037322 0.061796 0.717159 1.000000
-0.279523 0.095085 0.220099 1.000000
-0.646352 0.106281 -0.312075 2.000000
-0.625833 -0.002807 -0.333568 2.000000
-0.073891 -0.033047 0.020790 1.000000
-0.022883 0.025033 0.072722 1.000000
0.096053 -0.041295 0.200605 1.000000
-0.317735 -0.068336 -0.071455 0.000000
0.097777 -0.011854 -0.119039 1.000000
0.077659 -0.092703 0.259286 3.000000
0.130941 -0.106448 0.304746 3.000000
-0.574900 0.094685 0.307470 2.000000
0.074235 0.034280 0.582929 1.000000
0.453959 0.073792 0.005894 0.000000
-0.655599 0.123276 -0.152803 2.000000
0.133640 -0.035222 0.081345 0.000000
0.526635 -0.055690 -0.075679 0.000000
0.308033 -0.030023 0.314992 3.000000
-0.046575 0.018910 -0.299555 1.000000
-0.328932 0.000466 0.035460 0.000000
0.074710 -0.188896 -0.032393 0.000000
0.255150 0.028507 0.315892 3.000000
-0.400358 -0.027799 -0.048413 0.000000
0.250352 -0.001458 -0.228328 3.000000
0.304934 0.074117 0.001096 0.000000
0.206091 -0.066161 0.324139 3.000000
0.087881 -0.008531 0.072073 1.000000
-0.016485 0.093136 0.117707 1.000000
0.084507 -0.090978 0.083044 0.000000
-0.552158 0.079190 -0.316649 2.000000
-0.626858 0.083089 0.279554 2.000000
0.051218 0.002241 0.188809 1.000000
-0.574725 0.172010 -0.140782 2.000000
0.327601 0.007714 -0.291707 3.000000
0.488973 -0.123792 -0.030743 0.000000
0.172877 0.017186 0.305320 1.000000
0.024701 0.036155 0.597874 1.000000
0.452810 -0.118594 0.054828 0.000000
-0.052848 0.015487 -0.237500 1.000000
-0.613013 0.081390 0.333311 2.000000
-0.364395 -0.110022 0.062601 0.000000
-0.001015 0.055073 0.797133 1.000000
-0.258055 -0.045718 0.082269 0.000000
-0.598617 -0.010980 -0.013374 0.000000
0.383683 0.020885 0.049155 0.000000
0.641123 -0.117470 -0.014274 0.000000
-0.581123 0.100134 -0.315174 2.000000
-0.575475 0.056798 -0.081477 2.000000
0.021727 0.018735 -0.360884 1.000000
-0.573126 0.069119 -0.198388 2.000000
0.141763 0.029532 -0.480994 1.000000
0.119970 0.053724 0.805630 1.000000
0.061039 0.077066 -0.968533 1.000000
0.300535 -0.019727 -0.234226 3.000000
0.193171 0.052999 0.390717 1.000000
0.556201 0.059172 0.011343 0.000000
-0.430148 -0.108298 0.054503 0.000000
0.175577 0.052449 0.109060 1.000000
-0.587371 0.086813 -0.284534 2.000000
-0.643627 0.059222 0.123031 2.000000
0.595513 0.057823 0.032136 0.000000
-0.648051 0.029082 0.013167 2.000000
0.092579 -0.019727 0.134352 1.000000
0.321903 0.066195 0.020640 0.000000
-0.633731 0.154091 -0.295656 2.000000
-0.552783 -0.068361 0.036484 0.000000
-0.247459 -0.005332 -0.037566 0.000000
0.207416 0.047251 0.224647 1.000000
0.114647 0.070493 0.684420 1.000000
