0.493539 0.053214 0.075610 0.000000
-0.377165 0.068415 -0.114138 2.000000
-0.007279 -0.013439 0.099037 0.000000
0.115059 -0.075191 0.196372 1.000000
-0.526925 -0.054787 -0.086543 0.000000
0.075611 -0.034836 -0.353438 1.000000
-0.075595 -0.019981 0.151763 0.000000
0.615423 -0.051354 -0.031312 0.000000
-0.128473 0.030478 -0.341368 1.000000
-0.053723 -0.085339 -0.117225 0.000000
-0.353609 -0.062517 -0.022762 0.000000
-0.580062 -0.012683 -0.143092 2.000000
-0.570842 0.027715 -0.055754 0.000000
-0.044741 -0.133402 -0.034464 0.000000
0.039359 -0.054334 -0.078684 0.000000
-0.081554 0.006209 -0.444943 1.000000
0.064319 -0.014324 0.124839 0.000000
-0.003069 0.029226 0.274965 1.000000
0.344038 -0.014842 0.053457 0.000000
-0.424472 0.110540 0.141853 2.000000
-0.352119 0.073899 -0.133268 2.000000
0.024957 -0.131653 -0.054242 0.000000
0.354359 0.020633 -0.026691 0.000000
0.020488 -0.057702 -0.004776 0.000000
-0.443149 -0.025530 -0.008749 0.000000
-0.166042 0.024649 0.383398 1.000000
0.469594 0.129843 -0.032154 0.000000
0.042425 -0.050425 0.110955 0.000000
0.005957 -0.050512 0.047497 0.000000
0.045880 -0.147329 0.036140 0.000000
-0.570842 -0.011906 -0.088681 0.000000
-0.183985 0.015019 -0.268280 1.000000
-0.087211 0.055438 0.067124 0.000000
0.665171 0.063837 -0.034421 0.000000
-0.076135 -0.148495 -0.117419 0.000000
-0.039947 -0.086505 -0.271929 1.000000
0.160617 0.106243 -0.027620 0.000000
-0.153800 0.058245 0.104348 0.000000
-0.539944 -0.011453 0.246874 2.000000
0.564921 -0.113775 0.004940 0.000000
0.035991 0.000250 -0.587448 1.000000
0.066672 -0.035894 0.122679 0.000000
0.058662 0.009016 -0.329665 1.000000
0.082305 0.135176 0.001529 0.000000
-0.129185 0.043088 -0.151210 1.000000
0.573665 0.112073 0.034003 0.000000
-0.384938 -0.041184 -0.013585 0.000000
-0.040012 0.008649 0.358741 1.000000
-0.137153 0.011391 0.350709 1.000000
-0.193852 -0.050123 0.246032 1.000000
-0.297384 -0.084173 0.091825 0.000000
-0.461999 -0.043149 0.023207 0.000000
0.067450 -0.023695 -0.358274 1.000000
-0.358316 0.128396 -0.149915 2.000000
-0.142939 -0.147437 -0.181698 2.000000
0.494402 0.049328 -0.003157 0.000000
0.046894 -0.129839 0.042769 0.000000
0.467672 -0.048439 -0.026476 0.000000
0.281466 0.037712 0.130647 0.000000
0.158761 0.099939 -0.032888 0.000000
-0.061409 0.005410 -0.452867 1.000000
0.491725 0.017027 -0.013348 0.000000
0.058144 0.006598 0.395338 1.000000
-0.418168 0.056712 0.083361 0.000000
0.081203 -0.013612 0.240699 1.000000
0.219152 0.073618 0.051146 0.000000
-0.152655 0.004849 0.469570 1.000000
0.094374 -0.060833 -0.110942 0.000000
0.084399 -0.013655 -0.226198 1.000000
-0.174636 0.003100 0.512689 1.000000
0.128057 -0.021881 0.073083 0.000000
-0.120678 0.055006 -0.104680 0.000000
-0.338430 0.113390 -0.129057 2.000000
-0.377662 -0.075731 -0.078490 0.000000
-0.046360 -0.102310 0.267257 1.000000
-0.291446 0.068890 0.023185 0.000000
-0.223713 -0.077458 0.037285 0.000000
-0.052816 0.042678 0.147920 0.000000
-0.075163 -0.026092 0.362260 1.000000
0.533505 0.103825 0.037371 0.000000
0.037653 0.004093 -0.415038 1.000000
-0.163084 0.029399 0.273238 1.000000
0.496562 0.062974 0.018370 0.000000
-0.608994 -0.012489 0.247824 2.000000
-0.060071 0.039806 0.187476 1.000000
0.346111 -0.064460 0.005653 0.000000
-0.342683 0.146404 0.158867 2.000000
0.501592 0.053042 0.036486 0.000000
0.504421 0.050602 0.030073 0.000000
0.035904 -0.041962 0.142608 0.000000
-0.341258 -0.077221 0.102513 0.000000
0.023079 0.012255 -0.597855 1.000000
-0.563997 0.038942 0.084095 0.000000
0.596747 0.052696 -0.043727 0.000000
-0.008726 0.024325 0.153577 0.000000
0.003668 0.030565 -0.250899 1.000000
-0.150518 -0.047770 0.025280 0.000000
0.127323 -0.060401 -0.123746 0.000000
0.704143 0.071135 -0.009440 0.000000
-0.097489 -0.169417 -0.169023 2.000000
0.611494 0.118248 0.026575 0.000000
0.067881 -0.044337 0.140428 0.000000
0.127798 -0.113387 0.233725 1.000000
-0.396231 0.202650 -0.172716 2.000000
0.173551 0.025771 -0.186621 1.000000
0.286281 0.023137 -0.060914 0.000000
0.136521 0.053150 -0.094748 0.000000
0.055941 -0.085145 -0.272167 1.000000
0.528474 -0.028510 0.042985 0.000000
-0.197588 -0.016354 -0.017882 0.000000
0.271275 0.094627 -0.037487 0.000000
0.595063 -0.019204 -0.042561 0.000000
-0.027532 0.016357 -0.443518 1.000000
-0.290691 0.057900 0.127581 0.000000
0.021805 0.006253 -0.059489 0.000000
0.184325 0.055093 0.064555 0.000000
-0.373128 0.082816 -0.136010 2.000000
0.161049 0.027002 -0.182259 1.000000
-0.617199 -0.012834 -0.209033 2.000000
0.069134 0.015861 -0.371920 1.000000
0.024202 -0.003399 0.144141 0.000000
0.043699 0.001589 0.060949 0.000000
-0.081921 0.036977 0.236273 1.000000
-0.080000 -0.086376 0.139434 0.000000
-0.445265 0.245315 -0.189622 2.000000
0.204751 0.111447 -0.024683 0.000000
-0.093041 0.015299 -0.230775 1.000000
-0.421104 -0.013050 0.158392 2.000000
0.101737 0.012665 0.597695 1.000000
-0.510493 -0.054657 -0.038977 0.000000
-0.402578 0.270512 0.198660 2.000000
-0.119771 -0.049432 0.014656 0.000000
-0.527810 -0.011453 -0.243234 2.000000
-0.211579 0.056237 -0.110640 2.000000
0.115923 0.019769 -0.101355 0.000000
-0.382844 -0.066015 -0.027361 0.000000
-0.062208 0.031688 -0.282768 1.000000
0.164331 -0.065410 0.068376 0.000000
0.039640 -0.017282 0.361915 1.000000
0.636540 0.097628 -0.030276 0.000000
0.129418 -0.006659 0.062957 0.000000
0.561336 0.042764 -0.035501 0.000000
-0.094466 -0.093522 -0.195927 1.000000
-0.162674 0.001049 -0.540874 1.000000
-0.382520 -0.072989 -0.089415 0.000000
0.418853 -0.014152 -0.009073 0.000000
0.137752 0.054380 0.089882 0.000000
0.056136 0.091172 -0.032888 0.000000
0.466420 0.080463 -0.035630 0.000000
-0.227470 0.005410 -0.586735 1.000000
0.469874 0.059605 -0.046340 0.000000
-0.583236 -0.047489 0.078460 0.000000
-0.295765 0.115053 0.133108 2.000000
-0.360151 0.146209 -0.155356 2.000000
0.402163 0.055006 0.077056 0.000000
-0.312930 0.183196 -0.154622 2.000000
0.541343 0.017912 -0.049557 0.000000
0.195531 0.055050 0.065116 0.000000
-0.565379 0.004720 0.115705 0.000000
-0.049750 0.035185 -0.232373 1.000000
-0.239583 -0.082727 0.066088 0.000000
-0.190657 0.054683 -0.135513 0.000000
-0.598933 -0.010265 0.166834 2.000000
-0.088183 -0.052520 0.005869 0.000000
-0.598782 -0.010287 -0.132167 2.000000
0.147209 -0.105549 -0.251892 1.000000
0.083708 0.010139 0.140622 0.000000
0.108171 0.010808 0.121902 0.000000
0.307009 0.002604 -0.016414 0.000000
-0.015138 -0.018578 0.086621 0.000000
-0.116036 -0.001499 0.591628 1.000000
-0.131323 -0.046453 -0.023237 0.000000
-0.289460 0.060037 0.072997 0.000000
-0.300040 0.064075 0.028216 0.000000
0.178215 -0.144306 -0.032176 0.000000
-0.072205 -0.115222 -0.135988 0.000000
0.133282 0.020870 0.105277 0.000000
-0.130179 -0.081194 0.139974 0.000000
-0.122924 -0.177104 -0.171247 2.000000
0.094094 0.019553 0.322294 1.000000
0.013686 0.070077 0.046547 0.000000
-0.415706 -0.007329 0.148179 2.000000
-0.039343 -0.112955 -0.034853 0.000000
-0.065015 0.000596 0.228716 1.000000
-0.061560 0.010053 -0.578034 1.000000
0.087983 0.030327 -0.195927 1.000000
-0.062273 -0.044272 0.208117 1.000000
0.078893 -0.081949 0.006171 0.000000
-0.099886 0.015861 0.171433 1.000000
-0.229975 0.011327 0.020378 0.000000
-0.190311 0.011003 -0.355446 1.000000
0.557212 0.072496 0.039876 0.000000
0.024677 0.016789 0.405940 1.000000
0.043872 -0.018880 -0.358468 1.000000
-0.442156 -0.014108 0.134641 2.000000
-0.056832 -0.084907 -0.003480 0.000000
0.118708 -0.017606 -0.234684 1.000000
0.049032 -0.036110 -0.051392 0.000000
0.326031 0.036287 0.059934 0.000000
0.694729 -0.063618 0.007121 0.000000
-0.425854 0.065845 0.126069 2.000000
-0.243038 -0.081604 0.222908 1.000000
0.191623 -0.096221 0.254021 1.000000
-0.036125 0.024865 -0.346744 1.000000
0.577487 -0.084152 0.019968 0.000000
0.482181 0.051595 -0.078792 0.000000
0.454954 0.001394 0.035449 0.000000
-0.013476 -0.080891 -0.273311 1.000000
0.005525 0.006468 -0.378095 1.000000
0.438113 0.026009 0.056091 0.000000
-0.114287 -0.152727 -0.149850 2.000000
0.190068 0.069451 0.122507 0.000000
-0.184913 0.016249 0.243290 1.000000
-0.449195 0.253563 -0.185196 2.000000
-0.201042 -0.003118 -0.017774 0.000000
0.221722 0.054618 0.082174 0.000000
0.068248 -0.008322 0.063929 0.000000
-0.145854 0.036157 -0.223003 1.000000
-0.404608 0.246891 0.190823 2.000000
-0.169756 -0.041249 -0.232114 1.000000
-0.439241 -0.014044 0.017161 0.000000
0.427058 0.079578 -0.041309 0.000000
0.096728 0.036438 0.145826 0.000000
-0.050980 0.007894 -0.379930 1.000000
0.186700 0.053128 0.117627 0.000000
-0.458479 -0.048784 -0.022136 0.000000
0.350796 0.126280 -0.010584 0.000000
-0.059531 -0.042026 -0.038977 0.000000
-0.059034 -0.151280 0.145631 0.000000
0.521759 0.030370 -0.021769 0.000000
-0.259404 0.098362 -0.123616 2.000000
-0.020212 0.096225 0.024697 0.000000
0.102622 0.011931 -0.598697 1.000000
-0.080431 -0.120555 -0.137802 0.000000
0.523659 -0.185222 -0.012355 0.000000
-0.106428 0.055438 -0.064088 0.000000
-0.489442 -0.017693 0.225348 2.000000
-0.437665 0.235577 0.183870 2.000000
-0.019370 -0.015447 0.044820 0.000000
-0.439802 -0.059645 0.032729 0.000000
0.071250 -0.056838 0.035795 0.000000
0.615639 0.095081 -0.004431 0.000000
-0.401715 0.212971 0.168972 2.000000
0.417342 -0.014152 -0.000630 0.000000
0.582777 0.014155 0.009323 0.000000
-0.044805 -0.104901 0.205894 1.000000
0.092215 -0.059364 -0.051284 0.000000
0.477582 -0.019830 -0.043857 0.000000
-0.314549 -0.066295 -0.134455 0.000000
-0.101548 0.004676 -0.481044 1.000000
-0.002810 0.012557 -0.350847 1.000000
-0.120657 0.044621 -0.166756 1.000000
-0.622424 0.025750 0.076538 0.000000
-0.553936 -0.012791 0.120801 2.000000
-0.132532 0.002733 0.503124 1.000000
-0.510493 0.044858 0.051557 0.000000
-0.134734 -0.108744 -0.035652 0.000000
-0.000067 0.010139 0.492047 1.000000
-0.082850 -0.148387 0.151828 0.000000
0.237009 0.055525 0.055011 0.000000
-0.488038 0.048831 -0.057935 0.000000
-0.578723 -0.030108 0.106982 0.000000
0.209738 -0.090759 0.019536 0.000000
-0.127696 -0.154778 -0.197891 2.000000
0.013600 0.005626 -0.392734 1.000000
-0.012245 0.004309 0.450030 1.000000
0.131706 -0.081712 -0.001840 0.000000
-0.076199 -0.080611 -0.045152 0.000000
-0.545558 -0.021169 -0.278299 2.000000
-0.156758 0.004266 -0.474480 1.000000
0.232237 -0.115891 0.035276 0.000000
-0.012202 0.009189 -0.325476 1.000000
0.038970 -0.084152 0.003731 0.000000
-0.006329 0.018495 -0.100729 0.000000
0.081527 -0.055888 -0.134995 0.000000
-0.038177 -0.079984 0.051535 0.000000
0.025432 -0.034037 0.231523 1.000000
0.189118 -0.057702 -0.024791 0.000000
-0.000089 0.009016 0.328404 1.000000
-0.560672 -0.016116 -0.112302 0.000000
0.423042 -0.085944 0.007963 0.000000
0.477863 0.155580 0.007812 0.000000
-0.118476 0.020028 -0.137694 1.000000
0.368437 -0.032224 0.044690 0.000000
0.522990 0.148455 0.012217 0.000000
0.064232 -0.037168 -0.216503 1.000000
0.278832 0.055654 0.051535 0.000000
0.092496 0.018733 -0.326448 1.000000
-0.180142 0.010830 0.363448 1.000000
0.003970 -0.076616 -0.051824 0.000000
0.474560 0.038899 -0.047074 0.000000
0.096663 0.054402 0.081591 0.000000
-0.562745 0.021820 -0.020819 0.000000
-0.277088 -0.077134 0.034953 0.000000
0.596228 -0.086160 0.033549 0.000000
-0.515049 -0.006357 0.157831 2.000000
0.133131 -0.059818 -0.198410 1.000000
-0.112128 -0.061286 -0.146201 0.000000
0.238973 -0.033368 0.053521 0.000000
0.508091 -0.048482 0.008568 0.000000
-0.211277 0.005605 -0.147389 0.000000
0.113483 0.066968 -0.048499 0.000000
0.113915 -0.034534 -0.234338 1.000000
-0.032023 0.041361 0.139866 0.000000
-0.449583 -0.014540 -0.204477 2.000000
-0.438226 0.259414 -0.185282 2.000000
-0.069895 0.021863 0.178321 1.000000
-0.579414 0.033113 -0.088184 0.000000
-0.015916 0.004482 -0.079051 0.000000
-0.330462 0.121379 0.135418 2.000000
-0.038695 0.009038 -0.345988 1.000000
0.389553 0.021410 -0.027231 0.000000
0.374051 -0.014152 -0.003416 0.000000
-0.144192 0.037884 0.148654 1.000000
-0.308396 -0.076530 0.031260 0.000000
0.571074 -0.064719 -0.005856 0.000000
-0.110163 -0.116388 -0.183447 2.000000
-0.131172 -0.179349 -0.178740 2.000000
0.069760 -0.034275 -0.234964 1.000000
-0.145034 0.016271 -0.504125 1.000000
-0.035305 0.020654 0.400456 1.000000
0.103227 0.014868 -0.330723 1.000000
-0.517403 0.020633 0.014851 0.000000
0.355395 0.081111 0.019342 0.000000
-0.072119 -0.054053 -0.146568 0.000000
0.299883 -0.014152 -0.011275 0.000000
-0.382865 -0.028272 -0.136031 0.000000
0.178754 0.045463 0.113352 0.000000
0.607737 0.122200 -0.020905 0.000000
0.096015 0.013788 -0.127179 0.000000
-0.236647 0.061009 0.113719 2.000000
-0.024121 0.004504 0.453528 1.000000
0.304461 -0.001650 -0.055624 0.000000
0.543674 0.035401 -0.046944 0.000000
0.143949 -0.067418 0.200712 1.000000
0.005071 0.011132 0.240591 1.000000
0.020013 -0.080697 -0.005273 0.000000
0.141962 0.028665 0.181495 1.000000
0.008137 0.000790 -0.044224 0.000000
0.321238 0.047903 0.106011 0.000000
-0.167165 0.013853 -0.510452 1.000000
0.673181 0.062477 0.036399 0.000000
-0.070197 -0.145623 -0.129036 0.000000
-0.096755 0.011543 0.326504 1.000000
-0.376366 0.235772 -0.174443 2.000000
0.010793 -0.072276 0.054925 0.000000
0.098261 -0.041443 0.055745 0.000000
0.476956 0.068782 0.035579 0.000000
-0.276397 0.059541 -0.101291 0.000000
-0.306474 -0.022810 -0.014730 0.000000
-0.441724 0.041533 -0.015097 0.000000
-0.311721 0.205090 -0.165051 2.000000
0.624341 -0.069512 0.038645 0.000000
-0.457184 -0.015620 -0.184138 2.000000
-0.144839 -0.081129 0.142090 0.000000
0.043202 0.005799 0.384111 1.000000
0.062116 -0.014756 0.350320 1.000000
-0.126055 0.027326 0.382254 1.000000
-0.067714 0.012838 0.598105 1.000000
0.804588 0.039180 0.027849 0.000000
-0.380922 0.057122 0.129632 2.000000
-0.069463 0.004482 -0.225658 1.000000
0.113569 0.022122 0.278247 1.000000
-0.194327 0.010873 0.361353 1.000000
0.161287 -0.054895 0.057408 0.000000
-0.250336 0.150636 -0.148598 2.000000
-0.156024 0.018473 -0.181978 1.000000
0.379945 0.030975 -0.054631 0.000000
-0.321912 0.024670 -0.142833 0.000000
0.151419 0.021064 0.230767 1.000000
0.150621 -0.017477 0.076689 0.000000
-0.201129 -0.083504 -0.067370 0.000000
-0.048519 0.009556 -0.339705 1.000000
-0.104722 0.003532 -0.497303 1.000000
0.100075 -0.032461 0.070104 0.000000
0.589902 -0.020024 0.033312 0.000000
0.256506 -0.081496 -0.235850 1.000000
-0.301810 -0.035527 0.018305 0.000000
-0.050959 0.008109 0.606699 1.000000
-0.612017 -0.012014 -0.191954 2.000000
-0.349506 -0.049454 0.009647 0.000000
0.083600 0.016271 -0.081880 0.000000
-0.156045 -0.060120 -0.263508 1.000000
0.072351 -0.062452 0.274166 1.000000
-0.412597 0.230568 0.182337 2.000000
0.163122 0.045269 -0.057978 0.000000
0.149908 -0.134287 0.040955 0.000000
-0.349290 0.198548 -0.159977 2.000000
-0.074990 -0.086462 0.045727 0.000000
-0.141255 0.018214 -0.185519 1.000000
-0.235459 -0.078667 -0.040337 0.000000
0.166361 0.088150 -0.041892 0.000000
0.780340 0.008649 0.040005 0.000000
0.485226 0.039720 0.077186 0.000000
0.605750 0.071610 0.043006 0.000000
-0.098763 -0.150351 0.175277 2.000000
-0.075098 0.021129 -0.234943 1.000000
0.042533 -0.028488 -0.238268 1.000000
0.551080 0.013766 -0.034961 0.000000
0.014896 0.022122 -0.048499 0.000000
-0.174722 0.025383 0.214293 1.000000
0.589319 -0.101878 0.008697 0.000000
-0.307619 0.080700 0.120650 2.000000
0.533764 -0.015015 -0.031593 0.000000
0.490969 -0.122714 -0.001667 0.000000
0.002761 0.017372 0.053370 0.000000
0.220858 -0.087995 -0.002617 0.000000
0.059050 -0.120188 0.043568 0.000000
-0.602431 -0.006163 -0.102284 0.000000
-0.585697 -0.039414 0.003882 0.000000
-0.385348 -0.071844 0.064771 0.000000
0.018976 -0.024256 -0.054588 0.000000
0.071552 -0.103951 0.205483 1.000000
-0.276807 0.060663 0.078330 0.000000
0.030118 0.007915 0.348765 1.000000
-0.350111 0.061376 -0.129424 2.000000
-0.017406 0.002344 0.510400 1.000000
-0.455262 -0.011820 0.207470 2.000000
-0.068189 -0.089917 -0.090322 0.000000
0.369106 0.048227 -0.021531 0.000000
0.032709 0.003964 -0.422876 1.000000
-0.321178 -0.045697 0.032232 0.000000
0.068421 -0.020046 0.060107 0.000000
0.122659 0.077807 0.047908 0.000000
-0.322711 0.057705 -0.058625 0.000000
-0.404522 -0.068023 -0.100751 0.000000
-0.148445 0.001373 0.522124 1.000000
0.247761 0.117730 0.008524 0.000000
-0.049987 0.022101 0.392985 1.000000
0.623499 0.050105 -0.042237 0.000000
-0.175111 -0.059343 -0.202706 1.000000
0.642327 -0.013806 -0.043641 0.000000
-0.044352 -0.140419 -0.032629 0.000000
0.275852 0.055179 -0.056596 0.000000
-0.572936 -0.046690 -0.071084 0.000000
0.447505 0.020503 -0.031722 0.000000
-0.068167 -0.103066 0.031520 0.000000
-0.296499 -0.041638 -0.007928 0.000000
-0.395129 0.243825 0.181042 2.000000
-0.391416 0.087243 0.125616 2.000000
0.679896 0.061527 0.032210 0.000000
0.245149 -0.083396 0.224290 1.000000
-0.031807 -0.069577 0.276520 1.000000
0.635871 0.081456 0.040415 0.000000
-0.485577 -0.017153 -0.232546 2.000000
-0.018787 -0.074219 -0.047290 0.000000
0.045145 -0.032915 0.352414 1.000000
-0.586215 0.038143 0.066476 0.000000
0.175537 0.022533 0.157874 0.000000
0.166728 -0.033714 -0.071796 0.000000
-0.020126 0.001977 0.522643 1.000000
-0.017708 -0.140614 0.120844 0.000000
0.972808 -0.027085 -0.020711 0.000000
-0.155894 -0.015361 0.152735 0.000000
-0.575419 -0.028424 -0.025655 0.000000
-0.624843 0.026182 -0.068817 0.000000
0.305972 0.040000 0.123176 0.000000
0.553067 0.053473 0.055357 0.000000
0.085522 0.054942 -0.067176 0.000000
0.065463 0.079167 -0.041741 0.000000
0.193912 0.055481 0.057430 0.000000
0.489285 -0.163868 0.029317 0.000000
-0.386644 0.058288 0.019903 0.000000
0.019387 -0.146638 0.059006 0.000000
0.067968 -0.060206 -0.059856 0.000000
-0.032045 0.009016 0.045014 0.000000
0.444310 -0.021579 -0.043619 0.000000
0.105170 0.000833 0.593377 1.000000
-0.238676 0.088106 0.124450 2.000000
0.361765 0.107366 0.026402 0.000000
-0.439025 -0.032440 -0.127546 0.000000
0.029578 -0.082748 0.009863 0.000000
-0.076459 -0.042048 -0.207932 1.000000
-0.020428 0.040605 -0.143589 0.000000
-0.189987 0.058137 0.123802 0.000000
-0.371227 0.255744 0.193759 2.000000
0.119377 -0.140916 0.039703 0.000000
-0.061064 -0.046193 0.040761 0.000000
0.502607 0.046435 -0.084989 0.000000
-0.284775 0.063665 -0.111158 2.000000
0.256247 0.070293 0.051772 0.000000
-0.477890 -0.014238 -0.236670 2.000000
-0.436888 0.124424 -0.141537 2.000000
-0.008467 -0.020974 0.045381 0.000000
0.507832 -0.149229 0.010489 0.000000
0.001314 0.004288 0.440465 1.000000
0.346392 -0.052606 -0.025051 0.000000
0.162755 0.021194 -0.114850 0.000000
0.471105 -0.061912 -0.009828 0.000000
0.354251 0.098449 0.024092 0.000000
0.138184 0.029809 0.171023 1.000000
-0.122168 0.019920 0.144660 1.000000
-0.169648 0.010031 0.381585 1.000000
-0.325259 0.118853 -0.131044 2.000000
0.324412 0.085688 0.043632 0.000000
-0.061431 0.034019 0.257757 1.000000
0.164612 0.020935 -0.145208 0.000000
-0.012504 -0.056277 -0.269425 1.000000
0.119269 -0.028855 -0.136571 0.000000
0.214640 -0.103239 -0.028829 0.000000
0.403437 0.093936 -0.029736 0.000000
-0.102563 -0.061869 0.035363 0.000000
-0.170447 -0.134482 -0.004560 0.000000
0.485248 0.026484 -0.050615 0.000000
-0.213069 0.016984 0.226600 1.000000
0.069004 0.032163 0.190434 1.000000
0.111173 -0.053470 0.052938 0.000000
-0.574621 -0.022097 -0.298508 2.000000
-0.390034 0.103825 -0.127265 2.000000
0.243659 -0.090586 -0.003545 0.000000
0.170075 0.064831 -0.117700 0.000000
0.077900 0.017869 0.067945 0.000000
0.382795 -0.004889 0.028432 0.000000
-0.049491 -0.033454 -0.037574 0.000000
0.541580 0.048032 -0.077367 0.000000
-0.138081 0.084349 0.025560 0.000000
0.473955 0.074309 0.042164 0.000000
0.060627 0.001848 -0.138536 0.000000
0.012844 0.008390 0.229860 1.000000
0.444828 0.007354 -0.031442 0.000000
-0.302631 -0.082921 -0.062663 0.000000
0.066456 0.032745 -0.181784 1.000000
0.347774 0.035142 -0.119082 0.000000
-0.404327 0.164411 0.152087 2.000000
0.499412 -0.188806 0.021911 0.000000
0.025799 0.016379 -0.207953 1.000000
-0.559981 0.004935 -0.113123 0.000000
-0.329923 -0.079920 -0.095094 0.000000
0.006928 -0.150719 -0.053854 0.000000
0.131857 -0.003744 -0.060180 0.000000
-0.483655 0.033717 0.002306 0.000000
0.377160 0.020719 -0.026691 0.000000
-0.114201 0.024238 -0.407892 1.000000
-0.173513 0.018236 0.455428 1.000000
0.149606 0.028514 0.177414 1.000000
-0.165330 -0.118374 -0.135708 0.000000
0.229667 -0.059192 0.012908 0.000000
0.432348 0.095642 0.042574 0.000000
-0.300839 -0.080006 0.001464 0.000000
-0.033340 0.005454 0.590203 1.000000
-0.148618 -0.094537 0.142155 0.000000
-0.019090 -0.043192 0.050239 0.000000
0.555442 0.143359 0.013836 0.000000
-0.153195 -0.082057 -0.138817 0.000000
-0.134821 0.017696 0.199869 1.000000
0.497663 0.083939 0.024027 0.000000
0.858027 0.017523 -0.028505 0.000000
-0.548927 -0.016829 -0.303237 2.000000
-0.134950 -0.002233 -0.577882 1.000000
0.082067 -0.105419 0.208096 1.000000
-0.088572 0.012082 0.237763 1.000000
-0.247723 -0.033044 0.001162 0.000000
0.286734 -0.139512 -0.014902 0.000000
-0.138167 0.016897 0.509299 1.000000
0.522169 -0.069534 0.023790 0.000000
0.007295 -0.033454 -0.141127 0.000000
0.002459 0.038057 -0.162049 1.000000
0.467067 -0.001650 -0.049168 0.000000
-0.130848 -0.110385 0.247090 1.000000
0.061987 0.014306 0.248084 1.000000
-0.170209 0.067594 -0.032370 0.000000
-0.516064 -0.007804 0.184691 2.000000
-0.076826 -0.116086 -0.225075 1.000000
-0.163602 -0.081323 0.268984 1.000000
0.189226 -0.102375 0.225456 1.000000
-0.219158 0.003662 -0.605088 1.000000
0.214359 0.024411 0.086621 0.000000
-0.040962 -0.160931 0.136131 0.000000
0.704532 0.067249 0.027914 0.000000
0.813958 -0.045546 0.027827 0.000000
-0.194824 -0.077091 0.133670 0.000000
-0.285681 0.086984 0.122917 2.000000
-0.042754 0.023742 -0.237447 1.000000
0.248841 0.067270 -0.049881 0.000000
-0.073328 -0.145148 0.029490 0.000000
0.004963 0.003402 0.462920 1.000000
-0.512350 0.032810 0.028410 0.000000
0.310485 0.025124 -0.054869 0.000000
-0.313297 0.166398 -0.161531 2.000000
-0.141838 0.015321 0.257994 1.000000
-0.099130 0.006771 -0.442309 1.000000
-0.081792 -0.044768 -0.031830 0.000000
0.307851 -0.056709 -0.026454 0.000000
0.331278 0.041253 -0.022416 0.000000
0.362413 0.062218 -0.021380 0.000000
0.943227 -0.058673 -0.002487 0.000000
0.539529 0.026506 0.030138 0.000000
-0.027640 0.003921 -0.566849 1.000000
0.161805 0.021626 -0.088811 0.000000
0.264560 0.027369 -0.058604 0.000000
0.838227 -0.041659 -0.026001 0.000000
-0.236560 0.138760 -0.146482 2.000000
-0.024768 -0.034815 0.355761 1.000000
0.902678 0.030198 -0.013348 0.000000
-0.036428 0.041145 -0.151685 1.000000
0.279652 -0.048137 -0.040877 0.000000
-0.383751 -0.069858 0.108148 0.000000
-0.314809 0.172961 -0.150692 2.000000
0.156407 0.049414 -0.104508 0.000000
-0.011446 -0.149531 0.118922 0.000000
-0.573584 -0.042609 -0.092827 0.000000
-0.589648 -0.021234 -0.276507 2.000000
0.151117 -0.103908 0.038515 0.000000
0.850815 0.040022 -0.015313 0.000000
0.098174 -0.045351 -0.048888 0.000000
0.091503 -0.082165 0.274576 1.000000
0.206845 -0.092097 -0.214064 1.000000
-0.075465 0.027671 0.343324 1.000000
0.352545 0.088927 -0.011081 0.000000
0.101392 -0.022810 -0.127913 0.000000
-0.424213 -0.065129 -0.102888 0.000000
0.134189 0.020050 -0.109064 0.000000
-0.114006 0.021604 0.442991 1.000000
0.045923 -0.053988 -0.095547 0.000000
-0.004623 0.075367 0.043006 0.000000
0.582820 0.114945 -0.029606 0.000000
-0.401758 0.023116 0.137578 0.000000
-0.303387 0.119997 -0.131454 2.000000
0.200346 -0.063683 -0.208493 1.000000
0.038387 -0.013806 0.063540 0.000000
0.152132 -0.035182 -0.056682 0.000000
0.086580 -0.037989 -0.218900 1.000000
-0.182020 0.004914 0.561205 1.000000
0.137406 -0.070268 0.271122 1.000000
-0.239281 -0.001715 0.606310 1.000000
-0.027834 -0.131567 0.049657 0.000000
-0.131345 0.013594 0.551899 1.000000
-0.566135 -0.007113 -0.147216 2.000000
0.076756 0.019791 -0.329859 1.000000
-0.511918 -0.024559 0.019083 0.000000
-0.361641 0.041771 -0.134973 0.000000
-0.266098 -0.012489 -0.145381 0.000000
-0.063331 -0.159506 -0.131951 0.000000
0.142761 0.019812 -0.200439 1.000000
-0.066958 0.028125 -0.328629 1.000000
-0.027079 0.006987 -0.539125 1.000000
0.999711 -0.015922 0.018003 0.000000
-0.439673 0.249461 -0.178632 2.000000
0.147792 -0.058220 0.023768 0.000000
0.414967 0.067681 -0.044375 0.000000
0.090207 0.012730 0.336350 1.000000
-0.061064 0.008908 -0.588203 1.000000
-0.063935 -0.155836 -0.118996 0.000000
-0.246126 -0.081517 -0.055927 0.000000
0.133174 0.036762 0.143494 0.000000
-0.441379 -0.057939 0.001896 0.000000
0.086709 0.039482 -0.133440 0.000000
0.401342 0.084824 0.043611 0.000000
-0.370234 0.065262 -0.112086 2.000000
-0.137908 0.005972 -0.449974 1.000000
0.742209 -0.009553 -0.038675 0.000000
-0.167316 0.059757 -0.097210 0.000000
-0.064821 -0.060163 0.040199 0.000000
-0.107529 -0.081086 0.136951 0.000000
-0.426567 0.249936 0.183546 2.000000
0.593789 0.135047 0.013145 0.000000
0.487234 0.040000 0.053543 0.000000
0.583446 0.041037 0.047951 0.000000
0.358958 -0.063963 0.006128 0.000000
-0.473399 0.050062 0.061014 0.000000
-0.417002 0.184729 0.160378 2.000000
-0.050592 0.019488 -0.421559 1.000000
0.814325 -0.025206 -0.033299 0.000000
-0.367060 0.134701 0.140255 2.000000
-0.318933 0.124704 0.136606 2.000000
-0.429719 -0.038766 0.019515 0.000000
-0.242800 -0.039263 -0.146223 0.000000
0.857401 0.025987 -0.024597 0.000000
-0.043855 0.018258 0.175708 1.000000
0.492092 0.117169 -0.003092 0.000000
-0.414929 0.102076 0.140255 2.000000
-0.028201 -0.155706 -0.020927 0.000000
0.017098 0.000315 -0.355748 1.000000
-0.328303 0.061095 -0.083175 0.000000
-0.161270 -0.107643 0.141529 0.000000
0.014377 -0.104664 -0.047484 0.000000
0.236534 0.026441 -0.127740 0.000000
-0.173362 0.025145 -0.311615 1.000000
-0.135792 -0.010870 -0.352056 1.000000
-0.073112 -0.082144 0.140924 0.000000
0.868801 -0.059062 0.006732 0.000000
-0.542190 -0.011798 -0.115606 2.000000
-0.105521 0.015559 -0.351516 1.000000
0.142092 -0.110321 0.243916 1.000000
-0.107853 -0.122347 0.139694 0.000000
0.003322 0.031903 -0.235094 1.000000
0.087379 0.032616 -0.168721 1.000000
0.255448 -0.058889 0.013966 0.000000
0.087271 -0.059105 -0.194998 1.000000
0.119572 0.028492 0.199610 1.000000
0.047305 0.016336 -0.139076 0.000000
0.372712 0.016034 0.028799 0.000000
0.409137 0.091863 0.036334 0.000000
-0.273201 0.066450 -0.025094 0.000000
-0.038976 -0.117899 -0.113015 0.000000
0.349436 0.099680 0.004746 0.000000
0.164849 -0.081496 -0.198259 1.000000
-0.047591 0.008001 0.378864 1.000000
-0.376906 0.161065 0.163358 2.000000
0.661629 0.115420 -0.001645 0.000000
-0.153865 0.034343 0.159040 1.000000
0.105170 0.004180 0.606785 1.000000
-0.037507 0.033005 -0.249992 1.000000
0.012909 0.012018 0.280860 1.000000
-0.002097 -0.087736 -0.095590 0.000000
0.255534 0.104106 -0.029153 0.000000
0.039942 0.050235 -0.110035 0.000000
-0.407285 0.249655 -0.179862 2.000000
-0.084599 -0.095012 0.045360 0.000000
-0.291403 0.092468 -0.138946 2.000000
-0.158485 -0.082122 0.060020 0.000000
-0.194630 0.024109 0.164999 1.000000
0.604433 0.127468 -0.017385 0.000000
0.014118 0.110044 -0.002941 0.000000
0.070710 0.017221 -0.197870 1.000000
0.070300 -0.081712 -0.190788 1.000000
0.161244 -0.104793 0.254583 1.000000
0.034436 -0.030583 -0.224881 1.000000
-0.294016 -0.030367 -0.004862 0.000000
-0.026949 -0.141413 -0.111633 0.000000
-0.570648 -0.052218 0.059524 0.000000
-0.076631 -0.149099 -0.132512 0.000000
-0.432656 0.205997 0.169512 2.000000
0.192875 -0.153698 -0.021186 0.000000
0.006108 -0.072578 -0.273764 1.000000
0.013514 -0.015210 0.241973 1.000000
0.097699 0.021734 -0.063829 0.000000
-0.186360 0.012190 0.464561 1.000000
-0.419485 -0.045632 -0.006741 0.000000
-0.228334 -0.094688 -0.230322 1.000000
0.129936 0.084868 0.045295 0.000000
-0.327440 0.142517 0.157679 2.000000
0.692462 -0.038896 0.036810 0.000000
-0.358747 0.163656 -0.160689 2.000000
-0.049361 0.013961 -0.241010 1.000000
-0.135447 -0.129818 0.182704 2.000000
-0.094293 0.043930 -0.158055 1.000000
0.445951 0.099658 -0.038502 0.000000
0.649840 -0.074263 -0.033925 0.000000
-0.114266 -0.160931 -0.191069 2.000000
-0.127113 0.016142 -0.514857 1.000000
0.118384 -0.062150 -0.127308 0.000000
-0.118238 0.033782 0.299428 1.000000
0.063693 -0.162054 -0.014039 0.000000
-0.075919 0.020935 0.151785 0.000000
0.593789 -0.068325 0.025647 0.000000
-0.059876 -0.090305 -0.014514 0.000000
0.020509 -0.112631 0.256828 1.000000
-0.419161 0.234584 -0.183296 2.000000
-0.132575 0.050321 -0.131130 0.000000
-0.042106 0.037992 -0.193400 1.000000
-0.090061 0.017739 -0.176710 1.000000
0.927250 -0.058306 -0.007237 0.000000
0.042425 -0.092702 -0.193573 1.000000
-0.019327 0.016681 0.356020 1.000000
-0.530509 0.037193 -0.101010 0.000000
-0.352097 -0.002233 -0.014104 0.000000
0.165735 -0.055737 0.207470 1.000000
-0.037550 -0.017153 0.046569 0.000000
0.108452 0.018668 -0.144279 0.000000
-0.142162 0.021863 -0.436781 1.000000
0.767731 -0.070527 0.003083 0.000000
-0.037356 0.012514 -0.224428 1.000000
-0.182171 0.022857 -0.148468 0.000000
0.660334 -0.070851 -0.034724 0.000000
-0.048562 0.009556 -0.530057 1.000000
-0.607418 -0.015080 -0.201648 2.000000
-0.004753 -0.132236 0.118879 0.000000
-0.354041 0.032789 -0.139097 0.000000
-0.643584 -0.017779 0.316205 2.000000
-0.065231 0.009211 0.361396 1.000000
0.183030 0.008045 0.064123 0.000000
-0.581076 -0.008473 -0.149872 2.000000
-0.090925 -0.090543 0.096186 0.000000
0.005633 0.020676 -0.368660 1.000000
0.070494 -0.031986 -0.119579 0.000000
-0.078639 0.000552 0.229320 1.000000
0.535858 0.028535 0.023768 0.000000
0.582453 0.044340 -0.026713 0.000000
-0.593081 -0.018556 0.229148 2.000000
0.314112 -0.108680 -0.007021 0.000000
-0.229003 0.075130 -0.116361 2.000000
0.124775 0.052545 -0.096843 0.000000
0.081419 -0.055499 0.047454 0.000000
0.093403 -0.067979 -0.270569 1.000000
0.500081 -0.189000 -0.019566 0.000000
0.182382 -0.064525 0.207340 1.000000
-0.369975 -0.058393 -0.133678 0.000000
0.398751 0.033350 0.057106 0.000000
-0.192254 0.024260 -0.165482 1.000000
-0.249861 -0.065561 0.027568 0.000000
0.085997 -0.049346 -0.201778 1.000000
-0.182948 0.018797 -0.178761 1.000000
-0.578896 0.021518 -0.026238 0.000000
0.113505 -0.102029 0.262507 1.000000
-0.458803 -0.005536 -0.013672 0.000000
0.563927 0.143705 -0.004279 0.000000
0.008008 0.023893 -0.061756 0.000000
-0.047310 -0.134698 0.048577 0.000000
0.324649 0.110151 -0.013369 0.000000
0.033162 0.012341 -0.274024 1.000000
0.079778 0.054575 0.077315 0.000000
0.075438 0.017048 0.204792 1.000000
-0.050095 -0.159269 0.137383 0.000000
-0.546098 0.036006 0.038170 0.000000
-0.211147 -0.008667 0.020940 0.000000
0.537607 -0.061891 0.015801 0.000000
-0.186986 -0.102612 -0.244832 1.000000
-0.379756 0.020827 -0.136744 0.000000
-0.167057 0.029010 0.204404 1.000000
-0.064432 0.014112 0.245946 1.000000
0.068983 -0.077242 -0.120313 0.000000
-0.066850 0.030802 0.300011 1.000000
-0.311375 0.053236 -0.131584 0.000000
0.084982 -0.097862 -0.266272 1.000000
-0.021443 0.040907 0.136541 0.000000
-0.100728 0.017135 0.197818 1.000000
0.089991 -0.050749 -0.064628 0.000000
-0.180379 0.070056 0.124558 2.000000
0.234310 0.070984 -0.048261 0.000000
-0.151036 -0.046366 -0.149418 0.000000
0.267928 0.031601 0.001183 0.000000
0.409698 0.114405 -0.034896 0.000000
-0.493306 -0.023220 -0.014449 0.000000
-0.173794 0.008973 -0.401025 1.000000
-0.125536 -0.049929 0.009755 0.000000
0.004229 0.104473 -0.011102 0.000000
-0.016628 0.013464 -0.251676 1.000000
-0.120484 -0.037449 -0.026735 0.000000
0.524739 0.127921 0.032750 0.000000
-0.081403 -0.142794 0.173182 2.000000
-0.308417 0.128569 0.153426 2.000000
0.029578 -0.031943 -0.055408 0.000000
0.057928 -0.010028 0.061208 0.000000
-0.172692 0.017890 -0.456948 1.000000
0.174371 -0.049346 -0.067759 0.000000
0.623261 -0.040644 0.036961 0.000000
-0.626440 -0.025077 0.040178 0.000000
-0.384182 0.199087 -0.160171 2.000000
0.892487 -0.062884 0.000989 0.000000
0.054322 -0.117208 0.230378 1.000000
0.023899 0.014457 -0.053767 0.000000
-0.422508 0.211308 0.169900 2.000000
0.027052 -0.056601 0.020724 0.000000
0.148677 -0.094062 -0.026756 0.000000
-0.083951 0.034667 -0.261846 1.000000
-0.620568 0.010960 0.098108 0.000000
0.199353 -0.087369 -0.006676 0.000000
0.407367 0.067400 0.033549 0.000000
0.053199 0.011283 0.296125 1.000000
0.356626 0.145216 0.018435 0.000000
-0.444142 0.050213 0.047497 0.000000
0.016083 0.020827 -0.359526 1.000000
0.540285 0.141589 -0.016932 0.000000
-0.021616 -0.020435 0.227787 1.000000
0.512151 0.044383 0.092581 0.000000
0.025821 -0.004889 0.601366 1.000000
-0.106233 0.016746 0.210277 1.000000
0.708656 0.080593 -0.007194 0.000000
0.184131 0.022230 -0.078857 0.000000
-0.511422 0.047644 -0.071408 0.000000
-0.137779 0.006900 0.607217 1.000000
-0.319300 0.059973 -0.109927 2.000000
-0.188174 0.022900 0.202309 1.000000
-0.055925 -0.016375 -0.037379 0.000000
0.967561 -0.054096 0.008114 0.000000
0.034458 -0.037039 0.220381 1.000000
0.061965 0.028816 0.235344 1.000000
-0.155506 0.014349 0.518691 1.000000
-0.203633 0.015839 -0.249150 1.000000
-0.033383 0.051768 0.115619 0.000000
0.472444 0.005993 -0.032586 0.000000
-0.389667 0.057662 -0.118974 0.000000
0.575306 0.083918 0.042099 0.000000
0.097268 -0.072730 -0.121608 0.000000
0.022863 -0.054722 0.272417 1.000000
0.147425 -0.164969 -0.001451 0.000000
-0.036989 -0.115675 -0.220930 1.000000
0.254109 -0.010610 -0.056142 0.000000
-0.141277 -0.110623 0.036356 0.000000
0.493215 0.086098 0.010554 0.000000
0.022582 0.013637 -0.252151 1.000000
-0.433951 0.108273 -0.136312 2.000000
-0.372545 0.068134 -0.001127 0.000000
0.580121 0.034106 -0.045627 0.000000
0.067601 0.026117 0.263845 1.000000
-0.049642 -0.084842 0.069737 0.000000
-0.231076 0.099205 -0.137392 2.000000
-0.609707 -0.011712 0.193046 2.000000
-0.102066 -0.099438 0.142155 0.000000
-0.011727 -0.081625 -0.051176 0.000000
-0.120506 0.010420 0.367572 1.000000
0.161092 0.025966 0.197451 1.000000
0.040870 -0.047165 0.056156 0.000000
-0.345382 0.195978 0.174024 2.000000
-0.068189 0.012428 0.287920 1.000000
0.097678 -0.058976 0.017204 0.000000
-0.079892 0.023742 -0.229912 1.000000
-0.121974 -0.039025 0.241800 1.000000
-0.525845 -0.050814 -0.098937 0.000000
-0.164660 -0.082079 -0.136981 0.000000
-0.094855 0.027801 0.355156 1.000000
-0.030706 -0.143680 0.138247 0.000000
-0.037507 -0.160219 0.122096 0.000000
0.496669 -0.154260 0.029922 0.000000
0.334840 0.055503 0.052485 0.000000
-0.188325 0.015990 -0.379693 1.000000
-0.005660 0.014090 0.047325 0.000000
0.010815 -0.030669 0.055465 0.000000
-0.223217 -0.054463 -0.019804 0.000000
0.519924 0.034861 0.030138 0.000000
-0.047008 -0.094494 0.046331 0.000000
0.218138 0.030154 -0.058690 0.000000
0.244371 0.026117 0.118901 0.000000
-0.099151 0.014673 0.254324 1.000000
-0.581379 0.027110 -0.094036 0.000000
-0.537828 -0.021881 -0.113425 0.000000
0.073258 -0.002816 0.605857 1.000000
-0.037507 0.032141 0.263802 1.000000
0.541364 0.019769 0.008157 0.000000
-0.181977 0.077721 -0.023690 0.000000
0.452191 0.060577 -0.031463 0.000000
-0.089910 0.076361 0.034175 0.000000
0.142437 0.019898 -0.239175 1.000000
-0.067476 -0.060422 0.147445 0.000000
0.072912 0.027995 0.237655 1.000000
-0.508896 -0.016786 0.186461 2.000000
-0.006351 -0.081539 0.276541 1.000000
-0.463661 -0.017433 0.127278 0.000000
0.015500 0.031169 -0.235439 1.000000
-0.407221 -0.011366 0.174888 2.000000
0.103400 0.043261 -0.125192 0.000000
0.110395 -0.073442 0.109055 0.000000
-0.319019 0.065845 -0.018724 0.000000
-0.093753 0.014263 -0.257333 1.000000
0.134772 0.018970 0.279543 1.000000
-0.145573 0.058655 -0.061540 0.000000
-0.237834 -0.059537 0.144120 0.000000
-0.299867 0.053214 0.135483 0.000000
-0.618344 0.008757 -0.095936 0.000000
-0.368550 0.190408 -0.168872 2.000000
-0.139938 0.036049 -0.258456 1.000000
-0.071557 0.008628 -0.555924 1.000000
0.239708 0.041209 0.060193 0.000000
0.317718 0.005195 0.021609 0.000000
-0.576046 -0.009682 -0.208515 2.000000
0.075784 -0.036628 0.224268 1.000000
-0.448094 0.263668 0.192442 2.000000
-0.146847 -0.080157 -0.124134 0.000000
-0.431576 -0.027733 0.132115 0.000000
0.686158 -0.001780 0.048102 0.000000
0.122422 -0.063359 -0.074539 0.000000
-0.264694 0.110303 -0.127935 2.000000
-0.052146 -0.085598 -0.071516 0.000000
0.144575 -0.099352 0.035708 0.000000
0.216842 0.042980 -0.120723 0.000000
-0.506391 -0.012057 -0.239023 2.000000
-0.204821 0.018581 -0.187765 1.000000
-0.047914 0.007613 0.551986 1.000000
-0.087600 0.016379 -0.203937 1.000000
-0.130977 0.007850 0.153383 0.000000
0.048967 -0.002470 -0.235590 1.000000
0.097419 0.021043 -0.156414 0.000000
-0.184158 -0.046712 0.151828 0.000000
-0.122470 -0.185114 -0.185649 2.000000
-0.555987 -0.055564 0.070406 0.000000
-0.132770 0.024821 0.413259 1.000000
0.501679 -0.017066 0.003321 0.000000
-0.589821 0.005626 -0.021056 0.000000
-0.269445 -0.060206 -0.139076 0.000000
-0.236431 0.060037 -0.095893 0.000000
-0.017341 -0.131049 -0.127978 0.000000
0.356173 0.095815 -0.026519 0.000000
0.284920 -0.057529 0.024200 0.000000
-0.566092 0.020330 0.111106 0.000000
-0.033275 -0.019441 0.242211 1.000000
0.659276 0.012082 -0.046081 0.000000
0.375584 0.070984 0.048966 0.000000
0.065247 0.049414 0.116461 0.000000
-0.221252 -0.038852 0.150468 0.000000
-0.346160 -0.051937 -0.017623 0.000000
0.245753 -0.088794 0.236122 1.000000
0.475596 0.081046 -0.031981 0.000000
0.160661 0.030781 0.160184 0.000000
-0.312995 0.221931 -0.172608 2.000000
0.094677 0.036071 -0.143567 0.000000
-0.044654 -0.060206 -0.193141 1.000000
-0.025308 0.036502 -0.199576 1.000000
-0.438291 -0.061329 0.007682 0.000000
-0.119577 -0.100151 -0.260313 1.000000
0.008073 0.102853 0.018025 0.000000
-0.611564 -0.007674 0.104888 0.000000
0.070321 -0.081625 -0.100427 0.000000
-0.340330 -0.076702 0.054882 0.000000
-0.030080 -0.108809 -0.257312 1.000000
0.089905 0.088776 0.041732 0.000000
-0.083929 -0.019290 0.240937 1.000000
-0.099950 -0.152165 -0.155054 2.000000
0.014161 -0.041443 -0.046577 0.000000
-0.212399 0.014781 0.020896 0.000000
-0.501943 -0.015771 0.164459 2.000000
0.426972 0.152838 -0.014406 0.000000
-0.236064 0.057230 0.053521 0.000000
-0.128840 -0.084432 0.064209 0.000000
-0.028979 -0.094105 -0.023690 0.000000
0.659751 -0.089614 0.033657 0.000000
0.587786 0.001114 -0.003243 0.000000
-0.576067 -0.026092 0.027439 0.000000
-0.386817 -0.041271 0.018392 0.000000
0.142588 -0.059645 -0.007734 0.000000
0.308973 0.046521 0.110372 0.000000
0.151873 -0.102051 -0.208774 1.000000
0.563992 0.018365 -0.048564 0.000000
0.070472 -0.018599 0.051665 0.000000
0.016796 -0.005472 0.350471 1.000000
-0.185237 0.017394 -0.410785 1.000000
-0.396015 0.217419 0.181063 2.000000
-0.155894 -0.099525 -0.206852 1.000000
-0.286545 -0.025746 -0.144625 0.000000
0.005546 0.005799 0.397390 1.000000
-0.163214 0.028470 -0.328650 1.000000
-0.180833 0.059605 0.119829 2.000000
-0.049750 0.005151 0.454953 1.000000
-0.047742 -0.119907 -0.099347 0.000000
