0.069478 -0.078066 -0.243104 3.000000
-0.875373 0.426417 -0.009058 2.000000
-0.052148 -0.047298 0.056063 0.000000
0.734299 0.015089 -0.081013 0.000000
0.631396 0.090138 0.042265 0.000000
-0.232138 -0.061895 0.042291 0.000000
-0.198121 0.004799 0.647974 1.000000
-0.270875 0.117992 0.828532 1.000000
-0.035333 -0.091966 0.056217 0.000000
-0.144091 -0.014054 0.465173 1.000000
0.492825 -0.078117 0.013999 0.000000
0.096326 -0.027646 -0.204522 1.000000
-0.009852 -0.077988 -0.193819 1.000000
-0.063986 -0.004305 0.496044 1.000000
-0.267419 0.111905 0.015211 0.000000
0.225226 -0.121084 -0.242098 3.000000
-0.741032 0.119178 0.000588 2.000000
-0.179552 -0.009670 -0.519601 1.000000
0.266877 -0.094958 0.020601 0.000000
-0.790755 0.118843 -0.002198 2.000000
0.126733 -0.047324 0.258103 3.000000
-0.056146 0.117760 -0.036189 0.000000
-0.687749 0.093130 -0.002584 2.000000
0.234613 -0.022797 -0.044081 0.000000
0.214961 -0.033835 0.209901 3.000000
-0.042400 -0.033139 0.158166 1.000000
-0.059576 -0.008999 0.437449 1.000000
-0.140789 0.001497 0.660328 1.000000
-0.444547 0.102647 0.029499 0.000000
-0.073064 0.104478 -0.037427 0.000000
0.383320 0.000698 0.075070 0.000000
-0.504251 -0.044461 0.041182 0.000000
0.256380 -0.052249 0.209566 3.000000
0.004564 -0.039586 -0.202020 1.000000
0.556424 0.111261 -0.013262 0.000000
-0.011064 -0.047117 0.084948 1.000000
0.017589 -0.036208 -0.246663 1.000000
0.089260 -0.039303 -0.074307 0.000000
-0.133491 -0.002113 -0.631609 1.000000
0.121626 -0.055447 0.256504 3.000000
0.252641 -0.040824 0.060344 0.000000
-0.136328 -0.012429 0.489107 1.000000
-0.212770 0.097721 0.036952 0.000000
0.114534 -0.075925 -0.301906 3.000000
0.260791 -0.120852 0.231256 3.000000
0.225767 -0.028007 -0.259894 3.000000
0.013797 0.116161 0.017403 0.000000
-0.046810 -0.097357 -0.049652 0.000000
0.060736 -0.022797 0.015159 0.000000
-0.277581 -0.049954 -0.067266 0.000000
0.157758 -0.111644 -0.288908 3.000000
-0.107159 -0.011191 -0.526436 1.000000
0.154947 -0.047530 -0.126945 1.000000
0.132046 -0.085416 0.194917 3.000000
-0.860672 0.391059 -0.003410 2.000000
0.165083 -0.050212 0.260141 3.000000
0.132329 -0.098156 -0.220022 3.000000
0.494373 0.064426 0.065270 0.000000
0.159409 -0.097743 0.262307 3.000000
0.113245 -0.044435 0.147463 1.000000
-0.164233 -0.011424 -0.503792 1.000000
-0.046191 -0.097615 0.023309 0.000000
0.208024 0.093311 -0.054835 0.000000
-0.094212 -0.026769 -0.289398 1.000000
-0.166941 0.007816 0.731432 1.000000
0.728651 0.041085 0.063593 0.000000
-0.002141 -0.129182 -0.175353 1.000000
0.037989 -0.073294 0.220424 3.000000
0.466622 -0.060734 -0.056563 0.000000
-0.851259 0.093491 0.006262 0.000000
0.011528 -0.092095 -0.198281 1.000000
-0.186180 -0.079174 -0.020070 0.000000
-0.146076 0.082530 0.053303 0.000000
0.729296 -0.053281 -0.058549 0.000000
0.630339 -0.002629 -0.086738 0.000000
0.222440 0.080132 -0.067834 0.000000
-0.046345 -0.097615 -0.028014 0.000000
0.040361 -0.067569 -0.255561 3.000000
0.329496 -0.022797 -0.015531 0.000000
-0.466082 0.093130 0.005359 2.000000
-0.504432 0.093027 -0.056563 0.000000
0.303473 -0.064990 0.062355 0.000000
0.542394 -0.079536 -0.017646 0.000000
0.359490 -0.074145 -0.032269 0.000000
-0.055785 -0.033242 0.170778 1.000000
-0.238225 0.014728 0.767435 1.000000
0.196160 -0.018722 -0.083592 0.000000
0.008691 -0.119923 0.113394 1.000000
-0.108448 -0.001443 0.539036 1.000000
-0.482123 -0.000308 0.072878 0.000000
0.600938 -0.072005 0.027358 0.000000
-0.214008 0.005830 0.696847 1.000000
0.084695 0.113865 0.031691 0.000000
-0.716376 -0.001004 0.024676 0.000000
-0.546186 0.112163 -0.007433 0.000000
-0.148191 -0.010805 -0.518828 1.000000
-0.840014 0.378190 -0.002946 2.000000
0.163819 -0.031720 0.065914 0.000000
0.090420 -0.040257 0.194788 1.000000
0.214626 -0.051992 0.064522 1.000000
0.018955 -0.137460 -0.135946 1.000000
0.114637 -0.098130 -0.046093 0.000000
0.054159 -0.058284 -0.059297 0.000000
-0.171041 0.013980 0.746725 1.000000
0.156675 -0.063881 -0.053030 0.000000
-0.134368 -0.022797 -0.031263 0.000000
0.519492 0.011246 -0.089214 0.000000
-0.201964 0.030511 0.075044 0.000000
0.057177 -0.022849 0.245982 1.000000
-0.078712 -0.016891 -0.373577 1.000000
-0.540048 0.029067 -0.085629 0.000000
-0.072523 -0.023751 -0.379070 1.000000
0.003327 -0.025376 -0.240989 1.000000
0.211196 -0.046756 0.073110 1.000000
0.170035 -0.077962 -0.300178 3.000000
0.882748 0.004489 0.026533 0.000000
0.609165 -0.012042 -0.085835 0.000000
0.272112 -0.069838 -0.044829 0.000000
0.134754 -0.030766 -0.081193 1.000000
0.129312 -0.035151 0.254880 3.000000
-0.752921 0.031724 0.034141 0.000000
0.038556 -0.044590 0.133846 1.000000
0.176224 -0.114043 -0.303969 3.000000
-0.056610 0.113479 0.020498 0.000000
-0.774791 0.087766 0.021787 0.000000
0.000077 -0.016427 -0.346007 1.000000
0.502987 -0.063907 0.040047 0.000000
0.176302 -0.025092 0.055495 0.000000
-0.022851 -0.023029 -0.398104 1.000000
-0.396551 0.106593 -0.033533 0.000000
0.217024 -0.096892 0.186535 3.000000
-0.752096 0.143860 -0.000057 2.000000
-0.613499 0.073323 0.053638 0.000000
0.362301 0.006449 -0.088672 0.000000
-0.239514 0.039409 0.809060 1.000000
0.237631 -0.049851 -0.305981 3.000000
-0.213363 0.003767 0.670103 1.000000
0.440806 -0.055551 -0.062366 0.000000
0.135966 -0.041727 0.162009 1.000000
0.727001 -0.121677 -0.021695 0.000000
-0.600346 0.050009 0.063593 0.000000
0.080156 -0.030637 0.104032 1.000000
0.401115 -0.026459 -0.080832 0.000000
-0.263783 0.023832 -0.815983 1.000000
0.073863 -0.081341 -0.080445 0.000000
-0.011838 -0.104501 -0.160266 1.000000
-0.001058 -0.049593 0.166161 1.000000
-0.786964 0.288440 -0.011559 2.000000
0.008433 -0.077782 0.015391 0.000000
0.142362 -0.093282 -0.232891 3.000000
0.182852 -0.037188 -0.235883 3.000000
0.120569 -0.080309 -0.225747 3.000000
0.264246 -0.036053 -0.279907 3.000000
0.031335 -0.026382 0.201081 1.000000
-0.807209 0.025405 0.012554 0.000000
-0.427809 0.055090 0.069783 0.000000
-0.078635 -0.026666 -0.277973 1.000000
-0.212177 0.044412 -0.085500 0.000000
-0.754391 0.095013 0.017094 0.000000
0.050239 -0.035692 0.244357 1.000000
-0.175916 0.117167 -0.043178 0.000000
0.026899 -0.086009 -0.269591 3.000000
-0.247948 0.105999 0.021297 0.000000
-0.003069 -0.040721 0.060421 0.000000
0.109273 -0.059187 0.260373 3.000000
0.149712 -0.091373 -0.303969 3.000000
0.395261 -0.023106 -0.033146 0.000000
-0.083174 -0.025015 -0.066054 0.000000
0.717278 -0.116880 -0.021695 0.000000
0.011425 0.079590 -0.068221 0.000000
-0.026255 -0.110303 -0.191575 1.000000
0.357917 0.010498 0.076179 0.000000
-0.787686 0.162119 -0.001733 2.000000
-0.321450 -0.077524 0.015082 0.000000
-0.113968 -0.089852 -0.051973 0.000000
-0.442535 0.094961 0.001000 2.000000
-0.036339 -0.022797 0.008970 0.000000
0.039665 0.117063 0.021762 0.000000
-0.003250 -0.025144 0.233319 1.000000
-0.371354 -0.069297 -0.037994 0.000000
-0.180532 -0.022797 0.006107 0.000000
0.276368 -0.036672 -0.076035 0.000000
-0.010652 -0.136403 0.171397 1.000000
0.546005 -0.066563 -0.050013 0.000000
-0.722772 0.273817 -0.010270 2.000000
-0.070949 -0.029038 -0.249655 1.000000
-0.192783 -0.069426 0.012838 0.000000
0.369316 -0.022797 -0.019400 0.000000
0.726279 -0.118866 -0.008104 0.000000
0.111052 0.112731 -0.012617 0.000000
0.209829 -0.022797 0.017042 0.000000
-0.832587 0.342187 -0.002610 2.000000
0.772340 0.082324 -0.029019 0.000000
-0.073348 -0.020244 0.323585 1.000000
-0.119203 -0.021688 -0.388819 1.000000
-0.179887 -0.002913 -0.609377 1.000000
0.091245 -0.113759 -0.272686 3.000000
0.218495 -0.125649 -0.261622 3.000000
0.318458 -0.052017 -0.065925 0.000000
0.022772 -0.081238 0.067539 0.000000
0.174600 -0.055963 0.189579 3.000000
-0.580023 0.143034 -0.016124 2.000000
-0.308065 0.086193 0.049873 0.000000
0.092097 -0.053874 -0.084701 0.000000
-0.297671 0.004618 -0.088466 0.000000
0.704047 -0.028806 -0.075390 0.000000
0.089182 -0.022797 -0.047485 0.000000
-0.581493 0.011891 -0.078949 0.000000
-0.155541 -0.003377 0.598277 1.000000
0.694892 0.082891 -0.053907 0.000000
-0.344816 0.068062 0.063155 0.000000
0.515650 0.071956 -0.073250 0.000000
-0.180094 0.005418 0.642404 1.000000
-0.617342 -0.011707 0.047294 0.000000
0.060375 0.100480 0.032748 0.000000
-0.657935 0.024554 0.054644 0.000000
0.597843 0.036031 0.074425 0.000000
-0.830034 0.247923 -0.002971 2.000000
-0.422187 0.017823 -0.089678 0.000000
-0.153710 -0.070509 0.030479 0.000000
0.064914 -0.028213 -0.167049 1.000000
-0.625388 0.174292 -0.005035 2.000000
-0.165677 0.011014 0.696099 1.000000
-0.038428 -0.010366 -0.428691 1.000000
-0.493652 -0.053126 -0.044571 0.000000
-0.399491 -0.073062 0.006906 0.000000
0.192214 0.025740 -0.088543 0.000000
0.010161 -0.030895 -0.309256 1.000000
-0.119074 -0.080077 0.001104 0.000000
-0.250578 0.017075 0.797713 1.000000
-0.468377 -0.003093 0.072439 0.000000
0.147081 -0.105558 0.277807 3.000000
-0.184349 -0.036002 -0.057930 0.000000
-0.100557 0.002503 0.593222 1.000000
-0.868564 0.185227 -0.006556 2.000000
0.113116 -0.107724 0.261766 3.000000
0.176972 -0.101096 -0.294401 3.000000
-0.459918 0.063575 -0.079568 0.000000
0.047944 -0.020811 -0.311345 1.000000
0.199564 -0.106951 -0.266006 3.000000
-0.055192 -0.022694 0.383547 1.000000
0.224194 -0.055551 -0.255406 3.000000
-0.864773 0.192113 -0.005989 2.000000
0.113915 -0.004615 -0.087434 0.000000
0.751192 0.000234 -0.078176 0.000000
-0.486688 0.117915 0.004405 2.000000
-0.171763 0.049803 0.070608 0.000000
0.173026 -0.069555 -0.232814 3.000000
-0.681043 0.004876 0.041491 0.000000
0.047583 -0.044667 -0.147835 1.000000
-0.242171 -0.076260 -0.031521 0.000000
0.028111 -0.033500 -0.102831 1.000000
0.635342 -0.076286 -0.031263 0.000000
-0.125418 0.006088 -0.644890 1.000000
-0.035049 -0.038813 0.065785 1.000000
-0.210707 -0.009438 -0.086867 0.000000
-0.633770 0.137360 -0.016614 2.000000
-0.427061 -0.065351 0.023876 0.000000
0.382959 0.027881 0.075354 0.000000
-0.772702 0.280703 -0.001114 2.000000
0.844346 -0.026923 -0.050322 0.000000
-0.378240 0.108965 -0.028297 0.000000
0.912613 -0.022281 -0.010940 0.000000
0.094521 -0.027646 -0.215999 1.000000
-0.613318 0.024734 -0.075390 0.000000
-0.130938 -0.011346 0.504839 1.000000
-0.654402 0.009750 0.050905 0.000000
-0.004230 -0.063417 0.040563 0.000000
0.132690 0.087456 -0.061412 0.000000
0.120337 -0.031978 0.179237 1.000000
-0.204852 0.013155 -0.803217 1.000000
-0.180790 -0.009438 0.508888 1.000000
-0.874032 0.393122 -0.009161 2.000000
0.132252 -0.108550 0.193318 3.000000
-0.332462 -0.045441 0.056604 0.000000
-0.076649 -0.057253 0.047474 0.000000
-0.022799 -0.016375 0.339678 1.000000
0.822528 0.066850 -0.010683 0.000000
-0.229869 0.015501 0.769498 1.000000
0.208823 -0.100606 0.210443 3.000000
-0.788176 0.133621 -0.001914 2.000000
0.566714 -0.069838 -0.044880 0.000000
0.114096 -0.076492 0.069989 0.000000
0.724886 0.012226 -0.082147 0.000000
0.166527 -0.035022 0.112079 1.000000
-0.520731 -0.036672 -0.059916 0.000000
0.145818 -0.109452 0.217871 3.000000
0.331843 -0.053410 -0.069433 0.000000
0.106230 -0.080438 -0.001192 0.000000
0.177462 -0.041237 0.268162 3.000000
-0.044618 -0.097718 -0.035931 0.000000
0.126707 -0.043197 0.251192 3.000000
0.788382 0.080106 -0.017440 0.000000
0.027208 -0.030869 0.298568 1.000000
-0.667865 0.055863 0.052555 0.000000
0.144631 -0.031308 -0.251821 3.000000
0.162762 0.092743 0.042497 0.000000
-0.108036 0.017281 0.076540 0.000000
0.032212 -0.041082 0.176580 1.000000
0.191518 -0.037111 0.241340 1.000000
-0.144323 -0.067388 -0.049084 0.000000
0.101974 -0.120594 -0.284472 3.000000
-0.300844 -0.031746 0.065992 0.000000
-0.019910 -0.030173 0.299342 1.000000
0.689373 0.059010 -0.073533 0.000000
0.175528 -0.037652 0.104755 1.000000
-0.375739 -0.076389 -0.009213 0.000000
0.729580 0.096741 -0.013648 0.000000
-0.018776 -0.022797 -0.009909 0.000000
-0.174523 -0.024009 0.068751 0.000000
-0.000723 -0.096815 0.128507 1.000000
0.605838 -0.017536 0.070995 0.000000
0.520705 0.107341 -0.031444 0.000000
0.111542 0.111880 -0.047537 0.000000
-0.642332 -0.019290 -0.046273 0.000000
0.231777 -0.022797 0.036049 0.000000
-0.382934 -0.067982 0.026043 0.000000
0.033707 -0.029012 -0.255303 1.000000
-0.443077 0.109687 -0.024558 0.000000
0.026331 -0.073604 0.070892 0.000000
0.137797 -0.047607 0.111873 1.000000
0.608804 -0.080361 -0.012307 0.000000
0.662551 0.105329 -0.013726 0.000000
-0.842207 0.143550 -0.007665 2.000000
-0.572699 0.100919 0.031871 0.000000
-0.103187 -0.004280 0.506309 1.000000
-0.267419 0.102363 0.034579 0.000000
-0.666420 0.013490 0.049383 0.000000
0.151930 0.079049 -0.068556 0.000000
0.155128 0.118405 0.011574 0.000000
0.424688 -0.073604 0.024083 0.000000
0.064836 -0.035460 -0.261493 1.000000
0.195335 -0.034119 0.067952 0.000000
-0.111775 -0.005311 -0.596379 1.000000
0.293080 0.098959 0.035559 0.000000
-0.314925 0.024373 0.075741 0.000000
0.039201 0.110668 -0.028994 0.000000
-0.778711 0.010369 -0.020767 0.000000
-0.712121 0.185949 0.000614 2.000000
-0.465102 -0.027646 -0.074488 0.000000
-0.098107 -0.003196 0.607639 1.000000
0.118067 0.042220 0.073316 0.000000
0.710598 -0.123663 0.004688 0.000000
-0.000026 -0.030586 0.156309 1.000000
-0.307136 -0.004744 0.074451 0.000000
0.285575 0.109507 -0.024687 0.000000
0.089750 -0.107647 -0.290507 3.000000
-0.141331 -0.011501 -0.512535 1.000000
-0.368698 0.089236 0.047165 0.000000
0.538319 -0.037523 -0.075468 0.000000
-0.711037 -0.015421 -0.006479 0.000000
0.700463 0.063342 0.056372 0.000000
0.137075 -0.040386 0.240128 3.000000
0.146566 -0.050908 0.053690 0.000000
-0.843161 0.351058 -0.010064 2.000000
0.263292 -0.049309 0.054747 0.000000
0.025377 -0.044229 -0.269436 1.000000
0.698632 -0.008380 0.069164 0.000000
0.317039 0.079590 -0.068221 0.000000
-0.589488 0.152138 -0.000908 2.000000
0.295968 -0.022797 -0.028968 0.000000
-0.349922 -0.077498 0.001619 0.000000
-0.633667 0.161681 -0.014654 2.000000
-0.596787 0.101899 0.026739 0.000000
-0.002476 -0.015369 0.346719 1.000000
0.046241 -0.022565 -0.335485 1.000000
-0.856366 0.361503 -0.003307 2.000000
-0.158688 0.100197 -0.046273 0.000000
-0.110357 0.044490 -0.085474 0.000000
-0.006938 -0.016478 0.071434 0.000000
0.139680 -0.055860 -0.288366 3.000000
-0.068706 -0.011166 -0.428871 1.000000
-0.057229 -0.016169 0.356106 1.000000
-0.405475 0.007197 -0.088518 0.000000
0.225071 0.116986 0.032207 0.000000
-0.074096 0.041085 0.073729 0.000000
-0.790652 0.255093 -0.001372 2.000000
0.000129 -0.101999 -0.184251 1.000000
0.353661 0.051659 -0.082921 0.000000
-0.630649 0.108733 -0.012643 0.000000
-0.078919 -0.002242 -0.536417 1.000000
0.085468 -0.030457 -0.117970 1.000000
0.226747 -0.055267 0.071150 0.000000
-0.106875 -0.029502 0.262127 1.000000
0.468196 -0.066589 0.037029 0.000000
0.432863 0.103343 0.026816 0.000000
0.091168 -0.052069 0.260553 3.000000
0.108602 0.050705 0.070299 0.000000
-0.112755 -0.005801 0.577516 1.000000
-0.179397 0.009879 0.754256 1.000000
-0.065585 0.112241 -0.006092 0.000000
0.029323 -0.037859 -0.273898 1.000000
0.080285 -0.044693 0.140474 1.000000
0.609139 -0.044151 0.058048 0.000000
0.217798 -0.093591 -0.295046 3.000000
0.104166 -0.042707 0.207787 3.000000
0.224194 -0.096016 -0.248881 3.000000
0.343603 0.110771 -0.016511 0.000000
-0.091685 -0.019393 0.415295 1.000000
-0.203228 0.075180 -0.071109 0.000000
-0.398511 0.024219 0.076256 0.000000
-0.086011 -0.039844 -0.164625 1.000000
0.187701 0.085419 -0.063707 0.000000
-0.217541 0.028809 -0.816525 1.000000
0.155644 -0.017407 -0.084056 0.000000
0.632608 -0.079819 0.002806 0.000000
0.001882 -0.068549 -0.047537 0.000000
-0.220455 -0.040438 -0.073559 0.000000
0.398124 -0.057124 -0.011817 0.000000
-0.007841 -0.126654 0.132531 1.000000
-0.009723 -0.021740 -0.286638 1.000000
0.017460 -0.016066 -0.371411 1.000000
-0.074534 -0.011836 0.411117 1.000000
-0.605942 -0.018593 0.044973 0.000000
-0.782889 0.093955 -0.010915 2.000000
0.245987 0.016404 -0.089601 0.000000
0.634904 -0.016298 0.070686 0.000000
0.650765 -0.070561 -0.042637 0.000000
0.295968 0.104762 -0.042534 0.000000
0.205728 -0.060889 0.207529 3.000000
0.114328 -0.050573 -0.288289 3.000000
-0.806616 0.348067 -0.002275 2.000000
0.134754 -0.075074 0.266563 3.000000
-0.563337 -0.033397 -0.054217 0.000000
-0.216716 0.011323 -0.778897 1.000000
-0.134135 -0.012945 0.437681 1.000000
-0.042219 -0.023003 0.382335 1.000000
-0.065198 -0.036621 0.135497 1.000000
0.011708 -0.015730 0.071691 0.000000
0.003249 -0.038116 -0.220151 1.000000
0.050368 -0.028909 -0.327232 1.000000
0.153658 -0.062617 0.188289 3.000000
0.265562 -0.063984 -0.052901 0.000000
0.002553 -0.043481 0.138205 1.000000
-0.017409 -0.047607 -0.188119 1.000000
0.103006 -0.031514 0.065373 1.000000
0.210706 -0.070638 0.030221 0.000000
-0.850537 0.059242 0.014979 0.000000
0.195644 -0.097898 -0.239029 3.000000
0.185844 -0.020115 0.238503 1.000000
0.154896 0.109584 -0.024145 0.000000
0.827763 -0.005543 -0.060406 0.000000
-0.673693 0.078120 -0.055712 0.000000
-0.327975 0.056689 0.068261 0.000000
0.088512 -0.043816 -0.255251 1.000000
-0.482149 -0.030096 0.058332 0.000000
-0.276575 0.051453 0.070015 0.000000
-0.421800 0.111364 -0.012797 0.000000
0.731772 -0.046550 -0.063398 0.000000
0.690791 -0.077085 0.009279 0.000000
-0.174446 0.109017 -0.027910 0.000000
0.434978 0.066979 -0.076525 0.000000
0.164490 -0.065119 -0.084701 0.000000
-0.267316 0.073143 0.817210 1.000000
-0.090344 -0.032984 0.213950 1.000000
0.470620 -0.046369 0.056682 0.000000
0.156314 -0.098801 0.206471 3.000000
-0.144297 -0.013126 -0.457421 1.000000
-0.016222 -0.040489 0.171190 1.000000
0.087790 -0.092456 0.055289 0.000000
0.710908 -0.124823 -0.018987 0.000000
-0.256588 0.100945 0.031768 0.000000
-0.051246 -0.022978 -0.059117 0.000000
0.042192 -0.024035 -0.243568 1.000000
-0.154768 -0.026666 0.067797 0.000000
0.006189 -0.061714 -0.084701 0.000000
0.521220 0.110229 0.006984 0.000000
0.156856 -0.080851 -0.008980 0.000000
-0.110666 -0.007529 -0.570357 1.000000
0.516630 0.075000 0.058281 0.000000
0.111207 0.109791 0.009924 0.000000
-0.672868 0.005469 -0.057286 0.000000
-0.004101 -0.110174 0.152363 1.000000
0.194768 -0.105532 0.245415 3.000000
0.082889 -0.039251 -0.083643 0.000000
-0.607825 0.078636 -0.063553 0.000000
-0.033450 -0.031127 0.177715 1.000000
-0.096533 0.001755 -0.613117 1.000000
-0.757511 0.000311 -0.013958 0.000000
0.090214 -0.073269 0.204743 3.000000
0.184580 -0.048613 0.093381 1.000000
0.795164 0.006191 -0.070413 0.000000
0.743971 0.057926 -0.066312 0.000000
-0.510493 0.108682 -0.029019 0.000000
-0.190487 -0.022797 -0.020483 0.000000
0.294730 0.061976 -0.079233 0.000000
0.159822 -0.064809 0.203712 3.000000
-0.747170 0.021975 -0.045190 0.000000
0.038633 -0.022797 -0.046041 0.000000
0.054675 0.043535 0.072852 0.000000
-0.485038 -0.044383 0.045231 0.000000
-0.645685 0.105355 0.013122 0.000000
-0.074044 -0.003661 0.505148 1.000000
-0.210965 0.003973 -0.687083 1.000000
0.402069 -0.080567 -0.010940 0.000000
0.164851 -0.040644 0.202139 3.000000
0.111181 -0.110097 -0.253807 3.000000
-0.131453 -0.078040 0.014489 0.000000
-0.006525 -0.031772 -0.157197 1.000000
0.282480 -0.022797 -0.020148 0.000000
0.251274 -0.111593 0.198734 3.000000
-0.408724 0.115516 -0.027730 0.000000
-0.139784 0.004953 0.619940 1.000000
-0.101201 -0.040438 0.129848 1.000000
0.065223 0.072163 -0.073121 0.000000
0.647515 -0.029219 -0.078666 0.000000
-0.320109 0.117528 -0.012823 0.000000
0.597714 0.088643 0.047113 0.000000
0.563877 0.044593 0.072465 0.000000
-0.285473 0.119849 0.828068 1.000000
-0.823406 0.084000 0.016707 0.000000
-0.442793 0.078868 -0.069845 0.000000
-0.716608 -0.012042 -0.018084 0.000000
0.835810 0.058649 0.003812 0.000000
-0.673100 0.038635 0.053174 0.000000
-0.198250 0.012020 -0.790502 1.000000
-0.050575 -0.020553 0.306486 1.000000
0.153709 -0.085570 0.201210 3.000000
-0.067287 -0.022797 -0.031031 0.000000
-0.567051 0.020170 0.069370 0.000000
0.685143 0.099681 0.015804 0.000000
-0.129261 -0.023339 0.337976 1.000000
0.097951 -0.098156 -0.003693 0.000000
0.541801 0.019267 -0.089291 0.000000
0.207250 -0.013126 0.072620 0.000000
-0.052226 -0.017201 0.450215 1.000000
0.139267 -0.020115 -0.269900 1.000000
-0.557173 0.047791 0.069422 0.000000
-0.185355 0.004231 0.634151 1.000000
0.201009 -0.022797 -0.054629 0.000000
-0.372747 -0.034944 0.062072 0.000000
-0.178056 -0.004383 0.577773 1.000000
-0.479622 0.109765 0.011420 0.000000
0.602073 0.111338 -0.012720 0.000000
0.736853 -0.070793 -0.006995 0.000000
0.159848 -0.108369 -0.223529 3.000000
-0.288722 -0.067492 -0.048981 0.000000
-0.071182 -0.040205 0.094516 1.000000
-0.103858 -0.034609 -0.224690 1.000000
0.123148 -0.043687 -0.169912 1.000000
0.173516 -0.027826 0.067384 0.000000
0.265716 -0.116106 0.252713 3.000000
-0.235233 0.014160 -0.809561 1.000000
0.125134 -0.065944 -0.050709 0.000000
0.186308 -0.059909 0.187232 3.000000
0.172614 -0.038065 -0.123205 1.000000
0.316446 0.021794 0.076024 0.000000
-0.127069 0.110306 0.006494 0.000000
0.722797 -0.023519 -0.076035 0.000000
-0.529036 0.089752 0.047242 0.000000
-0.520190 0.015140 -0.085552 0.000000
0.075952 -0.022797 -0.052205 0.000000
-0.080518 -0.007942 0.074090 0.000000
-0.631732 0.082866 -0.057827 0.000000
0.083431 -0.028393 -0.156759 1.000000
0.247302 0.078378 0.056063 0.000000
0.105095 -0.124462 0.229657 3.000000
0.038401 -0.049129 0.073007 1.000000
-0.250940 0.076960 0.814425 1.000000
-0.317814 -0.052791 0.052323 0.000000
-0.152808 0.015398 0.076721 0.000000
0.264607 -0.075022 -0.034126 0.000000
0.609475 0.083020 0.052555 0.000000
-0.233093 0.024038 -0.811805 1.000000
-0.134626 -0.062927 0.060318 0.000000
0.137823 -0.071566 -0.041270 0.000000
-0.010188 -0.093694 -0.151626 1.000000
-0.810536 0.194357 -0.010399 2.000000
-0.184426 0.000234 -0.648450 1.000000
0.893142 -0.034325 -0.012875 0.000000
0.703403 0.005237 -0.083334 0.000000
0.111671 -0.030818 0.083065 1.000000
-0.312630 -0.052997 -0.065229 0.000000
0.059111 -0.097253 0.225376 3.000000
0.409471 -0.073062 -0.038149 0.000000
-0.848396 0.268891 -0.009264 2.000000
0.406170 -0.078813 0.009460 0.000000
0.869518 0.026075 -0.028297 0.000000
-0.147005 0.052124 0.069783 0.000000
0.028885 -0.077472 -0.253034 3.000000
0.224194 -0.084049 -0.252543 3.000000
-0.743740 0.096173 -0.030206 0.000000
0.188655 -0.086267 -0.234155 3.000000
0.416822 0.067108 0.063490 0.000000
0.675343 -0.079793 -0.004519 0.000000
0.085958 -0.104036 -0.281119 3.000000
-0.026461 -0.075744 0.019621 0.000000
-0.694377 0.093182 -0.039851 0.000000
0.616412 0.103756 -0.036473 0.000000
0.079666 0.058365 0.067565 0.000000
-0.070614 -0.025814 0.340323 1.000000
-0.088280 -0.031566 -0.240267 1.000000
-0.688033 0.209031 -0.013365 2.000000
0.470826 0.104478 -0.039619 0.000000
0.308270 -0.022797 -0.003926 0.000000
0.795061 0.078507 -0.012952 0.000000
-0.864593 0.036159 -0.011173 0.000000
0.112187 -0.040334 0.229528 3.000000
0.417079 0.088024 0.047810 0.000000
0.390412 -0.022797 0.013044 0.000000
-0.732701 0.059783 -0.053494 0.000000
0.618991 -0.079665 0.003812 0.000000
-0.050240 -0.029477 -0.228610 1.000000
-0.223163 0.098469 -0.049058 0.000000
0.436809 0.116445 -0.047563 0.000000
0.070175 -0.046937 -0.124160 1.000000
0.166398 -0.058981 -0.292338 3.000000
0.007866 -0.022178 -0.275162 1.000000
-0.019188 -0.030792 -0.305156 1.000000
-0.650817 0.098159 0.004276 2.000000
-0.862813 0.233919 -0.007846 2.000000
0.346930 0.107212 -0.031727 0.000000
0.255246 0.109172 0.021839 0.000000
0.225123 -0.041082 0.060163 0.000000
-0.003611 -0.126654 -0.189847 1.000000
0.144631 -0.041598 -0.266290 3.000000
-0.464999 -0.063185 -0.030747 0.000000
0.124721 -0.042630 -0.182213 1.000000
0.148706 -0.049825 -0.282924 3.000000
0.240777 -0.096454 -0.048930 0.000000
-0.004385 -0.027929 0.329413 1.000000
-0.102001 -0.022797 0.319819 1.000000
0.792250 -0.029296 -0.063656 0.000000
0.127403 -0.063984 0.071743 0.000000
0.068215 -0.081418 0.067436 0.000000
-0.275827 -0.010495 0.073548 0.000000
-0.140428 0.007764 -0.707844 1.000000
-0.086914 -0.032984 -0.254168 1.000000
-0.165574 0.001420 -0.608139 1.000000
0.236187 -0.093823 -0.062005 0.000000
-0.905702 0.423838 -0.008026 2.000000
0.157011 -0.079742 0.003373 0.000000
0.266516 -0.062514 0.270070 3.000000
-0.399027 0.111235 -0.013777 0.000000
-0.561738 0.117708 -0.018910 2.000000
-0.086501 -0.036543 -0.208494 1.000000
-0.337827 0.106954 0.029499 0.000000
0.148448 -0.097202 0.042187 0.000000
0.463141 -0.078788 -0.022572 0.000000
-0.775152 0.248130 -0.011998 2.000000
0.161498 -0.069916 -0.044674 0.000000
0.137642 0.007017 -0.088750 0.000000
0.173362 -0.045982 -0.271757 3.000000
0.049207 0.013026 0.076463 0.000000
0.179010 -0.015498 0.071769 0.000000
0.184890 -0.036002 -0.101284 1.000000
-0.055346 0.109662 0.010775 0.000000
0.018491 -0.030921 0.297021 1.000000
0.121858 -0.110071 0.255473 3.000000
-0.052251 -0.041108 0.149655 1.000000
-0.548559 0.113169 -0.019400 2.000000
-0.315415 0.090732 -0.057724 0.000000
0.098647 -0.022797 -0.037066 0.000000
0.734274 -0.107080 0.008970 0.000000
-0.318484 0.040338 0.073935 0.000000
-0.074173 -0.043816 0.104213 1.000000
0.234227 -0.037652 -0.293963 3.000000
0.261409 -0.090857 -0.221518 3.000000
0.594026 0.071105 0.060834 0.000000
-0.065585 -0.019625 0.324874 1.000000
-0.064734 -0.003377 0.534265 1.000000
-0.561506 0.121422 0.005643 2.000000
0.021173 -0.048329 0.079145 1.000000
-0.026951 -0.031772 0.162473 1.000000
0.368800 0.083614 -0.065538 0.000000
-0.046397 -0.040386 0.161699 1.000000
-0.089776 -0.005879 0.483459 1.000000
0.042244 -0.078607 0.010672 0.000000
0.087351 -0.054828 0.250908 3.000000
0.902787 -0.023493 0.008815 0.000000
0.169957 -0.020656 0.223957 1.000000
-0.210887 0.000621 0.629431 1.000000
0.064295 -0.099394 -0.266419 3.000000
-0.025791 -0.052894 0.167141 1.000000
-0.470956 -0.027439 0.061195 0.000000
0.862735 0.008022 -0.046505 0.000000
-0.233041 -0.038555 0.004327 0.000000
0.345976 -0.076389 -0.048104 0.000000
0.267831 -0.043868 -0.071290 0.000000
-0.163511 0.008435 -0.679088 1.000000
-0.160803 -0.013925 -0.464281 1.000000
-0.687001 0.086683 -0.047898 0.000000
-0.000800 -0.062359 -0.160653 1.000000
0.191441 -0.098156 -0.013855 0.000000
0.130034 -0.098569 0.260786 3.000000
0.579945 0.067185 -0.076396 0.000000
-0.108294 -0.022797 0.035895 0.000000
0.263989 -0.095139 -0.007072 0.000000
0.014210 -0.110303 -0.185540 1.000000
-0.392090 0.103343 0.027564 0.000000
-0.706060 0.237556 -0.000289 2.000000
-0.136818 -0.020863 -0.391450 1.000000
0.130756 -0.031953 -0.253833 3.000000
-0.451871 0.107341 -0.032140 0.000000
0.573343 0.115207 -0.028658 0.000000
0.646174 0.109120 0.014514 0.000000
-0.892472 0.333212 -0.007536 2.000000
-0.011606 -0.112702 0.143620 1.000000
-0.485012 0.085238 0.052607 0.000000
-0.105792 -0.032933 0.232623 1.000000
-0.472504 0.111132 0.001748 0.000000
0.019497 -0.053616 0.167786 1.000000
-0.733475 0.155388 0.000485 2.000000
-0.826217 0.028216 -0.020715 0.000000
0.808188 0.044980 -0.055042 0.000000
0.212589 -0.057382 0.071743 0.000000
0.315698 -0.022797 -0.034564 0.000000
-0.738504 0.100919 -0.022108 0.000000
0.251016 -0.117215 0.260373 3.000000
-0.213569 -0.071463 -0.041502 0.000000
0.501826 0.035231 -0.087460 0.000000
0.220790 -0.121470 -0.288650 3.000000
-0.677175 0.127741 0.003089 2.000000
-0.007376 -0.060528 -0.189925 1.000000
-0.900493 0.348170 -0.007252 2.000000
-0.014985 -0.153347 -0.152374 1.000000
-0.665827 0.115722 0.003760 2.000000
-0.083097 -0.042733 -0.072038 0.000000
-0.008718 -0.040205 0.177328 1.000000
-0.118197 -0.011939 -0.448781 1.000000
-0.180042 -0.000721 0.624737 1.000000
-0.136689 -0.059729 -0.057672 0.000000
0.319309 -0.086370 0.028080 0.000000
0.625078 0.115103 -0.014809 0.000000
-0.375377 0.056199 -0.081812 0.000000
0.248772 -0.087144 -0.313073 3.000000
-0.107907 0.000982 -0.579512 1.000000
-0.053103 -0.042991 -0.137700 1.000000
0.585258 -0.055525 0.049434 0.000000
0.106952 -0.092766 0.204176 3.000000
-0.237193 0.065792 0.064341 0.000000
0.018543 -0.055447 0.049512 0.000000
-0.085882 -0.009360 0.538856 1.000000
0.065172 -0.099858 -0.257547 3.000000
0.233092 -0.038761 0.204047 3.000000
-0.076830 -0.032778 0.200823 1.000000
0.424713 0.101460 0.030711 0.000000
0.065068 -0.048871 -0.097725 1.000000
-0.022257 -0.018026 0.320361 1.000000
0.164567 -0.096041 0.205182 3.000000
0.326220 -0.032030 0.065889 0.000000
0.167662 0.096483 -0.051276 0.000000
-0.070021 -0.032288 0.257484 1.000000
-0.708072 0.150565 0.001413 2.000000
0.105095 -0.022797 0.032542 0.000000
0.171634 -0.105274 0.257304 3.000000
0.083921 -0.028806 0.135729 1.000000
-0.808757 0.100300 -0.003642 2.000000
-0.023341 -0.068678 0.170649 1.000000
0.087196 -0.031617 -0.089730 1.000000
0.132458 -0.054828 -0.063166 0.000000
-0.020839 -0.028393 0.204511 1.000000
-0.251430 -0.003583 0.074580 0.000000
0.028756 -0.074506 0.222410 3.000000
-0.007712 -0.036182 0.069267 0.000000
-0.117037 -0.023029 0.330084 1.000000
0.175038 -0.084642 0.199921 3.000000
0.506752 0.110668 -0.043024 0.000000
0.207585 0.092743 0.042523 0.000000
0.058363 -0.090496 -0.071393 0.000000
-0.068164 -0.037420 -0.205347 1.000000
0.745286 0.077424 0.036462 0.000000
0.283821 -0.072727 0.025888 0.000000
0.202015 0.105226 -0.035880 0.000000
-0.061175 -0.034893 -0.240138 1.000000
0.073708 -0.044254 0.144807 1.000000
-0.175658 -0.075409 -0.014035 0.000000
0.587114 -0.045054 -0.070516 0.000000
-0.024811 -0.018903 -0.446073 1.000000
-0.037783 0.111493 -0.001269 0.000000
-0.068216 -0.037807 -0.136281 1.000000
-0.152937 0.006269 0.714255 1.000000
-0.248902 0.036521 0.808622 1.000000
-0.906656 0.361271 -0.007046 2.000000
0.412437 -0.036285 0.063335 0.000000
0.179525 -0.075512 -0.298012 3.000000
0.499273 0.109868 0.009331 0.000000
-0.160493 -0.008045 0.504220 1.000000
0.114972 -0.089800 -0.311397 3.000000
0.564419 0.080467 -0.067627 0.000000
0.529344 0.106825 -0.032527 0.000000
-0.476269 0.099346 -0.019503 2.000000
0.144244 -0.053358 -0.306729 3.000000
-0.740052 0.205601 -0.000031 2.000000
-0.503374 0.040234 0.073239 0.000000
-0.096172 -0.022797 -0.021643 0.000000
-0.098519 -0.043017 -0.116139 1.000000
0.158223 -0.024525 0.054051 0.000000
-0.146489 -0.009386 -0.494121 1.000000
-0.016919 -0.052249 0.071743 0.000000
0.459608 -0.040618 0.060473 0.000000
0.801096 0.077063 -0.004080 0.000000
0.353300 0.092821 0.042420 0.000000
0.355853 -0.022900 -0.043385 0.000000
0.087042 -0.098156 -0.022623 0.000000
-0.521840 -0.056324 -0.023629 0.000000
-0.594956 0.108011 -0.026183 0.000000
-0.276704 0.084284 0.817468 1.000000
0.531511 -0.060941 -0.056331 0.000000
-0.119461 -0.006446 -0.581808 1.000000
-0.118636 -0.025557 -0.063733 0.000000
-0.191493 0.003045 -0.682028 1.000000
-0.025301 -0.037678 0.073290 1.000000
-0.065791 -0.010443 -0.540775 1.000000
-0.605297 -0.039148 0.013921 0.000000
-0.198224 -0.023700 -0.081812 0.000000
0.133180 -0.089542 -0.226985 3.000000
0.608159 0.091118 0.043864 0.000000
0.844579 0.029480 0.031227 0.000000
0.012663 -0.022797 -0.046686 0.000000
0.155308 -0.094907 0.049976 0.000000
0.835139 0.014160 -0.057466 0.000000
-0.752121 0.060119 -0.049497 0.000000
0.595574 -0.058284 -0.059297 0.000000
0.244878 -0.085467 0.282243 3.000000
0.013024 -0.108653 -0.143244 1.000000
0.587114 0.103730 -0.038974 0.000000
-0.014469 -0.015911 -0.355782 1.000000
-0.307755 0.078688 -0.068788 0.000000
-0.824515 0.261824 -0.002584 2.000000
0.066951 -0.006420 0.074245 0.000000
-0.391471 0.118301 -0.000418 0.000000
-0.104038 0.112447 0.010698 0.000000
-0.228399 -0.023029 0.015159 0.000000
-0.048667 -0.010676 0.414289 1.000000
-0.717330 0.101564 -0.023732 0.000000
0.165882 -0.022797 -0.003771 0.000000
-0.627812 -0.019857 0.037133 0.000000
0.021509 -0.138724 0.159043 1.000000
0.262157 -0.047710 -0.298914 3.000000
0.262132 -0.023519 0.068906 0.000000
0.697290 -0.069477 -0.040470 0.000000
0.217901 0.022594 0.075947 0.000000
-0.252771 0.011478 0.754566 1.000000
-0.043999 -0.024164 -0.380902 1.000000
0.226825 -0.008226 0.074064 0.000000
-0.009001 -0.079716 -0.016408 0.000000
-0.211764 -0.060167 -0.012178 0.000000
0.544715 -0.042552 -0.072167 0.000000
0.648057 0.078455 -0.065384 0.000000
0.143832 -0.041753 0.202783 3.000000
0.096713 -0.112573 -0.257108 3.000000
-0.571358 -0.023364 0.049641 0.000000
0.591886 0.109868 -0.022391 0.000000
0.118583 -0.030070 0.100551 1.000000
0.041083 -0.063236 -0.053726 0.000000
-0.282094 0.109172 0.013973 0.000000
0.198430 -0.103005 0.253152 3.000000
0.157036 -0.089439 0.059957 0.000000
0.193994 -0.035305 0.206652 3.000000
0.164129 -0.079819 0.184627 3.000000
0.706265 -0.077008 0.005359 0.000000
-0.781161 0.307370 -0.011430 2.000000
0.088073 0.110435 -0.018600 0.000000
-0.086681 -0.028445 -0.313795 1.000000
0.163407 -0.108782 -0.249268 3.000000
0.171092 -0.020631 -0.255380 1.000000
0.254085 -0.115745 0.206188 3.000000
0.213569 -0.031798 0.238683 1.000000
0.606225 -0.057923 0.046701 0.000000
-0.112420 0.082866 -0.066054 0.000000
-0.088951 -0.008303 -0.563961 1.000000
-0.008743 -0.068368 0.133820 1.000000
0.015525 -0.098156 -0.032991 0.000000
-0.707014 0.070151 -0.054629 0.000000
0.241912 -0.022797 -0.034332 0.000000
-0.295015 -0.065531 0.038216 0.000000
-0.683261 0.171455 0.001310 2.000000
0.039227 -0.091966 -0.267553 3.000000
-0.196548 -0.003557 -0.585960 1.000000
0.381386 -0.036053 -0.050580 0.000000
-0.003173 -0.038323 0.202783 1.000000
-0.029195 -0.029606 -0.317277 1.000000
-0.176354 -0.005337 0.074374 0.000000
-0.030356 -0.034661 0.241004 1.000000
0.173671 -0.030070 0.219315 3.000000
0.047402 -0.035924 -0.254271 1.000000
-0.767002 0.142132 -0.000728 2.000000
-0.040440 -0.035770 0.223467 1.000000
-0.103471 0.091376 -0.057028 0.000000
-0.065611 -0.032210 -0.273408 1.000000
0.147133 -0.034583 0.142821 1.000000
0.192188 -0.098156 -0.029509 0.000000
-0.176380 0.106206 0.030427 0.000000
0.453289 0.083562 0.052632 0.000000
0.841974 -0.052688 0.012400 0.000000
0.273711 0.024734 -0.088672 0.000000
0.100685 -0.022720 0.236414 1.000000
-0.873464 0.074664 0.008970 0.000000
-0.473819 -0.054777 0.033960 0.000000
0.596089 0.080519 -0.067602 0.000000
-0.489190 0.098108 0.006829 2.000000
0.194845 0.097179 -0.050503 0.000000
0.132665 -0.096093 0.201881 3.000000
-0.117810 0.029428 0.075173 0.000000
0.658089 -0.050367 0.052529 0.000000
-0.121808 -0.044229 -0.075829 0.000000
-0.248232 0.118508 -0.005782 0.000000
0.042940 -0.034609 0.068261 0.000000
-0.056584 -0.019393 0.423574 1.000000
0.068473 -0.044951 0.135522 1.000000
0.099034 -0.049490 0.083632 1.000000
0.188887 -0.065815 -0.235986 3.000000
-0.098932 -0.005079 0.496147 1.000000
0.137591 -0.040928 -0.254555 3.000000
0.065713 -0.065067 -0.051689 0.000000
0.542678 0.116341 -0.017646 0.000000
0.166372 -0.032572 -0.103037 1.000000
0.135605 -0.038142 0.260089 3.000000
-0.221668 0.007507 -0.702841 1.000000
0.003688 0.072188 0.060137 0.000000
0.335892 -0.081908 0.027771 0.000000
0.000619 -0.034145 -0.267321 1.000000
0.768858 0.047533 -0.067215 0.000000
0.002346 -0.036878 -0.235109 1.000000
0.186231 -0.068472 0.264964 3.000000
0.441477 0.103859 0.025759 0.000000
0.366969 -0.074506 -0.035132 0.000000
0.205522 -0.025376 -0.257959 1.000000
0.600783 0.111467 -0.001114 0.000000
0.183007 -0.051269 -0.084597 1.000000
0.157062 -0.089130 0.283068 3.000000
0.072058 -0.098156 -0.039671 0.000000
0.124515 0.068733 0.062484 0.000000
-0.167792 0.010808 -0.707226 1.000000
-0.438821 0.019241 0.076488 0.000000
0.039510 -0.033448 -0.091071 1.000000
0.483825 -0.074016 0.023232 0.000000
0.115256 0.074819 0.058409 0.000000
-0.028318 -0.036878 -0.104817 1.000000
0.374371 -0.022797 -0.034487 0.000000
-0.235878 -0.068987 0.033651 0.000000
0.868151 -0.003351 0.033445 0.000000
-0.121679 -0.024731 0.318504 1.000000
-0.058028 -0.035718 -0.230931 1.000000
-0.007325 -0.043945 -0.142110 1.000000
-0.701805 0.177903 0.000923 2.000000
0.516294 -0.036827 0.062974 0.000000
-0.034714 -0.035331 -0.133212 1.000000
-0.302520 -0.021765 0.069551 0.000000
-0.787892 0.190153 -0.001527 2.000000
-0.241165 0.026024 -0.819155 1.000000
-0.892033 0.394850 -0.008413 2.000000
-0.020581 -0.010211 -0.440915 1.000000
-0.279515 0.075025 0.058255 0.000000
-0.156599 0.006346 -0.653865 1.000000
0.192885 -0.025866 -0.070439 0.000000
0.142749 -0.044590 -0.246380 3.000000
-0.556425 -0.050289 -0.024145 0.000000
-0.228244 0.014393 -0.771005 1.000000
-0.832484 0.174602 -0.004106 2.000000
-0.090524 -0.041779 -0.110749 1.000000
0.015319 -0.023597 -0.393461 1.000000
-0.319619 0.108011 -0.034590 0.000000
-0.080002 -0.003661 -0.087538 0.000000
0.246477 -0.044641 -0.258398 3.000000
-0.842258 0.283153 -0.009728 2.000000
0.656748 -0.058568 -0.057724 0.000000
0.766305 -0.006394 0.062355 0.000000
-0.216922 0.009234 0.739504 1.000000
0.103161 -0.105919 0.265454 3.000000
0.024965 -0.039509 0.194711 1.000000
0.739690 -0.062643 -0.046840 0.000000
0.023366 -0.022797 -0.000057 0.000000
-0.393405 -0.074481 0.000278 0.000000
-0.747015 0.102621 -0.016821 0.000000
0.150821 -0.070947 0.201468 3.000000
-0.858687 0.043561 0.008119 0.000000
-0.203795 -0.063520 0.020188 0.000000
0.357865 -0.024989 0.068390 0.000000
0.765635 -0.073759 -0.001037 0.000000
-0.870137 0.064374 0.010388 0.000000
0.181305 -0.026150 -0.080935 0.000000
0.212614 -0.083275 0.183492 3.000000
0.092587 -0.064268 -0.052592 0.000000
-0.149403 -0.007968 0.541977 1.000000
0.249933 -0.102386 0.192209 3.000000
0.225535 0.113633 -0.004854 0.000000
0.117010 -0.027388 0.221584 1.000000
0.141021 -0.053797 0.203892 3.000000
0.280675 -0.093436 0.013509 0.000000
-0.005416 -0.098156 0.014643 0.000000
0.129157 -0.054854 -0.306187 3.000000
-0.240262 0.045006 -0.085294 0.000000
0.069014 -0.027233 0.170803 1.000000
-0.474721 0.037836 0.074322 0.000000
0.125392 -0.098156 -0.026544 0.000000
0.479311 0.014831 0.076669 0.000000
0.706601 -0.019960 0.065399 0.000000
-0.806410 0.225898 -0.010889 2.000000
0.054701 -0.061482 0.229889 3.000000
-0.079048 -0.025247 -0.358026 1.000000
0.049104 -0.021146 0.304835 1.000000
-0.163614 -0.002500 0.607020 1.000000
-0.203047 0.012845 -0.741836 1.000000
0.149867 -0.046937 0.236001 3.000000
0.164387 -0.040180 0.233628 1.000000
0.375738 0.061021 0.066611 0.000000
-0.186696 0.002503 0.618806 1.000000
0.874959 -0.036492 -0.027524 0.000000
-0.023985 -0.108472 -0.201737 1.000000
0.276084 -0.046859 0.056346 0.000000
0.571666 0.111544 -0.001527 0.000000
0.762230 0.027004 0.062304 0.000000
-0.090911 -0.039535 0.128146 1.000000
-0.040388 -0.041959 0.143337 1.000000
-0.565219 0.091428 -0.057337 0.000000
0.019007 -0.042939 0.229554 1.000000
0.107493 -0.059239 -0.058240 0.000000
-0.150383 -0.012455 -0.468640 1.000000
0.090162 -0.058104 -0.059504 0.000000
0.155179 -0.051347 0.068210 1.000000
0.155076 0.001420 -0.088105 0.000000
0.060684 -0.032907 0.068055 1.000000
0.225974 -0.124540 0.223519 3.000000
0.041806 -0.020734 0.327015 1.000000
-0.519751 -0.049722 0.029009 0.000000
0.522046 0.083820 -0.065409 0.000000
0.795113 -0.068652 -0.000676 0.000000
-0.125934 -0.022797 0.357937 1.000000
-0.167328 -0.001236 -0.635064 1.000000
-0.234253 0.037294 -0.821347 1.000000
0.480936 -0.026176 -0.080935 0.000000
0.075075 0.076289 -0.070387 0.000000
