0.144292 0.025218 0.339756 1.000000
0.034721 0.020834 0.442012 1.000000
0.100057 0.020834 0.461238 1.000000
-0.062464 0.012172 -0.074997 0.000000
0.052415 0.009690 -0.570614 1.000000
-0.478960 -0.082002 -0.065410 0.000000
0.184380 -0.061139 -0.084874 0.000000
0.651740 -0.135507 0.021317 0.000000
-0.820877 0.045289 0.030137 2.000000
-0.768535 -0.032591 0.001378 2.000000
-0.463405 0.009082 -0.072594 0.000000
0.298916 -0.096210 -0.068474 0.000000
0.052362 0.020834 0.756490 1.000000
-0.138839 0.003220 -0.078694 0.000000
0.024289 0.029074 0.268663 1.000000
-0.723455 0.010720 0.073871 2.000000
0.148517 0.017613 -0.274701 1.000000
-0.601419 0.024109 0.085596 0.000000
-0.786097 0.040139 -0.291128 2.000000
-0.296316 0.042331 0.077938 0.000000
-0.005078 0.016635 -0.345768 1.000000
0.069554 0.006494 -0.466721 1.000000
0.097733 0.033564 0.494354 1.000000
-0.491267 0.057517 0.050076 0.000000
0.380493 -0.087152 -0.074891 0.000000
0.152373 0.034937 -0.162146 1.000000
-0.733200 0.040139 0.063994 2.000000
0.199275 0.022921 -0.667509 1.000000
-0.149139 -0.137250 0.035498 0.000000
-0.803236 -0.007212 0.041467 2.000000
0.021939 0.020834 0.374273 1.000000
0.084290 0.007551 -0.554954 1.000000
0.084185 -0.038771 -0.565147 1.000000
0.007414 0.014866 0.599938 1.000000
0.112865 0.006600 0.152939 1.000000
-0.702592 0.045289 0.274869 2.000000
0.169274 0.034197 0.525543 1.000000
0.796646 -0.005997 0.011810 0.000000
-0.014162 0.025245 -0.325195 1.000000
0.148094 0.017507 -0.082761 1.000000
-0.810631 0.040139 -0.039239 2.000000
-0.791907 0.040139 -0.254551 2.000000
0.250350 -0.137567 -0.003851 0.000000
0.125700 0.013440 -0.696321 1.000000
-0.157748 -0.145674 0.172878 3.000000
0.020909 0.009558 -0.268918 1.000000
0.098710 0.033458 0.475208 1.000000
0.056323 0.032270 0.139999 1.000000
0.137399 0.026803 0.358348 1.000000
-0.744846 0.040139 0.197755 2.000000
0.253281 0.020834 0.660467 1.000000
0.040557 0.030817 0.349475 1.000000
0.001921 0.028916 -0.515736 1.000000
0.123930 0.011908 -0.054556 1.000000
-0.726597 -0.043234 0.047039 2.000000
0.280509 -0.064414 0.113563 0.000000
0.216018 0.030659 0.161575 1.000000
-0.183550 -0.060400 -0.084979 0.000000
-0.094525 -0.134345 0.046432 0.000000
0.111201 0.009795 -0.582709 1.000000
-0.112721 -0.051130 -0.086194 0.000000
0.492336 0.041407 0.079152 0.000000
0.013382 0.020834 0.724245 1.000000
0.492415 -0.134054 0.047092 0.000000
0.047767 0.031609 0.524197 1.000000
-0.727971 0.045289 0.125553 2.000000
-0.026971 0.020834 0.199736 1.000000
-0.739274 -0.043234 -0.006518 2.000000
0.587461 -0.124943 -0.034380 0.000000
0.169063 0.035175 0.603476 1.000000
0.420081 0.061927 -0.010902 0.000000
0.076843 0.020834 0.304553 1.000000
-0.744608 0.045289 0.259605 2.000000
0.558464 -0.076615 -0.078826 0.000000
-0.773051 0.045289 0.002619 2.000000
0.112363 0.031715 -0.409625 1.000000
0.037731 0.034039 0.671031 1.000000
-0.266025 -0.004122 -0.081757 0.000000
0.024025 0.009162 0.693108 1.000000
-0.019048 0.023871 0.471088 1.000000
0.203844 0.009795 -0.193784 1.000000
-0.028053 0.021125 -0.113924 1.000000
-0.815596 0.160934 0.014635 2.000000
-0.181859 -0.122461 -0.056616 0.000000
-0.005896 0.027146 0.224402 1.000000
0.682876 -0.083772 0.108387 0.000000
0.002687 0.012621 -0.230783 1.000000
0.163042 0.027727 -0.670889 1.000000
-0.854707 0.045289 0.003649 2.000000
-0.173857 -0.069379 -0.020541 0.000000
-0.494172 -0.068322 -0.070481 0.000000
-0.344908 -0.130014 -0.027593 0.000000
-0.010835 0.015658 -0.201575 1.000000
0.195076 0.032560 0.551477 1.000000
-0.773156 0.017216 0.063281 2.000000
-0.849769 0.045289 0.339915 2.000000
-0.550846 -0.093305 -0.038183 0.000000
0.610701 -0.010988 -0.077664 0.000000
0.079141 0.033880 0.104690 1.000000
-0.056337 -0.076245 -0.079407 0.000000
0.235059 -0.032406 -0.595544 1.000000
0.557935 -0.015768 0.114012 0.000000
0.208914 0.020834 -0.516423 1.000000
0.492969 0.063115 0.031035 0.000000
0.450081 -0.138412 0.026625 0.000000
0.241133 0.023977 -0.054556 3.000000
0.086086 0.007049 0.559690 1.000000
0.099792 0.020834 0.246163 1.000000
-0.354759 0.031715 0.089848 0.000000
0.101852 0.020834 -0.458059 1.000000
-0.013845 0.023555 0.616866 1.000000
0.123719 0.020834 -0.160800 1.000000
-0.152123 -0.139759 0.016378 0.000000
0.206458 -0.035786 0.629938 1.000000
0.059439 0.006521 0.684974 1.000000
-0.756651 0.122166 0.014635 2.000000
0.154802 0.020834 -0.476096 1.000000
0.870935 -0.029052 0.055490 0.000000
0.242876 0.014206 0.344880 1.000000
0.409517 -0.006314 -0.082655 0.000000
0.025742 0.020834 -0.262025 1.000000
-0.186930 -0.123200 -0.069583 0.000000
0.180894 0.020834 -0.647121 1.000000
0.118543 0.020834 -0.225158 1.000000
0.414086 -0.029395 0.116231 0.000000
-0.176551 -0.061509 0.061221 0.000000
-0.000271 0.055140 0.057233 0.000000
-0.722266 0.017401 -0.043966 2.000000
0.120048 -0.062248 0.113986 0.000000
0.091896 -0.021499 0.624128 1.000000
-0.005976 0.014549 -0.558043 1.000000
0.049932 0.017982 -0.776895 1.000000
0.038312 0.030579 0.373639 1.000000
-0.724194 0.040139 0.162552 2.000000
0.113842 0.009980 -0.681981 1.000000
-0.003863 0.020834 0.695380 1.000000
-0.514032 -0.109732 0.055279 0.000000
0.032661 0.033616 0.724139 1.000000
0.429984 -0.020918 0.115095 0.000000
0.076051 0.035016 -0.533377 1.000000
0.300289 -0.135322 0.044002 0.000000
0.208096 0.031504 -0.061053 1.000000
0.103331 0.032851 0.449855 1.000000
0.227189 -0.043551 -0.546397 1.000000
0.116456 0.010667 -0.448446 1.000000
0.121474 0.006468 -0.317590 1.000000
0.130902 0.011486 -0.679657 1.000000
-0.188488 -0.130912 -0.025401 0.000000
-0.520317 0.054189 0.057603 0.000000
0.224839 0.011961 -0.371702 1.000000
-0.747936 0.005649 0.068668 2.000000
-0.680302 0.045289 0.170897 2.000000
0.877114 -0.100779 -0.022918 0.000000
0.193307 0.034092 -0.528914 1.000000
-0.617475 0.029497 -0.051097 2.000000
0.078903 -0.101730 0.093493 0.000000
-0.437974 0.055800 -0.025718 0.000000
0.277630 0.023739 -0.604550 1.000000
-0.454347 0.053053 -0.032161 0.000000
-0.671139 -0.047063 -0.040929 0.000000
-0.755410 0.040139 0.188776 2.000000
-0.166067 -0.125418 -0.071167 0.000000
-0.028027 0.059841 -0.016633 0.000000
-0.198444 0.057332 0.051951 0.000000
-0.790243 0.045289 0.284746 2.000000
0.120497 0.006468 0.589400 1.000000
0.101984 0.020834 -0.437935 1.000000
0.470152 -0.013444 0.114118 0.000000
0.297279 0.061900 -0.011008 0.000000
-0.794389 0.040139 -0.166662 2.000000
0.112548 0.035069 0.486854 1.000000
-0.760876 0.040139 0.327001 2.000000
0.053709 0.032085 0.290952 1.000000
0.068392 0.020834 0.687747 1.000000
-0.241834 -0.138913 0.022901 0.000000
0.101747 0.034910 -0.094381 1.000000
0.997222 -0.065998 0.034521 1.000000
0.753916 -0.120295 -0.030603 0.000000
0.384244 -0.121906 -0.042355 0.000000
0.189979 0.012516 -0.642288 1.000000
-0.005923 0.020834 -0.725424 1.000000
0.015257 0.031292 0.351218 1.000000
0.224311 0.029787 0.343454 1.000000
-0.740594 0.045289 -0.304676 2.000000
-0.795472 0.040139 0.007848 2.000000
0.031736 0.020834 0.310970 1.000000
-0.015139 0.020834 0.833631 1.000000
-0.725620 0.045289 0.068932 2.000000
0.085320 0.020834 0.144594 1.000000
-0.807699 0.040139 0.101547 2.000000
0.244989 0.027173 0.378921 1.000000
0.903391 -0.025461 0.007373 0.000000
0.146985 0.024479 -0.373418 1.000000
-0.669765 0.040139 0.190836 2.000000
0.254734 0.025826 0.559637 1.000000
0.002660 0.020834 -0.714913 1.000000
0.087169 0.020834 0.757097 1.000000
0.156096 0.021891 0.471986 1.000000
0.052916 0.020834 0.558977 1.000000
0.131879 0.035227 0.172138 1.000000
0.126122 0.006389 0.343110 1.000000
0.007757 0.011723 -0.340117 1.000000
0.034615 0.020834 0.259156 1.000000
0.818777 -0.012943 0.041599 0.000000
0.114159 0.006574 0.612720 1.000000
0.088886 0.020834 -0.516238 1.000000
-0.246614 -0.085250 0.104928 0.000000
0.173183 0.028493 -0.659058 1.000000
0.618148 -0.129327 0.053615 0.000000
0.279585 0.019937 -0.270502 1.000000
0.126571 0.020834 0.543343 1.000000
-0.178585 -0.183465 -0.118123 3.000000
0.156070 0.029312 0.091750 1.000000
0.327755 -0.038242 0.117155 0.000000
0.050276 0.031821 0.281366 1.000000
0.988560 -0.080418 0.028342 0.000000
0.113419 0.020834 -0.136345 1.000000
0.081861 -0.024985 0.609709 1.000000
0.213087 0.019699 -0.054556 1.000000
-0.000430 0.025720 -0.542990 1.000000
0.107319 0.004197 -0.556881 1.000000
-0.021504 0.023185 0.461185 1.000000
-0.672195 0.045289 -0.160641 2.000000
0.144001 0.006626 -0.206461 1.000000
0.230279 0.006732 0.581583 1.000000
0.129106 0.006389 -0.139382 1.000000
-0.797532 0.082447 0.014635 2.000000
0.121448 0.020834 -0.365786 1.000000
0.464606 0.042754 -0.048139 0.000000
-0.564605 -0.006367 0.099408 0.000000
-0.740040 0.040139 0.088633 2.000000
-0.073107 -0.042706 0.116574 0.000000
0.231969 -0.054642 -0.575526 1.000000
0.048295 0.020834 -0.287985 1.000000
-0.760982 0.040139 -0.178678 2.000000
-0.018837 0.020834 0.845039 1.000000
0.077926 -0.040646 -0.584320 1.000000
0.129001 -0.131466 -0.024107 0.000000
0.207567 0.010112 0.277590 1.000000
-0.173778 -0.149424 -0.077585 0.000000
0.084554 0.007524 -0.103624 1.000000
0.076500 0.032375 0.089373 1.000000
0.208994 0.010244 -0.593696 1.000000
0.958137 -0.081051 -0.014784 0.000000
-0.076778 -0.138729 0.024275 0.000000
0.088252 0.007366 -0.206223 1.000000
0.039052 0.020834 -0.759359 1.000000
0.257216 0.016186 0.213785 1.000000
0.443796 -0.005284 -0.082233 0.000000
0.207700 0.031556 -0.585667 1.000000
0.028779 0.029549 0.375250 1.000000
0.084422 0.034145 0.122965 1.000000
-0.283191 0.064832 0.011176 0.000000
-0.731298 0.031055 -0.037945 2.000000
0.275359 0.022472 -0.347590 1.000000
0.060549 0.032586 -0.225264 1.000000
0.232735 0.012806 0.118607 1.000000
0.082759 0.007630 -0.485445 1.000000
0.053630 0.009611 -0.064671 1.000000
-0.780023 0.045289 0.163476 2.000000
0.667506 -0.084749 0.106486 0.000000
-0.670901 0.045289 0.211145 2.000000
-0.387665 0.012991 -0.073835 0.000000
-0.740779 0.040139 0.336825 2.000000
-0.038828 -0.113666 0.082348 0.000000
-0.817972 -0.007238 0.026546 2.000000
-0.695646 -0.028920 -0.044045 2.000000
0.142575 -0.112848 0.083404 0.000000
-0.767927 0.045289 0.194375 2.000000
0.082679 0.007630 0.150774 1.000000
0.612021 -0.040250 -0.084530 0.000000
0.146299 0.006653 -0.316824 1.000000
0.026191 0.032798 0.237184 1.000000
-0.246482 -0.127742 -0.033086 0.000000
0.509237 -0.115700 -0.050436 0.000000
0.290809 -0.049519 -0.086405 0.000000
0.178016 0.033801 -0.496959 1.000000
0.109960 0.035042 -0.495454 1.000000
0.003664 0.020834 0.130703 1.000000
0.106896 0.014998 0.748330 1.000000
0.027036 0.032903 0.532357 1.000000
-0.810446 0.040139 0.046934 2.000000
0.546896 0.005808 -0.077453 0.000000
0.021516 0.012912 0.268795 1.000000
0.003030 0.020834 0.654446 1.000000
-0.677371 0.040139 -0.091872 2.000000
-0.660839 0.045289 0.038086 2.000000
0.134335 0.035201 -0.396711 1.000000
-0.427225 -0.127584 0.046537 0.000000
0.012801 -0.139098 0.021475 0.000000
0.226159 0.012093 0.263514 1.000000
-0.071734 0.014127 -0.074125 0.000000
0.163253 0.020834 0.532621 1.000000
-0.013449 0.023607 0.451466 1.000000
0.250641 0.015289 -0.479450 1.000000
-0.243392 -0.134820 0.045243 0.000000
0.031261 0.011855 0.130782 1.000000
-0.311026 -0.008770 0.112930 0.000000
0.186387 0.008449 0.187799 1.000000
0.150867 -0.026517 -0.086590 1.000000
0.672788 -0.008083 0.083800 0.000000
0.099555 0.020834 -0.604021 1.000000
-0.447111 0.061214 -0.012540 0.000000
-0.732460 -0.009879 0.069804 2.000000
0.217629 0.030500 -0.416491 1.000000
0.073331 0.033564 -0.217315 1.000000
0.114000 0.025879 -0.718108 1.000000
0.070875 0.033379 0.419300 1.000000
0.016631 0.031530 -0.449793 1.000000
0.235587 -0.066500 0.112718 0.000000
-0.646552 0.040139 0.044187 2.000000
0.094695 0.020834 -0.631249 1.000000
0.116272 0.023634 0.610554 1.000000
-0.218621 0.065228 0.015031 0.000000
0.284602 0.020887 -0.229278 1.000000
0.119177 -0.012256 -0.522048 1.000000
0.095910 0.033775 -0.267413 1.000000
-0.613118 0.058679 0.044689 2.000000
0.174028 0.020834 -0.623828 1.000000
0.688554 -0.050707 0.109655 0.000000
0.194574 -0.126132 0.066106 0.000000
-0.739379 0.040139 0.050763 2.000000
0.531183 -0.105797 -0.061132 0.000000
0.013118 0.020834 -0.202050 1.000000
0.250139 0.020834 0.645071 1.000000
0.158235 0.021310 -0.267149 1.000000
0.129555 0.028625 -0.233451 1.000000
0.402545 -0.105110 0.090904 0.000000
-0.120696 0.030975 -0.061211 0.000000
0.125594 -0.050655 0.613776 1.000000
0.121421 -0.058657 -0.564672 1.000000
0.352711 -0.112372 -0.054767 0.000000
-0.629148 -0.010381 -0.062585 0.000000
-0.737874 0.040139 -0.219480 2.000000
0.368187 0.053476 -0.031977 0.000000
0.193122 0.008977 -0.199911 1.000000
-0.862049 0.045289 0.110130 2.000000
-0.731879 0.040139 -0.119786 2.000000
0.045997 0.020834 -0.472056 1.000000
-0.006292 0.027041 0.804317 1.000000
-0.262671 0.003193 0.107965 0.000000
0.427871 0.061874 0.040410 0.000000
-0.009910 0.015447 0.792591 1.000000
0.244461 -0.097451 -0.067523 0.000000
-0.019761 0.020834 -0.516000 1.000000
0.107055 0.032375 0.507453 1.000000
-0.383545 -0.119371 0.071652 0.000000
0.131721 0.020834 -0.275599 1.000000
0.085241 0.034171 -0.396500 1.000000
-0.688938 -0.041623 -0.038368 0.000000
0.316029 -0.136827 0.038720 0.000000
0.093666 0.007128 0.235362 1.000000
0.117222 0.050096 0.067823 1.000000
-0.104270 -0.127716 -0.033165 0.000000
0.073410 0.035095 0.167913 1.000000
0.061315 0.020834 -0.533219 1.000000
0.953093 -0.064942 -0.024529 0.000000
0.704347 -0.084326 0.106274 0.000000
0.141730 0.006574 -0.608590 1.000000
0.191564 0.011169 -0.495613 1.000000
0.071561 0.056592 -0.024450 0.000000
0.081544 0.020834 -0.738813 1.000000
-0.305057 0.062693 -0.005119 0.000000
0.166792 0.007366 -0.178599 1.000000
-0.156295 -0.045848 0.116151 0.000000
0.052969 0.034990 -0.571459 1.000000
0.040900 0.007392 -0.499996 1.000000
0.049298 0.034910 0.587525 1.000000
0.032529 0.033590 -0.175562 1.000000
0.172285 0.020834 0.715767 1.000000
0.246970 0.026909 -0.236329 1.000000
0.042511 0.010641 -0.592771 1.000000
0.134467 0.027490 -0.077004 1.000000
-0.865535 0.040139 0.019600 2.000000
0.087195 0.034409 0.277933 1.000000
0.266856 0.023898 0.344748 1.000000
0.026138 0.012410 0.375646 1.000000
0.073067 0.020834 -0.255027 1.000000
0.209443 0.010297 0.509117 1.000000
0.056640 0.020834 -0.518166 1.000000
0.204583 0.009848 0.614462 1.000000
0.138402 -0.124653 0.068034 0.000000
0.154327 0.034884 0.336270 1.000000
-0.214950 -0.137725 -0.002715 0.000000
0.178333 0.007736 0.638706 1.000000
0.245544 0.027093 0.237501 1.000000
-0.012789 0.025562 -0.223679 1.000000
0.122663 0.011776 -0.163599 1.000000
0.048849 0.009980 -0.224207 1.000000
-0.493855 -0.040831 0.107569 0.000000
0.114397 0.020834 0.454635 1.000000
0.007097 0.020834 -0.505014 1.000000
0.240077 0.013810 0.368304 1.000000
0.115691 0.020465 -0.069266 1.000000
-0.167783 -0.197013 -0.116564 3.000000
0.220561 -0.111712 0.084910 0.000000
0.310114 -0.033040 0.116706 1.000000
0.139776 0.026248 0.542947 1.000000
-0.008194 0.017164 -0.055269 3.000000
-0.074692 -0.018172 -0.085481 0.000000
-0.178743 -0.198492 0.149321 3.000000
0.531236 -0.138121 0.000295 0.000000
0.250376 -0.026992 -0.086643 1.000000
0.201863 0.007894 -0.517664 1.000000
0.068154 0.020834 0.713628 1.000000
0.159926 0.034620 -0.576371 1.000000
0.560022 0.052869 0.061564 0.000000
-0.823149 0.045289 -0.147912 2.000000
-0.663348 0.055193 -0.021862 2.000000
-0.882146 0.042411 -0.162094 2.000000
-0.714634 0.045289 0.138044 2.000000
0.138878 0.034171 0.664798 1.000000
0.623456 -0.132734 -0.014916 0.000000
0.135286 0.006494 0.184339 1.000000
0.037309 0.034013 0.519549 1.000000
0.716653 -0.080523 -0.077057 0.000000
-0.010993 0.024030 -0.563536 1.000000
0.211133 0.010482 0.403111 1.000000
0.149441 0.035307 -0.595914 1.000000
0.186282 0.027252 -0.054556 1.000000
-0.648084 0.053450 -0.025031 2.000000
0.231785 -0.053665 0.586390 1.000000
0.104361 0.025245 0.758022 1.000000
-0.144015 -0.039457 -0.087726 0.000000
0.045522 0.020834 -0.172419 1.000000
-0.869576 0.045289 -0.146486 2.000000
-0.762593 0.045289 -0.190140 2.000000
-0.182704 -0.132681 -0.063984 0.000000
0.188315 0.033088 0.419089 1.000000
0.107002 -0.033515 0.591751 1.000000
0.136633 0.006521 0.567851 1.000000
-0.785754 0.040139 0.256462 2.000000
-0.218251 -0.111078 0.085702 0.000000
0.083023 0.013730 -0.730256 1.000000
0.069765 -0.013128 0.557974 1.000000
0.112733 -0.006525 0.606461 1.000000
0.069475 0.008396 0.349105 1.000000
0.001815 0.028889 -0.483385 1.000000
0.395309 0.062455 -0.006756 0.000000
0.250060 0.015209 0.435700 1.000000
0.500100 -0.136114 -0.012883 0.000000
-0.844989 0.040139 -0.267967 2.000000
-0.206182 -0.161863 0.170131 3.000000
-0.523776 -0.009325 0.103871 0.000000
0.202867 0.031953 0.332547 1.000000
0.127469 0.012621 -0.230783 1.000000
0.830159 -0.078965 -0.057620 0.000000
-0.639289 -0.061588 -0.040956 0.000000
-0.007190 0.017005 0.421466 1.000000
0.271821 0.018616 0.238029 1.000000
0.033453 -0.072521 0.110209 0.000000
0.217524 -0.046588 -0.532585 1.000000
0.049510 0.032005 -0.727378 1.000000
0.132143 0.028018 -0.294350 1.000000
0.028250 0.008607 -0.567181 1.000000
-0.012763 0.025562 -0.608247 1.000000
-0.021029 -0.139125 0.021211 0.000000
-0.714370 0.045289 0.220942 2.000000
0.698220 -0.001666 0.053192 0.000000
-0.714661 0.045289 -0.099874 2.000000
0.169591 0.007498 0.248830 1.000000
0.058806 0.035148 0.127983 1.000000
-0.819029 0.040139 -0.239815 2.000000
0.143843 0.007339 -0.629110 1.000000
0.255632 0.025694 0.278804 1.000000
0.028013 0.008660 -0.665079 1.000000
-0.864426 0.040139 -0.212403 2.000000
-0.852674 0.045289 -0.301348 2.000000
0.462441 -0.130014 0.056863 0.000000
0.283176 0.020544 0.504496 1.000000
0.045047 0.020834 0.698047 1.000000
0.189055 0.033009 0.335689 1.000000
0.197321 0.009294 0.228363 1.000000
0.097680 0.035175 -0.628503 1.000000
0.124696 0.029523 0.119268 1.000000
0.981720 -0.062565 -0.013411 0.000000
0.077213 0.033801 -0.567075 1.000000
-0.082403 0.062561 -0.005990 0.000000
0.254602 0.025852 0.408393 1.000000
-0.724907 0.045289 0.318286 2.000000
0.264532 0.017375 -0.083606 1.000000
0.057221 0.020834 -0.131802 1.000000
0.033691 0.007947 -0.310010 1.000000
0.492652 0.059656 -0.017055 0.000000
0.063110 0.020834 -0.463235 1.000000
0.127522 0.020834 -0.325248 1.000000
0.578323 0.005042 -0.076344 0.000000
0.132513 0.035227 0.554303 1.000000
0.083498 0.034092 -0.590553 1.000000
0.021305 0.028731 -0.561952 1.000000
0.013092 0.030923 0.442751 1.000000
-0.450756 -0.047406 0.110711 0.000000
0.093666 0.020834 -0.406667 1.000000
0.240896 0.058441 -0.020040 0.000000
0.105602 0.034963 -0.574549 1.000000
-0.157457 0.059920 -0.016422 0.000000
0.657312 0.020940 0.031643 0.000000
0.116140 0.010614 -0.155491 1.000000
0.091289 0.020834 -0.090895 1.000000
0.095990 0.007023 0.317335 1.000000
-0.881592 0.043256 0.268241 2.000000
-0.013634 0.023581 -0.468992 1.000000
-0.653973 0.058203 -0.015418 2.000000
0.020143 0.032032 -0.347564 1.000000
0.213008 0.010693 -0.262368 1.000000
-0.373140 -0.135375 0.038403 0.000000
0.678202 -0.133051 -0.009529 0.000000
-0.773711 0.196111 0.014635 2.000000
0.011692 0.020834 0.339149 1.000000
0.179812 -0.000715 0.109602 1.000000
0.025081 0.009030 -0.472003 1.000000
0.179257 0.033748 0.308567 1.000000
0.763292 -0.066817 -0.072937 0.000000
0.082151 0.034039 0.191338 1.000000
0.141387 0.025905 -0.260229 1.000000
-0.735497 0.045289 0.222183 2.000000
0.141334 0.020834 -0.215360 1.000000
-0.628303 0.045289 -0.034829 2.000000
0.282199 0.020359 -0.144479 1.000000
0.143499 0.020834 0.200238 1.000000
0.671520 -0.120850 0.072286 0.000000
0.202259 0.009663 -0.359157 1.000000
0.025240 0.015104 -0.781305 1.000000
0.169776 0.007498 0.460181 1.000000
0.000680 0.015790 -0.577718 1.000000
0.259012 0.025245 -0.153537 1.000000
0.603359 0.013123 -0.065991 0.000000
-0.557105 -0.108517 0.001140 0.000000
-0.557976 -0.057257 -0.065014 0.000000
0.025451 0.043256 -0.047479 0.000000
0.097363 0.008052 -0.353717 1.000000
-0.010148 0.020834 0.111662 1.000000
0.028726 0.020834 0.344219 1.000000
0.075628 -0.013207 -0.597129 1.000000
0.114000 0.006574 0.500930 1.000000
0.160586 0.034594 0.497075 1.000000
0.997751 -0.051473 0.008112 1.000000
0.138297 -0.027256 0.542181 1.000000
-0.833158 0.183593 0.009829 2.000000
0.100400 0.006811 -0.479318 1.000000
0.032317 0.011723 0.474099 1.000000
0.154776 0.020834 -0.501264 1.000000
0.272718 0.018775 -0.168353 1.000000
-0.666887 0.042965 -0.208177 2.000000
-0.029691 0.020808 -0.827362 1.000000
0.048453 0.034858 -0.124250 1.000000
-0.479805 -0.051685 -0.078219 0.000000
0.586193 -0.196300 0.025912 3.000000
0.818196 -0.010381 -0.000893 0.000000
0.122557 -0.102522 0.092912 0.000000
0.094062 0.007762 -0.551494 1.000000
-0.879849 0.221437 0.014635 2.000000
-0.433326 0.027120 -0.062426 0.000000
0.361796 -0.094599 0.098986 0.000000
0.114846 0.035122 0.512973 1.000000
-0.766132 0.065281 0.013896 2.000000
0.090364 0.034409 -0.506968 1.000000
0.170859 0.005993 0.106803 1.000000
0.011164 0.059524 0.046669 0.000000
0.089202 0.050175 0.067691 0.000000
-0.350692 0.016134 0.101864 0.000000
-0.365296 -0.082926 0.105192 0.000000
-0.586894 -0.022820 -0.068579 0.000000
0.213219 -0.121880 0.071626 0.000000
0.892828 -0.067451 0.072920 0.000000
0.136474 0.027041 -0.340090 1.000000
0.010213 0.020834 0.742969 1.000000
0.239258 0.027965 -0.497091 1.000000
-0.003678 0.025271 0.303153 1.000000
0.030284 0.011961 0.192447 1.000000
0.048797 0.012119 -0.054556 1.000000
0.123164 0.006442 -0.586327 1.000000
0.100664 0.020834 0.113114 1.000000
0.236987 0.024796 -0.630615 1.000000
0.004984 0.020834 -0.278293 1.000000
-0.853889 0.040139 0.228786 2.000000
-0.160521 -0.150032 0.156108 3.000000
0.183747 0.020834 -0.584003 1.000000
0.128789 0.020834 -0.213882 1.000000
-0.872032 0.040139 -0.086009 2.000000
0.017449 0.020834 0.811526 1.000000
-0.439400 -0.044369 0.111873 0.000000
0.196502 0.009214 0.456563 1.000000
0.189134 0.008660 -0.600139 1.000000
0.085135 0.034171 0.480833 1.000000
-0.621833 0.040139 -0.028702 2.000000
0.061367 0.035201 0.232377 1.000000
0.089334 0.020834 -0.696057 1.000000
0.472423 0.032745 -0.059838 0.000000
0.239390 0.027938 -0.230493 1.000000
0.012141 0.020834 -0.587965 1.000000
-0.717882 0.045289 0.191549 2.000000
0.119969 0.020834 -0.268601 1.000000
0.057300 0.006574 -0.187895 1.000000
-0.367831 -0.041200 -0.086854 0.000000
0.225473 -0.022608 0.545007 1.000000
-0.012763 0.020834 -0.414854 1.000000
0.736222 -0.049862 0.103871 0.000000
-0.649245 0.040139 0.108255 2.000000
0.109933 0.032032 0.341975 1.000000
0.041798 0.020834 0.511626 1.000000
-0.053881 -0.129908 0.057101 0.000000
-0.353623 0.014285 -0.073993 0.000000
0.877326 -0.019888 0.009116 0.000000
0.854957 -0.113297 0.026731 0.000000
0.061869 0.035227 -0.275150 1.000000
0.150260 -0.087627 0.103950 0.000000
-0.789847 0.045289 0.030349 2.000000
-0.361969 0.044629 0.074821 0.000000
0.092636 0.034514 0.236814 1.000000
-0.621490 0.045289 0.050763 2.000000
0.125303 0.018088 0.083800 1.000000
0.010504 0.030447 0.750046 1.000000
0.006410 0.014998 -0.258513 1.000000
-0.724432 0.045289 0.202218 2.000000
0.970734 -0.072416 -0.015973 0.000000
-0.827823 0.040139 0.277986 2.000000
0.162646 0.031477 -0.646566 1.000000
-0.770832 0.152113 0.009829 2.000000
0.212136 0.020834 0.667465 1.000000
-0.746272 0.045289 0.070147 2.000000
-0.185477 -0.153993 0.141319 3.000000
-0.000034 -0.059370 -0.085111 0.000000
0.013831 0.013995 0.314034 1.000000
0.049246 0.009954 0.328849 1.000000
0.312517 -0.042362 -0.087356 0.000000
-0.352910 -0.003700 -0.081546 0.000000
-0.573742 0.064911 0.011783 0.000000
0.067257 0.020834 -0.774703 1.000000
-0.045114 0.031055 -0.061132 0.000000
0.259144 0.025218 -0.228723 1.000000
0.253942 -0.007740 -0.083263 1.000000
0.102539 0.020834 -0.220114 1.000000
-0.456354 0.005702 0.103634 0.000000
0.091025 0.016002 -0.545922 1.000000
0.339163 0.054876 -0.028649 0.000000
0.256371 0.025614 -0.079090 1.000000
-0.010835 0.020834 0.280653 1.000000
0.091632 0.034461 -0.102647 1.000000
-0.009594 0.024268 -0.074785 1.000000
-0.467076 -0.119503 -0.023341 0.000000
-0.397013 0.058705 0.048333 0.000000
-0.744952 0.110704 0.009829 2.000000
-0.029770 0.020861 -0.350548 1.000000
0.188183 -0.037661 0.117234 0.000000
-0.469955 -0.087442 0.092040 0.000000
-0.487253 0.031477 0.086389 0.000000
0.156281 0.034805 0.558687 1.000000
0.264928 0.024241 -0.362564 1.000000
0.069158 0.008422 -0.523368 1.000000
-0.776986 0.040139 -0.063799 2.000000
0.272666 0.018748 -0.374475 1.000000
0.031420 0.033458 0.180220 1.000000
0.211397 -0.056966 0.114673 0.000000
0.070901 0.006521 -0.317273 1.000000
-0.852964 0.045289 0.128881 2.000000
-0.845306 0.005834 0.011545 2.000000
0.406189 -0.065285 0.113194 0.000000
0.523551 -0.076139 0.108704 0.000000
0.230226 0.038925 -0.053104 0.000000
0.199592 0.009452 -0.129716 1.000000
0.171097 0.007551 -0.524821 1.000000
0.260702 0.016741 -0.265485 1.000000
0.703343 -0.046324 0.107040 0.000000
0.164917 0.029919 -0.511696 1.000000
-0.738613 0.125467 0.009829 2.000000
0.090708 -0.035892 0.583141 1.000000
0.527459 -0.119028 -0.046105 0.000000
0.179204 0.003378 -0.078641 1.000000
0.089625 0.020834 0.524778 1.000000
0.423514 -0.080048 -0.077849 0.000000
0.594802 -0.060769 0.112084 0.000000
-0.484982 -0.113825 -0.029547 0.000000
0.019113 0.031900 0.192183 1.000000
0.074044 0.035069 0.274051 1.000000
0.149124 0.020834 -0.301559 1.000000
0.063586 0.020834 0.674041 1.000000
0.194389 0.020834 -0.502162 1.000000
-0.026971 0.020834 -0.084662 1.000000
0.222594 -0.022608 0.605167 1.000000
0.061288 -0.018172 -0.085481 1.000000
-0.466020 -0.119767 0.052400 0.000000
0.112944 -0.119424 -0.045604 0.000000
0.169142 0.034197 -0.538712 1.000000
0.118041 0.051627 -0.036440 0.000000
0.211925 0.031108 0.467153 1.000000
0.159054 0.015447 -0.526353 1.000000
0.218342 0.030421 -0.458719 1.000000
0.117883 -0.027520 -0.086722 1.000000
0.199592 0.024954 -0.593220 1.000000
0.060971 0.032639 -0.434978 1.000000
0.044439 0.020834 -0.707465 1.000000
0.111624 -0.005918 0.577833 1.000000
0.076922 0.006679 -0.268152 1.000000
0.114053 0.035095 -0.268099 1.000000
0.188738 0.008633 0.123678 1.000000
0.233950 0.012965 -0.084530 1.000000
0.178544 0.006706 0.586099 1.000000
0.154961 0.034858 -0.348383 1.000000
0.235403 0.020834 -0.610016 1.000000
-0.369073 0.020095 0.098510 0.000000
0.225050 0.011987 -0.432231 1.000000
-0.167704 -0.179002 0.165985 3.000000
0.080461 0.020834 0.419379 1.000000
-0.722742 0.040139 0.100465 2.000000
0.153852 0.034910 0.221523 1.000000
0.244329 -0.011939 -0.084662 1.000000
0.240764 0.013915 0.085781 1.000000
0.129054 0.020834 -0.663072 1.000000
0.189821 0.020834 0.541204 1.000000
0.005935 0.015077 0.113114 1.000000
0.015548 0.013757 -0.062558 3.000000
-0.765656 0.062957 0.000110 2.000000
-0.317337 0.052288 0.064126 0.000000
0.079273 0.020834 -0.445251 1.000000
0.078612 0.006706 -0.111996 1.000000
-0.799116 0.040139 0.226911 2.000000
-0.022006 0.005544 -0.077743 0.000000
0.046473 -0.093728 0.099646 0.000000
0.004456 0.015289 0.175809 1.000000
0.083419 0.007577 -0.285001 1.000000
0.170463 0.016767 0.508140 1.000000
0.174873 0.007736 0.605880 1.000000
0.062265 0.020834 -0.425840 1.000000
0.954889 -0.037820 0.005762 0.000000
-0.645707 -0.036235 -0.054556 0.000000
0.710236 0.002876 0.024671 0.000000
0.151501 0.034937 0.166408 1.000000
-0.715004 0.060263 0.037664 2.000000
0.114000 0.031451 -0.487267 1.000000
0.061605 0.057886 -0.021307 0.000000
0.148438 0.032375 -0.543492 1.000000
-0.020448 0.018194 -0.827890 1.000000
0.112390 -0.055540 0.585835 1.000000
0.130321 0.035254 0.446686 1.000000
0.153878 0.006758 0.612271 1.000000
0.001525 0.028836 -0.265168 1.000000
0.930064 -0.082847 -0.024978 0.000000
0.123349 0.006442 -0.096679 1.000000
-0.001803 0.020834 0.623758 1.000000
0.076737 -0.139838 0.013473 0.000000
0.253149 0.015632 0.173485 1.000000
-0.029004 0.021072 0.752872 1.000000
0.145506 -0.136695 0.039750 0.000000
0.196264 0.020834 -0.602648 1.000000
0.107002 0.006679 -0.080675 1.000000
0.060549 -0.130515 0.055648 0.000000
-0.027261 0.020412 -0.094249 1.000000
0.120629 0.006468 0.485534 1.000000
0.048189 0.033141 -0.717290 1.000000
0.213536 -0.017749 0.542181 1.000000
0.086826 0.020834 0.472514 1.000000
0.113710 0.035333 -0.057805 0.000000
-0.172933 -0.096289 -0.050410 0.000000
0.248660 0.026671 0.354598 1.000000
0.337394 -0.050523 -0.086273 0.000000
0.215569 0.020834 -0.596838 1.000000
0.973507 -0.042732 0.007162 0.000000
0.262921 0.024558 -0.328946 1.000000
-0.559719 -0.108622 0.021898 0.000000
0.852580 -0.110233 -0.013173 0.000000
-0.656534 0.040139 0.139444 2.000000
0.051807 0.020834 0.775346 1.000000
0.170252 0.007524 0.091301 1.000000
0.190507 0.032903 -0.130429 1.000000
0.297913 -0.128297 0.061036 0.000000
0.180868 0.008026 -0.245572 1.000000
0.078137 -0.090876 0.101838 0.000000
0.087644 0.034382 0.440665 1.000000
0.026349 0.012384 0.554435 1.000000
0.176616 -0.026517 0.636223 1.000000
0.080091 -0.039959 0.568168 1.000000
-0.028819 0.020834 0.402346 1.000000
0.078348 0.034963 0.215898 1.000000
0.080514 0.020834 -0.174796 1.000000
-0.564842 -0.005284 -0.069979 0.000000
-0.002727 0.013810 0.736736 1.000000
0.078877 0.020834 -0.189823 1.000000
-0.148610 -0.012441 0.113986 0.000000
0.007282 0.020834 -0.760759 1.000000
0.487450 0.052552 -0.034221 0.000000
-0.374143 -0.135639 -0.006545 0.000000
-0.768905 0.045289 -0.162490 2.000000
0.203448 0.029497 0.567560 1.000000
0.249479 0.026565 0.173485 1.000000
0.110013 0.020834 -0.401280 1.000000
-0.015430 0.020834 -0.660854 1.000000
0.752913 -0.006314 0.050895 0.000000
0.121052 -0.001270 -0.578590 1.000000
-0.149588 0.022815 -0.067470 0.000000
0.264162 0.017322 -0.476228 1.000000
0.194548 0.020834 -0.528069 1.000000
0.114661 0.031319 0.138071 1.000000
0.027458 0.020834 0.682915 1.000000
0.028673 0.029549 -0.552260 1.000000
0.523287 -0.004941 0.111345 0.000000
-0.024700 0.020834 -0.215096 1.000000
0.200939 0.009558 -0.074653 1.000000
-0.764494 0.045289 0.054751 2.000000
-0.585468 0.056090 -0.022416 0.000000
-0.169421 -0.128482 0.120456 3.000000
0.106553 -0.027600 -0.527330 1.000000
0.016314 0.010192 -0.376931 1.000000
0.186229 0.013070 0.516089 1.000000
-0.680567 0.045289 -0.071511 2.000000
0.041217 -0.051579 0.115386 0.000000
0.071667 0.020834 -0.436087 1.000000
-0.730770 0.040139 0.267369 2.000000
-0.845834 0.138935 0.009829 2.000000
0.199935 0.009479 0.177843 1.000000
0.147117 0.035016 -0.210448 1.000000
-0.026865 0.041618 -0.049591 0.000000
0.175850 0.020834 0.675494 1.000000
0.032740 0.011697 -0.176117 1.000000
0.162170 0.034514 -0.212218 1.000000
0.238677 0.013625 -0.439494 1.000000
0.622558 -0.116017 -0.048746 0.000000
-0.027261 0.020412 0.508853 1.000000
0.260597 0.016715 0.623943 1.000000
0.377456 -0.074264 0.109496 0.000000
0.218105 0.007128 -0.569320 1.000000
0.856727 -0.090559 -0.043596 0.000000
-0.416846 -0.127346 -0.020990 0.000000
-0.017516 0.024294 0.360989 1.000000
0.216230 0.029998 0.573502 1.000000
0.245702 0.027067 0.577464 1.000000
-0.351088 0.039109 0.082137 0.000000
0.221485 -0.065259 -0.083949 0.000000
-0.024805 0.019435 0.780020 1.000000
-0.650856 0.045289 0.096081 2.000000
0.061182 0.032639 0.093070 1.000000
-0.796423 0.183065 0.009829 2.000000
-0.795789 0.045289 -0.218081 2.000000
0.883083 -0.024219 0.037954 0.000000
0.086377 -0.006156 0.590721 1.000000
-0.073002 -0.107777 0.088871 0.000000
0.117645 0.030791 0.392944 1.000000
-0.403299 -0.076932 -0.076449 0.000000
0.581545 -0.181854 0.024011 3.000000
-0.024092 0.020834 -0.103624 1.000000
0.095144 0.020834 -0.282228 1.000000
0.110435 0.009716 -0.377036 1.000000
0.087301 0.034409 0.573898 1.000000
0.233924 -0.034783 0.560271 1.000000
0.458611 -0.136563 -0.011457 0.000000
0.402096 -0.098455 -0.066757 0.000000
0.254127 -0.136669 0.040014 0.000000
0.524317 -0.127742 -0.033086 0.000000
0.104203 0.020834 -0.589629 1.000000
0.103120 0.034145 0.627350 1.000000
0.137478 0.020676 0.098352 1.000000
-0.015747 0.023211 0.236233 1.000000
0.265245 0.024188 -0.242509 1.000000
0.186467 0.033220 -0.394572 1.000000
0.056561 0.032296 -0.539240 1.000000
0.104784 0.034963 -0.529178 1.000000
0.241926 0.013097 0.635986 1.000000
-0.883203 0.031794 0.025437 2.000000
0.203817 0.009795 -0.539900 1.000000
0.116324 0.064541 0.009010 0.000000
0.208703 0.064726 0.010383 0.000000
0.711134 -0.022820 0.088845 0.000000
0.042670 0.034409 -0.668803 1.000000
-0.450465 0.034303 0.085675 0.000000
-0.869998 0.040139 0.156267 2.000000
-0.686377 0.040219 0.297660 2.000000
-0.546567 -0.104186 -0.021571 0.000000
0.234610 0.025641 0.657483 1.000000
-0.792673 0.040139 -0.054345 2.000000
0.064299 0.008792 0.151856 1.000000
0.037811 0.007630 0.731586 1.000000
0.090312 0.034197 -0.075419 1.000000
-0.814143 0.040139 -0.280300 2.000000
0.382263 -0.139706 0.016906 0.000000
0.142628 -0.006789 0.112111 1.000000
-0.019603 0.020834 0.564206 1.000000
0.091077 0.007234 0.138361 1.000000
0.019430 0.031926 -0.190747 1.000000
-0.179007 0.003510 0.107859 0.000000
0.176088 0.020834 0.662606 1.000000
0.109194 0.020834 0.318418 1.000000
-0.820429 0.045289 -0.036149 2.000000
-0.028001 0.020518 -0.273487 1.000000
0.443901 0.029576 0.091538 0.000000
0.308291 0.016081 0.101891 1.000000
-0.025703 0.021996 -0.484257 1.000000
-0.892657 0.063459 0.021792 2.000000
0.456710 -0.032274 0.116600 0.000000
0.170727 0.031821 -0.521018 1.000000
0.109379 -0.024668 0.628248 1.000000
-0.803395 0.040139 -0.303883 2.000000
-0.704493 0.057754 0.044108 2.000000
0.094933 -0.119001 0.075402 0.000000
-0.592889 -0.095656 0.041256 0.000000
0.108719 0.020834 -0.151953 1.000000
-0.057051 0.062613 -0.005700 0.000000
0.063797 0.032851 0.492374 1.000000
0.281803 0.021363 0.184841 1.000000
-0.198471 -0.177999 -0.105605 3.000000
-0.451944 -0.079414 -0.071115 0.000000
0.087591 0.034409 -0.368321 1.000000
0.092820 -0.022027 0.590721 1.000000
0.602276 0.053159 0.002619 0.000000
0.061843 -0.089766 -0.073412 0.000000
-0.673779 0.045289 -0.144030 2.000000
0.566281 -0.093807 0.098669 0.000000
0.105761 0.023158 -0.068976 1.000000
0.229091 0.029259 -0.584690 1.000000
-0.216614 0.063643 0.027048 0.000000
0.071218 0.008264 0.292880 1.000000
0.065830 -0.014765 0.591407 1.000000
-0.546118 -0.005733 -0.072039 0.000000
0.151765 0.024188 -0.489776 1.000000
0.881894 -0.100726 0.050155 0.000000
0.147672 0.017375 -0.523104 1.000000
0.142575 0.049039 -0.039952 0.000000
0.794111 -0.006420 0.025991 0.000000
0.122874 0.020834 0.167068 1.000000
-0.695857 0.045289 -0.138590 2.000000
0.193835 -0.000795 -0.080384 1.000000
0.251380 0.015394 -0.210950 1.000000
0.007810 0.026856 -0.321181 1.000000
-0.190891 0.033933 0.088184 0.000000
-0.922869 0.054031 0.013368 2.000000
0.251406 0.042463 -0.048509 0.000000
0.063480 0.020834 0.341262 1.000000
0.070875 0.008290 -0.307475 1.000000
0.023840 0.032481 -0.655994 1.000000
-0.177819 0.026697 0.093757 0.000000
0.361215 0.045263 0.074108 0.000000
0.067283 0.020834 -0.717527 1.000000
0.122161 0.035201 -0.611099 1.000000
0.081280 -0.046852 0.116019 0.000000
0.228378 -0.009034 -0.083791 1.000000
0.226133 0.020834 0.654525 1.000000
0.787086 -0.124098 0.025357 0.000000
-0.024726 0.019408 -0.665634 1.000000
-0.015747 0.018458 -0.318725 1.000000
-0.256333 -0.136959 -0.008446 0.000000
-0.383967 -0.136933 0.020868 0.000000
0.169169 0.007471 0.619612 1.000000
0.091579 0.020834 -0.254367 1.000000
0.034589 0.030183 0.256251 1.000000
0.180366 0.011803 0.529029 1.000000
0.164125 -0.101782 0.093466 0.000000
-0.005474 0.020834 -0.799659 1.000000
0.205640 0.009928 0.124655 1.000000
0.017370 0.013493 0.127190 1.000000
0.008761 0.026988 -0.129188 1.000000
-0.427806 -0.125260 -0.022760 0.000000
-0.208823 -0.185684 -0.104786 3.000000
-0.829751 0.045289 -0.167798 2.000000
0.001102 0.020834 0.510121 1.000000
0.209231 0.020834 -0.639568 1.000000
0.020222 0.009637 0.703382 1.000000
0.822448 -0.102548 -0.040929 0.000000
0.106817 0.007181 0.630440 1.000000
-0.722108 0.045289 -0.238125 2.000000
0.216520 0.030606 0.422707 1.000000
-0.208585 -0.011675 -0.084636 0.000000
-0.016434 -0.134556 -0.016633 0.000000
-0.715849 0.040139 0.086177 2.000000
-0.199633 0.062561 0.035366 0.000000
0.405608 -0.115093 0.080473 0.000000
0.135920 0.006494 -0.376191 1.000000
0.540321 0.031398 -0.060815 0.000000
-0.849056 0.045289 -0.251118 2.000000
0.661247 0.009558 0.064311 0.000000
-0.498239 0.063115 0.031115 0.000000
0.150656 0.020834 -0.464080 1.000000
0.021622 0.028757 0.098457 1.000000
-0.220628 -0.088314 -0.074416 0.000000
0.614979 -0.103288 -0.062400 0.000000
-0.677107 0.045289 0.008139 2.000000
-0.569358 -0.094837 0.058501 0.000000
0.132249 0.033220 -0.652852 1.000000
-0.881460 0.190090 0.014635 2.000000
-0.617634 -0.085224 0.048254 0.000000
-0.405860 0.062534 0.035578 0.000000
-0.015060 0.020834 -0.384378 1.000000
0.021516 0.028757 0.108493 1.000000
-0.434725 0.062534 -0.006228 0.000000
0.138376 0.020834 0.494117 1.000000
0.155278 0.017348 -0.694472 1.000000
0.038656 0.007577 -0.511273 1.000000
0.731839 -0.006842 0.060270 0.000000
0.159160 0.021019 0.461977 1.000000
-0.383439 0.027754 0.092410 0.000000
-0.199342 -0.197515 -0.106476 3.000000
0.288643 0.062825 0.033333 0.000000
-0.668867 -0.029448 -0.051308 0.000000
0.504114 -0.136801 0.038826 0.000000
0.098657 0.032745 0.083800 1.000000
-0.838175 0.040139 0.108123 2.000000
0.281777 0.021363 -0.330900 1.000000
0.002264 0.029312 -0.062479 0.000000
0.145163 0.035042 -0.058914 1.000000
0.042881 0.020834 -0.315741 1.000000
0.258854 0.016424 0.386025 1.000000
-0.015139 0.016715 -0.242879 1.000000
0.133622 0.031292 0.573608 1.000000
0.166792 0.034303 0.384414 1.000000
0.247392 0.014840 -0.597657 1.000000
-0.772021 0.045289 0.333999 2.000000
0.834358 -0.059660 -0.058359 0.000000
0.092239 0.020834 -0.649445 1.000000
0.116483 0.020834 0.746851 1.000000
-0.716588 0.040139 -0.011615 2.000000
0.519748 -0.135982 0.042470 0.000000
-0.063098 0.048353 -0.040824 0.000000
0.780616 -0.038058 0.090429 0.000000
0.141783 0.035095 -0.552762 1.000000
-0.007877 0.020834 -0.772616 1.000000
-0.234334 -0.095920 -0.068711 0.000000
-0.263648 0.043837 -0.046713 0.000000
0.008998 -0.132470 0.050921 0.000000
0.062107 0.008950 -0.121714 1.000000
0.141836 0.035095 -0.277950 1.000000
-0.700928 0.040139 0.313479 2.000000
0.125700 0.035280 0.617843 1.000000
-0.145732 -0.124679 -0.038737 0.000000
0.602751 -0.107592 -0.058095 0.000000
0.193122 0.034488 0.565025 1.000000
-0.014321 -0.139943 0.014213 0.000000
