0.475817 -0.005985 -0.099133 0.000000
-0.529141 0.098058 -0.014782 2.000000
-0.417808 0.026764 -0.047138 0.000000
-0.125553 -0.068416 0.012698 0.000000
0.369178 0.093994 -0.010744 0.000000
-0.315653 0.034552 0.013537 1.000000
0.042469 -0.026490 -0.539587 1.000000
-0.346698 0.077580 0.043926 0.000000
-0.229911 0.034552 0.001659 1.000000
0.156187 0.020078 -0.073752 1.000000
0.795394 -0.096000 0.009263 0.000000
-0.715098 0.163217 -0.011819 2.000000
-0.152823 0.010822 -0.028312 1.000000
-0.806319 0.080045 0.274274 2.000000
-0.199679 0.093496 -0.014546 0.000000
0.557048 -0.096158 0.015713 0.000000
-0.104288 0.079232 -0.053746 0.000000
0.344399 0.090166 -0.028731 0.000000
0.248379 -0.102608 -0.064103 1.000000
0.445925 -0.093142 0.028771 0.000000
0.778849 -0.065349 -0.074591 0.000000
0.522778 0.051255 -0.081906 0.000000
-0.914820 0.101179 0.390982 2.000000
-0.907872 0.082536 -0.275913 2.000000
-0.034200 -0.068416 -0.002694 0.000000
0.317444 -0.101061 -0.301242 3.000000
-0.489758 -0.039993 0.064509 0.000000
0.214974 -0.133863 0.329180 3.000000
-0.027776 0.091949 -0.019816 0.000000
-0.757339 0.105453 -0.006365 2.000000
0.038011 -0.054519 0.325850 1.000000
-0.087900 -0.014323 0.531525 1.000000
0.559329 0.034552 0.050613 0.000000
-0.202170 0.021861 -0.030776 0.000000
0.046035 -0.033569 0.481260 1.000000
0.374186 -0.068416 -0.060274 0.000000
0.140586 0.012448 -0.096616 0.000000
0.135316 -0.018807 0.009971 1.000000
-0.083731 -0.014245 -0.607709 1.000000
0.127056 0.012422 -0.003664 1.000000
0.246386 -0.087217 0.230932 3.000000
-0.836892 0.066305 0.111549 2.000000
-0.190397 0.021756 0.080583 0.000000
-0.155785 0.033031 -0.082142 1.000000
0.056313 -0.036506 0.296378 1.000000
0.644599 -0.018020 -0.024247 0.000000
0.674281 0.074958 0.043743 0.000000
-0.901683 0.089248 0.288696 2.000000
0.053586 0.087177 0.027905 0.000000
0.100862 -0.006064 0.017024 1.000000
0.302682 -0.059973 0.321734 3.000000
-0.497755 0.069399 0.055594 0.000000
-0.008137 -0.039652 0.381674 1.000000
-0.460181 -0.068416 0.041671 0.000000
-0.786260 0.039324 0.053864 2.000000
-0.682007 0.179552 -0.004005 2.000000
-0.830573 0.144390 -0.010193 2.000000
0.199609 -0.049013 -0.202390 1.000000
-0.007246 -0.056119 -0.104981 1.000000
0.474742 -0.066974 -0.075954 0.000000
-0.730594 0.063840 -0.185609 2.000000
0.080121 -0.058898 -0.113791 1.000000
-0.159089 0.025034 0.071248 0.000000
0.723628 -0.086299 0.037188 0.000000
0.036333 0.065151 0.058505 0.000000
-0.716409 0.062870 -0.082641 2.000000
-0.111263 -0.093981 0.053077 0.000000
-0.151380 0.039114 -0.817133 1.000000
-0.347589 0.003953 0.084201 0.000000
-0.101220 -0.068416 -0.033346 0.000000
0.115441 -0.068416 0.112572 1.000000
0.662560 -0.090940 0.031419 0.000000
-0.398693 0.033870 0.031812 0.000000
0.417922 0.012369 0.034854 0.000000
0.207685 -0.047073 0.093300 1.000000
0.677768 0.082798 0.032389 0.000000
0.977915 -0.074631 -0.003559 0.000000
0.378827 0.010691 0.012724 3.000000
-0.160033 -0.094716 -0.046168 0.000000
0.409426 -0.017522 -0.096983 0.000000
-0.892375 0.074591 0.211266 2.000000
-0.491567 0.004923 -0.015542 0.000000
-0.673931 0.114525 -0.015437 2.000000
0.479593 0.063788 -0.073935 0.000000
-0.019963 0.000832 -0.683145 1.000000
0.134319 0.044804 -0.073490 1.000000
0.547242 0.030462 0.048620 0.000000
0.264662 -0.051897 -0.276542 3.000000
0.223286 -0.055490 0.115404 1.000000
-0.393869 0.026371 -0.017404 0.000000
0.135316 -0.000243 -0.072362 1.000000
-0.435088 -0.005408 -0.059304 2.000000
0.704513 -0.028482 -0.043126 0.000000
-0.643043 0.126377 0.000033 2.000000
0.352396 0.065912 -0.072546 0.000000
0.030932 -0.049957 -0.216077 1.000000
0.254908 -0.068416 0.067105 1.000000
0.028467 -0.068416 -0.131962 1.000000
0.597245 -0.068416 -0.006365 0.000000
0.170347 -0.133496 -0.308951 3.000000
-0.360123 -0.076361 0.040675 0.000000
0.089902 -0.068416 0.039836 1.000000
0.315583 -0.062281 0.076361 1.000000
-0.800419 0.038669 0.045500 2.000000
-0.302936 -0.089786 0.009525 0.000000
0.474191 0.086180 0.029531 0.000000
-0.716959 0.068455 0.140759 2.000000
-0.422790 0.007492 0.083703 0.000000
-0.056567 0.009039 -0.698642 1.000000
-0.749683 0.053142 -0.165419 2.000000
-0.007272 -0.047991 0.262423 1.000000
0.274285 -0.104915 0.344782 3.000000
0.074694 0.033267 0.078223 0.000000
0.279293 -0.068416 -0.116203 1.000000
0.039899 -0.051661 -0.191535 1.000000
0.107129 -0.060917 0.308964 1.000000
0.632485 -0.068416 0.003547 0.000000
0.202519 0.067459 -0.070317 0.000000
-0.463904 -0.048567 0.066896 0.000000
-0.406927 0.016014 0.081999 0.000000
-0.177286 0.029544 -0.093522 0.000000
0.062632 -0.080189 0.075706 1.000000
-0.857580 0.091949 0.284527 2.000000
-0.456667 -0.046627 0.020013 0.000000
0.303311 -0.050324 -0.287555 3.000000
0.677427 -0.089262 -0.048161 0.000000
-0.599701 0.024745 0.071773 0.000000
0.603065 0.069216 -0.067983 0.000000
0.314455 -0.101376 -0.311625 3.000000
0.441153 0.094178 -0.009905 0.000000
0.343272 0.010613 -0.013733 1.000000
0.080751 0.094256 -0.005473 0.000000
-0.614017 0.032113 0.068364 0.000000
0.070525 -0.042851 -0.255303 1.000000
-0.785447 0.077816 -0.006942 2.000000
0.260231 0.087255 0.027774 0.000000
-0.535041 -0.076283 0.023658 0.000000
-0.899324 0.026974 0.012855 2.000000
-0.896072 0.086783 0.270551 2.000000
0.886956 0.007047 -0.001776 0.000000
0.403500 0.050966 0.067499 0.000000
0.130413 -0.050927 0.147786 1.000000
-0.744884 0.260128 -0.011058 2.000000
0.073252 -0.056906 -0.132381 1.000000
0.275596 -0.104260 -0.058754 1.000000
-0.258754 -0.068416 -0.001698 0.000000
-0.415815 0.013340 0.003992 0.000000
-0.394550 -0.068416 -0.055371 0.000000
0.703622 -0.068416 0.056722 0.000000
-0.015007 0.081330 -0.050704 0.000000
-0.490177 0.016302 0.070488 0.000000
0.315163 -0.156019 -0.301190 3.000000
0.251027 -0.112493 0.229699 3.000000
0.315268 -0.137770 0.264940 3.000000
0.014727 -0.015451 0.467861 1.000000
0.949938 -0.007375 0.008555 0.000000
0.036857 -0.015660 0.466000 1.000000
-0.887105 0.199532 -0.008777 2.000000
0.200107 0.011950 -0.096695 0.000000
-0.853202 0.075849 -0.189935 2.000000
-0.346619 -0.091307 -0.009538 0.000000
0.642842 -0.096236 -0.029465 0.000000
0.070656 -0.037660 0.282403 1.000000
-0.007849 0.033477 0.060209 0.000000
0.135316 0.018348 0.072271 1.000000
-0.779705 0.061848 0.195534 2.000000
0.190510 -0.072926 -0.221374 1.000000
0.652019 -0.024523 0.070776 0.000000
0.442228 -0.025047 0.081081 0.000000
0.311702 -0.147445 0.256130 3.000000
0.099630 -0.020957 -0.001776 1.000000
-0.007744 -0.068783 0.070357 1.000000
0.505813 -0.068416 -0.065676 0.000000
0.281810 -0.068416 -0.134610 1.000000
-0.615433 0.030671 -0.082982 0.000000
0.078601 -0.035719 -0.311180 1.000000
0.018398 -0.032520 -0.370517 1.000000
-0.380313 0.090349 -0.033425 0.000000
0.188046 -0.001764 -0.099238 0.000000
-0.906561 0.368314 -0.003192 2.000000
0.650630 -0.023081 0.027434 0.000000
-0.105232 -0.098255 -0.062398 0.000000
0.203070 -0.068416 0.052894 1.000000
-0.777870 0.070264 -0.139146 2.000000
-0.440122 -0.038263 0.027827 0.000000
0.099630 0.004267 0.054336 1.000000
0.196279 -0.088292 -0.118432 1.000000
0.569293 0.030121 0.062648 0.000000
-0.610425 0.099763 -0.013628 2.000000
0.492231 -0.014271 -0.097586 0.000000
-0.439152 -0.025074 -0.035470 0.000000
0.476787 0.069661 0.052789 0.000000
-0.478404 0.033739 0.078197 0.000000
0.534053 0.045906 -0.085184 0.000000
0.264479 -0.053523 0.255396 3.000000
-0.903755 0.011006 -0.005840 2.000000
0.068768 -0.068416 0.066083 1.000000
0.265239 -0.063172 0.098780 1.000000
0.356723 -0.087610 -0.055712 0.000000
-0.283899 0.001435 0.084542 0.000000
0.331499 -0.101638 0.023500 0.000000
0.126008 -0.068416 -0.111011 1.000000
0.588644 -0.055385 0.068862 0.000000
0.061007 -0.022976 0.394050 1.000000
0.176141 -0.046522 0.200280 1.000000
-0.528171 -0.068416 0.007689 0.000000
0.164971 -0.074342 0.202692 1.000000
0.846839 0.027997 -0.028941 0.000000
-0.697425 -0.021324 0.046994 0.000000
0.146800 -0.054021 -0.299879 1.000000
0.353865 -0.103840 -0.015070 0.000000
0.231388 0.089510 -0.031668 0.000000
0.088538 -0.033595 -0.321668 1.000000
-0.843107 0.071838 -0.251449 2.000000
0.096090 -0.079744 -0.148874 1.000000
-0.682086 0.091084 0.002262 2.000000
-0.699654 0.062818 -0.080963 2.000000
-0.101719 -0.108088 -0.023513 0.000000
0.333622 -0.055359 -0.301766 3.000000
0.295681 -0.068416 -0.112270 1.000000
-0.323388 0.034552 -0.042156 1.000000
-0.731249 0.035732 0.048777 2.000000
0.911420 -0.045080 0.044188 0.000000
0.888372 -0.066135 -0.057285 0.000000
0.223784 0.094519 -0.008095 0.000000
0.431845 0.034473 0.008292 0.000000
0.668329 0.045434 -0.013628 0.000000
-0.681430 0.093915 -0.016565 2.000000
-0.073374 -0.068416 -0.015568 0.000000
-0.722308 0.228585 -0.012265 2.000000
0.248196 0.083191 -0.048161 0.000000
0.286556 0.015070 -0.096118 1.000000
-0.024106 -0.033753 0.462407 1.000000
-0.520069 0.048764 0.071091 0.000000
-0.009081 -0.054598 -0.222292 1.000000
-0.839252 0.081094 -0.219565 2.000000
0.666755 0.047085 -0.024326 0.000000
0.195466 -0.083283 0.116951 1.000000
-0.855981 0.098399 0.347063 2.000000
-0.005568 -0.107328 0.042117 0.000000
-0.150253 -0.102451 -0.004477 0.000000
0.178842 -0.082313 0.144981 1.000000
0.488062 0.073909 -0.061350 0.000000
0.298093 0.050179 0.067944 0.000000
-0.535880 -0.079062 -0.023802 0.000000
0.867920 -0.092303 0.010207 0.000000
0.587753 -0.068416 -0.063814 0.000000
0.670138 -0.041304 0.077646 0.000000
0.310024 0.086416 -0.043677 0.000000
0.173362 0.053614 0.065768 0.000000
0.175119 -0.045237 0.216248 1.000000
-0.759620 0.050284 -0.016748 2.000000
-0.929687 0.327646 -0.009197 2.000000
0.723733 0.085315 0.014140 0.000000
0.113762 0.089799 -0.030147 0.000000
-0.633289 0.126455 -0.011294 2.000000
-0.279363 -0.068416 0.034854 0.000000
0.117093 0.079809 -0.052880 0.000000
-0.648314 0.065702 -0.060982 2.000000
-0.514641 0.047531 -0.085813 0.000000
-0.429503 -0.062228 -0.072939 0.000000
-0.897698 0.339393 -0.011583 2.000000
-0.872343 0.065466 0.138635 2.000000
-0.881048 0.090271 0.275245 2.000000
0.811362 -0.068416 0.037843 0.000000
0.540923 0.069268 0.053366 0.000000
-0.040808 0.003087 0.631793 1.000000
-0.007272 0.041343 0.073477 0.000000
-0.688457 0.004031 -0.073044 0.000000
0.164054 -0.058505 -0.104220 1.000000
0.151520 -0.078852 -0.190984 1.000000
0.642973 0.020472 -0.045329 0.000000
-0.066373 -0.011308 -0.552173 1.000000
-0.569127 0.101467 -0.001278 2.000000
-0.058848 0.010613 -0.061323 1.000000
0.727482 0.008017 0.079613 0.000000
-0.123141 0.014887 0.723303 1.000000
0.475188 0.017168 0.081238 0.000000
-0.456143 0.071156 -0.023146 0.000000
-0.750574 0.189857 -0.000334 2.000000
-0.819534 0.066698 -0.227195 2.000000
-0.191236 0.098714 -0.822482 1.000000
-0.351155 0.028836 -0.072808 0.000000
0.447761 0.052828 -0.080831 0.000000
0.469445 -0.089209 0.034277 0.000000
-0.787886 0.048528 0.029688 2.000000
0.255170 -0.085853 -0.117540 1.000000
-0.008898 -0.050036 0.252459 1.000000
-0.014692 -0.036742 -0.450490 1.000000
0.017716 -0.061389 0.189660 1.000000
0.274521 -0.043140 -0.104535 0.000000
-0.105416 0.007073 0.673378 1.000000
0.096981 0.048108 0.069229 0.000000
0.063445 -0.057430 -0.130808 1.000000
-0.843447 0.138753 -0.011530 2.000000
-0.862562 0.222921 -0.012448 2.000000
-0.202144 0.018321 0.070121 0.000000
-0.318930 0.074591 0.048069 0.000000
0.561139 -0.006405 -0.099055 0.000000
-0.494608 0.008069 -0.055266 0.000000
-0.491567 -0.032730 0.071248 0.000000
-0.045161 -0.015451 0.615011 1.000000
0.508986 0.061795 -0.075273 0.000000
0.132117 -0.041724 0.224298 1.000000
-0.002369 0.058727 0.062543 0.000000
-0.365603 0.094466 -0.001304 0.000000
-0.656022 0.131175 -0.014441 2.000000
-0.039523 0.083506 -0.047636 0.000000
0.893852 -0.068416 0.026988 0.000000
0.220638 0.087727 0.025467 0.000000
0.415064 -0.096944 0.012698 0.000000
0.161799 -0.100170 -0.276411 3.000000
0.033108 -0.026699 0.381622 1.000000
0.529569 -0.000085 0.084437 0.000000
0.408325 -0.027538 0.080609 0.000000
0.772451 -0.021429 0.078616 0.000000
0.011555 -0.064247 -0.109307 1.000000
-0.719686 0.047636 0.125604 2.000000
-0.167087 -0.085538 0.040780 0.000000
0.147063 -0.044477 -0.215920 1.000000
0.242873 -0.066424 0.181873 1.000000
-0.273097 0.034552 0.017706 1.000000
0.683720 -0.077646 0.050036 0.000000
-0.738565 0.073044 -0.187628 2.000000
-0.110162 -0.068416 -0.042785 0.000000
0.069450 -0.068416 -0.001645 1.000000
-0.863192 0.163741 -0.010141 2.000000
-0.076547 -0.031760 0.086561 0.000000
0.458642 0.087439 -0.041684 0.000000
-0.842451 0.070527 -0.153095 2.000000
0.218383 0.011294 0.048803 3.000000
-0.463406 -0.046627 0.048725 0.000000
0.324419 -0.143093 -0.273763 3.000000
0.284013 -0.045159 0.267693 3.000000
0.255065 -0.086351 -0.092919 1.000000
0.473037 -0.068416 0.016500 0.000000
-0.353489 0.088750 -0.040661 0.000000
0.100416 -0.030213 0.048017 1.000000
-0.781462 0.269987 -0.012369 2.000000
-0.430394 0.078760 -0.057102 0.000000
0.835328 0.037279 0.018440 0.000000
0.197092 -0.143486 0.287280 3.000000
-0.007534 -0.091936 -0.085840 0.000000
-0.397697 0.033346 -0.065650 0.000000
0.262381 -0.062858 -0.347888 3.000000
-0.857711 0.364198 -0.003559 2.000000
0.134031 -0.007558 0.032625 1.000000
-0.040546 0.087072 0.028089 0.000000
-0.811406 0.003874 -0.035942 2.000000
0.524535 0.054637 0.065296 0.000000
0.503820 0.015437 -0.023461 0.000000
0.859136 -0.068416 -0.012029 0.000000
-0.633551 0.000098 0.067971 0.000000
-0.360621 0.040163 0.075994 0.000000
0.701314 -0.022321 0.045552 0.000000
0.788524 0.043965 -0.012841 0.000000
-0.844051 0.049078 -0.007414 2.000000
0.107627 -0.082392 -0.131883 1.000000
-0.659274 0.053326 0.068390 2.000000
0.790753 0.071025 -0.036519 0.000000
0.016432 0.030698 0.025179 0.000000
-0.140682 0.034132 -0.083558 1.000000
0.099630 0.036020 -0.054847 0.000000
0.282754 0.037462 0.075968 0.000000
0.702179 -0.043349 -0.055712 0.000000
0.423192 -0.068416 0.004438 0.000000
0.264636 0.093627 -0.002248 0.000000
-0.694226 0.063368 0.108272 2.000000
0.231913 -0.041094 0.092198 0.000000
0.991550 -0.037161 -0.017142 0.000000
-0.090155 0.016958 -0.038905 0.000000
0.134346 -0.035221 -0.322192 1.000000
0.160724 -0.068416 0.079508 1.000000
-0.107802 0.004634 -0.758398 1.000000
0.100862 -0.000033 -0.006784 1.000000
0.825783 0.004660 0.005985 0.000000
-0.785736 0.051255 -0.142765 2.000000
-0.830049 0.051910 0.116112 2.000000
-0.317121 -0.084673 0.030134 0.000000
0.790097 0.061559 0.039416 0.000000
0.075507 -0.053549 -0.105820 1.000000
0.914776 0.006915 -0.027315 0.000000
-0.813268 0.059121 0.168212 2.000000
0.563210 0.034473 -0.020944 0.000000
0.038142 -0.113490 -0.002825 0.000000
0.233329 -0.088947 -0.103145 1.000000
0.077473 -0.052369 -0.314326 1.000000
-0.140892 -0.048279 0.074683 0.000000
0.135893 -0.108377 0.034513 0.000000
0.587543 0.082903 0.034198 0.000000
-0.115170 -0.003442 -0.681467 1.000000
0.518635 0.034552 0.048043 0.000000
-0.396596 0.074250 0.049223 0.000000
0.210071 -0.049433 -0.203360 1.000000
-0.629304 0.060930 0.003730 2.000000
-0.061155 -0.021980 -0.477812 1.000000
0.787396 0.043283 0.018309 0.000000
-0.440882 0.031773 0.071065 2.000000
-0.307760 0.018872 0.060183 1.000000
-0.753747 0.055581 0.164751 2.000000
0.267363 -0.088632 -0.095227 1.000000
0.160383 -0.113673 -0.010377 0.000000
-0.116376 0.003533 0.724587 1.000000
0.585681 0.075037 -0.059776 0.000000
0.198586 -0.109819 0.334713 3.000000
-0.035538 -0.093667 -0.082588 0.000000
0.078915 0.033189 0.011465 0.000000
-0.678625 0.140011 -0.014388 2.000000
0.126532 -0.063723 -0.301478 1.000000
0.556340 -0.068416 0.046391 0.000000
-0.866443 0.060012 0.114853 2.000000
0.639171 0.059566 -0.076610 0.000000
0.204171 -0.053418 0.295146 3.000000
0.642056 0.077449 -0.056394 0.000000
0.311492 -0.136197 0.244147 3.000000
-0.533074 -0.053785 -0.072546 0.000000
0.124932 -0.091831 0.040937 1.000000
-0.918674 0.061297 -0.013156 2.000000
0.785456 -0.068416 -0.003428 0.000000
-0.789853 0.315925 -0.008699 2.000000
0.629758 0.092028 0.005670 0.000000
0.801975 -0.056512 -0.078655 0.000000
0.043281 -0.054598 -0.347626 1.000000
-0.692784 0.039193 -0.097324 2.000000
-0.785238 0.058544 -0.057128 2.000000
-0.080611 0.007387 0.663887 1.000000
0.144519 -0.061704 0.286336 1.000000
0.013783 -0.005775 -0.588096 1.000000
-0.793550 0.075273 -0.175331 2.000000
0.059669 -0.019227 -0.460086 1.000000
0.223207 -0.123296 -0.355702 3.000000
0.040450 -0.068469 0.169995 1.000000
0.219327 -0.098859 0.340088 3.000000
0.035441 -0.045211 -0.309528 1.000000
-0.752593 0.074093 -0.164056 2.000000
0.151022 -0.043297 -0.312464 1.000000
0.551306 0.052251 -0.081199 0.000000
0.786872 0.014336 -0.044804 0.000000
-0.311720 -0.079665 0.037476 0.000000
-0.934617 0.304257 -0.006994 2.000000
-0.680985 -0.047387 -0.042235 0.000000
-0.332644 0.075745 0.046522 0.000000
-0.439152 -0.001685 -0.040163 0.000000
0.104244 -0.084096 0.096735 1.000000
0.099630 -0.014507 0.028771 1.000000
-0.172304 -0.068416 0.050980 0.000000
-0.695956 0.151103 -0.008934 2.000000
0.844820 0.042182 -0.028600 0.000000
0.546272 0.017535 0.064509 0.000000
-0.072194 -0.018256 0.561469 1.000000
0.133113 -0.035195 0.302304 1.000000
0.438820 0.018295 0.019017 0.000000
0.629732 0.006234 0.083283 0.000000
-0.848508 0.072283 -0.167464 2.000000
0.132825 -0.085355 0.301413 1.000000
0.081249 0.014388 0.041173 0.000000
0.850169 0.015096 -0.018531 0.000000
-0.022899 -0.010967 0.516422 1.000000
0.046769 -0.071143 -0.169746 1.000000
-0.542985 -0.076309 0.018597 0.000000
0.701314 -0.027512 0.004805 0.000000
0.063602 -0.049642 0.385109 1.000000
-0.248921 -0.049197 -0.084502 0.000000
-0.055596 0.000124 0.084385 0.000000
0.172864 -0.094270 -0.081592 1.000000
-0.106229 0.003035 -0.673732 1.000000
-0.435088 0.048449 -0.068167 0.000000
-0.202065 -0.086325 -0.046561 0.000000
-0.612286 0.102673 -0.000780 2.000000
-0.885977 0.076531 -0.243924 2.000000
-0.507955 -0.023291 0.077489 0.000000
-0.768221 0.074276 0.152139 2.000000
-0.091597 -0.068416 -0.020550 0.000000
0.977470 -0.068416 -0.019082 0.000000
0.386955 -0.068416 0.055752 0.000000
0.654877 0.090848 -0.024457 0.000000
-0.838361 0.112401 -0.003454 2.000000
0.703858 -0.058400 -0.080989 0.000000
-0.159456 0.092919 0.002235 0.000000
0.624829 0.094283 -0.005001 0.000000
-0.100067 0.034552 -0.054952 0.000000
0.076608 -0.061756 -0.308322 1.000000
-0.701489 0.035994 -0.075063 2.000000
0.091318 -0.027198 -0.383444 1.000000
0.808268 -0.068416 -0.020655 0.000000
-0.159037 0.017718 -0.026555 1.000000
0.644599 -0.034094 -0.038406 0.000000
-0.116140 -0.068416 0.073713 0.000000
0.608362 0.092211 -0.019397 0.000000
0.884177 0.003402 0.043061 0.000000
-0.341506 0.082169 0.037083 0.000000
-0.724694 0.070789 -0.138963 2.000000
0.115939 0.036020 -0.091346 0.000000
0.103091 -0.029977 -0.356751 1.000000
0.462890 0.092867 0.001501 0.000000
-0.613545 0.088986 0.008948 2.000000
-0.668477 0.088357 -0.016722 2.000000
0.197616 -0.050272 -0.185137 1.000000
-0.353751 0.095462 -0.008122 0.000000
0.667201 0.045434 -0.038695 0.000000
0.124356 0.058308 0.062805 0.000000
0.487983 -0.068416 -0.074381 0.000000
0.944432 -0.068416 -0.008436 0.000000
0.211539 -0.045316 0.267247 1.000000
-0.007429 0.011950 -0.031038 0.000000
0.438820 0.025244 -0.002432 0.000000
-0.608275 -0.008266 -0.084738 0.000000
-0.495814 -0.022609 0.078197 0.000000
0.642973 -0.004962 -0.015726 0.000000
0.202650 -0.093378 0.063592 1.000000
0.070944 0.081933 -0.049891 0.000000
0.738416 -0.068757 -0.073778 0.000000
-0.372525 0.013077 0.033123 0.000000
0.796416 0.003140 -0.046299 0.000000
-0.022506 0.011111 -0.034159 0.000000
0.027339 -0.056250 0.292970 1.000000
0.291224 -0.082104 0.339538 3.000000
0.045510 -0.012986 0.506799 1.000000
0.085130 -0.072638 0.185465 1.000000
-0.548020 -0.050429 0.058269 0.000000
0.047215 -0.088816 0.076964 1.000000
0.573987 -0.093588 0.027722 0.000000
0.255642 -0.113044 -0.007099 0.000000
0.063393 -0.018414 -0.523252 1.000000
-0.250494 0.072388 0.050455 0.000000
-0.078487 0.002406 -0.737055 1.000000
-0.025784 0.031825 0.046076 0.000000
-0.647160 0.113161 -0.015149 2.000000
-0.836971 0.205222 -0.013261 2.000000
0.046900 -0.046575 0.214491 1.000000
0.292849 0.001042 -0.098740 0.000000
-0.489967 -0.050875 -0.044988 0.000000
-0.372237 0.095436 -0.008541 0.000000
0.206951 -0.054887 -0.271455 1.000000
0.070000 -0.061075 0.079586 1.000000
0.290385 -0.059292 0.323359 3.000000
0.643157 0.056971 -0.022648 0.000000
-0.024656 0.006286 -0.097744 0.000000
-0.817935 0.327017 -0.011399 2.000000
0.385723 0.010613 -0.095856 0.000000
0.796547 -0.081369 -0.056866 0.000000
0.391701 0.011635 -0.010534 0.000000
-0.697399 -0.049800 -0.029465 0.000000
-0.402286 -0.068416 0.003153 0.000000
0.188098 -0.144482 0.269974 3.000000
0.092104 -0.102162 0.286703 1.000000
0.520156 -0.068416 -0.002510 0.000000
-0.587429 0.022202 -0.088068 0.000000
-0.133314 -0.101192 -0.045093 0.000000
0.329008 -0.074316 0.245327 3.000000
-0.491567 0.008462 0.082339 0.000000
0.007385 -0.031786 0.365417 1.000000
0.702494 -0.022557 -0.022228 0.000000
0.701314 0.028180 0.061468 0.000000
-0.483569 0.043677 -0.013707 2.000000
-0.047022 0.027813 -0.022464 1.000000
0.133926 -0.089576 0.064431 1.000000
-0.408316 0.005316 0.084070 0.000000
0.100993 -0.025782 0.393500 1.000000
-0.792606 0.166783 -0.008069 2.000000
0.431373 0.004162 0.083651 0.000000
0.869179 0.034762 -0.003350 0.000000
-0.351968 -0.086692 0.019489 0.000000
-0.910153 0.062477 -0.020681 2.000000
0.842355 0.048187 -0.036912 0.000000
0.017795 -0.019410 0.439700 1.000000
-0.580402 -0.068416 -0.001016 0.000000
-0.021798 -0.001895 0.586300 1.000000
-0.695196 0.060956 -0.067590 2.000000
-0.259986 -0.005854 0.083834 0.000000
-0.696088 0.060327 0.047440 2.000000
-0.619707 0.066698 0.049537 0.000000
-0.161895 0.052120 0.799788 1.000000
-0.568446 -0.068416 0.020328 0.000000
0.243791 -0.025388 0.086273 0.000000
0.193159 -0.031576 0.089445 0.000000
0.328116 -0.093772 -0.059776 0.000000
-0.064931 0.062975 -0.074355 0.000000
0.309395 -0.000898 0.084594 0.000000
0.255826 -0.058715 -0.112925 1.000000
-0.916603 0.375158 -0.007781 2.000000
-0.330913 -0.068416 0.045001 0.000000
0.750635 0.078708 0.028666 0.000000
0.058857 0.016407 -0.083427 0.000000
0.029830 0.010613 -0.094387 0.000000
0.822637 0.054480 0.029059 0.000000
0.476866 -0.086142 -0.053090 0.000000
0.218278 -0.016159 0.084437 0.000000
-0.686989 0.172027 -0.013576 2.000000
-0.607252 0.125983 -0.000229 2.000000
0.146093 -0.081055 -0.096878 1.000000
0.659440 0.046142 -0.030802 0.000000
-0.065193 -0.110605 0.010259 0.000000
0.111586 -0.033936 -0.047243 1.000000
0.298172 -0.068076 0.330544 3.000000
0.694575 0.089484 0.007506 0.000000
0.060115 -0.054860 0.338148 1.000000
-0.046419 -0.024287 0.433932 1.000000
0.595881 0.049812 0.068259 0.000000
-0.585489 0.075142 0.002262 2.000000
0.289100 0.033084 -0.079258 1.000000
0.197092 -0.106594 -0.323189 3.000000
-0.808862 0.279531 -0.001934 2.000000
0.112425 0.038039 0.075575 0.000000
-0.830940 0.270066 -0.013576 2.000000
0.179734 0.016171 -0.061769 3.000000
-0.071984 -0.002655 0.596473 1.000000
0.447420 0.086705 0.028771 0.000000
0.061374 -0.103264 0.050455 1.000000
0.939135 -0.035090 0.034644 0.000000
0.075008 -0.022294 0.416233 1.000000
-0.738617 0.074014 0.019017 2.000000
0.065385 -0.035955 0.460729 1.000000
-0.686307 0.054086 -0.063133 2.000000
0.237996 -0.150434 -0.274628 3.000000
0.395765 0.022674 -0.076846 0.000000
-0.444134 -0.047466 -0.082457 0.000000
0.209992 -0.091464 -0.093024 1.000000
-0.724091 0.097560 0.000033 2.000000
0.119347 -0.060917 -0.103434 1.000000
0.166466 -0.090075 0.076151 1.000000
0.449360 -0.078983 0.048698 0.000000
-0.878872 0.249928 -0.011871 2.000000
0.703753 -0.001921 -0.098347 0.000000
0.304570 -0.158065 0.283294 3.000000
0.415090 0.028207 0.066214 0.000000
0.069187 -0.025493 -0.102096 1.000000
0.713638 -0.093772 -0.038774 0.000000
0.892226 -0.079193 0.029557 0.000000
0.645595 -0.039783 0.078302 0.000000
-0.067710 0.012264 -0.044437 1.000000
-0.887708 0.056944 -0.026476 2.000000
-0.796801 0.068744 -0.015044 2.000000
0.180127 0.021048 0.049354 0.000000
-0.676107 0.062425 -0.076531 2.000000
0.337293 0.034552 -0.062162 1.000000
-0.836656 0.050127 -0.042707 2.000000
0.128997 -0.031944 -0.358744 1.000000
-0.490177 0.008043 0.024969 0.000000
0.201497 -0.141887 -0.275074 3.000000
-0.397618 0.011845 -0.022019 0.000000
0.128079 -0.065585 0.271521 1.000000
-0.385871 -0.058793 0.061284 0.000000
-0.110555 -0.068416 -0.030462 0.000000
0.173624 -0.074762 0.084306 1.000000
-0.907373 0.226487 -0.007125 2.000000
0.816449 0.004162 -0.013549 0.000000
0.060640 -0.052186 0.362009 1.000000
0.030774 -0.023605 -0.423692 1.000000
-0.187591 0.034552 0.056276 0.000000
0.651888 -0.099698 -0.012999 0.000000
0.200159 0.091792 -0.020812 0.000000
0.025714 -0.072061 -0.113712 1.000000
-0.837915 0.302474 -0.012579 2.000000
-0.359258 0.092867 0.006457 0.000000
0.015435 0.017115 0.029269 3.000000
-0.741738 0.059330 -0.188284 2.000000
-0.245224 0.019606 -0.074670 1.000000
0.063970 0.034106 0.027958 0.000000
0.213899 -0.130035 -0.260102 3.000000
0.236868 -0.093536 -0.249771 3.000000
0.332390 0.037882 0.075706 0.000000
0.015330 -0.114066 -0.007047 0.000000
0.304780 0.011242 -0.064024 1.000000
-0.098048 -0.011937 0.569361 1.000000
-0.066085 0.001881 0.711739 1.000000
-0.582238 -0.005828 0.074447 0.000000
-0.440882 -0.023343 -0.014231 0.000000
0.121366 0.010613 0.039233 1.000000
-0.413220 0.081985 0.037843 0.000000
0.020679 -0.028220 -0.539299 1.000000
0.921725 -0.068416 0.018571 0.000000
-0.189007 -0.024943 -0.095095 0.000000
-0.668713 -0.049983 0.028876 0.000000
0.197092 -0.140130 0.299708 3.000000
-0.813451 0.056682 -0.167595 2.000000
0.227717 -0.146764 -0.338580 3.000000
0.189147 0.025322 0.079717 0.000000
-0.221285 0.025716 -0.013025 1.000000
-0.870481 0.368708 -0.011111 2.000000
0.831106 0.059750 0.002996 0.000000
0.021361 -0.070960 0.099147 1.000000
-0.815942 0.022569 0.026280 2.000000
0.230444 -0.048462 -0.293481 3.000000
-0.139004 -0.101218 0.021691 0.000000
0.668276 -0.068416 -0.066567 0.000000
0.959168 -0.030344 0.024549 0.000000
0.297936 -0.082576 0.073634 1.000000
0.213847 0.034552 -0.062949 3.000000
-0.522953 0.071576 -0.016565 2.000000
-0.885086 0.351690 -0.002432 2.000000
0.557363 0.024693 0.079849 0.000000
-0.070778 -0.003940 -0.605978 1.000000
-0.013303 -0.111995 0.008109 0.000000
-0.735628 0.149241 -0.012369 2.000000
0.127292 -0.042694 -0.399386 1.000000
-0.433042 0.020812 -0.031615 2.000000
0.375811 0.011688 -0.038197 0.000000
0.099839 -0.047991 -0.199663 1.000000
0.336585 -0.066450 -0.326073 3.000000
0.154457 -0.076020 0.083886 1.000000
-0.776926 0.080228 -0.249168 2.000000
0.701314 0.004424 0.078092 0.000000
0.098528 -0.078800 0.139396 1.000000
0.678056 -0.061258 0.064798 0.000000
0.701314 0.006365 -0.005657 0.000000
0.549182 -0.068416 0.030082 0.000000
0.028729 -0.013589 -0.589171 1.000000
-0.792370 0.069766 0.237408 2.000000
-0.325066 -0.073293 -0.061350 0.000000
0.279870 -0.068416 -0.064365 0.000000
0.131094 -0.083808 -0.131149 1.000000
-0.780046 0.186029 0.000610 2.000000
-0.454884 -0.067132 -0.061953 0.000000
0.786872 0.012369 0.015949 0.000000
-0.737516 0.053536 -0.170008 2.000000
-0.066688 0.017509 0.081160 0.000000
-0.119129 0.083768 -0.047453 0.000000
0.549025 -0.093955 -0.040688 0.000000
-0.092961 0.018951 0.787097 1.000000
0.199347 0.027813 0.047990 3.000000
0.308084 0.072336 0.048987 0.000000
-0.789774 0.021284 0.032651 2.000000
-0.178230 0.020524 -0.089143 0.000000
0.540687 -0.068416 0.024811 0.000000
-0.933174 0.034972 -0.003507 2.000000
0.075664 -0.083913 -0.075378 1.000000
0.362727 -0.003075 -0.099501 0.000000
-0.880550 0.084502 0.244750 2.000000
0.223732 -0.058741 0.254661 3.000000
0.841699 0.026764 0.030737 0.000000
-0.816965 0.113529 -0.002642 2.000000
-0.313267 -0.044634 0.071720 0.000000
0.168301 -0.075811 0.191942 1.000000
0.232149 -0.051032 0.192256 1.000000
-0.551586 -0.030292 -0.085840 0.000000
-0.151748 0.034500 0.018807 1.000000
-0.032155 -0.020957 -0.593313 1.000000
-0.841061 0.006260 -0.028679 2.000000
-0.764183 0.078786 0.184259 2.000000
0.346864 0.085761 -0.044621 0.000000
0.793558 -0.088816 0.031576 0.000000
0.115598 -0.068416 -0.028941 1.000000
0.103536 -0.074159 0.181349 1.000000
0.299404 -0.056460 -0.336745 3.000000
-0.643594 0.092473 -0.015883 2.000000
0.305802 -0.074290 -0.089222 1.000000
0.239176 -0.092146 0.061153 1.000000
-0.269557 0.011111 -0.038118 1.000000
0.773683 0.005237 -0.090874 0.000000
-0.361408 -0.056171 -0.078052 0.000000
-0.889465 0.070527 0.181322 2.000000
-0.778315 0.077475 -0.259604 2.000000
-0.459656 0.069373 0.056879 0.000000
-0.886607 0.040058 -0.030986 2.000000
-0.601248 -0.046181 -0.066935 0.000000
0.303049 -0.110107 0.301596 3.000000
0.089351 -0.058138 -0.348256 1.000000
-0.256237 -0.068416 0.012121 0.000000
-0.147106 0.072074 0.049826 0.000000
-0.736861 0.096406 -0.016643 2.000000
-0.001818 0.063185 -0.074250 0.000000
0.786872 0.022858 -0.000885 0.000000
0.799405 0.043021 0.009551 0.000000
-0.207807 -0.081946 -0.052906 0.000000
0.590794 0.031222 0.051924 0.000000
0.107365 0.014231 0.066660 1.000000
0.632669 -0.060183 0.065742 0.000000
-0.762819 0.134977 0.001134 2.000000
0.026133 -0.018230 -0.462551 1.000000
-0.494608 0.035522 -0.061428 0.000000
-0.017078 -0.080897 0.082313 1.000000
-0.554968 -0.029977 0.071012 0.000000
0.568795 0.030960 -0.067564 0.000000
-0.408395 -0.090311 -0.005316 0.000000
0.050073 -0.049538 0.092487 1.000000
-0.202170 -0.090730 -0.031406 0.000000
-0.331700 0.024142 0.037660 1.000000
-0.698028 0.205248 -0.011793 2.000000
-0.561890 0.088645 -0.032559 2.000000
0.511765 -0.068416 0.014349 0.000000
-0.156756 0.011897 -0.781578 1.000000
0.034471 -0.068416 -0.084633 1.000000
0.152307 -0.068416 -0.060301 1.000000
0.669377 -0.046627 0.053995 0.000000
0.153618 -0.077253 0.186540 1.000000
-0.049985 -0.006169 -0.580885 1.000000
-0.926724 0.096092 0.348269 2.000000
-0.322470 -0.068416 -0.024510 0.000000
0.122887 -0.068888 -0.266736 1.000000
0.589352 -0.076151 0.052474 0.000000
0.134005 -0.026962 0.030187 1.000000
-0.000743 -0.068207 0.094349 1.000000
0.702835 0.036728 0.018335 0.000000
0.050073 -0.042799 -0.265241 1.000000
0.097479 -0.068416 -0.117986 1.000000
0.116988 -0.035745 0.012619 1.000000
0.120947 0.091739 0.006483 0.000000
0.590716 0.032585 0.078380 0.000000
0.652019 -0.025257 -0.033084 0.000000
0.134555 0.073726 -0.061454 0.000000
-0.732010 0.226854 -0.001750 2.000000
0.916218 -0.009210 -0.049839 0.000000
0.169298 -0.128252 -0.288158 3.000000
0.132694 0.067695 -0.069976 0.000000
0.082167 -0.050560 -0.183223 1.000000
0.275832 -0.091491 0.054808 1.000000
0.069371 -0.018047 0.464557 1.000000
0.455994 -0.068416 0.033123 0.000000
0.667254 -0.051557 0.012121 0.000000
-0.810200 0.067302 0.105571 2.000000
0.122861 -0.044818 -0.219958 1.000000
-0.288934 0.063264 -0.074984 0.000000
0.851296 -0.060236 0.054362 0.000000
0.189383 0.013051 0.081999 0.000000
0.356749 0.091005 -0.024824 0.000000
0.829717 0.042864 -0.004792 0.000000
0.272345 -0.135331 -0.353657 3.000000
0.018503 -0.047859 0.367227 1.000000
0.761569 -0.037660 -0.090717 0.000000
-0.289878 -0.023684 -0.094755 0.000000
0.905337 -0.075155 0.031419 0.000000
0.056969 -0.048410 -0.410294 1.000000
0.698587 0.044096 0.070619 0.000000
-0.710011 0.215186 -0.002065 2.000000
0.344897 0.089904 0.015346 0.000000
0.546219 0.026528 -0.032009 0.000000
0.024822 -0.041619 0.279702 1.000000
0.546219 0.021258 0.054860 0.000000
-0.361565 -0.078852 -0.051753 0.000000
0.857327 0.010534 -0.002563 0.000000
0.191559 -0.060078 -0.323556 3.000000
0.858612 0.027944 0.036611 0.000000
-0.113177 0.015306 -0.043441 1.000000
0.011030 -0.049511 -0.322717 1.000000
-0.352597 0.013575 -0.092500 0.000000
-0.490177 -0.031340 0.055149 0.000000
-0.669028 0.070658 0.003809 2.000000
-0.263710 -0.089944 -0.026057 0.000000
-0.579353 -0.054782 0.047623 0.000000
0.895452 0.007938 -0.045093 0.000000
0.557127 0.005264 -0.097954 0.000000
-0.271418 0.010665 -0.088304 1.000000
-0.805690 -0.016657 0.000295 2.000000
0.475345 -0.031550 0.079875 0.000000
-0.918019 0.049236 -0.019265 2.000000
-0.839200 0.077685 -0.288499 2.000000
-0.594247 0.060877 0.056565 0.000000
-0.468833 -0.068416 0.017548 0.000000
0.798094 0.004503 -0.000701 0.000000
-0.330257 0.031091 -0.080779 1.000000
0.569608 0.015726 0.070619 0.000000
0.414906 0.026502 0.042641 0.000000
0.362334 -0.096551 -0.042287 0.000000
0.552276 -0.068416 0.058688 0.000000
0.004423 -0.064955 0.131818 1.000000
-0.673171 0.060642 0.046260 2.000000
-0.874230 0.132040 -0.007387 2.000000
-0.449692 0.046902 0.014743 2.000000
-0.448906 -0.062700 -0.023015 0.000000
0.001486 -0.035352 0.469513 1.000000
-0.075550 -0.015923 -0.528942 1.000000
0.184270 -0.068416 0.093169 1.000000
0.270300 -0.159585 0.301282 3.000000
0.565649 0.080202 0.038000 0.000000
-0.294073 0.020131 -0.095384 0.000000
0.069450 -0.038682 0.444263 1.000000
0.035730 -0.034670 0.479320 1.000000
-0.264365 0.018190 0.032075 1.000000
-0.170967 0.010901 0.082549 0.000000
0.017611 0.012946 -0.025480 0.000000
0.821562 0.023094 0.056932 0.000000
-0.765966 0.044123 -0.105164 2.000000
0.463336 0.012186 -0.079442 0.000000
0.258081 0.010613 -0.082772 1.000000
0.658706 -0.068416 0.041409 0.000000
0.085497 -0.067787 0.228624 1.000000
0.288785 -0.087243 0.078249 1.000000
0.409138 -0.100720 -0.005080 0.000000
-0.239875 -0.089393 0.019253 0.000000
0.186787 -0.059161 0.298633 3.000000
0.640745 -0.077672 -0.064758 0.000000
0.101858 -0.029295 -0.063604 1.000000
0.195073 -0.055673 -0.311494 3.000000
0.589273 0.023618 -0.073699 0.000000
0.024219 -0.062412 0.093614 1.000000
-0.755687 0.053431 0.150854 2.000000
-0.757365 0.002091 -0.054139 2.000000
0.664343 -0.050639 0.071720 0.000000
0.625641 0.068953 0.053838 0.000000
0.117643 -0.085591 0.090599 1.000000
-0.439152 -0.007873 0.020223 0.000000
0.785876 0.021127 -0.026083 0.000000
-0.072168 -0.019725 -0.520158 1.000000
0.018031 -0.016159 0.574396 1.000000
-0.523818 -0.068416 -0.049550 0.000000
0.092655 -0.060026 -0.333624 1.000000
0.692216 -0.046339 0.028325 0.000000
-0.471901 -0.060104 -0.043388 0.000000
-0.825119 0.068534 -0.236634 2.000000
-0.440882 -0.019069 0.010023 0.000000
0.424241 -0.072271 -0.072651 0.000000
0.086886 -0.062491 -0.301347 1.000000
-0.074292 0.034867 0.077541 0.000000
0.224571 -0.043900 -0.303759 3.000000
0.275334 -0.057902 -0.146147 1.000000
0.239333 -0.003101 -0.099501 0.000000
-0.773701 0.057705 0.034513 2.000000
-0.800996 0.014047 -0.043126 2.000000
-0.481000 -0.049092 0.065375 0.000000
0.844217 0.005604 -0.026896 0.000000
0.382812 0.082719 0.034408 0.000000
0.796338 0.003140 -0.078104 0.000000
-0.257731 0.024588 -0.094519 0.000000
0.253938 -0.077043 -0.163243 1.000000
0.701550 -0.052133 -0.044175 0.000000
-0.803304 0.063290 0.197133 2.000000
0.106054 0.025165 0.017417 1.000000
0.768413 0.047793 0.057535 0.000000
-0.031159 -0.001842 0.581895 1.000000
-0.051611 -0.112257 -0.016250 0.000000
-0.001949 -0.013196 -0.625145 1.000000
-0.069467 -0.112179 -0.002458 0.000000
-0.180800 0.094073 -0.002878 0.000000
-0.119785 -0.102844 -0.046876 0.000000
0.522306 0.023644 -0.094545 0.000000
-0.482442 0.044254 0.034801 2.000000
0.134031 -0.010469 0.018833 1.000000
0.273839 -0.076938 0.080320 1.000000
0.723130 -0.068416 0.059292 0.000000
0.827829 -0.085722 0.032704 0.000000
0.242296 0.025375 -0.068246 3.000000
-0.433042 0.020340 -0.013418 2.000000
0.059958 -0.069046 0.199310 1.000000
0.147272 -0.068416 -0.087937 1.000000
0.184951 -0.108980 -0.044726 0.000000
-0.088398 -0.001921 0.699520 1.000000
-0.866810 0.075351 0.252328 2.000000
0.610407 0.012553 -0.057757 0.000000
-0.024866 0.002117 -0.693870 1.000000
0.029096 -0.053759 -0.105741 1.000000
0.012472 0.092395 -0.017823 0.000000
-0.806791 0.037253 -0.042916 2.000000
0.469891 0.010613 0.064405 0.000000
0.143811 -0.077620 0.284736 1.000000
-0.378713 0.032821 0.078669 0.000000
0.302551 -0.150015 -0.275729 3.000000
-0.092987 0.016198 -0.742325 1.000000
0.592603 0.033031 0.032075 0.000000
0.684900 -0.045316 -0.021153 0.000000
0.140665 -0.033674 0.328761 1.000000
0.064415 0.007912 -0.097455 0.000000
0.654196 0.072493 -0.054873 0.000000
-0.393869 0.023592 -0.046823 0.000000
0.518478 -0.074919 0.054336 0.000000
0.296520 0.010613 0.051661 1.000000
0.196987 -0.086325 -0.131516 1.000000
0.559198 -0.085224 0.039731 0.000000
0.138174 -0.073896 0.210663 1.000000
0.644730 -0.042274 -0.051910 3.000000
0.231834 -0.052186 0.162365 1.000000
-0.092620 -0.005198 -0.611747 1.000000
-0.460050 -0.064824 0.054310 0.000000
-0.887839 0.102699 0.365129 2.000000
0.790753 -0.017417 0.078275 0.000000
0.152359 -0.111340 -0.027551 0.000000
-0.893109 0.334673 -0.002825 2.000000
-0.098048 0.005237 -0.757848 1.000000
-0.664990 0.100628 0.001344 2.000000
-0.135858 0.000360 0.669026 1.000000
0.245810 -0.063067 -0.347102 3.000000
-0.482966 0.069924 -0.050652 0.000000
-0.550983 -0.068416 0.030213 0.000000
-0.861802 0.091005 0.344782 2.000000
0.042495 -0.049878 0.187196 1.000000
0.125850 -0.034330 0.389226 1.000000
0.255511 -0.068416 0.085171 1.000000
-0.383040 -0.085224 -0.038066 0.000000
0.176640 -0.048122 -0.198221 1.000000
0.109357 -0.059003 0.086037 1.000000
-0.790980 0.053378 0.000505 2.000000
0.294554 0.093994 -0.003979 0.000000
0.307061 -0.091255 0.056774 1.000000
0.745732 -0.068416 0.042222 0.000000
-0.026282 -0.024497 0.424440 1.000000
0.110249 -0.011177 0.083677 0.000000
0.149816 -0.099566 -0.071864 1.000000
-0.767827 0.077475 0.001344 2.000000
-0.076049 0.006679 -0.676957 1.000000
-0.435088 0.013392 -0.037541 2.000000
-0.648628 0.072126 -0.053011 2.000000
0.805803 -0.068416 0.055437 0.000000
0.084579 0.070684 -0.065728 0.000000
0.430481 0.034552 0.045237 0.000000
0.304570 -0.115325 0.264022 3.000000
-0.139555 0.007728 0.705709 1.000000
0.076818 -0.052107 -0.387429 1.000000
-0.290035 0.073018 0.049983 0.000000
0.247829 -0.011937 0.083546 0.000000
-0.851838 0.053195 -0.095515 2.000000
0.034602 -0.060340 0.248578 1.000000
0.120973 -0.070226 0.233082 1.000000
-0.333011 -0.028509 0.079062 0.000000
-0.812507 0.175488 -0.007912 2.000000
-0.304063 0.046037 0.071930 0.000000
-0.746353 0.109622 0.002000 2.000000
0.519055 0.010613 0.042589 0.000000
-0.106805 -0.039259 0.083415 0.000000
0.133638 -0.028928 0.084935 1.000000
0.251368 0.075089 0.045080 0.000000
-0.814133 0.090664 -0.293087 2.000000
0.249087 -0.057613 0.088318 1.000000
0.332888 -0.061048 0.311062 3.000000
0.039217 0.025794 -0.067039 0.000000
0.244787 0.012815 -0.096511 3.000000
-0.013722 -0.014900 -0.504373 1.000000
0.083399 0.078209 0.040649 0.000000
-0.307760 0.020524 -0.061114 1.000000
-0.525732 0.032559 0.077200 0.000000
0.498760 -0.028849 -0.094859 0.000000
0.069161 -0.056407 0.290112 1.000000
-0.093197 -0.009813 0.625709 1.000000
0.190668 -0.061468 0.088632 1.000000
0.177007 0.032900 -0.049131 1.000000
