-0.328760 -0.024775 0.065851 0.000000
-0.285555 0.052732 0.069071 0.000000
-0.795580 0.271898 -0.022994 2.000000
-0.222581 0.005678 0.716095 1.000000
-0.270708 0.007249 0.716174 1.000000
-0.582332 0.104918 -0.040459 0.000000
-0.040178 -0.043549 0.396589 1.000000
-0.871568 0.310808 -0.020088 2.000000
0.788332 0.109108 -0.046456 0.000000
-0.815507 0.142022 -0.021371 2.000000
-0.331666 -0.074788 -0.006184 0.000000
-0.004200 -0.121946 -0.071541 0.000000
0.089069 -0.023911 -0.430585 1.000000
0.154557 -0.011054 0.040635 0.000000
0.100800 -0.019538 0.241000 1.000000
0.157516 -0.038339 -0.298379 1.000000
-0.246749 0.009213 0.753932 1.000000
0.081842 -0.045592 0.074989 1.000000
0.061418 0.104787 0.016309 0.000000
-0.812548 0.073496 0.071402 2.000000
-0.037638 -0.024225 -0.423437 1.000000
0.632978 -0.061617 -0.080077 0.000000
-0.687281 0.093030 0.021127 0.000000
0.457593 -0.012259 -0.094740 0.000000
-0.103336 -0.022183 0.414159 1.000000
0.415147 0.004709 -0.107440 0.000000
0.359479 -0.019433 0.125656 1.000000
-0.357406 0.078838 -0.081412 0.000000
0.297238 -0.106393 0.345686 3.000000
-0.146017 0.009579 -0.704137 1.000000
-0.055994 -0.034018 -0.335587 1.000000
0.085482 -0.127262 0.129846 3.000000
0.038219 -0.051090 -0.130901 1.000000
0.128399 -0.039307 0.271767 1.000000
0.820513 -0.041297 -0.067168 0.000000
-0.797518 0.072449 0.057890 2.000000
0.136464 -0.002204 -0.107283 0.000000
0.721142 -0.058893 -0.072588 0.000000
0.219417 -0.035720 0.261215 1.000000
0.070086 -0.023806 -0.270335 1.000000
0.450314 -0.045513 0.065432 0.000000
-0.361779 0.090595 -0.070965 0.000000
-0.155312 0.006673 0.644506 1.000000
0.034265 -0.044256 0.238748 1.000000
0.011196 -0.063947 -0.599267 3.000000
0.403967 -0.042266 0.100807 1.000000
-0.108180 0.007773 0.677604 1.000000
0.531067 -0.091153 -0.008540 0.000000
0.576943 0.129244 -0.030273 0.000000
-0.082781 0.005233 0.609340 1.000000
-0.175920 0.110233 -0.011342 0.000000
0.045262 -0.019852 -0.324642 1.000000
0.260920 -0.122339 0.304472 3.000000
-0.250284 0.011753 -0.812227 1.000000
0.544448 -0.083586 0.024479 0.000000
0.012427 -0.078611 0.605857 3.000000
0.005802 0.108453 -0.030300 0.000000
0.231698 -0.096914 -0.070205 0.000000
0.138585 -0.025351 -0.182459 1.000000
-0.051699 -0.047137 0.230212 1.000000
-0.344889 0.018718 0.075591 0.000000
-0.679818 0.066610 0.096801 2.000000
-0.719043 0.057759 -0.072797 2.000000
-0.092809 -0.076594 0.588000 3.000000
0.062832 -0.004456 0.421543 1.000000
0.428057 -0.073845 0.069778 0.000000
-0.238449 0.049982 0.070302 0.000000
0.122612 -0.052216 -0.207099 1.000000
0.852694 -0.026320 -0.068634 0.000000
0.119967 -0.008645 0.405361 1.000000
-0.593461 0.104028 -0.034594 2.000000
-0.038738 -0.015767 0.398475 1.000000
-0.902047 0.095832 -0.314273 2.000000
0.120648 -0.032080 0.124583 1.000000
-0.752559 0.057419 -0.046246 2.000000
0.299673 -0.013123 -0.106654 0.000000
-0.365968 0.029323 0.073680 0.000000
-0.381443 0.041630 0.071349 0.000000
0.765132 0.116230 0.018142 0.000000
0.165922 0.062996 0.063860 0.000000
0.065844 -0.053238 -0.191152 1.000000
-0.007578 -0.134646 0.050480 0.000000
-0.409042 -0.056799 0.016361 0.000000
0.019523 -0.036925 -0.233362 1.000000
0.270137 -0.006943 -0.065780 0.000000
0.102293 -0.112991 -0.157086 3.000000
0.632533 0.090385 0.045636 0.000000
-0.001608 -0.009771 0.543800 1.000000
-0.868322 0.048909 -0.027760 0.000000
0.438609 0.118770 -0.024801 0.000000
-0.480238 0.075958 -0.082617 0.000000
0.291818 -0.031635 -0.249204 1.000000
0.435650 0.088631 0.045531 0.000000
-0.136355 0.006621 0.636913 1.000000
0.257935 -0.073871 0.080488 1.000000
0.255971 -0.066016 -0.370334 3.000000
-0.823389 0.075827 0.182660 2.000000
-0.226482 0.007354 -0.764204 1.000000
-0.011689 -0.027760 0.298685 1.000000
0.373959 0.073758 -0.085576 0.000000
-0.035805 -0.060910 0.566973 3.000000
0.676418 0.071454 0.056686 0.000000
0.340495 -0.044335 -0.188220 1.000000
0.940831 -0.034018 -0.036951 0.000000
-0.242743 0.004735 -0.726577 1.000000
0.295824 0.045164 0.072187 0.000000
0.515487 -0.038941 0.019765 0.000000
0.322454 0.107510 -0.034489 0.000000
0.147383 -0.045984 -0.249858 1.000000
-0.750098 0.276663 -0.006629 2.000000
0.685819 0.078576 -0.080077 0.000000
0.181371 -0.081517 -0.098746 0.000000
-0.098675 0.007170 -0.666326 1.000000
0.001220 -0.043968 0.239193 1.000000
-0.088934 -0.019302 -0.446505 1.000000
0.529810 0.069097 0.060483 0.000000
-0.122765 0.000939 -0.609767 1.000000
0.018423 -0.040669 -0.632364 3.000000
-0.592047 -0.002465 -0.059496 0.000000
0.032249 -0.011054 -0.072955 0.000000
-0.759367 0.162367 -0.002884 2.000000
0.403417 -0.099166 -0.017260 0.000000
-0.020147 0.109998 -0.019459 0.000000
0.570946 0.022489 0.077686 0.000000
0.118475 0.108479 -0.030090 0.000000
0.228922 -0.011080 0.242362 1.000000
-0.139968 -0.006943 -0.614559 1.000000
0.730071 -0.028938 0.059723 0.000000
-0.048583 -0.094531 0.571346 3.000000
0.666782 -0.079658 -0.054887 0.000000
0.653559 0.062001 -0.090106 0.000000
0.287288 -0.124539 -0.341505 3.000000
0.196060 -0.055778 0.148411 1.000000
0.324365 0.033905 -0.104324 0.000000
0.481918 -0.088561 0.044484 0.000000
-0.338055 -0.072300 0.003060 0.000000
-0.850254 0.199707 -0.019040 2.000000
0.176631 -0.096809 0.040687 0.000000
0.119915 -0.008776 0.323534 1.000000
-0.734989 0.067160 -0.146691 2.000000
-0.579138 0.011543 0.041970 0.000000
0.147383 -0.080601 -0.098537 0.000000
-0.181471 0.008977 0.738588 1.000000
0.143193 -0.011054 -0.095133 0.000000
0.565552 -0.019931 0.075382 0.000000
0.610616 0.002719 0.077005 0.000000
0.287183 -0.067063 -0.319902 3.000000
-0.031773 -0.038574 -0.618068 1.000000
0.113762 -0.111053 0.126992 1.000000
-0.226351 0.017094 -0.810682 1.000000
0.454241 0.064096 -0.092017 0.000000
0.980213 0.017513 -0.001497 0.000000
0.301139 -0.084816 -0.093798 0.000000
0.592549 0.006804 0.078105 0.000000
0.216353 -0.060622 -0.158788 1.000000
-0.728652 0.062682 0.083997 2.000000
-0.363166 -0.036689 0.052156 0.000000
0.027431 -0.036663 0.594520 3.000000
0.507475 0.079781 0.053701 0.000000
-0.866489 0.081168 0.155664 2.000000
-0.206844 0.087348 0.046212 0.000000
-0.777434 0.122881 -0.025927 2.000000
-0.438997 0.097848 -0.061512 0.000000
0.193101 -0.011787 -0.265831 1.000000
0.008159 -0.023858 0.396275 1.000000
0.119575 0.042049 -0.101862 0.000000
0.287968 0.009606 0.078655 0.000000
0.682362 -0.090446 -0.010530 0.000000
0.065948 -0.021711 -0.290471 1.000000
0.912421 -0.005948 0.032282 0.000000
0.831039 -0.020952 -0.074552 0.000000
0.563222 0.119843 0.021965 0.000000
-0.582149 0.142755 -0.024591 2.000000
-0.880733 0.072685 0.089548 2.000000
-0.264398 -0.000161 -0.105633 0.000000
0.040942 -0.004194 0.078498 0.000000
-0.111662 -0.004272 0.614263 1.000000
0.196401 -0.065702 -0.137343 1.000000
-0.607548 -0.014275 -0.024749 0.000000
0.155264 0.107248 -0.035694 0.000000
0.769793 -0.060360 -0.018176 0.000000
-0.085792 -0.021816 0.591377 3.000000
0.469167 0.113114 -0.051876 0.000000
0.215254 -0.025848 0.312327 1.000000
0.889117 0.027490 -0.060805 0.000000
0.073909 -0.024670 -0.425008 1.000000
0.257097 -0.012573 0.218952 1.000000
0.465998 0.034298 0.075513 0.000000
0.785897 0.053517 -0.073635 0.000000
0.873851 -0.006105 -0.069210 0.000000
-0.245388 0.006542 -0.749070 1.000000
0.024262 -0.099506 -0.021187 0.000000
0.321380 0.110233 -0.017234 0.000000
0.792364 -0.074919 -0.000423 0.000000
-0.095114 -0.047713 0.587502 3.000000
0.649239 0.134009 -0.012311 0.000000
0.777806 -0.004796 0.058100 0.000000
-0.783719 0.211333 -0.004586 2.000000
0.316274 -0.108121 0.290699 3.000000
-0.592911 0.069516 -0.074290 0.000000
0.556911 0.100650 0.039456 0.000000
-0.023891 0.059488 -0.094714 0.000000
-0.093569 -0.019328 0.421517 1.000000
0.306533 -0.115740 -0.332811 3.000000
-0.030464 -0.021397 0.438354 1.000000
0.374849 0.085777 -0.076673 0.000000
0.886184 -0.006576 0.042153 0.000000
-0.031014 -0.027446 0.319083 1.000000
0.065451 -0.048577 -0.234462 1.000000
0.855024 0.041577 -0.062402 0.000000
0.241831 -0.063083 0.123509 1.000000
0.040628 -0.106052 0.585486 3.000000
-0.437164 -0.019590 -0.080731 0.000000
0.011903 -0.036401 0.574619 3.000000
0.148901 -0.066539 -0.120742 1.000000
0.086896 -0.024434 -0.247895 1.000000
-0.647427 0.209997 -0.008200 2.000000
-0.407078 -0.030195 -0.077615 0.000000
0.165319 -0.026555 -0.140380 1.000000
-0.143686 -0.013961 0.583705 3.000000
0.095616 -0.141192 0.141236 3.000000
-0.826793 0.162760 -0.020402 2.000000
0.065529 -0.027393 0.371426 1.000000
-0.015041 -0.147817 0.053570 0.000000
0.512843 -0.034646 -0.009064 0.000000
-0.069898 -0.015636 0.497086 1.000000
-0.850778 0.073994 -0.118228 2.000000
-0.346251 -0.072300 -0.007886 0.000000
0.257306 -0.098851 -0.041166 0.000000
-0.078958 -0.022680 -0.418304 1.000000
0.400641 0.058021 -0.095447 0.000000
0.354216 0.034979 0.075303 0.000000
-0.027374 -0.061381 0.159592 1.000000
0.107058 -0.047084 -0.160516 1.000000
0.054820 -0.041769 -0.165465 1.000000
-0.051569 -0.036139 -0.608327 1.000000
-0.200114 -0.000056 -0.649254 1.000000
0.519075 -0.093693 -0.004324 0.000000
0.033427 -0.006000 0.413452 1.000000
0.473461 0.094444 -0.071331 0.000000
-0.692884 0.250688 -0.019224 2.000000
0.310147 -0.013384 0.064934 1.000000
-0.784714 0.144274 -0.003617 2.000000
0.533764 -0.049938 0.055115 0.000000
0.069169 -0.030038 0.349771 1.000000
0.148928 -0.027158 -0.380546 1.000000
-0.473168 0.111202 -0.017888 2.000000
0.772778 0.023510 0.058571 0.000000
0.802183 -0.046482 -0.028283 0.000000
-0.293070 0.019739 0.812481 1.000000
-0.229860 0.006830 -0.717543 1.000000
-0.327398 -0.042554 0.054486 0.000000
-0.199591 -0.000004 0.650974 1.000000
0.748112 0.071061 -0.074997 0.000000
-0.260784 0.006097 0.706433 1.000000
0.655183 -0.083638 0.018587 0.000000
-0.774685 0.074910 0.076036 2.000000
-0.860388 0.064044 -0.058265 2.000000
-0.212526 0.013612 0.740421 1.000000
0.148116 -0.057846 -0.168110 1.000000
0.034841 -0.030143 -0.264417 1.000000
0.145445 -0.034149 -0.099977 1.000000
0.372388 -0.089372 0.056398 0.000000
-0.276443 -0.075102 -0.057375 0.000000
0.507946 0.115994 0.023588 0.000000
0.255133 -0.085602 -0.317205 3.000000
-0.664290 0.183236 -0.002099 2.000000
-0.035177 -0.038679 0.254642 1.000000
0.803912 0.042258 -0.074945 0.000000
-0.476389 -0.032683 -0.062245 0.000000
-0.083880 -0.014589 -0.536345 1.000000
0.533843 -0.071593 -0.026372 0.000000
-0.092574 -0.021292 0.436076 1.000000
0.235180 -0.055778 -0.337603 3.000000
0.045393 -0.136767 -0.079841 0.000000
-0.182440 -0.011054 0.076953 0.000000
0.044922 -0.002937 0.474463 1.000000
0.648951 -0.045723 0.061687 0.000000
-0.875287 0.277056 -0.009666 2.000000
-0.034365 -0.000606 0.514159 1.000000
0.042304 -0.036218 -0.214483 1.000000
0.020989 -0.009588 0.389493 1.000000
-0.084902 -0.086126 0.585826 3.000000
0.117768 -0.135536 0.153700 3.000000
0.466234 0.100781 -0.066618 0.000000
-0.353609 0.002143 -0.101260 0.000000
-0.820613 0.033774 -0.020742 0.000000
-0.195977 0.016335 -0.795835 1.000000
0.306429 -0.063057 0.114894 1.000000
-0.647899 0.017461 0.030344 0.000000
0.367727 -0.098825 -0.045932 0.000000
0.386632 0.091407 -0.070991 0.000000
-0.167122 -0.006524 0.579856 1.000000
-0.044761 0.070773 0.059069 0.000000
-0.664971 -0.000056 -0.034227 0.000000
-0.146174 -0.008226 -0.599869 1.000000
-0.657744 0.068705 0.027097 2.000000
0.390455 -0.015296 0.081823 0.000000
-0.004567 -0.025272 -0.427574 1.000000
0.533790 -0.076463 -0.010347 0.000000
0.637639 -0.067718 -0.073792 0.000000
0.268016 -0.082146 0.069045 0.000000
-0.208939 0.006464 -0.703220 1.000000
0.191661 -0.009169 0.078393 0.000000
-0.903802 0.082792 -0.211576 2.000000
-0.862613 0.087819 -0.233781 2.000000
0.188650 -0.048708 0.196093 1.000000
0.527977 0.127803 -0.016055 0.000000
-0.265105 0.067579 0.061085 0.000000
-0.741876 0.036078 0.020603 0.000000
0.179799 0.015131 0.078314 0.000000
-0.023577 0.052234 0.069307 0.000000
0.111379 -0.065413 0.086144 0.000000
-0.873375 0.388420 -0.015793 2.000000
-0.467277 -0.044885 -0.035798 0.000000
0.008682 -0.003749 -0.482248 1.000000
-0.111191 -0.012756 0.524240 1.000000
-0.017581 -0.091991 0.048490 0.000000
-0.054815 -0.012023 -0.469050 1.000000
0.205618 -0.038653 0.249719 1.000000
-0.866750 0.088107 0.277528 2.000000
0.249817 -0.086492 -0.090996 0.000000
0.568983 0.062865 0.064044 0.000000
0.149608 0.080566 0.051842 0.000000
0.694276 0.109841 0.034691 0.000000
-0.817288 0.079912 -0.244281 2.000000
0.108315 -0.089451 0.128903 1.000000
-0.253138 0.014502 0.805961 1.000000
0.235939 -0.009614 -0.010556 0.000000
-0.789349 0.176585 -0.013332 2.000000
0.137825 -0.055516 -0.170650 1.000000
0.064875 -0.046561 -0.127314 1.000000
-0.161335 -0.005660 -0.620817 1.000000
0.139920 -0.140616 0.140870 3.000000
0.748688 -0.062559 0.036602 0.000000
-0.039209 -0.043759 -0.101443 0.000000
0.181894 -0.073793 -0.111996 0.000000
-0.171913 -0.092698 0.000415 0.000000
0.059297 -0.031504 0.200126 1.000000
-0.080450 -0.025848 0.385880 1.000000
-0.171547 -0.029881 0.509419 1.000000
0.489145 -0.055961 -0.087697 0.000000
0.158092 -0.014458 -0.257033 1.000000
0.221276 -0.047058 -0.225245 1.000000
0.737455 -0.046194 0.050585 0.000000
0.022482 -0.011290 -0.405055 1.000000
0.224654 -0.013725 -0.200579 1.000000
0.157412 0.001776 0.078655 0.000000
0.149137 -0.011054 -0.041742 0.000000
0.257123 -0.104821 0.316988 3.000000
-0.722473 0.077712 -0.146429 2.000000
0.297866 0.085463 -0.076908 0.000000
-0.590397 0.090935 -0.062350 0.000000
-0.449654 -0.008305 -0.086937 0.000000
-0.202838 0.004866 0.709418 1.000000
0.154165 -0.038469 0.324267 1.000000
0.212295 -0.116369 -0.346663 3.000000
0.128320 0.091721 -0.070624 0.000000
0.520986 -0.047110 -0.092253 0.000000
-0.684767 0.073182 -0.103748 2.000000
0.241124 0.104525 -0.045906 0.000000
0.085168 -0.011054 -0.004351 0.000000
-0.143005 -0.022602 -0.543677 1.000000
0.096427 -0.011054 -0.013672 0.000000
-0.858738 0.072816 -0.160961 2.000000
0.535440 0.036785 0.074753 0.000000
-0.846431 0.086432 -0.293089 2.000000
0.021434 0.107091 0.007694 0.000000
-0.517735 -0.033363 0.016361 0.000000
0.216510 0.079362 0.052706 0.000000
0.399410 -0.005712 -0.021292 0.000000
-0.074114 -0.090341 0.007668 0.000000
0.281710 -0.013358 0.112800 1.000000
0.051102 -0.038653 0.580642 3.000000
-0.311137 -0.065021 0.037204 0.000000
-0.771412 0.236627 -0.004272 2.000000
-0.853475 0.071454 0.120472 2.000000
0.012139 -0.076935 0.558175 3.000000
0.301663 -0.012808 0.090595 1.000000
-0.824043 0.079152 -0.149859 2.000000
-0.316689 -0.074054 -0.048236 0.000000
0.462123 -0.027838 0.075827 0.000000
-0.300768 -0.066409 -0.065466 0.000000
0.222009 -0.099166 -0.016396 0.000000
-0.700321 0.069019 0.020760 2.000000
0.392602 -0.099061 -0.002989 0.000000
-0.585108 0.107615 -0.031111 0.000000
-0.264843 0.011439 -0.772400 1.000000
0.284983 0.066217 -0.090629 0.000000
0.561389 -0.000423 -0.107021 0.000000
-0.182047 0.006830 -0.691123 1.000000
0.097108 -0.007179 -0.391858 1.000000
0.173934 -0.012782 0.230029 1.000000
0.084828 -0.005346 0.431991 1.000000
0.054008 -0.007362 0.385225 1.000000
0.079564 0.065143 -0.091258 0.000000
0.066367 0.070197 -0.088194 0.000000
-0.557274 -0.024775 0.010994 0.000000
0.123057 -0.008278 0.334715 1.000000
-0.268535 0.019399 -0.831839 1.000000
0.168304 -0.035301 0.283550 1.000000
0.048693 -0.078349 0.071768 0.000000
0.024000 -0.118595 -0.067979 0.000000
-0.867405 0.086798 0.196407 2.000000
0.195641 -0.012573 0.214658 1.000000
-0.179507 0.008375 0.078733 0.000000
-0.075632 -0.030090 0.008244 0.000000
0.859685 -0.053342 -0.006236 0.000000
-0.381051 -0.065152 -0.019485 0.000000
0.039371 -0.036872 0.587528 3.000000
-0.239208 0.003112 -0.705132 1.000000
0.118527 -0.085602 0.062656 0.000000
0.315567 -0.005712 0.015366 0.000000
0.497210 -0.087775 0.035057 0.000000
-0.105954 -0.014615 -0.531868 1.000000
0.138349 -0.008828 0.375903 1.000000
0.048745 -0.028205 0.366791 1.000000
-0.104645 -0.030902 0.403345 1.000000
-0.058350 -0.017810 -0.049938 0.000000
0.565709 -0.057270 0.057943 0.000000
0.308000 -0.056170 0.290987 3.000000
0.063985 -0.013123 0.477526 1.000000
0.914254 0.064148 -0.003801 0.000000
0.070112 -0.028703 -0.388978 1.000000
0.325072 -0.095735 0.279675 3.000000
0.109363 -0.101941 0.115471 0.000000
0.205382 -0.054259 0.154041 1.000000
-0.818414 0.140870 -0.007650 2.000000
0.102240 -0.037527 -0.346192 3.000000
0.074877 -0.036610 -0.176515 1.000000
0.151913 -0.015165 0.378182 1.000000
0.124916 -0.011054 -0.073400 0.000000
0.163670 -0.011604 -0.106288 0.000000
0.968640 -0.000894 0.011125 0.000000
-0.008783 -0.062533 0.237805 1.000000
-0.841901 0.067736 0.086615 2.000000
-0.080948 -0.031871 -0.609688 1.000000
0.284172 -0.050541 0.154329 1.000000
0.780817 -0.126738 -0.013123 0.000000
0.047069 -0.024801 -0.426736 1.000000
-0.055680 -0.026503 -0.376383 1.000000
0.109467 -0.055044 -0.105554 1.000000
-0.072071 -0.022732 0.033120 0.000000
-0.482595 -0.032683 0.031496 0.000000
0.775763 -0.065544 -0.012651 0.000000
0.482756 -0.038627 0.073889 0.000000
0.007452 -0.035092 0.589466 3.000000
0.034658 -0.011787 -0.535979 1.000000
0.006064 -0.014772 0.366713 1.000000
0.067572 0.055403 0.067893 0.000000
-0.900529 0.077555 -0.166277 2.000000
0.662567 -0.013175 0.072528 0.000000
0.031594 -0.038705 0.286064 1.000000
0.072468 -0.011054 -0.095447 0.000000
-0.144210 0.011491 0.695069 1.000000
-0.141906 0.040661 -0.102281 0.000000
-0.798827 0.084703 -0.254310 2.000000
-0.102629 0.002117 -0.607279 1.000000
0.237249 -0.017050 0.104263 1.000000
-0.085661 -0.048210 0.588340 3.000000
0.770997 -0.078741 0.007799 0.000000
0.011301 -0.022628 0.422931 1.000000
-0.726034 0.104054 0.005050 0.000000
-0.116428 0.057419 0.067003 0.000000
-0.293201 0.062446 0.064201 0.000000
0.447171 -0.010242 -0.006786 0.000000
0.156862 -0.049336 -0.224957 1.000000
0.871678 -0.003565 0.041211 0.000000
-0.149709 0.107222 -0.035851 0.000000
0.359269 -0.005765 0.023850 0.000000
-0.110379 -0.011211 0.593210 3.000000
-0.770155 0.140110 -0.025927 2.000000
-0.180633 -0.003539 0.612037 1.000000
0.064508 -0.048708 -0.102622 1.000000
-0.006138 -0.139438 -0.048262 0.000000
-0.002865 -0.082146 -0.095395 0.000000
-0.548580 -0.028676 -0.015950 0.000000
0.257908 -0.118778 0.318062 3.000000
0.007583 -0.046822 -0.587248 3.000000
0.347067 0.105049 -0.044125 0.000000
-0.260732 -0.042842 -0.089896 0.000000
0.011327 -0.052112 -0.268999 1.000000
-0.195244 0.097848 -0.061512 0.000000
-0.662719 0.058781 -0.064418 0.000000
-0.708255 0.062394 0.026835 0.000000
0.493963 0.111909 -0.057034 0.000000
0.710040 0.029270 0.066636 0.000000
0.035653 -0.090158 0.055429 0.000000
0.115935 -0.014641 -0.295106 1.000000
0.077915 -0.088692 -0.585651 3.000000
0.078805 -0.049624 0.198371 1.000000
0.129289 -0.035668 -0.325035 1.000000
0.175269 -0.020690 0.350949 1.000000
-0.191185 0.045243 0.072187 0.000000
0.170766 -0.057951 -0.171042 1.000000
0.345784 -0.067613 0.100388 1.000000
0.254792 -0.099139 -0.010923 0.000000
0.229419 0.069202 -0.088822 0.000000
-0.609695 0.057026 -0.052583 2.000000
0.341568 -0.011368 -0.106890 0.000000
-0.093831 -0.014929 0.501878 1.000000
0.022429 -0.046351 0.142048 1.000000
0.276238 -0.041324 0.310049 1.000000
0.099543 -0.035851 -0.330062 1.000000
-0.818780 0.083368 0.159068 2.000000
0.056810 -0.021606 -0.456377 1.000000
0.063880 -0.028676 -0.242448 1.000000
-0.120487 0.107065 -0.036558 0.000000
0.023503 -0.039281 -0.111367 0.000000
-0.722761 0.056005 0.028694 2.000000
0.037617 -0.062586 -0.250461 1.000000
0.106482 -0.059234 0.223744 1.000000
-0.740488 0.082975 -0.050828 0.000000
-0.477463 0.102980 0.021625 0.000000
-0.613675 0.111124 0.003452 2.000000
0.088074 -0.028257 0.359800 1.000000
-0.182885 -0.069734 -0.074264 0.000000
0.623918 -0.014641 0.074151 0.000000
-0.117371 -0.024225 0.074073 0.000000
0.338767 -0.016134 0.133093 1.000000
0.231619 -0.017967 -0.127969 1.000000
0.256128 -0.071488 0.330133 3.000000
-0.155548 -0.057506 -0.086466 0.000000
0.230807 -0.098904 -0.037631 0.000000
0.777596 -0.135039 -0.007231 3.000000
-0.046803 -0.086152 0.049380 0.000000
0.898412 0.033538 -0.055568 0.000000
0.437640 -0.098459 -0.058317 0.000000
0.675973 -0.055725 0.053648 0.000000
0.026043 -0.111603 -0.060805 0.000000
0.051678 -0.077930 0.569120 3.000000
0.066498 -0.044832 -0.580204 3.000000
0.057360 -0.032630 0.571896 3.000000
-0.016717 -0.043994 -0.254048 1.000000
0.028766 -0.085261 0.063180 0.000000
-0.002577 -0.022156 0.429111 1.000000
-0.167645 0.006411 -0.678816 1.000000
-0.932369 0.361135 -0.016396 2.000000
-0.009752 -0.087016 -0.632574 3.000000
-0.153636 0.078550 0.053334 0.000000
0.241386 -0.059758 0.297873 3.000000
-0.611240 -0.008645 0.017592 0.000000
-0.167802 -0.028415 -0.530296 1.000000
-0.841823 0.261136 -0.011054 2.000000
0.009049 -0.138678 -0.072771 0.000000
0.342485 -0.015741 -0.154022 1.000000
0.178543 0.033617 0.075670 0.000000
-0.677487 0.189337 -0.002334 2.000000
-0.778011 0.078419 -0.225140 2.000000
-0.906499 0.088945 -0.289214 2.000000
0.028792 -0.038286 -0.616968 1.000000
-0.667275 0.061635 0.071559 2.000000
0.278490 -0.051797 -0.331816 3.000000
0.115830 -0.112572 -0.164863 1.000000
-0.009176 -0.017495 -0.390889 1.000000
0.282103 -0.013096 -0.127105 1.000000
-0.077046 -0.013018 0.512457 1.000000
0.150027 -0.072981 -0.109954 0.000000
-0.881283 0.090569 0.232909 2.000000
0.497786 -0.095107 -0.022313 0.000000
-0.867222 0.076298 -0.018255 0.000000
0.022403 -0.072693 0.019216 0.000000
0.097737 -0.096233 0.039221 0.000000
-0.788484 0.113219 -0.025927 2.000000
-0.174270 0.003321 -0.658340 1.000000
0.007190 -0.032971 0.329478 1.000000
0.732873 0.024452 0.064201 0.000000
-0.265916 0.006621 -0.737051 1.000000
0.640650 0.088657 -0.075782 0.000000
0.117846 -0.044728 0.235082 1.000000
-0.089484 -0.023937 -0.433989 1.000000
0.059769 -0.088325 0.548487 3.000000
-0.036093 0.062342 0.064279 0.000000
-0.242455 0.006411 0.719578 1.000000
0.656806 0.121624 -0.053526 0.000000
0.011249 -0.046115 0.572105 3.000000
-0.888824 0.070956 -0.106628 2.000000
-0.775523 0.153621 -0.025063 2.000000
0.097868 -0.051405 0.184912 1.000000
0.083152 -0.032447 0.328771 1.000000
0.678199 -0.079501 -0.054232 0.000000
-0.693984 0.104735 -0.031792 2.000000
0.051756 -0.058867 0.599887 3.000000
0.253771 -0.015663 0.096565 1.000000
0.733763 0.045322 -0.087775 0.000000
0.045367 -0.045277 -0.260280 1.000000
0.823341 -0.009038 0.050114 0.000000
-0.067882 -0.016003 0.419318 1.000000
0.284695 -0.005817 -0.062350 0.000000
0.068881 -0.065466 -0.191309 1.000000
0.275452 -0.077144 0.077686 0.000000
0.006876 -0.056537 0.599783 3.000000
0.301715 -0.005712 0.042860 0.000000
-0.912888 0.096460 0.292872 2.000000
0.094202 0.030449 0.076246 0.000000
0.113605 -0.037841 0.095884 1.000000
0.279406 0.039142 0.074046 0.000000
0.055134 -0.133756 -0.075756 0.000000
-0.189221 0.060483 -0.094112 0.000000
-0.768505 0.061975 -0.099480 2.000000
-0.270211 -0.076044 0.027647 0.000000
-0.037560 -0.015610 -0.000685 0.000000
0.436671 -0.078794 -0.061826 0.000000
-0.806028 0.173417 -0.005634 2.000000
-0.905609 0.079781 -0.199191 2.000000
-0.431168 0.100021 0.028328 0.000000
-0.137140 -0.019459 -0.614140 1.000000
-0.497860 0.110076 -0.018857 0.000000
-0.750674 0.023614 -0.041428 0.000000
0.749997 -0.076751 -0.046063 0.000000
0.073411 -0.141951 -0.141244 3.000000
0.086477 -0.074028 -0.638963 3.000000
0.011982 -0.093902 -0.078558 0.000000
0.071657 -0.042554 -0.143967 1.000000
-0.129939 -0.027917 -0.615842 1.000000
-0.158140 -0.002623 -0.658235 1.000000
0.406480 0.004473 0.078602 0.000000
0.008761 -0.072981 -0.174708 1.000000
0.199569 -0.115322 -0.337237 3.000000
0.442799 -0.086414 0.018456 0.000000
-0.302915 0.047443 0.071428 0.000000
0.122586 -0.015348 0.252521 1.000000
-0.090348 -0.039334 -0.418331 1.000000
-0.828599 0.103975 -0.019904 2.000000
0.255945 0.029349 -0.105136 0.000000
0.643426 -0.083376 0.019896 0.000000
0.457671 -0.050645 0.062316 0.000000
0.077260 -0.004508 -0.454439 1.000000
-0.030437 0.011727 0.078524 0.000000
-0.714801 0.075120 0.086563 2.000000
0.080533 -0.010609 0.333458 1.000000
-0.034889 -0.094164 0.037597 0.000000
-0.672774 0.136366 -0.028833 2.000000
-0.110877 -0.042057 0.586795 3.000000
0.453744 -0.098040 -0.028729 0.000000
-0.019492 -0.044885 -0.228465 1.000000
0.582887 -0.011264 -0.105581 0.000000
0.233452 0.094418 -0.067142 0.000000
-0.049212 -0.012468 0.527722 1.000000
-0.125017 0.002405 0.673754 1.000000
-0.203702 0.004421 -0.684524 1.000000
-0.649994 0.037807 0.037702 0.000000
-0.791181 0.082294 -0.179317 2.000000
-0.801341 0.065484 -0.049938 0.000000
0.083623 -0.038155 0.129113 1.000000
0.019366 -0.048079 -0.601833 3.000000
0.017873 -0.081700 0.068495 0.000000
-0.058717 -0.024146 0.363309 1.000000
-0.414357 0.051213 -0.096678 0.000000
-0.829463 0.292976 -0.007152 2.000000
-0.824619 0.034507 -0.008645 0.000000
0.438714 -0.077485 0.035241 0.000000
-0.109227 -0.085864 -0.048577 0.000000
0.273488 -0.054285 0.297428 3.000000
0.010961 -0.017286 0.342701 1.000000
0.653690 0.023641 0.073680 0.000000
-0.556488 0.052234 0.054303 0.000000
0.097658 0.110233 -0.011499 0.000000
0.820303 0.052653 -0.064837 0.000000
0.354661 -0.015191 0.106175 1.000000
-0.755047 0.061347 -0.098956 2.000000
0.167859 0.071244 -0.087435 0.000000
-0.937161 0.091433 -0.297776 2.000000
-0.396002 -0.037710 0.045322 0.000000
-0.357301 0.082661 0.049747 0.000000
-0.801603 0.066924 0.105389 2.000000
0.697680 -0.080915 -0.047870 0.000000
0.014076 -0.036689 -0.331109 1.000000
0.190038 -0.070860 -0.103093 1.000000
-0.040885 -0.096102 0.016466 0.000000
0.117663 -0.100108 -0.161694 1.000000
-0.773009 0.024950 -0.033992 0.000000
0.430832 -0.056746 0.081797 0.000000
0.843581 -0.036558 -0.065099 0.000000
-0.021718 -0.015610 0.494258 1.000000
0.628841 -0.086702 0.012303 0.000000
-0.045389 -0.016448 0.043332 0.000000
-0.052537 -0.019800 0.454562 1.000000
0.005436 -0.043052 -0.275022 1.000000
-0.342376 0.083316 -0.078008 0.000000
0.653402 0.095491 -0.071488 0.000000
-0.610743 0.114868 -0.031295 2.000000
-0.162277 -0.020245 0.514997 1.000000
0.327952 -0.013620 0.057079 1.000000
0.370476 -0.016055 -0.122444 1.000000
0.307109 -0.107073 -0.373502 3.000000
0.034501 0.108741 0.000205 0.000000
-0.070029 -0.025508 -0.394843 1.000000
-0.069112 -0.026006 -0.416838 1.000000
0.167257 -0.110137 -0.335613 3.000000
0.524390 -0.083141 -0.057296 0.000000
0.364428 -0.028519 0.137963 1.000000
-0.197313 0.011831 0.770062 1.000000
0.094725 -0.020219 -0.454675 1.000000
0.185324 -0.011054 -0.054232 0.000000
-0.882645 0.103583 -0.024487 0.000000
-0.295610 0.014974 0.786480 1.000000
0.326120 -0.058789 -0.362400 3.000000
-0.851563 0.064829 0.045217 2.000000
-0.759943 0.063756 0.089652 2.000000
0.287549 -0.013384 -0.210948 1.000000
-0.123864 -0.057191 0.058021 0.000000
0.075401 -0.044021 -0.272325 1.000000
-0.741431 0.227017 -0.003801 2.000000
0.246570 -0.092646 -0.333676 3.000000
-0.060890 -0.068425 0.062761 0.000000
-0.884085 0.379491 -0.018307 2.000000
0.040575 0.103844 -0.048262 0.000000
-0.849757 0.092480 0.255323 2.000000
0.359034 -0.072955 -0.116395 1.000000
0.130782 -0.043837 0.131365 1.000000
0.234106 -0.069079 -0.130509 1.000000
-0.319333 0.015681 0.802478 1.000000
0.073332 -0.066068 -0.099061 1.000000
0.161889 -0.010687 -0.304899 1.000000
0.246335 0.008323 -0.107440 0.000000
0.680765 0.085253 0.048883 0.000000
0.460159 0.016780 0.078210 0.000000
-0.645018 0.180644 -0.025246 2.000000
-0.116559 0.003217 -0.709400 1.000000
-0.281077 0.037047 0.074675 0.000000
0.012296 -0.030012 -0.382693 1.000000
0.023110 -0.055201 0.098869 1.000000
0.771024 -0.032237 -0.028283 0.000000
0.116432 -0.091127 -0.136348 1.000000
0.019916 -0.067351 -0.067325 0.000000
0.024996 -0.128728 0.055534 0.000000
-0.583118 0.101593 0.006752 2.000000
0.087944 -0.051745 0.181456 1.000000
0.095092 -0.011054 0.014162 0.000000
0.801555 0.050977 -0.071095 0.000000
-0.107604 -0.030666 0.583574 3.000000
0.762959 -0.079684 -0.038522 0.000000
-0.755413 0.074151 -0.095264 2.000000
-0.031197 -0.012520 -0.105973 0.000000
0.050316 -0.051274 0.217669 1.000000
-0.902545 0.087505 0.220366 2.000000
0.018633 -0.044937 0.231573 1.000000
-0.512707 0.063599 0.057445 0.000000
0.465160 -0.094164 -0.011132 0.000000
-0.075658 -0.030117 0.042258 0.000000
0.150446 -0.098432 -0.054442 0.000000
0.860471 -0.065597 0.008192 0.000000
0.400458 0.099786 -0.061459 0.000000
0.011379 -0.011054 0.036419 0.000000
-0.061781 -0.031478 -0.361484 1.000000
-0.502678 0.104708 0.015916 0.000000
0.014993 -0.053526 -0.003513 0.000000
-0.905190 0.085908 -0.007310 0.000000
0.073882 -0.040800 0.268546 1.000000
0.692103 0.113402 -0.059234 0.000000
0.832191 -0.075154 -0.038312 0.000000
-0.037481 -0.094086 0.569958 3.000000
-0.124414 -0.011682 -0.560487 1.000000
-0.110720 -0.012023 -0.508589 1.000000
-0.784426 0.298737 -0.021685 2.000000
0.430282 0.012565 -0.107178 0.000000
-0.010092 -0.016212 0.371452 1.000000
-0.430540 0.105180 0.014921 0.000000
0.878800 -0.054809 -0.038495 0.000000
0.187733 -0.023413 -0.132551 1.000000
-0.028055 0.109291 -0.002230 0.000000
0.051835 -0.033285 -0.597382 3.000000
0.292079 -0.077877 -0.379158 3.000000
-0.627475 0.160691 -0.026293 2.000000
-0.634309 0.029087 0.038278 0.000000
0.902523 -0.031164 -0.053107 0.000000
-0.059372 -0.024408 0.406566 1.000000
0.772516 -0.028336 0.052706 0.000000
-0.128604 0.002798 -0.626656 1.000000
-0.862535 0.052810 0.002379 0.000000
0.381998 -0.005739 -0.059600 0.000000
0.410958 0.080252 -0.080705 0.000000
-0.790893 0.079676 -0.150409 2.000000
0.042225 -0.011054 0.067081 0.000000
0.631171 -0.054076 0.057314 0.000000
0.237170 0.107903 0.004107 0.000000
0.857119 -0.031792 -0.001994 0.000000
0.161784 -0.050698 0.185698 1.000000
-0.219805 0.001253 0.660322 1.000000
0.111824 -0.021633 0.212694 1.000000
-0.766751 0.072449 -0.186937 2.000000
-0.024808 -0.010059 0.548120 1.000000
0.800455 -0.020769 0.051135 0.000000
-0.071862 0.104578 0.017068 0.000000
-0.846379 0.083525 -0.272403 2.000000
0.219783 -0.088037 -0.368370 3.000000
-0.019361 -0.005451 0.574907 1.000000
0.018187 -0.009745 0.528534 1.000000
-0.463951 0.081116 0.050585 0.000000
-0.042797 -0.019197 -0.406390 1.000000
-0.683536 0.073418 -0.123596 2.000000
0.160737 -0.009012 -0.337184 1.000000
-0.669187 0.120472 -0.030509 2.000000
0.165188 -0.099427 -0.014929 0.000000
-0.899743 0.078262 0.160587 2.000000
0.023608 0.101043 0.026024 0.000000
0.174353 -0.071462 0.064986 1.000000
0.294462 0.093528 0.039875 0.000000
0.072180 -0.097228 -0.061329 0.000000
0.135835 0.107615 -0.034044 0.000000
0.098732 -0.026503 0.375877 1.000000
-0.824069 0.086851 0.195543 2.000000
0.070557 -0.011054 -0.012468 0.000000
-0.802231 0.245032 -0.023020 2.000000
0.041125 0.026364 -0.105685 0.000000
0.249058 -0.073609 0.070407 1.000000
0.185508 -0.090263 0.054879 0.000000
0.934573 0.053203 -0.003853 0.000000
0.589014 -0.057846 -0.085654 0.000000
0.389382 -0.005712 -0.025508 0.000000
-0.123734 -0.003382 -0.652108 1.000000
0.168802 -0.109823 0.330002 3.000000
0.415514 0.110443 0.017068 0.000000
-0.342088 0.071454 -0.087147 0.000000
-0.873140 0.080540 -0.238259 2.000000
0.062518 -0.013777 -0.506128 1.000000
-0.097680 0.005233 0.607874 1.000000
0.034082 -0.054337 -0.178819 1.000000
0.006326 -0.077249 0.615258 3.000000
-0.115852 -0.014510 0.503266 1.000000
-0.678823 0.147992 -0.000344 2.000000
0.170975 -0.011421 0.255428 1.000000
0.602918 0.095701 -0.071907 0.000000
-0.806945 0.204551 -0.023125 2.000000
0.336986 -0.024094 0.163834 1.000000
-0.062618 -0.009169 0.562469 1.000000
0.165005 -0.092803 0.327907 3.000000
0.637508 -0.078925 0.029297 0.000000
0.570266 -0.060334 -0.084240 0.000000
-0.689323 0.071559 -0.075966 2.000000
-0.100429 -0.074028 -0.051535 0.000000
-0.876910 0.086432 0.264435 2.000000
-0.001975 -0.019486 -0.369732 1.000000
0.000330 -0.007545 -0.579471 1.000000
-0.309278 -0.010557 0.073942 0.000000
-0.599352 0.154486 -0.004063 2.000000
0.087525 -0.032918 -0.353052 1.000000
0.158904 -0.105555 0.320680 3.000000
0.082707 0.110233 -0.011394 0.000000
-0.065551 -0.094060 0.015838 0.000000
0.054191 -0.129906 0.013952 0.000000
0.278071 0.072266 -0.086675 0.000000
0.001037 -0.087382 0.603003 3.000000
-0.678404 0.082163 -0.059050 0.000000
0.059533 -0.007571 -0.407752 1.000000
-0.864891 0.065746 0.045034 2.000000
-0.821844 0.035345 0.001253 0.000000
0.008028 0.029087 0.076482 0.000000
-0.063430 -0.008148 -0.602802 1.000000
-0.186105 -0.093562 -0.022130 0.000000
-0.015696 -0.073190 -0.177877 1.000000
0.214128 -0.011054 -0.029907 0.000000
0.026881 -0.011054 -0.015217 0.000000
-0.090846 -0.010190 0.578940 3.000000
0.299935 -0.013908 -0.169314 1.000000
0.524050 -0.063083 0.053334 0.000000
-0.020383 -0.004979 0.459511 1.000000
0.003812 -0.136060 0.043201 0.000000
0.109441 -0.077511 -0.164968 1.000000
-0.839833 0.283629 -0.021135 2.000000
0.258013 -0.055542 0.326362 3.000000
0.299175 -0.099899 0.286273 3.000000
-0.119335 0.095753 0.036236 0.000000
-0.742059 0.130108 -0.001261 2.000000
0.020989 -0.069341 -0.615894 3.000000
0.266837 -0.118254 0.334846 3.000000
-0.452535 0.029061 0.067867 0.000000
-0.109149 -0.007598 -0.106523 0.000000
0.411010 -0.005712 -0.033756 0.000000
-0.379008 -0.050881 -0.066696 0.000000
0.052018 -0.089163 0.561867 3.000000
0.004310 -0.144753 0.023746 3.000000
0.010384 -0.039386 0.278261 1.000000
-0.791208 0.026600 -0.009797 0.000000
-0.532555 0.087662 0.041420 0.000000
-0.003991 -0.051771 0.573886 3.000000
-0.562668 -0.020742 0.019216 0.000000
-0.893276 0.088998 -0.311052 2.000000
0.238924 -0.026529 -0.307988 1.000000
-0.018864 -0.043628 0.232254 1.000000
-0.078329 -0.075547 0.048228 0.000000
-0.914511 0.082033 -0.209010 2.000000
0.361940 -0.005765 0.033251 0.000000
0.169980 -0.014432 -0.245355 1.000000
-0.028814 -0.014694 0.009946 0.000000
-0.004227 -0.136243 0.034612 0.000000
0.142041 -0.033782 -0.353812 3.000000
0.137982 -0.011761 -0.419640 1.000000
0.080114 -0.063083 0.103426 1.000000
0.077025 -0.077720 0.072318 0.000000
-0.127138 0.033617 0.075670 0.000000
0.183701 -0.010792 -0.297331 1.000000
0.112871 -0.047110 -0.266119 1.000000
0.533764 -0.059077 -0.057191 0.000000
0.686630 0.050297 -0.092829 0.000000
0.267754 -0.050253 0.320130 1.000000
0.555183 -0.088954 -0.040381 0.000000
0.028426 -0.032054 0.337805 1.000000
-0.107237 -0.012913 0.508791 1.000000
0.134081 -0.097856 -0.348130 3.000000
0.170242 -0.027236 0.340188 1.000000
0.134631 -0.012363 0.272971 1.000000
0.425883 0.117748 -0.005634 0.000000
-0.246095 0.009213 -0.782900 1.000000
0.312111 -0.047844 0.157523 1.000000
0.155395 -0.029698 0.100545 1.000000
0.115123 -0.056694 0.127568 1.000000
0.074511 -0.026032 -0.347815 3.000000
0.194568 -0.011971 -0.341348 1.000000
0.215227 -0.022104 0.070642 1.000000
-0.108677 -0.009692 0.557390 1.000000
-0.053113 -0.069367 0.565559 3.000000
-0.075161 -0.006079 -0.623278 1.000000
-0.336641 0.109579 -0.005136 0.000000
0.644683 0.027385 0.073470 0.000000
0.167362 -0.069760 0.320680 1.000000
0.631197 0.129505 -0.035720 0.000000
0.038114 -0.004141 0.431127 1.000000
0.186215 -0.027969 0.059383 1.000000
0.760105 -0.043628 -0.076987 0.000000
0.305434 0.109867 -0.007833 0.000000
-0.677906 0.152574 -0.028074 2.000000
0.434891 -0.099113 -0.016422 0.000000
-0.821215 0.060692 -0.050462 2.000000
-0.805216 0.233563 -0.005660 2.000000
0.275871 -0.020454 -0.262139 1.000000
0.189409 0.017094 0.078210 0.000000
-0.120094 -0.006393 -0.620084 1.000000
-0.795319 0.067631 -0.143810 2.000000
-0.017214 -0.135222 -0.070965 0.000000
0.214049 -0.011054 0.015759 0.000000
0.500379 0.085332 -0.078139 0.000000
0.439316 -0.090079 -0.080600 0.000000
0.345261 0.096251 0.035476 0.000000
0.122743 -0.118621 -0.158160 1.000000
-0.438866 -0.051693 -0.025560 0.000000
0.500169 -0.026477 -0.080941 0.000000
-0.766463 0.141341 -0.002570 2.000000
0.279825 -0.064157 -0.313513 3.000000
-0.134783 -0.000502 -0.682979 1.000000
0.104152 -0.099401 -0.003827 0.000000
0.829651 -0.085759 0.012931 0.000000
-0.778534 0.068181 0.124111 2.000000
-0.197993 0.105389 -0.042999 0.000000
-0.488513 -0.026294 0.036471 0.000000
0.168907 0.006673 -0.107466 0.000000
-0.230803 -0.081596 -0.049755 0.000000
0.108525 -0.074290 0.075801 0.000000
-0.015329 -0.012704 -0.429224 1.000000
0.164115 -0.033311 0.311201 1.000000
-0.028500 -0.042554 0.237439 1.000000
0.116956 -0.073295 0.093973 0.000000
-0.097889 0.038121 0.074361 0.000000
-0.287388 0.018508 -0.832154 1.000000
0.085508 -0.142030 0.143907 3.000000
-0.125907 -0.000502 0.572786 1.000000
-0.607836 0.065379 0.036314 2.000000
0.076108 -0.026032 0.218586 1.000000
0.362673 -0.061669 0.107746 1.000000
0.591868 -0.093667 -0.009745 0.000000
0.199752 0.083342 -0.078480 0.000000
0.026095 -0.049048 0.574750 3.000000
0.012977 -0.041114 0.263676 1.000000
0.838083 -0.059443 0.006176 0.000000
-0.270263 -0.037239 -0.092855 0.000000
0.213473 0.101016 0.026076 0.000000
-0.144027 0.011570 0.705019 1.000000
-0.105273 -0.006472 -0.547683 1.000000
0.169849 -0.011054 -0.071724 0.000000
-0.002839 -0.056668 -0.190210 1.000000
0.222271 -0.017443 -0.152425 1.000000
0.310409 -0.005712 0.078026 0.000000
-0.650962 0.056031 -0.061119 2.000000
-0.098203 -0.083952 0.023798 0.000000
-0.213835 0.107196 0.007197 0.000000
-0.718126 0.246289 -0.023177 2.000000
-0.762614 0.118272 -0.001470 2.000000
0.075637 -0.052792 -0.191048 1.000000
0.020858 -0.018229 0.464460 1.000000
-0.819880 0.256946 -0.006472 2.000000
-0.874920 0.066034 -0.068739 2.000000
-0.364554 -0.026896 -0.088168 0.000000
0.085325 -0.101994 -0.624509 3.000000
0.164900 -0.026817 0.110050 1.000000
0.226775 0.095230 0.037100 0.000000
-0.092862 0.006149 -0.650013 1.000000
-0.064739 -0.006603 -0.516131 1.000000
0.111510 -0.036375 0.082975 0.000000
0.201611 -0.085340 0.064960 0.000000
-0.203414 0.009003 -0.778266 1.000000
0.227272 -0.040407 -0.260620 1.000000
0.855810 0.031941 -0.067613 0.000000
0.153379 -0.011054 0.004395 0.000000
0.198495 -0.080522 -0.100344 0.000000
0.646777 0.012774 -0.103748 0.000000
0.678880 -0.075730 0.031051 0.000000
-0.839073 0.071402 0.132045 2.000000
-0.835617 0.068521 0.101200 2.000000
0.474718 0.104132 -0.064104 0.000000
0.323004 -0.056799 0.321204 3.000000
-0.337610 0.028537 0.075382 0.000000
0.220883 0.035136 -0.103957 0.000000
0.446883 0.105154 0.030763 0.000000
-0.450754 0.094156 -0.066277 0.000000
-0.023106 -0.039255 -0.266145 1.000000
-0.816607 0.084913 0.175067 2.000000
0.354268 0.056869 -0.095945 0.000000
-0.711580 0.139691 -0.000790 2.000000
0.013946 -0.098118 0.026704 0.000000
-0.055837 0.003740 0.604077 1.000000
0.278830 -0.056930 -0.348915 3.000000
0.586710 -0.003094 0.077817 0.000000
0.008159 -0.025613 -0.604478 1.000000
0.083728 -0.149938 0.111831 3.000000
-0.726558 0.072685 -0.082800 2.000000
0.466993 -0.014851 0.071061 0.000000
-0.071207 -0.025351 0.507639 1.000000
0.243585 -0.074369 -0.374812 3.000000
0.198338 -0.044178 -0.250277 1.000000
-0.013732 -0.057506 -0.189581 1.000000
0.521955 0.125709 0.001070 0.000000
-0.023446 -0.063738 0.604391 3.000000
0.165424 -0.019669 -0.194111 1.000000
