-0.064480 -0.008576 -0.365733 1.000000
0.065543 -0.018191 0.346214 1.000000
-0.821505 0.243731 0.010760 2.000000
0.447351 0.030327 0.085829 0.000000
0.873143 0.015110 0.070847 0.000000
-0.898059 0.051641 0.279248 2.000000
0.443286 -0.033043 0.076944 0.000000
-0.714464 0.171867 0.003308 2.000000
0.151009 -0.060924 -0.076947 0.000000
0.165679 -0.065718 0.250481 3.000000
0.077763 -0.138129 0.129318 3.000000
0.320117 0.063054 -0.058968 0.000000
-0.461636 0.093097 0.005627 0.000000
0.674826 0.092498 -0.001383 0.000000
0.613958 -0.067021 -0.028065 0.000000
0.705573 -0.064155 -0.033797 0.000000
0.491491 0.061256 -0.060427 0.000000
0.175815 0.068630 0.064775 0.000000
-0.795839 -0.006257 -0.008861 0.000000
-0.725017 0.006329 0.050132 0.000000
-0.495014 0.092394 -0.002060 0.000000
0.070989 -0.108659 -0.139822 3.000000
0.098791 -0.028822 0.258976 1.000000
-0.641766 -0.043674 0.007138 0.000000
0.555695 -0.040313 0.072462 0.000000
0.247106 -0.017148 0.256083 1.000000
-0.221888 0.047759 -0.793974 1.000000
0.865274 -0.126743 0.015216 3.000000
-0.882191 0.044398 0.175308 2.000000
0.035004 -0.118639 -0.148837 3.000000
0.003502 0.010133 0.397597 1.000000
0.506813 0.051563 0.077048 0.000000
-0.822286 0.076525 0.003594 2.000000
-0.230253 -0.018243 0.083640 0.000000
0.547643 -0.073900 0.010004 0.000000
0.212424 -0.060507 0.301657 3.000000
-0.190933 0.028190 -0.652669 1.000000
0.146449 0.054898 0.075380 0.000000
-0.191975 -0.072232 0.023371 0.000000
-0.062265 -0.074030 0.000494 0.000000
0.803859 0.065295 -0.052297 0.000000
0.068435 -0.012145 -0.376573 1.000000
-0.072271 0.018992 0.620721 1.000000
-0.085716 0.074024 -0.047815 0.000000
0.234156 -0.070643 0.078012 0.000000
0.804588 0.029962 -0.071319 0.000000
0.083991 -0.015220 -0.164836 1.000000
0.039955 -0.136201 -0.142870 3.000000
-0.144682 0.030561 0.719997 1.000000
-0.279500 -0.072779 0.021235 0.000000
0.154266 -0.074395 0.025977 0.000000
0.905297 -0.016419 0.060215 0.000000
0.005665 -0.036170 -0.152172 1.000000
-0.575999 0.056045 -0.059411 0.000000
-0.270223 -0.058188 0.054535 0.000000
0.326084 -0.073483 0.039631 0.000000
0.847009 0.040202 -0.059306 0.000000
-0.191428 0.042626 -0.793584 1.000000
-0.161333 0.072044 0.060580 0.000000
0.847113 0.080851 -0.003597 0.000000
0.042665 0.013442 -0.406720 1.000000
-0.878100 0.272289 0.002682 2.000000
-0.855170 0.145107 0.004168 2.000000
0.303597 0.021989 0.087653 0.000000
-0.254173 0.026679 0.087028 0.000000
0.822984 0.063002 0.061284 0.000000
0.055042 -0.047765 -0.021055 0.000000
0.773216 -0.033512 0.076058 0.000000
0.043812 -0.012198 -0.383399 1.000000
0.184439 -0.029056 0.274167 1.000000
-0.515417 0.021442 0.084631 0.000000
-0.124358 -0.055373 -0.049301 0.000000
0.071041 -0.044925 -0.098183 1.000000
0.208933 -0.100321 -0.273206 3.000000
0.089463 -0.038645 0.166240 1.000000
0.551343 -0.046358 -0.057352 0.000000
0.029220 -0.074395 -0.041249 1.000000
0.048841 -0.053263 0.087236 1.000000
-0.790679 0.043355 -0.130858 2.000000
-0.805063 0.204672 0.010786 2.000000
0.031747 -0.123981 -0.126507 1.000000
-0.094315 0.029519 -0.582967 1.000000
0.023409 -0.130834 -0.108762 3.000000
-0.001970 0.021468 -0.077416 0.000000
0.998554 -0.005709 -0.016417 0.000000
-0.921614 0.047863 -0.204963 2.000000
-0.009761 -0.013344 0.282896 1.000000
-0.145308 0.002629 -0.077963 0.000000
0.187280 -0.011572 -0.096672 1.000000
-0.092387 0.060162 0.071576 0.000000
0.138293 -0.015376 0.124341 1.000000
-0.207140 -0.050501 -0.053835 0.000000
0.437762 0.079444 -0.040624 0.000000
-0.013070 -0.041720 -0.101779 1.000000
0.267169 -0.108790 -0.286547 3.000000
0.005143 -0.047765 -0.076113 0.000000
0.691398 0.020165 -0.077546 0.000000
-0.340707 0.058208 -0.062850 0.000000
0.540791 0.083483 0.042810 0.000000
0.862564 0.077542 0.018056 0.000000
0.236084 -0.047947 -0.214839 3.000000
0.225192 -0.101989 0.236984 3.000000
-0.212742 -0.016419 -0.073950 0.000000
0.254011 -0.104152 0.299233 3.000000
-0.428283 -0.009409 0.086559 0.000000
-0.064662 -0.002062 -0.381940 1.000000
0.013351 -0.129609 -0.141776 3.000000
0.139283 -0.001071 0.239772 1.000000
0.052853 -0.030359 -0.216715 1.000000
-0.015598 0.007137 -0.518425 1.000000
-0.911400 0.047316 -0.197980 2.000000
-0.171990 0.009195 -0.078614 0.000000
-0.057575 -0.008888 -0.339259 1.000000
-0.027193 -0.025565 0.211214 1.000000
-0.000433 -0.016601 0.248605 1.000000
0.040164 -0.006152 0.433712 1.000000
-0.186086 -0.042059 -0.060792 0.000000
0.997069 0.005443 -0.016391 0.000000
-0.800607 0.043095 0.140939 2.000000
0.127818 -0.005814 -0.183910 1.000000
0.861809 -0.096543 0.005210 0.000000
-0.736456 0.185573 0.008389 2.000000
-0.481204 -0.011911 -0.075019 0.000000
-0.903010 0.044841 -0.194410 2.000000
0.233296 -0.074395 0.052659 0.000000
-0.037094 -0.007351 0.340924 1.000000
0.075027 0.008413 -0.323000 1.000000
0.029923 -0.021786 -0.283524 1.000000
0.782206 -0.069105 -0.020169 0.000000
-0.914918 0.051511 0.245504 2.000000
-0.822182 0.043616 -0.141281 2.000000
0.097176 -0.002478 0.241700 1.000000
0.024894 -0.017096 -0.326153 1.000000
-0.350921 -0.028301 -0.069026 0.000000
0.883436 -0.059933 0.004454 0.000000
0.453996 -0.032418 -0.066967 0.000000
0.734001 0.085202 -0.029107 0.000000
0.425933 0.020608 -0.077494 0.000000
-0.007338 -0.008237 0.407473 1.000000
0.297317 0.061360 -0.060323 0.000000
-0.199245 0.040854 -0.789206 1.000000
-0.356132 0.055602 -0.064752 0.000000
-0.841803 0.044710 0.166527 2.000000
0.035239 -0.012067 -0.379335 1.000000
0.003476 0.008022 0.514279 1.000000
-0.139732 0.020504 -0.593077 1.000000
-0.379818 -0.053966 -0.049535 0.000000
0.435000 -0.073639 0.012610 0.000000
0.310840 -0.061862 -0.241990 3.000000
0.046860 -0.036456 -0.160954 1.000000
-0.804255 0.029493 0.078455 2.000000
-0.114743 0.022275 -0.645712 1.000000
0.208855 -0.046175 0.087236 0.000000
-0.425052 -0.066812 0.038745 0.000000
0.869053 -0.122079 -0.012665 3.000000
-0.883050 0.052996 0.250976 2.000000
0.114529 -0.023089 -0.076947 0.000000
0.051993 0.004505 0.451639 1.000000
0.256721 -0.064598 0.085152 0.000000
0.002486 0.010680 -0.510374 1.000000
0.148090 -0.074395 -0.009278 0.000000
0.029767 -0.086563 0.123325 1.000000
0.701977 -0.013005 0.085360 0.000000
0.781059 0.089476 0.022303 0.000000
0.222847 -0.103787 -0.228492 3.000000
-0.193122 0.007814 0.088748 0.000000
0.104758 -0.043440 0.131090 1.000000
0.134150 -0.012745 -0.135548 1.000000
0.202210 -0.061288 0.236828 3.000000
0.274622 0.085619 -0.028221 0.000000
0.319179 -0.062278 -0.060010 0.000000
0.029533 -0.003521 0.452551 1.000000
0.097097 -0.074395 0.031214 0.000000
-0.089859 0.002368 0.470374 1.000000
0.071353 0.066181 0.066730 0.000000
0.207995 -0.049537 0.231408 3.000000
-0.840370 0.029467 -0.025120 2.000000
-0.861918 0.027956 0.040647 2.000000
0.024738 0.058833 -0.062381 0.000000
0.050612 -0.001097 -0.283446 1.000000
0.145823 -0.047166 0.111730 1.000000
-0.755685 -0.004198 0.036191 0.000000
0.172375 -0.089299 0.263379 3.000000
0.327360 -0.049094 -0.291940 3.000000
0.878615 0.039864 0.062821 0.000000
0.884634 -0.048547 -0.038357 0.000000
0.670318 -0.027128 0.079888 0.000000
0.676911 0.065582 0.067225 0.000000
-0.551636 0.089580 -0.016391 0.000000
0.008531 -0.015663 0.343764 1.000000
-0.145230 0.021989 0.604748 1.000000
0.437658 -0.072180 -0.013212 0.000000
0.037871 0.007423 -0.461674 1.000000
-0.846780 0.210743 0.001979 2.000000
0.071380 -0.108633 -0.117882 3.000000
0.110777 -0.022594 0.313434 1.000000
0.025911 -0.072701 0.072957 1.000000
-0.281767 0.049869 0.077882 0.000000
0.904646 0.027565 0.060424 0.000000
0.168675 -0.006074 -0.238316 1.000000
-0.816554 0.196933 0.009900 2.000000
0.910509 0.063158 0.024909 0.000000
0.713051 0.092993 0.006643 0.000000
0.336350 -0.083827 0.218796 3.000000
0.448576 -0.073743 -0.001304 0.000000
-0.920442 0.312625 0.004637 2.000000
0.005482 0.001691 0.088148 0.000000
0.085190 -0.131042 0.156417 3.000000
-0.784739 0.042235 0.129422 2.000000
0.200126 0.028477 -0.076165 0.000000
-0.205733 -0.001306 0.087836 0.000000
0.324234 -0.077730 0.269425 3.000000
0.663231 0.019748 0.087862 0.000000
0.326084 -0.040365 -0.261845 3.000000
0.179046 -0.068845 0.285944 3.000000
-0.855508 0.048124 0.199593 2.000000
-0.117922 0.020191 -0.549328 1.000000
-0.834533 0.148494 0.007477 2.000000
-0.016301 -0.063217 0.026602 0.000000
0.741427 -0.073509 0.014095 0.000000
0.311257 -0.083593 0.298295 3.000000
-0.095487 -0.069262 -0.032312 0.000000
-0.057627 -0.001254 -0.439109 1.000000
-0.001006 0.002420 -0.349161 1.000000
-0.892900 0.039838 -0.144772 2.000000
0.042743 -0.073066 0.037911 1.000000
-0.675379 -0.019441 -0.036585 0.000000
-0.080062 0.069568 -0.053366 0.000000
-0.870621 0.037935 -0.112749 2.000000
-0.789064 0.052188 -0.024234 0.000000
-0.286040 0.028373 -0.076191 0.000000
0.217297 -0.040625 0.162462 1.000000
0.115650 0.002577 0.302543 1.000000
0.357847 0.013520 0.088487 0.000000
-0.890372 0.267286 0.006591 2.000000
0.204764 -0.010869 -0.116501 1.000000
-0.834220 0.038326 0.160872 2.000000
-0.800034 0.031161 -0.086718 2.000000
0.765790 0.054872 -0.065039 0.000000
0.069008 -0.114626 0.162775 3.000000
0.207578 -0.044742 -0.223307 3.000000
0.084538 -0.070017 0.047474 0.000000
-0.921745 0.045440 0.201834 2.000000
-0.763190 0.039499 -0.104280 2.000000
0.252942 -0.111004 0.235551 3.000000
0.209897 -0.034893 0.280446 3.000000
0.716777 0.088954 -0.019101 0.000000
-0.013174 -0.132736 -0.120175 3.000000
0.155881 -0.037186 -0.193160 1.000000
0.731030 0.061491 -0.060218 0.000000
-0.601378 0.058103 0.067355 0.000000
-0.063802 -0.073952 -0.025329 0.000000
0.299011 -0.028275 -0.270574 3.000000
-0.097103 0.024360 -0.648865 1.000000
0.085320 -0.118248 0.152508 3.000000
0.363345 -0.024236 0.081347 0.000000
-0.446783 -0.073796 -0.000835 0.000000
-0.453219 0.050495 0.077569 0.000000
-0.026177 0.020061 -0.555400 1.000000
0.134124 0.088720 0.030042 0.000000
-0.899414 0.037440 -0.115433 2.000000
-0.116515 0.033115 -0.621740 1.000000
0.326996 0.087235 -0.024208 0.000000
0.055615 -0.019415 0.329928 1.000000
0.214326 -0.083046 0.298191 3.000000
0.712686 -0.072910 -0.009695 0.000000
0.056840 -0.055113 -0.076947 1.000000
0.308964 -0.046123 -0.273440 3.000000
-0.490897 0.092107 0.015190 0.000000
0.559551 0.013729 -0.078198 0.000000
0.625397 -0.019311 -0.072986 0.000000
-0.021695 -0.073066 -0.031869 1.000000
-0.529930 -0.038984 0.061623 0.000000
0.150826 -0.022490 -0.271564 1.000000
0.141394 0.083535 -0.032416 0.000000
-0.872966 0.044033 0.208191 2.000000
-0.616569 0.052267 -0.058864 0.000000
0.338539 -0.100790 0.226926 3.000000
0.060436 -0.008133 -0.399919 1.000000
0.234103 -0.087970 -0.293348 3.000000
0.333405 -0.104386 0.243107 3.000000
-0.109923 0.028242 0.683465 1.000000
0.385649 0.003280 0.088305 0.000000
0.458321 0.009664 0.088878 0.000000
-0.070004 0.029259 0.620825 1.000000
-0.026776 -0.061966 0.040491 0.000000
0.214066 -0.032704 -0.253351 1.000000
0.848077 -0.124736 -0.002946 3.000000
0.136235 -0.023220 0.293944 1.000000
-0.528185 0.082049 -0.034891 0.000000
0.037532 -0.074395 -0.011180 0.000000
0.234729 -0.098054 -0.276437 3.000000
-0.166570 0.028607 0.688702 1.000000
0.233582 -0.017253 -0.153684 1.000000
-0.861762 0.065243 0.007034 0.000000
0.038913 -0.109389 -0.127523 1.000000
-0.020236 -0.066083 0.082051 1.000000
0.328872 -0.071138 -0.035230 0.000000
-0.113519 0.023995 0.578926 1.000000
-0.924819 0.050781 0.258533 2.000000
0.133316 -0.001931 -0.304083 1.000000
0.121773 -0.011729 -0.154830 1.000000
0.163777 0.031838 0.085334 0.000000
-0.555831 0.014771 -0.071319 0.000000
-0.026776 -0.070981 0.046770 0.000000
-0.887923 0.028112 -0.005161 0.000000
0.090505 -0.042006 -0.127367 1.000000
-0.044911 -0.003651 0.433790 1.000000
-0.130013 0.013130 -0.542918 1.000000
0.226729 -0.029239 -0.174399 1.000000
-0.088947 0.009039 -0.462507 1.000000
-0.541057 0.071679 0.059017 0.000000
-0.016640 -0.111916 -0.138545 3.000000
-0.456972 -0.064363 0.043643 0.000000
-0.704458 0.084759 -0.003988 2.000000
-0.060181 0.011201 0.575903 1.000000
0.324755 -0.087918 -0.205875 3.000000
-0.417079 -0.023141 0.081895 0.000000
-0.740051 0.035929 0.090337 2.000000
0.114139 -0.074395 -0.017512 0.000000
0.007879 -0.025278 -0.243814 1.000000
0.593086 -0.060871 0.050679 0.000000
-0.807121 0.066520 0.021912 0.000000
0.065308 0.092107 0.015606 0.000000
0.848390 -0.029656 -0.058525 0.000000
0.313368 -0.122131 0.275991 3.000000
-0.029356 -0.074395 -0.017355 0.000000
0.046365 0.004401 0.458466 1.000000
0.223029 0.025637 0.087288 0.000000
-0.810743 0.139426 0.001406 2.000000
0.280354 -0.028587 -0.095838 1.000000
-0.095461 0.020660 0.643338 1.000000
-0.196249 -0.061523 0.049376 0.000000
0.208933 -0.011207 0.164651 1.000000
-0.884666 0.035538 -0.089298 2.000000
-0.264621 0.008075 0.088774 0.000000
0.266518 -0.040261 0.280889 3.000000
-0.027792 0.005208 -0.388272 1.000000
-0.849281 0.253554 0.001119 2.000000
-0.432947 0.083118 -0.033250 0.000000
0.112445 -0.016731 0.138646 1.000000
0.061296 -0.036196 0.087236 0.000000
0.140325 0.029676 -0.075774 0.000000
0.033154 -0.137244 0.120432 3.000000
0.215421 -0.072493 0.303507 3.000000
-0.555310 -0.059126 -0.005968 0.000000
-0.144318 0.037988 -0.672107 1.000000
-0.619539 -0.015350 0.064984 0.000000
0.063849 -0.034085 -0.185707 1.000000
0.809200 0.087339 -0.003597 0.000000
0.165835 -0.020275 0.087236 0.000000
0.233504 -0.038437 0.293423 3.000000
-0.207714 0.081633 0.046510 0.000000
0.401257 -0.002557 0.087705 0.000000
-0.567556 0.000231 0.078820 0.000000
-0.773977 0.031291 0.105919 2.000000
-0.636841 0.032828 -0.061469 0.000000
0.317198 -0.082941 0.215617 3.000000
0.999596 -0.026867 0.009223 0.000000
0.339581 -0.089899 0.303559 3.000000
-0.026229 -0.004094 0.438220 1.000000
0.942324 0.005000 0.051825 0.000000
0.406234 0.092602 0.010525 0.000000
0.013039 0.059354 0.072228 0.000000
0.898940 0.047655 0.052633 0.000000
-0.165319 0.029910 -0.690998 1.000000
-0.751308 0.034652 -0.044011 2.000000
-0.531806 0.047238 0.075928 0.000000
0.232749 -0.047192 -0.223125 3.000000
-0.057523 0.012817 -0.571503 1.000000
0.056371 -0.050058 0.026602 0.000000
0.143061 -0.044378 0.133826 1.000000
-0.043661 -0.023115 -0.237664 1.000000
0.081568 0.002889 0.287195 1.000000
-0.236428 0.043590 -0.775344 1.000000
0.304639 -0.075515 -0.202801 3.000000
-0.273194 0.031786 0.085334 0.000000
0.080499 -0.026424 0.260409 1.000000
0.039304 -0.033408 -0.184014 1.000000
0.234338 -0.033590 0.265412 3.000000
0.688011 0.051250 -0.066915 0.000000
-0.130768 0.053127 0.076266 0.000000
-0.386332 0.038587 0.083093 0.000000
-0.902723 0.046195 -0.209028 2.000000
-0.876302 0.051902 -0.252126 2.000000
-0.531650 -0.013969 -0.067749 0.000000
-0.582408 0.077047 0.050861 0.000000
0.846409 -0.067802 0.016466 0.000000
-0.825205 0.046899 0.181587 2.000000
-0.908247 0.049974 -0.247175 2.000000
0.145615 0.089658 -0.016990 0.000000
0.002199 -0.126013 -0.128148 3.000000
0.115650 -0.023558 -0.294155 1.000000
-0.843236 0.065034 0.015450 0.000000
0.597542 0.008048 -0.078484 0.000000
0.308990 -0.091905 0.309578 3.000000
0.084590 0.021129 0.087731 0.000000
0.068565 -0.062357 0.085334 1.000000
0.071823 -0.052690 0.085907 1.000000
-0.022946 -0.117805 0.149772 3.000000
-0.389302 0.005234 -0.078224 0.000000
0.792967 0.036242 0.080904 0.000000
0.038548 -0.080153 -0.130493 1.000000
0.008896 -0.013891 -0.245403 1.000000
-0.834585 0.260355 0.010369 2.000000
-0.059347 -0.006439 0.400568 1.000000
-0.274966 0.060996 -0.060609 0.000000
0.055667 -0.074395 0.057115 1.000000
-0.531077 0.007449 -0.072986 0.000000
-0.878569 0.059771 0.014564 0.000000
0.063771 -0.026320 -0.104072 1.000000
-0.006009 0.020738 -0.496537 1.000000
0.777229 0.012843 0.087288 0.000000
0.038105 -0.008445 0.260148 1.000000
-0.740911 0.071184 -0.020586 0.000000
0.524036 0.038561 -0.072804 0.000000
-0.845607 0.039942 0.174135 2.000000
0.883279 0.016100 0.068554 0.000000
0.673784 -0.066343 0.039683 0.000000
-0.069743 0.073425 0.058834 0.000000
0.148038 0.092498 -0.001252 0.000000
-0.867833 0.191878 0.006330 2.000000
0.300444 -0.097168 0.235968 3.000000
0.324650 -0.070017 0.258767 3.000000
-0.170791 0.040072 0.777087 1.000000
0.627846 -0.054357 0.059303 0.000000
-0.110835 0.032385 0.624707 1.000000
-0.051139 0.027252 0.549169 1.000000
-0.048585 0.039343 -0.072543 0.000000
-0.005514 -0.074265 0.064306 1.000000
-0.225041 0.063836 -0.058316 0.000000
0.936122 -0.022255 -0.039243 0.000000
-0.886907 0.046847 -0.222995 2.000000
-0.141321 0.025819 0.676091 1.000000
0.135740 0.044580 0.080540 0.000000
0.321055 -0.026711 0.259575 3.000000
0.652157 -0.062435 0.047526 0.000000
0.201324 -0.070747 -0.279902 3.000000
-0.135041 0.030092 0.631065 1.000000
0.571277 -0.041120 -0.061521 0.000000
0.097957 -0.022829 0.087236 0.000000
0.049622 -0.021161 0.310360 1.000000
0.175294 -0.038046 0.201495 1.000000
0.552229 0.020660 0.087783 0.000000
-0.138377 0.039212 0.688077 1.000000
-0.435709 0.075613 -0.045835 0.000000
0.514030 -0.072857 -0.010372 0.000000
-0.014660 -0.116190 0.131741 3.000000
0.259457 -0.113193 -0.224349 3.000000
-0.087227 0.032646 -0.600738 1.000000
-0.511977 0.067770 -0.053600 0.000000
0.323556 0.042391 -0.071345 0.000000
-0.432166 0.092628 -0.000054 0.000000
0.331712 -0.032991 -0.230994 3.000000
0.137225 0.090804 -0.013603 0.000000
-0.010412 -0.047765 0.068997 0.000000
-0.824214 0.041662 0.135233 2.000000
0.014159 -0.014204 -0.348770 1.000000
0.236683 -0.061106 -0.287615 3.000000
-0.157033 0.017559 0.583564 1.000000
0.628914 0.015892 0.088252 0.000000
0.316859 -0.033564 0.289566 3.000000
-0.676838 0.042808 -0.049952 0.000000
-0.703311 0.044450 -0.042865 0.000000
-0.035505 -0.025773 0.236385 1.000000
-0.646065 0.015892 -0.059776 0.000000
0.036385 0.007762 -0.343507 1.000000
0.900737 -0.060845 0.004506 0.000000
-0.186451 0.044059 0.755616 1.000000
0.368087 0.092733 0.009249 0.000000
-0.500955 -0.036065 -0.061104 0.000000
0.324885 0.017377 -0.077833 0.000000
0.181443 -0.046514 -0.115354 1.000000
-0.115134 0.025246 -0.665202 1.000000
0.074845 -0.074395 0.004949 0.000000
-0.824423 0.038248 -0.095942 2.000000
0.500116 0.092368 0.012844 0.000000
0.735408 0.064305 0.068241 0.000000
-0.688094 0.114777 0.011750 2.000000
0.220007 -0.054930 0.297748 3.000000
0.638112 0.011436 -0.078432 0.000000
-0.921640 0.051250 -0.254679 2.000000
0.054990 -0.021500 -0.297960 1.000000
0.757582 0.042079 0.081790 0.000000
0.842579 -0.089794 -0.026944 0.000000
0.058012 -0.022829 -0.286547 1.000000
0.182146 -0.074395 0.011776 0.000000
-0.069613 0.008778 0.544635 1.000000
0.741844 0.092212 -0.004171 0.000000
0.823010 -0.070226 0.019176 0.000000
0.150540 -0.043752 0.087236 0.000000
-0.187728 0.066155 -0.056466 0.000000
0.220163 -0.061966 0.087236 0.000000
-0.861059 0.049557 0.020531 0.000000
0.303857 -0.074395 -0.012639 0.000000
-0.780882 0.162278 0.011307 2.000000
0.221857 -0.111109 -0.251032 3.000000
-0.756832 0.205167 0.001692 2.000000
-0.157528 0.023917 -0.602432 1.000000
-0.033082 0.006172 0.537053 1.000000
-0.096738 0.075692 0.056020 0.000000
-0.044677 -0.009305 -0.325658 1.000000
-0.650182 0.104015 0.007555 2.000000
0.070494 -0.026867 -0.251084 1.000000
0.236214 -0.084844 0.229584 3.000000
-0.081156 -0.006934 -0.373628 1.000000
-0.824214 0.210822 0.009744 2.000000
-0.329763 -0.060845 0.050731 0.000000
0.025129 -0.041798 0.122960 1.000000
0.085789 -0.042840 -0.119263 1.000000
-0.536002 -0.056312 -0.026579 0.000000
0.021116 0.014589 -0.478532 1.000000
-0.016353 -0.016523 -0.255722 1.000000
0.179671 -0.018738 -0.241312 1.000000
0.008557 -0.007325 0.424123 1.000000
0.019501 -0.056754 -0.075618 1.000000
0.780851 -0.060611 0.049610 0.000000
0.733375 -0.000394 -0.077650 0.000000
0.028673 -0.031115 -0.199908 1.000000
-0.892587 0.049817 -0.251761 2.000000
-0.409470 -0.063190 0.045989 0.000000
-0.819003 0.143543 0.008363 2.000000
-0.449728 0.041948 0.081843 0.000000
0.739916 0.033350 -0.074550 0.000000
-0.903375 0.043616 -0.163403 2.000000
-0.254589 0.091065 -0.012795 0.000000
0.014550 -0.017852 0.087236 0.000000
0.454282 0.088954 0.029338 0.000000
-0.244167 0.092628 0.010265 0.000000
0.047746 -0.072649 -0.055997 1.000000
0.078311 -0.010686 -0.199022 1.000000
-0.819107 0.039838 0.118166 2.000000
-0.496995 0.086714 -0.025250 0.000000
0.296561 -0.109233 -0.259213 3.000000
0.099390 -0.039140 0.164859 1.000000
-0.050461 0.001248 -0.466260 1.000000
-0.921823 0.330813 0.004142 2.000000
0.303935 -0.042580 0.247094 3.000000
-0.069587 0.013833 0.483689 1.000000
0.340180 -0.066395 0.045806 0.000000
0.690408 0.059041 0.072462 0.000000
0.480105 -0.073457 -0.004327 0.000000
0.277931 -0.100504 0.221923 3.000000
-0.020965 -0.003234 0.448773 1.000000
0.134385 -0.000133 -0.271043 1.000000
-0.003586 -0.032261 -0.122259 1.000000
0.234077 -0.081222 -0.287355 3.000000
-0.130455 0.082623 0.044555 0.000000
-0.007025 -0.039270 0.134972 1.000000
-0.231946 0.074232 -0.047581 0.000000
0.052332 -0.017774 0.187763 1.000000
-0.073470 0.030744 0.610585 1.000000
-0.042280 -0.017930 -0.076947 0.000000
-0.020913 -0.008341 -0.309763 1.000000
0.275950 -0.019598 -0.261975 1.000000
0.118698 -0.004980 0.208269 1.000000
-0.827810 0.139635 0.007711 2.000000
0.330279 -0.040104 -0.242824 3.000000
0.528309 0.016152 -0.077937 0.000000
0.181651 -0.036092 0.087236 0.000000
-0.017891 0.004218 -0.506856 1.000000
0.146944 -0.035623 0.216217 1.000000
-0.098640 0.015996 -0.077963 0.000000
0.320533 -0.104386 -0.290195 3.000000
-0.005331 -0.018321 0.312001 1.000000
-0.582773 0.090075 -0.015271 0.000000
-0.145594 -0.060950 -0.040233 0.000000
-0.888913 0.216945 0.004741 2.000000
-0.358946 -0.070278 -0.018971 0.000000
-0.055100 0.024464 -0.519415 1.000000
0.073516 -0.024731 -0.275603 1.000000
0.198588 -0.043882 -0.147039 1.000000
0.116718 0.000258 -0.228675 1.000000
0.562756 0.075301 -0.046226 0.000000
-0.327079 -0.042006 -0.060844 0.000000
-0.011116 -0.116789 0.158658 3.000000
-0.018281 -0.002843 0.348454 1.000000
-0.947801 0.054169 -0.266561 2.000000
0.519554 0.004896 0.088461 0.000000
0.281996 -0.064024 -0.203687 3.000000
0.033936 -0.008706 -0.413912 1.000000
0.086232 0.045987 -0.069547 0.000000
-0.803760 0.230651 -0.001409 2.000000
-0.319731 0.078688 -0.041979 0.000000
0.703072 -0.073639 0.012714 0.000000
0.262948 -0.019285 0.096721 1.000000
0.019892 0.001665 0.337771 1.000000
-0.104451 -0.070903 -0.017069 0.000000
0.266336 -0.052559 0.294204 3.000000
-0.707116 0.117356 -0.004197 2.000000
0.569713 0.069438 0.063837 0.000000
-0.062161 -0.003234 -0.418107 1.000000
0.090088 0.032073 0.085256 0.000000
0.656821 0.070767 0.062170 0.000000
-0.250056 0.091378 0.022199 0.000000
0.176857 -0.042944 0.158970 1.000000
-0.837269 0.036815 -0.087343 2.000000
0.088238 -0.010947 0.200531 1.000000
0.152572 -0.028457 0.273568 1.000000
0.023618 -0.053576 0.141069 1.000000
-0.020965 -0.051960 0.026602 0.000000
0.018823 -0.122417 0.118973 3.000000
-0.689554 -0.024418 0.035175 0.000000
-0.008015 0.031187 -0.075253 0.000000
0.008739 -0.019676 0.214705 1.000000
-0.724261 0.090362 0.013183 2.000000
-0.902150 0.042886 0.183750 2.000000
0.814307 0.052710 0.070742 0.000000
0.803259 0.078011 -0.034370 0.000000
-0.933652 0.335112 0.005314 2.000000
-0.316526 0.057921 0.073374 0.000000
0.056371 -0.000081 0.439575 1.000000
-0.808841 0.031083 -0.083200 2.000000
-0.703650 0.083300 0.010812 0.000000
0.031330 -0.135993 -0.150609 3.000000
0.433541 -0.073379 -0.005161 0.000000
0.035682 0.012739 -0.078302 0.000000
-0.220351 0.040228 -0.761612 1.000000
0.019787 0.016725 -0.427696 1.000000
-0.530842 0.051589 -0.063606 0.000000
-0.846076 0.244904 0.009170 2.000000
-0.817179 0.036085 0.142529 2.000000
-0.241431 0.046586 0.808928 1.000000
0.178003 -0.074395 -0.015662 0.000000
0.158591 -0.044247 0.269789 1.000000
-0.368613 0.061856 0.070221 0.000000
0.135453 -0.019155 0.102453 1.000000
-0.110496 -0.037394 -0.064492 0.000000
0.877052 0.048984 0.058209 0.000000
-0.208964 0.059328 -0.061964 0.000000
0.306697 -0.057119 0.084709 0.000000
0.042769 -0.091514 -0.130806 1.000000
0.106061 0.001039 0.365652 1.000000
-0.129648 0.027356 -0.599279 1.000000
0.224958 -0.109180 -0.237300 3.000000
-0.704510 0.024099 0.057636 0.000000
0.945294 -0.022438 0.046223 0.000000
-0.072375 0.022067 0.532232 1.000000
0.138033 -0.021213 -0.287667 1.000000
0.366445 -0.073900 0.000103 0.000000
-0.052885 0.002108 0.405180 1.000000
-0.018177 -0.020796 -0.271825 1.000000
-0.700680 -0.004094 0.051643 0.000000
-0.200496 0.040802 0.799131 1.000000
-0.047178 0.000935 0.476523 1.000000
-0.316604 -0.064545 -0.032989 0.000000
-0.803890 0.032880 -0.023453 0.000000
-0.802509 0.041375 0.164494 2.000000
0.857718 -0.057015 -0.008574 0.000000
0.333874 -0.117414 0.281124 3.000000
-0.272647 0.068839 0.064593 0.000000
0.724047 0.023370 -0.077233 0.000000
-0.394566 -0.072675 -0.011727 0.000000
-0.092178 0.026835 -0.565483 1.000000
-0.198255 0.044554 0.080540 0.000000
-0.127980 0.007397 0.499870 1.000000
0.980471 -0.035935 0.003568 0.000000
-0.355689 0.081659 -0.036220 0.000000
-0.443839 0.027799 -0.076374 0.000000
-0.382424 -0.006361 0.087340 0.000000
-0.463486 -0.030229 -0.068062 0.000000
-0.195206 0.035121 0.736959 1.000000
0.934116 -0.042684 0.035983 0.000000
-0.009631 0.000075 -0.479053 1.000000
-0.855508 0.228983 0.006434 2.000000
0.021663 -0.020015 0.200114 1.000000
-0.392950 -0.009462 0.086559 0.000000
0.195461 -0.009566 0.127494 1.000000
-0.579047 -0.022620 0.065922 0.000000
0.289787 -0.096282 0.235525 3.000000
0.028125 -0.100425 -0.134272 1.000000
-0.032065 -0.074395 0.007920 0.000000
0.808288 0.004296 0.084240 0.000000
0.064136 -0.000837 0.281932 1.000000
0.042743 -0.017722 -0.328446 1.000000
0.287963 -0.029134 -0.083383 1.000000
0.026484 0.015944 0.462557 1.000000
0.074897 -0.018086 0.352519 1.000000
0.866317 0.067093 -0.031895 0.000000
0.017260 -0.126274 0.141669 3.000000
0.327829 -0.108633 0.275808 3.000000
-0.358894 0.053726 0.075954 0.000000
-0.132748 0.026705 -0.682035 1.000000
0.572449 0.082779 -0.033901 0.000000
0.196295 -0.014126 -0.076947 0.000000
0.033649 -0.027988 0.130621 1.000000
0.180687 -0.031479 -0.215959 1.000000
-0.190751 0.037310 -0.754186 1.000000
-0.330805 -0.069314 -0.021837 0.000000
0.212685 -0.084974 -0.287771 3.000000
0.029767 -0.074395 -0.027361 1.000000
0.125421 -0.021213 0.096877 1.000000
-0.035166 0.030014 -0.075644 0.000000
0.447508 -0.024184 0.081373 0.000000
0.026093 0.014250 -0.466703 1.000000
-0.324187 0.043407 -0.070824 0.000000
-0.460333 0.068578 -0.054538 0.000000
0.070129 -0.017461 -0.344523 1.000000
-0.225015 -0.066135 0.040100 0.000000
0.218469 0.092420 0.012401 0.000000
-0.883884 0.037701 0.117827 2.000000
-0.345449 -0.073327 -0.005473 0.000000
-0.153646 0.029493 0.706916 1.000000
0.258753 -0.011233 -0.076947 0.000000
-0.288880 -0.073665 -0.002034 0.000000
-0.104451 0.007866 -0.504641 1.000000
-0.163600 0.082128 -0.035230 0.000000
0.956447 -0.026815 0.039344 0.000000
0.192830 -0.034684 -0.193524 1.000000
0.307531 -0.110119 0.229375 3.000000
-0.237939 -0.041485 0.071524 0.000000
-0.701774 0.068344 -0.032963 0.000000
0.479088 0.042105 -0.071475 0.000000
-0.885995 0.053127 0.274089 2.000000
-0.019793 -0.037785 -0.131718 1.000000
-0.040925 -0.032522 -0.076947 0.000000
0.967260 -0.035987 0.023788 0.000000
0.382027 0.080304 -0.038878 0.000000
0.132639 0.042521 -0.071267 0.000000
0.323452 -0.098185 -0.224740 3.000000
0.087535 -0.026529 -0.080386 1.000000
0.029246 -0.031975 -0.093884 1.000000
0.675582 0.089007 -0.018945 0.000000
0.284367 -0.025330 0.253843 3.000000
-0.036521 0.001378 -0.077833 0.000000
0.175580 -0.074395 0.022538 0.000000
-0.016614 -0.018373 -0.242172 1.000000
0.287650 0.069673 0.063551 0.000000
-0.155183 -0.042866 0.070430 0.000000
0.305994 -0.042241 0.226066 3.000000
-0.202137 0.037310 -0.714007 1.000000
0.465096 -0.071060 -0.016600 0.000000
0.686265 0.002655 -0.077963 0.000000
0.257581 -0.063347 -0.204989 3.000000
0.133447 0.092159 -0.004770 0.000000
0.127766 -0.048625 0.261608 1.000000
-0.212169 0.086974 0.035227 0.000000
0.125994 -0.009409 0.176376 1.000000
0.091469 -0.001645 -0.382018 1.000000
-0.533292 -0.062982 0.017952 0.000000
0.048893 -0.042580 0.122960 1.000000
-0.028027 -0.033330 0.177080 1.000000
0.307948 -0.047478 -0.210696 3.000000
0.108823 0.003645 0.319558 1.000000
0.060123 -0.132762 -0.108397 3.000000
-0.589704 -0.053263 -0.001982 0.000000
-0.879038 0.025454 0.018473 0.000000
0.098791 0.002446 -0.364456 1.000000
0.204321 0.038535 -0.072830 0.000000
-0.070681 -0.028978 0.084917 0.000000
-0.008302 0.020894 -0.471732 1.000000
-0.215035 0.081841 -0.035855 0.000000
-0.698204 0.108627 -0.004092 2.000000
-0.123107 0.038040 -0.666974 1.000000
0.189781 -0.049563 0.103939 1.000000
0.055954 -0.064076 0.085595 1.000000
-0.519013 -0.062070 -0.021107 0.000000
0.466737 -0.015142 -0.074393 0.000000
0.296405 -0.115200 -0.223750 3.000000
0.706381 0.079131 -0.041249 0.000000
-0.128084 0.010628 0.516025 1.000000
0.193950 -0.010634 0.219161 1.000000
0.271912 -0.058031 -0.285270 3.000000
0.001496 -0.115616 0.155687 3.000000
0.109110 -0.003156 -0.355362 1.000000
-0.682857 0.127701 0.001458 2.000000
0.198562 -0.048807 0.112381 1.000000
0.235771 -0.105663 0.274975 3.000000
-0.135823 0.014380 0.543228 1.000000
-0.893030 0.052501 -0.238264 2.000000
-0.850089 0.035903 0.131168 2.000000
0.031018 -0.010921 0.400385 1.000000
0.288015 -0.108659 0.271822 3.000000
0.568385 -0.043830 0.069648 0.000000
0.243328 -0.016236 0.124784 1.000000
-0.186399 -0.027623 -0.069364 0.000000
0.308547 -0.083437 0.228880 3.000000
0.346981 -0.033955 0.076501 0.000000
0.400632 0.047420 0.079107 0.000000
0.843751 -0.087606 0.037129 0.000000
-0.203388 0.040906 0.747252 1.000000
0.764044 0.079600 -0.040337 0.000000
0.003215 -0.014699 0.258272 1.000000
0.078389 -0.122808 -0.109361 3.000000
0.692857 0.061829 -0.059958 0.000000
-0.023024 -0.050136 -0.016313 0.000000
0.567473 0.027122 0.086898 0.000000
0.129095 -0.025773 -0.275368 1.000000
-0.527403 -0.064858 -0.000080 0.000000
0.082271 -0.069835 0.076501 1.000000
0.692023 -0.007742 -0.076843 0.000000
-0.169098 0.090778 -0.013707 0.000000
0.955952 0.048045 -0.006672 0.000000
0.078832 -0.049954 0.026602 0.000000
0.017130 0.017299 0.471885 1.000000
-0.052728 0.089554 -0.017329 0.000000
0.317511 -0.108477 0.298686 3.000000
0.778688 0.058260 0.071211 0.000000
0.209063 0.063758 0.068684 0.000000
0.237230 -0.017148 -0.256373 1.000000
0.804015 0.066598 0.060997 0.000000
0.522395 0.030744 0.085699 0.000000
0.339529 -0.059673 -0.215308 3.000000
0.026536 -0.070955 -0.101805 1.000000
0.148351 -0.019103 0.087236 0.000000
0.605724 0.060891 0.071003 0.000000
-0.068258 -0.057562 -0.073273 0.000000
0.586155 0.041557 -0.071762 0.000000
0.021846 0.042834 0.081400 0.000000
-0.789116 0.026080 0.047812 2.000000
-0.874243 0.050729 -0.217757 2.000000
0.680689 -0.011155 -0.075696 0.000000
-0.903739 0.038431 0.129474 2.000000
0.255418 -0.074395 -0.041458 0.000000
0.338044 -0.039505 -0.264190 3.000000
0.310840 -0.092139 -0.251292 3.000000
0.187175 -0.013891 0.087236 0.000000
0.264955 -0.066917 -0.072856 0.000000
0.361390 -0.039687 -0.062694 0.000000
0.222925 -0.013526 -0.092320 1.000000
-0.120476 0.036711 -0.646494 1.000000
-0.325985 0.001977 -0.077885 0.000000
0.847478 0.078871 -0.013812 0.000000
0.315713 -0.034398 -0.073976 0.000000
-0.796803 0.102009 0.008858 2.000000
-0.087488 -0.070486 0.044373 0.000000
0.254714 -0.020927 0.137995 1.000000
-0.116671 0.016100 -0.580596 1.000000
0.553480 -0.021917 -0.072126 0.000000
-0.016927 0.022328 -0.507064 1.000000
0.077789 -0.047192 0.093177 1.000000
0.193325 -0.045759 -0.076947 0.000000
0.278634 -0.122808 -0.242433 3.000000
-0.204456 0.089476 -0.017512 0.000000
0.031278 -0.139797 -0.111081 3.000000
-0.510909 -0.026763 0.074495 0.000000
0.679516 -0.027493 -0.069443 0.000000
-0.381798 0.068292 -0.054747 0.000000
-0.018229 0.005443 0.524233 1.000000
0.643324 -0.065952 0.040491 0.000000
0.182042 -0.007455 0.171035 1.000000
0.231185 -0.103344 0.246964 3.000000
-0.417496 0.091925 -0.006933 0.000000
-0.128918 0.036216 0.660900 1.000000
-0.067972 0.009925 -0.449818 1.000000
-0.727622 0.135570 -0.003754 2.000000
-0.238434 0.043095 0.789802 1.000000
0.048450 -0.028900 0.110791 1.000000
0.613384 -0.005032 -0.077181 0.000000
-0.654064 0.055393 -0.050499 0.000000
0.032555 -0.058422 0.093386 1.000000
0.238924 -0.074395 0.044764 0.000000
0.037245 -0.121662 0.120198 3.000000
-0.847744 0.035851 0.092291 2.000000
0.349482 0.018054 -0.077755 0.000000
-0.224885 0.045987 -0.069547 0.000000
0.046052 0.079991 -0.039529 0.000000
0.268759 -0.025669 -0.262444 3.000000
0.508767 0.089606 -0.017173 0.000000
-0.173501 0.025324 0.650868 1.000000
-0.885656 0.038795 0.127572 2.000000
0.216385 -0.020744 -0.241312 1.000000
-0.681919 0.080903 0.029469 0.000000
0.595483 0.088850 0.029651 0.000000
-0.238982 -0.067907 -0.026058 0.000000
-0.453923 0.081294 -0.036924 0.000000
0.001860 -0.011312 -0.370606 1.000000
-0.867911 0.011253 -0.006385 0.000000
-0.481204 0.092264 0.013939 0.000000
0.626856 0.090570 -0.014307 0.000000
-0.346986 -0.073431 0.014877 0.000000
0.275299 -0.117076 -0.276541 3.000000
0.166773 -0.069809 -0.266040 3.000000
0.126281 0.079704 0.050366 0.000000
0.920723 0.062741 -0.004614 0.000000
-0.747868 0.035486 -0.086015 2.000000
0.441749 0.091586 -0.010424 0.000000
0.108458 -0.040235 -0.146675 1.000000
-0.314754 0.010237 0.088826 0.000000
0.233087 -0.065275 -0.074263 0.000000
-0.159040 0.029702 0.647976 1.000000
-0.414760 -0.040730 -0.061860 0.000000
-0.828071 0.046560 -0.168771 2.000000
-0.019532 -0.029916 -0.196156 1.000000
-0.502545 0.037414 -0.071032 0.000000
-0.025395 -0.023819 0.222523 1.000000
-0.487745 0.084838 0.040022 0.000000
-0.083241 0.083352 0.043070 0.000000
0.253672 -0.106861 -0.218799 3.000000
0.224723 -0.016523 -0.173278 1.000000
0.367904 -0.054644 0.058965 0.000000
-0.772492 0.034887 -0.052219 2.000000
-0.857306 0.035825 0.094662 2.000000
-0.136396 0.039994 -0.683911 1.000000
0.005639 0.002160 -0.341709 1.000000
-0.016041 -0.018347 0.253348 1.000000
0.074611 -0.033694 0.205560 1.000000
0.063797 -0.012693 0.211865 1.000000
-0.159118 -0.074160 0.007503 0.000000
0.018250 -0.002504 0.464485 1.000000
-0.178400 0.035695 -0.746629 1.000000
0.360244 0.077932 0.053232 0.000000
-0.610550 0.091743 -0.006698 0.000000
0.084538 -0.053237 -0.050187 0.000000
0.039721 -0.072701 0.065896 1.000000
-0.174908 0.031838 -0.661216 1.000000
0.153432 -0.040886 -0.076947 0.000000
0.579016 -0.020484 -0.072595 0.000000
0.166069 -0.005188 0.177184 1.000000
0.637513 -0.051439 -0.052688 0.000000
0.069842 0.009221 -0.335299 1.000000
-0.182699 0.091638 -0.009981 0.000000
0.023149 -0.119343 0.127833 3.000000
-0.889200 0.042313 -0.173435 2.000000
0.489433 0.080903 0.047995 0.000000
-0.026672 -0.028222 -0.178568 1.000000
-0.619539 0.055029 0.067850 0.000000
0.242598 -0.013787 0.087236 0.000000
-0.021148 -0.006439 -0.406460 1.000000
0.140091 -0.023793 -0.262496 1.000000
-0.023024 0.018080 -0.077755 0.000000
0.858812 -0.127160 -0.007115 3.000000
0.676624 0.039551 -0.072491 0.000000
-0.159847 0.019409 -0.579163 1.000000
-0.212430 -0.035127 0.075902 0.000000
-0.014138 0.084968 -0.029524 0.000000
0.357430 -0.074082 0.001901 0.000000
0.488078 -0.068819 0.033586 0.000000
-0.069717 0.015553 0.088279 0.000000
0.491804 0.092368 -0.002555 0.000000
0.340389 -0.034346 -0.255617 3.000000
-0.750735 0.125799 -0.002060 2.000000
-0.314494 -0.038254 -0.063840 0.000000
0.680011 -0.063816 -0.034474 0.000000
-0.479902 0.035460 -0.073664 0.000000
-0.409705 0.068213 0.065088 0.000000
-0.112789 0.029754 0.610949 1.000000
-0.049315 -0.011624 -0.076947 0.000000
-0.022763 -0.037915 0.110401 1.000000
-0.607866 0.060813 -0.054642 0.000000
0.505901 0.091326 0.022303 0.000000
0.019006 -0.017930 -0.315470 1.000000
-0.062891 -0.012276 -0.326387 1.000000
-0.033134 -0.034059 0.151935 1.000000
-0.006660 -0.008862 0.305904 1.000000
-0.663497 0.070350 -0.039034 0.000000
0.274517 -0.037264 0.256162 3.000000
-0.384039 -0.056598 0.056515 0.000000
-0.061014 0.036059 -0.073638 0.000000
0.104341 -0.021917 -0.098756 1.000000
-0.739087 0.075718 -0.001617 2.000000
0.282126 -0.120802 0.246651 3.000000
0.037558 0.064670 -0.057665 0.000000
0.495634 -0.038150 -0.063919 0.000000
0.225817 -0.047009 0.128041 1.000000
0.886432 0.004974 0.068840 0.000000
0.150514 -0.004745 -0.280085 1.000000
-0.146532 -0.067750 0.036817 0.000000
0.207500 -0.092218 0.292797 3.000000
0.484873 -0.074082 0.008180 0.000000
-0.260869 -0.017487 -0.073612 0.000000
-0.369447 0.075014 0.056880 0.000000
0.077451 0.002915 0.412814 1.000000
-0.716340 0.081945 0.000468 0.000000
0.033441 0.003098 -0.321411 1.000000
0.049205 -0.052142 -0.127966 1.000000
-0.451943 0.051068 -0.067019 0.000000
0.231810 -0.004198 0.087549 0.000000
0.445475 -0.016705 -0.073846 0.000000
-0.133869 -0.037264 -0.064544 0.000000
-0.059686 0.073737 -0.048180 0.000000
0.122607 -0.028509 0.272082 1.000000
-0.757952 0.032646 -0.034422 0.000000
0.007801 -0.029004 0.147323 1.000000
-0.172511 0.004583 0.088435 0.000000
0.015123 -0.025825 0.163791 1.000000
0.704244 0.083430 0.042888 0.000000
-0.044416 0.005599 -0.515194 1.000000
0.272850 -0.044508 -0.089636 1.000000
0.066507 -0.016627 0.087236 0.000000
0.358863 0.025897 0.087262 0.000000
0.639623 -0.061445 -0.039243 0.000000
0.606662 0.089632 0.027384 0.000000
0.013977 -0.056285 0.026602 0.000000
0.411575 -0.070825 0.027593 0.000000
0.485394 -0.023610 0.081660 0.000000
-0.202606 0.031161 -0.679950 1.000000
0.187514 -0.085860 -0.235215 3.000000
-0.369942 -0.068376 0.034940 0.000000
-0.046266 -0.013579 0.316300 1.000000
-0.036677 -0.024366 0.247485 1.000000
0.023852 -0.130990 -0.138962 3.000000
0.216229 -0.012328 0.149355 1.000000
0.127688 -0.060220 -0.076947 0.000000
-0.001058 -0.135836 0.152404 3.000000
-0.701045 0.059901 0.049845 0.000000
-0.004081 0.040228 -0.072257 0.000000
0.303857 0.092915 0.007503 0.000000
0.214170 -0.032704 0.268382 1.000000
0.041258 -0.074395 -0.038383 1.000000
-0.008953 -0.029343 0.161107 1.000000
0.189781 -0.008498 0.175881 1.000000
-0.878986 0.294281 0.008258 2.000000
0.111793 -0.019624 -0.107277 1.000000
0.014732 0.015162 -0.404375 1.000000
-0.008432 -0.021187 -0.272137 1.000000
-0.895505 0.052136 -0.270261 2.000000
0.172792 -0.007612 0.253087 1.000000
-0.414447 0.081294 -0.036924 0.000000
-0.075919 0.024777 0.551097 1.000000
-0.191168 0.078063 0.053076 0.000000
0.244109 -0.117362 0.257569 3.000000
-0.112763 0.017299 0.540466 1.000000
-0.023415 -0.047765 0.086585 0.000000
0.141107 -0.048312 -0.089350 1.000000
0.706407 0.046456 -0.069312 0.000000
-0.912338 0.049062 -0.235398 2.000000
0.015618 0.008101 -0.364144 1.000000
0.246663 -0.017148 -0.241755 1.000000
-0.832553 0.287115 0.008024 2.000000
-0.427241 0.001977 -0.077885 0.000000
0.454178 0.058989 0.072514 0.000000
0.033233 -0.084505 0.143232 1.000000
0.314228 -0.045003 0.243863 3.000000
