0.229280 0.018548 -0.130941 0.000000
-0.740742 0.335103 -0.005920 2.000000
0.545301 -0.124562 0.003818 0.000000
0.047617 -0.214793 -0.304386 0.000000
0.313214 0.055606 0.010728 0.000000
-0.689837 0.056486 0.088473 2.000000
0.053380 -0.032464 0.886997 1.000000
-0.031675 -0.094334 0.166004 1.000000
-0.731244 0.065131 0.354977 2.000000
0.207962 -0.091079 0.232650 1.000000
-0.099041 -0.056902 0.076974 0.000000
0.532228 -0.104392 0.070678 0.000000
0.316976 -0.079073 -0.247131 1.000000
0.075738 0.048002 0.130440 0.000000
0.255933 -0.051993 0.239774 1.000000
0.082968 -0.031450 0.957378 1.000000
0.101724 -0.101991 0.022281 0.000000
0.046977 -0.038333 0.701093 1.000000
0.320151 -0.121414 0.015718 0.000000
0.121173 -0.016403 -0.976688 1.000000
0.123655 0.207547 -0.081423 0.000000
0.149881 -0.109835 -0.051836 0.000000
0.283146 -0.112743 -0.100659 0.000000
0.009706 0.136099 0.070704 0.000000
-0.028126 -0.075605 0.384191 1.000000
0.382234 0.049576 0.113445 0.000000
0.246408 -0.144759 0.015984 0.000000
0.572301 0.053552 -0.079342 0.000000
-0.113048 0.025965 0.100879 0.000000
-0.605529 0.056673 -0.079582 2.000000
0.043109 0.210482 -0.034280 0.000000
-0.009317 -0.086543 0.187482 1.000000
0.037346 0.209175 0.024522 0.000000
0.302569 0.051711 -0.077181 0.000000
0.249850 0.101468 0.115153 0.000000
0.187339 -0.070856 -0.507072 1.000000
0.218421 -0.069175 0.111124 0.000000
0.278397 -0.057569 0.428613 1.000000
-0.163979 0.177319 0.069717 0.000000
0.067707 0.030661 0.081910 0.000000
-0.036210 -0.225145 -0.281094 0.000000
0.095961 -0.033051 -0.647247 1.000000
-0.665078 0.078844 0.009635 0.000000
0.113650 -0.087958 0.017932 0.000000
0.406726 0.073562 -0.090361 0.000000
0.313748 0.098240 0.048080 0.000000
0.079393 0.007796 -0.083424 0.000000
0.044096 -0.075258 0.327363 1.000000
-0.380565 0.096399 0.004779 2.000000
0.161220 -0.054074 -0.195292 1.000000
0.071096 0.183162 0.002671 0.000000
-0.716010 0.059208 -0.132168 2.000000
0.236456 -0.067307 0.078201 0.000000
0.121787 -0.064159 -0.057198 0.000000
0.147026 -0.100630 -0.130060 1.000000
0.224050 -0.037266 -0.526014 1.000000
0.220128 0.111980 -0.116587 0.000000
0.176374 -0.062799 -0.161756 1.000000
0.151241 -0.019551 0.024655 0.000000
0.322685 -0.082355 0.096370 0.000000
-0.577248 0.076576 0.020306 0.000000
0.238137 0.112327 -0.111758 0.000000
-0.657874 0.065051 -0.308681 2.000000
-0.203012 0.195781 -0.012830 0.000000
0.117198 -0.068508 0.540187 1.000000
0.042655 -0.071283 -0.262098 1.000000
0.381461 -0.048978 0.111471 0.000000
0.059543 0.030580 -0.116534 0.000000
-0.647069 0.086261 -0.159942 2.000000
0.475774 -0.129578 0.045759 0.000000
-0.047416 0.176652 -0.100606 0.000000
-0.619936 0.053765 -0.048474 2.000000
0.031423 0.140154 0.055524 0.000000
0.094067 -0.201266 0.270856 0.000000
0.057756 0.126067 -0.040710 0.000000
0.047271 -0.035479 0.739298 1.000000
0.240912 -0.090359 0.114566 0.000000
-0.011158 -0.030676 -0.957799 1.000000
-0.037998 -0.082515 -0.348301 1.000000
0.062932 0.137219 -0.020967 0.000000
-0.015587 -0.107594 0.035647 0.000000
0.284640 0.097120 -0.102234 0.000000
-0.027993 -0.041775 0.904179 1.000000
0.230053 -0.022032 -0.118215 0.000000
-0.653045 0.059635 -0.231737 2.000000
0.038866 -0.057516 0.481839 1.000000
0.055008 -0.022299 -0.909829 1.000000
-0.142929 0.111580 -0.093723 0.000000
0.073764 -0.247982 0.285503 0.000000
0.105886 -0.072537 -0.484047 1.000000
-0.779667 0.077083 0.318105 2.000000
0.482337 -0.076325 -0.093696 0.000000
0.067014 -0.099216 -0.121896 1.000000
0.371776 -0.076325 -0.106716 0.000000
0.281038 -0.120373 0.017452 0.000000
0.088544 -0.080354 0.106829 0.000000
-0.036024 -0.046391 0.802182 1.000000
0.239525 -0.103218 0.130760 1.000000
0.098389 -0.000128 -0.048287 0.000000
-0.731244 0.064757 0.242815 2.000000
0.289362 -0.087984 -0.273837 1.000000
-0.039732 0.004835 -0.981704 1.000000
0.257240 -0.053701 -0.084598 0.000000
0.704072 -0.002582 0.040076 0.000000
0.040494 0.120251 0.123957 0.000000
0.154816 0.206080 -0.054610 0.000000
0.081821 -0.010720 0.066382 0.000000
0.156951 -0.041615 -0.390748 1.000000
-0.733298 0.074309 0.203276 2.000000
-0.222035 0.040105 0.080523 0.000000
-0.100855 0.100028 -0.082837 0.000000
0.328501 -0.056049 -0.049221 0.000000
-0.089383 0.095492 0.106509 0.000000
-0.674549 0.124680 0.006166 2.000000
0.216393 -0.032410 0.648534 1.000000
-0.070814 -0.017523 0.103254 0.000000
0.024166 0.107525 0.089113 0.000000
0.420627 -0.116451 -0.027370 0.000000
0.014695 -0.040921 -0.111145 0.000000
0.098736 -0.087744 -0.277039 1.000000
0.175947 -0.071763 0.073773 0.000000
0.138675 -0.071389 0.500915 1.000000
-0.763766 0.078711 -0.363348 2.000000
0.479802 -0.106847 0.057391 0.000000
0.336372 -0.058396 0.113685 0.000000
-0.731911 0.062116 -0.295902 2.000000
0.535616 -0.118212 -0.024382 0.000000
-0.807254 0.074255 0.005312 2.000000
-0.682153 0.055766 -0.109704 2.000000
0.049165 -0.031690 0.785908 1.000000
0.322045 -0.092787 -0.186675 1.000000
0.144198 0.206507 -0.067203 0.000000
0.170904 -0.087264 -0.283576 1.000000
0.230854 -0.036732 -0.695510 1.000000
0.307718 -0.093720 0.196926 1.000000
0.015015 -0.031423 0.876112 1.000000
0.038119 -0.045030 -0.647060 1.000000
-0.107605 -0.006051 0.098318 0.000000
-0.051498 0.045735 -0.069284 0.000000
0.166395 0.016067 -0.131901 0.000000
0.034758 -0.071710 -0.084598 0.000000
-0.394199 0.114088 0.044345 0.000000
-0.672015 0.196795 0.008194 2.000000
-0.704644 0.060835 0.356231 2.000000
-0.006649 0.042666 0.002298 0.000000
-0.030367 -0.084863 0.317305 1.000000
-0.535495 0.105337 0.019586 0.000000
0.049432 0.099147 0.126678 0.000000
0.062051 -0.055195 -0.720243 1.000000
0.107460 -0.039881 0.927817 1.000000
-0.818887 0.069773 -0.282802 2.000000
0.110395 -0.027208 -0.714266 1.000000
-0.827691 0.072174 0.155973 2.000000
-0.004301 -0.071256 0.502836 1.000000
0.109167 -0.053754 0.085191 0.000000
-0.653926 0.084367 -0.212901 2.000000
0.612134 0.047629 -0.076541 0.000000
0.046844 0.202558 -0.026890 0.000000
0.041561 -0.071736 0.457160 1.000000
-0.502145 0.007129 -0.014857 0.000000
-0.731244 0.079244 -0.197213 2.000000
0.395014 -0.009359 -0.110264 0.000000
0.608612 0.021990 -0.091295 0.000000
-0.770543 0.064837 0.336248 2.000000
0.308919 0.079778 -0.056745 0.000000
0.100523 -0.003223 0.959272 1.000000
0.065493 -0.073604 0.173822 1.000000
0.197477 -0.028328 0.657471 1.000000
-0.810429 0.068893 0.056591 2.000000
0.678299 -0.004904 -0.070191 0.000000
0.055515 -0.051220 -0.768613 1.000000
0.124215 -0.083235 0.045759 0.000000
0.392960 -0.029102 -0.121816 0.000000
0.047991 -0.060771 0.631405 1.000000
0.153216 -0.086170 -0.298410 1.000000
0.344162 -0.121254 -0.021234 0.000000
0.161700 -0.014215 0.945773 1.000000
0.033557 -0.063145 0.005659 0.000000
-0.655607 0.055819 0.153412 2.000000
0.002742 -0.059170 -0.528415 1.000000
0.111809 0.008543 -0.118428 0.000000
0.043589 0.065157 -0.106449 0.000000
0.106980 -0.053007 0.348947 1.000000
0.029902 -0.055969 -0.709677 1.000000
0.231120 -0.024006 -0.023982 0.000000
0.456377 -0.004610 -0.103914 0.000000
0.162313 -0.041455 0.385338 1.000000
-0.365278 -0.021578 -0.017979 0.000000
0.158765 0.210348 -0.015818 0.000000
0.197317 -0.062238 0.102080 0.000000
-0.057634 0.041439 0.112618 0.000000
-0.626232 0.110940 0.001497 2.000000
0.462060 -0.064399 0.100319 0.000000
-0.027299 -0.079820 -0.384825 1.000000
0.381621 -0.120453 0.041864 0.000000
-0.013186 0.061235 -0.001731 0.000000
0.049645 -0.163381 0.241695 0.000000
0.303316 0.103176 0.060673 0.000000
0.226505 -0.062238 -0.086706 0.000000
0.024806 -0.092707 -0.209379 1.000000
0.307905 -0.121254 -0.055998 0.000000
0.165915 -0.113063 0.088180 0.000000
0.351553 -0.007331 0.126305 0.000000
-0.644561 0.185670 0.009795 2.000000
0.013601 0.173077 -0.017846 0.000000
0.169304 0.027085 -0.002025 0.000000
0.175813 -0.098016 0.152611 1.000000
0.052233 -0.099083 0.014570 0.000000
-0.648003 0.056993 -0.171014 2.000000
0.237444 -0.015149 -0.118455 0.000000
-0.096933 0.097680 0.066356 0.000000
0.175707 -0.047218 0.115553 0.000000
0.230160 0.010331 0.094076 0.000000
0.323059 0.096319 -0.001011 0.000000
0.091079 -0.034651 -0.637936 1.000000
0.147373 -0.052527 -0.756527 1.000000
0.267031 -0.000155 -0.056504 0.000000
0.305797 -0.133660 0.078468 0.000000
-0.013292 0.068039 -0.012430 0.000000
0.180909 -0.138062 -0.042471 0.000000
0.039800 -0.186966 0.307754 0.000000
0.092439 0.237402 0.042531 0.000000
0.202547 -0.053541 -0.742974 1.000000
-0.336651 0.132230 0.050241 0.000000
0.288615 0.076470 -0.104235 0.000000
0.016269 -0.058236 0.507878 1.000000
0.379540 -0.063412 -0.049915 0.000000
0.771198 0.035836 -0.006560 0.000000
0.042948 -0.082115 0.209039 1.000000
0.029102 -0.037373 0.069584 0.000000
0.165488 -0.032170 -0.541675 1.000000
-0.014413 0.091864 -0.050608 0.000000
-0.071828 0.002780 0.990674 1.000000
-0.769209 0.449159 0.003552 2.000000
0.062451 -0.071363 -0.210740 1.000000
0.202653 -0.047218 0.013743 0.000000
0.066560 -0.228880 -0.300811 0.000000
-0.266990 -0.044683 -0.018539 0.000000
0.417825 -0.139449 -0.045406 0.000000
0.190567 -0.106740 0.097598 0.000000
0.086330 -0.081581 0.063981 0.000000
0.029742 -0.090465 -0.239928 1.000000
0.169490 -0.095054 -0.177417 1.000000
0.179869 0.197195 0.029831 0.000000
-0.649497 0.132710 0.008060 2.000000
0.272394 -0.080220 -0.379489 1.000000
0.407313 -0.032997 0.109870 0.000000
-0.640159 0.307596 -0.010295 2.000000
0.162073 0.080231 -0.008961 0.000000
-0.001473 -0.066320 -0.441680 1.000000
-0.027059 -0.054581 -0.666750 1.000000
0.135981 -0.095241 0.176063 1.000000
0.373910 -0.147160 -0.007734 0.000000
0.005864 0.030207 -0.064642 0.000000
0.107407 -0.045617 -0.447042 1.000000
0.037132 -0.047271 -0.658506 1.000000
0.160926 -0.091746 0.223659 1.000000
0.030115 0.042560 -0.062774 0.000000
0.450188 -0.124482 -0.071712 0.000000
0.228799 -0.117359 0.011956 0.000000
0.274982 -0.058450 -0.524867 1.000000
-0.045975 -0.201960 0.303725 0.000000
0.308225 0.068359 0.023455 0.000000
-0.631088 0.230252 -0.010695 2.000000
-0.527944 0.102856 -0.021607 0.000000
0.033771 0.011398 -0.973433 1.000000
0.444452 0.028953 0.113739 0.000000
-0.639759 0.079191 0.250232 2.000000
-0.296658 0.067665 -0.066109 0.000000
0.261455 -0.001409 0.086339 0.000000
0.397335 -0.052874 0.120916 0.000000
0.106766 -0.080274 -0.378849 1.000000
0.035265 -0.055008 0.110404 0.000000
0.190194 -0.031957 -0.549226 1.000000
-0.030661 0.207574 0.087993 0.000000
0.210444 -0.084543 0.104054 0.000000
-0.083860 0.230918 -0.026010 0.000000
0.358329 -0.071870 0.121236 0.000000
0.262816 -0.018137 0.101546 0.000000
0.144758 -0.043936 0.378215 1.000000
-0.129509 0.184122 0.076014 0.000000
-0.282357 0.141008 0.058965 0.000000
0.042121 -0.051300 0.590585 1.000000
0.126963 -0.007305 0.010141 0.000000
-0.684608 0.084287 0.266827 2.000000
-0.795782 0.075429 0.335581 2.000000
0.143264 -0.083689 0.333553 1.000000
0.530254 -0.072777 -0.097485 0.000000
-0.026686 -0.055248 0.657845 1.000000
0.110315 -0.083822 -0.330292 1.000000
0.069842 0.166567 0.003685 0.000000
-0.047122 -0.080007 -0.382264 1.000000
0.642815 0.029220 -0.064135 0.000000
0.105993 -0.042068 -0.108770 0.000000
-0.752534 0.062996 0.234811 2.000000
0.115144 -0.047858 0.821498 1.000000
0.168983 -0.023713 -0.713519 1.000000
0.183471 -0.019951 0.842682 1.000000
0.259668 -0.000982 -0.070938 0.000000
-0.000726 0.129295 -0.038896 0.000000
0.093853 -0.080220 0.380509 1.000000
0.014988 0.126814 -0.080783 0.000000
0.634491 0.019028 0.038289 0.000000
0.324766 0.108005 0.038262 0.000000
0.154283 -0.078700 -0.400299 1.000000
0.165035 -0.053087 0.750130 1.000000
-0.048056 -0.000688 -0.988080 1.000000
-0.773718 0.234947 0.001551 2.000000
0.020111 -0.021045 0.946466 1.000000
0.063839 -0.091399 0.228462 1.000000
-0.543979 0.089916 -0.022675 0.000000
-0.708326 0.339292 0.009448 2.000000
-0.061449 -0.089452 0.101600 1.000000
-0.047709 -0.032437 -0.090228 0.000000
0.051593 -0.041748 0.904659 1.000000
0.021151 -0.023259 0.043945 0.000000
0.194916 -0.038813 0.401826 1.000000
0.088891 -0.066347 0.213041 1.000000
0.039667 -0.049832 -0.561845 1.000000
-0.729029 0.082259 -0.168453 2.000000
0.070002 0.049096 0.118221 0.000000
0.027207 -0.030463 0.061500 0.000000
0.251691 -0.046791 -0.428473 1.000000
0.157164 -0.072510 -0.484661 1.000000
0.174533 0.018094 0.121663 0.000000
0.171758 -0.026141 -0.663175 1.000000
-0.770249 0.064811 0.294814 2.000000
0.199692 -0.075071 0.450650 1.000000
0.085529 -0.018484 0.906287 1.000000
-0.608357 0.069346 0.212560 2.000000
0.007971 -0.051220 -0.623422 1.000000
0.085102 0.114835 0.127479 0.000000
-0.747785 0.132310 0.001337 2.000000
0.129177 -0.007812 -0.965029 1.000000
0.282746 0.013692 0.129453 0.000000
0.189714 -0.039080 -0.134036 1.000000
0.170024 -0.021712 0.130387 0.000000
0.178748 -0.070616 -0.118295 0.000000
-0.016894 0.044774 0.119502 0.000000
0.089371 -0.028568 -0.727740 1.000000
-0.682126 0.087035 -0.116934 2.000000
0.382288 0.024604 -0.107943 0.000000
0.053780 0.193647 0.017879 0.000000
0.163247 -0.025420 -0.677635 1.000000
0.195957 -0.098203 -0.151111 1.000000
0.417985 -0.116718 0.022681 0.000000
0.268099 -0.088464 -0.267248 1.000000
0.694574 0.041813 0.035327 0.000000
-0.005182 -0.006184 0.985632 1.000000
0.104899 -0.055035 0.326536 1.000000
0.059783 0.005181 -0.125578 0.000000
-0.714542 0.069880 -0.363348 2.000000
-0.745411 0.266829 -0.003865 2.000000
0.370655 0.044454 0.106509 0.000000
-0.748666 0.080231 -0.215996 2.000000
0.042308 -0.108261 0.095597 0.000000
0.242646 -0.082488 -0.348647 1.000000
0.257774 -0.050232 0.336594 1.000000
0.274102 -0.086810 0.290999 1.000000
-0.051498 -0.051673 0.020093 0.000000
0.530894 -0.117065 -0.039456 0.000000
-0.766621 0.064437 -0.353663 2.000000
-0.029487 0.064597 -0.105248 0.000000
-0.496836 0.129509 0.015104 2.000000
0.092012 -0.085370 0.087940 0.000000
0.188113 0.041359 -0.130834 0.000000
-0.118384 0.110540 0.044638 0.000000
0.122667 -0.063012 -0.171547 1.000000
0.480869 -0.082515 -0.102340 0.000000
0.240512 -0.073444 0.473088 1.000000
-0.020256 -0.027021 -0.963828 1.000000
0.346510 -0.093454 0.103601 0.000000
0.342748 0.106858 -0.002078 0.000000
0.013521 -0.211031 0.265066 0.000000
0.168290 0.007182 0.121182 0.000000
0.014828 -0.010400 0.031485 0.000000
0.284186 0.087782 -0.110824 0.000000
-0.690264 0.056540 -0.033400 2.000000
-0.721105 0.083086 0.078095 2.000000
0.651006 0.061822 0.023321 0.000000
0.061437 -0.100524 -0.096124 1.000000
0.425642 0.084580 0.072572 0.000000
0.017843 0.057740 -0.123577 0.000000
-0.673269 0.088075 -0.022061 2.000000
-0.720145 0.252156 0.006380 2.000000
-0.060649 0.190552 -0.092789 0.000000
0.202146 -0.115251 -0.018646 0.000000
-0.702163 0.224409 0.006860 2.000000
-0.073935 0.083887 -0.044925 0.000000
-0.664758 0.283077 0.010942 2.000000
-0.051498 -0.016643 -0.067497 0.000000
-0.093252 0.095466 -0.080009 0.000000
0.329249 -0.085770 -0.165731 1.000000
-0.016547 -0.038627 0.858423 1.000000
-0.822728 0.070147 -0.021901 2.000000
0.161113 -0.041001 0.395050 1.000000
-0.806774 0.068519 0.218643 2.000000
0.329409 0.108138 -0.014804 0.000000
0.355155 0.071667 -0.003785 0.000000
0.065466 -0.044976 0.860504 1.000000
0.004796 -0.042976 0.109977 1.000000
0.250543 -0.045163 0.128039 0.000000
0.039694 -0.210257 -0.272690 0.000000
0.045483 -0.055835 -0.122430 1.000000
0.207989 -0.029929 0.669798 1.000000
0.072056 -0.050846 0.780625 1.000000
-0.141035 0.065664 0.097277 0.000000
-0.659048 0.062996 0.291933 2.000000
0.021471 -0.081288 0.180838 1.000000
0.297233 -0.066240 0.352736 1.000000
0.473773 -0.040414 -0.101220 0.000000
-0.232546 -0.030623 0.057204 0.000000
-0.612892 0.081966 -0.152365 2.000000
0.552131 -0.075391 -0.090735 0.000000
0.172238 0.073535 -0.011362 0.000000
0.016882 0.142635 -0.043565 0.000000
-0.148745 0.128762 -0.043485 0.000000
-0.639652 0.341426 0.008727 2.000000
0.141743 -0.023126 -0.730914 1.000000
0.001328 -0.054795 -0.591646 1.000000
0.442477 0.093891 -0.010589 0.000000
0.264203 -0.081741 -0.358626 1.000000
0.125282 0.057420 -0.131875 0.000000
0.441570 0.034102 -0.100419 0.000000
0.149614 -0.040361 0.425571 1.000000
0.032250 -0.230641 -0.312176 0.000000
-0.727722 0.082392 0.205117 2.000000
0.051112 -0.174453 -0.255322 0.000000
0.170718 0.057714 0.129667 0.000000
0.288375 -0.053567 0.108403 0.000000
0.239551 -0.088038 0.274137 1.000000
-0.707552 0.102696 -0.002211 2.000000
0.247609 -0.139022 0.054723 0.000000
0.189794 -0.054555 -0.125098 0.000000
-0.742849 0.080818 -0.273277 2.000000
0.051459 -0.041561 0.645732 1.000000
0.210444 -0.092013 0.220244 1.000000
0.200492 -0.048712 0.054857 0.000000
-0.383820 -0.012401 -0.026383 0.000000
-0.078524 0.075002 -0.108263 0.000000
-0.684314 0.304448 -0.008988 2.000000
0.303209 0.100935 -0.062641 0.000000
-0.093332 0.095519 0.055310 0.000000
-0.776359 0.065424 0.028204 2.000000
-0.014413 -0.078726 0.307033 1.000000
-0.121265 -0.079980 0.035621 0.000000
-0.741702 0.062089 -0.378102 2.000000
0.205321 -0.087344 0.114166 0.000000
0.131578 -0.046764 -0.131981 1.000000
0.736514 -0.132726 0.059099 0.000000
-0.282037 0.154374 -0.048421 0.000000
-0.017188 -0.038146 -0.865434 1.000000
0.121894 0.206933 0.083671 0.000000
-0.039118 -0.070242 0.106935 1.000000
0.233415 -0.134594 -0.062401 0.000000
0.116745 -0.029129 -0.671072 1.000000
0.120266 -0.041508 0.907754 1.000000
-0.044454 -0.094254 0.171794 1.000000
0.370922 -0.089745 -0.041884 0.000000
0.139476 -0.051326 -0.123230 0.000000
-0.007876 -0.203081 -0.269355 0.000000
0.120827 0.048829 -0.132061 0.000000
0.160659 -0.045190 -0.856603 1.000000
0.337493 -0.147987 -0.005226 0.000000
-0.294843 -0.014108 0.052402 0.000000
0.006237 -0.095321 -0.173949 1.000000
-0.577435 0.174544 -0.012750 2.000000
0.038706 -0.067121 -0.341684 1.000000
-0.057261 -0.087291 -0.083584 1.000000
0.015922 -0.048498 -0.811407 1.000000
0.148067 0.006889 -0.060266 0.000000
0.660851 -0.044229 -0.069551 0.000000
-0.090423 -0.009866 0.101306 0.000000
0.157031 -0.036679 -0.474282 1.000000
0.568779 -0.102925 0.044425 0.000000
0.734460 0.133351 0.087299 0.000000
0.261936 -0.087851 0.276725 1.000000
0.062291 -0.034331 -0.891366 1.000000
0.461633 0.064170 -0.091908 0.000000
0.023499 -0.177148 -0.286003 0.000000
0.023979 -0.043589 -0.686706 1.000000
0.001542 -0.085290 -0.153005 1.000000
0.085716 -0.100577 -0.065869 0.000000
0.258040 -0.054208 0.175342 1.000000
0.236910 -0.077819 0.062460 0.000000
0.216607 -0.043349 -0.319540 1.000000
-0.767635 0.078311 -0.156233 2.000000
-0.797836 0.075216 -0.080783 2.000000
-0.544246 0.153387 -0.013710 2.000000
0.033824 -0.052473 0.029724 0.000000
-0.570152 0.057500 0.009181 2.000000
0.204361 -0.027021 0.750717 1.000000
0.351099 -0.051620 0.082417 0.000000
-0.671374 0.059208 -0.261031 2.000000
-0.823689 0.072468 -0.399072 2.000000
0.021685 0.145970 -0.027690 0.000000
0.271994 -0.057116 0.546164 1.000000
-0.033516 -0.077579 0.416820 1.000000
0.025286 -0.070215 0.516736 1.000000
0.531214 -0.020778 0.107602 0.000000
0.311426 -0.072297 -0.239074 1.000000
0.024940 -0.086944 0.289158 1.000000
-0.121665 0.219660 -0.024089 0.000000
0.176107 -0.086357 0.297028 1.000000
0.026514 -0.222503 0.317172 0.000000
0.020324 -0.095961 0.166164 1.000000
0.088037 -0.040788 -0.916499 1.000000
-0.046055 -0.089078 0.246204 1.000000
0.191234 -0.057729 -0.006533 0.000000
-0.342654 0.064517 -0.057838 0.000000
0.034758 -0.186753 -0.266447 0.000000
-0.679725 0.083540 0.279020 2.000000
0.420760 -0.137342 0.051548 0.000000
0.129658 -0.107327 -0.034574 0.000000
0.226318 -0.102818 -0.105302 0.000000
0.068988 -0.081741 0.359966 1.000000
-0.652112 0.216591 -0.008908 2.000000
0.224264 -0.033904 0.742633 1.000000
-0.091491 -0.079580 -0.091908 1.000000
-0.730257 0.082126 0.102160 2.000000
-0.492620 0.082286 -0.031746 0.000000
0.094120 -0.047751 0.453051 1.000000
-0.005502 0.192927 0.102320 0.000000
0.224824 -0.082995 -0.341631 1.000000
0.619977 0.062063 -0.044845 0.000000
-0.070334 0.188311 0.092448 0.000000
0.023472 -0.060584 0.457827 1.000000
0.104525 -0.130165 0.012649 0.000000
0.354434 0.076390 -0.011789 0.000000
0.380527 0.090130 0.073586 0.000000
0.015442 -0.048552 0.642077 1.000000
-0.734579 0.066038 -0.056745 2.000000
-0.658621 0.280756 -0.010135 2.000000
-0.313466 -0.024887 -0.035854 0.000000
-0.652165 0.064757 -0.291499 2.000000
0.161273 0.003154 0.132495 0.000000
0.318577 -0.042228 -0.077715 0.000000
0.090118 -0.098149 0.063821 0.000000
0.130431 -0.107434 0.002858 0.000000
0.513605 -0.009706 0.110164 0.000000
0.060370 0.154988 0.120382 0.000000
0.030702 -0.109862 -0.081690 0.000000
-0.149092 0.128975 -0.089667 0.000000
0.139476 -0.108341 0.077855 0.000000
0.102444 0.040825 0.089220 0.000000
0.229440 -0.048872 -0.208499 1.000000
0.064879 -0.243527 0.274938 0.000000
-0.017268 -0.108501 -0.005093 0.000000
0.171385 -0.058503 0.676547 1.000000
0.015015 -0.034411 -0.834458 1.000000
0.074057 -0.025260 -0.123311 0.000000
-0.767048 0.078364 -0.271543 2.000000
-0.740715 0.416343 0.009208 2.000000
0.165889 -0.019951 0.027403 0.000000
0.140489 -0.032677 -0.004266 0.000000
-0.584212 0.074389 -0.018219 0.000000
-0.421119 0.136312 -0.003999 2.000000
0.208950 -0.048765 -0.042791 0.000000
-0.028473 -0.065440 0.581968 1.000000
0.299367 0.038371 -0.056371 0.000000
0.108687 -0.198251 0.278726 0.000000
-0.152987 0.016734 0.091888 0.000000
-0.104350 0.044694 -0.102447 0.000000
-0.094345 0.102402 0.102907 0.000000
0.247395 0.155948 0.043091 0.000000
-0.002701 -0.022752 -0.114266 0.000000
-0.036824 -0.223144 0.280487 0.000000
0.360064 0.062169 0.108723 0.000000
0.280905 -0.067307 -0.082571 0.000000
0.170051 -0.071630 -0.496346 1.000000
0.463394 -0.109808 0.049788 0.000000
0.148067 -0.088731 -0.263753 1.000000
0.297846 0.032101 -0.080970 0.000000
0.321992 -0.143771 0.050455 0.000000
0.017363 -0.093720 -0.195719 1.000000
0.132165 -0.057863 -0.063895 0.000000
0.224717 0.134018 0.102827 0.000000
-0.710754 0.084180 -0.035588 2.000000
0.024566 -0.029022 0.884889 1.000000
0.038333 -0.068962 -0.039936 0.000000
-0.674469 0.075562 -0.365936 2.000000
0.045376 0.126814 0.069824 0.000000
-0.673829 0.232706 -0.006934 2.000000
0.016882 0.103923 -0.121977 0.000000
-0.089730 0.185350 -0.087666 0.000000
-0.039492 0.037064 0.115606 0.000000
0.053487 0.233453 0.065422 0.000000
-0.714836 0.145570 -0.002798 2.000000
0.031796 -0.211058 -0.318926 0.000000
0.175947 -0.091906 -0.051089 0.000000
0.411209 -0.141130 0.043945 0.000000
0.150708 -0.048018 0.819231 1.000000
-0.171450 -0.064479 -0.036308 0.000000
0.044176 -0.133420 -0.150524 0.000000
-0.357514 -0.023980 0.017825 0.000000
-0.538883 0.095466 0.014624 2.000000
-0.078898 -0.203667 0.288971 0.000000
-0.298925 0.027139 0.064621 0.000000
0.209216 -0.037560 -0.027717 0.000000
0.296006 -0.019951 -0.065335 0.000000
0.061224 -0.090385 0.242442 1.000000
-0.664198 0.053872 -0.015471 2.000000
0.097535 -0.036039 0.603819 1.000000
0.251370 -0.072910 -0.478924 1.000000
-0.432751 0.076096 0.043064 0.000000
-0.027886 -0.085903 -0.242302 1.000000
-0.795008 0.075509 -0.132061 2.000000
0.263830 -0.082675 -0.346113 1.000000
0.218848 -0.070963 0.506838 1.000000
0.241659 -0.096015 -0.164317 1.000000
0.590470 0.055019 0.072972 0.000000
-0.241537 -0.050953 -0.015338 0.000000
0.040761 -0.211618 -0.291393 0.000000
0.129738 -0.028515 -0.659706 1.000000
0.139903 -0.020378 0.014277 0.000000
0.545674 -0.104499 -0.062561 0.000000
-0.020896 0.085060 -0.036041 0.000000
0.093907 -0.103032 0.028470 0.000000
0.198838 -0.050633 -0.782593 1.000000
-0.751307 0.062863 -0.244250 2.000000
0.060530 -0.034651 -0.790917 1.000000
0.112502 -0.113036 -0.078889 0.000000
-0.823129 0.072628 -0.106609 2.000000
-0.023778 0.046375 -0.105702 0.000000
0.056929 -0.083662 0.097117 0.000000
0.121867 -0.061598 0.150717 1.000000
0.654394 0.040825 -0.072432 0.000000
0.423241 -0.132539 -0.063014 0.000000
0.112262 -0.045323 -0.438958 1.000000
-0.826330 0.072308 -0.224907 2.000000
0.254519 -0.095241 -0.175042 1.000000
0.054954 -0.084169 0.326803 1.000000
0.019017 0.005235 0.121876 0.000000
-0.372615 0.044694 -0.051836 0.000000
-0.124440 -0.045884 -0.077101 0.000000
0.231868 -0.047351 0.258503 1.000000
0.304330 0.097893 -0.071765 0.000000
0.045003 -0.111969 -0.105248 0.000000
0.078006 -0.067361 -0.554561 1.000000
0.307851 -0.083475 0.048747 0.000000
0.018697 -0.218555 -0.263833 0.000000
0.222850 -0.062238 -0.012510 0.000000
0.037506 -0.097829 0.057258 0.000000
0.097322 -0.043482 0.880994 1.000000
0.131018 -0.036706 -0.517904 1.000000
0.310679 -0.099750 -0.111331 0.000000
0.308758 0.077510 -0.088840 0.000000
0.055194 -0.167410 0.248231 0.000000
-0.010171 -0.057116 -0.694257 1.000000
0.312707 0.115956 -0.044125 0.000000
0.060984 -0.028809 0.868055 1.000000
0.220529 -0.142411 0.030471 0.000000
0.036599 -0.016403 -0.042551 0.000000
0.069388 -0.054341 0.733108 1.000000
0.191341 -0.078113 0.409323 1.000000
0.173332 0.008116 -0.065015 0.000000
-0.194208 0.156055 0.056591 0.000000
0.176240 -0.004290 0.132201 0.000000
0.193449 -0.028462 0.639916 1.000000
0.129631 -0.014455 0.905540 1.000000
0.652980 0.006275 -0.056264 0.000000
-0.185403 0.200850 0.018279 0.000000
0.385863 0.101122 -0.017259 0.000000
-0.484083 0.000272 -0.003545 0.000000
-0.567083 0.102216 -0.014110 0.000000
-0.048136 -0.092653 -0.050928 0.000000
-0.706885 0.361302 0.010115 2.000000
-0.644801 0.055313 -0.124511 2.000000
0.208363 0.014679 -0.066936 0.000000
0.105432 -0.072617 0.484053 1.000000
-0.041573 0.051577 -0.114640 0.000000
0.389892 -0.058263 0.120782 0.000000
-0.198877 0.058007 0.085698 0.000000
-0.724254 0.340732 -0.006880 2.000000
0.184991 -0.047138 0.831076 1.000000
-0.666172 0.332515 0.011102 2.000000
0.087397 -0.015896 -0.058799 0.000000
0.094867 -0.030703 -0.683078 1.000000
0.142624 -0.078299 -0.101326 0.000000
0.052873 -0.230587 0.274564 0.000000
-0.354873 0.008596 -0.048794 0.000000
0.078352 0.081405 0.079162 0.000000
0.236350 -0.007945 0.045279 0.000000
-0.776119 0.065398 -0.244863 2.000000
0.179148 -0.049939 0.146955 1.000000
0.015308 -0.031557 -0.872450 1.000000
-0.044855 -0.101804 0.018172 0.000000
0.267298 -0.053754 -0.298223 1.000000
0.158018 -0.021071 -0.767626 1.000000
-0.753521 0.335983 0.006246 2.000000
0.012427 0.164940 0.005286 0.000000
0.127737 -0.076405 -0.031105 0.000000
0.465849 -0.105806 -0.078729 0.000000
-0.345535 0.142555 -0.039083 0.000000
-0.741222 0.080738 -0.296088 2.000000
-0.273260 0.172890 -0.026997 0.000000
0.420813 -0.065173 0.105015 0.000000
-0.084341 0.025245 0.996117 1.000000
-0.322644 0.163259 0.011716 0.000000
0.224157 -0.122241 -0.084358 0.000000
0.632944 0.062943 0.034527 0.000000
-0.085301 0.090690 -0.057438 0.000000
0.204948 -0.029982 0.644985 1.000000
-0.024578 -0.035772 -0.092842 0.000000
-0.781588 0.076870 -0.122830 2.000000
0.080167 -0.180803 -0.283095 0.000000
0.122321 -0.080274 -0.046713 0.000000
0.031743 -0.031316 -0.008721 0.000000
-0.669293 0.056166 -0.173335 2.000000
-0.778894 0.077163 0.102560 2.000000
0.239098 -0.062238 0.625429 1.000000
0.098656 -0.234242 0.287130 0.000000
-0.027379 -0.087397 0.282995 1.000000
-0.648190 0.367225 -0.004773 2.000000
-0.318242 -0.032624 -0.014110 0.000000
-0.099335 0.226543 0.021400 0.000000
0.300541 -0.078273 -0.028357 0.000000
0.269459 -0.012160 -0.035294 0.000000
0.100417 -0.037826 0.572310 1.000000
0.016029 -0.023633 0.103414 0.000000
0.242326 -0.046791 -0.322741 1.000000
0.151535 -0.043616 -0.368577 1.000000
-0.140608 0.100028 -0.095110 0.000000
-0.032395 -0.092600 -0.105915 1.000000
0.130751 -0.014935 0.895935 1.000000
0.281092 -0.081368 -0.119309 0.000000
0.360357 -0.031023 0.125611 0.000000
0.141023 -0.059037 0.180411 1.000000
-0.211256 0.004915 -0.077822 0.000000
0.259614 -0.052927 -0.632520 1.000000
0.726830 0.013185 0.026576 0.000000
0.053220 -0.099190 -0.047807 0.000000
-0.733245 0.061022 -0.239554 2.000000
-0.773531 0.206533 0.000377 2.000000
0.176587 -0.066827 0.013210 0.000000
0.178135 -0.044683 -0.020807 0.000000
-0.487658 0.049817 0.034153 0.000000
-0.710087 0.058594 -0.091001 2.000000
0.100843 -0.005571 0.986112 1.000000
-0.143703 0.183989 -0.069951 0.000000
0.019123 -0.052180 0.659286 1.000000
-0.162645 -0.071123 0.024335 0.000000
0.744305 0.014733 0.023641 0.000000
0.094147 -0.048712 -0.808713 1.000000
0.044763 -0.146573 0.195459 0.000000
-0.673589 0.047415 0.009501 0.000000
0.010693 0.005662 -0.045539 0.000000
0.004076 -0.070536 -0.370285 1.000000
-0.825370 0.070440 -0.327437 2.000000
-0.359568 0.091704 0.054777 0.000000
0.223997 0.052858 0.118274 0.000000
0.004530 -0.078219 0.134095 1.000000
-0.105978 0.003634 -0.098552 0.000000
0.249369 -0.045724 0.450810 1.000000
0.021578 -0.191395 0.269468 0.000000
0.235549 -0.063012 0.113926 0.000000
0.064319 -0.124082 -0.014270 0.000000
0.471211 -0.108394 -0.037535 0.000000
0.146839 -0.024566 -0.698925 1.000000
-0.043841 -0.045884 0.828729 1.000000
-0.019722 -0.053727 0.741619 1.000000
0.409261 0.097600 0.034713 0.000000
0.172852 -0.019898 0.803276 1.000000
0.136061 -0.090119 -0.244677 1.000000
-0.384141 0.137940 -0.031826 0.000000
0.022458 -0.035905 0.796446 1.000000
0.094600 -0.084249 -0.324742 1.000000
0.048418 -0.179976 -0.306387 0.000000
-0.504333 0.168088 0.013023 2.000000
0.131845 -0.091373 -0.102981 0.000000
-0.785937 0.076443 -0.240061 2.000000
-0.018868 -0.096041 -0.164077 1.000000
0.280318 -0.083155 -0.064802 0.000000
-0.029274 -0.079820 -0.119789 1.000000
0.303876 -0.077552 -0.110131 0.000000
0.207242 -0.031370 -0.003599 0.000000
0.236296 -0.039561 0.755573 1.000000
0.618377 0.065264 0.035407 0.000000
0.351473 -0.121094 -0.041857 0.000000
0.231361 -0.090679 -0.237180 1.000000
0.277463 -0.111783 0.102347 0.000000
0.164128 -0.051967 -0.021687 0.000000
0.046844 -0.084462 0.297055 1.000000
-0.045175 -0.095241 -0.175096 1.000000
0.032757 -0.057569 -0.688013 1.000000
0.259614 -0.049032 -0.515636 1.000000
-0.802318 0.068065 0.049147 2.000000
0.078859 0.183802 -0.109144 0.000000
-0.050457 -0.086170 0.075293 1.000000
-0.665265 0.058247 -0.229362 2.000000
0.635718 -0.219782 0.000857 0.000000
0.016589 -0.018697 -0.010295 0.000000
0.297953 -0.099216 0.112645 0.000000
0.171358 0.045014 0.121102 0.000000
0.210977 -0.043696 -0.876692 1.000000
-0.796289 0.347109 -0.001171 2.000000
-0.011905 -0.074751 0.455079 1.000000
0.004076 0.020015 0.037915 0.000000
0.033237 -0.080034 0.094983 0.000000
0.154736 -0.046657 0.837906 1.000000
-0.030794 -0.029662 -0.949501 1.000000
-0.051498 0.038558 -0.040363 0.000000
-0.531973 0.023911 -0.021928 0.000000
0.071816 0.223928 0.079429 0.000000
0.027047 -0.103405 0.067503 0.000000
0.597353 0.039038 -0.085906 0.000000
0.073497 -0.045243 -0.855749 1.000000
0.246968 -0.086543 -0.293394 1.000000
0.347631 0.099788 -0.055117 0.000000
0.054207 0.086715 -0.062401 0.000000
-0.060676 -0.050979 0.095383 1.000000
-0.622897 0.234093 0.012489 2.000000
0.426816 -0.142197 -0.009975 0.000000
-0.014867 0.073855 0.002591 0.000000
0.016509 -0.088865 0.028070 0.000000
0.321885 -0.097589 0.065662 0.000000
0.258787 -0.076379 -0.431781 1.000000
0.074537 0.167688 -0.019606 0.000000
-0.129216 0.079858 0.099278 0.000000
0.198758 0.010544 0.049067 0.000000
0.185552 -0.056876 -0.037615 0.000000
-0.691144 0.269524 0.008087 2.000000
0.242166 0.016173 -0.118908 0.000000
-0.602354 0.056166 0.065449 2.000000
0.035291 0.192153 0.029458 0.000000
-0.046962 -0.058103 -0.680677 1.000000
0.669548 -0.031477 -0.070138 0.000000
0.219782 -0.049966 0.792524 1.000000
-0.022043 -0.100417 -0.048687 0.000000
-0.643494 0.056326 -0.148683 2.000000
-0.014200 -0.213539 -0.269916 0.000000
-0.712408 0.083993 0.214695 2.000000
0.084382 0.010090 -0.105782 0.000000
0.049058 0.022096 0.126865 0.000000
-0.363811 0.001820 -0.044845 0.000000
-0.671668 0.085060 0.229315 2.000000
0.152869 -0.068695 -0.536286 1.000000
0.728084 0.130896 0.076467 0.000000
0.155323 0.213096 0.000804 0.000000
-0.826063 0.070493 0.232117 2.000000
-0.804293 0.074549 -0.192304 2.000000
0.379860 -0.099670 0.097598 0.000000
0.243660 -0.089532 -0.102314 0.000000
-0.099335 0.165980 0.093355 0.000000
0.052927 -0.031583 -0.779925 1.000000
0.062024 -0.194970 0.317625 0.000000
0.152949 -0.045990 0.846764 1.000000
-0.388223 0.103710 0.004912 2.000000
0.188246 -0.086463 -0.163490 1.000000
0.123468 -0.045137 -0.857243 1.000000
-0.044908 -0.098069 -0.041804 0.000000
-0.775532 0.066171 -0.403821 2.000000
0.384369 -0.049539 -0.109971 0.000000
-0.734392 0.066278 0.015184 2.000000
0.228319 -0.080300 0.379762 1.000000
0.024139 0.215658 -0.033026 0.000000
0.053327 -0.043536 -0.761356 1.000000
-0.062783 0.236948 0.032979 0.000000
0.331089 -0.121521 0.015984 0.000000
-0.651231 0.026152 0.005046 0.000000
-0.450866 0.106564 -0.012856 2.000000
-0.008117 -0.083849 0.033273 0.000000
-0.021190 -0.191608 -0.302892 0.000000
0.140650 -0.042949 -0.887044 1.000000
-0.668493 0.089676 0.005713 2.000000
-0.789325 0.076043 -0.389761 2.000000
0.009359 -0.016242 -0.976821 1.000000
-0.691011 0.376990 0.009875 2.000000
0.148307 -0.055408 0.718408 1.000000
0.188460 -0.019551 0.906500 1.000000
-0.004008 -0.082755 -0.224533 1.000000
-0.671214 0.209415 0.008594 2.000000
-0.685461 0.056033 -0.064855 2.000000
-0.182522 0.176145 0.064248 0.000000
0.396722 0.074229 0.092555 0.000000
0.040654 -0.093427 -0.030945 0.000000
-0.418104 0.091170 -0.043325 0.000000
0.211564 -0.075712 -0.118188 0.000000
0.091879 -0.100043 0.122783 1.000000
0.585400 0.071214 -0.034067 0.000000
0.127043 -0.085423 0.309995 1.000000
-0.384888 -0.001355 0.038262 0.000000
-0.707685 0.084474 0.206878 2.000000
0.351073 -0.016136 0.126839 0.000000
0.185258 -0.022886 -0.107169 0.000000
0.328048 -0.107220 0.097624 0.000000
-0.565242 0.295083 0.002778 2.000000
0.030516 0.082099 0.125425 0.000000
-0.602247 0.066892 0.181105 2.000000
-0.786871 0.076336 0.008221 2.000000
0.094654 0.239429 0.000057 0.000000
0.082941 -0.205962 -0.298943 0.000000
0.185898 0.194581 0.005793 0.000000
0.371029 -0.069095 -0.083798 0.000000
0.157351 -0.060824 -0.018459 0.000000
-0.649977 0.069693 -0.323328 2.000000
0.095294 -0.050099 -0.416974 1.000000
0.109408 0.029246 0.132068 0.000000
0.305477 0.067158 -0.040070 0.000000
-0.721105 0.380058 -0.008481 2.000000
-0.014840 0.161071 -0.111145 0.000000
-0.653979 0.101095 0.006967 2.000000
0.169437 -0.048498 -0.811300 1.000000
0.080193 -0.067414 -0.219651 1.000000
0.212925 -0.062238 -0.039830 0.000000
0.035852 -0.040174 -0.027450 0.000000
0.064185 -0.102018 0.049121 0.000000
0.265217 -0.118132 -0.081583 0.000000
0.190674 -0.033531 0.515455 1.000000
-0.051498 0.068919 0.023241 0.000000
-0.379818 -0.007331 -0.033720 0.000000
0.278264 -0.057116 0.378028 1.000000
0.040094 -0.089638 -0.163704 1.000000
0.015975 -0.071603 0.326723 1.000000
0.687904 0.036183 -0.029558 0.000000
0.251504 0.037597 -0.116507 0.000000
0.023446 -0.024860 0.075107 0.000000
0.037292 -0.213512 0.262932 0.000000
0.027581 0.163552 0.015984 0.000000
-0.741329 0.404337 0.008968 2.000000
0.097588 -0.083529 0.335687 1.000000
0.431112 -0.112663 0.092235 0.000000
0.471665 0.009130 0.102560 0.000000
-0.733885 0.073935 -0.363348 2.000000
0.378633 -0.081181 0.118088 0.000000
0.261856 -0.050686 -0.381624 1.000000
0.071389 -0.031263 -0.734276 1.000000
0.036705 0.186737 0.108216 0.000000
0.283680 -0.117892 0.084738 0.000000
0.195636 -0.132966 -0.057705 0.000000
-0.438114 0.147011 -0.005440 2.000000
0.018056 -0.108848 -0.051008 0.000000
0.042121 -0.053194 0.511160 1.000000
0.074537 0.028099 -0.098232 0.000000
-0.055820 0.163152 0.104881 0.000000
-0.755789 0.079511 -0.290859 2.000000
0.147586 -0.084516 -0.321087 1.000000
0.289949 -0.018430 -0.041404 0.000000
0.096281 0.213870 0.083884 0.000000
-0.150986 -0.015229 0.085885 0.000000
0.184351 -0.034731 -0.485061 1.000000
-0.224943 0.189325 -0.010589 0.000000
0.191768 0.174544 0.078121 0.000000
0.504721 -0.114077 0.068730 0.000000
0.175947 -0.098496 -0.058666 0.000000
0.138408 -0.015575 0.882568 1.000000
0.364572 -0.129551 0.082150 0.000000
0.535002 -0.049619 -0.103007 0.000000
0.244300 -0.043482 0.492084 1.000000
0.182056 0.043360 0.120676 0.000000
-0.061956 0.228971 0.052082 0.000000
-0.190312 0.051791 -0.085959 0.000000
-0.701949 0.144956 -0.003652 2.000000
-0.827104 0.070600 0.203649 2.000000
0.153776 -0.026434 -0.102874 0.000000
0.005090 0.023804 0.986059 1.000000
-0.021616 0.084287 0.016411 0.000000
0.120293 -0.036332 0.094076 0.000000
-0.029540 -0.047084 0.831930 1.000000
0.118265 -0.105780 0.048720 0.000000
0.153056 -0.037746 0.463990 1.000000
0.239871 -0.057676 0.126225 0.000000
-0.575754 0.064944 0.096931 2.000000
0.666614 0.038825 0.070544 0.000000
0.257987 -0.068695 0.056004 0.000000
0.072963 -0.049325 0.485307 1.000000
0.079019 -0.020805 -0.876426 1.000000
0.153029 -0.032197 0.558650 1.000000
0.096575 -0.006905 -0.115147 0.000000
-0.027032 -0.049645 -0.795693 1.000000
-0.033009 -0.025287 -0.958492 1.000000
-0.722946 0.059928 -0.017205 2.000000
0.264123 -0.139263 -0.055971 0.000000
0.286561 -0.120613 -0.075794 0.000000
0.297500 -0.099910 -0.111118 0.000000
0.042255 -0.225892 0.301591 0.000000
0.410862 -0.117465 -0.052236 0.000000
0.059010 -0.137342 -0.164291 0.000000
0.044923 -0.067761 0.107202 0.000000
-0.751067 0.062836 0.003552 2.000000
0.007304 0.151786 -0.023422 0.000000
0.259401 0.000833 -0.130381 0.000000
-0.008944 -0.037266 0.945399 1.000000
-0.756109 0.063343 -0.352303 2.000000
-0.664678 0.053899 0.012809 2.000000
0.164821 -0.063039 0.056537 0.000000
0.004156 -0.086383 0.035887 0.000000
0.006290 0.072841 -0.078915 0.000000
-0.708859 0.058461 0.004192 2.000000
0.250837 -0.057516 -0.672806 1.000000
-0.550542 0.246446 0.009394 2.000000
-0.306503 -0.017683 0.046132 0.000000
0.217541 -0.036732 0.916692 1.000000
0.097215 -0.129258 -0.005973 0.000000
0.045910 -0.094387 -0.053596 0.000000
-0.232440 0.041519 -0.077368 0.000000
0.088704 -0.022085 0.081990 0.000000
-0.729403 0.060862 -0.360360 2.000000
0.137635 -0.086784 -0.289979 1.000000
0.032250 -0.067227 0.557716 1.000000
0.041294 0.206667 -0.095030 0.000000
0.028355 0.115129 0.085592 0.000000
0.577557 -0.187553 0.005686 0.000000
-0.502065 0.088769 0.016171 2.000000
0.505628 -0.044496 0.109337 0.000000
0.036038 0.200610 -0.034040 0.000000
-0.056994 0.074976 -0.109997 0.000000
0.288002 -0.102391 -0.132035 1.000000
0.557627 0.061742 0.072279 0.000000
0.056502 -0.052847 0.742767 1.000000
0.080887 0.023003 -0.103808 0.000000
0.037452 0.057954 -0.117841 0.000000
0.154096 0.055793 -0.131768 0.000000
0.180109 -0.113116 0.062914 0.000000
-0.031755 0.037090 -0.115680 0.000000
-0.025112 0.003981 -0.978102 1.000000
0.020644 -0.089638 -0.068590 0.000000
0.193609 -0.088918 -0.261165 1.000000
0.558481 -0.099030 -0.064028 0.000000
0.209670 -0.060024 0.655871 1.000000
-0.644188 0.368239 0.004886 2.000000
-0.126361 0.115342 -0.012243 0.000000
-0.062543 0.222461 0.064515 0.000000
0.330743 0.081165 0.095223 0.000000
