-0.267073 -0.052550 -0.006449 0.000000
-0.049861 -0.022350 0.297372 1.000000
-0.037842 -0.068747 0.386246 3.000000
0.131293 -0.040297 -0.101087 1.000000
0.001134 -0.040297 -0.116724 1.000000
0.633049 0.085218 -0.025727 0.000000
-0.606393 0.110353 0.000482 2.000000
-0.038565 -0.040297 -0.234981 1.000000
-0.294939 -0.035816 -0.041667 0.000000
-0.694519 0.062556 -0.105055 2.000000
-0.004771 -0.025267 0.385569 1.000000
-0.080434 -0.028861 -0.290060 1.000000
0.554772 0.046476 0.052527 0.000000
0.188659 -0.021113 0.045386 1.000000
0.130033 -0.076495 0.242760 3.000000
-0.089396 -0.021113 0.045386 0.000000
0.465782 0.023720 0.057755 0.000000
-0.361338 0.021993 -0.068017 0.000000
0.076074 -0.040297 -0.057374 1.000000
-0.081835 -0.023633 0.392080 1.000000
-0.043793 -0.021673 0.289157 1.000000
0.006292 -0.050916 0.109940 1.000000
-0.039079 -0.040297 -0.279511 1.000000
-0.058263 -0.022887 0.369535 1.000000
-0.105990 -0.026177 0.415746 1.000000
-0.628938 0.051400 0.046856 2.000000
0.143453 -0.089612 -0.255985 3.000000
0.016794 -0.098667 -0.389319 3.000000
0.723626 -0.011521 0.051104 0.000000
0.083239 0.072171 -0.044771 0.000000
-0.034527 -0.024124 -0.403555 1.000000
-0.705838 0.185270 0.000482 2.000000
-0.162796 -0.037077 -0.441877 1.000000
0.590293 0.025938 -0.067270 0.000000
-0.841226 0.063513 0.194939 2.000000
0.581214 -0.024007 -0.053197 0.000000
0.023982 -0.128260 0.118295 3.000000
-0.081648 -0.040297 0.184880 1.000000
-0.026476 -0.121025 0.120653 3.000000
0.008952 -0.049026 -0.397674 1.000000
0.418964 0.030162 -0.066756 0.000000
0.046831 -0.088818 -0.380637 3.000000
0.709086 0.056651 -0.057374 0.000000
0.084453 -0.040297 -0.217080 1.000000
0.007599 0.071868 0.035350 0.000000
-0.498849 0.085918 0.019877 0.000000
0.206187 -0.092786 0.209386 3.000000
-0.087273 -0.040297 -0.293234 1.000000
-0.763041 0.065240 0.127491 2.000000
-0.136540 0.082440 0.021137 0.000000
-0.738349 0.065240 0.063613 2.000000
0.187843 -0.031615 0.130501 1.000000
0.488373 0.033546 0.056588 0.000000
0.385007 -0.023680 -0.053407 0.000000
-0.014526 -0.027251 -0.106315 1.000000
-0.556425 0.012448 -0.060595 0.000000
-0.109934 -0.040297 0.512647 1.000000
-0.729247 0.179949 -0.002785 2.000000
0.064218 -0.015022 0.080487 1.000000
0.519810 0.055904 -0.057888 0.000000
0.069446 -0.040297 0.109170 1.000000
0.354247 -0.020763 -0.055390 0.000000
0.253424 -0.051056 0.002396 0.000000
-0.735502 0.143424 -0.010254 2.000000
-0.599041 0.016229 0.045502 0.000000
-0.010279 -0.021020 -0.197989 1.000000
-0.099175 -0.040297 0.220542 1.000000
-0.266723 0.033779 -0.066313 0.000000
0.024052 -0.021230 0.092063 1.000000
0.099506 -0.040297 0.234265 1.000000
-0.600558 0.009134 -0.049882 2.000000
-0.092874 -0.040297 0.297349 1.000000
-0.722502 0.211479 0.000482 2.000000
-0.847410 0.062556 -0.211012 2.000000
-0.746634 0.158571 -0.004886 2.000000
-0.101836 0.015482 -0.067573 0.000000
0.697324 -0.049399 0.008767 0.000000
-0.075627 -0.040297 0.502355 1.000000
-0.115629 0.015599 0.057825 0.000000
-0.326867 0.004163 -0.066079 0.000000
-0.151804 -0.030588 0.489636 1.000000
0.045127 -0.040297 -0.186740 1.000000
-0.704018 0.127274 -0.010254 2.000000
-0.103376 -0.040297 -0.408293 1.000000
-0.740029 0.215564 -0.004886 2.000000
0.171739 0.076862 0.029795 0.000000
0.780876 -0.034999 0.033226 0.000000
-0.240560 0.084354 0.017566 0.000000
-0.590079 0.097914 -0.010254 2.000000
0.856586 0.066430 0.032549 0.000000
0.408415 0.052054 0.050450 0.000000
-0.081881 -0.025454 -0.444981 1.000000
-0.874156 0.062743 0.247194 2.000000
0.835231 -0.049633 -0.019192 0.000000
0.019221 -0.097430 0.377727 3.000000
-0.789227 0.063233 0.070148 2.000000
0.091454 -0.037730 0.027322 1.000000
-0.057166 -0.040297 -0.348360 1.000000
-0.146553 -0.040297 -0.510073 1.000000
0.128983 -0.040297 0.114865 1.000000
0.332122 -0.051360 0.001276 0.000000
-0.570941 -0.012898 0.019993 0.000000
0.395019 0.091612 -0.004326 0.000000
0.173979 -0.040297 -0.070467 1.000000
-0.335012 0.080620 -0.035179 0.000000
0.017984 -0.016842 -0.058074 1.000000
0.195661 -0.088421 0.204928 3.000000
0.638931 -0.022397 0.044522 0.000000
-0.094718 -0.027461 -0.494342 1.000000
0.108305 -0.040297 -0.243429 1.000000
0.759404 -0.033342 0.035023 0.000000
-0.759377 0.181793 -0.003765 2.000000
-0.351349 0.022904 -0.067853 0.000000
0.197365 -0.021813 0.027322 1.000000
0.328037 -0.050776 -0.013218 0.000000
0.211601 0.084588 0.017123 0.000000
0.920184 -0.003679 0.046949 0.000000
0.968915 -0.036330 0.009258 0.000000
-0.038612 -0.032129 -0.117074 1.000000
0.005171 0.059569 0.045619 0.000000
0.017588 -0.022723 -0.096350 1.000000
0.103450 -0.055117 -0.241422 1.000000
0.646072 0.090982 -0.007826 0.000000
-0.720098 0.171337 0.000482 2.000000
0.070239 -0.040297 -0.125943 1.000000
0.022535 -0.091805 -0.382294 3.000000
-0.053292 -0.040297 0.446739 1.000000
-0.006848 -0.018032 0.231931 1.000000
0.586489 0.056651 -0.057374 0.000000
-0.018447 -0.114677 -0.136259 3.000000
-0.125011 0.088952 -0.015645 0.000000
-0.175703 -0.040297 0.477896 1.000000
0.235243 0.037304 -0.065753 0.000000
-0.473480 0.027455 -0.066990 0.000000
-0.112128 0.008247 0.056938 0.000000
0.704629 0.027688 0.057288 0.000000
-0.585481 -0.013038 0.005593 0.000000
-0.429020 -0.032502 0.024498 0.000000
-0.001177 -0.060999 0.126487 1.000000
0.090987 -0.013505 0.069588 1.000000
-0.037468 -0.105085 -0.109256 3.000000
-0.301054 0.013055 0.057475 0.000000
-0.266466 -0.050333 -0.014991 0.000000
0.999978 -0.001975 -0.006263 0.000000
-0.574699 0.005446 -0.053080 0.000000
0.025033 -0.112437 -0.109769 3.000000
0.063588 -0.072271 -0.417418 3.000000
-0.170918 0.031166 -0.066640 0.000000
0.940372 -0.045385 0.007834 0.000000
0.924035 -0.042794 0.020997 0.000000
-0.725116 0.163449 0.000389 2.000000
-0.025005 -0.070241 0.398545 3.000000
0.732985 0.033826 -0.066313 0.000000
-0.740263 0.062556 -0.134998 2.000000
0.019105 -0.063239 -0.404302 3.000000
0.997458 -0.018499 -0.013684 0.000000
-0.054925 0.029252 0.057102 0.000000
-0.079058 -0.029398 -0.275240 1.000000
-0.749295 0.227466 -0.009297 2.000000
-0.103236 0.064563 -0.051983 0.000000
-0.082582 -0.014998 0.049563 0.000000
-0.018120 -0.022887 -0.189564 1.000000
0.733102 0.073408 0.033623 0.000000
-0.257831 -0.006270 0.053064 0.000000
0.014507 -0.079809 -0.418772 3.000000
0.060647 -0.040297 0.203411 1.000000
-0.084635 -0.025080 -0.436346 1.000000
-0.517613 0.091752 -0.005773 2.000000
0.639981 -0.049399 -0.018492 0.000000
-0.790114 0.062556 -0.164218 2.000000
-0.056606 0.023931 -0.067503 0.000000
-0.182844 -0.033529 0.541424 1.000000
0.153161 -0.045898 -0.026684 1.000000
0.293310 0.049043 -0.061342 0.000000
-0.062580 -0.023657 0.315973 1.000000
-0.196007 -0.020483 0.045806 0.000000
-0.766752 0.241820 -0.002388 2.000000
-0.023675 -0.108399 -0.128067 3.000000
-0.669664 0.169470 0.000482 2.000000
0.832944 -0.032409 0.037381 0.000000
0.073810 -0.092156 -0.224432 3.000000
0.187002 -0.072014 0.225419 3.000000
0.023539 -0.016982 0.149032 1.000000
0.026340 -0.103358 0.091549 3.000000
0.754970 0.041761 0.054301 0.000000
0.160653 -0.013995 -0.105568 1.000000
0.203526 -0.089168 -0.248750 3.000000
-0.718931 0.091566 -0.002435 2.000000
0.002091 -0.040297 -0.154556 1.000000
0.849468 0.049183 -0.058681 0.000000
0.188239 -0.052713 -0.005843 1.000000
0.507978 -0.046085 -0.026357 0.000000
0.026340 -0.040297 -0.192061 1.000000
0.109402 -0.068794 0.218208 3.000000
-0.022905 -0.040297 -0.102231 1.000000
-0.759144 0.201094 -0.004886 2.000000
0.199769 -0.094303 -0.222308 3.000000
-0.019848 -0.040297 0.220355 1.000000
-0.201888 -0.040297 -0.563471 1.000000
-0.075837 -0.024380 -0.418515 1.000000
0.188589 -0.030728 -0.037093 1.000000
-0.555351 0.003416 0.045946 0.000000
-0.108557 -0.026084 -0.465426 1.000000
-0.158432 -0.040297 0.430029 1.000000
-0.727753 0.062556 -0.070560 2.000000
-0.069722 -0.033692 0.190645 1.000000
-0.069722 -0.040297 0.328296 1.000000
-0.065124 -0.040297 0.405523 1.000000
-0.763391 0.256126 -0.004886 2.000000
0.225394 -0.028908 0.074792 1.000000
-0.062604 -0.048139 0.012758 1.000000
-0.225717 0.088228 0.008651 0.000000
0.786827 0.020406 -0.067923 0.000000
-0.188305 0.031142 0.056868 0.000000
0.722249 0.002856 0.056285 0.000000
0.539018 -0.029001 0.039854 0.000000
0.222104 0.036907 -0.065893 0.000000
0.847764 -0.050776 0.005267 0.000000
0.597808 -0.059715 0.011988 0.000000
0.454486 -0.042468 0.023284 0.000000
0.071826 0.060292 0.045129 0.000000
-0.750018 0.065240 -0.132174 2.000000
0.872573 -0.034042 -0.047152 0.000000
0.556429 0.017512 0.058059 0.000000
-0.036745 -0.017472 0.047860 0.000000
0.436025 -0.048909 -0.020452 0.000000
-0.079408 0.060315 0.045106 0.000000
0.180141 -0.030285 0.139487 1.000000
0.933720 0.033733 -0.032192 0.000000
-0.044983 -0.022000 -0.356015 1.000000
0.278746 0.053104 0.050030 0.000000
-0.643594 0.095533 -0.010254 2.000000
-0.155795 -0.040297 0.536266 1.000000
0.340103 0.035296 0.056378 0.000000
0.660659 0.010931 -0.067036 0.000000
0.106111 -0.040297 0.113698 1.000000
-0.109631 -0.029865 0.535309 1.000000
0.408322 -0.042094 -0.033755 0.000000
0.041253 -0.046132 0.016492 1.000000
0.286121 -0.050006 0.006434 0.000000
-0.068695 -0.040297 0.371239 1.000000
0.017354 -0.017729 0.155987 1.000000
-0.708149 0.028458 -0.025330 2.000000
-0.066408 -0.040297 0.346943 1.000000
0.047298 0.052987 -0.059871 0.000000
-0.838238 0.062556 0.251162 2.000000
-0.293726 0.063163 -0.053033 0.000000
-0.039405 -0.040297 -0.083327 1.000000
-0.699304 0.206905 -0.010254 2.000000
0.025849 -0.101654 0.383958 3.000000
0.129566 -0.044942 -0.028458 1.000000
0.032828 0.089955 -0.011747 0.000000
0.597551 -0.020763 0.045619 0.000000
-0.295616 0.057071 0.047439 0.000000
0.286075 0.091426 -0.003649 0.000000
-0.055742 -0.040297 -0.212529 1.000000
0.273588 -0.016795 0.048326 0.000000
-0.253467 0.055321 0.048513 0.000000
0.344094 -0.022373 0.044522 0.000000
0.892458 0.023977 0.051570 0.000000
0.564807 -0.036820 -0.040967 0.000000
-0.333891 -0.038990 -0.035949 0.000000
-0.652860 0.070421 -0.046545 2.000000
-0.025099 -0.128190 0.113534 3.000000
-0.111218 -0.029608 0.370819 1.000000
0.182965 -0.013505 0.047603 1.000000
0.039269 -0.001975 -0.064446 1.000000
-0.033571 -0.128960 0.110080 3.000000
0.553301 0.029438 -0.066850 0.000000
-0.004794 -0.040297 0.054651 1.000000
0.272492 0.027455 -0.067083 0.000000
-0.737346 0.181046 -0.009133 2.000000
0.596034 -0.033412 0.034953 0.000000
-0.687191 0.032262 0.028909 2.000000
-0.007478 -0.022793 0.356722 1.000000
-0.735292 0.062556 -0.149305 2.000000
-0.785960 0.066944 -0.010137 2.000000
0.239958 -0.001835 0.054721 1.000000
0.134280 -0.019222 0.179863 1.000000
0.032431 -0.023400 0.038477 1.000000
-0.371840 -0.044101 -0.020359 0.000000
0.145996 -0.040297 -0.170473 1.000000
-0.138828 0.048786 -0.061435 0.000000
0.218603 0.088765 -0.016368 0.000000
-0.045683 -0.040297 0.370632 1.000000
-0.103330 -0.025337 -0.446242 1.000000
0.100066 -0.098550 -0.245110 3.000000
-0.114789 -0.027134 -0.491028 1.000000
0.101466 -0.013645 -0.116467 1.000000
-0.096071 -0.040297 -0.454363 1.000000
-0.057796 -0.024847 0.415886 1.000000
-0.303785 0.024771 0.057685 0.000000
0.013037 -0.091385 -0.121789 1.000000
0.237250 -0.031172 -0.071377 1.000000
0.206723 -0.039504 -0.037093 1.000000
-0.324113 -0.009840 -0.061015 0.000000
0.038546 -0.016072 -0.199179 1.000000
0.042700 -0.040297 0.113674 1.000000
-0.774244 0.062556 -0.196239 2.000000
0.825569 0.009111 -0.066990 0.000000
-0.525291 0.008247 -0.060035 0.000000
0.163057 0.088952 -0.015598 0.000000
0.036375 -0.016492 -0.209565 1.000000
-0.717928 0.062556 -0.088438 2.000000
0.093321 -0.085737 -0.218574 3.000000
0.116660 -0.040297 -0.224618 1.000000
-0.035578 -0.040297 0.371192 1.000000
-0.007011 -0.111550 0.097384 3.000000
0.784423 0.049860 -0.060992 0.000000
0.077731 -0.040297 0.033763 1.000000
0.928819 0.020593 0.039551 0.000000
-0.221610 -0.011801 -0.060758 0.000000
0.926485 0.031702 0.033506 0.000000
0.967351 0.022787 -0.010580 0.000000
0.448044 0.088298 -0.018165 0.000000
-0.519013 0.022950 0.054884 0.000000
0.824146 -0.042421 0.024451 0.000000
0.757000 0.004116 0.056448 0.000000
-0.036488 -0.021393 0.330233 1.000000
-0.633255 0.040244 -0.056114 2.000000
-0.654960 0.160998 -0.010254 2.000000
-0.366005 -0.011241 -0.059778 0.000000
0.411169 0.022554 0.057895 0.000000
-0.014153 -0.058011 0.396328 1.000000
-0.518360 0.034433 -0.065589 0.000000
0.033271 -0.020016 0.283486 1.000000
0.281407 -0.051570 -0.010207 0.000000
-0.471216 -0.030472 -0.026917 0.000000
-0.064821 0.039264 0.055235 0.000000
-0.735618 0.065240 -0.097026 2.000000
0.090427 -0.040297 -0.164265 1.000000
-0.711603 0.065240 0.037707 2.000000
0.454299 0.025868 0.057498 0.000000
0.119600 -0.017635 -0.202610 1.000000
0.675315 -0.041441 -0.034992 0.000000
-0.452895 0.081974 0.027322 0.000000
0.105201 -0.013505 0.037847 1.000000
0.103287 -0.040297 -0.076722 1.000000
-0.053012 -0.021743 -0.329035 1.000000
0.195708 -0.040297 0.069728 1.000000
-0.198388 -0.033646 -0.600626 1.000000
-0.755760 0.065240 -0.092335 2.000000
-0.068602 -0.040297 -0.393193 1.000000
-0.115372 -0.039597 0.265842 1.000000
-0.683877 0.065240 0.051990 2.000000
0.038896 -0.016258 0.193866 1.000000
0.943219 -0.006106 -0.050279 0.000000
0.446831 -0.014391 -0.059731 0.000000
-0.059570 -0.039294 -0.491005 1.000000
-0.016977 -0.040297 0.262061 1.000000
0.208334 -0.040297 0.086952 1.000000
-0.634889 0.179482 -0.009087 2.000000
0.952228 0.028085 -0.021806 0.000000
0.217483 -0.022023 0.044779 1.000000
0.368133 0.026241 -0.067223 0.000000
-0.149237 -0.030472 -0.576471 1.000000
-0.103773 -0.027018 0.393294 1.000000
0.301921 -0.018476 -0.056954 0.000000
0.680333 -0.023377 -0.053617 0.000000
0.048184 -0.040297 0.136103 1.000000
0.548867 -0.046692 -0.025237 0.000000
0.319892 0.021807 0.057988 0.000000
-0.155911 -0.040297 0.567820 1.000000
0.170455 -0.013505 0.054954 1.000000
-0.581887 -0.014018 -0.008596 0.000000
0.378682 0.075789 -0.040757 0.000000
-0.323529 -0.042678 -0.029648 0.000000
-0.024352 -0.040297 -0.381477 1.000000
0.138435 -0.040297 -0.210709 1.000000
0.584785 0.041785 0.054301 0.000000
-0.131289 -0.030635 0.419877 1.000000
-0.114812 0.031002 -0.066663 0.000000
0.135027 0.008060 -0.066686 1.000000
-0.079898 0.002366 0.056238 0.000000
0.127676 -0.066180 -0.239999 3.000000
0.008952 -0.100511 0.393481 3.000000
-0.041039 -0.040297 -0.290387 1.000000
-0.036955 -0.040297 0.229200 1.000000
-0.031050 -0.040297 0.156641 1.000000
-0.329154 0.065287 -0.051936 0.000000
0.105831 -0.057241 0.231674 1.000000
-0.033524 -0.028698 -0.144264 1.000000
-0.696736 0.179506 0.000482 2.000000
-0.184595 -0.040297 0.592955 1.000000
0.136918 -0.087745 -0.213766 3.000000
-0.648029 0.149095 -0.010254 2.000000
-0.168631 -0.030752 0.577739 1.000000
0.488887 0.018609 0.058175 0.000000
-0.261845 0.040688 0.054698 0.000000
-0.028436 -0.040297 -0.327892 1.000000
0.608497 0.077679 -0.038657 0.000000
-0.097565 -0.040297 0.358986 1.000000
0.080695 -0.015908 0.177015 1.000000
0.029887 -0.040297 -0.281261 1.000000
-0.206346 -0.032922 0.636599 1.000000
-0.007665 -0.020903 0.181333 1.000000
-0.083539 -0.040297 -0.435786 1.000000
-0.534160 0.048623 0.054301 0.000000
-0.214911 0.051890 -0.060268 0.000000
-0.151407 0.089115 -0.015038 0.000000
0.142589 -0.014718 0.136383 1.000000
0.221077 0.031002 0.056892 0.000000
0.212581 -0.021066 0.077896 1.000000
0.874837 0.032589 -0.062042 0.000000
-0.043046 -0.040297 0.238186 1.000000
-0.205133 0.024631 0.057662 0.000000
-0.085196 -0.040297 0.398778 1.000000
0.822115 0.053477 0.048513 0.000000
-0.027876 -0.040297 0.250508 1.000000
0.300825 0.085848 0.014789 0.000000
0.048698 -0.022116 -0.312698 1.000000
-0.057633 -0.040297 0.397448 1.000000
0.798917 0.086805 0.011965 0.000000
0.724700 0.058798 0.046132 0.000000
-0.772820 0.065240 0.034883 2.000000
0.185019 -0.106135 0.218278 3.000000
-0.113155 -0.038850 0.028932 0.000000
0.875187 0.046499 -0.055064 0.000000
-0.062067 -0.040297 -0.171640 1.000000
-0.379682 -0.043098 0.012152 0.000000
0.812500 0.090119 -0.005399 0.000000
-0.478591 0.090025 -0.017092 2.000000
0.705329 -0.098737 -0.001408 0.000000
-0.022812 -0.042911 0.106136 1.000000
-0.093037 0.020220 0.058175 0.000000
-0.713797 0.054037 0.027602 2.000000
-0.069372 -0.040297 0.091456 1.000000
-0.569471 0.056768 -0.061015 2.000000
0.881909 -0.047415 -0.026801 0.000000
0.765916 0.081273 0.023261 0.000000
0.041346 -0.040297 -0.320027 1.000000
0.121094 -0.022000 0.044779 1.000000
0.176990 -0.090849 0.246144 3.000000
-0.040385 -0.034183 0.076566 1.000000
0.080998 -0.040297 0.131668 1.000000
0.088724 -0.040297 -0.093012 1.000000
-0.073246 -0.027041 0.470521 1.000000
0.401787 -0.005826 -0.062999 0.000000
0.169848 -0.087068 -0.212716 3.000000
0.953441 -0.041207 0.010308 0.000000
-0.558129 0.095207 -0.010254 2.000000
-0.150053 -0.040297 0.364307 1.000000
0.891804 0.062999 -0.027291 0.000000
-0.359237 0.020546 0.058152 0.000000
0.857310 -0.051010 0.005150 0.000000
-0.167464 -0.030518 -0.581675 1.000000
-0.116446 -0.040297 -0.343225 1.000000
-0.009625 -0.074862 -0.385211 3.000000
-0.749505 0.065240 0.126557 2.000000
-0.137031 -0.040297 -0.447805 1.000000
-0.281543 0.088999 -0.015435 0.000000
0.098176 0.007570 -0.066640 0.000000
0.248826 0.058308 -0.056254 0.000000
-0.003137 -0.026901 -0.051213 1.000000
0.156382 -0.029935 -0.181909 1.000000
-0.478101 0.058472 0.049447 0.000000
-0.120390 -0.040297 0.452270 1.000000
-0.591783 0.023977 0.050427 0.000000
0.687171 -0.054744 -0.000988 0.000000
-0.086152 -0.044872 0.018826 0.000000
-0.732888 0.062556 -0.115814 2.000000
0.823702 -0.051686 0.000085 0.000000
-0.145853 0.056348 0.047813 0.000000
0.642758 -0.017239 -0.057794 0.000000
-0.566297 0.091752 -0.006893 2.000000
-0.049184 -0.025734 -0.242076 1.000000
0.002884 0.088555 0.007414 0.000000
-0.066268 -0.026504 -0.285742 1.000000
0.112389 0.087575 -0.020966 0.000000
0.030097 -0.038337 -0.039287 1.000000
-0.624527 0.064773 -0.053033 2.000000
0.181144 -0.024334 0.128331 1.000000
0.072106 -0.017472 -0.225342 1.000000
0.203993 -0.013808 -0.070467 1.000000
0.189943 0.018796 -0.067970 0.000000
-0.632975 0.124263 -0.010254 2.000000
-0.056886 -0.040297 0.375043 1.000000
0.040436 -0.018779 -0.096280 1.000000
-0.259815 0.008807 -0.066780 0.000000
0.108865 -0.040297 -0.112290 1.000000
0.157012 -0.029888 0.171157 1.000000
-0.085056 0.026731 -0.067176 0.000000
0.850238 -0.043401 -0.034129 0.000000
0.191857 -0.095096 0.211230 3.000000
0.078245 -0.018382 0.235362 1.000000
0.136498 -0.013505 -0.073898 1.000000
0.060787 -0.044895 -0.028528 1.000000
-0.012729 -0.066646 -0.396204 3.000000
0.047788 -0.101374 -0.392446 3.000000
-0.788947 0.062556 0.053297 2.000000
-0.735875 0.262428 -0.010254 2.000000
-0.026686 -0.023960 -0.053220 1.000000
-0.491427 -0.003492 0.046529 0.000000
0.020995 -0.040297 -0.096069 1.000000
0.072293 -0.040297 0.267616 1.000000
-0.000243 -0.017542 -0.228446 1.000000
0.722786 -0.003889 -0.063722 0.000000
-0.184455 0.057165 -0.057047 0.000000
0.038499 -0.062492 0.393994 3.000000
-0.238833 0.051167 -0.060548 0.000000
0.407762 0.086478 -0.023370 0.000000
-0.800313 0.065240 0.199140 2.000000
0.869913 -0.032549 0.039061 0.000000
0.088327 -0.013528 0.106253 1.000000
0.414110 0.061482 -0.054083 0.000000
-0.160089 -0.029818 -0.540483 1.000000
0.731725 -0.013248 -0.060221 0.000000
0.839992 -0.042678 -0.034712 0.000000
-0.711346 0.273957 -0.008060 2.000000
-0.188749 -0.028791 0.040064 0.000000
-0.183871 -0.040297 -0.574604 1.000000
0.695013 0.084331 -0.027384 0.000000
-0.707309 0.204968 -0.010254 2.000000
-0.042579 -0.084711 0.398475 3.000000
-0.162680 -0.040297 0.598697 1.000000
0.417261 0.089652 0.003143 0.000000
-0.287518 -0.039504 0.028115 0.000000
-0.034831 0.071098 -0.045962 0.000000
-0.006101 -0.019596 0.281735 1.000000
0.040413 -0.040297 0.144061 1.000000
0.104454 -0.015115 -0.163261 1.000000
0.026620 -0.101584 -0.406473 3.000000
-0.582984 0.051353 -0.062018 0.000000
-0.099876 0.090072 -0.011350 0.000000
-0.143262 -0.033529 0.034837 0.000000
0.136381 -0.069844 0.210856 3.000000
-0.239090 -0.040297 0.621732 1.000000
0.630412 0.076909 -0.039520 0.000000
0.004705 -0.018032 -0.202773 1.000000
-0.492197 0.023557 0.055701 0.000000
0.733358 0.081227 -0.033125 0.000000
0.149964 -0.005336 -0.063185 1.000000
-0.205249 0.075812 0.030939 0.000000
0.019991 -0.039434 0.028278 1.000000
-0.083375 -0.040297 -0.232367 1.000000
0.992417 -0.026107 -0.012961 0.000000
-0.514229 0.071588 -0.050279 0.000000
-0.557335 -0.019409 -0.013824 0.000000
0.055933 -0.034813 -0.043161 1.000000
0.730324 0.068017 -0.049392 0.000000
-0.016043 -0.040297 0.149289 1.000000
-0.143075 -0.040297 -0.470304 1.000000
-0.015880 -0.117431 0.101562 3.000000
0.880392 0.073502 -0.004979 0.000000
-0.463631 0.089815 0.007834 2.000000
-0.719188 0.063840 -0.027104 2.000000
0.008626 -0.040297 -0.269545 1.000000
-0.261425 -0.040251 -0.037140 0.000000
0.325563 -0.049773 0.007390 0.000000
-0.686351 0.122466 0.000482 2.000000
-0.228144 -0.037263 -0.638785 1.000000
-0.277622 0.086781 -0.022810 0.000000
-0.212858 -0.035069 0.654756 1.000000
-0.142772 0.081203 -0.033195 0.000000
-0.803557 0.064026 0.229784 2.000000
-0.604946 0.102628 -0.010254 2.000000
-0.802390 0.062556 -0.095626 2.000000
0.784330 -0.050730 -0.013428 0.000000
-0.026126 -0.040297 0.120909 1.000000
0.022232 -0.049446 0.008557 1.000000
-0.019474 -0.040484 -0.036766 1.000000
0.463378 0.029508 -0.066826 0.000000
-0.132153 -0.040297 -0.458448 1.000000
-0.136961 -0.035489 -0.382621 1.000000
-0.086176 -0.040297 -0.528230 1.000000
0.789371 0.091402 -0.005796 0.000000
0.143219 0.066220 0.041091 0.000000
0.260752 0.077516 0.029072 0.000000
-0.024002 -0.030075 0.085971 1.000000
0.493018 0.005820 -0.066686 0.000000
0.691092 -0.028138 -0.050373 0.000000
-0.154768 -0.030705 -0.507249 1.000000
-0.344441 -0.001765 -0.063839 0.000000
-0.483118 -0.009817 0.042702 0.000000
0.043423 -0.063309 -0.407616 3.000000
0.002021 -0.020996 -0.322477 1.000000
-0.063141 -0.040297 0.258677 1.000000
0.492038 0.005937 0.056658 0.000000
0.221240 -0.039457 -0.102744 1.000000
-0.045963 -0.074488 0.390307 3.000000
-0.504543 0.069137 0.041815 0.000000
0.626094 0.045589 0.052877 0.000000
0.239561 0.007570 0.056868 0.000000
0.004495 -0.116661 -0.117611 3.000000
0.057823 -0.019503 -0.275683 1.000000
-0.772680 0.253769 -0.007009 2.000000
-0.155841 -0.030472 0.505366 1.000000
-0.012519 -0.040297 0.080113 1.000000
-0.100669 -0.040297 -0.326328 1.000000
-0.025706 -0.102821 0.096007 3.000000
-0.543962 0.068227 0.045152 0.000000
-0.006451 -0.040297 0.220705 1.000000
-0.160906 -0.033086 0.475749 1.000000
-0.496048 0.004163 0.050123 0.000000
0.915586 0.054621 0.007110 0.000000
0.268501 0.074552 0.032363 0.000000
-0.150123 -0.036260 -0.413591 1.000000
-0.025635 -0.040297 -0.120505 1.000000
0.093275 -0.017052 -0.210989 1.000000
-0.766355 0.233651 -0.002668 2.000000
0.151411 0.082977 -0.029881 0.000000
0.027226 -0.040297 0.076916 1.000000
0.712844 -0.033692 -0.044398 0.000000
-0.682126 0.065240 -0.083560 2.000000
-0.185598 0.005680 0.056635 0.000000
-0.854482 0.065240 -0.249661 2.000000
-0.788224 0.058005 -0.003275 2.000000
0.183175 -0.013785 0.070498 1.000000
0.021252 -0.112390 -0.136259 3.000000
0.063191 -0.024917 0.042795 1.000000
0.279423 -0.040274 -0.037116 0.000000
0.429467 -0.050776 -0.013241 0.000000
0.229385 0.068321 -0.049042 0.000000
0.526952 0.004676 -0.066289 0.000000
-0.046080 -0.107629 0.113231 3.000000
-0.035018 -0.128750 -0.130027 3.000000
0.078175 -0.040297 -0.143073 1.000000
-0.009298 -0.106322 -0.117238 3.000000
-0.480178 -0.025150 0.026365 0.000000
-0.053245 -0.040297 -0.470117 1.000000
-0.696550 0.062556 0.058829 2.000000
0.187189 -0.082493 -0.217220 3.000000
0.035418 -0.083894 -0.390369 3.000000
-0.298907 -0.026154 -0.051399 0.000000
-0.095324 -0.038734 -0.225272 1.000000
0.509448 0.021923 -0.067736 0.000000
0.425569 0.065543 0.041558 0.000000
0.942355 0.034620 -0.006169 0.000000
-0.509164 -0.024660 0.017239 0.000000
-0.693142 0.195726 -0.010254 2.000000
0.011520 -0.102331 -0.100901 3.000000
-0.155025 0.036767 0.056168 0.000000
0.367129 0.014875 0.057732 0.000000
0.182008 0.024117 -0.067480 0.000000
0.009209 -0.040297 0.227380 1.000000
-0.140111 -0.040297 -0.341918 1.000000
-0.031237 -0.023167 -0.380567 1.000000
-0.778188 0.065240 -0.175141 2.000000
0.147327 -0.035279 0.032876 1.000000
-0.388340 0.089769 0.004636 0.000000
-0.743507 0.065240 -0.033452 2.000000
-0.232089 -0.040297 0.631254 1.000000
-0.672254 0.173111 -0.010254 2.000000
-0.099689 -0.027298 -0.383928 1.000000
0.034788 -0.040297 0.121073 1.000000
-0.674425 0.065240 0.049633 2.000000
-0.431773 0.082650 -0.034922 0.000000
0.639794 -0.052177 -0.001852 0.000000
0.128959 -0.099507 0.210903 3.000000
-0.701544 0.132805 0.000482 2.000000
0.591483 0.076092 0.030636 0.000000
-0.112175 -0.040297 -0.353167 1.000000
-0.004631 -0.040297 0.099951 1.000000
-0.134347 -0.037497 -0.593065 1.000000
-0.161489 -0.031639 -0.513503 1.000000
-0.059990 -0.019129 -0.056511 0.000000
0.811636 0.021620 0.057918 0.000000
0.031147 -0.016749 -0.137029 1.000000
-0.349085 0.063629 0.043612 0.000000
-0.043163 -0.013201 0.050450 0.000000
-0.586088 0.086921 -0.033312 2.000000
0.010959 -0.040297 -0.201723 1.000000
0.794366 0.014525 0.057732 0.000000
-0.155608 -0.036120 0.421347 1.000000
-0.129586 -0.031219 -0.413544 1.000000
0.252257 0.036300 -0.066009 0.000000
0.048768 -0.017519 -0.231013 1.000000
-0.285137 -0.048933 0.010588 0.000000
-0.102816 -0.040297 -0.528043 1.000000
0.161003 0.051914 0.050497 0.000000
-0.341547 0.039801 0.055491 0.000000
0.051008 -0.040297 0.077546 1.000000
-0.680563 0.065240 0.069424 2.000000
0.019945 -0.125483 -0.098800 3.000000
-0.737299 0.102955 0.000482 2.000000
-0.616148 0.070188 -0.051026 2.000000
0.039386 -0.017589 0.225023 1.000000
-0.154418 -0.040297 -0.424490 1.000000
-0.040642 -0.040297 -0.143540 1.000000
-0.391398 0.011771 -0.066663 0.000000
0.273378 0.000079 -0.065216 0.000000
0.232606 0.088999 0.005710 0.000000
-0.047854 0.077423 -0.038937 0.000000
-0.154978 -0.040297 -0.504705 1.000000
-0.183078 -0.032946 -0.641702 1.000000
0.156569 0.049790 -0.061062 0.000000
0.258698 -0.036190 -0.047735 1.000000
-0.158082 -0.040297 0.576292 1.000000
-0.198458 -0.033856 0.587541 1.000000
0.584015 -0.018849 0.046926 0.000000
0.436142 -0.050169 0.005780 0.000000
-0.108838 -0.033436 -0.319723 1.000000
-0.152971 -0.031662 0.595103 1.000000
0.101606 -0.060695 0.218371 1.000000
0.173349 -0.102144 0.238722 3.000000
-0.061414 -0.040297 0.099788 1.000000
0.020155 -0.040297 -0.125313 1.000000
0.950197 0.004863 0.036307 0.000000
-0.616825 0.108486 0.000482 2.000000
0.641358 0.076536 0.030146 0.000000
0.413877 -0.048862 -0.020616 0.000000
-0.554978 0.032846 0.056238 0.000000
0.987586 -0.014135 0.017146 0.000000
-0.786963 0.065193 -0.123959 2.000000
-0.336715 0.037864 -0.065963 0.000000
0.119367 -0.098760 -0.221328 3.000000
-0.041226 -0.040297 0.155194 1.000000
0.143242 0.085661 0.015116 0.000000
-0.178223 -0.040297 0.571694 1.000000
-0.033337 -0.040297 0.323955 1.000000
0.026480 -0.114981 -0.119711 3.000000
-0.782226 0.062556 -0.088671 2.000000
-0.124288 -0.040297 -0.565175 1.000000
-0.045893 -0.040297 -0.152292 1.000000
0.532250 -0.043798 -0.030605 0.000000
-0.007011 -0.055257 0.106859 1.000000
0.712797 0.003253 -0.066103 0.000000
-0.104917 -0.040297 -0.368197 1.000000
0.847134 0.000569 0.056261 0.000000
0.233003 0.012705 -0.067246 0.000000
0.046201 -0.016445 -0.206438 1.000000
0.022582 0.049440 -0.061202 0.000000
-0.127042 0.028342 -0.066966 0.000000
0.059644 -0.013691 0.129218 1.000000
0.557619 -0.002395 -0.064282 0.000000
-0.160906 -0.031312 0.588848 1.000000
-0.116656 -0.040297 0.415045 1.000000
-0.178106 -0.034859 -0.043114 0.000000
0.468909 0.081810 -0.032028 0.000000
0.011660 -0.108516 -0.136259 3.000000
-0.248822 0.068811 -0.048505 0.000000
-0.800010 0.065240 0.208779 2.000000
0.746545 0.091496 -0.005913 0.000000
-0.032684 -0.052993 0.394041 1.000000
0.917196 -0.038033 -0.038330 0.000000
-0.014760 -0.108446 0.103452 3.000000
-0.399006 0.090562 0.000972 0.000000
-0.728080 0.078123 -0.026707 2.000000
-0.065031 -0.030378 0.478806 1.000000
-0.055042 -0.040297 -0.223031 1.000000
-0.000173 -0.020109 -0.301916 1.000000
-0.783789 0.065240 -0.139713 2.000000
-0.219812 -0.039597 0.571927 1.000000
-0.715197 0.062556 -0.050979 2.000000
0.084429 0.075812 0.030962 0.000000
0.013433 -0.095120 0.126487 1.000000
-0.228378 0.050793 -0.060688 0.000000
0.368833 0.079873 0.025898 0.000000
-0.229568 -0.036960 -0.648284 1.000000
-0.012659 -0.040297 -0.396460 1.000000
0.242011 0.065567 -0.051306 0.000000
-0.140601 -0.048582 0.011871 0.000000
-0.073853 -0.040297 0.161518 1.000000
-0.112105 -0.026971 0.477149 1.000000
0.798940 0.011818 -0.067176 0.000000
0.548400 0.014758 0.057732 0.000000
-0.765305 0.065240 -0.023510 2.000000
-0.720822 0.065240 0.117502 2.000000
0.899319 0.041971 0.040204 0.000000
-0.350205 -0.015768 -0.057187 0.000000
-0.166390 -0.032712 0.500815 1.000000
-0.042439 -0.081583 0.383328 3.000000
-0.424375 -0.040087 -0.014665 0.000000
0.281944 0.051027 -0.060595 0.000000
0.397260 -0.034183 0.034090 0.000000
-0.795715 0.062556 0.083007 2.000000
0.610084 0.000779 -0.065473 0.000000
0.291606 -0.049749 -0.017208 0.000000
0.102797 -0.040297 0.056775 1.000000
-0.445567 0.023744 -0.067736 0.000000
-0.139528 -0.040297 0.486368 1.000000
-0.137824 -0.040297 0.565159 1.000000
-0.244388 -0.039737 0.643110 1.000000
0.306823 0.065380 -0.051423 0.000000
-0.095908 -0.009070 0.052014 0.000000
-0.176683 -0.040297 -0.512150 1.000000
0.664440 0.004676 0.056518 0.000000
0.163780 -0.044615 0.019316 1.000000
0.605930 -0.009350 -0.061692 0.000000
0.861604 0.023674 0.056238 0.000000
0.121071 0.036067 0.056285 0.000000
-0.149447 -0.040297 0.483684 1.000000
-0.166040 -0.040297 0.508516 1.000000
0.005988 -0.040297 0.087045 1.000000
-0.040339 -0.110336 0.118295 3.000000
-0.753449 0.132618 -0.007943 2.000000
0.750722 -0.018242 0.047346 0.000000
-0.307075 0.088135 -0.019262 0.000000
-0.069512 -0.022887 -0.381640 1.000000
0.017984 -0.018359 0.247124 1.000000
0.196594 -0.091595 -0.253115 3.000000
-0.347241 0.051773 -0.060782 0.000000
0.095258 -0.014835 0.148542 1.000000
0.157339 -0.013598 0.072902 1.000000
0.052829 0.077679 -0.038680 0.000000
0.087487 -0.035023 -0.037093 1.000000
-0.747031 0.065240 0.029352 2.000000
0.189383 -0.040297 0.053811 1.000000
-0.207933 0.070421 0.036937 0.000000
0.536848 0.039754 -0.064819 0.000000
-0.713960 0.090399 -0.012564 2.000000
0.553255 0.029205 0.057102 0.000000
-0.164733 -0.040297 -0.605644 1.000000
-0.017980 0.088275 0.008511 0.000000
0.714804 0.025588 0.057545 0.000000
0.902867 0.013288 0.051104 0.000000
-0.639627 0.185340 -0.001175 2.000000
0.006292 -0.040297 -0.235984 1.000000
0.218486 -0.040297 -0.053640 1.000000
0.196384 -0.104292 -0.229800 3.000000
-0.290272 -0.014391 -0.059638 0.000000
-0.808902 0.064330 0.141821 2.000000
0.043703 0.070771 -0.046312 0.000000
0.534397 0.020663 -0.067900 0.000000
-0.007011 -0.072925 -0.116631 1.000000
-0.207116 -0.040297 -0.543610 1.000000
-0.036325 -0.031662 0.036890 1.000000
0.610411 -0.036143 0.031919 0.000000
-0.164593 -0.040297 0.438921 1.000000
-0.756273 0.062556 0.119066 2.000000
0.143429 -0.013878 -0.108719 1.000000
-0.302174 -0.049026 0.007064 0.000000
-0.468882 -0.035956 -0.003859 0.000000
-0.746448 0.065240 0.109964 2.000000
-0.709689 0.062556 -0.060992 2.000000
0.895655 -0.051640 -0.009787 0.000000
0.011590 -0.040297 0.049867 1.000000
-0.028810 -0.040297 -0.428201 1.000000
-0.044913 -0.040297 -0.218877 1.000000
0.113626 -0.040297 0.206352 1.000000
0.549707 0.003649 -0.066149 0.000000
-0.490633 0.045869 -0.064189 0.000000
0.044544 -0.014858 0.159581 1.000000
-0.164967 -0.039807 0.408884 1.000000
-0.206696 -0.003096 0.054254 0.000000
0.257135 0.068624 0.038921 0.000000
-0.052171 -0.086181 0.395908 3.000000
-0.102139 -0.034369 0.033880 0.000000
0.035838 -0.019969 -0.291553 1.000000
-0.005494 -0.042211 -0.136259 1.000000
0.083239 -0.040297 0.237859 1.000000
0.063705 -0.040297 -0.225762 1.000000
0.114303 -0.055584 0.218278 1.000000
-0.052382 -0.021183 0.327292 1.000000
-0.760031 0.062556 0.151530 2.000000
-0.593673 -0.011474 -0.005469 0.000000
-0.345981 0.088205 -0.019752 0.000000
-0.039242 0.086501 -0.023323 0.000000
0.404635 0.008480 -0.066733 0.000000
0.209757 -0.027834 -0.104378 1.000000
0.082259 -0.071968 -0.240885 3.000000
0.815160 -0.044358 -0.030021 0.000000
0.502003 0.042088 -0.063956 0.000000
-0.011189 -0.117711 0.109940 3.000000
-0.032870 -0.114701 0.107840 3.000000
0.262176 0.045145 -0.062812 0.000000
0.734619 -0.049539 -0.017955 0.000000
0.590503 -0.003096 0.054254 0.000000
0.557036 -0.042794 -0.032472 0.000000
-0.604432 0.091542 0.003119 2.000000
0.125925 -0.013505 0.080534 1.000000
-0.019521 -0.032222 0.028769 1.000000
0.041533 -0.020459 -0.301706 1.000000
-0.018704 -0.052340 -0.002528 1.000000
-0.524264 -0.004683 0.042095 0.000000
0.704699 -0.059948 0.011988 0.000000
0.183058 -0.017542 -0.118451 1.000000
-0.704788 0.030419 0.020203 2.000000
0.619280 0.079313 0.026901 0.000000
0.113462 -0.040297 0.102448 1.000000
0.028160 -0.119555 0.091129 3.000000
0.511222 0.003206 -0.066103 0.000000
0.616782 0.046779 -0.062182 0.000000
0.118154 -0.027788 -0.231853 1.000000
-0.070282 -0.025221 0.427158 1.000000
0.878781 -0.016142 -0.059451 0.000000
-0.664763 0.091752 -0.006659 2.000000
0.406455 0.088508 0.007554 0.000000
-0.360988 -0.037450 -0.035739 0.000000
-0.051518 -0.041021 -0.035739 1.000000
0.886156 0.069511 -0.013731 0.000000
-0.041436 -0.025337 0.423657 1.000000
0.201892 0.038774 -0.065193 0.000000
0.078221 0.070934 0.036377 0.000000
0.134024 -0.013761 -0.106549 1.000000
0.035418 -0.084991 0.378381 3.000000
0.133790 -0.040297 0.056285 1.000000
0.341177 -0.014811 -0.059451 0.000000
-0.066851 -0.052410 -0.007009 0.000000
0.003048 -0.037450 -0.037093 1.000000
-0.515512 -0.012571 0.035700 0.000000
-0.702174 0.065240 0.042212 2.000000
0.963197 0.005796 0.029399 0.000000
-0.059383 -0.023587 -0.396367 1.000000
-0.114462 -0.029538 0.383235 1.000000
-0.612251 0.011351 0.038594 0.000000
0.278980 -0.008487 0.052224 0.000000
-0.001830 -0.017916 0.217321 1.000000
-0.707262 0.159808 -0.010254 2.000000
-0.212741 0.033919 0.056541 0.000000
0.051685 -0.019876 0.046343 1.000000
-0.225974 -0.042748 0.022771 0.000000
-0.123027 -0.038897 -0.578455 1.000000
0.161470 -0.040297 -0.106595 1.000000
0.117593 -0.013505 0.054021 1.000000
-0.383953 0.018889 -0.067596 0.000000
-0.139061 -0.040297 0.379221 1.000000
0.248196 -0.049469 -0.018282 0.000000
-0.771023 0.065240 -0.131918 2.000000
-0.661448 0.151172 -0.010254 2.000000
0.515283 0.011771 0.057358 0.000000
-0.689805 0.015669 -0.000918 2.000000
-0.078964 -0.029888 0.259074 1.000000
-0.469512 0.072358 0.039481 0.000000
0.873857 -0.003446 -0.064329 0.000000
0.809956 -0.029655 -0.049276 0.000000
0.623761 -0.011871 0.050964 0.000000
0.076424 -0.040297 0.225723 1.000000
0.141492 -0.021440 -0.054947 1.000000
-0.126482 -0.040297 0.410868 1.000000
0.339287 -0.045735 -0.026987 0.000000
-0.046967 -0.025010 -0.427174 1.000000
-0.036698 -0.023657 -0.238271 1.000000
0.132833 -0.014578 0.134982 1.000000
-0.059430 -0.029655 -0.212156 1.000000
-0.001690 -0.040297 -0.345769 1.000000
-0.586462 0.041621 0.053344 0.000000
-0.098265 -0.040297 0.508213 1.000000
0.079458 -0.040297 0.209456 1.000000
0.349065 -0.045152 -0.028084 0.000000
-0.197851 -0.036376 0.546232 1.000000
-0.750228 0.073595 0.013155 2.000000
0.423422 0.067434 -0.050022 0.000000
0.276132 0.000685 0.055678 0.000000
-0.370930 0.078099 -0.039520 0.000000
0.127699 -0.045898 0.016913 1.000000
0.110732 -0.007063 0.052761 1.000000
0.001834 -0.027391 0.052691 1.000000
-0.180954 -0.033809 -0.540063 1.000000
0.058313 -0.040297 -0.293841 1.000000
-0.124661 -0.028441 -0.447128 1.000000
-0.092804 -0.027718 0.343583 1.000000
0.083752 0.002506 0.056261 0.000000
-0.048787 -0.040297 0.207495 1.000000
-0.670807 0.062556 0.068701 2.000000
-0.596124 0.091729 -0.004139 2.000000
0.103520 -0.049003 -0.020056 1.000000
0.386197 0.085218 -0.025704 0.000000
-0.541628 0.018213 0.054021 0.000000
0.691582 0.009087 -0.066803 0.000000
0.212325 -0.040297 0.049633 1.000000
0.130360 -0.064943 0.231464 3.000000
-0.674495 0.062556 0.041115 2.000000
-0.487016 -0.024917 -0.034479 0.000000
-0.666816 0.106176 0.000482 2.000000
-0.778655 0.062556 -0.132128 2.000000
-0.027899 -0.067977 -0.136259 1.000000
-0.321405 0.003579 0.056261 0.000000
-0.371560 0.055671 0.049610 0.000000
0.141352 -0.040297 0.081630 1.000000
-0.470562 -0.018149 -0.046895 0.000000
-0.295219 0.070118 0.037427 0.000000
-0.430233 -0.011194 -0.056651 0.000000
-0.074623 -0.040297 0.170714 1.000000
-0.721685 0.151313 -0.004886 2.000000
-0.721965 0.065240 -0.134368 2.000000
-0.194840 -0.040297 -0.639275 1.000000
-0.141395 -0.040297 0.461186 1.000000
-0.188025 -0.040181 0.472015 1.000000
0.414203 0.009601 0.057102 0.000000
-0.177663 -0.034556 0.507583 1.000000
-0.057096 -0.031149 0.179629 1.000000
0.024893 0.059125 -0.055694 0.000000
-0.136564 -0.040297 -0.395737 1.000000
0.154422 -0.037870 -0.039800 1.000000
0.332052 0.085358 0.015722 0.000000
0.415137 -0.005009 -0.063302 0.000000
-0.121697 -0.031078 -0.389132 1.000000
0.754737 -0.051406 -0.010814 0.000000
0.102470 -0.016819 0.194006 1.000000
-0.340146 0.060876 0.045339 0.000000
0.212675 0.029672 0.057055 0.000000
0.030144 -0.040297 0.089916 1.000000
0.121538 -0.032152 -0.037093 1.000000
0.561820 0.027175 -0.067106 0.000000
0.949170 -0.043798 -0.012797 0.000000
-0.012916 -0.025477 0.118832 1.000000
-0.038588 0.083000 0.020087 0.000000
-0.646068 0.063583 -0.051026 2.000000
-0.750532 0.294425 0.000482 2.000000
-0.620839 0.133902 -0.010254 2.000000
0.008836 -0.040297 0.153560 1.000000
-0.118523 -0.040297 0.368508 1.000000
0.137268 -0.040297 0.145975 1.000000
-0.026242 -0.069447 0.097921 1.000000
-0.576963 -0.000832 0.037544 0.000000
-0.004281 0.028318 0.057218 0.000000
-0.687448 0.062556 -0.050279 2.000000
0.222734 -0.026294 -0.037093 1.000000
0.009746 -0.026971 -0.380707 1.000000
0.014717 -0.040297 0.238419 1.000000
0.169078 -0.014065 0.096917 1.000000
0.355554 -0.015208 0.049423 0.000000
-0.231949 -0.033622 0.034720 0.000000
-0.074040 -0.040297 -0.480129 1.000000
-0.697833 0.062556 0.092366 2.000000
0.077754 -0.035186 -0.042764 1.000000
0.693916 -0.118388 -0.013288 0.000000
0.119297 -0.070917 -0.222425 3.000000
0.673005 -0.007483 0.052621 0.000000
0.097359 0.027268 0.057335 0.000000
-0.741173 0.062556 0.046319 2.000000
0.923731 0.024421 -0.050443 0.000000
-0.060083 -0.040297 0.384869 1.000000
-0.174676 -0.040391 0.027135 0.000000
0.884849 -0.007203 0.052691 0.000000
0.118037 -0.040297 -0.125103 1.000000
-0.052125 -0.025057 0.254686 1.000000
-0.159389 -0.050006 0.006434 0.000000
-0.059033 -0.031219 -0.194442 1.000000
-0.544195 -0.017239 -0.032262 0.000000
0.248780 0.089839 0.002443 0.000000
0.002721 -0.022910 0.357843 1.000000
0.664953 0.062929 0.043332 0.000000
