0.174332 0.002232 -0.149121 0.000000
-0.277465 -0.047478 0.465662 1.000000
-0.129226 -0.041874 -0.568864 1.000000
-0.088661 -0.087457 0.382844 3.000000
-0.286046 -0.047900 0.060316 0.000000
0.068464 -0.043421 -0.143916 0.000000
0.098642 -0.014768 -0.149121 0.000000
-0.719178 0.306329 -0.000531 2.000000
0.476741 -0.010899 -0.086890 0.000000
0.088395 -0.090927 -0.270746 1.000000
0.251265 -0.120589 -0.364233 3.000000
0.243503 -0.041264 -0.197143 1.000000
0.167860 -0.084807 0.367813 3.000000
-0.185408 -0.046516 0.310084 1.000000
0.487878 0.119613 0.079731 0.000000
0.082978 -0.043234 -0.302284 1.000000
-0.125099 -0.045790 -0.447099 1.000000
-0.515180 0.063713 0.053469 0.000000
-0.300631 -0.048252 -0.042902 0.000000
0.143755 0.087043 0.128198 0.000000
-0.804130 0.035223 0.172023 2.000000
-0.605361 0.180906 -0.014647 2.000000
0.267209 -0.037419 -0.149121 0.000000
-0.248928 0.085425 -0.131981 0.000000
0.889215 0.034332 0.047725 0.000000
-0.703796 0.050488 -0.159110 2.000000
-0.292588 -0.052074 0.581354 1.000000
-0.144561 -0.046024 0.453938 1.000000
-0.173613 -0.046376 0.120929 0.000000
-0.257299 0.110632 0.076003 0.000000
-0.456842 0.003522 -0.005502 2.000000
-0.055857 -0.080962 -0.293373 1.000000
0.555831 0.066808 0.033328 0.000000
-0.688485 0.102589 -0.032936 2.000000
0.501994 -0.031627 0.075675 0.000000
0.181812 0.117666 0.070047 0.000000
-0.641776 0.067042 -0.007964 2.000000
0.068745 -0.086659 0.261735 3.000000
-0.256361 -0.144599 -0.350469 3.000000
-0.182852 0.014448 -0.149121 0.000000
-0.284429 -0.047736 -0.421259 1.000000
-0.328323 -0.127904 0.373699 3.000000
-0.017754 -0.153275 -0.319401 1.000000
0.042249 -0.111139 -0.401375 3.000000
0.133790 -0.042624 0.159056 1.000000
-0.148969 -0.046071 0.204217 1.000000
0.133978 -0.035590 0.283190 1.000000
0.101924 -0.133368 0.387604 3.000000
0.435050 -0.038943 -0.016593 0.000000
-0.157481 -0.040467 0.457057 1.000000
-0.207261 0.116494 -0.070617 0.000000
0.241182 -0.135244 -0.014999 3.000000
0.300388 -0.040584 -0.022455 0.000000
0.481313 -0.011696 -0.140516 0.000000
0.022365 -0.043984 -0.351876 1.000000
0.062813 -0.043492 0.051711 0.000000
0.410289 0.094476 0.013069 0.000000
-0.234602 0.122309 -0.065177 0.000000
-0.148383 -0.068065 -0.358981 1.000000
-0.532016 0.028400 -0.000156 0.000000
0.705359 0.043618 0.060598 0.000000
-0.377634 -0.056036 0.660327 1.000000
-0.774726 0.228107 -0.005244 2.000000
-0.262856 -0.040678 -0.661343 1.000000
-0.141513 0.124490 -0.064240 0.000000
-0.773108 0.141935 -0.005104 2.000000
0.464501 0.065682 -0.031037 0.000000
-0.472646 0.085543 0.052813 0.000000
0.850689 -0.039928 0.010841 0.000000
-0.304289 -0.041334 -0.519131 1.000000
0.643456 0.067886 0.010677 0.000000
-0.184517 -0.032166 0.370838 1.000000
-0.801598 0.208528 -0.002055 2.000000
-0.480313 0.232374 -0.005057 2.000000
-0.293714 -0.050550 0.541258 1.000000
0.025929 -0.082814 -0.347585 3.000000
0.685756 -0.029399 -0.043136 0.000000
-0.459679 -0.022388 0.109674 0.000000
0.434300 -0.038943 -0.045669 0.000000
0.590557 0.120480 0.034523 0.000000
0.823115 0.047909 -0.058565 0.000000
-0.052715 -0.135689 -0.310350 1.000000
-0.819840 0.017966 -0.216370 2.000000
-0.235469 -0.047126 0.023761 0.000000
-0.115462 -0.028274 -0.320831 1.000000
0.179725 -0.026164 -0.206757 1.000000
0.293917 0.095438 0.123438 0.000000
0.037700 -0.043796 0.395365 1.000000
-0.088098 -0.057607 0.002658 3.000000
-0.781292 0.095438 -0.050851 2.000000
-0.401669 0.039608 0.112183 0.000000
0.317130 0.116377 0.081419 0.000000
0.393641 -0.004451 -0.150552 0.000000
0.475850 0.061884 0.106110 0.000000
0.302334 -0.009703 0.143604 0.000000
-0.256432 -0.047384 0.031780 0.000000
0.255696 -0.085792 -0.248517 1.000000
-0.232304 -0.094632 -0.391245 3.000000
0.939628 0.025680 0.037384 0.000000
0.099533 -0.043046 0.191766 1.000000
0.022084 -0.043984 0.222834 1.000000
0.669132 0.069668 -0.065248 0.000000
0.068933 -0.082533 0.378459 1.000000
0.930764 -0.013830 -0.036618 0.000000
0.223760 0.134713 -0.059151 0.000000
0.071840 0.107115 -0.109142 0.000000
-0.258378 -0.047407 -0.269386 1.000000
0.345924 -0.040021 -0.121804 0.000000
0.010805 0.047745 0.142619 0.000000
-0.201282 -0.038192 0.177720 1.000000
0.516180 -0.017206 0.069649 0.000000
0.042296 -0.043726 -0.341700 1.000000
0.847360 -0.019106 0.042425 0.000000
-0.059351 -0.074795 -0.319401 1.000000
0.530859 -0.069261 0.040948 0.000000
-0.235328 -0.039552 -0.645633 1.000000
-0.246326 -0.024991 0.142619 0.000000
0.152314 -0.042390 -0.071344 0.000000
-0.034942 -0.022435 -0.191445 1.000000
-0.277183 -0.046939 0.201473 1.000000
-0.712425 0.048495 -0.152498 2.000000
0.593676 0.024132 -0.077019 0.000000
0.687163 -0.144037 0.006362 0.000000
-0.294886 -0.054301 0.638849 1.000000
-0.220744 -0.046962 -0.251589 1.000000
0.252460 -0.041170 -0.201903 1.000000
-0.121559 -0.045743 0.110776 0.000000
-0.131032 -0.045860 0.220630 1.000000
0.206057 0.158138 -0.038236 0.000000
0.163124 -0.141973 -0.362123 3.000000
0.050526 -0.079836 0.369408 1.000000
-0.305016 -0.095804 0.367954 3.000000
-0.197694 -0.047923 0.503085 1.000000
-0.318616 -0.055450 0.661476 1.000000
-0.086809 -0.144764 0.381976 3.000000
-0.047369 -0.120026 0.323966 3.000000
-0.661308 0.103715 -0.044567 2.000000
-0.193286 -0.046610 0.408332 1.000000
0.883728 -0.041334 -0.001235 0.000000
0.146311 -0.036786 0.279696 1.000000
0.558363 -0.014721 -0.065459 0.000000
0.137167 -0.042577 0.180394 1.000000
0.257666 0.024273 0.142619 0.000000
0.263458 0.089552 0.127307 0.000000
-0.296035 -0.048134 0.102405 0.000000
-0.170823 -0.038826 -0.463536 1.000000
-0.378830 0.155910 0.020689 0.000000
-0.191739 0.106505 -0.099881 0.000000
0.654875 -0.033432 0.026410 0.000000
0.269578 -0.088840 0.263962 3.000000
0.606432 0.030932 -0.071368 0.000000
0.628496 0.101300 -0.041870 0.000000
-0.295824 -0.047337 -0.482833 1.000000
0.160193 -0.042296 -0.048787 0.000000
0.070199 -0.023584 -0.256326 1.000000
-0.055599 -0.092826 -0.393520 3.000000
0.272555 -0.112569 0.023433 3.000000
0.569337 0.062259 -0.078519 0.000000
-0.668179 0.051449 0.140931 2.000000
0.165093 -0.124247 0.386853 3.000000
-0.613404 0.083784 -0.087805 2.000000
0.031369 -0.135455 -0.337667 3.000000
-0.489692 -0.005037 -0.008855 2.000000
-0.769873 0.038248 -0.173085 2.000000
0.278347 -0.128936 0.003502 3.000000
0.417441 -0.039154 0.107118 0.000000
0.106825 -0.032635 -0.149121 0.000000
-0.188690 -0.095663 0.387908 3.000000
0.363745 0.151549 0.019611 0.000000
0.232225 -0.018332 0.142619 0.000000
0.586008 0.043735 0.071290 0.000000
0.222705 -0.030290 0.142619 0.000000
-0.001200 -0.032026 -0.149121 0.000000
0.574800 0.217227 0.007042 3.000000
-0.148055 -0.031838 -0.178361 1.000000
-0.204096 -0.051769 0.360474 1.000000
0.112593 -0.127811 -0.040276 3.000000
0.415823 0.107631 0.020666 0.000000
-0.023312 -0.045250 0.004956 3.000000
-0.777728 0.076703 0.080646 2.000000
0.536955 0.058343 0.069180 0.000000
-0.182289 -0.151071 -0.374504 3.000000
0.418214 0.084323 0.031921 0.000000
-0.155957 -0.029915 0.307153 1.000000
-0.747339 0.116611 -0.014459 0.000000
0.200640 -0.041803 -0.182652 1.000000
0.512921 -0.004263 0.130402 0.000000
0.130179 -0.020817 -0.201856 1.000000
-0.242597 -0.039224 0.355902 1.000000
0.155034 -0.022459 0.200793 1.000000
0.421099 -0.039107 0.117318 0.000000
-0.297231 -0.043539 0.487469 1.000000
-0.007953 -0.021404 -0.172898 1.000000
0.132688 -0.031979 -0.272388 1.000000
-0.077359 -0.041170 0.487891 1.000000
-0.781175 0.061673 -0.120491 2.000000
0.172854 -0.042132 0.150427 1.000000
0.132571 -0.109498 0.391426 3.000000
-0.789686 -0.014393 0.283190 2.000000
0.568586 0.093116 0.021557 0.000000
0.134869 -0.037794 0.293647 1.000000
-0.191105 0.103949 -0.108978 0.000000
0.078593 -0.086003 -0.223029 1.000000
-0.244590 -0.118596 -0.017015 3.000000
0.325055 0.107537 0.112160 0.000000
-0.184868 -0.048275 0.516661 1.000000
0.483119 0.105567 -0.115286 0.000000
-0.799652 0.262130 -0.001985 2.000000
0.918196 0.001974 0.042543 0.000000
-0.093843 -0.135455 0.388776 3.000000
0.559817 0.139145 -0.010942 0.000000
-0.074569 -0.025296 0.248018 1.000000
-0.173449 -0.071535 0.012482 3.000000
0.358774 0.099612 -0.126963 0.000000
-0.429572 0.006828 0.061536 0.000000
0.968023 -0.013478 -0.020861 0.000000
-0.235399 -0.053434 0.635261 1.000000
-0.319624 -0.041100 -0.668706 1.000000
0.098454 -0.125208 0.036892 3.000000
-0.043688 -0.147882 -0.017250 3.000000
-0.183461 -0.042436 -0.583355 1.000000
0.052707 -0.073106 0.233738 1.000000
0.013244 0.119284 -0.070524 0.000000
0.433737 0.039022 0.139406 0.000000
0.128913 -0.019528 0.160674 1.000000
0.348058 0.090701 0.013842 0.000000
0.179608 -0.139253 -0.361678 3.000000
-0.785794 0.142310 -0.004799 2.000000
0.733543 0.075108 -0.049561 0.000000
0.563662 0.134174 0.020572 0.000000
0.057959 0.086457 -0.134302 0.000000
-0.038975 -0.026492 -0.298227 1.000000
-0.759063 0.094547 0.010114 0.000000
0.248005 -0.066307 0.236505 1.000000
0.009305 -0.044148 0.281079 1.000000
-0.117338 -0.045672 0.027606 0.000000
-0.018528 -0.041569 -0.437626 1.000000
-0.160576 -0.046212 -0.411598 1.000000
-0.256760 -0.047384 0.453446 1.000000
0.121902 -0.144388 -0.356355 3.000000
-0.158349 -0.046188 -0.108720 0.000000
-0.307197 -0.048392 0.007418 0.000000
0.575105 0.067042 0.017711 0.000000
0.350942 0.105333 -0.121500 0.000000
0.676541 -0.125513 -0.013897 0.000000
0.077398 -0.043304 0.010982 0.000000
0.495429 0.065096 0.132302 0.000000
0.173722 -0.086941 -0.379334 3.000000
0.562091 0.099143 0.035016 0.000000
-0.115579 -0.045672 -0.232737 1.000000
0.142560 -0.080469 0.358223 3.000000
-0.075413 -0.147366 -0.010942 3.000000
0.375656 -0.033855 0.145573 0.000000
-0.081861 -0.023397 -0.193297 1.000000
0.405295 -0.005084 -0.149215 0.000000
0.982139 0.033535 -0.013029 0.000000
0.057819 -0.147484 -0.355253 3.000000
0.526028 0.120129 0.063904 0.000000
-0.608644 0.074897 -0.039760 0.000000
-0.287078 0.153261 -0.036336 0.000000
-0.264146 -0.037934 -0.552849 1.000000
0.828695 -0.041686 -0.012091 0.000000
-0.127866 0.079962 -0.137866 0.000000
0.505277 0.103738 0.116779 0.000000
0.089262 -0.126544 -0.331711 3.000000
-0.178444 -0.036059 0.151107 1.000000
0.000559 -0.023350 0.220982 1.000000
-0.063783 -0.061992 -0.000414 3.000000
-0.335967 0.124560 -0.060629 0.000000
-0.137199 -0.045930 -0.002079 0.000000
0.274666 -0.040889 0.028802 0.000000
-0.545686 0.072506 -0.053876 0.000000
0.346135 0.010486 -0.151279 0.000000
-0.252445 0.041742 0.142619 0.000000
-0.037216 -0.049166 -0.011177 3.000000
-0.022233 -0.060163 0.000336 3.000000
0.099462 -0.043046 0.243938 1.000000
0.545795 0.028236 0.070305 0.000000
-0.264451 -0.047478 -0.085812 0.000000
-0.694769 0.080923 0.085593 2.000000
-0.390671 -0.047830 0.094972 0.000000
0.212951 -0.100283 0.344764 3.000000
-0.164023 -0.046259 0.211134 1.000000
0.622423 0.048893 -0.070993 0.000000
-0.151455 -0.034019 0.455345 1.000000
0.106731 -0.051441 0.240749 1.000000
0.302569 0.114595 -0.093292 0.000000
0.127834 -0.099134 -0.044871 3.000000
-0.259269 0.108147 0.084679 0.000000
-0.096657 -0.072051 0.350931 1.000000
0.021732 -0.021990 0.191320 1.000000
0.033714 -0.109381 0.394896 3.000000
-0.313059 -0.046868 -0.135428 0.000000
0.014018 -0.077374 -0.365007 1.000000
0.216046 -0.041616 -0.008386 0.000000
0.736521 -0.028977 -0.038916 0.000000
0.729463 0.046361 0.058417 0.000000
-0.530046 0.243770 -0.006159 2.000000
-0.124513 0.103903 -0.112050 0.000000
0.769372 0.081346 0.032648 0.000000
-0.792664 0.078039 -0.088532 2.000000
0.058241 -0.118408 0.042683 3.000000
0.011673 -0.060327 -0.011247 3.000000
-0.628927 0.087465 0.062427 2.000000
-0.113211 -0.105652 -0.042855 3.000000
-0.750411 0.062892 0.120202 2.000000
0.073904 -0.062649 0.006597 3.000000
-0.056959 -0.152408 0.312898 1.000000
-0.313340 -0.045977 0.529018 1.000000
-0.727854 0.053302 -0.150411 2.000000
0.293940 -0.015448 -0.149872 0.000000
-0.031706 -0.054840 0.353346 1.000000
0.153791 0.165313 0.013749 0.000000
0.558715 -0.086050 0.037853 0.000000
0.225730 -0.041499 -0.015280 0.000000
-0.366356 0.062892 -0.112003 0.000000
-0.080665 -0.014979 -0.149121 0.000000
-0.591738 0.096282 0.056518 2.000000
0.388295 0.100549 -0.126424 0.000000
-0.117854 -0.070949 0.367649 1.000000
0.999725 0.023406 -0.001446 0.000000
-0.586415 0.059469 0.008660 0.000000
0.273986 -0.086003 0.217418 3.000000
0.428016 0.067558 -0.004893 0.000000
0.357390 0.122239 -0.023698 0.000000
-0.094828 0.107045 0.095676 0.000000
-0.066128 -0.045063 0.387861 1.000000
-0.201235 0.112133 -0.079551 0.000000
0.088043 -0.043187 -0.346765 1.000000
0.018074 -0.142794 0.336370 3.000000
-0.408211 0.161420 0.006597 0.000000
0.807522 0.070231 -0.044731 0.000000
-0.205878 0.109741 -0.087828 0.000000
0.541152 -0.010899 0.070540 0.000000
0.523402 0.176263 -0.028247 0.000000
0.318373 0.116682 -0.010098 0.000000
0.137659 -0.001614 -0.149121 0.000000
-0.455341 0.039749 -0.035375 0.000000
0.747964 0.083315 -0.021588 0.000000
-0.735029 0.040194 0.172445 2.000000
-0.627543 0.077383 0.029904 0.000000
0.615178 0.067535 0.023526 0.000000
0.597709 0.066761 0.064373 0.000000
-0.708369 0.052762 0.136686 2.000000
0.409468 0.113352 0.009856 0.000000
-0.372007 -0.053809 0.621193 1.000000
-0.035059 -0.044688 -0.422642 1.000000
-0.064627 -0.045039 -0.385829 1.000000
-0.333435 -0.134939 0.359630 3.000000
-0.520691 0.198632 0.002962 2.000000
0.005412 -0.044195 -0.170905 1.000000
-0.171175 0.149087 0.035696 0.000000
-0.080876 -0.147249 0.376114 3.000000
0.068511 -0.043421 0.343756 1.000000
-0.383215 0.162499 0.004721 0.000000
0.131563 -0.084807 -0.383109 3.000000
0.501127 0.103387 -0.081872 0.000000
-0.022421 -0.044523 0.095723 0.000000
-0.286703 -0.047923 -0.044215 0.000000
-0.429032 -0.036176 0.073095 0.000000
-0.105497 -0.045532 0.357332 1.000000
0.592996 0.075835 0.068148 0.000000
-0.066901 0.000661 -0.149121 0.000000
0.134658 -0.042601 -0.142040 0.000000
-0.452387 -0.044617 -0.094206 0.000000
-0.140974 0.016184 -0.149121 0.000000
-0.622994 0.093468 -0.071321 2.000000
0.206573 -0.027617 -0.193274 1.000000
-0.520034 0.212678 0.001720 2.000000
-0.069973 -0.045110 0.048991 0.000000
0.095593 -0.116204 0.324200 3.000000
0.153158 -0.050479 0.231440 1.000000
-0.043664 0.070724 0.140086 0.000000
-0.157973 -0.032776 -0.190296 1.000000
-0.182711 -0.042999 -0.567246 1.000000
-0.334654 -0.048744 0.480551 1.000000
0.500611 0.051824 -0.131793 0.000000
0.397041 0.188292 -0.001915 3.000000
-0.276550 -0.047642 0.191695 1.000000
-0.165688 -0.032518 0.237114 1.000000
0.143896 -0.042483 0.234254 1.000000
0.213771 -0.041639 0.029201 0.000000
0.726907 0.081510 -0.044848 0.000000
0.711760 -0.013713 0.048921 0.000000
-0.363144 -0.049682 -0.022010 0.000000
-0.245153 -0.117470 0.011498 3.000000
0.527810 -0.030994 -0.079106 0.000000
-0.051308 -0.085253 0.381577 3.000000
-0.308135 -0.130296 0.378881 3.000000
-0.152956 -0.046118 0.413889 1.000000
0.766957 0.070161 -0.049983 0.000000
0.023702 -0.043961 0.212212 1.000000
-0.147609 0.162734 -0.017578 0.000000
-0.000450 -0.116814 -0.401375 3.000000
0.748362 0.087372 0.015882 0.000000
-0.255611 -0.039154 -0.438751 1.000000
-0.083362 0.166626 -0.010075 0.000000
-0.767200 0.226090 -0.000906 2.000000
0.139558 -0.079789 -0.228821 1.000000
-0.647920 0.110515 -0.030404 2.000000
-0.298474 -0.039271 -0.595712 1.000000
0.259284 0.083995 -0.138452 0.000000
-0.312824 0.059375 -0.137139 0.000000
-0.464134 0.000239 0.026973 0.000000
-0.467956 -0.035801 0.098419 0.000000
-0.222526 -0.120284 0.394497 3.000000
-0.209934 0.083081 0.127870 0.000000
-0.620532 0.247592 0.003127 2.000000
-0.016113 -0.023866 0.229165 1.000000
-0.254978 -0.149617 0.359044 3.000000
0.673751 -0.087293 0.001368 0.000000
0.652108 0.021201 0.061840 0.000000
0.475240 0.111007 0.076613 0.000000
-0.066526 -0.041827 0.485640 1.000000
-0.256010 -0.041405 0.319065 1.000000
-0.157411 -0.049213 0.366266 1.000000
-0.344878 -0.047196 -0.504077 1.000000
0.481383 -0.008460 0.125314 0.000000
-0.688977 0.093703 0.046224 2.000000
-0.001575 -0.022224 0.190218 1.000000
0.142020 -0.130179 -0.340199 3.000000
-0.033511 -0.044664 -0.404728 1.000000
-0.074381 -0.023045 0.160627 1.000000
-0.275847 -0.047173 0.457057 1.000000
0.095101 -0.088488 0.254536 1.000000
0.557754 -0.047783 0.037361 0.000000
0.791319 0.055154 0.052719 0.000000
0.026304 -0.043937 0.328233 1.000000
0.522957 -0.033128 -0.028200 0.000000
-0.197132 -0.046657 -0.440135 1.000000
0.674103 -0.147530 0.006222 0.000000
-0.062024 -0.044711 -0.476268 1.000000
0.222213 0.094641 0.122571 0.000000
0.757976 0.079775 -0.042081 0.000000
-0.046900 -0.094374 0.284268 1.000000
-0.763190 0.101558 0.032530 2.000000
-0.185923 -0.095546 0.330977 3.000000
0.465533 0.251906 0.028286 3.000000
-0.157293 -0.047243 0.498114 1.000000
-0.763495 0.078813 0.083319 2.000000
0.335959 0.116963 -0.016382 0.000000
0.335513 -0.040162 0.113449 0.000000
-0.581890 0.149462 -0.016710 0.000000
-0.029127 0.103434 -0.117795 0.000000
-0.634132 0.178889 0.008121 2.000000
-0.203416 -0.046727 0.412834 1.000000
0.047431 -0.133766 -0.041472 3.000000
0.940355 -0.023678 0.011498 0.000000
-0.057546 -0.027031 0.299885 1.000000
-0.577857 0.073655 -0.048694 0.000000
0.037724 -0.043796 0.294890 1.000000
-0.638681 0.135182 -0.021541 0.000000
-0.187283 0.132181 -0.056947 0.000000
0.652226 0.085707 -0.063864 0.000000
-0.669656 0.304313 -0.005948 2.000000
0.144717 -0.107223 -0.043840 3.000000
-0.137128 -0.045930 -0.176602 1.000000
0.022506 -0.149711 -0.360810 3.000000
0.520495 0.033910 -0.075964 0.000000
0.118033 0.042680 0.142619 0.000000
-0.266303 -0.143966 -0.379170 3.000000
0.227418 0.107701 0.107283 0.000000
-0.162593 -0.117611 -0.401375 3.000000
0.485088 -0.004169 -0.131793 0.000000
0.666107 0.095086 -0.042667 0.000000
-0.794024 0.201423 -0.001868 2.000000
-0.221424 -0.037583 -0.561173 1.000000
0.111749 -0.037161 0.142619 0.000000
-0.202572 -0.088910 0.025238 3.000000
-0.009594 -0.036739 -0.149121 0.000000
-0.669984 0.103176 -0.028528 0.000000
-0.221095 -0.045625 -0.505461 1.000000
-0.809852 0.027579 -0.195314 2.000000
-0.059703 -0.044969 0.119827 0.000000
0.717200 0.080572 -0.032960 0.000000
0.072943 -0.060491 -0.235551 1.000000
-0.102824 -0.045508 0.455415 1.000000
0.609667 -0.032917 0.034453 0.000000
-0.308346 0.150259 0.033163 0.000000
-0.036677 -0.044711 0.408214 1.000000
0.677010 -0.008859 0.055603 0.000000
-0.114993 0.105614 0.099897 0.000000
-0.192606 -0.104339 0.324693 3.000000
-0.007273 -0.022412 -0.199722 1.000000
0.382550 0.064697 -0.032069 0.000000
-0.089060 -0.129804 0.326029 3.000000
-0.092131 -0.117072 0.323966 3.000000
-0.130610 0.108405 0.089345 0.000000
0.373757 0.119120 0.023362 0.000000
-0.198515 -0.046681 -0.137726 0.000000
0.463774 0.047721 -0.007847 0.000000
0.174425 -0.042108 0.121867 0.000000
-0.102519 -0.030197 -0.149121 0.000000
0.686858 -0.121972 0.017219 0.000000
0.020067 0.137035 -0.054907 0.000000
-0.075436 -0.037395 -0.471062 1.000000
-0.583649 0.047674 -0.011833 0.000000
-0.438646 0.023898 0.021510 0.000000
-0.273127 -0.002692 -0.148910 0.000000
0.105418 -0.032635 0.290388 1.000000
-0.009266 -0.134517 -0.395208 3.000000
-0.701498 0.042985 0.169631 2.000000
-0.738124 0.106927 -0.029560 2.000000
0.052496 -0.086284 0.383242 3.000000
0.099533 -0.042108 0.342607 1.000000
-0.033371 -0.033597 0.403056 1.000000
-0.180319 -0.144928 0.336159 3.000000
-0.018880 -0.067502 0.354143 1.000000
0.426656 0.108662 0.023925 0.000000
0.154495 -0.099157 0.332102 3.000000
0.703881 -0.135947 -0.015843 0.000000
-0.111570 -0.032096 -0.423744 1.000000
0.227066 -0.126615 -0.369345 3.000000
-0.220791 -0.120682 -0.401234 3.000000
-0.075202 -0.070551 -0.358207 1.000000
0.305852 -0.083236 -0.005221 3.000000
0.266506 -0.079531 0.010067 3.000000
0.352208 0.085824 -0.139766 0.000000
-0.177412 -0.031955 -0.398467 1.000000
-0.622455 0.102472 -0.035727 2.000000
-0.429712 -0.004568 0.120484 0.000000
0.407710 0.059117 -0.007613 0.000000
-0.225668 -0.038919 0.272568 1.000000
0.293096 0.092647 -0.132262 0.000000
0.508091 -0.019668 0.130965 0.000000
-0.046924 0.163836 0.011380 0.000000
-0.358712 -0.049588 -0.088602 0.000000
0.224534 -0.104339 -0.038916 3.000000
-0.218727 0.166368 -0.006722 0.000000
0.336592 -0.103143 0.007980 3.000000
0.244558 -0.041264 0.016844 0.000000
-0.601047 0.051285 -0.005573 2.000000
0.422763 -0.039083 -0.059339 0.000000
-0.093491 -0.045391 0.110284 0.000000
-0.104911 -0.045532 -0.062598 0.000000
0.843514 -0.044054 -0.002055 0.000000
0.206667 -0.101807 -0.040018 3.000000
0.447759 0.228529 0.027536 3.000000
0.419832 0.086551 -0.032819 0.000000
0.508020 0.066222 -0.041073 0.000000
-0.225386 -0.036903 -0.526376 1.000000
0.027430 -0.043914 0.200184 1.000000
-0.219806 -0.046939 0.395388 1.000000
0.100166 0.110679 -0.097747 0.000000
0.571072 0.103363 0.026317 0.000000
0.685780 0.013651 -0.065998 0.000000
-0.480126 0.005022 0.002376 2.000000
-0.123646 -0.029165 -0.341395 1.000000
-0.288297 -0.140660 0.344787 3.000000
0.361400 0.145617 -0.046607 0.000000
0.181601 -0.087152 0.235356 1.000000
0.192269 -0.041897 -0.155077 1.000000
-0.065026 -0.023186 0.195494 1.000000
0.242354 -0.090622 0.026457 3.000000
-0.461766 0.038037 0.079778 0.000000
0.816831 -0.001145 -0.059480 0.000000
-0.277980 -0.047642 0.403830 1.000000
0.533555 0.103480 0.073025 0.000000
-0.301124 0.148290 -0.041472 0.000000
-0.415972 0.158443 -0.008668 2.000000
0.437043 0.068308 -0.026113 0.000000
-0.194459 -0.117423 -0.330445 3.000000
-0.257440 -0.047407 0.165551 1.000000
-0.437169 -0.035496 -0.108556 0.000000
-0.056490 -0.060726 0.288606 1.000000
-0.106435 -0.033456 -0.461074 1.000000
-0.795079 0.037732 -0.178291 2.000000
-0.668671 0.296434 0.000031 2.000000
-0.372804 -0.049166 0.096637 0.000000
-0.419372 0.207519 -0.002220 2.000000
0.431181 -0.038990 0.039448 0.000000
-0.010415 -0.044383 -0.064990 0.000000
0.122301 -0.087363 -0.234097 1.000000
0.187111 0.031003 -0.149121 0.000000
-0.806686 0.014870 0.217277 2.000000
-0.211200 0.113727 0.067069 0.000000
0.409257 0.142779 0.030256 0.000000
-0.462868 0.085379 0.054126 0.000000
-0.231835 0.158958 0.017664 0.000000
0.441006 0.130493 -0.040956 0.000000
0.183031 -0.077609 -0.224905 1.000000
-0.222127 -0.046962 -0.034039 0.000000
-0.319061 -0.109896 -0.384328 3.000000
0.952243 -0.022248 0.001227 0.000000
-0.131430 0.131008 -0.058589 0.000000
-0.198515 -0.131328 0.010419 3.000000
-0.696152 0.120457 -0.020298 0.000000
0.188401 -0.091091 0.344154 3.000000
-0.310268 0.161936 -0.014694 0.000000
0.017676 -0.044031 0.009340 0.000000
0.731386 0.068942 -0.000273 0.000000
-0.268296 -0.088512 0.355714 3.000000
-0.021787 -0.077515 -0.366719 1.000000
-0.175208 -0.046399 0.329241 1.000000
0.312276 -0.040443 -0.094300 0.000000
-0.084745 -0.050878 -0.009488 3.000000
0.369607 0.010345 0.145409 0.000000
-0.269328 0.031847 0.142619 0.000000
-0.044860 -0.044805 0.045333 0.000000
-0.049855 -0.066940 -0.292365 1.000000
0.012564 -0.044383 -0.368688 1.000000
0.576020 0.190027 0.025543 3.000000
-0.352287 -0.049447 0.055885 0.000000
0.199445 -0.070902 -0.018211 3.000000
-0.132931 -0.039623 -0.549449 1.000000
0.722241 0.100643 -0.030943 0.000000
-0.689282 0.091452 0.062614 2.000000
0.343720 -0.112077 -0.004189 3.000000
-0.232585 -0.047103 0.003244 0.000000
-0.717185 0.160272 0.002493 2.000000
0.981529 0.009173 -0.027590 0.000000
0.032002 -0.043867 -0.374808 1.000000
-0.174692 -0.046399 -0.173812 1.000000
0.008601 -0.044148 -0.250182 1.000000
-0.582687 0.141677 0.010536 2.000000
-0.275213 -0.043398 0.330789 1.000000
0.209691 -0.003489 0.142619 0.000000
-0.301991 -0.047431 -0.463536 1.000000
0.200687 -0.041803 0.239482 1.000000
0.182140 -0.084948 0.251113 1.000000
0.553251 0.106927 0.072744 0.000000
0.520495 0.048307 -0.077019 0.000000
0.566945 0.038061 -0.073713 0.000000
0.092873 -0.043116 0.301714 1.000000
-0.159451 -0.137096 0.015554 3.000000
-0.627637 0.095250 0.045145 2.000000
-0.231858 -0.047079 -0.459690 1.000000
0.557730 0.030792 -0.014319 0.000000
-0.140927 -0.022365 0.142619 0.000000
0.494280 0.063267 0.070868 0.000000
0.190792 -0.116298 0.383758 3.000000
0.246856 -0.041241 -0.140680 0.000000
0.498313 0.084488 0.035907 0.000000
0.311901 0.124912 -0.069586 0.000000
-0.473349 0.115603 -0.049866 0.000000
0.285897 -0.040748 0.006456 0.000000
-0.723961 0.043782 0.156054 2.000000
-0.273408 -0.048861 0.598307 1.000000
0.060187 -0.045790 -0.009442 3.000000
0.220712 -0.081196 0.023925 3.000000
0.150555 -0.117400 0.329101 3.000000
-0.774046 0.050371 -0.152240 2.000000
0.558246 0.076609 0.002517 0.000000
-0.255048 -0.037278 -0.497840 1.000000
-0.215233 -0.046892 0.355761 1.000000
0.215178 -0.038849 0.236903 1.000000
-0.294699 -0.042085 -0.632385 1.000000
0.479273 0.018153 0.125314 0.000000
-0.245294 -0.041944 -0.248424 1.000000
-0.044673 -0.144810 -0.388033 3.000000
0.769255 0.031214 -0.066561 0.000000
0.163569 -0.095945 -0.390073 3.000000
0.731667 0.110398 -0.017086 0.000000
-0.209418 0.105427 -0.102952 0.000000
-0.108311 -0.045579 -0.440369 1.000000
0.275651 0.035387 -0.149403 0.000000
-0.345300 0.113118 -0.065107 0.000000
-0.041835 -0.156206 -0.306739 1.000000
-0.264263 -0.049799 0.609187 1.000000
-0.151713 -0.100728 -0.333423 3.000000
0.492592 0.108803 0.069344 0.000000
-0.042633 -0.086097 -0.343060 3.000000
-0.136565 0.168455 -0.004072 0.000000
0.597803 -0.035168 0.017055 0.000000
0.504831 0.044298 0.075675 0.000000
0.144365 -0.051652 -0.237380 1.000000
0.065392 -0.042577 -0.377739 1.000000
-0.238142 -0.036926 -0.458987 1.000000
-0.228247 -0.047032 0.419399 1.000000
0.175739 -0.042108 0.162456 1.000000
-0.191973 -0.036645 0.192821 1.000000
-0.111781 -0.045625 -0.017859 0.000000
-0.020427 -0.022365 -0.194399 1.000000
-0.034473 -0.118033 0.394896 3.000000
0.006233 -0.020771 -0.160541 1.000000
0.344048 0.175138 -0.004377 0.000000
-0.311511 -0.050010 0.521140 1.000000
-0.738523 0.055951 -0.134841 2.000000
-0.079423 -0.150508 0.298407 1.000000
-0.003123 -0.091302 0.332454 3.000000
-0.144843 -0.046024 0.149606 1.000000
-0.193145 0.056749 -0.149121 0.000000
0.448673 0.067746 -0.000719 0.000000
0.501596 0.089459 0.068476 0.000000
-0.578115 0.177318 0.007277 2.000000
-0.451589 0.064369 0.062005 0.000000
-0.236384 -0.047150 0.165246 1.000000
0.174566 -0.075100 0.240678 1.000000
-0.106786 0.114595 -0.074955 0.000000
-0.767692 0.175442 -0.005244 2.000000
0.560708 0.107912 -0.024190 0.000000
0.565468 -0.008507 -0.075917 0.000000
-0.637837 0.099049 0.036282 2.000000
0.140895 -0.087644 -0.238247 1.000000
0.374414 0.104958 -0.030029 0.000000
0.489074 0.119097 -0.042081 0.000000
0.169853 -0.067690 0.006386 3.000000
0.022647 -0.043984 0.341903 1.000000
-0.310221 -0.052050 0.575188 1.000000
0.218930 0.045658 -0.149121 0.000000
0.002950 -0.074584 -0.369533 1.000000
0.272016 -0.009609 -0.149285 0.000000
0.202798 0.134432 0.052696 0.000000
0.531914 0.114782 0.035954 0.000000
-0.248248 -0.085628 -0.361584 3.000000
-0.004389 0.037123 -0.149121 0.000000
0.141458 -0.083400 0.262579 1.000000
0.559348 0.118370 -0.007941 0.000000
0.008812 -0.044148 0.209094 1.000000
0.128116 -0.133813 0.384204 3.000000
0.873739 -0.030220 -0.035844 0.000000
-0.133564 -0.031252 0.387252 1.000000
0.091490 0.162663 -0.024753 0.000000
0.008859 -0.044148 0.364132 1.000000
0.033808 -0.043843 -0.233675 1.000000
-0.149415 -0.046071 -0.237192 1.000000
0.296097 0.066644 -0.149965 0.000000
0.463164 -0.038591 -0.089399 0.000000
-0.184141 -0.046493 0.193970 1.000000
-0.190332 -0.046587 -0.015444 0.000000
0.430079 0.134901 -0.039619 0.000000
0.411930 0.123130 -0.029888 0.000000
0.200453 0.118206 -0.075471 0.000000
-0.070512 -0.050831 0.367157 1.000000
-0.007766 -0.044336 -0.085788 0.000000
0.227207 -0.084807 -0.252433 1.000000
0.426796 -0.039037 -0.113316 0.000000
0.023022 0.044860 -0.149121 0.000000
-0.617132 0.106904 -0.041917 2.000000
-0.388022 -0.050268 -0.061098 0.000000
-0.789522 -0.005740 0.263540 2.000000
-0.315708 0.089529 0.091924 0.000000
0.613161 0.255095 0.010653 3.000000
-0.094547 -0.024452 0.212564 1.000000
-0.203650 -0.007944 0.142619 0.000000
-0.339180 -0.049143 -0.101053 0.000000
-0.497477 0.035833 0.015554 0.000000
-0.147398 -0.046047 -0.006135 0.000000
-0.325392 -0.046634 0.454383 1.000000
0.169806 -0.117236 -0.337315 3.000000
0.036715 -0.030900 0.335103 1.000000
0.467010 -0.001825 0.135655 0.000000
-0.052434 -0.044899 0.037009 0.000000
0.301889 -0.040561 -0.132403 0.000000
-0.280818 -0.047689 -0.394810 1.000000
-0.232538 0.153401 -0.037603 0.000000
-0.258730 -0.080258 -0.014600 3.000000
0.060679 -0.043515 -0.036078 0.000000
-0.753248 0.144397 -0.005573 2.000000
0.657736 -0.148937 0.006362 0.000000
-0.057569 -0.104058 0.394896 3.000000
-0.080009 -0.045227 0.091901 0.000000
-0.250241 -0.093694 -0.344396 3.000000
-0.702249 0.081088 -0.080278 2.000000
0.264114 -0.114469 0.024394 3.000000
0.423631 0.092132 -0.027262 0.000000
-0.137105 -0.092498 -0.339261 3.000000
-0.258870 -0.038099 -0.563752 1.000000
-0.096352 -0.136580 -0.337338 3.000000
0.172784 0.104043 -0.120562 0.000000
-0.590472 0.047299 -0.006065 2.000000
-0.325650 0.152370 -0.037321 0.000000
0.805810 0.030674 0.058112 0.000000
0.369372 -0.039740 -0.034015 0.000000
0.307634 -0.038802 -0.171444 1.000000
-0.075999 -0.045180 0.267175 1.000000
-0.185759 -0.046516 0.279321 1.000000
0.025249 -0.043937 -0.002454 3.000000
-0.826922 0.320023 -0.003884 2.000000
-0.003146 -0.044406 -0.464403 1.000000
0.496249 0.145265 0.032272 0.000000
0.210864 -0.130484 -0.370963 3.000000
-0.429314 -0.014744 -0.024073 0.000000
0.541527 -0.031627 0.030725 0.000000
0.749488 0.005327 0.056588 0.000000
-0.048729 -0.044500 0.461348 1.000000
-0.026383 -0.151751 0.359982 3.000000
0.246505 -0.086355 0.235168 1.000000
-0.329871 -0.050057 0.516310 1.000000
-0.664966 0.067066 -0.112941 2.000000
0.282310 -0.040795 -0.003369 0.000000
-0.274651 -0.047642 -0.043418 0.000000
-0.452926 0.161022 -0.010872 0.000000
0.117845 0.050863 -0.149121 0.000000
0.948608 0.030416 0.033257 0.000000
-0.720491 0.034215 -0.193790 2.000000
-0.065260 0.045986 -0.149121 0.000000
0.008976 -0.044148 -0.030076 0.000000
-0.336671 -0.045438 -0.507923 1.000000
0.413009 0.110069 0.107494 0.000000
-0.119355 -0.051628 0.367602 1.000000
-0.507138 0.056749 -0.039291 0.000000
0.407030 -0.039271 0.081068 0.000000
0.408577 0.145241 -0.001844 0.000000
-0.177084 -0.065697 0.353510 1.000000
-0.046924 -0.044828 -0.088414 0.000000
-0.262903 -0.039646 -0.633510 1.000000
-0.156848 0.168549 -0.003251 0.000000
-0.218844 -0.091841 -0.391363 3.000000
-0.211036 -0.046821 -0.047287 0.000000
-0.145992 -0.031135 0.191836 1.000000
-0.317842 -0.135244 -0.353330 3.000000
0.707750 -0.141973 0.011709 0.000000
-0.019607 -0.021591 0.167849 1.000000
0.739827 0.063314 0.053258 0.000000
-0.122403 -0.031885 0.408074 1.000000
0.526122 0.120902 0.054314 0.000000
-0.041460 -0.113343 0.301432 1.000000
0.191800 -0.041897 0.058417 0.000000
-0.242011 -0.047196 -0.098192 0.000000
0.311479 0.104958 -0.000273 0.000000
-0.789077 0.131360 -0.000484 0.000000
-0.451754 0.044087 -0.074182 0.000000
-0.757844 0.013323 -0.228891 2.000000
-0.185501 -0.036059 -0.191773 1.000000
-0.278379 -0.090247 -0.370471 3.000000
-0.766355 0.110937 0.009247 2.000000
0.243925 -0.041264 0.126627 0.000000
-0.023499 -0.044547 0.402563 1.000000
-0.106177 -0.034699 0.466459 1.000000
-0.344479 -0.049260 0.094339 0.000000
-0.608808 0.225176 0.004533 2.000000
-0.253219 -0.042038 -0.618926 1.000000
-0.057335 -0.022412 -0.183543 1.000000
-0.179381 -0.135760 -0.019595 3.000000
-0.027696 -0.037442 -0.424073 1.000000
-0.104770 -0.045532 0.377615 1.000000
-0.675072 0.075859 0.098888 2.000000
-0.754561 0.091170 0.056635 2.000000
-0.107771 -0.048416 0.544588 1.000000
0.831251 0.060829 -0.050640 0.000000
-0.353108 0.067980 -0.113199 0.000000
-0.165782 0.077570 -0.139484 0.000000
-0.180108 -0.033761 0.260351 1.000000
0.717153 0.132087 -0.001657 0.000000
-0.278801 -0.047736 -0.100115 0.000000
-0.256713 -0.039271 -0.465904 1.000000
-0.007343 -0.089239 0.040948 3.000000
-0.038060 -0.080657 -0.375043 1.000000
0.135431 -0.042601 -0.171960 1.000000
-0.153049 -0.107692 -0.040393 3.000000
-0.082987 -0.045274 -0.098661 0.000000
-0.089294 -0.068980 0.017266 3.000000
0.011978 0.025961 0.142619 0.000000
0.920518 -0.025906 0.023245 0.000000
-0.053583 0.008891 0.142619 0.000000
0.169009 -0.075615 0.257537 1.000000
-0.400543 -0.050550 -0.013146 0.000000
-0.108850 -0.127506 -0.330656 3.000000
-0.186791 -0.046540 -0.257779 1.000000
-0.188667 -0.054653 -0.362006 1.000000
0.596724 0.078977 0.034946 0.000000
-0.126084 -0.045930 -0.463723 1.000000
0.487832 0.084370 -0.081966 0.000000
0.476154 0.035786 -0.109400 0.000000
-0.221541 -0.036457 0.364062 1.000000
-0.779885 0.083315 0.071571 2.000000
-0.230146 -0.050174 0.551622 1.000000
0.207862 -0.093905 0.368681 3.000000
-0.285132 0.161936 0.008942 0.000000
0.254782 -0.022693 -0.149121 0.000000
0.521128 0.024039 0.072298 0.000000
0.232342 -0.041405 0.039705 0.000000
-0.144374 -0.046024 -0.277288 1.000000
0.113390 0.006077 0.142619 0.000000
-0.658659 0.184024 0.006878 2.000000
-0.039889 -0.044734 0.426457 1.000000
-0.171315 0.151432 -0.040112 0.000000
-0.301827 -0.048275 0.042801 0.000000
-0.217273 -0.038474 -0.251824 1.000000
-0.813416 0.042469 -0.161994 2.000000
-0.116330 -0.045672 -0.043465 0.000000
0.102698 0.113469 -0.087992 0.000000
-0.051285 -0.044875 0.138680 0.000000
-0.779862 0.087043 -0.069750 2.000000
-0.141278 -0.037747 0.498067 1.000000
0.450995 -0.038732 0.001767 0.000000
-0.747761 0.046736 0.148528 2.000000
-0.436630 0.148899 -0.010333 2.000000
-0.043547 -0.022670 -0.195033 1.000000
-0.100010 -0.031650 -0.415467 1.000000
-0.188948 -0.033198 0.333486 1.000000
-0.004647 -0.034511 -0.391597 1.000000
-0.407578 0.005796 -0.131231 0.000000
0.195646 -0.075146 0.232425 1.000000
0.409046 0.130141 -0.005901 0.000000
0.182703 -0.042014 0.174367 1.000000
-0.123012 -0.047384 0.512746 1.000000
0.550016 0.078532 -0.074533 0.000000
-0.291627 -0.040443 -0.511276 1.000000
-0.549555 0.037967 0.008051 0.000000
0.353850 -0.039928 -0.092823 0.000000
-0.059187 -0.118666 0.323966 3.000000
-0.266632 -0.047501 -0.160587 1.000000
-0.192301 -0.044148 -0.537983 1.000000
-0.092952 -0.032072 -0.428880 1.000000
-0.125545 -0.035144 -0.496738 1.000000
-0.067394 -0.021380 -0.149121 0.000000
0.268569 -0.035543 -0.185255 1.000000
0.434487 0.117620 -0.090501 0.000000
0.097446 -0.110107 -0.330867 3.000000
0.074607 -0.076952 -0.222420 1.000000
0.085675 -0.078453 0.253317 1.000000
-0.299693 -0.038544 -0.559930 1.000000
0.290751 -0.035918 0.143299 0.000000
0.156793 -0.126662 -0.339402 3.000000
0.560497 0.116119 0.035039 0.000000
-0.370623 -0.043820 -0.609195 1.000000
-0.049855 0.158513 -0.030615 0.000000
0.566289 0.002232 -0.078684 0.000000
0.560966 0.101534 -0.013897 0.000000
-0.174293 0.070630 -0.145299 0.000000
-0.028916 -0.109568 0.298032 1.000000
-0.762346 0.186486 -0.001118 2.000000
-0.711534 0.085590 0.073447 2.000000
-0.184282 -0.045602 -0.206147 1.000000
-0.394798 0.061133 0.084960 0.000000
0.196818 -0.084362 0.208062 1.000000
-0.142381 0.135323 0.048170 0.000000
0.018613 -0.112030 0.394896 3.000000
0.118127 -0.145983 -0.017672 3.000000
-0.318780 -0.040842 -0.657615 1.000000
-0.743212 0.053044 0.142947 2.000000
0.141176 0.132110 -0.060558 0.000000
-0.162640 -0.033620 -0.447450 1.000000
0.139535 0.159521 0.027278 0.000000
-0.144092 -0.149852 0.348422 3.000000
0.217922 -0.140871 0.003267 3.000000
0.321632 0.001294 0.144143 0.000000
-0.429150 0.162171 0.004111 0.000000
0.360415 0.037568 -0.151677 0.000000
-0.022280 -0.132782 -0.292482 1.000000
0.358117 0.064393 -0.008199 0.000000
-0.462141 -0.021896 -0.004166 2.000000
-0.805701 0.009571 0.233386 2.000000
0.316169 0.009126 -0.150481 0.000000
0.697621 -0.035238 -0.025222 0.000000
-0.220861 -0.147554 -0.345452 3.000000
0.073763 -0.043351 -0.036008 0.000000
-0.114196 -0.144131 -0.011224 3.000000
0.611895 0.097947 0.044630 0.000000
-0.156543 -0.036903 -0.544619 1.000000
-0.206956 -0.046188 0.454806 1.000000
-0.597366 0.265014 -0.007167 2.000000
0.153557 -0.119604 -0.042691 3.000000
0.029446 0.095743 -0.126119 0.000000
-0.173285 -0.046376 -0.045176 0.000000
0.457654 0.067816 -0.004424 0.000000
-0.775008 0.046994 0.153194 2.000000
0.685381 -0.180428 0.017430 0.000000
0.134916 -0.019926 0.173383 1.000000
-0.052317 -0.100611 0.040128 3.000000
0.073763 -0.150016 0.357262 3.000000
0.810218 -0.037630 0.019001 0.000000
-0.098814 -0.028461 -0.330703 1.000000
0.743063 0.069082 -0.025152 0.000000
0.162772 -0.075123 -0.029912 3.000000
-0.153682 -0.046188 -0.466303 1.000000
0.346956 -0.002364 -0.151302 0.000000
-0.190613 -0.037161 -0.172288 1.000000
-0.716036 0.293269 0.000172 2.000000
0.475779 0.067933 -0.119624 0.000000
-0.264193 -0.047478 0.297305 1.000000
-0.086152 0.112766 -0.082341 0.000000
-0.499541 0.056702 -0.044356 0.000000
-0.001059 -0.021216 0.163464 1.000000
-0.101886 -0.025015 -0.238036 1.000000
-0.751208 0.084980 0.070774 2.000000
-0.058648 -0.021451 0.142619 0.000000
0.103964 -0.033432 -0.301909 1.000000
-0.081369 -0.035379 0.142619 0.000000
0.202774 -0.031088 -0.213697 1.000000
0.432002 0.122426 -0.041753 0.000000
-0.091733 0.106998 -0.102460 0.000000
-0.348535 0.075155 0.098138 0.000000
0.602914 0.075507 -0.041472 0.000000
0.076530 -0.043304 -0.093643 0.000000
0.207464 0.110491 0.096614 0.000000
0.732465 0.094242 -0.030052 0.000000
0.241932 -0.041288 0.104281 0.000000
0.297926 -0.040608 -0.073173 0.000000
-0.179194 -0.033292 0.426668 1.000000
-0.744525 0.025703 -0.210321 2.000000
0.089215 -0.031697 -0.149121 0.000000
-0.478437 0.148923 -0.012068 2.000000
-0.097454 -0.073294 0.023667 3.000000
0.171729 -0.086870 -0.352158 3.000000
0.264278 0.006288 0.142619 0.000000
0.079555 -0.043281 0.140297 0.000000
-0.576145 0.142873 -0.016664 2.000000
-0.789335 0.102027 0.028872 2.000000
-0.746589 0.186182 -0.005385 2.000000
-0.200883 -0.033456 -0.412607 1.000000
0.071301 -0.026492 0.286121 1.000000
-0.257768 -0.047407 -0.035938 0.000000
0.074959 -0.140191 -0.341465 3.000000
-0.013674 -0.148726 0.015742 3.000000
0.710423 -0.109568 0.027442 0.000000
-0.340821 -0.049166 0.048756 0.000000
0.198671 0.107771 0.105782 0.000000
0.334060 0.156121 0.016984 0.000000
-0.090349 -0.002645 -0.149121 0.000000
0.426468 0.004811 0.140274 0.000000
-0.772616 0.026407 0.199457 2.000000
-0.670781 0.219407 -0.011411 2.000000
-0.237134 -0.088395 -0.384188 3.000000
0.159513 -0.075662 -0.263923 1.000000
0.501947 0.125826 -0.060535 0.000000
0.448345 0.120457 0.034054 0.000000
0.065603 -0.039623 0.142619 0.000000
-0.070911 -0.112992 0.323966 3.000000
-0.007203 -0.027359 0.324904 1.000000
0.630419 0.067722 0.008942 0.000000
0.098102 -0.043046 0.015179 0.000000
-0.102191 0.104465 0.104539 0.000000
-0.474451 -0.035496 0.042425 0.000000
0.319944 -0.030994 0.144073 0.000000
-0.472505 0.033676 0.082310 0.000000
0.125888 -0.048017 -0.236184 1.000000
-0.206534 -0.036739 -0.530527 1.000000
-0.033582 -0.076999 0.030444 3.000000
-0.182992 -0.040467 0.521304 1.000000
-0.273033 -0.047595 -0.398538 1.000000
-0.043688 -0.085886 0.036212 3.000000
