0.312997 -0.051152 -0.012439 1.000000
-0.156373 0.017466 0.500595 1.000000
0.313381 -0.046366 0.240584 3.000000
-0.076366 0.018157 0.082310 0.000000
0.357889 -0.013963 -0.193082 3.000000
0.048610 -0.059316 0.059429 1.000000
-0.842116 0.035766 0.012720 0.000000
0.190555 0.015982 0.035268 0.000000
-0.038922 0.002033 -0.348285 1.000000
0.062021 -0.052022 -0.095262 1.000000
-0.225580 0.055064 0.737775 1.000000
0.210493 -0.027170 -0.218651 3.000000
0.859073 -0.077693 0.016329 0.000000
-0.194969 0.041576 0.649322 1.000000
-0.650186 0.036866 0.034193 2.000000
0.205630 -0.067916 0.144120 3.000000
-0.014812 -0.004289 -0.324047 1.000000
0.278778 -0.039276 0.061502 1.000000
0.733380 -0.071115 0.038544 0.000000
-0.024589 -0.034362 0.103528 1.000000
-0.211528 0.082629 0.038570 0.000000
-0.055481 -0.053276 -0.064011 1.000000
-0.755838 0.052863 -0.010878 2.000000
0.204094 -0.050461 0.149162 3.000000
-0.034622 -0.026197 -0.161422 1.000000
-0.020622 0.023378 0.081619 0.000000
-0.039383 -0.075620 0.027667 0.000000
-0.866226 0.054578 0.279180 2.000000
-0.525875 0.077535 0.010928 2.000000
-0.891436 0.050150 -0.239945 2.000000
-0.015478 -0.009561 0.214965 1.000000
-0.067638 -0.002139 0.071740 0.000000
0.252160 -0.119078 0.194540 3.000000
0.150142 0.006205 0.271476 1.000000
-0.788829 0.215692 -0.004198 2.000000
-0.184783 0.037762 -0.601155 1.000000
-0.379144 -0.005569 0.081287 0.000000
0.214741 -0.046826 0.156815 3.000000
-0.760087 0.247711 -0.012439 2.000000
0.239849 -0.008793 -0.102940 1.000000
-0.022900 -0.041682 0.109466 1.000000
0.166445 -0.055042 0.174449 3.000000
-0.071733 0.016519 0.395173 1.000000
0.199103 -0.031188 -0.190804 3.000000
0.204043 -0.024611 0.186453 3.000000
-0.095485 -0.046212 0.066288 0.000000
0.438639 -0.050154 -0.021448 0.000000
0.254310 -0.096479 -0.008651 0.000000
0.003820 0.006205 -0.383451 1.000000
-0.170783 0.038709 -0.634299 1.000000
-0.812657 0.044698 -0.181923 2.000000
-0.677700 0.086212 0.009853 2.000000
-0.824405 0.046387 0.136365 2.000000
-0.282859 -0.078793 0.020014 0.000000
-0.642943 0.079788 -0.022395 0.000000
0.739421 0.091894 0.010980 0.000000
0.174917 -0.048080 0.073276 1.000000
0.094961 -0.028066 -0.182077 1.000000
0.744975 0.027090 -0.089503 0.000000
-0.205156 0.037993 0.615436 1.000000
0.164961 -0.048541 0.192442 3.000000
0.136654 0.092662 -0.013540 0.000000
0.260069 -0.044241 0.243297 3.000000
0.297001 -0.126629 0.165568 3.000000
0.099005 0.005590 0.240303 1.000000
0.501549 -0.013682 -0.089759 0.000000
-0.181558 -0.080559 -0.017891 0.000000
0.004614 0.009788 -0.404490 1.000000
-0.004830 -0.058036 -0.046351 1.000000
-0.705955 0.191532 -0.014154 2.000000
-0.035159 0.029086 0.458774 1.000000
-0.818928 0.035433 -0.066571 2.000000
0.694401 -0.012633 -0.089912 0.000000
0.329454 -0.051740 0.235773 3.000000
0.240950 -0.030420 0.173451 3.000000
0.092811 -0.056322 0.080596 0.000000
0.196544 -0.001883 -0.220929 1.000000
0.351875 -0.115495 -0.160629 3.000000
0.219220 -0.062823 -0.211766 3.000000
0.329915 -0.088366 0.243860 3.000000
0.001082 -0.043192 0.178493 1.000000
0.156208 -0.055989 -0.210512 3.000000
-0.133646 0.035843 -0.553959 1.000000
-0.190874 -0.020413 -0.046966 0.000000
-0.733162 0.251959 -0.004198 2.000000
0.401246 -0.042040 0.069257 0.000000
0.068266 -0.026965 0.184892 1.000000
0.120657 -0.008947 0.245191 1.000000
0.157129 0.001572 -0.205086 1.000000
0.249268 -0.030318 -0.083821 0.000000
-0.189287 0.031850 -0.576738 1.000000
0.322749 0.018515 -0.017711 0.000000
0.323388 -0.060673 -0.178366 3.000000
-0.900266 0.309290 -0.004966 2.000000
0.354280 -0.123967 0.218343 3.000000
0.058924 -0.019441 0.096643 1.000000
0.320983 -0.066252 -0.163854 3.000000
-0.200472 0.058442 0.732119 1.000000
-0.757425 -0.011609 -0.017814 0.000000
-0.032933 -0.041912 0.079111 1.000000
0.264599 -0.047441 -0.235645 3.000000
0.322211 -0.114241 -0.165466 3.000000
-0.820515 0.032029 0.019682 0.000000
0.034968 -0.009945 -0.178340 1.000000
0.822729 0.025196 -0.081518 0.000000
0.258917 -0.020643 0.127791 1.000000
-0.290563 -0.015346 0.081159 0.000000
0.334266 -0.030395 -0.004198 0.000000
-0.015196 -0.056885 0.076449 0.000000
-0.799220 0.219583 0.003301 2.000000
-0.832902 0.204687 -0.008574 2.000000
-0.690241 0.039861 0.044841 0.000000
-0.494676 -0.012812 -0.081390 0.000000
0.328686 -0.113217 0.211868 3.000000
0.171231 -0.031060 0.140793 1.000000
0.172921 -0.066355 -0.053722 0.000000
0.236676 0.020307 0.028947 0.000000
-0.493755 0.077049 0.042767 0.000000
-0.808153 -0.001269 0.000767 0.000000
-0.045704 0.020665 -0.411246 1.000000
-0.632500 0.071521 -0.041796 0.000000
0.375344 0.062461 -0.070819 0.000000
-0.612307 0.083601 0.010903 0.000000
-0.172549 0.039349 -0.599926 1.000000
-0.178026 -0.072395 -0.043869 0.000000
0.870565 -0.074033 0.020756 0.000000
0.414913 -0.043909 -0.041642 0.000000
0.885179 0.048640 0.050983 0.000000
-0.229726 0.047974 0.681289 1.000000
-0.746497 0.123733 0.005426 2.000000
0.447622 -0.024303 0.024724 0.000000
0.305549 -0.043371 -0.077755 0.000000
0.374397 -0.064256 0.243374 3.000000
-0.662190 0.181396 -0.012977 2.000000
-0.689882 0.055013 -0.004198 2.000000
-0.212501 0.047411 -0.699334 1.000000
-0.127349 -0.079408 0.018299 0.000000
-0.708182 0.037046 -0.073916 2.000000
-0.047675 -0.017393 -0.361594 1.000000
0.206986 -0.029422 -0.142124 1.000000
-0.694592 -0.017751 0.027488 0.000000
-0.602837 0.109400 -0.017558 2.000000
-0.081434 0.017517 0.469933 1.000000
-0.467853 -0.001090 -0.086739 0.000000
-0.251276 0.010121 -0.022753 0.000000
0.223904 0.028446 -0.025850 0.000000
0.315121 -0.055861 0.060069 0.000000
0.220244 -0.105258 -0.230296 3.000000
-0.026893 -0.023049 -0.181386 1.000000
-0.811941 0.139192 0.000051 2.000000
0.083136 0.002980 0.083564 0.000000
0.077813 0.012680 -0.311992 1.000000
0.055418 -0.044318 -0.126870 1.000000
0.207831 -0.028501 0.215630 3.000000
0.130793 -0.024508 -0.187196 1.000000
0.801230 -0.079945 -0.017072 0.000000
0.283615 -0.021488 -0.105704 1.000000
-0.072117 0.082706 -0.046786 0.000000
-0.469261 0.036815 0.074734 0.000000
-0.055635 0.015239 -0.091064 0.000000
0.088025 -0.034976 -0.156790 1.000000
0.268259 -0.115623 0.160475 3.000000
0.171283 -0.049411 -0.077602 1.000000
0.288401 -0.096863 0.142917 3.000000
0.333780 -0.120640 -0.224333 3.000000
-0.016936 0.007331 -0.063525 0.000000
0.640525 0.013371 0.082925 0.000000
-0.055174 -0.097451 -0.005759 0.000000
0.493999 -0.027068 0.006526 0.000000
0.193038 -0.055119 -0.048680 1.000000
0.255922 -0.065382 0.244295 3.000000
0.570602 0.092380 -0.015690 0.000000
0.007250 0.087722 -0.034629 0.000000
0.367845 -0.068172 0.023188 0.000000
-0.729630 0.249426 -0.011441 2.000000
-0.769659 0.048409 -0.007115 2.000000
0.026932 -0.007923 0.082131 0.000000
-0.122359 0.017210 -0.469806 1.000000
-0.125532 0.015239 0.431823 1.000000
-0.418099 -0.013887 -0.087020 0.000000
0.125469 0.004746 0.244116 1.000000
-0.003832 -0.038355 -0.136775 1.000000
0.329096 -0.001064 -0.045379 0.000000
0.210160 0.001060 -0.189115 1.000000
0.119787 -0.097349 0.054720 0.000000
-0.042403 -0.045803 -0.099971 1.000000
-0.811275 0.050252 -0.015050 0.000000
0.413249 -0.016651 -0.042359 0.000000
0.813183 0.052556 -0.071203 0.000000
-0.007339 -0.030241 0.105191 1.000000
-0.687988 0.134047 -0.004198 2.000000
0.011422 -0.100932 0.032709 0.000000
-0.790800 0.035408 -0.063704 2.000000
-0.770222 0.218841 -0.012977 2.000000
-0.649930 0.160870 -0.004198 2.000000
0.720967 0.086775 0.028512 0.000000
-0.093002 0.005539 0.356372 1.000000
0.052987 -0.005159 0.185352 1.000000
0.480152 0.021152 0.081901 0.000000
-0.836511 0.309751 -0.004198 2.000000
-0.152892 0.025426 -0.522837 1.000000
-0.110201 0.011375 -0.091576 0.000000
0.354127 0.036380 0.077703 0.000000
-0.066973 -0.077718 0.022599 0.000000
-0.154684 0.087824 0.025978 0.000000
0.171846 -0.001857 0.162164 1.000000
-0.151536 0.023865 0.509374 1.000000
-0.107284 0.029521 -0.500621 1.000000
0.472141 -0.081174 0.004888 0.000000
0.668755 0.012398 -0.091448 0.000000
0.293776 -0.131952 -0.207005 3.000000
0.733022 -0.079510 0.017608 0.000000
-0.814986 0.233992 0.002482 2.000000
-0.781637 0.053477 0.217652 2.000000
0.774792 0.091535 -0.005145 0.000000
0.250906 -0.023945 0.223180 3.000000
0.079707 -0.035309 0.149418 1.000000
0.172076 -0.074954 -0.037675 0.000000
-0.595773 0.073057 0.035780 0.000000
-0.045141 -0.038892 -0.113715 1.000000
0.619205 -0.067276 -0.052545 0.000000
-0.100860 0.042804 -0.595780 1.000000
-0.027840 0.036841 -0.085894 0.000000
0.070237 -0.006925 -0.283225 1.000000
0.115641 -0.101777 0.045173 0.000000
-0.177309 0.050969 -0.673663 1.000000
-0.262973 0.102515 0.781951 1.000000
0.362061 -0.031111 -0.171634 3.000000
0.219092 -0.116058 0.198917 3.000000
0.608660 0.089590 -0.030150 0.000000
-0.504760 0.080146 -0.004198 2.000000
-0.808844 0.280343 -0.004198 2.000000
-0.698072 0.049638 -0.088351 2.000000
-0.550804 0.041883 0.064369 0.000000
-0.098172 -0.083605 -0.038878 0.000000
0.036504 0.006819 -0.375594 1.000000
-0.022414 -0.033824 0.073967 0.000000
-0.727096 0.131846 -0.014922 2.000000
-0.013353 0.009020 -0.004198 0.000000
0.213206 -0.062618 -0.004198 1.000000
0.327816 -0.049462 0.208259 3.000000
0.267107 -0.083554 -0.257912 3.000000
-0.075265 0.035510 0.568214 1.000000
-0.181686 0.024914 -0.003097 0.000000
-0.819184 0.043674 0.165798 2.000000
0.329301 -0.112706 0.146935 3.000000
0.437794 -0.050358 0.062884 0.000000
0.070954 -0.046673 -0.114688 1.000000
0.200409 0.001035 0.191469 1.000000
-0.244059 -0.056782 -0.007986 0.000000
-0.085810 0.040936 -0.579118 1.000000
0.282771 -0.011250 -0.198918 3.000000
-0.459203 0.090179 -0.028026 0.000000
0.374781 0.088771 0.023674 0.000000
0.015466 0.057598 0.066160 0.000000
0.251111 -0.112296 0.212431 3.000000
-0.018677 -0.019057 -0.088505 0.000000
0.357966 -0.021872 -0.212099 3.000000
0.269666 -0.108278 -0.246548 3.000000
0.367845 -0.069528 -0.004198 0.000000
-0.613305 -0.003316 -0.066238 0.000000
-0.322556 0.013576 0.082899 0.000000
-0.115269 0.035817 0.590558 1.000000
-0.156962 0.092841 -0.012055 0.000000
0.151575 -0.088442 -0.199737 3.000000
0.046742 -0.068018 -0.024827 1.000000
0.180855 -0.071704 0.226917 3.000000
0.300533 -0.018878 0.175857 3.000000
0.317067 0.003082 -0.043664 0.000000
0.549180 0.058775 -0.073660 0.000000
-0.052512 -0.045470 0.180668 1.000000
-0.053331 -0.050819 0.063627 1.000000
0.306573 -0.056322 -0.259397 3.000000
0.635764 0.045364 0.073967 0.000000
0.256997 -0.052355 -0.004198 0.000000
0.212489 -0.017700 -0.178161 1.000000
0.224518 -0.120742 -0.211101 3.000000
0.327842 -0.017675 -0.208311 3.000000
0.236496 -0.100216 0.228376 3.000000
-0.057938 -0.063488 -0.073430 0.000000
0.556627 -0.056629 -0.066417 0.000000
0.339078 -0.020080 -0.182870 3.000000
-0.132699 0.020973 0.497728 1.000000
0.256869 -0.030779 0.225509 3.000000
-0.738460 0.154676 -0.014435 2.000000
-0.265634 0.099009 -0.784127 1.000000
0.228690 -0.099601 -0.012695 0.000000
-0.192128 0.038300 0.618891 1.000000
0.091275 -0.071755 0.003685 1.000000
-0.097763 -0.086446 0.023649 0.000000
0.168826 -0.097170 -0.056538 0.000000
-0.693107 0.047206 0.030457 2.000000
-0.097993 0.007817 0.389644 1.000000
-0.160878 0.024863 -0.517872 1.000000
-0.037053 0.005488 0.054720 0.000000
-0.356903 0.063382 -0.070000 0.000000
-0.086297 0.039068 -0.559564 1.000000
-0.137664 0.039221 0.568445 1.000000
-0.316541 -0.032570 -0.000845 0.000000
-0.864025 0.044084 -0.168512 2.000000
0.181802 0.002391 0.215451 1.000000
0.269820 -0.053327 -0.234442 3.000000
0.330555 -0.051817 -0.004198 0.000000
0.869848 -0.044932 -0.067901 0.000000
0.322697 -0.076515 0.204394 3.000000
0.067217 0.003901 0.338635 1.000000
0.199538 -0.056731 -0.228837 3.000000
0.647512 -0.048260 -0.072892 0.000000
0.051681 -0.008154 -0.176958 1.000000
0.258635 -0.037561 -0.246983 3.000000
-0.679338 0.003313 -0.055207 0.000000
0.504415 0.087978 -0.034015 0.000000
0.113875 -0.039302 -0.089093 0.000000
-0.801294 0.272614 -0.011543 2.000000
0.233553 -0.022435 -0.087097 0.000000
0.181239 0.027166 -0.034271 0.000000
0.024168 -0.012453 -0.174450 1.000000
-0.836357 0.295700 -0.004198 2.000000
0.009221 -0.015243 -0.172146 1.000000
0.319831 -0.042808 -0.203218 3.000000
-0.184552 -0.073188 0.000025 0.000000
0.248551 0.004771 0.083795 0.000000
0.237136 -0.021309 -0.189243 3.000000
0.115564 0.086314 0.029638 0.000000
0.021403 0.008892 0.293283 1.000000
-0.018293 -0.031419 0.156354 1.000000
0.189250 -0.098245 -0.230552 3.000000
-0.169554 0.053477 0.688660 1.000000
-0.148388 0.041755 0.589969 1.000000
0.082625 -0.015243 -0.110669 1.000000
-0.118724 -0.013759 0.059480 0.000000
0.493692 -0.038841 -0.007192 0.000000
0.216175 -0.023740 0.180336 3.000000
0.017334 -0.072164 -0.044406 0.000000
-0.617553 0.146563 0.000614 2.000000
0.209315 -0.075927 -0.074710 0.000000
0.267312 -0.103927 -0.217013 3.000000
-0.019496 -0.005517 -0.349053 1.000000
-0.075317 -0.061568 0.062961 0.000000
0.744693 -0.079228 0.018939 0.000000
0.814437 -0.020106 -0.085024 0.000000
0.634920 0.043470 -0.083156 0.000000
-0.769122 0.194705 0.004735 2.000000
0.228434 0.044801 0.074197 0.000000
0.570090 -0.033543 0.074095 0.000000
0.151754 -0.068249 0.208054 3.000000
0.155568 -0.001678 0.165184 1.000000
-0.688475 0.070113 -0.025466 0.000000
0.124420 0.080146 0.042384 0.000000
-0.047163 0.013576 -0.370245 1.000000
0.393926 -0.006439 0.032351 0.000000
0.157820 -0.039993 -0.118271 1.000000
0.594046 0.057060 -0.074965 0.000000
0.257995 -0.047133 0.139078 3.000000
-0.161697 -0.013068 0.081440 0.000000
-0.769762 0.049971 -0.130965 2.000000
0.608430 0.069371 0.056435 0.000000
0.162811 -0.066866 0.170047 3.000000
-0.060421 0.008303 0.083590 0.000000
0.302836 -0.089978 -0.258373 3.000000
0.218069 -0.049232 0.080314 0.000000
0.201560 -0.011250 0.180873 1.000000
0.305037 -0.129342 -0.220007 3.000000
0.271356 -0.075261 0.055309 0.000000
0.047893 0.080888 0.041411 0.000000
0.665735 0.090384 0.019784 0.000000
-0.250636 0.040322 -0.084461 0.000000
0.469198 -0.045956 -0.074658 0.000000
0.252851 -0.040760 0.072585 1.000000
-0.152816 0.011733 0.515363 1.000000
-0.053613 -0.012018 0.243144 1.000000
-0.166816 0.092790 0.004044 0.000000
0.037297 0.005130 -0.365587 1.000000
-0.130190 -0.016344 -0.064677 0.000000
-0.039357 -0.001371 0.276672 1.000000
0.232145 0.091177 -0.024827 0.000000
-0.207433 -0.036691 -0.081185 0.000000
0.256665 -0.024048 -0.176421 3.000000
-0.220077 0.057444 0.728587 1.000000
0.076764 0.016494 -0.350384 1.000000
-0.039101 -0.024227 -0.086355 0.000000
0.291473 -0.121971 0.169945 3.000000
-0.837253 0.277937 0.001663 2.000000
-0.114066 0.012757 -0.434972 1.000000
-0.739125 0.191660 -0.014103 2.000000
0.819684 0.042472 0.069053 0.000000
0.131637 -0.073726 0.198380 3.000000
0.516982 0.091177 -0.024775 0.000000
0.704357 -0.026965 -0.085203 0.000000
0.943969 -0.032340 -0.050625 0.000000
-0.016169 -0.064026 -0.017763 1.000000
-0.027174 -0.057345 0.074197 0.000000
-0.642687 0.047898 0.044508 2.000000
-0.326344 0.055576 0.067696 0.000000
0.260324 -0.030625 0.099330 1.000000
0.364467 -0.076695 -0.006988 0.000000
0.345271 -0.041912 -0.077755 0.000000
-0.381627 -0.043550 -0.074274 0.000000
-0.062750 0.016698 0.082489 0.000000
0.366847 0.061718 -0.071382 0.000000
-0.095894 -0.030856 0.068464 0.000000
0.354588 -0.111375 0.148369 3.000000
-0.038615 -0.017137 0.350537 1.000000
-0.728709 0.042292 -0.127152 2.000000
0.098211 0.013090 0.309893 1.000000
-0.738511 0.012680 0.037009 0.000000
-0.789597 0.251780 0.003685 2.000000
0.114029 -0.028526 0.167180 1.000000
0.234961 -0.052099 0.144376 3.000000
0.383867 -0.060391 0.027948 0.000000
0.358887 -0.048720 -0.253331 3.000000
-0.871908 0.052479 -0.271989 2.000000
0.533055 -0.069375 -0.049806 0.000000
0.236394 -0.030446 -0.236132 3.000000
-0.052768 0.033334 0.497293 1.000000
-0.202647 0.053912 0.695852 1.000000
-0.803879 0.050483 -0.231832 2.000000
-0.585382 0.070907 -0.048220 0.000000
0.295747 0.015649 0.027718 0.000000
0.698905 0.068270 -0.066263 0.000000
-0.256139 0.072314 -0.762039 1.000000
-0.350581 -0.006157 0.082336 0.000000
-0.009796 -0.024867 -0.196819 1.000000
0.732152 0.092738 0.004504 0.000000
-0.193894 -0.073879 -0.040285 0.000000
0.178526 0.084369 -0.042717 0.000000
0.034021 -0.015192 0.142584 1.000000
0.122091 -0.009561 0.081901 0.000000
0.719380 -0.075313 0.028409 0.000000
-0.097353 -0.001601 0.341220 1.000000
-0.786193 0.147638 -0.011262 2.000000
0.186485 -0.015294 -0.050242 1.000000
-0.271470 -0.033569 -0.021960 0.000000
0.186716 -0.068018 0.230756 3.000000
0.077173 -0.056552 -0.074607 1.000000
-0.861184 0.011887 -0.004070 0.000000
-0.288951 -0.050358 -0.071280 0.000000
0.177860 0.092943 -0.011287 0.000000
-0.488329 0.029956 0.075374 0.000000
-0.155759 0.043854 -0.615641 1.000000
0.093451 -0.013298 -0.116326 1.000000
0.953515 -0.035821 0.035729 0.000000
-0.857140 0.043854 0.155817 2.000000
0.651326 0.060055 -0.072662 0.000000
-0.015196 -0.028117 0.123466 1.000000
0.222138 -0.061927 0.147371 3.000000
0.799899 -0.026556 -0.083104 0.000000
-0.136205 -0.065126 0.046965 0.000000
-0.090340 0.022431 -0.448972 1.000000
-0.733571 0.064866 0.009674 0.000000
-0.874493 0.051865 0.257604 2.000000
0.082727 0.016314 0.359853 1.000000
-0.045602 -0.047620 -0.076015 1.000000
-0.042249 0.009148 0.407279 1.000000
0.887073 -0.037049 -0.069488 0.000000
0.663918 -0.018110 -0.088889 0.000000
0.051477 -0.061210 0.051495 1.000000
0.293776 -0.042501 -0.050881 1.000000
-0.650493 0.151042 0.006526 2.000000
0.077736 0.005949 0.249082 1.000000
0.133250 -0.008998 0.080698 0.000000
0.266953 -0.010995 0.107188 1.000000
-0.523905 -0.029985 0.059583 0.000000
-0.411546 0.082501 -0.046863 0.000000
0.243253 -0.027835 0.102427 1.000000
0.252467 -0.080662 0.054054 0.000000
-0.388998 0.063228 -0.069565 0.000000
0.601648 0.001931 -0.091832 0.000000
0.229535 -0.028296 -0.231473 3.000000
-0.045832 -0.009254 0.243502 1.000000
-0.823125 0.135583 -0.004198 2.000000
0.328558 -0.046238 -0.204062 3.000000
0.689512 -0.080380 0.010954 0.000000
0.126365 0.035100 -0.086611 0.000000
0.128310 -0.043448 -0.004198 1.000000
-0.810840 0.313999 -0.004198 2.000000
0.199027 -0.029960 -0.083975 0.000000
0.199615 -0.078025 0.150672 3.000000
0.373783 -0.033108 -0.057050 0.000000
0.651249 0.018464 0.082259 0.000000
-0.492629 0.066248 0.009725 2.000000
0.078913 -0.045623 0.109005 1.000000
0.374500 -0.040018 0.155740 3.000000
-0.672913 0.035561 0.036574 2.000000
-0.914010 0.337060 -0.004198 2.000000
-0.773114 0.106610 -0.004198 2.000000
-0.003295 -0.023484 -0.141459 1.000000
-0.020187 0.031722 -0.494402 1.000000
-0.227397 -0.023484 -0.004198 0.000000
-0.211170 -0.052278 -0.069795 0.000000
0.088870 -0.036921 -0.149086 1.000000
0.123498 0.031133 -0.004044 0.000000
-0.124022 0.041781 -0.588460 1.000000
0.068164 -0.071243 -0.017635 1.000000
0.395180 -0.027247 0.041053 0.000000
0.933117 -0.063437 0.002866 0.000000
-0.099477 0.015470 -0.091039 0.000000
-0.210351 0.044007 0.662042 1.000000
0.092018 0.000420 0.079521 0.000000
0.529472 -0.064153 -0.056614 0.000000
-0.691930 0.097473 0.009137 2.000000
-0.047854 0.002417 0.365637 1.000000
0.770594 0.048435 -0.079752 0.000000
0.172204 -0.017675 -0.038545 1.000000
-0.045551 -0.038969 0.105601 1.000000
-0.609850 0.074592 -0.020143 2.000000
0.469633 -0.044164 0.004325 0.000000
0.335034 -0.015601 0.170175 3.000000
-0.411188 -0.067302 0.037009 0.000000
-0.002450 0.065711 -0.068311 0.000000
-0.063620 0.029367 0.468961 1.000000
-0.703063 0.172950 0.006449 2.000000
-0.262435 -0.021821 0.016098 0.000000
0.251648 -0.107894 0.222361 3.000000
0.284716 -0.118771 -0.228300 3.000000
0.353231 -0.020183 -0.191137 3.000000
0.202943 -0.007770 0.102530 1.000000
0.489597 -0.044011 -0.076143 0.000000
-0.222508 -0.050026 -0.004198 0.000000
0.942305 0.003236 0.047656 0.000000
0.164551 -0.079664 0.016380 0.000000
-0.005266 0.093685 -0.005785 0.000000
0.254873 -0.062234 0.134804 3.000000
0.454789 0.041397 0.075605 0.000000
-0.123664 0.027115 0.501158 1.000000
-0.100732 0.034205 0.575969 1.000000
0.355125 -0.025174 -0.085945 0.000000
0.300917 -0.059854 0.245422 3.000000
-0.044322 -0.024124 0.188065 1.000000
0.068650 0.001879 -0.232267 1.000000
0.999841 -0.015755 0.008395 0.000000
0.304858 -0.017828 0.010877 1.000000
-0.367320 0.084344 0.034296 0.000000
-0.663674 0.127060 0.007883 2.000000
0.537278 0.082014 0.039952 0.000000
0.323951 -0.106512 0.193286 3.000000
0.090559 0.001751 -0.087737 0.000000
-0.074830 0.039835 -0.571491 1.000000
-0.313879 0.072442 -0.060812 0.000000
0.255078 -0.051126 -0.042742 1.000000
0.218606 -0.031623 -0.004198 0.000000
-0.676317 0.039887 -0.080161 2.000000
-0.057938 -0.036281 0.151491 1.000000
-0.176669 -0.080534 0.009828 0.000000
-0.779308 0.041397 0.052749 2.000000
-0.122947 0.039528 0.614386 1.000000
-0.484848 0.085342 -0.037982 0.000000
-0.060600 0.024837 0.437096 1.000000
0.353026 -0.040453 -0.078881 0.000000
-0.284881 -0.006669 0.008241 0.000000
0.125085 -0.021846 0.191034 1.000000
-0.722387 -0.017572 0.016201 0.000000
0.111239 -0.064640 -0.035627 1.000000
0.002873 -0.011097 -0.276084 1.000000
0.237725 -0.083247 0.141254 3.000000
-0.854836 0.015598 0.007806 0.000000
-0.470208 -0.072600 0.005656 0.000000
-0.035313 -0.022000 -0.205623 1.000000
0.304116 0.020256 0.082029 0.000000
-0.045218 -0.095737 -0.032710 0.000000
0.291728 -0.061287 0.061733 0.000000
0.053217 -0.008435 0.271195 1.000000
0.058029 0.063305 0.061784 0.000000
0.288606 -0.023817 -0.099766 1.000000
0.245736 0.026962 -0.027770 0.000000
-0.755608 0.049203 -0.193543 2.000000
0.079144 0.083550 -0.044739 0.000000
-0.872727 0.050559 0.214504 2.000000
0.164782 -0.024892 -0.176216 1.000000
-0.099503 0.028804 0.543798 1.000000
0.273992 -0.012197 -0.189320 1.000000
0.396767 0.033949 -0.087097 0.000000
0.210493 -0.012658 0.056332 1.000000
0.795011 0.020179 0.079085 0.000000
-0.759652 0.232175 -0.012951 2.000000
0.347319 -0.014527 -0.055540 0.000000
0.173100 -0.036921 0.117272 1.000000
0.174891 -0.074263 -0.167667 3.000000
0.093144 -0.105539 -0.041181 0.000000
-0.022721 0.093532 -0.001510 0.000000
0.174021 -0.009920 -0.189218 1.000000
-0.264048 0.093225 -0.009291 0.000000
0.332321 -0.092435 -0.210845 3.000000
-0.377660 -0.037305 0.070947 0.000000
0.866086 0.033565 0.066724 0.000000
-0.747674 0.029495 -0.044355 0.000000
0.272789 0.024453 0.000640 0.000000
0.141158 -0.026428 -0.004198 1.000000
-0.701681 -0.008051 0.034961 0.000000
0.265597 -0.007258 -0.071050 0.000000
0.793322 -0.000322 0.080826 0.000000
0.358734 0.029342 -0.089017 0.000000
0.549589 -0.079049 0.019374 0.000000
-0.598716 -0.043525 0.023853 0.000000
0.299816 -0.012197 -0.186377 3.000000
-0.816624 0.155418 -0.004198 2.000000
-0.211477 0.059466 0.735600 1.000000
-0.514921 0.032848 0.071894 0.000000
0.254412 0.009353 0.036753 0.000000
-0.048161 -0.092358 -0.043075 0.000000
0.214588 -0.001422 -0.091371 0.000000
-0.289104 -0.072548 0.035064 0.000000
0.433853 0.002519 -0.091909 0.000000
0.015056 0.026680 0.440423 1.000000
0.690280 0.064431 0.060914 0.000000
0.278522 -0.109557 -0.160629 3.000000
-0.503839 0.085546 -0.034296 0.000000
0.029082 -0.079587 -0.025313 0.000000
0.212822 -0.077104 -0.248340 3.000000
-0.017807 0.004618 -0.300194 1.000000
-0.229905 0.048998 -0.694880 1.000000
0.249242 -0.077923 0.243784 3.000000
0.156720 -0.064998 0.013129 1.000000
0.528192 -0.072855 0.034296 0.000000
0.021915 -0.089492 0.058764 0.000000
0.225542 -0.095916 -0.161269 3.000000
0.227103 -0.053583 0.141586 3.000000
0.039754 0.025400 -0.089733 0.000000
-0.030117 0.092738 0.004504 0.000000
0.033765 -0.073547 0.032632 0.000000
0.166138 0.004183 0.227736 1.000000
-0.221331 -0.001038 0.025056 0.000000
0.115923 0.028856 -0.033221 0.000000
-0.286263 -0.023766 -0.004198 0.000000
-0.030604 -0.051817 0.175703 1.000000
0.117407 -0.070091 -0.048885 0.000000
-0.118519 0.010274 -0.515466 1.000000
0.810854 0.082450 -0.030611 0.000000
0.371684 0.022303 -0.090143 0.000000
-0.059679 0.063100 -0.070333 0.000000
0.298306 -0.027759 -0.242556 3.000000
0.764554 0.024530 0.080877 0.000000
0.320240 -0.011122 0.186862 3.000000
-0.650698 0.059952 -0.018607 2.000000
-0.688168 -0.022870 -0.031635 0.000000
-0.857703 0.333400 -0.004198 2.000000
-0.024410 -0.039762 -0.126358 1.000000
-0.069865 -0.000552 -0.315013 1.000000
0.305140 -0.082914 0.137722 3.000000
0.057363 -0.010176 -0.090220 0.000000
0.228818 -0.004724 -0.165978 1.000000
0.010577 -0.038892 0.131809 1.000000
-0.157806 -0.029755 0.075656 0.000000
-0.064721 0.076384 -0.055693 0.000000
0.097853 -0.011020 -0.129071 1.000000
-0.212603 -0.058804 0.016380 0.000000
-0.438036 -0.068581 -0.037521 0.000000
0.046076 -0.043550 0.122621 1.000000
-0.075214 -0.036230 0.165261 1.000000
-0.509495 0.058417 -0.019426 2.000000
-0.035236 0.001444 0.356986 1.000000
0.239337 -0.071908 -0.255685 3.000000
-0.012739 -0.031111 -0.156687 1.000000
-0.101039 0.032669 -0.087609 0.000000
0.328686 0.011272 0.083206 0.000000
-0.301364 -0.065433 -0.054951 0.000000
-0.417100 -0.042424 -0.072611 0.000000
-0.531122 -0.023766 -0.070998 0.000000
0.119685 -0.042757 0.109773 1.000000
0.394361 -0.075133 0.028819 0.000000
0.163553 -0.024355 0.170303 1.000000
0.271816 -0.032826 0.229656 3.000000
-0.820310 0.055013 -0.246753 2.000000
0.233758 -0.030830 -0.004198 0.000000
-0.816215 0.103872 -0.004198 2.000000
0.200511 -0.114011 0.181743 3.000000
-0.849001 0.051097 -0.207927 2.000000
0.177016 -0.017060 -0.089093 0.000000
0.418726 -0.070680 -0.047964 0.000000
0.248091 -0.055605 -0.004198 1.000000
-0.315389 -0.020746 0.000256 0.000000
-0.110534 0.044749 0.606862 1.000000
-0.063978 -0.002497 -0.367992 1.000000
0.190964 -0.035590 -0.215375 3.000000
-0.061624 0.021536 -0.425630 1.000000
-0.136947 0.034051 -0.595754 1.000000
0.195213 -0.097477 -0.168077 3.000000
0.477030 0.049228 -0.080775 0.000000
-0.729220 0.050687 0.112204 2.000000
0.368741 -0.004314 0.082592 0.000000
0.053345 -0.043243 0.080698 0.000000
0.384865 -0.005133 -0.090885 0.000000
0.288427 -0.061671 -0.253817 3.000000
0.271432 -0.018289 0.199173 3.000000
0.186434 -0.082146 0.223564 3.000000
0.020175 0.009148 -0.303982 1.000000
0.203506 -0.029371 0.135546 1.000000
0.366540 -0.064307 0.239407 3.000000
0.278138 -0.029832 0.091243 1.000000
0.135067 -0.001448 0.275930 1.000000
0.141670 -0.024431 0.175959 1.000000
0.128182 0.007280 0.305670 1.000000
0.064427 -0.008000 -0.168282 1.000000
0.381461 -0.049462 0.063550 0.000000
-0.154658 -0.076976 0.012029 0.000000
-0.195686 0.035638 0.597469 1.000000
0.126698 -0.040709 0.115813 1.000000
0.327586 -0.069400 0.212175 3.000000
0.508511 0.071137 -0.062527 0.000000
0.326229 -0.055579 0.250464 3.000000
0.281235 -0.118746 -0.171942 3.000000
-0.802727 0.037020 0.073532 2.000000
-0.207101 0.012603 -0.004198 0.000000
0.109985 -0.063616 0.031532 1.000000
0.216021 -0.023638 -0.182768 3.000000
0.371889 -0.124402 -0.211766 3.000000
0.069597 0.069960 0.055667 0.000000
0.247886 -0.115649 0.162855 3.000000
0.200102 -0.027887 -0.183587 3.000000
-0.762160 0.032029 -0.031328 2.000000
0.199538 -0.011122 -0.080622 1.000000
-0.648394 0.046618 0.063115 2.000000
0.330427 -0.008051 -0.004198 0.000000
0.238288 -0.091923 -0.240252 3.000000
-0.761443 0.056779 -0.024289 0.000000
0.004819 0.026015 -0.437634 1.000000
0.444525 0.026424 0.081210 0.000000
0.105813 0.027166 -0.089503 0.000000
-0.036132 -0.056654 -0.066391 0.000000
-0.160212 0.039963 -0.594628 1.000000
-0.326932 0.082347 -0.047631 0.000000
-0.021211 0.031952 0.494273 1.000000
-0.384749 0.054731 0.067773 0.000000
-0.134900 0.041909 -0.640851 1.000000
0.139239 -0.072164 0.035985 0.000000
-0.251097 0.057521 0.744046 1.000000
0.285074 -0.054581 -0.016585 1.000000
-0.558098 0.048409 -0.005810 2.000000
-0.665594 0.048896 -0.077397 2.000000
0.016541 0.005335 0.365637 1.000000
0.858996 -0.078972 -0.015050 0.000000
-0.726431 0.123375 0.006577 2.000000
0.040855 0.013934 0.401597 1.000000
0.080705 -0.058856 -0.004198 0.000000
0.224211 -0.088647 0.050292 0.000000
-0.024256 0.048947 0.072482 0.000000
0.048968 -0.040581 -0.004198 0.000000
-0.256165 0.098216 0.774349 1.000000
-0.114655 -0.085397 -0.021064 0.000000
0.325257 -0.067506 0.137005 3.000000
-0.076084 -0.063642 0.048884 0.000000
-0.050414 -0.036973 0.131963 1.000000
0.056851 -0.042552 0.125129 1.000000
0.251520 -0.015166 -0.208413 3.000000
-0.723078 0.168599 0.006424 2.000000
-0.305792 0.083013 -0.046044 0.000000
0.351030 -0.012453 -0.199686 3.000000
-0.516278 -0.043704 0.050113 0.000000
-0.026278 -0.025430 -0.154717 1.000000
-0.664877 0.010812 -0.060428 0.000000
0.099210 -0.064230 0.048091 0.000000
0.675359 -0.000424 -0.091499 0.000000
-0.533502 -0.059854 -0.024059 0.000000
0.229279 -0.077079 0.244935 3.000000
0.699059 0.018157 0.082285 0.000000
-0.651645 0.052453 0.009930 2.000000
0.322800 -0.058497 0.164467 3.000000
0.124778 -0.047159 0.065341 0.000000
0.325769 -0.060289 0.197945 3.000000
0.097008 -0.072036 0.077627 0.000000
-0.836665 0.248914 0.001151 2.000000
0.070723 -0.104874 0.032709 0.000000
-0.045090 0.030980 -0.484574 1.000000
0.006712 0.070523 -0.063320 0.000000
-0.745473 0.179938 0.005682 2.000000
-0.761751 0.101312 -0.012439 2.000000
0.321648 -0.096735 -0.180516 3.000000
-0.221817 -0.079945 0.014256 0.000000
0.322134 -0.092333 -0.241916 3.000000
-0.112838 -0.071141 0.038468 0.000000
0.482251 0.007049 0.002866 0.000000
-0.793974 0.085086 -0.008318 2.000000
0.065784 -0.010508 0.254866 1.000000
-0.685250 0.057828 0.035243 0.000000
0.315992 -0.101086 -0.253740 3.000000
-0.609824 0.139294 -0.008651 2.000000
0.661077 0.062077 0.062731 0.000000
-0.084403 -0.001525 -0.336281 1.000000
-0.632807 0.067707 0.038340 0.000000
0.325231 -0.033441 0.066647 0.000000
-0.029273 -0.002113 -0.341016 1.000000
0.411304 -0.080687 -0.017072 0.000000
-0.192538 0.071700 -0.061785 0.000000
-0.761904 0.049408 -0.118220 2.000000
0.062738 0.004183 -0.251002 1.000000
-0.165894 -0.080329 -0.019657 0.000000
0.843333 -0.006183 -0.085305 0.000000
0.224109 -0.066969 0.044533 0.000000
0.607073 0.037046 0.077422 0.000000
0.008606 -0.001806 0.237871 1.000000
0.164372 -0.068146 -0.172300 3.000000
0.294518 -0.089594 -0.251949 3.000000
-0.739586 0.038581 -0.100867 2.000000
0.078965 -0.020567 -0.082900 1.000000
-0.841630 0.331045 0.001331 2.000000
-0.010615 -0.051996 -0.179082 1.000000
0.515728 -0.054300 -0.068260 0.000000
0.075740 -0.042859 -0.128918 1.000000
-0.372080 -0.071115 0.034654 0.000000
-0.164410 -0.051919 0.061681 0.000000
-0.774036 0.041729 0.133371 2.000000
-0.870270 0.055908 -0.281945 2.000000
-0.834208 0.230691 -0.004198 2.000000
0.369637 -0.028347 -0.004198 0.000000
0.082906 0.030238 -0.029945 0.000000
-0.664570 0.041473 0.072380 2.000000
0.282822 -0.081378 -0.011697 0.000000
-0.520347 -0.041656 -0.059763 0.000000
-0.243240 0.031313 -0.088172 0.000000
0.208932 -0.086779 -0.247239 3.000000
-0.877129 0.277477 -0.004198 2.000000
-0.532837 0.056446 -0.004198 2.000000
-0.713071 0.100596 0.007857 2.000000
-0.390662 -0.057985 0.052058 0.000000
0.169286 -0.047876 -0.191828 3.000000
-0.062673 0.002366 -0.336793 1.000000
-0.171141 0.007382 -0.021909 0.000000
0.051707 -0.001985 0.206877 1.000000
0.236855 -0.026095 0.077166 0.000000
0.340920 -0.063514 -0.146450 3.000000
0.830894 -0.060954 0.049140 0.000000
0.894137 0.066914 -0.026644 0.000000
0.330964 -0.084961 0.202475 3.000000
0.012138 -0.063130 -0.004198 1.000000
-0.628124 0.090921 0.011696 2.000000
0.748148 -0.078947 -0.028026 0.000000
0.318500 -0.073291 0.221798 3.000000
0.263754 -0.069221 0.062219 0.000000
-0.774676 0.040706 -0.132885 2.000000
-0.833977 0.043879 0.166617 2.000000
0.284869 -0.088263 0.024186 0.000000
0.489955 0.002750 0.083539 0.000000
-0.700965 0.119484 -0.004198 2.000000
0.208880 -0.054300 -0.246241 3.000000
0.264138 -0.091744 -0.035167 0.000000
-0.146110 -0.019748 -0.060607 0.000000
0.289758 -0.017393 0.218599 3.000000
0.100899 -0.021053 0.053773 1.000000
0.261399 -0.016625 0.014358 1.000000
0.237264 -0.097170 -0.027335 0.000000
-0.486358 0.093020 -0.005554 0.000000
0.894700 0.055064 -0.048322 0.000000
-0.725842 0.042139 0.116146 2.000000
0.143590 0.001931 -0.208285 1.000000
0.213513 -0.110684 -0.229247 3.000000
-0.642482 0.047488 0.017890 2.000000
-0.455722 -0.012300 0.077345 0.000000
0.262654 -0.003879 -0.202143 1.000000
0.257279 0.025887 -0.023521 0.000000
-0.775776 0.288840 0.002354 2.000000
0.241922 -0.121535 -0.174962 3.000000
-0.080717 -0.091667 0.014691 0.000000
-0.119722 0.030877 0.508043 1.000000
0.345041 -0.086676 -0.142150 3.000000
0.194292 -0.077974 -0.163265 3.000000
-0.099401 -0.076720 -0.033401 0.000000
-0.360793 0.078687 -0.052571 0.000000
-0.457206 0.042855 -0.080929 0.000000
0.255666 -0.053916 0.023469 1.000000
-0.122333 -0.033210 -0.082618 0.000000
-0.842730 0.049075 0.223513 2.000000
0.241334 -0.124837 0.174807 3.000000
-0.108384 0.077817 0.045404 0.000000
0.646053 0.085854 0.030764 0.000000
-0.707721 0.066325 0.017685 0.000000
-0.762749 0.234351 0.004453 2.000000
0.067959 -0.004391 0.082592 0.000000
-0.098812 0.036483 0.586668 1.000000
-0.135668 -0.072216 0.033963 0.000000
-0.010717 -0.035104 -0.004198 0.000000
0.002413 -0.062771 0.018197 1.000000
0.302427 -0.080099 -0.021397 0.000000
-0.128168 -0.025199 -0.004198 0.000000
-0.049006 -0.063309 0.003071 1.000000
0.113619 0.093301 0.000179 0.000000
0.321264 -0.068146 -0.004198 0.000000
0.257100 -0.059470 0.001561 1.000000
0.207549 -0.067071 -0.152336 3.000000
0.719406 -0.034541 0.073685 0.000000
0.342456 -0.018647 0.181155 3.000000
0.333575 -0.043755 0.238869 3.000000
-0.325294 -0.040172 -0.079086 0.000000
0.254412 -0.091104 -0.254278 3.000000
-0.680745 0.048409 0.006398 2.000000
0.840645 -0.031291 -0.079009 0.000000
0.237239 -0.007027 -0.119730 1.000000
-0.837714 0.339850 -0.009445 2.000000
0.204939 -0.101572 -0.017532 0.000000
-0.005880 0.028062 0.448844 1.000000
-0.659016 0.036099 -0.042282 2.000000
0.257407 -0.017342 -0.089196 0.000000
0.292624 -0.015883 -0.004198 0.000000
-0.015170 0.022918 0.405078 1.000000
0.201304 -0.101470 -0.030816 0.000000
-0.770888 0.089258 -0.011108 2.000000
0.516854 -0.041887 0.069385 0.000000
0.142131 0.054398 -0.077013 0.000000
-0.791849 0.050866 -0.229375 2.000000
0.006380 0.014497 0.422635 1.000000
-0.532402 0.056958 -0.020015 2.000000
-0.098172 0.020435 0.435458 1.000000
0.347805 -0.072395 -0.043843 0.000000
-0.773217 0.190610 -0.012900 2.000000
0.009016 -0.080431 -0.018863 0.000000
0.149220 -0.083605 0.066672 0.000000
-0.186830 0.039733 -0.644204 1.000000
0.334189 -0.023177 0.166541 3.000000
-0.267042 -0.012121 -0.004198 0.000000
0.292803 -0.026556 0.150979 3.000000
-0.771169 0.037378 -0.102095 2.000000
-0.758116 0.103846 0.004402 2.000000
0.563077 0.049536 0.072252 0.000000
-0.424651 0.062384 -0.069616 0.000000
0.088204 0.074080 -0.058688 0.000000
-0.612307 -0.000475 0.059173 0.000000
0.178833 -0.003726 -0.202475 1.000000
0.001773 -0.024380 -0.203525 1.000000
0.142976 0.006128 0.244423 1.000000
0.827311 -0.047568 -0.070154 0.000000
-0.673169 0.031236 0.050497 0.000000
0.410460 0.092303 -0.016304 0.000000
0.115871 0.006563 0.319414 1.000000
0.104047 0.047155 0.073224 0.000000
-0.870167 0.243104 -0.004198 2.000000
-0.145547 0.035945 -0.562200 1.000000
-0.459510 0.049791 -0.077986 0.000000
0.433929 0.091868 0.011133 0.000000
-0.022618 -0.016216 -0.004198 0.000000
0.188021 -0.007104 -0.088402 0.000000
0.197491 -0.101111 0.227608 3.000000
0.375575 0.084420 0.034219 0.000000
0.056442 -0.012351 -0.254892 1.000000
-0.754610 0.138526 -0.013488 2.000000
-0.109382 0.050483 0.071612 0.000000
-0.766281 0.176892 -0.004198 2.000000
0.185718 -0.038867 0.212610 3.000000
-0.054534 0.008739 -0.416596 1.000000
0.326690 -0.050409 -0.240969 3.000000
0.016208 0.002877 -0.359546 1.000000
0.263396 -0.057269 0.227941 3.000000
-0.635751 0.047488 0.025261 2.000000
0.323823 -0.063590 0.175934 3.000000
0.326511 0.074618 0.049575 0.000000
0.974298 -0.031086 0.026157 0.000000
-0.000607 -0.005287 0.225074 1.000000
0.252186 -0.069477 -0.004198 0.000000
-0.458409 -0.074545 -0.002764 0.000000
-0.118801 0.063075 0.061937 0.000000
0.196698 -0.118055 -0.202808 3.000000
0.318628 -0.121177 -0.223974 3.000000
-0.193101 -0.039225 -0.004198 0.000000
-0.598870 0.021868 -0.071971 0.000000
-0.207229 0.009660 -0.091806 0.000000
-0.765922 0.044801 -0.074940 2.000000
-0.164051 -0.044113 -0.004198 0.000000
0.070339 0.016007 -0.044918 0.000000
0.250650 -0.078025 0.144606 3.000000
-0.708259 -0.018058 -0.030406 0.000000
0.751475 -0.080994 0.006321 0.000000
0.885512 -0.074468 -0.018735 0.000000
0.320599 -0.086983 0.200862 3.000000
-0.882299 0.049356 0.221747 2.000000
-0.634318 0.082808 -0.015101 0.000000
0.365823 -0.109046 0.160679 3.000000
0.217685 -0.094969 -0.236464 3.000000
0.434313 -0.049514 0.016994 0.000000
-0.454570 0.050073 -0.009496 2.000000
-0.092695 0.014420 -0.408380 1.000000
0.423257 0.080300 0.042179 0.000000
0.831611 0.059876 -0.063192 0.000000
0.230763 -0.109634 -0.173938 3.000000
0.690945 -0.081737 -0.008984 0.000000
0.078043 0.011528 0.077012 0.000000
0.367333 -0.127601 0.195155 3.000000
-0.452292 -0.054607 -0.058483 0.000000
-0.701093 0.052914 -0.043817 0.000000
-0.241397 0.085009 -0.774888 1.000000
0.082855 -0.081097 -0.013898 0.000000
0.396946 -0.059726 -0.004198 0.000000
-0.116011 0.035049 0.530591 1.000000
-0.251686 0.060183 -0.752211 1.000000
0.423205 0.016391 -0.090936 0.000000
0.019407 -0.038508 0.035524 1.000000
0.716642 0.068373 0.057740 0.000000
0.233425 -0.079100 -0.154410 3.000000
-0.051284 0.031210 0.079828 0.000000
0.485169 -0.022742 -0.086969 0.000000
-0.107053 0.015214 0.415776 1.000000
-0.141964 0.019974 0.480196 1.000000
0.394719 -0.079459 0.017967 0.000000
0.073360 -0.019185 -0.222720 1.000000
0.874378 0.047898 0.055078 0.000000
0.271023 -0.090618 0.247981 3.000000
0.243944 -0.093740 0.233572 3.000000
0.094910 0.093071 -0.010315 0.000000
0.248193 -0.107996 0.160935 3.000000
-0.045218 -0.047441 0.067850 1.000000
-0.223583 -0.072651 0.034859 0.000000
0.775534 0.040245 0.074274 0.000000
0.013060 0.011963 -0.325813 1.000000
-0.074344 -0.024278 -0.086329 0.000000
-0.576936 0.020691 -0.074684 0.000000
0.319447 -0.080278 -0.034168 0.000000
-0.386874 0.032439 0.078471 0.000000
0.269282 -0.006413 -0.004198 0.000000
0.150551 0.062153 0.062654 0.000000
0.350288 -0.064281 -0.004198 0.000000
0.226361 -0.008358 -0.106472 1.000000
0.229279 -0.096965 -0.247547 3.000000
-0.087448 -0.021488 -0.004198 0.000000
0.114387 -0.048260 0.089681 1.000000
-0.516687 0.051634 -0.072406 0.000000
0.280774 -0.039916 0.147473 3.000000
0.191988 -0.062797 -0.159400 3.000000
-0.373923 0.081886 -0.048245 0.000000
-0.056326 -0.016267 -0.228735 1.000000
-0.083891 0.036585 -0.586822 1.000000
0.043747 -0.067916 0.077294 0.000000
0.285586 -0.064947 0.137517 3.000000
-0.860262 0.044494 0.163546 2.000000
-0.821487 0.038069 -0.093956 2.000000
0.034021 -0.005645 -0.204907 1.000000
0.237802 -0.071397 0.065188 0.000000
0.243816 -0.056270 -0.244680 3.000000
