-0.095127 0.086828 -0.027687 0.000000
-0.305028 -0.084249 -0.017347 0.000000
-0.178214 -0.023646 -0.522163 1.000000
-0.069154 -0.013111 -0.452733 1.000000
0.047588 -0.072275 0.161265 1.000000
-0.594894 -0.016257 -0.024224 0.000000
-0.281299 -0.013623 -0.748769 1.000000
-0.247010 -0.015501 0.734463 1.000000
0.126773 -0.077908 0.036110 0.000000
-0.034597 -0.041034 0.154900 1.000000
-0.016527 -0.034962 0.313246 1.000000
0.158550 -0.063958 -0.255123 1.000000
0.050392 -0.054326 0.148998 1.000000
-0.654741 0.164379 -0.014518 2.000000
0.082681 -0.060374 0.114929 1.000000
0.033077 -0.061081 0.107223 1.000000
-0.441791 0.015568 0.068935 0.000000
-0.179726 -0.004624 -0.088777 0.000000
0.384253 -0.072104 0.046865 0.000000
-0.041109 -0.014282 -0.408250 1.000000
-0.028598 0.091071 0.002236 0.000000
0.036150 -0.143705 -0.137357 3.000000
0.084388 -0.022842 -0.173572 1.000000
-0.411088 0.045565 -0.064488 0.000000
-0.048376 -0.028475 0.474519 1.000000
-0.076665 -0.031011 0.384457 1.000000
-0.038036 -0.011672 -0.453928 1.000000
-0.171337 -0.021890 -0.598568 1.000000
-0.686225 0.029054 -0.021810 0.000000
0.539527 0.003765 0.088030 0.000000
-0.189871 0.057563 -0.069682 0.000000
-0.502003 0.107411 -0.021371 2.000000
-0.402869 0.120580 -0.029419 2.000000
0.785326 0.055198 -0.066243 0.000000
-0.584579 0.189766 -0.007251 2.000000
-0.194553 -0.020696 -0.523748 1.000000
-0.065959 -0.038352 -0.228541 1.000000
-0.111515 -0.084810 0.011601 0.000000
-0.250742 -0.075542 -0.042734 0.000000
-0.568873 0.020616 -0.030955 2.000000
0.055026 -0.016915 -0.276462 1.000000
0.139576 -0.023939 0.117905 1.000000
0.080486 -0.048180 0.197358 1.000000
0.439978 0.077902 -0.047417 0.000000
0.185741 -0.023768 0.083250 1.000000
-0.251693 -0.013306 0.746218 1.000000
-0.127927 -0.028743 -0.388545 1.000000
-0.112393 -0.026817 0.491078 1.000000
-0.718440 0.284779 -0.000983 2.000000
-0.541389 0.014008 -0.072438 2.000000
0.195618 -0.020939 -0.193935 1.000000
0.748623 -0.079298 -0.011689 0.000000
-0.127830 -0.012038 -0.526187 1.000000
-0.462740 0.147089 -0.042051 2.000000
-0.321635 -0.033572 0.077446 0.000000
0.086461 -0.053277 0.164314 1.000000
0.021859 0.086901 0.025965 0.000000
0.166134 0.082414 -0.038320 0.000000
0.863219 -0.073982 -0.001739 0.000000
-0.614160 0.155917 -0.006763 2.000000
0.727284 0.089291 -0.013274 0.000000
0.556793 -0.077615 -0.037735 0.000000
0.282632 -0.095564 0.217283 3.000000
-0.081519 -0.033182 -0.280046 1.000000
-0.107150 -0.036572 -0.373962 1.000000
-0.455156 0.155478 -0.027248 2.000000
-0.123660 -0.033548 -0.081266 0.000000
-0.152559 -0.013965 0.651327 1.000000
-0.577580 0.024592 -0.108555 2.000000
0.008129 -0.039010 0.249791 1.000000
-0.442450 0.074488 0.009991 2.000000
0.216420 -0.046741 -0.174303 1.000000
-0.608259 0.058441 0.188189 2.000000
0.170597 -0.056789 0.151193 1.000000
0.472316 0.076585 -0.049124 0.000000
0.119530 -0.094321 -0.266268 3.000000
0.086973 -0.080469 -0.043856 0.000000
0.825297 -0.027524 0.073593 0.000000
0.747794 0.041053 -0.078852 0.000000
0.348477 -0.027792 -0.083656 0.000000
0.105897 0.088047 -0.024736 0.000000
0.082291 -0.079737 -0.032589 0.000000
-0.054058 -0.011550 0.086323 0.000000
-0.083591 -0.032011 -0.333357 1.000000
0.686826 0.072976 -0.053416 0.000000
-0.043182 -0.040791 0.165996 1.000000
0.005495 -0.150899 0.129513 3.000000
-0.044084 -0.033987 0.315807 1.000000
-0.136463 -0.028109 -0.382351 1.000000
0.138698 -0.021256 0.149096 1.000000
0.052977 -0.152070 -0.136089 3.000000
0.303580 0.055198 -0.071511 0.000000
-0.305150 -0.012526 -0.744038 1.000000
-0.247279 0.081975 -0.039418 0.000000
0.023859 -0.045473 -0.205836 1.000000
0.097655 -0.015769 0.255205 1.000000
0.050612 -0.036596 0.306272 1.000000
-0.602869 0.085340 -0.007787 2.000000
0.131431 -0.083517 0.021429 0.000000
-0.467837 -0.033084 -0.051050 0.000000
-0.557484 -0.031962 -0.008519 0.000000
0.763987 -0.081542 -0.024688 0.000000
0.152989 -0.063641 0.105784 1.000000
-0.152851 -0.026402 -0.445514 1.000000
-0.525635 0.011057 0.055620 0.000000
-0.035061 0.082999 -0.036930 0.000000
0.989667 -0.029719 -0.006714 0.000000
0.683924 -0.086224 0.000797 0.000000
-0.481518 0.032664 0.059400 0.000000
0.007153 -0.124463 0.164752 3.000000
0.017713 0.012983 0.086811 0.000000
0.057781 -0.134121 0.145511 1.000000
0.189741 -0.046692 -0.265024 3.000000
-0.583140 -0.022305 -0.018274 0.000000
0.550404 0.023982 0.085372 0.000000
-0.031403 0.069610 0.056668 0.000000
-0.299906 -0.052618 0.067496 0.000000
0.487558 -0.077323 -0.038442 0.000000
0.262195 -0.051911 -0.091874 0.000000
-0.401211 0.154551 -0.039393 2.000000
0.151648 -0.044619 0.224916 1.000000
0.456196 -0.064836 0.056302 0.000000
-0.001919 -0.036328 -0.283631 1.000000
-0.191578 -0.007063 0.661911 1.000000
0.147014 -0.077835 0.071910 0.000000
-0.600894 0.043102 0.170654 2.000000
-0.199455 -0.020135 -0.629686 1.000000
0.105629 -0.043668 -0.058879 1.000000
0.574108 0.056539 0.068935 0.000000
0.716335 -0.058788 -0.064780 0.000000
0.945721 0.028128 0.025648 0.000000
0.001349 -0.078030 -0.072999 0.000000
-0.214331 0.084852 0.030891 0.000000
0.042466 -0.029377 0.153095 1.000000
0.787204 -0.043400 -0.073121 0.000000
0.157038 -0.032450 -0.254733 1.000000
0.140430 -0.079420 -0.033394 0.000000
0.169085 -0.046985 -0.255854 3.000000
-0.026355 -0.034816 -0.309970 1.000000
0.291631 -0.017013 0.085616 0.000000
0.845319 -0.076811 -0.005202 0.000000
0.050953 -0.048887 -0.188375 1.000000
0.056269 -0.137340 -0.154111 3.000000
-0.284298 -0.055642 0.065399 0.000000
-0.414331 0.104435 0.027355 2.000000
0.480949 0.054710 0.070349 0.000000
0.302264 0.058222 0.067667 0.000000
-0.180409 -0.023890 0.503101 1.000000
-0.568093 0.165160 0.020965 2.000000
-0.494712 0.034078 -0.058342 2.000000
-0.616599 0.060124 -0.202129 2.000000
0.995178 -0.005112 -0.010372 0.000000
0.045905 -0.050497 0.174410 1.000000
0.344819 0.052637 0.071935 0.000000
-0.065057 -0.017257 0.539365 1.000000
-0.028037 -0.024719 -0.268389 1.000000
0.265707 -0.057959 0.279690 3.000000
-0.357728 0.058197 0.060082 0.000000
0.112482 -0.068446 -0.242417 3.000000
0.283973 -0.059691 0.269057 3.000000
-0.011064 -0.029548 0.087396 0.000000
0.835369 -0.077469 0.007869 0.000000
-0.264033 -0.039596 0.077080 0.000000
-0.377726 -0.076298 0.008845 0.000000
0.905287 0.042882 0.041987 0.000000
-0.148047 -0.025524 0.493615 1.000000
-0.176946 0.016666 0.086323 0.000000
-0.170971 -0.016062 0.672568 1.000000
-0.415136 0.124823 0.040768 2.000000
0.127041 0.032786 0.082153 0.000000
0.206251 -0.056545 -0.217566 3.000000
-0.009625 -0.022086 0.273544 1.000000
-0.127342 -0.084566 0.013332 0.000000
-0.070959 -0.045351 -0.171889 1.000000
-0.627159 0.020129 0.076983 2.000000
0.529675 -0.086078 0.001821 0.000000
-0.633402 0.291998 0.002968 2.000000
0.032614 0.069245 0.057132 0.000000
0.125724 -0.065983 -0.089680 1.000000
-0.593699 0.066928 -0.006690 0.000000
-0.063594 -0.045253 -0.176303 1.000000
-0.557411 0.033688 -0.074340 2.000000
0.278364 -0.056642 -0.231516 3.000000
-0.409820 0.179256 0.008747 2.000000
0.046734 -0.081225 0.027477 0.000000
-0.366069 0.036029 -0.075120 0.000000
0.392887 0.087242 -0.026663 0.000000
0.622200 0.090120 0.009430 0.000000
-0.236109 -0.005185 0.734951 1.000000
-0.559728 0.163599 0.005479 2.000000
0.098557 -0.024427 0.144999 1.000000
-0.361533 0.083853 -0.010031 0.000000
-0.624647 0.046808 0.182750 2.000000
0.054440 -0.039327 -0.261463 1.000000
-0.579189 0.157722 -0.030784 2.000000
0.019518 -0.131292 0.000480 0.000000
-0.552753 0.190303 0.006504 2.000000
-0.178165 -0.010233 0.600992 1.000000
-0.305052 0.083536 -0.029029 0.000000
0.044539 -0.129389 0.168289 3.000000
-0.054473 -0.042034 0.090664 0.000000
-0.266496 -0.016379 -0.664780 1.000000
-0.501345 0.110435 0.037646 2.000000
-0.461472 0.102167 -0.031028 2.000000
0.201276 -0.061959 0.120636 1.000000
0.270731 -0.114952 -0.259147 3.000000
0.275998 -0.058740 0.088177 0.000000
0.225614 0.031835 0.082543 0.000000
0.122432 -0.017842 -0.290118 1.000000
0.201227 -0.122146 -0.233662 3.000000
-0.438865 0.172695 0.023331 2.000000
-0.705052 0.304094 -0.002251 2.000000
0.252879 -0.022549 0.106052 1.000000
-0.180580 -0.066275 0.054449 0.000000
-0.139438 -0.027719 0.409820 1.000000
0.162305 -0.057910 0.143560 1.000000
-0.010844 -0.143705 0.164533 3.000000
0.069000 -0.015135 -0.302093 1.000000
-0.621281 0.014715 -0.040271 0.000000
0.413713 0.088462 -0.023639 0.000000
0.668828 -0.037669 0.077983 0.000000
-0.671836 0.262709 0.002016 2.000000
-0.322489 -0.082639 0.016259 0.000000
-0.012064 -0.059447 -0.182083 1.000000
0.261756 -0.085175 -0.291240 3.000000
0.627150 -0.083127 -0.024468 0.000000
0.306775 0.091388 -0.000105 0.000000
0.022493 -0.016647 -0.310799 1.000000
0.071609 0.072830 0.052474 0.000000
0.027224 -0.045692 0.091152 0.000000
-0.635133 0.002716 0.028842 0.000000
-0.111442 -0.030524 0.338219 1.000000
0.625126 0.000692 0.087957 0.000000
0.194131 -0.105051 0.212747 3.000000
-0.649936 0.049101 -0.193691 2.000000
-0.288274 0.025250 0.766654 1.000000
0.079803 -0.033255 0.072130 1.000000
0.550599 0.088584 0.021160 0.000000
-0.536999 0.169696 -0.017201 2.000000
0.753135 0.000034 -0.088021 0.000000
-0.476519 0.105460 0.015771 2.000000
0.302337 -0.077859 -0.037150 0.000000
0.926918 0.044735 0.025282 0.000000
-0.042060 -0.028670 0.243548 1.000000
0.217006 -0.066324 0.084372 0.000000
0.158696 -0.027353 -0.062561 1.000000
0.177011 -0.024866 -0.229370 1.000000
-0.229159 -0.019354 -0.612054 1.000000
0.025103 -0.034913 0.339731 1.000000
-0.643498 0.235541 -0.004788 2.000000
0.383132 -0.003356 -0.088948 0.000000
-0.005845 -0.031353 0.187213 1.000000
-0.470178 0.168306 0.024989 2.000000
0.133504 -0.063593 -0.260098 3.000000
-0.751778 0.111410 0.014820 2.000000
-0.332561 -0.053594 -0.065024 0.000000
0.199398 -0.020696 0.125684 1.000000
0.753428 0.063538 -0.062805 0.000000
-0.427549 -0.032743 0.059960 0.000000
-0.163899 -0.019427 -0.492118 1.000000
0.001008 -0.032304 -0.397276 1.000000
-0.202869 -0.010038 0.630866 1.000000
-0.273105 0.012617 0.086299 0.000000
0.084412 -0.020793 0.085031 0.000000
-0.484640 0.129749 -0.044149 2.000000
-0.011820 -0.139827 -0.012421 0.000000
-0.245767 -0.083493 0.021599 0.000000
-0.710831 0.022909 -0.011689 0.000000
0.226005 -0.067617 -0.247392 1.000000
-0.055692 -0.042059 0.202943 1.000000
0.077852 0.086389 -0.028760 0.000000
0.312189 -0.049009 0.086908 0.000000
-0.017258 -0.031719 -0.406714 1.000000
0.078072 0.060514 0.065911 0.000000
-0.429354 0.052539 -0.009811 2.000000
-0.263374 -0.071323 -0.049319 0.000000
-0.188774 -0.022695 -0.499605 1.000000
0.611469 -0.070470 -0.050514 0.000000
0.222712 -0.023305 -0.073950 1.000000
-0.282665 0.007911 0.086640 0.000000
-0.373409 0.062806 0.053669 0.000000
0.478852 0.002960 -0.089655 0.000000
0.720237 0.082463 0.035500 0.000000
0.062196 -0.013940 0.338707 1.000000
-0.406527 0.095363 0.005821 2.000000
-0.651595 0.003033 0.021307 0.000000
0.159671 0.055685 0.069593 0.000000
-0.165972 0.028006 -0.085656 0.000000
0.140771 0.087852 0.023672 0.000000
-0.559289 0.089364 -0.017493 2.000000
-0.038426 -0.015038 0.392554 1.000000
0.190594 -0.034743 -0.213981 1.000000
0.934040 -0.030987 0.045621 0.000000
-0.168947 -0.008843 -0.613323 1.000000
0.094972 -0.082054 -0.051709 0.000000
-0.008698 -0.040522 0.230744 1.000000
-0.094468 -0.080152 0.030111 0.000000
0.932649 -0.040083 0.039695 0.000000
0.538844 -0.033743 0.079665 0.000000
0.003008 -0.000357 0.087811 0.000000
-0.691395 0.309581 -0.002934 2.000000
0.248319 -0.005819 0.087079 0.000000
0.221981 -0.076274 -0.075803 0.000000
0.033077 -0.018208 -0.277144 1.000000
-0.004479 -0.067495 -0.178547 1.000000
-0.449985 0.167940 0.008138 2.000000
0.024298 -0.050838 -0.182034 1.000000
-0.362094 0.084901 -0.001764 0.000000
0.164841 0.070830 0.055107 0.000000
-0.031134 -0.082127 0.050693 0.000000
0.021835 -0.037133 0.277397 1.000000
0.003227 -0.011940 0.428988 1.000000
0.148282 -0.092979 -0.225126 3.000000
0.054050 0.006106 -0.089241 0.000000
-0.564776 0.051149 -0.151111 2.000000
-0.054205 -0.029548 0.253644 1.000000
0.482168 -0.052667 0.068033 0.000000
0.204105 -0.038864 0.194212 1.000000
0.240442 -0.040888 -0.248148 3.000000
0.401349 -0.039401 -0.078852 0.000000
0.405617 -0.003551 -0.088924 0.000000
0.251562 -0.081225 -0.065268 0.000000
-0.627817 0.037492 -0.120383 2.000000
0.011153 -0.028621 -0.433808 1.000000
0.792057 0.009130 0.083226 0.000000
0.223371 -0.063446 -0.113652 1.000000
-0.538243 0.011788 -0.023785 2.000000
-0.171703 -0.007819 0.670398 1.000000
-0.006064 -0.086761 -0.025127 0.000000
-0.055375 -0.027621 0.492517 1.000000
0.902775 0.058319 0.019795 0.000000
-0.614721 0.016812 -0.070999 2.000000
0.008178 -0.013574 -0.378498 1.000000
-0.071690 -0.021769 0.544267 1.000000
0.020542 -0.043595 0.216673 1.000000
-0.566313 0.096388 0.027282 2.000000
-0.081689 0.001594 0.088055 0.000000
0.326846 -0.046058 0.083836 0.000000
-0.054619 -0.037011 0.242597 1.000000
0.928187 0.049174 0.007796 0.000000
0.023712 -0.033182 0.245279 1.000000
0.262366 -0.081566 -0.207616 3.000000
0.693411 -0.076713 -0.039905 0.000000
-0.025842 -0.049058 -0.071975 1.000000
-0.098931 -0.028060 0.329610 1.000000
-0.031622 -0.031621 -0.213469 1.000000
0.461707 -0.085736 -0.006056 0.000000
-0.579921 0.047833 -0.189936 2.000000
0.086095 -0.028524 0.118490 1.000000
-0.226159 0.061514 -0.066658 0.000000
-0.686688 0.065343 0.237817 2.000000
-0.422916 0.078195 -0.015933 0.000000
0.146551 -0.015794 0.244743 1.000000
-0.542876 0.117726 -0.030906 2.000000
-0.510466 0.035249 0.114368 2.000000
0.241661 -0.068738 0.082031 1.000000
0.772620 0.010910 0.084275 0.000000
0.274194 -0.057959 0.057351 1.000000
0.485412 -0.085736 0.004528 0.000000
-0.063984 -0.081932 -0.055659 0.000000
-0.066667 -0.018940 0.085372 0.000000
0.170158 0.089169 0.016698 0.000000
0.061586 -0.022037 -0.200934 1.000000
0.041515 -0.036255 0.311661 1.000000
0.056855 -0.130121 -0.169645 3.000000
0.037857 -0.026427 0.181189 1.000000
-0.466447 0.176719 0.008455 2.000000
-0.567825 0.066294 0.015746 0.000000
-0.042279 -0.038596 -0.180522 1.000000
-0.110369 -0.024793 -0.549233 1.000000
-0.517221 0.164331 0.026526 2.000000
0.759476 -0.069494 0.048206 0.000000
0.608494 -0.001259 -0.089216 0.000000
0.169597 -0.018062 0.222672 1.000000
-0.084469 -0.028573 0.458180 1.000000
-0.381872 0.114166 0.023038 2.000000
0.646319 0.084194 -0.033955 0.000000
0.091680 -0.038206 -0.278803 1.000000
0.669145 0.072488 0.052669 0.000000
0.883338 0.060148 0.029501 0.000000
0.132114 -0.078176 0.225891 3.000000
0.169865 0.087072 0.025550 0.000000
-0.172532 -0.028109 -0.484119 1.000000
-0.161972 -0.057179 -0.066122 0.000000
-0.578384 0.027494 0.114685 2.000000
0.042515 -0.037913 -0.074169 1.000000
0.357135 -0.017550 0.085543 0.000000
-0.065423 -0.025939 -0.305287 1.000000
-0.287152 -0.006600 0.086226 0.000000
0.015567 -0.082395 0.162680 1.000000
0.116140 -0.073787 -0.265756 3.000000
0.023761 -0.073616 -0.119578 1.000000
-0.143169 -0.024817 -0.529504 1.000000
-0.469642 0.067196 -0.034272 0.000000
-0.697711 0.017251 0.012113 0.000000
-0.337511 -0.067763 0.046816 0.000000
0.519164 -0.006868 -0.088485 0.000000
0.028907 -0.036474 -0.115750 1.000000
0.045612 -0.051838 -0.058879 1.000000
0.067488 -0.036450 0.312905 1.000000
-0.665886 0.057051 -0.222224 2.000000
0.193643 -0.083737 0.019624 0.000000
0.226712 -0.081883 0.059107 0.000000
0.348355 0.072854 -0.053952 0.000000
0.536966 0.091437 -0.001056 0.000000
0.869755 0.047052 0.052596 0.000000
0.378035 0.074585 0.050206 0.000000
0.102776 -0.017964 0.212478 1.000000
0.580912 0.090242 0.008625 0.000000
0.285485 -0.056862 0.230452 3.000000
0.106483 -0.092516 -0.256440 3.000000
0.251928 -0.109270 0.214039 3.000000
0.451221 0.012715 0.086835 0.000000
-0.179775 0.033883 0.081714 0.000000
0.147795 -0.063446 -0.254757 1.000000
-0.639523 0.043833 -0.033272 0.000000
-0.111856 -0.043815 -0.374669 1.000000
-0.277080 -0.008185 -0.740039 1.000000
0.099996 -0.037254 0.297956 1.000000
0.678681 0.089559 -0.013469 0.000000
-0.532683 0.204813 0.005114 2.000000
-0.113905 0.037712 0.080104 0.000000
-0.680250 0.337212 -0.002812 2.000000
0.253538 -0.088785 -0.291313 3.000000
0.260854 -0.072811 -0.058879 1.000000
-0.080958 -0.040474 0.372190 1.000000
0.076511 -0.080274 0.041841 0.000000
0.249807 -0.125878 0.253254 3.000000
0.313555 -0.059374 -0.085314 0.000000
0.180669 0.077829 0.045962 0.000000
-0.012186 -0.128999 -0.130504 3.000000
-0.590383 0.018568 -0.046368 0.000000
-0.106808 -0.013184 0.487542 1.000000
-0.522416 0.051978 -0.010909 2.000000
-0.058716 -0.052058 -0.118237 1.000000
-0.205698 -0.007453 -0.669389 1.000000
0.017616 -0.036694 -0.289045 1.000000
0.023664 -0.086200 -0.002471 0.000000
0.415055 -0.057935 -0.065536 0.000000
-0.633158 0.064489 0.245206 2.000000
0.281486 0.082048 0.037695 0.000000
0.073682 -0.054935 -0.151940 1.000000
-0.509368 -0.021915 -0.047929 0.000000
-0.190042 -0.020866 0.613575 1.000000
-0.161387 -0.024793 0.502711 1.000000
0.463097 0.068098 0.058644 0.000000
-0.218770 0.081292 -0.041051 0.000000
-0.641108 0.149406 -0.035881 2.000000
-0.535633 0.023153 0.053620 0.000000
0.528626 -0.023354 0.083982 0.000000
-0.591163 0.037566 -0.103019 2.000000
-0.012576 -0.080639 -0.030443 0.000000
0.064317 -0.016867 -0.003666 0.000000
0.731820 -0.051253 -0.070536 0.000000
0.632808 0.010520 0.087128 0.000000
-0.217721 -0.020305 0.591383 1.000000
-0.280153 0.082877 0.032257 0.000000
0.903409 -0.050667 -0.042368 0.000000
-0.614843 0.045467 0.035378 0.000000
0.039125 -0.059130 -0.112945 1.000000
-0.539121 0.023470 0.019331 2.000000
-0.069032 -0.057569 0.078153 1.000000
-0.095809 -0.029841 0.401943 1.000000
0.455050 0.071683 -0.055513 0.000000
0.292923 0.090779 0.004406 0.000000
0.371670 -0.047912 -0.073243 0.000000
0.073731 -0.038888 0.267740 1.000000
-0.090664 -0.010063 0.524562 1.000000
-0.128976 -0.085517 -0.007617 0.000000
-0.054888 -0.031133 0.402626 1.000000
-0.734609 0.138870 -0.013518 2.000000
0.082291 -0.078518 -0.071779 0.000000
-0.356095 0.079073 -0.030833 0.000000
-0.494004 0.138065 0.032135 2.000000
-0.074910 -0.009892 0.520123 1.000000
0.049002 -0.128390 0.139341 1.000000
0.455342 0.022421 -0.087095 0.000000
-0.009308 -0.036815 0.153583 1.000000
0.251831 0.091315 -0.001886 0.000000
0.726577 -0.000576 -0.089070 0.000000
0.623931 -0.033767 0.079665 0.000000
-0.077373 -0.010331 0.510003 1.000000
0.619859 -0.082932 0.023355 0.000000
0.999885 -0.014867 -0.002959 0.000000
0.400983 0.000838 0.087957 0.000000
-0.330390 -0.072933 -0.042442 0.000000
-0.550997 0.027762 0.044792 2.000000
-0.038499 -0.062325 0.070642 1.000000
0.113945 -0.049082 -0.197032 1.000000
0.651977 -0.075981 0.040182 0.000000
-0.365069 0.036127 0.073642 0.000000
-0.609015 0.023592 -0.099727 2.000000
-0.239304 -0.018135 -0.648952 1.000000
-0.284811 0.065074 0.060229 0.000000
0.218567 -0.045424 -0.255513 1.000000
0.272584 -0.065251 -0.058879 1.000000
0.679681 0.003375 -0.089460 0.000000
-0.430939 0.058051 -0.052172 0.000000
-0.085225 0.071391 0.054327 0.000000
0.184449 -0.053496 0.171800 1.000000
-0.004699 -0.131267 0.166899 3.000000
-0.121611 0.041029 -0.080266 0.000000
0.024176 -0.064422 0.003309 0.000000
0.153672 -0.086980 -0.215079 3.000000
0.070853 -0.028085 0.248474 1.000000
0.029443 0.003472 0.088055 0.000000
-0.605820 0.096266 0.005504 2.000000
-0.005308 -0.045083 -0.200105 1.000000
-0.122782 -0.029231 -0.376961 1.000000
0.427687 -0.034084 -0.081071 0.000000
0.092094 -0.028085 -0.253025 1.000000
0.852098 0.062246 -0.042198 0.000000
-0.086396 0.037249 0.080299 0.000000
-0.097078 -0.014428 0.461155 1.000000
-0.054400 -0.054691 0.068618 1.000000
0.236418 0.040370 -0.080534 0.000000
0.004788 -0.035011 -0.329333 1.000000
-0.311539 -0.021110 0.083616 0.000000
-0.392114 0.072439 0.037914 0.000000
-0.082884 -0.019379 -0.390813 1.000000
0.190180 0.074415 -0.051953 0.000000
0.539503 0.086852 -0.027638 0.000000
-0.071203 -0.035742 0.227184 1.000000
0.226419 -0.019988 0.085226 0.000000
-0.637865 0.041882 0.135390 2.000000
0.638734 -0.086297 -0.001715 0.000000
-0.163362 -0.021330 0.616404 1.000000
0.131455 -0.009209 -0.088168 0.000000
-0.290347 0.053100 0.069691 0.000000
-0.699443 0.156917 -0.013689 2.000000
0.197569 -0.083322 0.206455 3.000000
-0.614307 0.225445 0.004480 2.000000
0.040125 -0.017720 0.276300 1.000000
0.179718 -0.023110 -0.101581 1.000000
0.433467 -0.000478 -0.089314 0.000000
0.155404 -0.027280 0.064009 1.000000
0.284949 0.028250 -0.085558 0.000000
-0.194846 -0.006234 0.683713 1.000000
0.322627 0.080609 -0.042710 0.000000
0.128358 -0.068202 -0.077632 1.000000
0.874242 0.053003 -0.045222 0.000000
0.037125 -0.038401 -0.267682 1.000000
0.529406 -0.084346 0.015064 0.000000
-0.121148 -0.026012 -0.510555 1.000000
-0.002260 -0.036011 0.292151 1.000000
0.201983 -0.048229 -0.184936 1.000000
0.181888 -0.054545 0.221355 3.000000
-0.459228 0.103436 0.030428 2.000000
0.477705 0.087121 0.025453 0.000000
0.057586 -0.041059 0.241402 1.000000
-0.004260 -0.118879 0.129050 3.000000
-0.031037 -0.031548 -0.406177 1.000000
-0.643401 0.038444 0.126928 2.000000
-0.649278 0.035273 -0.138917 2.000000
0.268073 -0.088712 0.232159 3.000000
0.024176 -0.015135 -0.335064 1.000000
0.056708 -0.018086 0.244279 1.000000
-0.162801 0.066830 0.060302 0.000000
-0.566800 0.017129 0.048937 0.000000
0.618981 0.033981 -0.083193 0.000000
-0.233549 -0.029158 -0.083095 0.000000
0.524407 -0.084127 -0.018274 0.000000
-0.483006 0.022689 -0.063390 0.000000
0.735088 -0.142046 0.009186 0.000000
-0.199724 -0.086395 -0.000520 0.000000
-0.185920 -0.044180 0.074568 0.000000
0.053806 -0.034791 -0.349014 1.000000
0.628906 0.069293 -0.058635 0.000000
-0.645205 0.220738 0.002968 2.000000
0.153257 -0.070567 -0.224785 3.000000
0.166231 -0.041083 0.229671 1.000000
-0.044889 -0.035425 0.269862 1.000000
-0.111027 0.052222 -0.073804 0.000000
-0.121587 -0.008868 0.573288 1.000000
0.124627 -0.084736 -0.013591 0.000000
-0.073129 -0.032889 -0.251806 1.000000
0.268073 -0.078079 -0.269072 3.000000
-0.023599 -0.011819 -0.441563 1.000000
-0.169703 -0.023549 0.539877 1.000000
-0.026696 -0.005551 0.087128 0.000000
0.052684 -0.028109 -0.088338 0.000000
0.295338 0.088486 0.021941 0.000000
0.275462 -0.099418 0.219087 3.000000
0.673974 0.088974 0.016673 0.000000
-0.230403 -0.014355 -0.745355 1.000000
-0.626671 0.023494 -0.095655 2.000000
-0.681225 0.003911 0.002626 0.000000
0.722066 0.030688 -0.084193 0.000000
-0.012503 -0.138462 -0.023810 0.000000
0.052709 -0.031865 -0.244807 1.000000
0.523724 -0.078883 0.033135 0.000000
-0.055375 -0.003283 -0.088948 0.000000
-0.220258 -0.076030 0.040012 0.000000
0.821419 0.052564 0.059814 0.000000
-0.566800 0.226884 0.005333 2.000000
-0.046255 -0.032353 -0.372620 1.000000
-0.402382 0.005618 -0.077559 0.000000
-0.120538 -0.077859 -0.037174 0.000000
-0.222623 -0.016062 0.726903 1.000000
0.199691 -0.044693 0.261277 3.000000
0.607275 0.079073 0.044353 0.000000
-0.001431 -0.082225 0.002772 0.000000
0.637198 -0.045107 -0.075389 0.000000
-0.028501 -0.014501 -0.392545 1.000000
0.267463 -0.059398 0.102687 1.000000
-0.014917 -0.132292 -0.140210 3.000000
-0.113758 -0.024183 -0.384814 1.000000
0.001886 -0.031475 -0.415859 1.000000
0.425029 -0.084102 -0.018347 0.000000
-0.654131 0.230298 0.002577 2.000000
-0.513758 0.003155 0.056717 0.000000
-0.511710 0.068830 -0.022249 0.000000
0.016543 0.088803 -0.021054 0.000000
-0.097663 -0.010087 -0.529991 1.000000
-0.095931 0.075659 -0.050319 0.000000
0.397569 0.028591 -0.085412 0.000000
0.286900 -0.065251 -0.223224 3.000000
-0.553753 -0.024695 -0.029858 0.000000
-0.132268 0.034761 0.081348 0.000000
-0.374678 -0.067860 0.038695 0.000000
-0.073081 -0.017647 -0.397812 1.000000
0.608177 -0.080834 -0.029980 0.000000
0.395837 -0.062178 -0.061317 0.000000
-0.481396 0.001838 -0.031565 2.000000
-0.576872 0.128506 0.041573 2.000000
-0.003479 -0.035279 -0.316237 1.000000
0.478876 -0.035889 0.078787 0.000000
0.063293 -0.068373 -0.066317 1.000000
0.839807 -0.075664 0.017454 0.000000
-0.047230 -0.020037 -0.341868 1.000000
0.056074 -0.030182 0.376824 1.000000
-0.417794 0.161965 -0.036125 2.000000
0.177352 -0.018793 -0.166695 1.000000
0.415664 0.060197 0.066130 0.000000
0.728553 -0.022817 -0.085534 0.000000
0.412250 -0.069763 -0.051416 0.000000
-0.640669 0.186157 0.002577 2.000000
-0.406064 0.150113 -0.031492 2.000000
-0.094834 -0.059252 -0.085046 0.000000
0.001179 -0.134169 -0.006592 0.000000
-0.085372 -0.086029 -0.003837 0.000000
-0.504637 0.019446 0.089079 2.000000
0.123115 -0.063641 -0.102629 1.000000
-0.446449 0.160868 -0.022688 2.000000
0.103483 -0.084639 -0.014396 0.000000
-0.567410 0.088828 -0.016225 2.000000
-0.667349 0.048442 0.171118 2.000000
0.268073 -0.077689 -0.220907 3.000000
0.280096 -0.081127 -0.047465 0.000000
0.054757 -0.050716 -0.251684 1.000000
0.770743 -0.023256 -0.083193 0.000000
-0.649473 0.060221 -0.235076 2.000000
-0.592090 0.040809 -0.042100 0.000000
-0.237426 0.039004 -0.081120 0.000000
-0.613502 0.140602 0.013137 2.000000
-0.274714 -0.014745 -0.732259 1.000000
-0.082909 0.046077 0.076641 0.000000
-0.020404 -0.030304 0.437499 1.000000
0.198667 -0.020086 -0.137796 1.000000
-0.546705 0.015129 -0.053855 0.000000
-0.429110 0.103119 -0.000788 2.000000
0.215274 -0.052716 0.162582 1.000000
0.116433 -0.068738 -0.073438 1.000000
0.189960 -0.067617 -0.254806 1.000000
-0.445132 0.048369 0.056107 0.000000
0.259318 -0.045961 -0.267487 3.000000
-0.573385 0.032591 -0.138649 2.000000
0.041564 -0.021671 -0.220322 1.000000
0.073243 -0.055252 0.250522 1.000000
0.039589 -0.147290 -0.167646 3.000000
0.179327 -0.069299 0.076032 1.000000
0.075511 -0.045741 0.057351 1.000000
0.171158 -0.059715 0.241402 1.000000
0.585326 -0.052204 0.068398 0.000000
-0.221111 -0.019769 0.610210 1.000000
0.635466 0.089706 -0.014226 0.000000
-0.591163 0.056783 -0.006080 2.000000
-0.312685 -0.083151 0.021282 0.000000
0.227126 -0.054204 -0.150697 1.000000
0.003837 -0.114952 -0.014982 0.000000
0.133943 -0.015647 -0.261561 1.000000
-0.142877 -0.021525 -0.617322 1.000000
-0.058131 -0.080786 -0.065536 0.000000
0.522919 0.083682 -0.035296 0.000000
0.579181 -0.074811 0.042987 0.000000
0.193789 -0.025305 -0.063244 1.000000
0.726065 0.066465 -0.061537 0.000000
0.046076 0.089218 -0.017835 0.000000
0.306556 0.020616 0.085811 0.000000
0.881753 0.042346 -0.053001 0.000000
-0.258326 -0.015842 0.712490 1.000000
0.201812 -0.043912 -0.193033 1.000000
-0.502125 0.035151 0.059936 2.000000
-0.566191 0.155551 0.021331 2.000000
-0.371093 -0.006965 0.079714 0.000000
0.050026 -0.063544 -0.087899 0.000000
-0.570093 0.051588 0.149169 2.000000
0.637954 0.089120 0.017088 0.000000
-0.476153 -0.040157 0.039475 0.000000
-0.629695 0.247637 0.003845 2.000000
-0.002797 -0.044644 0.077958 1.000000
0.689216 0.062563 0.064033 0.000000
0.611250 -0.086005 -0.004056 0.000000
-0.154119 -0.016769 -0.503848 1.000000
0.883095 -0.035645 0.059058 0.000000
-0.003870 0.066513 0.060717 0.000000
0.020810 -0.082029 -0.059488 0.000000
0.282120 -0.051472 0.247889 3.000000
0.642710 0.087608 -0.025736 0.000000
0.000691 -0.023037 -0.246295 1.000000
-0.544681 0.100972 0.031769 2.000000
-0.137853 -0.029646 -0.481851 1.000000
-0.131244 -0.025597 0.513149 1.000000
0.030126 0.088608 -0.022590 0.000000
-0.476958 0.071561 0.020965 0.000000
0.674730 -0.079591 -0.032955 0.000000
0.005178 -0.047692 -0.184473 1.000000
0.396276 0.081194 0.039768 0.000000
0.286997 -0.069958 -0.065487 1.000000
0.732845 -0.143046 -0.018640 0.000000
-0.528683 0.161014 0.016307 2.000000
-0.393041 0.139309 -0.034077 2.000000
0.104702 -0.017135 -0.224395 1.000000
0.340844 -0.005527 0.087128 0.000000
0.111872 -0.028792 0.254693 1.000000
0.739356 -0.016403 0.085177 0.000000
-0.022233 -0.016208 -0.087241 0.000000
0.216737 -0.078054 0.036451 0.000000
-0.197187 -0.053618 0.067301 0.000000
0.793301 0.075805 0.039061 0.000000
0.059830 -0.022573 0.195822 1.000000
-0.073544 0.078731 0.044792 0.000000
-0.058716 -0.037962 -0.091436 0.000000
0.012543 -0.049107 0.175215 1.000000
0.178986 -0.038303 0.222526 1.000000
0.082071 -0.033743 0.337292 1.000000
-0.094468 -0.010843 -0.512676 1.000000
-0.120709 -0.065690 0.068179 0.000000
-0.041255 -0.067495 0.083494 0.000000
0.221956 0.055954 -0.070926 0.000000
-0.743388 0.347357 -0.000569 2.000000
0.165256 -0.081273 0.063619 0.000000
-0.118197 -0.027963 0.356924 1.000000
-0.594724 0.271025 0.003016 2.000000
-0.482567 -0.050399 -0.018420 0.000000
0.174743 -0.019842 -0.150916 1.000000
-0.663618 0.055490 0.211820 2.000000
-0.212941 -0.018940 -0.656756 1.000000
-0.113783 0.071025 -0.056342 0.000000
-0.075690 -0.022134 0.352803 1.000000
-0.040694 -0.051667 -0.137113 1.000000
0.579181 -0.084663 0.012576 0.000000
-0.294248 -0.004137 0.758094 1.000000
-0.480274 0.175256 -0.006836 2.000000
0.390740 -0.075542 0.041231 0.000000
-0.707320 0.065440 -0.249806 2.000000
-0.050230 -0.037011 -0.247172 1.000000
0.319164 -0.037815 0.085274 0.000000
0.619200 0.049589 -0.075803 0.000000
0.831759 0.075805 0.020673 0.000000
0.288704 0.020958 -0.087290 0.000000
0.581595 0.091364 -0.001544 0.000000
-0.240694 -0.007356 -0.751135 1.000000
-0.373141 0.047345 0.066838 0.000000
0.608445 -0.083615 -0.022127 0.000000
0.138479 -0.053082 -0.173621 1.000000
0.179254 -0.045107 0.252230 3.000000
-0.242450 -0.014843 -0.637515 1.000000
0.109921 -0.095784 0.248084 3.000000
-0.310807 0.047442 -0.074438 0.000000
0.575693 -0.079152 0.032500 0.000000
0.003227 -0.015160 0.351339 1.000000
-0.245084 -0.012599 0.657253 1.000000
-0.091395 -0.016281 -0.434271 1.000000
0.091168 -0.070567 -0.082656 0.000000
-0.088518 -0.030646 -0.295264 1.000000
-0.211112 0.019958 0.085884 0.000000
-0.592675 0.050930 0.150559 2.000000
0.027809 -0.131316 -0.155306 3.000000
0.837442 -0.071445 0.029745 0.000000
0.201252 -0.068104 -0.287704 3.000000
0.100849 -0.017330 0.317417 1.000000
0.001447 -0.142461 -0.023858 0.000000
-0.560972 0.007179 0.038841 2.000000
-0.094566 -0.024524 0.555485 1.000000
0.058513 -0.017769 -0.250172 1.000000
0.105580 -0.027817 0.107321 1.000000
-0.455570 0.014032 -0.023785 2.000000
0.136796 -0.027573 0.074983 1.000000
0.185693 -0.116879 -0.227102 3.000000
-0.281348 -0.082200 -0.026565 0.000000
0.297264 -0.049960 0.079178 1.000000
-0.101931 -0.076494 -0.054269 0.000000
0.838466 -0.016842 -0.076535 0.000000
-0.209088 -0.019208 0.554217 1.000000
0.032906 -0.045912 -0.204885 1.000000
0.604251 0.085072 0.030403 0.000000
-0.601698 0.063636 -0.005032 2.000000
-0.637840 0.280706 0.003187 2.000000
0.808835 0.044857 -0.069975 0.000000
0.229175 -0.123561 0.232159 3.000000
0.790911 0.083853 -0.019786 0.000000
-0.128635 0.072903 0.052352 0.000000
0.844392 -0.075542 -0.015616 0.000000
-0.659130 0.135090 -0.041393 2.000000
0.354257 0.079634 -0.045051 0.000000
0.741283 -0.030743 0.080348 0.000000
-0.604308 0.017592 -0.076584 2.000000
0.013470 -0.096174 0.004528 0.000000
0.357549 -0.018988 -0.086875 0.000000
-0.743608 0.108411 -0.016225 2.000000
-0.576897 -0.017428 -0.029980 0.000000
0.008861 0.030347 0.083153 0.000000
-0.683713 0.063050 -0.233272 2.000000
0.153257 -0.060227 0.230403 3.000000
-0.220282 -0.015160 -0.604031 1.000000
-0.563435 0.039882 0.096176 2.000000
-0.011503 -0.021330 0.284396 1.000000
-0.657984 0.071074 -0.260244 2.000000
0.010324 -0.051204 0.159192 1.000000
0.011031 -0.071836 0.161216 1.000000
0.061878 -0.134877 -0.165134 3.000000
0.047246 -0.014891 0.320636 1.000000
0.289338 -0.066373 0.069667 1.000000
0.015470 -0.141803 0.127635 3.000000
0.270365 -0.079639 0.031354 0.000000
-0.253424 -0.062812 -0.060488 0.000000
-0.597967 0.110849 0.026940 2.000000
0.063561 -0.082225 -0.052855 0.000000
-0.764435 0.176646 -0.001203 2.000000
-0.231354 -0.016111 -0.726089 1.000000
0.183790 0.037761 0.080080 0.000000
-0.334878 -0.080859 -0.019981 0.000000
-0.243474 -0.016891 0.692834 1.000000
-0.383750 0.081292 -0.016689 0.000000
0.240735 -0.056959 -0.090631 0.000000
-0.165655 -0.013794 0.547413 1.000000
-0.204967 -0.079030 0.032817 0.000000
-0.639938 0.319750 -0.002959 2.000000
0.016055 -0.073396 -0.004641 0.000000
-0.308271 -0.071640 0.046986 0.000000
-0.483811 0.148723 -0.030663 2.000000
0.042978 -0.035474 -0.107897 1.000000
0.073779 -0.039742 -0.260342 1.000000
-0.464545 0.092949 -0.016737 2.000000
0.096143 -0.075420 -0.245660 3.000000
-0.047937 0.052905 -0.073267 0.000000
0.020957 -0.017574 -0.298630 1.000000
-0.013746 0.029128 -0.085192 0.000000
0.581498 0.089974 -0.012201 0.000000
-0.677397 0.295680 -0.003471 2.000000
0.645051 0.067635 -0.060708 0.000000
0.915481 0.006838 0.057644 0.000000
-0.187969 -0.021769 -0.585424 1.000000
0.033589 -0.085980 -0.155696 1.000000
-0.614819 0.137334 0.040597 2.000000
0.025956 -0.039474 -0.252221 1.000000
-0.644718 0.046565 0.179873 2.000000
-0.593285 0.004301 -0.024663 2.000000
0.010153 -0.058788 -0.104946 1.000000
-0.341487 0.083755 0.019600 0.000000
-0.232110 -0.017062 -0.699727 1.000000
-0.003455 -0.037962 0.257644 1.000000
0.262927 -0.054082 0.212088 3.000000
-0.008820 -0.011672 0.448815 1.000000
0.614762 0.086803 0.026209 0.000000
-0.591407 0.186133 0.005479 2.000000
0.253245 -0.081932 0.049181 0.000000
-0.454278 0.155380 -0.039320 2.000000
0.498239 0.077439 0.046474 0.000000
-0.004796 -0.019891 0.293859 1.000000
-0.061570 -0.037157 0.237768 1.000000
0.379766 -0.079932 -0.032126 0.000000
0.458293 -0.077567 0.036305 0.000000
-0.180189 0.028469 -0.085461 0.000000
-0.128513 -0.025183 0.528903 1.000000
-0.426891 0.122360 -0.041954 2.000000
0.805080 0.083145 0.004992 0.000000
0.112531 -0.045522 0.217965 1.000000
0.372596 -0.086322 -0.001544 0.000000
-0.448815 0.025250 0.028672 2.000000
-0.217868 0.089437 0.014722 0.000000
0.046978 0.056344 -0.070633 0.000000
0.129041 -0.055350 0.156729 1.000000
-0.039085 -0.053740 0.120392 1.000000
0.364549 -0.034694 0.079275 0.000000
-0.049693 0.003984 0.087981 0.000000
0.491289 -0.010794 0.086421 0.000000
0.221176 0.044540 -0.078827 0.000000
-0.112881 -0.023549 0.387408 1.000000
-0.620379 0.184035 0.003919 2.000000
-0.185408 -0.012209 0.586896 1.000000
-0.040670 -0.025158 0.500784 1.000000
-0.254083 -0.016135 -0.643563 1.000000
-0.638889 0.263172 -0.004983 2.000000
0.198423 -0.095662 -0.209714 3.000000
0.038930 -0.067056 -0.067926 1.000000
0.041149 -0.148558 0.134000 3.000000
-0.190944 -0.010843 0.608039 1.000000
-0.635109 0.062953 -0.245148 2.000000
0.051002 -0.039132 0.057351 1.000000
0.008641 -0.132828 0.136512 1.000000
-0.103394 -0.025963 0.353729 1.000000
-0.476665 0.131115 -0.033784 2.000000
0.573816 -0.044010 -0.076218 0.000000
-0.031403 0.089462 -0.016030 0.000000
0.031687 -0.123488 0.149949 1.000000
0.068048 -0.045156 0.251327 1.000000
-0.000455 -0.078006 0.177678 1.000000
-0.158680 -0.020988 -0.627638 1.000000
0.741649 0.049662 -0.074535 0.000000
-0.025160 -0.019476 -0.322846 1.000000
0.442173 0.064367 -0.064463 0.000000
-0.310929 0.034542 0.765679 1.000000
0.941063 -0.043473 0.032257 0.000000
0.253074 -0.063129 0.086543 0.000000
0.776108 0.077171 0.039500 0.000000
0.258854 -0.075396 0.075398 0.000000
0.236150 0.074805 0.049913 0.000000
-0.188140 -0.072640 0.046157 0.000000
-0.264374 0.061075 0.064911 0.000000
0.055806 -0.125658 -0.138747 3.000000
0.151502 -0.063812 -0.105970 1.000000
0.193716 -0.034572 0.057351 1.000000
0.117750 -0.028085 0.247962 1.000000
-0.628476 0.164306 -0.019322 2.000000
-0.362338 -0.077396 0.019819 0.000000
-0.629476 0.268245 -0.005105 2.000000
0.364963 -0.056764 0.064887 0.000000
-0.033939 -0.049911 0.151803 1.000000
-0.597041 0.060246 0.196017 2.000000
-0.009625 0.038053 -0.081510 0.000000
-0.734975 0.160453 0.001480 2.000000
-0.564118 0.098802 0.008869 2.000000
-0.370410 -0.046863 -0.065000 0.000000
-0.558240 0.040541 -0.164280 2.000000
0.002934 -0.035889 0.300931 1.000000
0.247831 -0.023061 0.118514 1.000000
0.004715 -0.140925 -0.138161 3.000000
0.225761 -0.068860 0.082421 0.000000
0.234784 0.066318 -0.062488 0.000000
-0.152949 -0.008575 -0.647977 1.000000
-0.007918 -0.134023 0.152925 3.000000
-0.346827 0.085560 0.003236 0.000000
-0.524269 0.038492 -0.052538 0.000000
0.333406 -0.033060 -0.081486 0.000000
0.021810 -0.075884 0.163289 1.000000
-0.559411 0.046833 -0.129650 2.000000
0.603544 0.052808 -0.073340 0.000000
0.785668 0.034517 0.077178 0.000000
0.545087 0.011935 -0.088485 0.000000
-0.571141 0.159331 -0.029687 2.000000
0.138308 -0.020988 -0.153745 1.000000
0.689533 0.088681 0.018161 0.000000
-0.499979 0.157380 0.022697 2.000000
0.495142 -0.018427 0.085421 0.000000
-0.487956 0.073439 -0.012957 0.000000
0.144844 -0.044254 -0.228614 1.000000
0.022274 -0.057252 0.159265 1.000000
-0.050303 -0.021134 0.332098 1.000000
-0.132439 0.053710 0.071105 0.000000
0.026980 -0.112465 0.159656 1.000000
0.052587 -0.016477 -0.286582 1.000000
-0.401308 0.098656 0.015259 2.000000
0.956549 0.021543 0.020673 0.000000
-0.679616 0.310825 0.001773 2.000000
-0.676177 0.209227 0.000358 2.000000
-0.005455 -0.087736 -0.002666 0.000000
0.162159 0.090779 0.004480 0.000000
-0.474104 0.094534 0.020575 2.000000
0.174767 -0.119244 0.262228 3.000000
-0.605991 0.018495 -0.048026 2.000000
0.774986 0.031444 -0.080803 0.000000
-0.283152 -0.014672 -0.696190 1.000000
-0.009162 -0.047546 0.057400 1.000000
-0.059985 -0.013014 -0.445392 1.000000
-0.155705 -0.026548 0.426818 1.000000
-0.139365 -0.027085 -0.443904 1.000000
0.242881 -0.091101 0.289883 3.000000
-0.549217 0.059587 0.007918 2.000000
0.307702 -0.009038 0.086665 0.000000
0.114238 -0.067397 -0.258659 3.000000
-0.022648 0.058173 -0.069219 0.000000
0.107995 -0.022525 0.156924 1.000000
0.256928 0.019153 -0.087534 0.000000
0.050051 -0.138827 0.156680 3.000000
-0.548656 0.138358 -0.033321 2.000000
0.080925 -0.047619 -0.253318 1.000000
-0.084786 -0.029451 -0.431443 1.000000
-0.451595 0.168257 -0.007348 2.000000
-0.042060 0.016861 0.086299 0.000000
-0.234963 -0.060276 0.062204 0.000000
-0.386627 0.165062 0.029086 2.000000
0.673657 -0.058593 -0.064975 0.000000
-0.050205 -0.052692 0.102663 1.000000
-0.459740 0.030542 0.063302 0.000000
-0.005162 -0.057350 -0.109604 1.000000
0.718920 -0.030158 0.081007 0.000000
-0.643230 0.020836 0.074056 2.000000
-0.601650 0.132139 0.032305 2.000000
-0.091371 -0.032060 -0.287460 1.000000
0.209421 -0.039888 0.090493 0.000000
0.507238 0.021641 -0.087192 0.000000
-0.055083 0.035298 0.081104 0.000000
0.777205 0.080195 -0.033467 0.000000
0.277559 -0.031328 -0.058879 1.000000
0.208812 -0.042034 0.243426 3.000000
0.794666 -0.081469 -0.016542 0.000000
-0.230159 -0.005356 0.743169 1.000000
0.244222 -0.062934 -0.113604 1.000000
0.152233 -0.052350 -0.179303 1.000000
-0.534682 0.080365 0.008894 2.000000
-0.570946 0.200814 -0.007495 2.000000
0.261512 -0.005210 -0.088704 0.000000
-0.200894 0.084657 -0.032931 0.000000
-0.000285 -0.151118 0.014527 0.000000
-0.654619 0.061563 0.213283 2.000000
-0.016770 -0.004356 -0.088802 0.000000
-0.393090 0.111118 0.030574 2.000000
0.820029 0.040565 0.069252 0.000000
-0.683835 0.070464 0.256058 2.000000
-0.524464 0.046979 0.046377 0.000000
-0.203065 -0.016818 -0.708555 1.000000
0.237393 -0.049107 -0.149428 1.000000
