-0.479103 -0.049985 -0.002036 0.000000
0.420913 0.009045 0.076232 0.000000
0.987168 -0.020537 -0.025761 0.000000
0.054722 0.005633 -0.531643 1.000000
0.497731 -0.075591 0.008362 0.000000
0.279585 -0.067638 -0.060663 0.000000
-0.074543 0.012269 -0.082669 0.000000
-0.024380 -0.043295 -0.214056 1.000000
-0.421255 -0.055359 -0.028636 0.000000
-0.078063 -0.000171 -0.611281 1.000000
0.922361 -0.019328 -0.053355 0.000000
0.116707 -0.069868 -0.044596 0.000000
0.039702 -0.047702 -0.232166 1.000000
-0.766275 0.250137 0.002773 2.000000
0.914247 -0.055735 -0.027857 0.000000
0.053217 -0.011644 0.555030 1.000000
-0.033945 -0.054983 -0.090353 0.000000
0.333671 -0.065730 0.050062 0.000000
0.056172 -0.112374 0.134241 1.000000
0.220286 -0.059658 -0.338699 3.000000
-0.469968 0.098275 0.010914 0.000000
0.061331 -0.032843 0.347766 1.000000
0.199946 -0.083410 0.530445 3.000000
-0.626665 0.049213 -0.014369 2.000000
0.036585 -0.119709 -0.111284 3.000000
0.308656 0.070359 0.060353 0.000000
-0.196876 0.024441 0.797411 1.000000
-0.162350 0.026160 -0.716203 1.000000
0.043974 -0.037975 0.183330 1.000000
-0.135481 0.066812 0.063442 0.000000
0.890630 0.053217 -0.039572 0.000000
0.909679 -0.003207 0.053635 0.000000
-0.153080 0.007057 0.598906 1.000000
-0.220789 0.087313 -0.043871 0.000000
0.042228 -0.048723 0.082680 1.000000
-0.027604 0.007540 -0.082051 0.000000
0.380046 0.050127 0.072094 0.000000
-0.047836 0.003510 0.497424 1.000000
0.670200 -0.053989 -0.055666 0.000000
-0.864855 0.081859 -0.243423 2.000000
-0.129919 -0.011778 -0.477771 1.000000
-0.193920 0.001360 -0.615983 1.000000
-0.107833 -0.005464 0.491727 1.000000
0.684897 0.089409 0.033377 0.000000
-0.738707 0.093385 -0.021838 0.000000
0.430882 -0.015432 0.068547 0.000000
0.762064 -0.019731 0.063657 0.000000
0.047198 -0.044612 -0.554562 3.000000
-0.075887 -0.037357 0.303379 1.000000
0.028552 0.007218 0.460963 1.000000
0.554558 -0.075242 -0.016142 0.000000
-0.490657 0.055017 -0.073910 0.000000
-0.272269 0.039782 0.887340 1.000000
-0.050738 -0.051705 0.164764 1.000000
-0.130994 0.016864 0.740342 1.000000
-0.325012 -0.069358 0.010296 0.000000
0.122645 -0.063527 0.092004 1.000000
0.087850 -0.067477 0.052158 0.000000
0.033065 0.101016 -0.001660 0.000000
0.137611 -0.011993 0.274791 1.000000
-0.505596 0.062809 0.062959 0.000000
0.321607 -0.040259 -0.330075 1.000000
0.701475 -0.052242 -0.056902 0.000000
0.140352 -0.009306 -0.332170 1.000000
-0.315178 0.098087 -0.017808 0.000000
0.329318 0.033683 -0.083636 0.000000
0.151233 -0.039480 0.529343 3.000000
0.829208 -0.039856 0.052480 0.000000
0.220635 -0.047272 0.239593 1.000000
0.046527 0.096583 0.016530 0.000000
0.210129 -0.028222 0.540333 3.000000
0.266123 -0.086822 0.285243 3.000000
-0.062452 -0.062963 0.078140 0.000000
0.110689 -0.039453 -0.303018 1.000000
0.046070 -0.041710 -0.156611 1.000000
-0.095313 -0.006512 0.552182 1.000000
-0.062399 0.000850 0.614302 1.000000
0.271900 -0.076800 -0.006631 0.000000
0.004853 -0.001165 0.432832 1.000000
-0.017985 -0.050953 0.195958 1.000000
0.604882 0.012027 0.076635 0.000000
-0.150501 0.013505 -0.717627 1.000000
0.066463 -0.022176 0.266891 1.000000
-0.122584 0.006197 0.566503 1.000000
0.199328 -0.004685 0.279654 1.000000
-0.158776 -0.033569 0.066317 0.000000
0.250647 -0.056971 -0.166230 1.000000
-0.189621 0.088979 0.034720 0.000000
0.009206 -0.110359 0.150631 3.000000
0.049160 0.002301 0.533454 1.000000
0.222059 -0.065059 0.524991 3.000000
0.331495 -0.074087 0.321730 1.000000
-0.841721 0.060767 -0.087559 2.000000
-0.216355 0.095454 0.020077 0.000000
0.569040 -0.000252 0.074459 0.000000
0.871016 0.074147 0.004036 0.000000
0.216605 -0.062667 -0.115905 1.000000
-0.154020 0.014660 0.720648 1.000000
-0.306876 0.097066 0.015052 0.000000
0.248981 -0.064065 0.099661 1.000000
-0.148808 -0.009253 -0.532798 1.000000
-0.008285 -0.023144 0.422622 1.000000
0.465112 0.059101 0.068010 0.000000
-0.231348 0.012403 0.697138 1.000000
0.180144 -0.011214 0.343735 1.000000
-0.456480 -0.053371 -0.005610 0.000000
0.200215 0.033119 0.077763 0.000000
-0.033891 -0.014062 0.385247 1.000000
0.069929 -0.009951 0.495328 1.000000
-0.132203 0.088388 0.035848 0.000000
-0.001998 -0.063259 -0.080466 0.000000
0.067699 -0.044155 -0.080331 0.000000
0.967366 -0.021424 -0.035219 0.000000
-0.826568 0.338319 0.000973 2.000000
0.163647 0.095696 -0.025358 0.000000
-0.101573 0.009690 0.571366 1.000000
0.999985 -0.005518 -0.000344 0.000000
0.162868 -0.001810 0.315577 1.000000
-0.086312 -0.065112 -0.062329 0.000000
-0.125862 0.018556 -0.760455 1.000000
0.133688 -0.001676 -0.324459 1.000000
-0.152059 0.017911 -0.753443 1.000000
-0.073522 0.031534 -0.677485 1.000000
0.103972 -0.043618 0.530364 3.000000
-0.117130 0.030889 0.700228 1.000000
-0.349113 -0.066510 -0.020334 0.000000
0.272626 0.098356 -0.016545 0.000000
0.246402 -0.058153 0.149906 1.000000
0.221925 -0.028517 -0.290067 1.000000
-0.843307 0.083793 -0.258094 2.000000
-0.828825 0.091316 -0.295468 2.000000
-0.222992 -0.047836 0.058122 0.000000
-0.848143 0.066087 0.116078 2.000000
0.256961 -0.066536 -0.066870 0.000000
0.080032 0.024870 -0.084147 0.000000
0.050718 -0.067557 -0.057681 0.000000
0.220017 -0.057321 -0.600426 3.000000
0.041260 -0.037572 -0.314330 1.000000
0.248901 0.095293 -0.026594 0.000000
0.491470 -0.069949 -0.032586 0.000000
-0.089428 0.036290 0.718337 1.000000
0.368681 -0.088784 -0.292485 3.000000
0.295303 -0.055440 0.326002 1.000000
-0.001998 0.019013 0.604092 1.000000
-0.907523 0.092364 -0.317930 2.000000
-0.007614 -0.050711 -0.136298 1.000000
0.021808 -0.019033 -0.561037 1.000000
0.383835 -0.074731 0.012365 0.000000
0.052814 -0.071131 0.031469 0.000000
0.296592 -0.050496 -0.170690 1.000000
0.775820 -0.069492 -0.030383 0.000000
-0.115142 0.034973 -0.774481 1.000000
0.101150 0.007218 0.410316 1.000000
0.625383 0.063588 -0.071465 0.000000
-0.115679 -0.065086 -0.061819 0.000000
0.092794 -0.063312 0.074593 1.000000
-0.031177 -0.030613 0.288547 1.000000
-0.870659 0.060391 0.021205 0.000000
0.184121 -0.008447 0.334305 1.000000
0.853632 -0.031876 -0.059454 0.000000
0.250137 -0.067772 -0.058648 0.000000
-0.618954 0.057462 0.038105 2.000000
0.426153 0.087716 -0.043118 0.000000
0.120093 -0.050496 0.207807 1.000000
0.025112 -0.044719 0.562929 1.000000
0.960327 -0.045875 -0.025519 0.000000
-0.842044 0.076270 0.173684 2.000000
0.539887 -0.054607 0.049336 0.000000
0.217787 -0.061888 0.335460 3.000000
0.516565 0.074980 -0.061926 0.000000
0.791888 -0.023332 -0.067407 0.000000
0.564069 -0.068149 -0.036159 0.000000
0.865131 -0.057347 0.031469 0.000000
-0.855586 0.076780 0.183196 2.000000
0.164829 -0.075726 -0.013536 0.000000
0.405652 0.057220 -0.074877 0.000000
-0.086983 -0.000467 0.501884 1.000000
0.306937 0.072374 -0.064586 0.000000
0.389934 -0.068471 -0.296704 3.000000
-0.106463 0.003349 0.075480 0.000000
-0.727154 0.170847 -0.010527 2.000000
0.544965 -0.048642 0.054818 0.000000
-0.241639 0.094648 -0.028636 0.000000
0.149514 0.000124 -0.341870 1.000000
-0.693917 0.226143 -0.003890 2.000000
-0.093593 0.005391 -0.655534 1.000000
-0.177880 0.008615 0.627414 1.000000
-0.459946 -0.002697 -0.079794 0.000000
0.380127 -0.054956 0.048933 0.000000
0.146773 -0.015325 -0.255273 1.000000
-0.174306 0.024011 0.707670 1.000000
-0.178095 0.031991 0.078059 0.000000
0.506543 -0.064978 -0.041479 0.000000
0.665659 0.041717 -0.080869 0.000000
-0.458791 -0.050765 -0.024848 0.000000
-0.593456 -0.015997 0.055301 0.000000
0.063158 -0.131155 0.121908 3.000000
-0.100364 -0.036256 0.311063 1.000000
-0.113529 0.097227 -0.020576 0.000000
0.404604 -0.050174 -0.323116 3.000000
0.059209 -0.072045 -0.540617 3.000000
-0.138275 -0.005679 -0.519874 1.000000
0.410676 0.101070 -0.001929 0.000000
0.800190 -0.056810 0.041571 0.000000
0.125090 0.095535 0.019862 0.000000
0.198468 -0.064011 -0.084281 1.000000
-0.409111 -0.021263 -0.073104 0.000000
0.102413 0.095159 -0.027051 0.000000
-0.722264 0.067726 -0.077671 2.000000
0.087716 -0.011886 0.310257 1.000000
-0.851099 0.087662 -0.249335 2.000000
-0.791477 0.087609 -0.222063 2.000000
0.259326 0.039514 -0.082078 0.000000
0.228776 -0.059201 -0.311105 3.000000
0.310242 -0.058449 -0.137427 1.000000
-0.611538 0.061815 -0.035864 2.000000
0.301966 -0.018119 -0.093658 1.000000
0.218727 0.050369 -0.077994 0.000000
-0.203217 -0.072045 0.022387 0.000000
-0.775679 0.063803 0.109656 2.000000
0.382599 -0.029915 0.077602 0.000000
-0.439821 0.023393 -0.084066 0.000000
0.834394 -0.083759 0.013145 0.000000
-0.134353 0.004101 -0.641911 1.000000
-0.709609 0.064770 -0.124584 2.000000
-0.756360 0.097066 -0.012596 0.000000
0.208329 -0.041925 -0.533067 3.000000
0.585644 0.065469 0.064275 0.000000
0.487709 -0.038647 0.061374 0.000000
0.101204 -0.022203 -0.248125 1.000000
-0.044182 -0.023977 0.561210 1.000000
-0.263725 0.033630 0.862997 1.000000
0.215100 0.026859 -0.084147 0.000000
-0.796421 0.066490 0.128357 2.000000
0.292804 -0.062318 0.316921 1.000000
-0.727691 0.004182 0.021124 0.000000
0.400278 -0.075887 -0.327979 3.000000
0.079844 -0.033703 -0.560822 3.000000
-0.791612 0.017401 0.013870 0.000000
-0.319396 0.030674 0.078140 0.000000
0.519387 -0.046654 0.056242 0.000000
-0.801741 0.189172 -0.010124 2.000000
0.246294 -0.116700 -0.321745 3.000000
-0.739513 0.082880 0.169493 2.000000
-0.811602 0.035510 0.030206 0.000000
0.325046 -0.068095 -0.050883 0.000000
0.588090 0.005767 0.075829 0.000000
-0.167777 -0.026932 -0.072862 0.000000
-0.038620 0.025838 -0.620416 1.000000
-0.080239 0.004531 0.643212 1.000000
-0.821167 0.178156 -0.007974 2.000000
-0.372919 0.081644 0.047053 0.000000
0.090349 -0.013310 -0.306162 1.000000
0.214643 -0.024218 0.566879 3.000000
0.230334 -0.035181 -0.322847 1.000000
0.204809 -0.098268 0.341532 3.000000
-0.706089 0.057005 0.062421 2.000000
0.360190 0.076431 0.054415 0.000000
-0.044343 -0.063500 0.072927 0.000000
-0.004577 -0.017797 0.466229 1.000000
0.261932 -0.054714 0.300101 3.000000
0.232054 -0.065274 0.526764 3.000000
-0.140156 0.015681 -0.736139 1.000000
0.135166 -0.041871 0.278579 1.000000
0.623019 -0.071427 0.023596 0.000000
-0.422249 0.010496 0.076420 0.000000
-0.464944 0.093842 -0.031108 0.000000
-0.099531 0.078581 -0.057869 0.000000
0.141668 -0.024380 0.568088 3.000000
-0.683896 0.181810 0.000866 2.000000
0.732051 -0.044209 -0.061819 0.000000
0.090054 -0.042462 0.102294 1.000000
-0.844301 0.092096 0.265682 2.000000
-0.271221 -0.075081 0.003552 0.000000
-0.805825 0.172379 -0.009506 2.000000
0.985637 -0.032548 0.014998 0.000000
-0.117049 0.044377 0.074459 0.000000
0.419785 -0.075027 -0.017056 0.000000
0.755884 0.094890 0.008604 0.000000
-0.013363 -0.034160 0.332773 1.000000
0.833131 -0.053237 0.041249 0.000000
0.799760 -0.074248 -0.010177 0.000000
-0.111219 0.075464 -0.061416 0.000000
0.390820 -0.110682 0.315738 3.000000
-0.528434 -0.020994 -0.067434 0.000000
-0.586900 -0.007103 -0.066978 0.000000
0.143388 -0.035718 -0.570199 1.000000
0.499880 0.020061 -0.083663 0.000000
0.216551 -0.049153 -0.332170 1.000000
-0.778392 0.053351 -0.040002 2.000000
-0.753619 0.074040 0.184378 2.000000
0.208168 -0.024944 0.304373 1.000000
0.095777 -0.139082 -0.158008 3.000000
-0.459677 0.059182 -0.073990 0.000000
0.294067 0.073288 -0.063673 0.000000
-0.668957 -0.010892 -0.010527 0.000000
-0.808807 0.062218 0.097189 2.000000
0.009045 -0.146954 0.114143 3.000000
0.341947 -0.061915 -0.073883 0.000000
0.346837 0.006009 -0.081863 0.000000
0.078849 -0.044397 0.074781 1.000000
0.002220 0.018637 -0.550692 1.000000
-0.369372 -0.039319 -0.064210 0.000000
-0.251983 -0.073200 0.019109 0.000000
0.194599 -0.102003 0.306012 3.000000
0.868597 -0.040850 -0.053570 0.000000
-0.700635 0.076351 -0.119049 2.000000
-0.003395 -0.075887 -0.012381 0.000000
-0.326812 0.049321 0.072470 0.000000
0.906643 -0.021263 0.049766 0.000000
-0.011671 -0.031634 -0.359361 1.000000
-0.099692 -0.062372 -0.092933 0.000000
0.399929 -0.087575 0.300853 3.000000
0.031238 -0.024836 0.411095 1.000000
0.169020 -0.019866 -0.213277 1.000000
0.060606 -0.031339 0.555030 1.000000
-0.067074 -0.018307 0.458142 1.000000
0.054238 0.016058 -0.563294 1.000000
0.122323 0.003564 -0.423604 1.000000
0.111710 -0.082362 0.589153 3.000000
-0.624086 0.074067 0.046945 0.000000
-0.014976 -0.060545 -0.120930 1.000000
-0.608046 0.101338 -0.012649 2.000000
0.286114 -0.033381 -0.199601 1.000000
0.157736 -0.024729 -0.185817 1.000000
-0.164983 -0.009441 -0.517886 1.000000
0.141749 -0.069573 -0.046289 0.000000
-0.919748 0.088603 -0.290336 2.000000
-0.153591 0.032340 0.738999 1.000000
-0.806765 0.058376 0.069488 2.000000
0.322950 -0.067611 0.055140 0.000000
0.169934 -0.055682 -0.172625 1.000000
0.080005 -0.033622 -0.325776 1.000000
-0.269770 0.098410 0.010377 0.000000
0.273244 -0.057455 0.157321 1.000000
0.311800 -0.110628 0.346610 3.000000
-0.824714 0.087098 0.228577 2.000000
-0.272430 0.030916 0.844539 1.000000
0.919513 0.038439 -0.012891 0.000000
0.040830 -0.130269 -0.141323 3.000000
0.171492 -0.004282 -0.301406 1.000000
0.114504 0.000178 0.437184 1.000000
-0.061996 0.005310 -0.656420 1.000000
0.338695 -0.115115 -0.344019 3.000000
0.494882 0.007245 0.076017 0.000000
-0.099585 -0.003180 -0.584869 1.000000
0.659372 0.088576 -0.041372 0.000000
0.612567 0.018664 -0.083475 0.000000
-0.010623 -0.038351 -0.233751 1.000000
0.044726 -0.016615 0.478508 1.000000
0.281170 -0.057401 -0.164161 1.000000
0.657518 0.071084 0.059573 0.000000
0.106309 0.002677 -0.081299 0.000000
-0.736101 0.125332 0.005863 2.000000
0.128771 -0.025938 -0.554857 3.000000
0.344418 -0.094104 0.285646 3.000000
-0.290566 0.079037 -0.057171 0.000000
0.228131 -0.026825 -0.576191 3.000000
-0.054150 0.030996 0.667340 1.000000
-0.109042 -0.075054 0.010941 0.000000
-0.036094 0.000286 0.611158 1.000000
0.723588 -0.077150 -0.004213 0.000000
-0.804750 0.072293 -0.139308 2.000000
-0.230918 0.040911 0.848408 1.000000
0.476128 0.050181 -0.078074 0.000000
-0.204587 0.029492 -0.844258 1.000000
0.379643 -0.066590 -0.038954 0.000000
-0.797899 0.065388 -0.126411 2.000000
0.199086 -0.025025 -0.551579 3.000000
-0.034939 -0.037277 0.251711 1.000000
-0.230784 0.030190 0.841771 1.000000
-0.161785 -0.012423 -0.506413 1.000000
0.623207 0.100586 0.000301 0.000000
0.031803 0.003617 0.075560 0.000000
0.390417 -0.029538 -0.078558 0.000000
-0.088622 0.028686 -0.671601 1.000000
0.209511 -0.100767 0.301256 3.000000
0.869430 0.072482 -0.017862 0.000000
0.163754 -0.088945 0.532299 3.000000
0.936655 0.021404 0.033511 0.000000
0.011409 -0.148593 0.149744 3.000000
0.327545 -0.043483 0.312272 3.000000
-0.797039 0.074174 0.141308 2.000000
0.670146 -0.043430 0.058042 0.000000
-0.144052 -0.001649 0.588589 1.000000
0.167032 -0.061351 -0.124208 1.000000
-0.168664 0.001253 -0.583096 1.000000
0.144006 -0.056058 0.162023 1.000000
-0.154074 0.033979 0.825166 1.000000
-0.099692 -0.029700 0.363994 1.000000
0.279826 -0.105012 0.292685 3.000000
0.652816 -0.012343 -0.075952 0.000000
0.089892 -0.031554 -0.079068 0.000000
0.634277 0.085029 0.041760 0.000000
-0.001729 -0.039829 -0.293641 1.000000
0.169665 -0.063339 0.324336 1.000000
-0.857762 0.091773 0.309585 2.000000
-0.757972 0.133554 -0.011494 2.000000
-0.068686 -0.030640 -0.321530 1.000000
0.143522 -0.019973 -0.322847 1.000000
0.197662 -0.007829 0.309424 1.000000
-0.209800 0.029384 0.836881 1.000000
0.626646 0.080891 -0.054242 0.000000
0.720175 0.048649 0.069918 0.000000
-0.035181 0.087340 -0.043817 0.000000
-0.532330 -0.015674 0.063308 0.000000
-0.771380 0.178209 0.004358 2.000000
-0.062130 -0.003073 0.469185 1.000000
0.066248 -0.036954 -0.320778 1.000000
-0.155740 -0.005518 -0.562541 1.000000
0.376634 0.041180 0.075533 0.000000
0.033549 -0.048938 0.103799 1.000000
-0.670784 0.051148 0.021205 2.000000
0.293906 -0.044289 -0.323841 3.000000
0.273969 -0.015862 -0.146428 1.000000
-0.443852 0.037149 0.076716 0.000000
0.258143 -0.083195 -0.291868 3.000000
-0.775383 0.126057 -0.011682 2.000000
0.053136 0.006949 0.075990 0.000000
0.036720 -0.045848 -0.558350 3.000000
-0.458576 -0.044692 0.036869 0.000000
0.628554 0.052196 0.071154 0.000000
0.416587 0.040051 -0.081917 0.000000
-0.162914 0.007943 0.076098 0.000000
0.255430 -0.073039 -0.360087 3.000000
0.096932 -0.147277 0.140394 3.000000
0.202122 -0.059631 0.134725 1.000000
-0.055655 -0.049797 0.203696 1.000000
0.215557 -0.075215 0.591195 3.000000
0.252797 -0.067611 0.316840 1.000000
-0.852254 0.347374 -0.006792 2.000000
-0.204426 0.031319 0.773659 1.000000
0.087609 0.004182 -0.568345 1.000000
-0.022821 0.016004 0.547184 1.000000
-0.029028 0.027745 0.625775 1.000000
0.337218 -0.061431 -0.360329 3.000000
-0.832935 0.067350 -0.139442 2.000000
0.325799 -0.078197 0.282529 3.000000
-0.148593 -0.000279 -0.605424 1.000000
0.278859 -0.068525 0.048987 0.000000
-0.070674 -0.014385 0.489874 1.000000
0.091048 -0.049985 0.210494 1.000000
0.165716 -0.047137 0.237658 1.000000
0.290574 -0.044182 0.321488 3.000000
-0.799726 0.058295 -0.075119 2.000000
-0.671321 0.067296 -0.054134 2.000000
-0.769284 0.057193 -0.068052 2.000000
-0.082926 0.096690 -0.022215 0.000000
-0.258190 -0.065327 -0.040781 0.000000
-0.027389 -0.004148 -0.079364 0.000000
0.304304 -0.089912 0.285028 3.000000
-0.756118 0.060740 -0.050910 2.000000
0.007030 -0.027953 -0.281496 1.000000
-0.030613 -0.060545 -0.119989 1.000000
0.013317 -0.023762 -0.424867 1.000000
0.107465 -0.053210 0.183948 1.000000
0.066490 -0.043510 -0.547414 3.000000
0.501895 -0.021155 0.067338 0.000000
0.477955 0.074846 -0.062087 0.000000
0.517156 0.061385 0.066828 0.000000
-0.145960 0.038627 -0.769833 1.000000
0.244924 -0.072636 -0.322847 1.000000
0.202176 -0.036390 -0.594139 3.000000
-0.145342 -0.030801 0.067526 0.000000
0.224611 -0.065757 -0.070417 0.000000
0.645830 -0.067235 -0.037906 0.000000
-0.838658 0.078688 0.215384 2.000000
-0.010059 0.100479 -0.006792 0.000000
-0.235459 -0.060733 -0.048116 0.000000
0.188446 -0.019463 0.191847 1.000000
0.163969 -0.053478 -0.566814 1.000000
0.247987 -0.011778 0.218877 1.000000
0.826951 -0.118500 -0.001069 0.000000
0.083202 -0.010542 -0.570280 1.000000
-0.370124 0.018718 0.077468 0.000000
0.616033 0.094084 0.024349 0.000000
-0.421282 0.083901 -0.049513 0.000000
-0.261790 0.035887 -0.855893 1.000000
0.375532 -0.000037 0.074539 0.000000
-0.732366 0.066087 0.127470 2.000000
0.990231 -0.036578 -0.010527 0.000000
-0.801472 0.086158 -0.261828 2.000000
0.111683 -0.032897 0.539392 3.000000
0.352748 -0.055279 -0.089305 0.000000
0.474731 0.043598 0.074700 0.000000
-0.197682 0.019067 -0.759622 1.000000
0.234257 -0.018039 0.324954 1.000000
0.272545 -0.115867 0.337502 3.000000
-0.817405 0.073126 0.143484 2.000000
0.699003 0.029868 0.076447 0.000000
0.016756 -0.064468 -0.073265 0.000000
0.065281 0.097147 0.014783 0.000000
-0.886162 0.085970 -0.272415 2.000000
0.138928 0.050181 0.072067 0.000000
-0.547484 0.094084 0.005379 2.000000
-0.869342 0.077828 0.208049 2.000000
-0.036470 -0.003234 -0.456034 1.000000
-0.639374 0.099538 -0.014826 2.000000
0.386763 -0.104206 -0.305893 3.000000
-0.004712 -0.006808 -0.412776 1.000000
0.305916 -0.117667 -0.341171 3.000000
-0.807733 0.073422 -0.184151 2.000000
0.702120 -0.016104 0.066720 0.000000
0.172755 -0.058395 -0.149760 1.000000
0.616893 0.088361 0.035902 0.000000
-0.014761 -0.042973 -0.207258 1.000000
0.100264 0.071756 -0.065151 0.000000
0.287753 0.051766 -0.077349 0.000000
0.097899 -0.004148 0.347443 1.000000
0.204084 0.088683 0.035311 0.000000
0.166441 -0.043725 0.265440 1.000000
0.167999 -0.001971 -0.317070 1.000000
0.238019 -0.028276 0.325814 1.000000
-0.203324 0.023608 -0.738101 1.000000
0.075545 -0.135884 -0.153253 3.000000
0.211392 -0.034267 0.291180 1.000000
0.108002 -0.033381 0.157832 1.000000
0.826306 -0.029565 -0.063377 0.000000
0.763864 -0.060894 0.039422 0.000000
-0.061324 -0.042758 -0.077859 0.000000
0.208329 -0.060061 -0.137588 1.000000
0.048246 -0.034751 -0.570360 1.000000
0.086561 -0.016991 0.318828 1.000000
0.742826 0.037391 0.072470 0.000000
-0.591253 0.096824 0.013306 0.000000
-0.398605 -0.059470 0.020292 0.000000
0.175388 -0.025186 -0.549994 3.000000
0.120926 -0.027120 -0.322954 1.000000
-0.180056 0.042657 0.075023 0.000000
-0.321546 0.076646 0.054200 0.000000
-0.796797 0.082880 -0.250571 2.000000
-0.128818 -0.002804 -0.586266 1.000000
0.086453 0.093681 0.025612 0.000000
-0.821436 0.051067 0.014998 2.000000
-0.773475 0.098517 -0.006846 0.000000
0.362608 -0.025938 0.086388 0.000000
0.227836 -0.058664 -0.531213 3.000000
0.375828 -0.104717 0.297038 3.000000
0.030594 -0.084377 -0.570871 3.000000
-0.759719 0.117970 -0.012354 2.000000
-0.300535 0.002328 0.075211 0.000000
-0.357980 0.099081 0.007180 0.000000
0.042738 -0.063608 0.071718 0.000000
-0.488534 0.095293 -0.026272 0.000000
-0.303732 -0.040366 0.059385 0.000000
-0.361419 0.098437 -0.016223 0.000000
0.065281 -0.123337 -0.127915 3.000000
0.189494 -0.048535 -0.233590 1.000000
-0.713397 0.161309 -0.010715 2.000000
0.183825 -0.043806 -0.332170 1.000000
0.017374 -0.074113 -0.021113 0.000000
-0.738143 0.060014 -0.039249 2.000000
0.193498 -0.043752 -0.322847 1.000000
0.335606 0.018207 0.077414 0.000000
0.130706 -0.034805 0.585338 3.000000
0.106309 -0.122020 0.113069 3.000000
-0.193275 0.017267 0.689534 1.000000
0.147337 -0.057912 -0.152285 1.000000
0.037176 -0.040635 0.073411 0.000000
0.939020 -0.056622 -0.012757 0.000000
-0.421309 -0.029109 0.063604 0.000000
-0.008312 0.002328 0.564353 1.000000
-0.687684 0.040723 0.052991 0.000000
-0.348253 -0.062345 -0.033822 0.000000
0.102413 -0.041817 0.277236 1.000000
0.669259 0.039353 0.075533 0.000000
-0.277293 0.037203 0.869822 1.000000
-0.207973 0.012054 -0.701774 1.000000
-0.079971 -0.013605 -0.501711 1.000000
0.211876 -0.064494 0.071906 0.000000
0.190542 -0.037787 0.305233 1.000000
-0.826460 0.080515 0.190907 2.000000
0.204917 -0.034026 -0.305087 1.000000
0.132560 -0.035181 -0.126465 1.000000
-0.636419 -0.014223 -0.040109 0.000000
0.627748 -0.015298 -0.074608 0.000000
0.775686 -0.062990 -0.041291 0.000000
0.298822 -0.080535 -0.363848 3.000000
0.622992 0.083471 0.044205 0.000000
0.093412 -0.048588 -0.227813 1.000000
0.239927 -0.010462 -0.222815 1.000000
-0.774066 0.066570 0.129647 2.000000
0.639408 0.057408 -0.074796 0.000000
-0.759342 0.009421 -0.015605 0.000000
0.066705 -0.114766 0.152109 3.000000
0.188151 -0.019785 0.326163 1.000000
0.291031 -0.076344 0.285081 3.000000
0.078043 -0.132902 -0.138233 3.000000
-0.105496 -0.000064 -0.523985 1.000000
0.070896 -0.000682 0.386080 1.000000
-0.899704 0.086184 -0.273516 2.000000
-0.044612 -0.013874 -0.501684 1.000000
-0.660574 0.052653 -0.038309 2.000000
0.669421 0.021055 0.077145 0.000000
-0.127904 0.009931 0.591410 1.000000
-0.006243 -0.007184 -0.558350 1.000000
-0.085291 -0.013175 0.498875 1.000000
-0.492591 0.045210 -0.077940 0.000000
-0.160953 0.020894 0.771214 1.000000
0.507054 -0.073469 -0.023907 0.000000
-0.414646 0.088226 0.036144 0.000000
0.064636 -0.010999 0.333176 1.000000
0.070870 -0.055789 0.160196 1.000000
0.747017 0.093788 -0.020871 0.000000
-0.523248 -0.041414 0.016154 0.000000
0.090725 -0.070029 -0.043709 0.000000
-0.124169 -0.045928 -0.083529 0.000000
0.008454 0.051820 -0.077322 0.000000
-0.700903 0.104858 -0.013617 2.000000
-0.153080 0.065200 -0.070444 0.000000
-0.102621 -0.048723 -0.086081 0.000000
-0.846262 0.028041 0.001081 0.000000
0.276495 -0.114712 -0.346545 3.000000
0.286597 -0.070594 -0.361350 3.000000
0.255027 -0.053505 -0.195947 1.000000
0.394555 -0.038271 -0.069826 0.000000
-0.732232 0.071380 -0.103008 2.000000
-0.248356 0.031776 0.815762 1.000000
0.338077 -0.060840 -0.094948 0.000000
0.206260 -0.044907 0.257944 1.000000
-0.077794 -0.018495 -0.074689 0.000000
-0.836724 0.350840 -0.006711 2.000000
0.230361 0.085513 -0.046987 0.000000
0.229609 -0.074087 0.320709 1.000000
0.381202 -0.060813 -0.048035 0.000000
0.137987 -0.055870 0.323154 1.000000
0.003188 -0.055735 -0.162603 1.000000
-0.167965 0.031373 0.840079 1.000000
0.825258 -0.070755 0.003176 0.000000
0.153437 -0.042462 -0.280905 1.000000
-0.763829 0.156285 -0.010822 2.000000
0.978463 -0.044773 -0.013697 0.000000
0.015252 -0.000252 0.574725 1.000000
-0.856177 0.087501 -0.284559 2.000000
0.200430 -0.108962 0.320924 3.000000
0.544616 0.054829 -0.075952 0.000000
0.323085 -0.070298 0.026606 0.000000
0.403449 -0.062372 0.039556 0.000000
0.177753 -0.030721 0.074244 0.000000
-0.116861 0.003134 0.629295 1.000000
0.422633 0.053942 -0.076355 0.000000
-0.024729 -0.030425 0.362382 1.000000
0.116251 0.003832 -0.386418 1.000000
-0.243708 0.020948 0.765733 1.000000
-0.170061 0.003241 -0.595805 1.000000
0.186404 -0.098026 -0.559935 3.000000
-0.074731 0.005874 0.654309 1.000000
-0.752679 0.009421 0.018545 0.000000
0.099726 -0.023547 0.235428 1.000000
-0.128791 0.053942 -0.076355 0.000000
-0.263429 0.041260 0.878393 1.000000
0.550259 0.049213 0.072497 0.000000
-0.074355 -0.023547 -0.421267 1.000000
0.159321 0.078070 -0.058675 0.000000
0.147606 -0.006888 0.316840 1.000000
-0.116888 0.018395 -0.638875 1.000000
0.195996 -0.017609 0.199156 1.000000
0.065872 -0.040984 0.136740 1.000000
0.136859 0.000904 -0.355250 1.000000
0.027880 -0.131290 -0.123751 3.000000
-0.669897 0.098598 -0.012569 0.000000
0.086668 -0.064897 -0.072754 0.000000
0.038385 -0.011053 -0.357561 1.000000
0.782833 -0.053075 -0.053033 0.000000
0.223187 -0.072582 -0.029254 0.000000
0.296780 0.094890 -0.027884 0.000000
0.005283 -0.002697 0.580689 1.000000
-0.717024 0.142232 0.005111 2.000000
-0.307950 0.014204 -0.082911 0.000000
0.198468 -0.062372 -0.602576 3.000000
-0.107538 0.013801 -0.082857 0.000000
0.732320 0.098463 0.000677 0.000000
-0.658478 0.066866 -0.046316 2.000000
-0.689242 0.003134 0.044205 0.000000
-0.808673 0.083068 -0.254117 2.000000
0.113832 0.089704 0.033377 0.000000
-0.162027 -0.071131 0.030448 0.000000
0.344821 -0.092841 -0.291169 3.000000
0.798712 -0.062184 -0.040646 0.000000
0.236084 0.049643 -0.078316 0.000000
-0.677044 0.079279 -0.044596 0.000000
0.192074 -0.023520 0.569888 3.000000
-0.887452 0.079467 -0.219188 2.000000
-0.780381 0.287054 0.001403 2.000000
-0.136771 -0.039829 0.069837 0.000000
0.238691 -0.029673 0.545384 3.000000
0.181810 -0.049045 0.522465 3.000000
0.804113 -0.066940 -0.032451 0.000000
-0.376761 0.035510 -0.083152 0.000000
-0.146470 0.020625 -0.776066 1.000000
0.057865 -0.034939 0.073008 0.000000
-0.011053 -0.036444 -0.245465 1.000000
-0.076370 -0.027819 -0.386633 1.000000
-0.273424 0.057193 -0.074904 0.000000
0.299790 -0.047084 0.305663 3.000000
-0.869557 0.085889 -0.017754 0.000000
0.314084 -0.086258 -0.288804 3.000000
-0.717186 0.189870 0.003257 2.000000
-0.007802 -0.054365 -0.105507 1.000000
0.900087 0.012538 0.056698 0.000000
0.109184 -0.011832 0.070670 0.000000
0.007325 0.011732 -0.507568 1.000000
-0.083732 -0.063205 -0.079767 0.000000
0.080972 -0.054795 -0.175097 1.000000
-0.367948 0.100183 -0.008189 0.000000
0.082530 -0.065193 0.065081 0.000000
-0.765522 0.052411 -0.033553 2.000000
0.116761 0.046903 -0.079552 0.000000
0.791458 0.021458 0.071449 0.000000
-0.043161 -0.028141 -0.386042 1.000000
-0.222508 0.008696 -0.673562 1.000000
-0.052269 -0.034885 -0.330666 1.000000
0.179042 0.053754 0.070428 0.000000
0.070171 -0.049609 0.212375 1.000000
0.277301 -0.059148 -0.149034 1.000000
-0.059282 -0.050066 0.187253 1.000000
-0.111917 -0.026744 -0.393270 1.000000
0.397941 -0.099477 -0.334589 3.000000
-0.734650 0.062513 -0.052522 2.000000
0.180466 -0.097973 0.334439 3.000000
-0.496299 -0.046466 0.008228 0.000000
-0.088166 0.032743 -0.733506 1.000000
0.781167 0.082369 0.031926 0.000000
0.004477 -0.019167 0.455643 1.000000
0.847129 -0.006378 0.062099 0.000000
0.822357 0.061277 -0.058057 0.000000
-0.075269 0.006465 0.533992 1.000000
0.186431 0.093170 -0.032962 0.000000
-0.021182 0.023876 -0.597041 1.000000
0.331011 -0.119360 -0.331096 3.000000
0.294362 -0.072233 0.026041 0.000000
0.221307 -0.032252 -0.542901 3.000000
0.197904 -0.023278 -0.565712 1.000000
-0.600200 0.074416 0.047778 0.000000
-0.426683 0.060901 0.067123 0.000000
0.394555 0.030244 -0.084147 0.000000
0.752471 -0.061082 0.039718 0.000000
-0.644076 0.063830 0.016584 2.000000
0.281170 -0.116808 0.305501 3.000000
0.016676 -0.022633 -0.076623 0.000000
-0.582225 -0.029243 -0.022994 0.000000
0.035188 -0.076129 0.004950 0.000000
0.808815 0.051067 -0.067085 0.000000
-0.134997 0.033683 0.077629 0.000000
0.038224 -0.008070 0.564353 1.000000
0.331011 -0.018630 0.087624 0.000000
0.043705 -0.028195 0.248083 1.000000
0.288505 -0.092787 0.356122 3.000000
0.029358 -0.149507 0.137815 3.000000
-0.150017 -0.044101 -0.082669 0.000000
0.173481 -0.022042 -0.568560 1.000000
-0.254401 0.036908 0.848757 1.000000
-0.269958 0.028444 -0.823220 1.000000
-0.718287 0.089113 0.023596 0.000000
-0.696685 0.062701 -0.109967 2.000000
0.319323 -0.119441 -0.319730 3.000000
0.050637 -0.062076 -0.111579 1.000000
0.125520 -0.024407 0.072524 0.000000
-0.627498 0.049616 0.011317 2.000000
-0.695771 0.076136 -0.131650 2.000000
0.595774 -0.073415 0.018169 0.000000
-0.088219 -0.007345 0.463757 1.000000
-0.167347 -0.003503 0.547802 1.000000
0.454553 0.013854 0.076850 0.000000
0.669259 0.008507 -0.081567 0.000000
0.461001 0.087179 0.038079 0.000000
0.069526 -0.046493 0.237524 1.000000
-0.151952 -0.064226 -0.058299 0.000000
-0.178014 0.033307 -0.861051 1.000000
0.033737 -0.130484 0.116750 3.000000
0.294765 -0.022257 -0.177381 1.000000
-0.803434 0.271121 0.002397 2.000000
0.001925 -0.062721 -0.099677 1.000000
-0.306580 0.012860 0.076742 0.000000
-0.838900 0.310080 -0.007571 2.000000
0.176570 -0.061915 -0.119989 1.000000
-0.849836 0.081106 -0.211020 2.000000
0.154431 -0.088407 -0.591345 3.000000
-0.698593 0.062271 -0.036106 2.000000
0.113349 -0.047809 -0.235363 1.000000
-0.693864 0.076136 0.110194 2.000000
0.047682 -0.067638 0.051190 0.000000
0.662569 -0.012880 0.069380 0.000000
0.672000 0.071111 0.059170 0.000000
0.065469 -0.135427 -0.143096 3.000000
0.788448 0.072240 0.046462 0.000000
0.483759 0.013344 0.076796 0.000000
-0.880547 0.076055 -0.195974 2.000000
0.127858 0.057301 -0.074850 0.000000
-0.756360 0.305943 -0.002681 2.000000
0.339502 -0.116243 0.335218 3.000000
-0.272538 -0.071722 0.019754 0.000000
-0.189326 0.048998 0.072605 0.000000
-0.273586 0.081644 -0.053087 0.000000
-0.785862 0.078231 -0.219699 2.000000
-0.711678 0.168107 0.004251 2.000000
-0.165171 0.042201 -0.804332 1.000000
0.053701 -0.032709 0.214659 1.000000
0.036612 -0.045203 -0.570145 3.000000
-0.095957 -0.007049 0.472516 1.000000
-0.097731 -0.028652 -0.354391 1.000000
-0.865581 0.042604 -0.026084 0.000000
0.275124 -0.004604 -0.079230 0.000000
0.345278 0.083659 -0.049916 0.000000
0.535024 0.080757 0.048450 0.000000
-0.165440 -0.007694 -0.544459 1.000000
-0.099074 -0.073657 0.017309 0.000000
0.450899 0.027987 -0.084147 0.000000
0.145672 -0.022848 0.316840 1.000000
-0.812166 0.055742 0.050304 2.000000
0.881172 -0.062775 0.018679 0.000000
0.207496 -0.012665 0.222155 1.000000
-0.136690 -0.072233 0.025289 0.000000
-0.165305 0.006277 0.651757 1.000000
0.249250 -0.074221 0.534234 3.000000
0.574628 0.081294 -0.053597 0.000000
-0.798436 0.083874 0.197839 2.000000
0.424621 0.081886 0.046676 0.000000
0.114504 -0.080078 -0.597014 3.000000
0.216417 0.092418 0.028379 0.000000
0.095051 -0.010892 -0.316828 1.000000
0.387946 0.100156 0.002236 0.000000
-0.219633 -0.072770 0.020963 0.000000
0.009690 -0.016158 -0.570360 1.000000
0.088845 -0.026153 -0.233885 1.000000
0.060606 -0.046546 0.077334 1.000000
-0.809667 0.307420 0.001618 2.000000
0.267977 -0.053666 -0.190680 1.000000
0.163620 -0.052672 -0.197828 1.000000
-0.815766 0.259755 0.002639 2.000000
-0.067665 -0.052484 0.180213 1.000000
0.255349 -0.052780 -0.311240 3.000000
0.027880 -0.130215 -0.155160 3.000000
-0.049743 0.098652 -0.015202 0.000000
-0.190454 0.012188 -0.704139 1.000000
0.064555 -0.030640 -0.371963 1.000000
0.706580 0.035913 -0.081057 0.000000
-0.595310 -0.004255 0.060621 0.000000
0.027611 -0.075914 -0.012246 0.000000
-0.789032 0.058564 0.071369 2.000000
-0.774631 0.078231 0.213960 2.000000
0.626109 -0.015647 0.068440 0.000000
-0.042301 -0.039426 0.244349 1.000000
0.224208 -0.012987 -0.214486 1.000000
-0.691419 0.172298 0.002505 2.000000
0.003725 -0.011187 -0.526269 1.000000
0.413901 0.097174 0.014730 0.000000
0.006009 0.100962 -0.004562 0.000000
0.066356 -0.115410 0.137089 3.000000
-0.019704 -0.050899 -0.146670 1.000000
-0.097193 0.025569 -0.662412 1.000000
-0.057858 -0.006405 -0.078719 0.000000
0.077372 -0.048696 -0.226201 1.000000
-0.659956 0.126272 -0.010177 2.000000
0.657921 0.100076 0.002585 0.000000
0.174582 -0.003745 -0.346438 1.000000
-0.075349 0.034355 0.692704 1.000000
0.295491 -0.062775 -0.332036 1.000000
0.150132 -0.024326 0.548555 3.000000
0.151690 -0.074087 -0.327200 1.000000
0.074013 -0.014304 -0.570360 1.000000
-0.114282 0.100774 -0.000558 0.000000
0.021942 0.023016 0.564300 1.000000
0.085217 -0.037438 0.564353 1.000000
-0.250720 0.025381 0.801146 1.000000
0.231275 -0.067396 0.054200 0.000000
0.012860 -0.026959 0.392878 1.000000
-0.731077 0.063319 -0.113353 2.000000
-0.803783 0.079682 -0.229721 2.000000
0.169316 -0.098564 0.550247 3.000000
-0.519648 0.097738 -0.018077 0.000000
0.170203 -0.012558 0.359615 1.000000
0.225579 -0.113288 -0.331633 3.000000
-0.599098 0.108593 0.002182 2.000000
-0.742926 0.185437 0.004197 2.000000
-0.250935 0.043920 0.882477 1.000000
0.082611 -0.035261 -0.335475 1.000000
-0.046358 0.099834 0.003767 0.000000
-0.257814 -0.005491 -0.078988 0.000000
-0.819340 0.061492 0.076527 2.000000
-0.901155 0.085513 0.004036 0.000000
-0.012987 -0.070647 0.034156 0.000000
0.019094 -0.105603 0.149261 3.000000
-0.215711 0.021754 0.732685 1.000000
-0.017931 -0.063339 0.074029 0.000000
0.720901 -0.002939 -0.077295 0.000000
0.159187 -0.020779 0.209419 1.000000
0.059101 -0.017367 -0.561037 1.000000
0.406968 0.085244 0.041437 0.000000
-0.020940 0.026563 -0.614505 1.000000
-0.889440 0.368036 -0.001553 2.000000
0.008642 -0.008366 0.564353 1.000000
0.039030 -0.014331 -0.502759 1.000000
0.108539 -0.055037 0.168687 1.000000
-0.201712 0.078661 -0.057735 0.000000
0.442220 0.045532 0.074082 0.000000
0.343209 -0.063876 0.042109 0.000000
0.235117 -0.010005 -0.244310 1.000000
-0.125970 0.026563 -0.692290 1.000000
0.424917 -0.022956 -0.072996 0.000000
0.034463 0.005256 0.445540 1.000000
0.025892 0.033710 0.077602 0.000000
-0.484235 -0.048561 -0.011010 0.000000
-0.007855 -0.004551 0.422138 1.000000
0.042523 -0.056058 0.156273 1.000000
0.201961 -0.040743 0.591490 3.000000
0.269455 0.002919 -0.081379 0.000000
-0.139511 -0.048320 -0.086511 0.000000
-0.043940 -0.042140 0.229410 1.000000
0.139331 -0.042032 -0.283673 1.000000
0.686751 -0.064951 -0.040996 0.000000
0.147660 -0.036309 -0.086027 1.000000
-0.286456 -0.069143 -0.029738 0.000000
-0.757032 0.082530 0.172287 2.000000
0.232538 -0.055064 -0.322847 1.000000
-0.030532 -0.052404 -0.188961 1.000000
0.120281 0.003187 0.373882 1.000000
0.128691 -0.038539 -0.098897 1.000000
0.815344 -0.124438 -0.005583 0.000000
-0.731345 0.081778 0.163394 2.000000
0.292052 -0.010193 -0.079418 0.000000
0.087179 -0.094910 -0.571328 3.000000
-0.778070 0.054372 0.016611 2.000000
-0.161705 0.010200 -0.629391 1.000000
0.029976 -0.043886 0.148670 1.000000
0.047816 -0.065811 0.061508 0.000000
0.447271 0.074658 -0.062276 0.000000
0.001065 -0.024675 -0.304684 1.000000
0.248310 -0.050388 0.326163 1.000000
-0.830222 0.024467 0.000409 0.000000
0.258493 -0.015567 -0.162818 1.000000
0.246912 -0.024622 -0.083797 1.000000
0.069526 -0.069519 -0.046557 0.000000
-0.136959 -0.069250 0.038885 0.000000
0.119958 -0.030613 -0.174721 1.000000
0.017723 -0.123444 0.146869 3.000000
0.091397 -0.028813 -0.388218 1.000000
-0.771675 0.225713 0.003364 2.000000
-0.148754 -0.006458 0.549441 1.000000
0.257203 -0.076666 -0.007437 0.000000
0.223617 -0.025669 -0.080278 0.000000
-0.365154 0.083014 -0.050937 0.000000
-0.787313 0.015466 -0.013267 0.000000
0.096126 -0.013095 0.323638 1.000000
-0.796152 0.104079 0.003069 2.000000
-0.010139 0.000904 -0.461543 1.000000
-0.144939 0.000850 0.609063 1.000000
-0.836106 0.160100 -0.004696 2.000000
0.030620 -0.026852 -0.077591 0.000000
-0.608180 0.010415 0.062180 0.000000
-0.390571 0.077506 -0.059293 0.000000
-0.008097 -0.010462 -0.531562 1.000000
-0.003664 -0.009736 -0.394962 1.000000
0.155935 -0.098161 0.570721 3.000000
-0.054607 -0.059255 -0.097850 0.000000
0.015493 -0.054311 -0.175446 1.000000
0.320532 0.101097 -0.003998 0.000000
0.036343 -0.029001 0.377590 1.000000
0.261986 -0.069277 0.043560 0.000000
-0.163720 0.015359 -0.731679 1.000000
0.212333 -0.022956 0.141684 1.000000
-0.596385 0.097201 -0.018211 0.000000
0.218056 -0.020699 -0.331740 1.000000
0.218109 -0.058906 -0.147825 1.000000
0.063911 0.013962 -0.482070 1.000000
-0.111031 0.004289 -0.081648 0.000000
0.069580 -0.131182 0.135316 3.000000
0.174152 -0.099558 0.559436 3.000000
0.098517 0.049348 -0.078450 0.000000
0.222569 0.063749 0.065350 0.000000
0.341947 -0.045203 -0.340715 3.000000
0.218996 0.085513 0.040980 0.000000
0.723937 0.044968 -0.077241 0.000000
0.675144 -0.076935 -0.005690 0.000000
0.057946 -0.055386 0.071637 1.000000
-0.009897 0.016837 -0.561037 1.000000
0.071944 -0.033864 -0.570360 1.000000
0.167596 -0.055628 -0.330746 1.000000
0.210264 -0.060491 0.595601 3.000000
0.054963 -0.065892 -0.100456 1.000000
-0.403468 -0.034079 0.061024 0.000000
-0.825359 0.057704 -0.062437 2.000000
0.352291 -0.043026 -0.105615 1.000000
-0.433507 0.067027 -0.069288 0.000000
-0.525828 0.093842 -0.029335 0.000000
0.277543 -0.069653 0.287956 3.000000
0.020679 -0.021881 0.321058 1.000000
-0.124949 0.019524 0.762375 1.000000
-0.094023 -0.032172 -0.075414 0.000000
-0.735967 0.035564 0.044312 0.000000
0.011597 -0.073603 0.017470 0.000000
0.186351 -0.021612 0.176882 1.000000
-0.084646 -0.017125 -0.472908 1.000000
0.269294 -0.013632 0.183384 1.000000
-0.152758 0.002220 0.619595 1.000000
0.025462 -0.009011 -0.545184 1.000000
-0.649907 0.073556 -0.051877 0.000000
0.197340 -0.024218 0.145902 1.000000
0.326605 -0.065865 0.064302 0.000000
0.388187 0.008937 -0.082239 0.000000
0.020975 -0.054472 0.168499 1.000000
0.077936 -0.012235 -0.076193 0.000000
-0.010596 0.011920 0.076608 0.000000
0.136886 -0.037223 0.317619 1.000000
-0.239785 0.025032 -0.776147 1.000000
0.300515 -0.091820 0.356820 3.000000
-0.749294 0.068021 -0.146858 2.000000
0.243097 -0.061002 0.571742 3.000000
-0.679650 0.074282 0.096034 2.000000
-0.138087 0.000151 -0.080600 0.000000
-0.009467 0.024387 0.586466 1.000000
0.139922 -0.054258 0.177097 1.000000
0.130867 -0.039265 -0.305624 1.000000
-0.170383 -0.035208 0.065995 0.000000
0.088979 -0.018630 -0.277600 1.000000
-0.402850 0.067323 0.063013 0.000000
-0.663260 0.078930 0.040174 0.000000
-0.199966 0.022425 -0.786733 1.000000
0.136590 -0.056971 0.153855 1.000000
0.125977 -0.023439 -0.332170 1.000000
0.093359 -0.053505 0.180670 1.000000
-0.095581 0.012941 0.710465 1.000000
-0.838739 0.059155 0.074244 2.000000
0.188178 -0.022956 -0.170610 1.000000
