-0.115297 0.058219 0.064496 0.000000
0.013849 -0.006181 -0.095103 0.000000
-0.185563 0.028192 0.817800 1.000000
0.071022 -0.039248 0.059536 0.000000
0.957180 -0.052741 -0.014277 0.000000
-0.225670 -0.083514 -0.003050 0.000000
-0.168017 -0.049968 -0.015824 0.000000
0.893286 -0.032394 0.045189 0.000000
0.098089 0.052405 0.066576 0.000000
-0.104924 -0.080981 -0.035024 0.000000
0.097822 -0.034368 0.286015 1.000000
0.137609 -0.060688 0.068603 0.000000
0.545794 -0.056181 0.048149 0.000000
0.230675 -0.099674 -0.216436 3.000000
-0.467829 0.055419 -0.089130 0.000000
-0.199217 0.044352 -0.851021 1.000000
0.094436 -0.046288 0.139376 1.000000
-0.009111 -0.003488 -0.557929 1.000000
0.910166 0.042085 -0.059904 0.000000
0.325315 -0.100341 -0.035290 0.000000
0.085396 -0.071781 0.220549 3.000000
-0.004817 -0.079914 0.013536 0.000000
0.493608 -0.032501 -0.086890 0.000000
0.948860 -0.055061 -0.020837 0.000000
-0.175270 0.007499 0.729054 1.000000
0.127982 -0.047114 -0.160330 1.000000
0.134409 -0.134207 -0.246276 3.000000
-0.575322 0.046032 -0.080277 0.000000
-0.544149 0.013979 0.060203 0.000000
-0.608415 0.019339 0.049456 0.000000
-0.899054 0.132272 -0.363769 2.000000
-0.052790 -0.014474 0.498281 1.000000
0.061076 -0.050981 -0.075477 0.000000
-0.063670 -0.005034 0.536014 1.000000
-0.808228 0.101365 -0.153530 2.000000
0.160942 -0.024741 0.016843 0.000000
-0.641988 0.016379 0.040176 0.000000
-0.786975 0.106885 -0.131637 2.000000
0.263902 -0.026474 -0.089050 0.000000
0.994833 0.007899 0.012443 0.000000
0.028516 -0.033141 -0.211930 1.000000
0.563581 -0.067168 -0.059530 0.000000
0.852087 0.089819 0.004736 0.000000
0.144702 -0.037381 0.255029 1.000000
0.229689 -0.064501 -0.062517 0.000000
-0.143430 0.002832 0.689267 1.000000
-0.074604 -0.030848 0.517854 1.000000
-0.732841 0.099259 -0.028704 0.000000
0.218302 -0.112981 0.197989 3.000000
0.447821 0.078725 -0.076544 0.000000
-0.566629 0.032939 0.058869 0.000000
-0.103030 0.011072 0.723934 1.000000
-0.696815 0.088885 0.002736 2.000000
-0.061697 -0.005461 -0.631422 1.000000
-0.609402 0.209658 -0.015637 2.000000
0.488354 0.058059 -0.088250 0.000000
-0.030364 -0.075594 0.022496 0.000000
-0.717535 0.096725 -0.033957 0.000000
-0.810121 0.091685 -0.042064 2.000000
-0.219510 -0.010394 -0.094623 0.000000
0.200115 0.102992 -0.050250 0.000000
-0.093884 0.041339 0.070523 0.000000
0.091316 0.093019 -0.063477 0.000000
-0.823748 0.121312 0.220949 2.000000
0.783527 0.092005 0.028363 0.000000
0.080809 0.011739 0.073429 0.000000
-0.127004 -0.074181 -0.049130 0.000000
0.210435 -0.106714 0.201456 3.000000
0.798593 0.093979 0.019909 0.000000
-0.046337 -0.045488 0.170869 1.000000
0.228649 -0.100794 -0.063984 0.000000
0.013583 0.041365 -0.094197 0.000000
0.011849 -0.033888 -0.373156 1.000000
-0.068444 -0.033994 0.359988 1.000000
0.215049 -0.035488 -0.135077 1.000000
0.070169 -0.028608 0.350682 1.000000
0.161369 -0.028714 0.212095 1.000000
-0.816121 0.036992 -0.019104 0.000000
-0.101670 0.004592 -0.096303 0.000000
-0.282470 -0.080901 -0.023744 0.000000
0.278595 -0.024741 -0.044890 0.000000
-0.815748 0.093739 -0.081744 2.000000
-0.242470 -0.050554 -0.075770 0.000000
0.234355 -0.012581 0.070283 0.000000
-0.013164 -0.032128 -0.262090 1.000000
-0.135510 0.102299 0.027989 0.000000
-0.407509 -0.067434 -0.033930 0.000000
0.166756 0.111739 0.004283 0.000000
0.947340 0.018059 -0.052144 0.000000
-0.060444 -0.017088 -0.440916 1.000000
-0.136897 0.005499 -0.705555 1.000000
0.203262 0.093819 -0.062570 0.000000
0.219155 0.068112 -0.083557 0.000000
-0.830468 0.111872 -0.228223 2.000000
0.105689 -0.041968 0.196282 1.000000
-0.602469 0.204938 -0.012517 2.000000
-0.770228 0.115125 -0.188943 2.000000
0.290702 -0.076021 0.185189 3.000000
0.548888 0.087259 0.046229 0.000000
-0.065030 -0.003568 -0.574995 1.000000
-0.700708 0.213418 -0.005450 2.000000
0.090756 -0.048901 -0.128410 1.000000
0.178195 -0.103941 0.198282 3.000000
0.150809 -0.074581 -0.245423 3.000000
-0.162950 0.095152 -0.061050 0.000000
0.000276 -0.014474 -0.428009 1.000000
0.077876 -0.037034 -0.110063 1.000000
-0.078657 0.007392 0.721774 1.000000
0.095502 -0.020181 -0.332436 1.000000
-0.019964 -0.042501 0.146282 1.000000
0.259422 -0.114581 0.200122 3.000000
0.770513 0.100539 0.014069 0.000000
-0.058924 -0.091461 -0.056464 0.000000
-0.123910 0.012006 0.740094 1.000000
-0.123217 0.015125 -0.799581 1.000000
0.266782 -0.118287 0.233722 3.000000
-0.736815 0.116992 -0.007210 2.000000
0.348248 -0.079461 -0.038197 0.000000
-0.813428 0.095152 -0.096810 2.000000
0.198702 -0.047141 0.204576 3.000000
-0.742681 0.129712 -0.016277 2.000000
0.000489 -0.024741 0.002256 0.000000
0.162569 -0.137194 0.237589 3.000000
0.230355 -0.076261 0.217269 3.000000
0.166222 -0.083248 -0.022437 0.000000
0.512034 -0.049434 0.052816 0.000000
-0.587402 0.039045 0.055696 0.000000
0.165689 -0.038234 -0.258676 1.000000
0.265155 -0.127941 -0.224570 3.000000
0.279795 -0.084154 -0.088437 0.000000
-0.043004 -0.094821 0.031669 0.000000
0.723180 0.110805 -0.007664 0.000000
0.104676 -0.044848 -0.183663 1.000000
0.328675 -0.068768 -0.057744 0.000000
0.086756 -0.051914 0.059776 1.000000
-0.817215 0.265605 -0.013610 2.000000
0.375821 0.108832 -0.038170 0.000000
0.287928 -0.054688 0.236762 3.000000
0.376861 0.071925 0.057349 0.000000
-0.075750 -0.018768 -0.457529 1.000000
0.653687 0.007099 -0.096597 0.000000
-0.759348 0.305445 -0.007130 2.000000
0.488541 -0.081781 -0.031957 0.000000
0.192329 0.111632 -0.028677 0.000000
-0.820255 0.310911 -0.009610 2.000000
0.645261 -0.008448 -0.094837 0.000000
-0.679615 0.214085 -0.018650 2.000000
0.121796 -0.077541 0.230815 3.000000
0.078089 -0.019541 0.380922 1.000000
0.049423 -0.035541 -0.158037 1.000000
0.464968 -0.081621 0.009243 0.000000
-0.105244 0.077739 -0.077210 0.000000
-0.080684 -0.031274 0.063643 0.000000
-0.815961 0.097952 0.096443 2.000000
-0.052950 -0.026901 -0.360463 1.000000
0.077582 -0.046074 -0.160810 1.000000
-0.048764 -0.034448 -0.370623 1.000000
-0.058550 0.001712 0.605108 1.000000
-0.153083 -0.055008 0.019883 0.000000
-0.406763 0.107819 0.017509 0.000000
0.127769 -0.114554 0.213322 3.000000
0.748860 -0.003034 0.069456 0.000000
0.126116 -0.044794 0.055883 0.000000
0.279448 -0.082928 -0.024437 0.000000
0.183475 -0.033274 0.071269 1.000000
0.799687 -0.050394 0.047509 0.000000
0.986539 -0.016261 -0.042144 0.000000
0.460621 -0.051274 0.035216 0.000000
-0.002737 -0.016528 0.512841 1.000000
-0.265936 0.106352 -0.043450 0.000000
0.300808 -0.007381 0.071243 0.000000
0.163449 0.084192 0.049243 0.000000
0.369261 -0.024821 -0.060304 0.000000
-0.796895 0.096805 0.044469 2.000000
-0.109830 -0.075488 0.030363 0.000000
0.159849 -0.024874 -0.065530 0.000000
-0.087564 -0.024741 -0.011424 0.000000
0.245102 -0.094501 0.199776 3.000000
-0.678388 0.043925 0.038203 0.000000
0.137742 -0.049914 -0.127183 1.000000
-0.074790 -0.013168 -0.531049 1.000000
-0.025697 -0.000928 -0.591315 1.000000
0.110969 -0.037861 0.233109 1.000000
-0.769641 0.109205 0.119642 2.000000
0.277955 -0.070554 -0.224516 3.000000
0.492274 -0.054581 0.004390 0.000000
-0.750175 0.298991 -0.016810 2.000000
-0.697108 0.291978 -0.006277 2.000000
0.082596 -0.042821 -0.080890 0.000000
0.230995 -0.109034 -0.279903 3.000000
-0.175403 0.014272 -0.813074 1.000000
-0.416843 0.079525 -0.077424 0.000000
0.240835 -0.032688 -0.089477 1.000000
0.445315 0.060939 0.063536 0.000000
0.686807 0.029952 -0.095717 0.000000
-0.032070 -0.019408 0.442121 1.000000
0.207662 -0.053701 0.066816 1.000000
0.166889 -0.057674 0.238309 3.000000
0.145476 -0.078928 0.184069 3.000000
0.184649 -0.089381 0.264042 3.000000
0.567874 0.110405 0.011189 0.000000
0.144516 -0.058554 0.230309 3.000000
0.158249 -0.113327 0.203349 3.000000
0.298835 -0.024741 0.025563 0.000000
-0.027004 -0.082528 0.003350 0.000000
-0.000151 -0.030048 -0.271450 1.000000
0.211342 -0.033781 -0.086224 0.000000
0.160862 -0.088181 -0.235903 3.000000
0.340115 -0.089994 -0.078544 0.000000
0.856647 -0.028688 0.053829 0.000000
0.269288 -0.036261 -0.092997 1.000000
0.081876 -0.105621 -0.265290 3.000000
0.766567 -0.082528 -0.004464 0.000000
0.999313 -0.029728 -0.022144 0.000000
-0.438256 0.019739 0.072043 0.000000
-0.176070 0.037472 -0.850408 1.000000
0.496621 -0.043061 -0.000757 0.000000
0.030943 -0.027968 0.246575 1.000000
-0.024364 -0.057354 0.064709 0.000000
0.182115 -0.044074 0.180042 1.000000
-0.909054 0.130592 -0.341289 2.000000
0.888086 -0.034528 -0.069237 0.000000
0.015049 -0.018261 -0.489902 1.000000
0.229662 -0.081434 -0.271103 3.000000
-0.796815 0.103525 0.088523 2.000000
-0.106817 0.008059 0.690867 1.000000
-0.389216 -0.047328 0.046523 0.000000
0.799873 0.024725 0.065883 0.000000
0.288222 -0.064768 0.269802 3.000000
-0.057350 -0.008181 -0.094863 0.000000
0.338648 -0.024741 -0.039557 0.000000
0.144516 -0.123247 -0.216570 3.000000
-0.187643 0.089899 0.836707 1.000000
-0.104844 -0.055008 0.049136 0.000000
-0.009991 -0.019674 0.355828 1.000000
-0.092950 -0.084234 -0.041050 0.000000
0.726914 0.095979 0.032496 0.000000
-0.448282 -0.062474 0.003243 0.000000
-0.678788 0.059952 -0.060810 0.000000
0.401181 -0.018741 0.068096 0.000000
-0.574042 0.132325 -0.022864 2.000000
-0.342843 0.050005 0.068389 0.000000
-0.354896 0.052405 -0.091343 0.000000
-0.500469 0.113312 -0.005264 0.000000
0.482834 -0.082101 0.006150 0.000000
-0.275510 0.041339 -0.094463 0.000000
0.611021 0.113099 -0.019130 0.000000
-0.606362 -0.015114 0.029429 0.000000
0.382408 -0.046341 -0.083130 0.000000
-0.783828 0.207552 -0.008917 2.000000
-0.682282 0.097179 -0.004357 2.000000
0.111822 -0.024741 -0.062010 0.000000
-0.265110 -0.004048 -0.095290 0.000000
-0.881588 0.435151 -0.011584 2.000000
-0.750148 0.204458 -0.016490 2.000000
0.212835 -0.024741 0.034016 0.000000
-0.237590 -0.061301 0.042416 0.000000
-0.055457 -0.019994 -0.409636 1.000000
0.123449 -0.083408 -0.021344 0.000000
-0.879454 0.125898 0.271349 2.000000
0.196302 -0.047034 0.054389 0.000000
-0.367856 0.111579 0.006203 0.000000
0.146676 -0.029488 -0.189637 1.000000
0.335235 -0.035408 0.062069 0.000000
-0.396789 0.077845 -0.078437 0.000000
-0.078657 -0.022261 0.519721 1.000000
0.930726 0.035899 0.026523 0.000000
-0.545562 0.094512 -0.004917 2.000000
-0.496816 -0.031914 0.044389 0.000000
0.355742 0.080779 -0.075210 0.000000
-0.485589 0.104779 -0.047770 0.000000
-0.837188 0.105925 0.122549 2.000000
0.313502 -0.098821 -0.066384 0.000000
-0.751561 0.099845 -0.071264 2.000000
-0.275056 -0.077648 0.015083 0.000000
0.219102 -0.103754 -0.303209 3.000000
-0.111830 -0.038448 -0.083770 0.000000
0.241929 -0.082154 0.234282 3.000000
0.228035 -0.038314 0.236415 3.000000
-0.192070 0.010752 -0.796061 1.000000
0.137822 -0.050421 0.097083 1.000000
-0.484122 0.112219 0.002550 0.000000
0.157156 -0.101141 0.244389 3.000000
0.271155 -0.084234 -0.015930 0.000000
-0.127110 -0.050928 0.051829 0.000000
-0.105110 -0.007141 0.544041 1.000000
-0.353589 -0.075968 -0.021530 0.000000
-0.728788 0.100272 0.003456 0.000000
0.293315 -0.111487 0.261029 3.000000
-0.032177 -0.059194 -0.191636 1.000000
-0.208283 -0.000901 -0.095690 0.000000
0.256435 -0.041328 0.220815 3.000000
-0.756415 0.097579 -0.057024 2.000000
0.202462 -0.086047 -0.087237 0.000000
0.246889 -0.032688 -0.080090 1.000000
0.460328 -0.014261 -0.093397 0.000000
0.093876 -0.102261 -0.029770 0.000000
0.158729 -0.109781 0.257775 3.000000
0.066623 -0.020181 0.314495 1.000000
-0.036924 -0.008688 0.486015 1.000000
0.489341 -0.033248 0.020576 0.000000
-0.074044 -0.000074 0.670121 1.000000
0.598914 0.081472 -0.074757 0.000000
-0.710175 0.127525 -0.018090 2.000000
-0.731028 0.105259 0.082683 2.000000
0.472221 0.017285 -0.097157 0.000000
-0.812628 0.052272 0.006390 0.000000
-0.077510 0.112459 -0.023290 0.000000
0.077769 -0.046261 0.221082 3.000000
0.563501 -0.084261 -0.015824 0.000000
0.222969 -0.024741 0.013616 0.000000
-0.656335 -0.008074 0.017269 0.000000
0.267875 -0.086767 0.195696 3.000000
-0.107750 -0.022661 -0.530435 1.000000
-0.835481 0.107952 0.170682 2.000000
0.130062 -0.042341 -0.081184 0.000000
0.101289 -0.022581 0.277109 1.000000
0.189715 0.014859 -0.097423 0.000000
-0.199350 0.112539 -0.022810 0.000000
0.122729 -0.121834 0.197456 3.000000
-0.856308 0.115925 -0.219743 2.000000
0.356302 -0.094741 -0.067477 0.000000
0.244035 -0.064554 -0.282676 3.000000
-0.413563 0.032299 -0.095637 0.000000
0.196515 -0.131914 0.255029 3.000000
0.635127 0.041259 0.070549 0.000000
0.954620 0.025232 0.018016 0.000000
0.133849 -0.118074 0.218442 3.000000
0.186675 -0.046394 -0.177157 1.000000
-0.875774 0.118752 -0.247530 2.000000
0.539448 0.080272 0.051829 0.000000
-0.859161 0.108939 0.160416 2.000000
0.117049 -0.036501 0.224949 1.000000
-0.030390 -0.022074 -0.432676 1.000000
0.229502 -0.118367 -0.229183 3.000000
0.100409 -0.087114 -0.228756 3.000000
0.119422 -0.024741 -0.005290 0.000000
-0.320016 0.111419 0.007056 0.000000
0.046356 -0.021754 0.303695 1.000000
0.660327 -0.044314 -0.079904 0.000000
0.037263 -0.032688 0.295055 1.000000
0.695100 -0.031274 0.063589 0.000000
0.394168 0.042085 -0.093957 0.000000
0.178835 -0.060261 0.043563 0.000000
0.290968 -0.096181 -0.075797 0.000000
0.969393 0.017285 -0.042410 0.000000
0.213609 -0.051354 0.097029 1.000000
-0.795135 0.109099 0.189136 2.000000
0.089769 -0.019061 -0.347316 1.000000
0.294222 -0.053141 -0.247556 3.000000
-0.010711 -0.040608 0.130762 1.000000
0.143742 -0.048261 -0.149077 1.000000
0.247129 -0.121914 0.216415 3.000000
-0.685055 0.140938 -0.019264 2.000000
-0.041457 -0.006928 -0.529129 1.000000
0.140782 -0.066661 -0.226730 3.000000
0.251049 -0.128341 0.199642 3.000000
0.229769 -0.042714 -0.271263 3.000000
-0.005537 -0.033434 0.271375 1.000000
0.455661 0.084245 -0.072917 0.000000
0.083396 -0.040901 0.239215 1.000000
-0.776201 0.232831 -0.015530 2.000000
0.048116 -0.037328 0.110549 1.000000
-0.609135 0.199018 -0.005930 2.000000
0.164409 -0.100101 -0.066570 0.000000
-0.434202 0.084912 -0.073690 0.000000
0.473954 -0.063568 -0.025397 0.000000
-0.560922 0.104112 0.018549 0.000000
-0.517482 0.022085 0.065536 0.000000
-0.072897 -0.047248 0.358468 1.000000
0.163982 -0.049754 0.110122 1.000000
0.220942 0.093045 0.039723 0.000000
0.275662 -0.026341 -0.073477 0.000000
0.140782 -0.073781 -0.273903 3.000000
-0.753481 0.099579 0.046229 2.000000
0.145956 -0.083941 -0.232703 3.000000
-0.111084 -0.078154 -0.015584 0.000000
-0.222337 -0.055861 -0.072197 0.000000
0.417661 0.029019 -0.095823 0.000000
0.224489 -0.088554 0.244922 3.000000
-0.035617 -0.036421 -0.241903 1.000000
0.015263 -0.028794 -0.361396 1.000000
-0.673615 0.252911 -0.018170 2.000000
-0.439962 0.112672 -0.000784 0.000000
0.696700 0.069845 0.058416 0.000000
0.135556 -0.102367 0.239375 3.000000
0.776593 0.077339 0.045749 0.000000
-0.072604 -0.078394 0.016683 0.000000
-0.816868 0.221125 -0.010810 2.000000
0.210782 -0.057354 0.206682 3.000000
-0.046417 -0.024741 -0.042170 0.000000
0.396008 -0.090954 0.003296 0.000000
0.205982 -0.024848 0.041056 0.000000
0.405795 -0.024741 0.008843 0.000000
-0.520282 -0.008501 0.056443 0.000000
0.075769 -0.048741 0.102176 1.000000
0.528568 -0.001221 -0.095663 0.000000
0.282995 -0.001914 0.071883 0.000000
0.127716 -0.016554 0.068869 0.000000
-0.719188 0.221551 -0.005957 2.000000
0.257902 -0.022474 0.066789 0.000000
0.131929 -0.047728 -0.263930 3.000000
0.097289 -0.019621 -0.341956 1.000000
0.221369 -0.131141 -0.278063 3.000000
0.718940 0.080672 -0.073210 0.000000
0.121556 -0.024741 -0.032304 0.000000
-0.484016 0.035285 0.068709 0.000000
0.407395 -0.024741 -0.033690 0.000000
-0.783695 0.132032 -0.013637 2.000000
0.328862 -0.100101 -0.046464 0.000000
0.055049 -0.019674 0.324068 1.000000
0.243315 -0.066394 -0.092303 0.000000
-0.127404 0.016805 -0.836808 1.000000
0.055929 -0.013301 -0.426702 1.000000
0.173822 -0.077781 -0.041637 0.000000
0.257555 -0.099807 -0.250223 3.000000
-0.084284 -0.074208 0.025403 0.000000
0.155182 -0.033914 0.075936 1.000000
0.245902 -0.069568 -0.238196 3.000000
-0.035084 -0.040714 -0.184650 1.000000
-0.730415 0.086459 -0.061877 2.000000
0.077716 0.094405 0.038203 0.000000
-0.813348 0.109179 0.188469 2.000000
0.108729 -0.026634 -0.249636 1.000000
0.224489 -0.084821 0.226229 3.000000
-0.094284 -0.014528 0.469321 1.000000
0.049903 -0.031568 -0.335663 1.000000
0.002169 -0.041434 -0.127263 1.000000
-0.472896 -0.033594 -0.070837 0.000000
-0.268390 -0.050634 -0.075104 0.000000
0.151449 -0.128021 -0.221530 3.000000
0.299742 -0.056368 -0.279503 3.000000
0.245102 0.036512 0.071269 0.000000
-0.009697 -0.083888 -0.005450 0.000000
0.352568 0.107019 0.018203 0.000000
0.242302 -0.087941 -0.292889 3.000000
0.326568 -0.024741 -0.049290 0.000000
-0.491376 0.050032 -0.090197 0.000000
0.116169 -0.025834 -0.257610 1.000000
0.100996 -0.076901 -0.043477 0.000000
0.005796 -0.032474 0.358175 1.000000
-0.089884 -0.007914 0.525454 1.000000
0.053929 -0.015114 0.378922 1.000000
0.167022 -0.124074 0.222415 3.000000
0.577207 -0.041248 0.058229 0.000000
0.493661 -0.004288 0.071616 0.000000
-0.782655 0.114912 -0.188757 2.000000
-0.005217 -0.045781 -0.192890 1.000000
0.017263 -0.036314 0.155989 1.000000
-0.739615 0.066539 -0.047690 0.000000
-0.678655 -0.009941 -0.000437 0.000000
-0.687322 0.096272 0.006710 2.000000
0.073822 -0.029834 0.197429 1.000000
0.293475 -0.040074 0.059003 0.000000
-0.109990 0.008272 0.763907 1.000000
0.588807 -0.043914 0.056469 0.000000
0.013343 -0.052074 -0.090997 0.000000
0.420355 -0.024741 -0.005770 0.000000
0.027796 -0.042261 0.170256 1.000000
0.134862 0.070539 0.058256 0.000000
0.159582 -0.080501 0.066576 0.000000
0.837820 -0.078794 -0.003557 0.000000
-0.585402 0.121152 -0.000570 2.000000
-0.444469 0.094512 -0.004997 2.000000
-0.100177 0.006379 0.742814 1.000000
0.475021 -0.062741 -0.035397 0.000000
-0.807775 0.119898 -0.230996 2.000000
-0.219430 0.006912 -0.096570 0.000000
0.140542 -0.035568 0.064043 0.000000
-0.871828 0.436457 -0.012784 2.000000
0.269368 -0.089461 0.264309 3.000000
0.166702 0.098592 0.033536 0.000000
0.136596 -0.000581 -0.095717 0.000000
0.225342 -0.074581 0.024603 0.000000
0.432968 0.009046 -0.096810 0.000000
0.145236 -0.104101 0.264949 3.000000
-0.104817 0.012832 -0.794514 1.000000
0.206755 -0.032528 -0.111263 1.000000
0.039956 -0.034208 -0.300596 1.000000
0.115316 -0.044101 0.171589 1.000000
0.186089 -0.086527 -0.303849 3.000000
-0.050444 -0.014901 0.430468 1.000000
-0.417563 -0.052021 0.036656 0.000000
-0.767375 0.078139 -0.039744 0.000000
-0.720175 0.085605 0.033163 2.000000
0.110862 -0.080181 -0.257876 3.000000
-0.022417 -0.016821 -0.500649 1.000000
0.610914 -0.064741 -0.062250 0.000000
0.103209 -0.028101 0.206656 1.000000
0.016836 -0.031674 -0.242730 1.000000
-0.723215 0.108352 -0.141130 2.000000
-0.625642 -0.013568 0.023189 0.000000
-0.517376 0.013926 -0.088250 0.000000
-0.894414 0.129472 -0.325076 2.000000
0.156569 -0.072928 -0.208730 3.000000
0.006436 -0.047248 -0.118943 1.000000
0.250809 -0.045354 -0.230676 3.000000
-0.131563 -0.041754 -0.081584 0.000000
-0.027644 -0.031461 0.256762 1.000000
0.078222 -0.102261 -0.051290 0.000000
0.261475 -0.033274 -0.076757 1.000000
-0.786868 0.098645 0.052149 2.000000
-0.263243 0.054725 -0.089530 0.000000
-0.701562 -0.003914 -0.013610 0.000000
0.571287 -0.082128 -0.029664 0.000000
0.145956 -0.101007 -0.212303 3.000000
0.192009 -0.066128 -0.259850 3.000000
-0.240550 0.084752 -0.072597 0.000000
-0.393029 0.087845 0.047349 0.000000
-0.518949 0.151605 -0.016890 2.000000
-0.076150 -0.049301 -0.379929 1.000000
-0.195483 0.050565 0.824520 1.000000
0.129449 -0.067888 0.210309 3.000000
-0.836201 0.444351 -0.014330 2.000000
0.206115 -0.032954 0.150122 1.000000
0.931793 -0.029488 -0.059104 0.000000
-0.851028 0.119525 -0.240890 2.000000
-0.738788 0.271711 -0.017157 2.000000
0.219182 -0.125941 0.217322 3.000000
-0.787321 0.094085 -0.027504 0.000000
-0.195803 -0.024688 0.065989 0.000000
0.186675 -0.060101 -0.268543 3.000000
-0.863508 0.116218 0.201402 2.000000
-0.324790 0.108965 0.014549 0.000000
-0.798575 0.041605 -0.029984 0.000000
-0.017697 -0.039434 0.188229 1.000000
0.171795 -0.049514 0.068603 0.000000
-0.034604 -0.042981 0.130096 1.000000
-0.720495 0.029605 -0.048064 0.000000
0.699074 0.031659 0.071563 0.000000
0.092836 -0.030261 -0.357263 1.000000
0.201102 0.108379 -0.039050 0.000000
0.600754 -0.027674 -0.088624 0.000000
-0.730921 0.204458 -0.017317 2.000000
0.122516 0.108165 -0.039530 0.000000
0.100996 -0.034928 0.100203 1.000000
-0.374123 -0.041514 0.052683 0.000000
0.240489 -0.018928 -0.091743 0.000000
0.236355 -0.077568 -0.203396 3.000000
0.085796 -0.070581 0.235535 3.000000
0.305768 -0.090607 0.058389 0.000000
-0.183350 0.008459 0.744147 1.000000
0.802380 -0.062581 0.035883 0.000000
-0.701295 0.125445 -0.018570 2.000000
-0.807001 0.355604 -0.015157 2.000000
0.257129 -0.044928 -0.092063 0.000000
0.138036 -0.098447 -0.071184 0.000000
0.624941 0.077739 0.053509 0.000000
0.049556 -0.039008 0.219135 1.000000
0.251795 -0.100367 -0.287076 3.000000
-0.048177 -0.011621 -0.558942 1.000000
0.666941 0.061232 0.063429 0.000000
-0.062924 0.006246 0.664627 1.000000
0.136542 -0.026448 0.065376 0.000000
0.224142 -0.032928 -0.113877 1.000000
0.668167 0.107979 0.016203 0.000000
0.013343 -0.044021 -0.164837 1.000000
-0.650628 0.012459 -0.060277 0.000000
0.138862 -0.113087 -0.211290 3.000000
-0.003537 -0.057701 -0.192010 1.000000
0.390701 -0.075834 -0.045664 0.000000
0.254435 0.100485 0.031403 0.000000
0.390195 -0.059194 0.044763 0.000000
-0.018231 -0.044928 0.114816 1.000000
0.238382 -0.039968 0.123936 1.000000
-0.347803 0.037099 -0.095423 0.000000
0.911446 -0.049808 -0.051744 0.000000
-0.172497 0.033872 0.819453 1.000000
0.393261 0.065232 0.061749 0.000000
0.122756 0.057099 -0.088597 0.000000
0.161316 0.049632 0.067563 0.000000
-0.658868 0.057659 0.040949 0.000000
0.312275 -0.065434 -0.091210 0.000000
0.034196 -0.033141 -0.312063 1.000000
0.153716 -0.027754 -0.240276 1.000000
0.027743 -0.008421 0.497455 1.000000
0.659847 -0.074154 -0.049184 0.000000
0.531581 0.112699 -0.021744 0.000000
0.194915 -0.081648 -0.089770 0.000000
-0.340229 -0.063914 -0.056570 0.000000
0.093182 -0.020661 -0.402436 1.000000
0.763500 -0.016954 0.065989 0.000000
0.015663 -0.033728 0.275455 1.000000
0.880913 -0.054634 -0.056037 0.000000
0.063529 -0.024741 -0.021077 0.000000
-0.747135 0.088459 0.049776 2.000000
-0.684335 0.102219 -0.079557 2.000000
0.746354 -0.081754 0.005910 0.000000
-0.819348 0.122272 -0.251076 2.000000
0.759260 0.032352 0.068123 0.000000
0.025609 -0.029728 -0.352516 1.000000
0.803687 0.016992 -0.090144 0.000000
-0.080497 -0.043434 0.348282 1.000000
0.188302 0.100219 0.031696 0.000000
0.095102 -0.083194 -0.257103 3.000000
-0.016097 -0.023488 -0.346276 1.000000
-0.899721 0.129925 0.306949 2.000000
0.018703 0.069099 0.059216 0.000000
-0.469216 -0.059381 -0.023290 0.000000
0.170969 -0.044101 -0.242623 3.000000
0.310622 0.111659 -0.028490 0.000000
0.330062 0.056192 0.065216 0.000000
0.287128 -0.027834 0.053829 0.000000
0.159822 -0.057061 -0.251823 3.000000
0.521314 -0.083888 -0.005557 0.000000
0.556648 0.046512 0.068683 0.000000
0.251475 -0.128127 -0.253076 3.000000
-0.711482 0.061019 0.030389 0.000000
-0.553295 0.115338 0.000470 2.000000
-0.768121 0.197205 -0.015530 2.000000
0.266115 -0.097007 -0.074170 0.000000
-0.766441 0.257498 -0.007504 2.000000
0.130516 -0.119007 -0.259530 3.000000
0.122409 -0.130367 -0.265450 3.000000
0.146009 -0.102261 -0.051237 0.000000
-0.209590 -0.073114 0.027643 0.000000
-0.004844 -0.026634 -0.307823 1.000000
-0.838841 0.120938 -0.246116 2.000000
0.251395 -0.070634 -0.292356 3.000000
0.035423 -0.025621 0.065643 0.000000
0.455901 -0.072368 0.003216 0.000000
0.001129 -0.025994 0.285775 1.000000
-0.159243 0.009846 0.737427 1.000000
-0.689935 0.304911 -0.014917 2.000000
0.115849 -0.073328 0.027189 0.000000
0.163316 0.027712 -0.095983 0.000000
0.284862 -0.064714 -0.278916 3.000000
0.239049 -0.053141 -0.242970 3.000000
0.018409 -0.021114 -0.348196 1.000000
0.026969 -0.025461 -0.298249 1.000000
0.722247 0.025099 -0.094970 0.000000
-0.058844 -0.055994 0.048336 0.000000
0.226489 -0.024741 -0.010650 0.000000
0.240062 -0.125141 0.245642 3.000000
0.102009 -0.038341 0.239402 1.000000
0.139236 -0.094527 -0.250436 3.000000
-0.685855 0.093205 -0.042170 0.000000
0.165742 -0.069274 0.223109 3.000000
0.204649 -0.135701 0.220362 3.000000
-0.850948 0.120325 0.262602 2.000000
0.552061 -0.079594 0.014203 0.000000
0.139476 -0.052474 0.203536 3.000000
0.775340 -0.052528 -0.071344 0.000000
0.152462 -0.046794 0.248255 3.000000
0.239795 -0.062288 0.186869 3.000000
0.093316 0.096592 0.035776 0.000000
0.106756 -0.022874 0.351988 1.000000
0.230649 -0.032608 0.075776 1.000000
0.002916 -0.034528 0.196122 1.000000
-0.046070 -0.046154 -0.371743 1.000000
0.440328 -0.069648 0.037509 0.000000
-0.138977 -0.084501 -0.014117 0.000000
-0.063377 -0.001461 0.572121 1.000000
0.032703 -0.060394 0.068603 0.000000
0.243449 -0.075168 -0.047050 0.000000
0.987739 -0.038341 -0.006517 0.000000
-0.885774 0.124645 -0.289956 2.000000
-0.023644 -0.037941 -0.206516 1.000000
0.188649 0.000779 0.072176 0.000000
0.151316 -0.042501 0.196229 1.000000
-0.673535 0.012592 -0.053584 0.000000
0.511261 0.030992 -0.095610 0.000000
0.242142 -0.053781 -0.264436 3.000000
0.028596 -0.039514 -0.261796 3.000000
-0.254683 0.077419 0.053749 0.000000
0.237555 -0.128447 0.198976 3.000000
0.275662 -0.124981 -0.286090 3.000000
0.274915 -0.048234 0.205242 3.000000
-0.465802 0.105472 0.022656 0.000000
-0.804095 0.385658 -0.008437 2.000000
0.569847 0.046219 0.068763 0.000000
-0.080844 -0.003968 0.622094 1.000000
0.198329 -0.040288 -0.167983 1.000000
0.231129 -0.053674 0.070149 1.000000
-0.127857 0.010486 0.725454 1.000000
-0.610335 0.109925 -0.011344 0.000000
-0.836174 0.096299 -0.085237 2.000000
-0.540442 -0.016128 -0.070517 0.000000
-0.204390 0.094539 0.840920 1.000000
0.175502 0.089365 0.043856 0.000000
-0.022684 -0.003648 0.534601 1.000000
0.704460 -0.071808 -0.053957 0.000000
0.145956 -0.121887 0.215295 3.000000
0.658007 0.032699 -0.095423 0.000000
0.192249 -0.050741 0.102176 1.000000
-0.733215 0.181738 -0.017104 2.000000
-0.396949 0.070805 -0.083450 0.000000
0.293422 0.054245 -0.089610 0.000000
-0.394683 -0.065754 -0.041530 0.000000
0.133556 -0.036954 -0.243183 3.000000
0.173422 -0.032074 0.107003 1.000000
-0.247936 0.085792 0.047856 0.000000
-0.655482 0.267178 -0.010330 2.000000
-0.490202 0.135578 -0.000997 2.000000
-0.202683 -0.039568 0.059323 0.000000
0.213529 -0.082794 0.178709 3.000000
0.211662 -0.124394 0.268255 3.000000
-0.419643 0.100459 -0.056117 0.000000
0.637021 -0.060768 0.043003 0.000000
0.140782 -0.126474 -0.268303 3.000000
0.041289 -0.023568 -0.310009 1.000000
0.128542 -0.047541 0.219509 3.000000
0.343288 -0.024741 -0.022437 0.000000
0.108889 -0.024741 -0.046010 0.000000
-0.126817 -0.005728 0.583321 1.000000
-0.389056 0.030432 -0.096037 0.000000
0.147956 -0.066634 0.189216 3.000000
0.124276 -0.037461 -0.276330 1.000000
0.967366 -0.004634 -0.051824 0.000000
-0.846761 0.123658 0.285082 2.000000
0.369555 -0.024741 -0.005957 0.000000
0.315502 0.109712 -0.036304 0.000000
0.031849 -0.035408 0.221669 1.000000
0.104462 -0.096074 0.253749 3.000000
0.245635 -0.084154 0.281082 3.000000
0.058596 -0.073808 -0.049877 0.000000
0.108916 -0.034688 0.062416 0.000000
-0.077270 0.006166 0.686681 1.000000
-0.639962 0.216218 -0.004837 2.000000
-0.812335 0.158378 -0.011717 2.000000
0.251209 -0.073568 -0.224996 3.000000
-0.015031 -0.025088 0.375402 1.000000
0.074436 -0.031461 0.172869 1.000000
0.308062 0.001019 0.072203 0.000000
0.206995 -0.038528 0.240042 3.000000
-0.115804 -0.048368 0.041936 0.000000
0.542754 0.113205 -0.005317 0.000000
0.161956 -0.058741 -0.068970 0.000000
-0.086710 -0.023781 -0.530329 1.000000
0.288862 -0.121994 -0.219796 3.000000
-0.508016 0.105152 0.022976 0.000000
-0.750735 0.103579 0.149669 2.000000
-0.329269 0.093579 -0.063744 0.000000
0.145369 -0.027488 -0.228356 1.000000
0.011529 -0.042048 0.082443 1.000000
0.207315 -0.102261 -0.012944 0.000000
-0.101057 -0.010288 0.534254 1.000000
0.730780 0.077525 0.050629 0.000000
0.004943 -0.030421 0.348975 1.000000
0.328275 -0.047408 0.054149 0.000000
0.391448 0.077019 0.053989 0.000000
-0.716948 0.089685 -0.026437 2.000000
0.257129 -0.024741 0.031109 0.000000
-0.829668 0.113605 -0.241530 2.000000
0.069236 -0.041381 -0.081850 0.000000
0.008676 -0.082421 -0.027717 0.000000
0.073849 0.109845 -0.036064 0.000000
0.295822 -0.059808 0.206389 3.000000
0.354302 -0.035914 0.061723 0.000000
-0.204070 0.112405 -0.000037 0.000000
0.364728 -0.081408 0.010443 0.000000
-0.851801 0.112939 -0.227130 2.000000
0.002276 -0.063328 -0.198276 1.000000
0.251929 -0.099434 0.259775 3.000000
0.032436 -0.068848 -0.057637 0.000000
0.222435 -0.067328 0.198576 3.000000
-0.028391 -0.016554 0.399028 1.000000
0.244915 -0.124394 -0.265050 3.000000
0.043236 -0.056901 0.047323 0.000000
0.272275 -0.082528 0.003376 0.000000
-0.693082 0.102245 0.074043 2.000000
0.450435 0.032432 -0.095450 0.000000
0.074462 0.044059 -0.093237 0.000000
0.192409 -0.032714 -0.202036 1.000000
0.515101 0.112059 -0.026010 0.000000
-0.689162 -0.005168 -0.026810 0.000000
0.103502 -0.091407 0.058683 0.000000
-0.152017 0.066672 0.060816 0.000000
0.255822 -0.061408 0.068603 0.000000
-0.133057 -0.005594 -0.604302 1.000000
0.079689 -0.016608 0.362228 1.000000
0.247342 -0.090394 -0.220436 3.000000
0.189102 -0.020821 0.067376 0.000000
-0.043110 -0.019568 -0.460276 1.000000
-0.091430 -0.004901 -0.577955 1.000000
0.702940 -0.056074 -0.071850 0.000000
-0.294843 -0.002394 -0.095370 0.000000
-0.639642 -0.001488 -0.054304 0.000000
0.029956 -0.026261 -0.089130 0.000000
0.091609 -0.045781 -0.243956 3.000000
0.227475 -0.103514 0.220309 3.000000
-0.516229 -0.021701 0.048469 0.000000
0.086302 -0.049141 0.238975 3.000000
0.017343 -0.040821 0.094789 1.000000
0.897046 -0.043141 0.037803 0.000000
0.192275 -0.030741 -0.160863 1.000000
0.265582 -0.039114 -0.107423 1.000000
-0.799961 0.090005 0.037136 2.000000
-0.801108 0.054485 0.009936 0.000000
0.255129 -0.083248 -0.001264 0.000000
0.060196 -0.087701 0.231269 3.000000
-0.108150 -0.002768 0.629667 1.000000
-0.327216 -0.002608 -0.095263 0.000000
0.477314 0.006246 -0.096490 0.000000
-0.081564 -0.020581 0.406842 1.000000
0.171022 -0.072021 0.262789 3.000000
0.190115 -0.102261 -0.006330 0.000000
-0.004044 -0.027274 -0.375049 1.000000
0.217262 -0.135514 0.228682 3.000000
0.242862 -0.097647 -0.286596 3.000000
-0.061857 -0.067114 -0.059610 0.000000
-0.823348 0.101979 0.126736 2.000000
0.157289 -0.075034 0.184309 3.000000
-0.062924 -0.008741 0.499348 1.000000
0.235129 -0.057354 -0.070517 0.000000
-0.117617 -0.084341 -0.015157 0.000000
0.145956 -0.060048 -0.232170 3.000000
0.126542 -0.034528 -0.309236 1.000000
0.958886 -0.019728 -0.053104 0.000000
-0.029484 0.056165 0.065243 0.000000
0.412221 -0.082021 -0.030357 0.000000
0.145956 -0.106741 0.222709 3.000000
-0.312816 -0.069408 -0.050490 0.000000
-0.004871 -0.029888 0.252922 1.000000
-0.190897 -0.058048 0.046069 0.000000
0.147476 -0.060501 0.217269 3.000000
-0.037404 -0.007088 -0.615475 1.000000
0.705714 0.039125 -0.094117 0.000000
-0.177323 0.014032 0.788654 1.000000
0.189929 0.028965 0.072123 0.000000
-0.208043 0.108005 0.016176 0.000000
-0.787721 0.321284 -0.007984 2.000000
-0.113270 -0.015754 -0.542782 1.000000
-0.264096 -0.058368 0.044923 0.000000
0.291368 -0.024741 -0.045930 0.000000
0.294435 -0.122527 -0.256383 3.000000
0.156196 -0.031621 -0.279476 1.000000
-0.002657 -0.062688 0.172442 1.000000
-0.730095 0.249205 -0.017424 2.000000
0.088862 -0.030794 0.326895 1.000000
0.204275 -0.042208 0.172549 1.000000
0.451768 -0.077808 0.017936 0.000000
0.762834 -0.069168 0.031269 0.000000
0.182302 -0.077301 -0.205583 3.000000
-0.651748 -0.018581 -0.017237 0.000000
-0.181537 -0.017568 -0.092223 0.000000
0.909926 0.002406 0.048363 0.000000
0.149102 -0.106847 -0.223850 3.000000
0.337528 -0.077994 0.064069 0.000000
0.018223 0.088725 0.044576 0.000000
0.316088 -0.013434 0.069989 0.000000
0.263022 -0.064501 -0.092303 0.000000
-0.627935 0.108725 -0.009184 0.000000
0.076969 -0.025061 -0.067477 0.000000
-0.887481 0.446031 -0.011824 2.000000
-0.385056 0.103739 0.026336 0.000000
0.730487 0.082965 -0.070384 0.000000
0.060756 0.065232 -0.085450 0.000000
0.226142 0.068805 0.059403 0.000000
0.279795 -0.089381 -0.289183 3.000000
0.570807 -0.064341 0.039003 0.000000
0.213155 -0.053034 -0.263823 3.000000
-0.598789 0.096192 -0.050224 0.000000
0.236702 -0.097541 0.192416 3.000000
0.489661 0.079045 -0.076357 0.000000
-0.027111 -0.005008 0.520228 1.000000
-0.786068 0.326538 -0.015797 2.000000
-0.760041 0.377071 -0.007984 2.000000
0.265209 -0.124741 0.214122 3.000000
0.284008 0.084299 0.049189 0.000000
0.122622 -0.023914 0.257722 1.000000
-0.034497 -0.033008 -0.272410 1.000000
0.051103 -0.102261 0.018256 0.000000
0.155102 -0.113327 -0.297823 3.000000
0.153022 -0.018128 -0.092010 0.000000
-0.100310 -0.024261 0.519934 1.000000
-0.209590 0.084512 0.834787 1.000000
0.099262 -0.094634 -0.078250 0.000000
-0.072817 -0.023168 -0.400302 1.000000
0.102649 -0.079434 0.207056 3.000000
-0.438042 0.008192 -0.094330 0.000000
0.171049 -0.127354 -0.217450 3.000000
-0.073297 0.090645 -0.066117 0.000000
0.031423 0.005606 -0.096437 0.000000
-0.088124 -0.036288 0.512761 1.000000
-0.738495 0.099979 -0.068437 2.000000
-0.694655 0.172325 -0.005157 2.000000
-0.691268 0.094512 -0.006730 2.000000
0.104222 -0.021301 -0.317049 1.000000
-0.223963 -0.079701 0.013963 0.000000
0.306702 0.001499 -0.095957 0.000000
-0.150363 0.056592 -0.088784 0.000000
0.311235 0.047925 -0.091877 0.000000
-0.017964 -0.018901 -0.441582 1.000000
-0.068364 -0.014474 -0.516755 1.000000
0.248622 -0.065941 0.251989 3.000000
-0.773535 0.098432 0.001376 0.000000
-0.825268 0.116938 0.241002 2.000000
-0.148043 -0.049008 0.053083 0.000000
-0.007324 -0.024741 0.021589 0.000000
-0.111670 -0.002901 -0.095450 0.000000
0.033903 -0.041061 -0.135983 1.000000
-0.207830 0.130592 0.847827 1.000000
-0.619882 0.107339 0.002976 0.000000
0.542008 -0.068474 -0.058064 0.000000
-0.315990 0.005419 0.072523 0.000000
-0.142230 0.014352 0.073723 0.000000
-0.310123 0.014139 -0.097263 0.000000
0.181342 -0.044554 -0.198303 1.000000
-0.829908 0.426511 -0.014544 2.000000
0.912033 0.021179 0.045136 0.000000
-0.141270 -0.083061 -0.023610 0.000000
0.423608 -0.057861 -0.069957 0.000000
-0.825535 0.123658 0.270735 2.000000
-0.765588 0.136058 -0.008810 2.000000
-0.052417 -0.024714 0.365935 1.000000
0.141636 -0.052101 -0.244276 3.000000
0.707287 -0.079434 0.014389 0.000000
0.042969 -0.027301 0.246175 1.000000
0.107982 -0.067514 -0.244890 3.000000
-0.024017 -0.008128 0.484735 1.000000
-0.751295 0.110939 -0.153637 2.000000
-0.189403 0.112779 -0.002384 0.000000
0.260649 -0.063728 0.249829 3.000000
-0.858228 0.121925 0.241749 2.000000
0.567394 0.051659 -0.090543 0.000000
-0.753641 0.098805 -0.008544 2.000000
-0.480362 0.125552 -0.024224 2.000000
0.071076 -0.076288 -0.044784 0.000000
-0.867401 0.110779 -0.193023 2.000000
-0.406176 0.026699 0.072683 0.000000
0.006916 -0.005514 0.520974 1.000000
0.077796 -0.041594 -0.218650 1.000000
0.256222 -0.124901 0.244095 3.000000
0.211635 -0.088447 0.189669 3.000000
0.131902 -0.088261 0.213402 3.000000
-0.592949 0.103472 0.016203 0.000000
-0.780895 0.376004 -0.007957 2.000000
0.293182 -0.081754 0.008470 0.000000
0.224115 -0.058848 -0.228623 3.000000
0.086996 -0.091754 0.058283 0.000000
-0.042764 -0.024794 -0.354543 1.000000
-0.005777 -0.024741 -0.037877 0.000000
0.060223 -0.039888 0.225615 1.000000
0.270862 -0.102154 -0.301983 3.000000
-0.200150 0.007446 0.072923 0.000000
0.578381 -0.033274 0.062923 0.000000
0.006916 -0.042288 -0.089770 0.000000
0.119609 -0.056101 0.238682 3.000000
0.231635 -0.083594 0.190282 3.000000
0.734807 -0.079168 -0.038490 0.000000
0.031449 -0.015754 -0.519955 1.000000
-0.132897 -0.067701 0.021856 0.000000
-0.096897 -0.072874 0.028149 0.000000
-0.118470 0.000272 -0.688755 1.000000
0.348248 -0.026261 0.065429 0.000000
-0.826948 0.060059 0.002736 0.000000
-0.313856 0.086139 0.048309 0.000000
0.088196 -0.068794 -0.256596 3.000000
0.101902 -0.045834 -0.170410 1.000000
0.352168 -0.078581 0.016283 0.000000
0.008863 0.112672 -0.001797 0.000000
-0.634815 0.094512 -0.004650 2.000000
0.028356 -0.101247 0.036576 0.000000
-0.507722 0.000726 -0.086170 0.000000
0.190729 -0.101354 -0.061424 0.000000
-0.278896 0.022379 0.073003 0.000000
-0.258576 0.043339 0.069856 0.000000
-0.707028 0.175632 -0.005557 2.000000
0.098756 -0.077594 -0.232836 3.000000
-0.103697 -0.024741 0.009083 0.000000
-0.020897 -0.036474 0.224842 1.000000
-0.868334 0.119632 -0.274543 2.000000
0.269395 0.015392 -0.097370 0.000000
-0.105830 0.000512 0.671587 1.000000
0.068809 -0.057568 0.068603 0.000000
0.201529 -0.052421 0.082389 1.000000
-0.009511 -0.099487 0.021349 0.000000
-0.730921 0.094512 -0.010917 2.000000
0.100916 -0.040741 0.067109 0.000000
-0.170737 -0.060288 0.043536 0.000000
0.096222 -0.023488 -0.290809 1.000000
0.155289 -0.029461 0.163909 1.000000
0.114489 -0.035701 -0.085584 0.000000
0.035716 0.069659 -0.082544 0.000000
0.198782 -0.032421 0.092549 1.000000
-0.013617 -0.038981 -0.219850 1.000000
-0.143217 0.000859 0.663241 1.000000
0.266942 -0.057008 -0.216116 3.000000
-0.842761 0.342778 -0.010517 2.000000
0.852193 0.069685 -0.061157 0.000000
0.115422 -0.061754 0.041909 0.000000
0.571687 -0.024394 -0.089797 0.000000
0.506354 -0.032181 -0.087024 0.000000
-0.077324 -0.038128 -0.371849 1.000000
0.337795 -0.090261 0.054843 0.000000
-0.155430 0.006086 -0.750515 1.000000
0.858300 0.073979 0.030629 0.000000
0.140782 -0.072181 -0.288756 3.000000
-0.179163 -0.039434 -0.083130 0.000000
0.134462 -0.059274 -0.245130 3.000000
0.658381 0.042459 -0.093823 0.000000
-0.122417 0.005126 0.072683 0.000000
0.108009 -0.038848 -0.258063 1.000000
0.895686 -0.062714 0.018229 0.000000
0.018489 -0.033834 -0.298703 1.000000
-0.726362 0.274458 -0.017424 2.000000
0.037583 -0.031248 -0.378436 1.000000
0.225795 -0.033248 -0.122543 1.000000
0.575234 0.106032 0.020229 0.000000
-0.032284 -0.042181 0.144336 1.000000
0.048383 -0.021008 -0.090997 0.000000
0.091369 -0.042128 0.191296 1.000000
0.128036 -0.033274 -0.131663 1.000000
0.009049 -0.007061 0.487588 1.000000
-0.845508 0.127205 -0.293289 2.000000
-0.497322 0.074939 0.055589 0.000000
-0.030364 -0.004501 -0.550675 1.000000
0.015396 -0.100901 0.032309 0.000000
0.217582 -0.047061 0.068549 0.000000
-0.748761 0.113045 0.155002 2.000000
0.146836 -0.074448 0.232655 3.000000
-0.779775 0.102405 -0.168277 2.000000
-0.054630 -0.055568 -0.082997 0.000000
0.145956 -0.095887 0.274655 3.000000
0.177022 -0.024741 -0.053237 0.000000
0.076142 -0.044901 0.152096 1.000000
-0.053644 -0.034394 0.346922 1.000000
0.373075 0.089072 -0.067904 0.000000
0.222862 -0.058501 -0.279370 3.000000
-0.644042 0.073125 0.038603 0.000000
0.089529 -0.035808 -0.291529 1.000000
0.328088 -0.024741 -0.007637 0.000000
0.114649 -0.024741 -0.023317 0.000000
