0.261540 -0.092037 0.105928 0.000000
0.684446 -0.199686 -0.011590 3.000000
0.671580 -0.098088 0.023897 0.000000
-0.340046 0.041683 -0.104027 0.000000
-0.333882 -0.044108 0.079659 0.000000
0.570434 0.115372 -0.035286 0.000000
-0.807630 0.086785 0.262354 2.000000
-0.768297 0.090800 0.267133 2.000000
-0.591426 0.135194 0.007129 2.000000
-0.735948 0.339013 -0.013570 2.000000
0.317867 -0.045041 0.213379 1.000000
0.422689 -0.064467 0.078245 0.000000
-0.128904 0.044426 -0.945710 1.000000
0.025543 -0.097636 -0.031921 0.000000
-0.154099 -0.075382 -0.075976 0.000000
-0.068788 0.001728 -0.660399 1.000000
0.312692 -0.142087 -0.278720 3.000000
0.872797 0.054125 -0.049792 0.000000
0.066572 -0.042581 -0.203108 1.000000
-0.628977 0.101262 0.007779 2.000000
0.361385 -0.075467 -0.074449 0.000000
0.428118 -0.094921 0.070073 0.000000
-0.090788 -0.084459 -0.062517 0.000000
-0.591115 0.088764 -0.017246 2.000000
-0.052077 0.011060 0.635578 1.000000
-0.496077 0.008713 0.080705 0.000000
0.371960 -0.113301 -0.060792 0.000000
0.033064 -0.011024 -0.599830 1.000000
-0.294804 -0.079850 -0.053666 0.000000
-0.880244 0.102026 0.342123 2.000000
0.579596 0.112516 0.039082 0.000000
0.185165 0.120519 -0.008452 0.000000
-0.645943 0.084721 0.051099 0.000000
-0.413368 0.061053 0.085653 0.000000
-0.605480 0.061336 -0.075891 0.000000
-0.121411 0.015301 0.761579 1.000000
-0.230757 0.047226 0.962598 1.000000
-0.217976 0.034812 -0.906660 1.000000
-0.728992 0.078896 -0.190186 2.000000
0.693410 -0.104139 0.001134 0.000000
0.228711 -0.018998 -0.266420 1.000000
-0.214074 0.012445 -0.115224 0.000000
-0.136058 0.018270 -0.793440 1.000000
-0.225384 -0.087739 0.044143 0.000000
0.337434 -0.116977 -0.043854 0.000000
-0.105491 0.016772 -0.715510 1.000000
0.319733 -0.048463 -0.200620 1.000000
-0.477188 0.093797 -0.069105 0.000000
0.147528 -0.043967 -0.337507 1.000000
0.167011 -0.104620 0.096116 0.000000
0.740943 0.110056 -0.028811 0.000000
0.601143 -0.102047 -0.010176 0.000000
0.725899 -0.023862 -0.108183 0.000000
-0.189049 0.030995 -0.864358 1.000000
0.252435 -0.080246 0.333781 1.000000
-0.138547 0.029581 -0.905670 1.000000
0.908765 -0.063251 -0.054854 0.000000
0.698612 -0.177687 0.013491 3.000000
0.379765 -0.184615 -0.320739 3.000000
-0.002564 -0.048576 0.223813 1.000000
-0.134023 0.032946 0.102761 0.000000
0.363421 -0.076739 0.063513 0.000000
0.538934 -0.096278 0.029637 0.000000
-0.015911 -0.018065 -0.489749 1.000000
0.060238 0.007158 0.107200 0.000000
0.427552 -0.171805 0.344724 3.000000
0.156068 -0.068002 0.181115 1.000000
0.152986 -0.016255 0.306749 1.000000
-0.014384 -0.055730 0.192087 1.000000
-0.832145 0.075587 -0.113443 2.000000
0.671806 -0.100266 0.013039 0.000000
-0.005901 -0.058671 0.317974 1.000000
0.054639 -0.090199 -0.206360 1.000000
-0.704816 0.079489 0.063202 2.000000
-0.888133 0.050902 -0.007886 0.000000
0.237533 -0.020243 -0.308976 1.000000
0.228909 -0.068567 0.169776 1.000000
0.513344 0.105985 -0.057964 0.000000
0.763875 0.016828 0.099226 0.000000
0.656367 0.109519 0.043578 0.000000
-0.786592 0.085258 0.135024 2.000000
0.123946 -0.016736 0.322159 1.000000
0.034846 0.002746 -0.537791 1.000000
0.219097 -0.115733 0.297672 3.000000
0.068523 -0.049509 0.149983 1.000000
-0.001716 0.033087 -0.111831 0.000000
-0.020124 0.110848 -0.049933 0.000000
0.402640 -0.101397 -0.089464 0.000000
-0.031633 -0.019903 0.101771 0.000000
-0.201802 0.032748 0.874431 1.000000
0.099203 -0.117543 -0.032119 0.000000
-0.864098 0.046717 0.008628 0.000000
-0.010567 -0.024286 -0.426579 1.000000
0.706841 -0.212156 -0.014361 3.000000
0.381970 -0.087937 0.047197 0.000000
0.347190 -0.063308 -0.329703 3.000000
0.077289 -0.007150 0.436991 1.000000
0.069513 -0.152719 0.238262 3.000000
0.571311 -0.082904 0.055737 0.000000
-0.052388 0.006988 -0.734342 1.000000
-0.052331 -0.032204 0.471800 1.000000
-0.833192 0.071063 -0.036785 0.000000
0.193704 -0.056861 0.108444 1.000000
-0.310469 -0.087371 -0.027567 0.000000
0.037928 -0.046342 0.334120 1.000000
0.096291 -0.010148 0.405971 1.000000
0.096150 -0.064043 0.108444 1.000000
0.040954 -0.034126 -0.279257 1.000000
0.966958 -0.053411 0.028110 0.000000
0.143202 -0.097607 0.022427 0.000000
0.289081 -0.083102 -0.329957 1.000000
0.401594 -0.144575 -0.350769 3.000000
0.383299 -0.047077 -0.117091 0.000000
0.605384 0.079913 0.080677 0.000000
-0.674927 0.212220 0.006309 2.000000
0.656961 -0.101651 -0.011505 0.000000
0.373487 -0.056946 -0.326706 1.000000
0.398484 -0.071847 0.106295 0.000000
0.342326 -0.184615 -0.325461 3.000000
0.471834 -0.092122 0.031164 0.000000
-0.870291 0.097077 0.289783 2.000000
0.136670 -0.021798 0.468746 1.000000
0.029021 -0.070575 0.142602 1.000000
0.401594 -0.123650 0.286927 3.000000
-0.024366 0.003369 0.703668 1.000000
0.305369 -0.060791 -0.343361 1.000000
0.618363 0.070017 -0.096364 0.000000
0.297536 -0.116016 -0.063874 0.000000
0.071832 -0.054740 -0.249397 1.000000
0.329771 -0.121416 -0.350203 3.000000
0.316312 -0.117854 0.011597 0.000000
-0.344910 -0.068624 0.053587 0.000000
-0.673033 0.110763 0.006931 0.000000
-0.804604 0.085823 -0.262602 2.000000
0.196984 -0.041563 0.333838 1.000000
0.050596 0.010890 0.630008 1.000000
0.058655 -0.140956 -0.204635 1.000000
0.078505 -0.052563 -0.262913 1.000000
-0.826122 0.075926 0.059186 2.000000
-0.532300 0.015669 -0.085703 0.000000
0.147755 -0.118136 0.005150 0.000000
-0.716635 0.067302 0.084748 2.000000
0.061991 -0.001778 -0.632065 1.000000
-0.695117 0.079291 -0.076033 2.000000
-0.385742 -0.006868 -0.100747 0.000000
0.001140 -0.112764 -0.091104 0.000000
-0.084312 -0.098484 -0.027482 0.000000
-0.780993 0.238800 0.000060 2.000000
-0.158086 0.032154 0.913029 1.000000
-0.806385 0.416632 -0.010714 2.000000
-0.151300 0.017026 0.736441 1.000000
0.022121 -0.027566 0.328069 1.000000
-0.043820 0.084749 -0.086043 0.000000
0.029586 -0.002400 0.105277 0.000000
-0.117028 0.028337 -0.904341 1.000000
-0.838621 0.277002 -0.004606 2.000000
0.292418 -0.102160 -0.371439 3.000000
0.052349 -0.115818 -0.069331 0.000000
0.592999 -0.097636 0.023133 0.000000
0.137999 -0.020497 -0.484009 1.000000
0.178406 -0.023212 -0.219820 1.000000
0.301778 -0.121445 0.381201 3.000000
0.156379 -0.032882 0.396753 1.000000
0.325134 -0.146498 -0.380884 3.000000
0.083680 -0.073714 0.107935 1.000000
0.009114 0.017620 0.667220 1.000000
0.149281 0.073212 0.084720 0.000000
-0.337190 0.017620 0.099820 0.000000
0.587061 0.012841 -0.116129 0.000000
0.831230 0.077651 0.039732 0.000000
-0.002197 -0.078125 0.107879 0.000000
0.440899 -0.093196 -0.074138 0.000000
-0.217665 0.038488 0.923095 1.000000
-0.783170 0.468689 -0.010092 2.000000
-0.303598 0.099255 -0.064270 0.000000
-0.001122 -0.014531 0.534121 1.000000
0.303870 0.118596 -0.019168 0.000000
-0.174091 0.035123 -0.881777 1.000000
-0.166258 0.023275 0.819744 1.000000
0.010273 -0.045126 0.327730 1.000000
0.250371 -0.115818 0.058479 0.000000
0.135313 0.094363 -0.074506 0.000000
-0.108517 0.003397 -0.115535 0.000000
-0.152996 -0.095261 0.052824 0.000000
0.342298 0.095692 0.064304 0.000000
0.222348 -0.024965 -0.117091 1.000000
0.131382 -0.116072 -0.063450 0.000000
-0.039267 -0.054118 -0.278409 1.000000
-0.013338 -0.048265 -0.266731 1.000000
0.057891 -0.028754 -0.295318 1.000000
0.050228 -0.097721 -0.111746 0.000000
-0.017805 0.021579 0.105023 0.000000
0.255885 -0.067662 -0.325688 1.000000
0.900084 -0.031412 -0.073375 0.000000
-0.647612 0.146279 0.007638 2.000000
0.340319 -0.091160 -0.385606 3.000000
0.299346 -0.025587 0.141641 1.000000
-0.776186 0.094363 0.277793 2.000000
0.135539 -0.079878 0.330105 1.000000
0.000885 0.073891 0.084239 0.000000
0.162515 -0.022448 0.449178 1.000000
-0.035761 -0.009497 -0.566520 1.000000
-0.886239 0.103609 -0.369997 2.000000
0.077883 -0.124018 0.240666 1.000000
0.185306 -0.014333 0.412079 1.000000
0.652267 0.056642 0.096172 0.000000
0.266064 -0.057228 0.334318 1.000000
-0.696446 0.083109 -0.139373 2.000000
0.675482 -0.079510 0.060883 0.000000
-0.390209 0.096766 0.057772 0.000000
0.690949 -0.151333 -0.000195 0.000000
-0.741010 0.312150 -0.013400 2.000000
0.619466 0.119133 0.007355 0.000000
0.329460 -0.030507 0.119020 1.000000
0.045025 -0.056154 -0.141663 1.000000
-0.184298 -0.010204 -0.700297 1.000000
-0.188031 0.042701 0.931465 1.000000
-0.152431 0.033172 0.845221 1.000000
-0.035309 -0.025332 0.456558 1.000000
-0.018173 -0.026407 -0.379130 1.000000
-0.174345 0.082374 0.078556 0.000000
0.808128 -0.016340 0.091422 0.000000
0.209454 -0.046681 -0.325603 1.000000
0.170913 -0.069189 0.177496 1.000000
-0.644360 0.067359 0.064389 2.000000
0.430295 -0.135272 -0.287344 3.000000
0.016749 -0.018602 0.505873 1.000000
-0.110581 -0.092065 0.042164 0.000000
-0.836472 0.432806 -0.000930 2.000000
0.145408 -0.115903 0.057603 0.000000
-0.885475 0.094646 0.293883 2.000000
0.134012 -0.022278 -0.110389 0.000000
0.159913 0.120095 -0.009894 0.000000
-0.158567 0.035010 0.941334 1.000000
0.030152 -0.173446 0.233427 3.000000
0.670845 -0.047841 0.089725 0.000000
0.030915 -0.019592 0.508276 1.000000
-0.606611 -0.027764 0.012530 0.000000
-0.092258 0.006394 0.686193 1.000000
-0.080919 0.028648 0.771136 1.000000
-0.016392 -0.038368 0.472789 1.000000
0.838610 0.030429 -0.085732 0.000000
0.284585 -0.027029 0.111244 1.000000
0.645311 -0.044080 -0.101425 0.000000
0.107686 -0.049509 0.333498 1.000000
0.694116 0.115797 0.012501 0.000000
-0.168916 0.037866 0.886986 1.000000
-0.052077 -0.018263 -0.471765 1.000000
0.811889 -0.091302 -0.043119 0.000000
-0.086574 -0.016764 0.684582 1.000000
0.409681 -0.063704 -0.087711 0.000000
0.041067 -0.187216 0.239139 3.000000
-0.281542 -0.009780 -0.107561 0.000000
-0.119884 -0.104988 0.037922 0.000000
-0.104021 0.026499 -0.886555 1.000000
-0.821174 0.210269 -0.005058 2.000000
-0.000444 -0.048265 0.269989 1.000000
-0.521441 0.125411 0.004273 2.000000
-0.133994 0.007667 0.683620 1.000000
0.267987 0.045416 0.100527 0.000000
-0.218230 0.051750 -0.974524 1.000000
-0.467857 0.041090 -0.095035 0.000000
0.316962 -0.067069 0.339719 3.000000
-0.570869 0.200514 0.001558 2.000000
-0.729445 0.086898 0.161237 2.000000
-0.115925 0.026753 -0.894303 1.000000
0.080965 -0.006783 0.584114 1.000000
-0.088497 0.020250 -0.728008 1.000000
-0.722997 0.072675 -0.143190 2.000000
0.855718 0.036678 0.065549 0.000000
0.297875 -0.163775 0.347495 3.000000
0.609004 0.048753 0.099848 0.000000
-0.003582 -0.013852 -0.112142 0.000000
0.013355 -0.067069 0.272901 1.000000
-0.085980 0.050166 0.099311 0.000000
0.134634 -0.101453 -0.335415 1.000000
-0.172168 0.027800 -0.871484 1.000000
-0.797902 0.128804 -0.003871 2.000000
0.044714 -0.112736 0.082062 0.000000
-0.674616 0.162594 -0.016058 2.000000
-0.019870 -0.005850 0.502367 1.000000
-0.697548 0.241656 -0.015210 2.000000
-0.717483 0.072392 0.130783 2.000000
0.913515 0.030288 0.018298 0.000000
0.180838 -0.017217 -0.298429 1.000000
0.071775 0.119190 -0.013937 0.000000
0.464142 -0.079426 0.060968 0.000000
-0.575478 -0.038622 -0.000449 0.000000
-0.149094 0.007667 0.689191 1.000000
0.285264 -0.062601 0.152019 1.000000
-0.230644 -0.092009 -0.044278 0.000000
0.696379 -0.115365 -0.027849 0.000000
0.442765 -0.100916 -0.043769 0.000000
0.045280 -0.036417 -0.261075 1.000000
0.127508 -0.068369 -0.340476 1.000000
0.315605 -0.096420 0.273326 3.000000
0.218474 -0.116016 -0.063308 0.000000
0.114812 -0.013795 0.359230 1.000000
0.868470 0.018327 0.069224 0.000000
0.687302 -0.113103 0.018411 0.000000
0.009934 -0.089549 0.107483 0.000000
0.843898 -0.081405 0.041485 0.000000
-0.841137 0.305618 -0.003729 2.000000
-0.778109 0.396160 0.002548 2.000000
-0.768862 0.075757 0.157221 2.000000
-0.224706 0.038007 -0.942967 1.000000
-0.085528 0.011767 -0.756313 1.000000
-0.396374 0.089867 0.067104 0.000000
-0.117877 0.009109 -0.674254 1.000000
0.105424 0.000711 0.544357 1.000000
0.402443 -0.111322 0.278585 3.000000
0.080315 -0.069331 -0.164850 1.000000
-0.821966 0.076860 0.139435 2.000000
0.975978 -0.049170 -0.032232 0.000000
-0.027815 0.009109 0.737204 1.000000
-0.036751 -0.085731 -0.112849 0.000000
-0.830166 0.086021 0.243126 2.000000
-0.772482 0.149813 -0.007801 2.000000
-0.741123 0.081016 -0.090058 2.000000
0.379906 -0.064580 -0.319580 3.000000
0.088034 -0.033957 0.225594 1.000000
-0.882874 0.092044 0.260347 2.000000
0.107404 0.008939 -0.116638 0.000000
-0.648262 0.308813 -0.009413 2.000000
0.621134 0.099962 0.057886 0.000000
-0.747485 0.086276 -0.148223 2.000000
-0.234631 -0.036954 -0.102613 0.000000
-0.542168 0.090687 0.007101 2.000000
-0.764762 0.362369 -0.012495 2.000000
-0.798722 0.067132 0.035292 2.000000
0.188021 -0.044108 0.311216 1.000000
0.299826 -0.157780 -0.379046 3.000000
-0.795640 0.114411 -0.003927 2.000000
0.273840 -0.077022 0.335789 3.000000
0.361215 0.109180 -0.053185 0.000000
-0.167474 0.048187 0.965425 1.000000
-0.006212 -0.098823 -0.025531 0.000000
0.088119 -0.000307 0.498521 1.000000
0.694032 -0.214701 -0.020667 3.000000
0.679837 -0.206727 0.012021 3.000000
0.446978 0.052655 0.098802 0.000000
-0.722743 0.106494 0.006563 0.000000
-0.072662 0.032267 -0.814167 1.000000
0.046354 -0.002117 -0.498232 1.000000
-0.798920 0.089923 -0.295827 2.000000
-0.100769 -0.019988 0.684864 1.000000
0.499941 -0.103206 -0.003645 0.000000
0.085602 0.089103 -0.082367 0.000000
-0.008729 -0.025728 -0.408284 1.000000
0.067816 -0.083271 -0.243374 1.000000
-0.711376 0.135590 0.003707 2.000000
-0.634718 0.238065 -0.012919 2.000000
-0.186080 0.113365 -0.043119 0.000000
0.250880 -0.073403 0.068348 0.000000
0.042820 -0.156395 0.232720 3.000000
0.627072 0.113280 -0.045805 0.000000
0.033573 -0.027962 -0.426466 1.000000
-0.511573 -0.053411 0.004075 0.000000
0.094114 0.093939 -0.075156 0.000000
0.060747 -0.081801 -0.221516 1.000000
0.031396 -0.046879 -0.290851 1.000000
-0.430645 0.093656 -0.070915 0.000000
0.478196 -0.078153 0.054492 0.000000
-0.106368 0.016376 -0.788718 1.000000
0.134804 -0.029828 0.426444 1.000000
0.271719 -0.115139 0.073098 0.000000
-0.241615 0.117324 0.011512 0.000000
0.844039 0.047622 0.065181 0.000000
0.401594 -0.134706 -0.311719 3.000000
0.415393 -0.150570 -0.374097 3.000000
-0.625980 0.127333 0.007892 2.000000
0.063207 -0.184954 0.210297 3.000000
-0.792728 0.076238 -0.159930 2.000000
0.113540 -0.080444 -0.338214 1.000000
0.058881 -0.081009 -0.117006 0.000000
-0.264661 0.000965 0.101658 0.000000
0.065752 -0.128373 -0.186199 1.000000
0.777872 -0.046568 0.084946 0.000000
0.571961 0.074428 -0.093423 0.000000
-0.766515 0.089160 0.170512 2.000000
0.084641 -0.046709 -0.307788 1.000000
-0.781502 0.081186 -0.099446 2.000000
0.449495 -0.104592 -0.019112 0.000000
0.801313 -0.033759 -0.098145 0.000000
-0.713214 0.082741 -0.117062 2.000000
-0.656491 0.195904 -0.015860 2.000000
0.416524 -0.081999 0.056472 0.000000
0.180103 -0.016651 0.299906 1.000000
0.242792 -0.024541 0.156656 1.000000
0.292786 -0.154896 0.280366 3.000000
0.029501 -0.036247 -0.352861 1.000000
-0.043820 0.026442 -0.759367 1.000000
0.065837 -0.103941 0.236481 1.000000
-0.331535 0.088934 0.070016 0.000000
0.922592 -0.080500 0.014962 0.000000
-0.577655 0.110594 0.029552 0.000000
-0.136115 0.045444 -0.968671 1.000000
-0.744233 0.082656 -0.220470 2.000000
0.032386 -0.050696 -0.268540 1.000000
-0.069637 0.033200 0.850961 1.000000
0.464425 -0.078210 -0.078182 0.000000
0.001903 0.018440 -0.684094 1.000000
0.369840 0.092892 -0.077560 0.000000
-0.651995 0.216207 0.006111 2.000000
0.054555 -0.067040 0.118482 1.000000
0.104406 0.119670 0.002435 0.000000
0.567098 -0.052874 0.086445 0.000000
0.127678 -0.046398 0.329540 1.000000
-0.735354 0.086332 0.148767 2.000000
0.344221 -0.179412 0.351313 3.000000
0.399106 0.081836 0.079404 0.000000
0.330931 -0.073120 -0.334821 3.000000
0.430945 -0.102047 -0.011279 0.000000
-0.033725 0.117804 0.011795 0.000000
0.041802 -0.041026 -0.236503 1.000000
-0.320847 0.025877 0.098802 0.000000
-0.104445 -0.077927 -0.072187 0.000000
0.210727 -0.114517 -0.085675 0.000000
0.242651 -0.092122 -0.050075 0.000000
0.131552 0.059272 -0.103122 0.000000
-0.561509 0.161407 0.003736 2.000000
-0.826518 0.091026 -0.215409 2.000000
0.131015 0.022879 -0.113867 0.000000
0.263887 -0.040376 0.278302 1.000000
0.076554 -0.046370 -0.170364 1.000000
-0.779268 0.161435 -0.007434 2.000000
-0.813059 0.489134 -0.000675 2.000000
0.192121 -0.078690 -0.121728 1.000000
0.067420 0.007865 0.632298 1.000000
-0.105180 0.034473 -0.834979 1.000000
-0.577373 0.030514 0.072674 0.000000
-0.402170 0.002266 -0.100718 0.000000
0.834934 -0.097099 -0.006048 0.000000
-0.659884 0.157278 0.007242 2.000000
0.371536 -0.184982 -0.343869 3.000000
-0.372367 0.112743 -0.041903 0.000000
0.370971 -0.089153 -0.284008 3.000000
0.277629 -0.102103 0.000965 0.000000
0.426534 -0.124301 -0.285902 3.000000
0.020651 -0.007094 -0.479513 1.000000
0.066487 -0.116129 0.238404 1.000000
0.922196 0.000569 0.051721 0.000000
0.327538 -0.063958 -0.327441 3.000000
-0.867944 0.088057 -0.211563 2.000000
-0.607091 0.094165 0.049798 0.000000
0.063433 -0.074901 0.327447 1.000000
0.402697 0.119388 -0.015266 0.000000
-0.816056 0.097077 -0.344067 2.000000
-0.809694 0.191210 -0.006416 2.000000
0.011517 -0.016595 -0.420584 1.000000
0.144503 -0.029093 -0.117091 1.000000
0.404478 -0.111463 -0.274535 3.000000
-0.647159 0.104542 0.007383 2.000000
0.831400 0.041910 0.073579 0.000000
0.729689 0.069084 0.082797 0.000000
0.239795 -0.049509 0.107992 1.000000
0.736843 -0.049085 -0.095685 0.000000
0.151657 -0.007970 -0.503237 1.000000
0.496406 -0.008706 0.104203 0.000000
-0.056262 0.063117 -0.100549 0.000000
0.296066 -0.056295 0.316674 1.000000
-0.077865 0.013011 -0.672812 1.000000
0.065102 0.007384 -0.589085 1.000000
0.396363 0.071713 -0.095233 0.000000
0.305765 0.041429 -0.110417 0.000000
0.118432 -0.062375 -0.209866 1.000000
-0.882223 0.098435 -0.320004 2.000000
-0.832739 0.082854 0.207328 2.000000
0.030689 -0.170392 0.223954 3.000000
0.361272 -0.064722 -0.349638 3.000000
0.289138 -0.166970 -0.329335 3.000000
0.269966 -0.022901 -0.219198 1.000000
0.060464 -0.029121 -0.439162 1.000000
-0.687652 0.081808 0.115344 2.000000
-0.776327 0.437020 0.002124 2.000000
0.051953 -0.007292 0.450818 1.000000
0.002412 -0.065627 0.168617 1.000000
-0.620636 0.017592 -0.071706 0.000000
0.395826 -0.097268 -0.033194 0.000000
-0.758145 0.074060 0.143309 2.000000
0.104972 0.114920 0.026187 0.000000
-0.173101 0.064814 0.090291 0.000000
-0.793435 0.232381 -0.000930 2.000000
0.465132 -0.096363 -0.038029 0.000000
0.406712 -0.019875 -0.112792 0.000000
-0.147793 0.022993 -0.113839 0.000000
0.243697 -0.099445 0.013378 0.000000
0.043357 -0.033024 0.099141 0.000000
0.177586 -0.143076 -0.324274 3.000000
-0.039578 -0.019479 -0.439784 1.000000
0.042198 -0.206755 0.168051 3.000000
-0.206241 0.034020 0.885855 1.000000
0.132881 -0.015266 -0.515396 1.000000
-0.072351 -0.007688 0.526374 1.000000
-0.796800 0.079489 0.185272 2.000000
-0.674955 0.008939 0.041287 0.000000
0.201650 -0.095147 0.033907 0.000000
-0.022330 -0.047247 0.318540 1.000000
0.239201 -0.020836 0.317692 1.000000
-0.053773 -0.014361 0.479604 1.000000
0.191046 -0.100916 0.099933 0.000000
0.378011 -0.083865 0.371163 3.000000
-0.326445 -0.074760 -0.056381 0.000000
-0.152657 0.037951 0.965114 1.000000
-0.061974 0.012106 0.648274 1.000000
0.781180 0.094165 -0.051234 0.000000
-0.755798 0.069706 0.094165 2.000000
-0.104106 0.012417 0.741078 1.000000
0.005381 -0.010798 -0.591121 1.000000
0.047033 -0.160438 0.246859 1.000000
0.170348 0.120802 -0.002513 0.000000
0.715324 -0.093536 -0.048718 0.000000
-0.037712 -0.045211 0.458736 1.000000
-0.263445 0.103129 -0.059265 0.000000
0.207192 -0.059547 0.333074 1.000000
0.823058 0.089330 -0.025927 0.000000
0.140459 -0.009101 -0.425052 1.000000
-0.051144 0.003962 0.587027 1.000000
0.986412 -0.039386 0.019260 0.000000
-0.129046 0.007667 -0.701711 1.000000
0.060153 0.113421 -0.042864 0.000000
0.400831 -0.070518 -0.364314 3.000000
0.296151 -0.156366 -0.289409 3.000000
0.009425 -0.102358 -0.002061 0.000000
-0.007456 -0.028273 -0.390922 1.000000
0.205043 0.096314 -0.072187 0.000000
-0.090646 0.002294 -0.612554 1.000000
0.371678 -0.041874 0.127927 1.000000
0.123295 -0.008564 0.420930 1.000000
-0.200020 0.043606 -0.954476 1.000000
0.680006 -0.002230 0.105051 0.000000
0.277431 -0.161965 0.339861 3.000000
-0.570925 0.119359 -0.004238 0.000000
-0.745195 0.209138 0.002152 2.000000
0.032838 0.002407 0.663487 1.000000
-0.792190 0.308163 -0.001976 2.000000
-0.264406 -0.037746 -0.099248 0.000000
-0.380369 -0.057087 -0.071000 0.000000
-0.824228 0.101828 -0.340533 2.000000
-0.056742 0.014227 -0.668768 1.000000
0.038126 -0.061017 0.199721 1.000000
0.414856 0.064814 -0.099842 0.000000
-0.641589 -0.015181 -0.032515 0.000000
0.246044 -0.020243 0.242221 1.000000
0.142947 -0.018009 0.293119 1.000000
-0.787044 0.094052 0.232437 2.000000
0.769757 -0.100661 -0.011619 0.000000
0.066629 -0.151390 0.228196 3.000000
0.053650 -0.105525 0.199014 1.000000
-0.190519 -0.093309 -0.049453 0.000000
0.353241 -0.099502 -0.022392 0.000000
-0.011047 -0.060593 -0.089917 0.000000
0.574930 0.087492 0.075643 0.000000
-0.775027 0.073297 -0.134763 2.000000
0.362346 0.091394 0.070723 0.000000
-0.146266 0.030627 -0.833593 1.000000
-0.134249 -0.035201 -0.107222 0.000000
0.139781 -0.115082 -0.083809 0.000000
-0.258214 0.029638 0.100583 0.000000
-0.025355 -0.060311 0.177468 1.000000
0.103275 -0.084091 0.327984 1.000000
0.114586 -0.048519 -0.313529 1.000000
0.751037 0.079631 -0.082423 0.000000
0.070135 -0.059264 0.213605 1.000000
0.113314 -0.056691 0.108444 1.000000
0.099910 -0.059406 -0.225192 1.000000
0.361328 -0.100605 -0.390554 3.000000
0.438891 -0.080613 0.088453 0.000000
0.059022 -0.100859 0.172350 1.000000
0.414686 -0.156395 0.360503 3.000000
0.140346 -0.022646 0.248894 1.000000
0.211971 -0.097975 -0.028782 0.000000
0.111589 0.093995 -0.075100 0.000000
0.086253 -0.149128 0.244907 1.000000
-0.128848 0.008119 0.107398 0.000000
-0.084651 0.031136 0.794408 1.000000
-0.841957 0.448641 -0.005963 2.000000
-0.798666 0.039223 0.025707 0.000000
0.901045 -0.001608 -0.071311 0.000000
0.003685 -0.026492 -0.414674 1.000000
0.047485 0.119812 0.001813 0.000000
0.777985 0.008119 -0.107816 0.000000
0.180895 0.083505 -0.087117 0.000000
-0.143806 0.047395 0.951909 1.000000
-0.738012 0.080847 0.078358 2.000000
0.583837 -0.043458 -0.101849 0.000000
-0.360434 -0.036841 -0.091104 0.000000
-0.075716 -0.096024 -0.097382 0.000000
0.251417 -0.023947 -0.176161 1.000000
0.039794 -0.023692 0.107992 1.000000
0.149140 -0.008197 -0.458503 1.000000
-0.014978 -0.013739 0.529710 1.000000
-0.741038 0.310312 0.003849 2.000000
0.014656 -0.058416 -0.157272 1.000000
0.248815 -0.020638 -0.252592 1.000000
0.438128 -0.078351 0.310764 3.000000
0.287752 -0.172908 0.304345 3.000000
0.154343 -0.012664 -0.381025 1.000000
-0.767703 0.072053 0.115089 2.000000
0.405610 -0.163294 0.352444 3.000000
0.180725 -0.077503 0.120575 1.000000
0.052773 -0.020780 -0.351985 1.000000
-0.851769 0.075531 -0.081914 2.000000
0.350753 0.119444 0.005856 0.000000
0.311731 -0.081066 -0.295686 3.000000
-0.049617 0.017054 0.793475 1.000000
0.633944 -0.075778 -0.075524 0.000000
0.025628 -0.039867 -0.259153 1.000000
0.139017 -0.030903 0.194575 1.000000
-0.716522 0.070101 0.112544 2.000000
0.448336 0.117126 0.017506 0.000000
0.198822 -0.101142 -0.326168 3.000000
0.351488 -0.154755 0.378543 3.000000
0.621841 0.034218 -0.111859 0.000000
0.130477 -0.057766 -0.252508 1.000000
0.136020 -0.005256 -0.495913 1.000000
0.194468 -0.042694 -0.321531 1.000000
0.132202 -0.083922 -0.330890 1.000000
-0.861892 0.105221 -0.370082 2.000000
0.700111 -0.120568 0.019458 0.000000
-0.332553 -0.082027 -0.044165 0.000000
0.739670 0.063796 -0.094271 0.000000
-0.753395 0.447482 -0.008423 2.000000
0.304916 -0.028499 -0.196011 1.000000
0.329885 -0.139768 -0.274846 3.000000
-0.146182 -0.029404 -0.107816 0.000000
-0.124041 -0.119663 -0.003418 0.000000
-0.571293 -0.036869 -0.023155 0.000000
0.178944 -0.101312 0.002859 0.000000
0.705399 -0.130578 -0.005539 0.000000
-0.490761 0.135732 -0.006896 2.000000
-0.011613 -0.091160 -0.053044 0.000000
0.055629 -0.018687 0.535479 1.000000
-0.550312 0.186064 0.000342 2.000000
0.322080 -0.169345 -0.294979 3.000000
0.203346 0.058734 0.094645 0.000000
0.731272 0.077369 -0.086184 0.000000
0.024666 -0.040404 0.463599 1.000000
0.173204 -0.038509 0.351737 1.000000
0.209002 -0.030055 0.107992 1.000000
-0.033160 -0.059830 0.106154 0.000000
0.345465 0.052287 0.099056 0.000000
-0.828724 0.102620 -0.359082 2.000000
0.354655 -0.015944 -0.113443 0.000000
0.171988 -0.131200 -0.315508 3.000000
0.385533 -0.148986 -0.390526 3.000000
0.917446 0.015641 0.041485 0.000000
0.403234 -0.111689 0.031475 0.000000
-0.808902 0.215726 -0.002711 2.000000
0.220115 -0.055843 0.107992 1.000000
0.538566 -0.093196 0.040326 0.000000
0.269486 -0.022787 0.207017 1.000000
0.221528 -0.096844 0.333809 3.000000
0.256846 -0.099870 0.011427 0.000000
0.023818 -0.019649 0.379080 1.000000
-0.181329 -0.031723 -0.101397 0.000000
-0.348954 0.051071 0.092694 0.000000
-0.005307 -0.043288 0.295551 1.000000
0.219125 -0.087909 -0.340165 1.000000
-0.030077 0.004641 0.713904 1.000000
0.625376 -0.029800 -0.109088 0.000000
-0.789193 0.219431 -0.007349 2.000000
-0.357917 0.095155 -0.069755 0.000000
0.310798 -0.083299 -0.309287 3.000000
0.401594 -0.080528 -0.333153 3.000000
-0.450241 0.095437 0.058875 0.000000
0.082011 0.067839 -0.097382 0.000000
0.221161 -0.075976 0.064785 0.000000
-0.431691 -0.068115 -0.031667 0.000000
0.087808 -0.082875 0.107935 0.000000
-0.090646 -0.011533 -0.112538 0.000000
0.048871 -0.045296 -0.342088 1.000000
-0.745421 0.173509 -0.011081 2.000000
0.205298 -0.140871 0.335732 3.000000
-0.698736 0.217762 0.005687 2.000000
0.364919 -0.115959 -0.009526 0.000000
0.254895 -0.050414 0.087717 0.000000
0.231793 -0.041507 -0.117091 1.000000
0.329771 -0.133180 -0.319693 3.000000
-0.020859 -0.034324 -0.344690 1.000000
-0.076084 0.007412 -0.716669 1.000000
0.043074 -0.026068 -0.456665 1.000000
0.336925 0.076662 -0.091924 0.000000
0.262021 -0.112481 0.280847 3.000000
-0.058863 0.018355 0.105673 0.000000
0.181658 -0.094752 -0.045692 0.000000
0.294935 0.117550 0.013689 0.000000
-0.014780 -0.045154 0.254324 1.000000
-0.735665 0.082854 -0.107279 2.000000
-0.026741 -0.001071 0.659755 1.000000
-0.138801 0.091252 -0.079172 0.000000
-0.813568 0.173679 -0.004012 2.000000
0.234592 -0.052223 0.238319 1.000000
-0.544741 0.107031 -0.045918 0.000000
-0.848913 0.074202 0.056132 2.000000
-0.015967 -0.070688 0.107370 0.000000
0.283115 -0.015322 0.103977 0.000000
-0.067883 -0.095147 -0.044561 0.000000
-0.658611 0.077623 -0.105525 2.000000
0.301071 -0.148619 -0.384814 3.000000
-0.304644 -0.088927 0.013463 0.000000
0.879498 0.064418 0.013010 0.000000
0.022121 0.050166 0.099311 0.000000
-0.836868 0.074230 -0.058219 2.000000
-0.033386 -0.039386 -0.482284 1.000000
0.207136 -0.016708 -0.343276 1.000000
0.314332 -0.019366 -0.111237 0.000000
-0.618968 0.094928 -0.057229 0.000000
0.674945 0.095098 -0.072781 0.000000
-0.812493 0.083646 0.125382 2.000000
-0.111854 0.007242 0.694874 1.000000
0.866095 0.013435 -0.081066 0.000000
0.026589 -0.063110 0.079036 0.000000
-0.213735 0.041203 -0.948142 1.000000
0.294878 -0.101736 -0.011816 0.000000
-0.625528 0.021070 0.062466 0.000000
-0.646877 0.002973 -0.054599 0.000000
0.615479 0.063994 0.091280 0.000000
0.263548 -0.105949 0.292469 3.000000
-0.738408 0.233597 -0.012806 2.000000
0.218135 -0.018885 0.259018 1.000000
-0.266725 0.074654 0.081270 0.000000
0.289477 -0.117627 0.018807 0.000000
-0.831608 0.360220 -0.001665 2.000000
0.434932 -0.000110 -0.115026 0.000000
0.003685 0.009533 0.719984 1.000000
-0.699386 0.064503 -0.068964 2.000000
0.040077 -0.067860 -0.267438 1.000000
-0.029229 -0.018659 0.426048 1.000000
0.465019 0.117776 -0.023297 0.000000
-0.521498 0.094985 -0.065146 0.000000
0.676528 -0.054740 -0.094158 0.000000
0.000320 -0.057850 -0.223043 1.000000
0.189547 0.111612 0.040100 0.000000
-0.181584 0.038149 0.897307 1.000000
0.049295 -0.063223 0.333696 1.000000
-0.801324 0.100499 0.007977 0.000000
-0.394338 0.119416 -0.009074 0.000000
0.145464 -0.036445 -0.392336 1.000000
0.078561 -0.045974 -0.117091 1.000000
0.526973 0.084777 0.077425 0.000000
-0.894976 0.070893 0.015499 0.000000
0.366475 -0.113697 0.053418 0.000000
0.782905 0.054125 -0.092377 0.000000
0.069428 -0.146865 -0.252366 1.000000
-0.915081 0.070215 -0.019621 0.000000
0.272822 -0.161485 -0.347630 3.000000
0.265555 -0.095458 0.301235 3.000000
-0.096726 -0.097664 0.022596 0.000000
0.121514 -0.019507 0.296512 1.000000
-0.642183 0.272421 -0.011845 2.000000
0.328075 -0.064552 -0.118617 1.000000
-0.009322 0.030118 0.103326 0.000000
-0.013225 -0.005935 -0.507054 1.000000
0.276159 -0.131794 -0.382948 3.000000
0.028823 -0.184869 0.187760 3.000000
0.544363 -0.029828 -0.109088 0.000000
0.029643 -0.023947 0.458255 1.000000
0.209341 -0.016595 -0.322238 1.000000
-0.858782 0.081949 -0.146583 2.000000
0.082520 -0.025954 0.279320 1.000000
0.944054 -0.022363 0.047706 0.000000
0.277771 0.066171 -0.098937 0.000000
-0.798327 0.083787 -0.243374 2.000000
-0.060079 -0.010855 0.103581 0.000000
0.307574 -0.030083 0.210382 1.000000
-0.012970 0.009674 0.731040 1.000000
-0.006410 -0.005510 -0.638710 1.000000
-0.821457 0.089132 -0.193607 2.000000
0.743742 -0.097947 0.019373 0.000000
-0.783538 0.207865 -0.007547 2.000000
-0.451145 -0.015803 0.080394 0.000000
0.907803 -0.051658 -0.063478 0.000000
0.097394 -0.023240 0.107992 1.000000
-0.050748 -0.038764 -0.115846 0.000000
-0.103314 0.093175 0.067104 0.000000
0.310996 -0.048208 0.108444 1.000000
-0.080042 -0.039414 0.467643 1.000000
-0.198550 0.100555 0.056189 0.000000
-0.764281 0.431732 -0.010883 2.000000
-0.650185 0.038347 0.060770 0.000000
0.853936 -0.048689 0.071204 0.000000
-0.684174 0.349107 0.000569 2.000000
-0.191764 -0.083328 0.048356 0.000000
-0.201802 0.058734 0.094278 0.000000
-0.747174 0.079885 0.070497 2.000000
-0.789080 0.092383 -0.219480 2.000000
0.330987 0.059272 -0.103518 0.000000
0.420172 -0.161824 -0.304819 3.000000
0.306358 -0.043231 -0.325744 1.000000
0.755590 0.024293 -0.108127 0.000000
0.250088 -0.096363 -0.036954 0.000000
0.092276 -0.069500 0.231844 1.000000
-0.285755 0.065521 -0.095855 0.000000
0.040529 -0.065457 0.174018 1.000000
0.003148 -0.044787 -0.299843 1.000000
-0.756364 0.233710 -0.011307 2.000000
0.071464 -0.068822 0.269706 1.000000
-0.809043 0.370711 -0.009809 2.000000
-0.777600 0.086502 -0.263988 2.000000
0.261483 -0.087824 -0.340052 3.000000
0.466150 -0.053977 -0.094695 0.000000
0.076837 -0.118843 -0.247814 1.000000
0.008464 -0.011505 0.576904 1.000000
-0.004855 -0.045720 -0.342512 1.000000
-0.805481 0.484072 -0.011223 2.000000
0.489931 -0.102782 -0.006925 0.000000
0.040784 -0.025841 0.447877 1.000000
0.276583 -0.058840 -0.184785 1.000000
0.041689 -0.074308 0.122187 1.000000
0.231538 -0.022109 -0.209640 1.000000
0.340884 -0.070321 -0.304848 3.000000
0.081050 -0.080839 -0.329561 1.000000
-0.860620 0.087972 0.237442 2.000000
-0.453577 0.085597 0.067471 0.000000
0.184769 -0.062969 -0.228953 1.000000
0.053819 0.002407 0.524111 1.000000
0.229842 -0.040093 -0.103970 0.000000
-0.224762 -0.046200 -0.097382 0.000000
-0.464860 -0.009582 -0.090567 0.000000
0.231425 -0.062742 -0.202910 1.000000
0.405581 -0.041846 -0.102867 0.000000
0.223112 -0.097381 -0.334086 1.000000
-0.759814 0.081836 0.214369 2.000000
-0.388711 0.080875 0.073466 0.000000
0.395486 0.014057 -0.115903 0.000000
-0.061578 -0.020949 -0.479937 1.000000
0.399643 0.099905 0.057970 0.000000
-0.437092 -0.047784 0.058508 0.000000
0.172497 -0.015464 -0.330495 1.000000
-0.224282 0.055426 0.965425 1.000000
-0.074783 -0.026859 0.468548 1.000000
0.952198 -0.067154 0.021720 0.000000
0.074631 -0.036869 -0.229886 1.000000
0.321684 -0.095232 -0.281689 3.000000
-0.390379 0.106267 -0.052591 0.000000
-0.735411 0.248612 0.003990 2.000000
-0.010849 -0.056974 0.211004 1.000000
-0.155852 0.046377 0.937827 1.000000
-0.742508 0.073636 -0.152097 2.000000
0.619409 -0.082508 0.056359 0.000000
-0.684060 0.079433 0.144384 2.000000
-0.218400 -0.096731 -0.026577 0.000000
0.392178 -0.099219 0.381088 3.000000
0.353891 -0.000590 -0.114913 0.000000
-0.400643 0.116108 0.016828 0.000000
-0.727663 0.080027 0.067273 2.000000
-0.728229 0.096738 -0.035993 0.000000
0.154456 -0.041337 0.350125 1.000000
-0.697011 0.073777 0.132649 2.000000
0.133588 -0.077842 0.111894 1.000000
0.161865 -0.080274 -0.340137 1.000000
-0.010934 -0.007122 -0.616570 1.000000
0.330563 0.107907 -0.055108 0.000000
0.098694 -0.117118 0.032691 0.000000
0.322844 -0.142313 -0.286213 3.000000
0.503164 -0.097325 0.024660 0.000000
-0.058439 -0.008366 0.554481 1.000000
-0.454001 0.046745 0.086247 0.000000
-0.100854 -0.030281 -0.108805 0.000000
-0.032651 -0.007914 -0.587049 1.000000
0.066940 -0.106458 0.163895 1.000000
0.185391 -0.026407 -0.422761 1.000000
-0.770983 0.470386 -0.001382 2.000000
0.679497 0.027489 0.103439 0.000000
0.300449 -0.101595 -0.294696 3.000000
0.498357 0.052994 -0.107703 0.000000
0.247826 0.069338 -0.096816 0.000000
-0.113946 0.023926 0.855542 1.000000
0.329771 -0.085618 -0.298712 3.000000
0.829731 -0.058162 0.070638 0.000000
-0.034065 0.052768 -0.107476 0.000000
-0.800617 0.069592 -0.076825 2.000000
0.266517 0.095720 0.064220 0.000000
0.086338 -0.164397 0.236764 3.000000
-0.637432 0.068179 -0.072300 2.000000
0.709669 -0.013032 -0.111322 0.000000
0.030774 -0.035116 0.098152 0.000000
0.623255 -0.101764 0.002294 0.000000
-0.790352 0.143140 -0.007292 2.000000
0.420455 -0.087541 -0.291784 3.000000
-0.347681 -0.000110 0.096625 0.000000
0.124568 -0.004040 -0.483302 1.000000
0.114756 -0.039725 -0.381732 1.000000
0.049380 -0.023070 0.329059 1.000000
0.707463 -0.074449 -0.077673 0.000000
0.507604 0.029185 -0.112877 0.000000
-0.702949 0.150605 -0.014418 2.000000
0.186352 -0.027453 0.169720 1.000000
-0.092852 -0.035653 0.465437 1.000000
0.342383 -0.099474 0.380833 3.000000
0.405016 0.113167 -0.046399 0.000000
0.027013 -0.067040 0.327900 1.000000
-0.740755 0.349899 0.003821 2.000000
-0.172366 -0.033872 0.094334 0.000000
0.195797 -0.029376 0.390985 1.000000
-0.832937 0.483478 -0.000082 2.000000
-0.096301 0.001248 -0.639332 1.000000
0.367577 0.115401 -0.035201 0.000000
-0.576920 0.101884 0.008119 2.000000
-0.402623 -0.065711 -0.051234 0.000000
-0.092852 0.002803 0.608319 1.000000
0.039144 -0.179497 0.168051 3.000000
-0.223490 0.117041 0.014057 0.000000
-0.693731 0.100555 0.026781 0.000000
-0.026034 0.024944 -0.753146 1.000000
0.062133 0.007610 0.573511 1.000000
0.261851 -0.029093 -0.318873 1.000000
-0.803954 0.474486 0.001587 2.000000
-0.819223 0.080960 -0.112510 2.000000
-0.490196 0.044681 -0.092009 0.000000
0.174448 0.027206 -0.113104 0.000000
0.329941 -0.059293 0.108444 1.000000
-0.257479 -0.089492 0.034020 0.000000
-0.161875 0.071713 -0.094780 0.000000
0.028003 -0.060395 -0.266787 1.000000
0.136529 0.110226 0.041711 0.000000
0.329771 -0.151984 -0.368725 3.000000
0.015674 -0.054401 -0.245071 1.000000
0.105962 -0.045607 -0.330410 1.000000
0.198172 -0.032062 0.373255 1.000000
0.451644 0.044172 0.100781 0.000000
0.056845 -0.030620 0.409930 1.000000
0.076045 -0.103093 0.097727 0.000000
0.290495 -0.038424 -0.117091 1.000000
-0.475548 0.052004 0.082967 0.000000
0.056110 -0.101764 0.162283 1.000000
-0.816141 0.073071 0.093853 2.000000
-0.123221 -0.095261 0.034783 0.000000
0.003657 -0.028895 0.383916 1.000000
-0.707502 0.009674 0.028845 0.000000
0.329771 -0.111576 0.315401 3.000000
0.108789 0.055991 0.096229 0.000000
-0.113465 0.021296 0.826757 1.000000
0.090183 -0.072300 0.139492 1.000000
-0.698425 0.069281 -0.059067 0.000000
0.040812 -0.157639 -0.186029 3.000000
0.102568 -0.035484 -0.211224 1.000000
-0.135889 0.022003 0.761126 1.000000
0.334211 -0.181731 -0.313953 3.000000
-0.716239 0.070610 -0.125828 2.000000
-0.167191 -0.098569 0.017959 0.000000
-0.652221 0.108247 -0.032911 0.000000
0.157058 -0.007942 -0.113301 0.000000
0.169188 -0.064665 -0.341466 1.000000
0.050341 -0.152238 -0.189253 3.000000
-0.320196 -0.069246 -0.065627 0.000000
-0.862939 0.090319 0.269254 2.000000
0.356380 -0.184049 0.339861 3.000000
-0.102466 0.101771 0.054294 0.000000
0.274349 -0.170081 -0.316130 3.000000
0.173260 -0.015831 0.314468 1.000000
-0.415460 -0.050810 -0.069699 0.000000
0.364835 -0.051743 0.333131 1.000000
0.062020 -0.214758 0.180804 3.000000
0.556890 0.006988 0.107341 0.000000
-0.133061 0.018610 0.789177 1.000000
0.076356 -0.171975 0.168051 3.000000
0.882354 0.054578 0.031305 0.000000
0.693099 -0.195897 0.002124 3.000000
0.578012 -0.058727 -0.091613 0.000000
-0.054480 -0.112707 0.048922 0.000000
0.034506 -0.013597 0.418272 1.000000
0.432274 -0.083469 -0.097891 0.000000
0.052999 -0.070066 -0.279823 1.000000
-0.364166 0.079348 0.075502 0.000000
0.032046 0.038149 0.101714 0.000000
0.763140 -0.031525 -0.103433 0.000000
-0.533233 0.092695 0.056981 0.000000
-0.068505 0.016121 -0.688421 1.000000
-0.837688 0.473299 -0.003616 2.000000
-0.003158 -0.028160 0.348146 1.000000
0.461032 -0.044589 0.094702 0.000000
0.260324 -0.072554 -0.136290 1.000000
0.329771 -0.140277 0.284608 3.000000
0.080852 -0.087682 -0.208622 1.000000
-0.072973 -0.051121 0.087406 0.000000
0.517896 0.111244 0.041004 0.000000
0.329771 -0.097494 0.319388 3.000000
0.682155 -0.185491 -0.002429 3.000000
0.309950 -0.046059 -0.117571 1.000000
-0.737786 0.092383 0.031560 0.000000
-0.637376 0.040468 0.063908 0.000000
0.433151 0.111951 0.039958 0.000000
0.055714 -0.134141 -0.195162 1.000000
-0.035337 -0.115365 -0.035880 0.000000
-0.020237 -0.014813 0.513027 1.000000
0.074263 -0.044419 0.309605 1.000000
0.406712 -0.129956 -0.346301 3.000000
-0.121750 0.041174 -0.897923 1.000000
0.116056 -0.042270 -0.362730 1.000000
0.291457 -0.115987 0.054973 0.000000
-0.582830 0.094589 -0.060961 0.000000
-0.452361 -0.029121 0.071260 0.000000
0.251191 -0.152549 0.304260 3.000000
-0.330659 0.075587 -0.088022 0.000000
0.144248 -0.012212 -0.389480 1.000000
0.159065 -0.054655 0.107992 1.000000
0.749595 0.103807 0.039591 0.000000
0.569614 -0.011335 -0.112764 0.000000
0.337265 -0.045550 -0.193975 1.000000
0.303305 -0.035766 -0.117571 1.000000
0.172016 -0.022137 -0.236079 1.000000
0.249098 -0.103008 -0.106854 0.000000
-0.008531 0.012983 0.746196 1.000000
0.031509 0.005093 -0.687912 1.000000
-0.805169 0.094193 0.018383 0.000000
-0.015656 -0.003192 -0.527131 1.000000
-0.048655 -0.011816 -0.492548 1.000000
-0.000783 0.054436 0.097247 0.000000
0.681646 0.107370 -0.053638 0.000000
-0.029201 -0.014191 0.453759 1.000000
-0.333006 -0.026039 0.091874 0.000000
-0.708718 0.298605 -0.014192 2.000000
0.638694 0.086332 0.076407 0.000000
0.400944 -0.103630 0.267189 3.000000
-0.750256 0.243607 -0.009639 2.000000
-0.771464 0.094024 -0.253837 2.000000
-0.697407 0.202182 0.005828 2.000000
-0.113070 -0.001665 0.105419 0.000000
-0.259514 -0.070151 0.064728 0.000000
0.423989 -0.172032 0.323573 3.000000
-0.194337 -0.065570 0.071741 0.000000
-0.712309 0.291621 0.004867 2.000000
