0.029863 -0.105172 -0.109824 0.000000
0.506697 0.073954 -0.057396 0.000000
0.581203 -0.096404 -0.063686 0.000000
0.071226 -0.046664 0.303152 1.000000
0.037457 -0.024847 0.095503 0.000000
0.069243 -0.165585 0.087543 3.000000
0.209563 0.023092 -0.276293 3.000000
-0.048061 -0.177955 -0.157294 3.000000
-0.287861 0.053077 -0.080648 0.000000
-0.059204 -0.047943 0.259545 1.000000
0.069582 0.034653 -0.276554 3.000000
-0.685753 0.031364 0.050199 0.000000
-0.046286 -0.027248 0.534601 1.000000
0.127986 -0.053397 0.166850 1.000000
-0.674975 -0.007989 -0.054682 0.000000
0.362515 0.085514 0.017683 0.000000
-0.157509 -0.032180 0.521527 1.000000
0.852632 0.010070 -0.074542 0.000000
0.013684 -0.065793 0.322829 1.000000
-0.819836 0.126721 -0.008961 2.000000
0.112693 -0.006997 0.293000 3.000000
0.098810 -0.123988 0.001869 0.000000
0.114050 -0.046012 -0.263402 1.000000
0.811817 -0.182209 0.000746 3.000000
0.591380 0.001171 -0.105388 0.000000
-0.046234 -0.053371 0.230630 1.000000
-0.023478 -0.033068 0.490629 1.000000
-0.503704 -0.037817 -0.072219 0.000000
-0.058316 -0.119838 -0.010318 0.000000
0.708031 -0.000186 -0.103874 0.000000
0.360949 -0.121143 0.028670 0.000000
0.011492 -0.092594 0.108551 1.000000
-0.142164 -0.028657 -0.508343 1.000000
0.618207 -0.028997 -0.105309 0.000000
0.715860 -0.035651 -0.102595 0.000000
0.011178 -0.015896 0.096677 0.000000
0.060448 -0.014774 -0.107188 0.000000
0.039911 -0.085991 0.169616 1.000000
-0.256284 0.065420 -0.068279 0.000000
-0.044250 -0.014722 0.096833 0.000000
-0.537186 -0.033746 0.057089 0.000000
-0.102837 -0.061304 0.271523 1.000000
0.843394 -0.032963 -0.086129 0.000000
0.214783 -0.025839 -0.229320 3.000000
0.161181 -0.024743 -0.277468 3.000000
-0.164137 -0.029623 -0.525984 1.000000
0.016111 -0.041210 0.302865 1.000000
0.852971 0.003467 0.067840 0.000000
0.470632 -0.030275 0.094798 0.000000
0.226918 0.083688 -0.034849 0.000000
-0.149576 -0.032259 -0.542294 1.000000
-0.185276 -0.018323 -0.611737 1.000000
0.205884 0.087419 -0.013607 0.000000
-0.876961 0.318660 -0.167497 2.000000
0.155048 -0.082520 -0.141688 1.000000
0.010891 -0.088418 0.133682 1.000000
-0.047591 -0.046455 -0.474652 1.000000
-0.424736 0.077581 0.037177 0.000000
-0.067320 -0.192543 -0.212279 3.000000
-0.039501 -0.084138 -0.126656 3.000000
-0.145452 -0.038835 0.461609 1.000000
0.041502 -0.094159 -0.120498 1.000000
-0.149837 -0.035703 0.491803 1.000000
0.688981 0.039063 -0.091452 0.000000
-0.316306 0.045039 0.075878 0.000000
0.093382 -0.024743 -0.306643 3.000000
-0.633116 -0.027066 -0.049881 0.000000
-0.026531 -0.027013 -0.457220 1.000000
0.189260 -0.004414 0.218834 3.000000
0.112485 -0.029101 0.245009 1.000000
0.508263 0.037575 -0.093566 0.000000
-0.057481 -0.118768 0.070737 0.000000
-0.111527 -0.031893 -0.576481 1.000000
0.687963 0.054094 0.069667 0.000000
-0.266592 0.001928 0.093937 0.000000
0.365255 0.086376 -0.021488 0.000000
-0.497963 -0.066784 -0.041660 0.000000
-0.827143 0.075598 -0.005830 2.000000
-0.022095 -0.056711 0.387652 1.000000
0.512987 0.162916 -0.005334 0.000000
-0.824716 0.336118 0.011054 2.000000
-0.040101 -0.041810 -0.340047 1.000000
0.597539 0.058896 -0.077021 0.000000
-0.157666 -0.046325 -0.101265 0.000000
-0.824403 0.054799 0.013690 2.000000
-0.597730 0.157332 -0.009066 2.000000
-0.538230 0.048066 0.059568 0.000000
-0.787477 0.000388 0.009750 2.000000
-0.199263 -0.007545 0.738858 1.000000
0.508080 -0.103215 -0.053560 0.000000
-0.128046 -0.112323 0.021206 0.000000
0.090538 0.036688 0.250646 3.000000
0.024227 -0.052196 -0.173343 1.000000
0.285060 -0.123988 0.007531 0.000000
0.139521 -0.007937 -0.106588 0.000000
-0.036735 0.066177 0.057193 0.000000
0.820768 -0.106164 0.012829 0.000000
0.202439 -0.023751 -0.279869 3.000000
-0.864305 0.339172 0.001060 2.000000
0.191661 0.028520 -0.097350 0.000000
-0.087649 -0.065845 0.176323 1.000000
0.099228 -0.087818 0.161344 1.000000
-0.204535 -0.012869 -0.687364 1.000000
0.049801 -0.030928 -0.279503 1.000000
-0.634630 0.188021 -0.009588 2.000000
-0.150176 -0.040557 0.093284 0.000000
0.031220 -0.067411 -0.284905 1.000000
0.646966 0.044674 -0.088112 0.000000
-0.015753 -0.122291 -0.016503 0.000000
0.814218 -0.025891 -0.093879 0.000000
-0.879441 0.340398 -0.008100 2.000000
0.543128 -0.111174 -0.034353 0.000000
0.359096 -0.090088 0.098686 0.000000
0.433627 -0.100266 -0.085711 0.000000
-0.819393 0.147885 -0.009692 2.000000
0.040824 -0.161749 -0.096645 3.000000
0.102072 -0.065375 -0.258496 1.000000
0.097453 0.087785 -0.010840 0.000000
0.571025 -0.034868 0.094172 0.000000
0.216792 0.078468 -0.047480 0.000000
-0.063014 -0.051935 0.411348 1.000000
-0.082978 -0.081451 -0.097794 0.000000
-0.026635 0.087994 -0.001211 0.000000
-0.177368 -0.027483 0.545457 1.000000
-0.109961 -0.061930 0.254926 1.000000
-0.062962 -0.038078 0.371133 1.000000
0.012875 -0.061878 0.349656 1.000000
-0.485150 0.078912 -0.038738 0.000000
0.208598 0.026145 -0.255338 3.000000
0.068851 -0.089436 0.152080 1.000000
0.927633 -0.007311 0.017892 0.000000
-0.027523 -0.058538 0.370402 1.000000
0.182945 0.075963 -0.053560 0.000000
-0.000278 -0.042619 -0.305574 1.000000
0.089154 -0.026726 -0.263271 3.000000
0.416221 0.055608 0.069354 0.000000
0.837887 0.057383 -0.025872 0.000000
0.107761 0.013541 -0.103561 0.000000
0.070130 -0.056555 -0.283313 1.000000
-0.017867 -0.046716 0.445038 1.000000
0.234799 0.078573 -0.047245 0.000000
-0.735675 0.113333 -0.016347 2.000000
0.207397 0.021578 0.222409 3.000000
-0.165860 -0.019759 -0.656362 1.000000
0.362462 -0.119108 -0.094845 0.000000
0.104029 -0.058146 0.244670 1.000000
-0.272203 0.021709 0.088900 0.000000
-0.879441 0.328185 0.086865 2.000000
-0.081255 -0.019524 0.516229 1.000000
0.244950 0.035331 0.279952 3.000000
0.199777 0.005816 0.213328 3.000000
-0.746532 0.027319 0.040543 0.000000
0.361236 -0.121091 -0.034171 0.000000
-0.792879 0.080347 0.002573 2.000000
-0.121000 0.073875 -0.057501 0.000000
0.595112 0.088516 -0.005099 0.000000
0.224360 -0.006423 0.294357 3.000000
-0.033838 -0.063131 0.325256 1.000000
0.084405 -0.047864 0.266225 1.000000
-0.033316 -0.189698 0.162701 3.000000
0.193749 -0.002613 0.095529 0.000000
0.678516 0.085645 -0.026603 0.000000
-0.731239 0.202740 0.006488 2.000000
-0.262756 -0.058277 0.084464 0.000000
-0.116016 -0.020280 0.528573 1.000000
0.343621 0.075441 -0.054787 0.000000
0.578984 -0.036747 -0.104292 0.000000
-0.163328 -0.086852 -0.076108 0.000000
-0.195975 -0.012086 0.696451 1.000000
0.136337 0.055060 0.266225 3.000000
0.081404 -0.047838 -0.290777 1.000000
-0.878684 0.321426 -0.048680 2.000000
-0.080107 0.064690 -0.069505 0.000000
0.060762 -0.084739 -0.112016 0.000000
-0.076088 -0.010860 -0.106954 0.000000
0.090799 -0.123988 -0.011858 0.000000
0.228170 -0.003683 -0.221595 3.000000
-0.081360 -0.064592 -0.187174 1.000000
0.336496 0.000753 -0.105440 0.000000
0.029785 0.019621 -0.257008 3.000000
0.219532 0.024736 -0.098916 0.000000
-0.191121 -0.006919 -0.759730 1.000000
0.453330 0.011688 -0.104005 0.000000
-0.790426 0.332126 0.034437 2.000000
0.240279 -0.020855 -0.229685 3.000000
0.077646 0.035853 -0.280156 3.000000
0.173524 -0.079754 -0.128196 0.000000
-0.037544 -0.182705 0.145086 3.000000
0.844568 -0.090715 0.041744 0.000000
-0.863626 0.322053 0.040831 2.000000
-0.858381 0.233011 -0.007500 2.000000
-0.915088 0.317329 -0.131249 2.000000
-0.129064 0.085149 -0.030909 0.000000
0.097140 -0.011773 0.096729 0.000000
0.420475 0.026745 0.087726 0.000000
0.052176 -0.052849 -0.142288 1.000000
-0.233763 0.005398 0.787136 1.000000
-0.021233 -0.189229 -0.156876 3.000000
0.002697 -0.070333 -0.292917 1.000000
0.827475 -0.070516 0.065753 0.000000
-0.406599 0.086767 -0.018487 0.000000
-0.058812 -0.200268 0.189163 3.000000
-0.015753 -0.053292 0.192660 1.000000
-0.363175 -0.063601 0.070972 0.000000
-0.740138 0.057852 0.030809 0.000000
-0.111840 -0.016705 0.551433 1.000000
0.720532 0.055112 0.066066 0.000000
0.206223 -0.011773 0.295897 3.000000
0.068486 -0.183514 0.087543 3.000000
0.124489 -0.123988 0.059463 0.000000
0.494823 0.104121 -0.005021 0.000000
0.049592 -0.078136 0.041091 3.000000
-0.118156 -0.009085 -0.683032 1.000000
0.260739 -0.108956 0.098921 0.000000
-0.221706 -0.005249 0.713596 1.000000
0.437803 0.033635 -0.095236 0.000000
0.835695 -0.039827 0.076922 0.000000
-0.684918 0.219807 0.002912 2.000000
0.037614 -0.080876 0.210249 1.000000
-0.113954 -0.023464 -0.637833 1.000000
0.476634 0.197755 -0.005334 0.000000
0.079003 -0.046977 0.210353 1.000000
-0.107430 -0.035625 0.423430 1.000000
0.130048 -0.013835 -0.236000 3.000000
0.043538 -0.059686 -0.344770 1.000000
0.208467 0.042847 -0.263819 3.000000
0.035683 -0.176259 -0.096645 3.000000
0.549861 0.130766 -0.003925 0.000000
-0.823490 0.044595 0.006983 2.000000
0.073731 -0.123988 -0.027907 0.000000
0.056456 -0.176024 -0.096645 3.000000
0.104264 -0.019158 -0.231955 3.000000
0.119296 -0.033068 0.271001 1.000000
-0.048948 -0.177877 -0.180076 3.000000
0.212852 0.016176 -0.326137 3.000000
-0.836695 0.314824 -0.096332 2.000000
0.210059 0.032121 0.280813 3.000000
-0.258815 0.006990 -0.828885 1.000000
0.550722 0.085436 -0.028612 0.000000
-0.349448 -0.015766 0.090701 0.000000
-0.023060 -0.030693 -0.277181 1.000000
-0.032951 -0.179860 -0.153744 3.000000
0.499521 0.122389 -0.005334 0.000000
-0.023399 -0.028918 0.423717 1.000000
0.030698 -0.123988 0.035481 0.000000
-0.008316 -0.055876 0.157116 1.000000
0.224491 -0.016731 -0.106927 0.000000
-0.133709 -0.027953 -0.504376 1.000000
0.248630 0.050806 -0.083415 0.000000
0.745088 -0.068637 -0.087616 0.000000
-0.408635 0.072727 0.045215 0.000000
0.524808 0.117561 -0.006430 0.000000
0.205806 0.028076 -0.097533 0.000000
-0.199603 -0.002561 -0.105884 0.000000
0.101629 -0.012582 -0.241637 3.000000
0.620086 0.070326 0.051791 0.000000
-0.780013 0.049110 0.002417 2.000000
-0.184206 -0.008955 0.734552 1.000000
-0.327553 -0.106895 -0.015825 0.000000
0.203248 -0.006997 -0.311289 3.000000
-0.114528 -0.021951 -0.526480 1.000000
0.096514 -0.026961 0.273846 3.000000
-0.418317 -0.078267 0.043492 0.000000
0.262696 -0.123988 0.031462 0.000000
0.025036 -0.028553 -0.105362 0.000000
-0.804544 0.321504 -0.020809 2.000000
0.046643 -0.044080 -0.260609 1.000000
-0.075775 -0.059895 -0.328904 1.000000
-0.092242 -0.054154 -0.305286 1.000000
0.095731 -0.091237 0.142137 1.000000
-0.130395 -0.034294 0.531339 1.000000
0.250796 0.001197 -0.234252 3.000000
-0.786772 0.337763 -0.008283 2.000000
0.889767 -0.034425 0.061003 0.000000
-0.082351 -0.031319 -0.440623 1.000000
-0.408687 -0.070020 0.056749 0.000000
0.203874 0.033087 0.273585 3.000000
0.054498 0.040394 -0.091374 0.000000
0.122793 0.062210 0.062360 0.000000
-0.899430 0.310805 0.218312 2.000000
-0.589509 -0.049456 -0.031613 0.000000
0.404895 0.018368 -0.101552 0.000000
0.548817 0.099711 -0.006430 0.000000
0.172246 0.091699 -0.272849 3.000000
0.108596 0.002345 -0.224648 3.000000
-0.771636 0.344678 -0.003612 2.000000
0.050088 -0.043324 0.267139 1.000000
-0.484393 -0.050761 -0.066843 0.000000
-0.818010 0.318712 -0.011049 2.000000
-0.045451 -0.087140 0.112126 3.000000
0.096722 -0.037139 0.233605 1.000000
-0.132691 -0.038104 -0.444615 1.000000
0.922205 0.001301 -0.005986 0.000000
0.565101 0.086454 0.010454 0.000000
-0.430660 0.044334 0.071964 0.000000
-0.042058 -0.023308 0.485279 1.000000
-0.007167 -0.047108 0.433034 1.000000
0.032604 -0.041653 0.291565 1.000000
-0.628002 0.131418 0.006540 2.000000
-0.031672 -0.049561 0.250046 1.000000
-0.892906 0.306682 -0.193072 2.000000
0.743418 0.073432 0.036211 0.000000
0.475251 0.071631 -0.060424 0.000000
-0.530975 -0.055511 -0.047114 0.000000
-0.661770 0.128182 0.008445 2.000000
-0.027392 -0.084660 0.137831 1.000000
0.199047 -0.030589 -0.314264 3.000000
0.190461 0.066647 -0.066922 0.000000
0.005620 -0.042854 -0.298371 1.000000
0.807015 -0.109609 0.014290 0.000000
-0.836408 0.201200 0.000981 2.000000
0.210294 -0.012112 0.254821 3.000000
0.248369 -0.123988 0.035898 0.000000
0.790026 0.044987 0.063874 0.000000
0.739582 -0.112375 0.008810 0.000000
0.029916 -0.076570 0.242060 1.000000
-0.028123 -0.036826 0.093911 0.000000
0.628411 -0.023725 0.095659 0.000000
-0.042606 -0.175554 0.196130 3.000000
0.123863 0.009991 0.295923 3.000000
0.112354 -0.051283 0.146182 1.000000
0.049488 -0.123988 -0.017234 0.000000
-0.515448 0.067534 0.044040 0.000000
0.884652 -0.052953 -0.070993 0.000000
0.127490 -0.045281 0.273193 1.000000
0.022322 -0.006841 0.249367 3.000000
0.595451 -0.113079 0.015491 0.000000
0.264627 0.087211 0.004713 0.000000
-0.702168 0.244938 -0.010110 2.000000
-0.042659 -0.065375 -0.308288 1.000000
0.127829 0.014480 -0.323763 3.000000
0.203431 0.059914 -0.268934 3.000000
0.508289 -0.068559 -0.090695 0.000000
0.503618 0.074450 0.046389 0.000000
-0.434131 -0.088992 -0.014050 0.000000
-0.799246 0.337763 0.013038 2.000000
0.592346 0.074893 -0.005021 0.000000
0.885122 0.010879 0.039708 0.000000
-0.074366 -0.072578 -0.115278 1.000000
-0.076219 -0.059138 -0.273892 1.000000
0.597722 -0.048412 -0.100403 0.000000
0.171567 -0.042567 -0.245108 1.000000
-0.245193 -0.104154 -0.050063 0.000000
0.574652 -0.003657 -0.106014 0.000000
0.058648 -0.150502 -0.099046 3.000000
0.062432 0.006286 0.228072 3.000000
0.079838 0.047596 0.075513 0.000000
0.650384 -0.025891 -0.105727 0.000000
0.750438 -0.020959 0.092475 0.000000
-0.376902 0.064089 -0.067731 0.000000
-0.053149 -0.028814 0.545275 1.000000
0.112093 -0.051440 0.265495 1.000000
0.001340 -0.050161 0.207143 1.000000
0.095235 0.019230 0.297880 3.000000
-0.057507 -0.116315 0.084385 0.000000
0.099593 0.004224 0.094615 0.000000
0.138712 -0.033276 -0.104735 0.000000
-0.616832 0.031443 -0.068722 0.000000
0.401320 0.042064 0.079740 0.000000
-0.182823 -0.012686 -0.711817 1.000000
0.051445 -0.079232 -0.059667 3.000000
0.860565 0.042247 0.024520 0.000000
0.447224 -0.085600 0.082924 0.000000
0.466352 -0.113549 -0.022192 0.000000
0.226474 -0.047603 0.100591 0.000000
0.286861 -0.121561 -0.097898 0.000000
-0.222959 0.003467 -0.776066 1.000000
-0.188512 -0.013965 -0.694541 1.000000
-0.446684 -0.064514 0.053357 0.000000
0.801352 -0.070386 0.070789 0.000000
0.778935 0.045691 -0.075925 0.000000
0.622879 0.001380 0.095007 0.000000
-0.897552 0.326828 0.064996 2.000000
-0.069642 0.067978 0.054844 0.000000
0.206693 0.036871 -0.093879 0.000000
-0.535333 0.017664 0.069850 0.000000
-0.561508 0.080634 0.015569 0.000000
0.016867 -0.068585 0.301403 1.000000
0.292681 -0.123988 -0.039912 0.000000
-0.309495 -0.092463 0.049755 0.000000
0.827501 0.013697 0.071520 0.000000
0.937941 -0.081190 0.005809 0.000000
0.165173 -0.052040 -0.285270 1.000000
0.177830 -0.123988 0.055418 0.000000
0.139886 -0.055537 0.159700 1.000000
0.210242 -0.123988 -0.072089 0.000000
0.189391 -0.115898 0.096129 0.000000
0.962341 -0.066236 -0.008257 0.000000
-0.852092 0.319312 0.163432 2.000000
-0.333529 0.072597 0.047511 0.000000
0.490622 0.181053 -0.005021 0.000000
0.038162 -0.039696 -0.360063 1.000000
0.576270 0.085514 0.017735 0.000000
-0.057116 -0.179521 0.145086 3.000000
-0.069173 -0.050865 -0.427679 1.000000
-0.490891 0.032487 -0.081614 0.000000
0.031403 -0.007885 -0.106588 0.000000
0.339680 -0.123361 -0.063085 0.000000
-0.184649 -0.016001 0.613908 1.000000
-0.052575 -0.075605 0.196626 1.000000
-0.117816 -0.034112 0.442350 1.000000
0.394352 -0.114175 -0.049176 0.000000
0.459489 0.078077 -0.048471 0.000000
-0.800160 0.001928 -0.000193 2.000000
-0.282955 -0.090141 0.056071 0.000000
0.209720 -0.123988 0.048581 0.000000
0.447980 0.062367 0.062151 0.000000
0.605890 -0.093690 -0.067235 0.000000
0.089442 -0.024586 0.237389 3.000000
-0.857102 0.318269 0.089579 2.000000
-0.119069 -0.097056 0.068284 0.000000
-0.814356 0.322131 0.015543 2.000000
-0.435071 0.033765 -0.086677 0.000000
-0.026844 -0.034346 0.376431 1.000000
0.342707 -0.071116 0.102027 0.000000
-0.318446 0.006703 0.091379 0.000000
0.057473 -0.118455 0.074756 3.000000
0.651167 0.047492 0.075591 0.000000
0.160633 -0.123988 -0.019974 0.000000
-0.026061 -0.121613 0.030888 0.000000
-0.008029 -0.072682 0.257561 1.000000
0.037927 -0.079676 -0.230311 1.000000
0.472250 0.085071 -0.031378 0.000000
-0.046677 -0.107991 0.142346 3.000000
0.204762 0.053729 0.235092 3.000000
0.097088 -0.016027 0.285276 3.000000
0.531071 0.164978 -0.004760 0.000000
-0.344464 -0.093664 -0.052282 0.000000
-0.026270 -0.079493 0.185144 1.000000
-0.223194 -0.110000 0.026843 0.000000
0.233233 -0.029858 -0.295031 3.000000
-0.226665 0.000362 0.750601 1.000000
-0.059804 -0.118925 0.056436 0.000000
0.313766 -0.123988 -0.070314 0.000000
-0.743635 0.002528 0.033106 0.000000
-0.786537 0.025075 -0.040747 2.000000
0.090251 0.069596 0.052757 0.000000
-0.425572 0.034418 0.076609 0.000000
0.216714 -0.048308 -0.276189 3.000000
0.211651 -0.002822 -0.234409 3.000000
0.168253 0.099372 0.262494 3.000000
-0.073974 -0.118481 0.017709 0.000000
0.132083 0.004642 -0.220734 3.000000
-0.803552 0.075180 -0.009275 2.000000
-0.895803 0.311771 0.201976 2.000000
-0.050983 -0.158957 0.184778 3.000000
0.027384 -0.082573 0.192346 1.000000
-0.010638 -0.046481 -0.270108 1.000000
-0.123662 -0.006293 -0.106353 0.000000
-0.321316 0.069935 0.051165 0.000000
0.693730 -0.099248 -0.059171 0.000000
-0.025931 -0.196353 -0.165044 3.000000
-0.509002 -0.063340 -0.043670 0.000000
0.525617 0.095901 -0.005021 0.000000
-0.524373 -0.034399 -0.069975 0.000000
0.198603 -0.032755 -0.105727 0.000000
-0.902171 0.320800 -0.003768 2.000000
-0.651097 0.217249 -0.000585 2.000000
-0.637187 -0.036643 0.025147 0.000000
0.191009 -0.026230 -0.284879 3.000000
-0.076480 -0.027118 0.577738 1.000000
-0.813808 0.300549 -0.011623 2.000000
0.198238 0.029512 -0.308522 3.000000
-0.108213 -0.067385 0.207169 1.000000
-0.742173 0.307987 -0.006900 2.000000
-0.219540 0.073171 0.048059 0.000000
0.117208 -0.089566 0.140806 1.000000
-0.206179 0.033139 0.085064 0.000000
-0.036291 -0.107991 -0.106980 0.000000
-0.401589 -0.094029 0.009280 0.000000
0.227283 -0.115506 -0.106640 0.000000
0.561656 0.059705 0.065622 0.000000
0.192053 0.052659 -0.301685 3.000000
-0.446971 -0.086461 -0.012511 0.000000
0.103899 0.071631 -0.060424 0.000000
-0.527087 -0.010312 -0.080074 0.000000
0.192366 0.058035 0.067475 0.000000
-0.882468 0.315163 0.223375 2.000000
-0.001713 -0.120230 -0.097115 0.000000
0.056664 -0.041340 -0.103326 0.000000
-0.130551 -0.037530 0.497074 1.000000
0.297665 -0.054467 0.101948 0.000000
-0.285121 0.088020 -0.008961 0.000000
-0.231179 0.045926 -0.087146 0.000000
-0.105160 -0.048021 -0.423451 1.000000
0.506097 0.150938 -0.006430 0.000000
0.066816 0.026328 0.273558 3.000000
0.178326 -0.029675 0.259284 3.000000
0.014179 -0.123544 -0.008909 0.000000
0.239157 0.084288 -0.033466 0.000000
0.810408 -0.068872 -0.080596 0.000000
-0.006202 0.001875 -0.105283 0.000000
0.784050 0.074893 0.010767 0.000000
-0.866314 0.243607 -0.006848 2.000000
0.053089 -0.149719 -0.077987 3.000000
0.255232 -0.038731 0.239529 3.000000
0.165173 0.047257 -0.308575 3.000000
0.047687 -0.048282 -0.202336 1.000000
-0.131204 -0.025474 -0.623872 1.000000
-0.008916 -0.073856 -0.109589 0.000000
0.132996 -0.123988 0.046232 0.000000
0.094269 -0.123988 0.022902 0.000000
-0.599087 -0.045855 0.024494 0.000000
0.166713 0.041359 -0.090643 0.000000
0.009821 -0.054467 -0.398164 1.000000
0.095757 -0.123988 0.076713 0.000000
0.150142 -0.037948 -0.241376 1.000000
0.091007 -0.122030 0.086108 0.000000
-0.524399 -0.052692 -0.052986 0.000000
0.151107 0.056391 -0.255312 3.000000
0.367917 -0.115037 0.091223 0.000000
0.809181 -0.121300 -0.010814 0.000000
-0.690320 0.049006 0.044145 0.000000
-0.849325 0.328655 0.118233 2.000000
0.818054 -0.201886 0.006253 3.000000
-0.751907 0.312971 -0.007448 2.000000
0.181484 -0.123988 -0.007004 0.000000
0.094426 -0.065166 -0.272013 1.000000
0.100298 0.021787 0.089787 0.000000
0.768445 -0.077118 -0.079448 0.000000
0.055203 -0.136514 -0.086781 3.000000
0.579324 0.088281 -0.006926 0.000000
-0.190338 -0.022055 -0.600124 1.000000
-0.087988 -0.013809 -0.583553 1.000000
-0.360878 -0.101858 -0.015094 0.000000
-0.529174 0.061401 0.011342 0.000000
-0.627349 0.144753 0.005287 2.000000
0.143931 -0.088810 0.120607 1.000000
0.826979 -0.033746 -0.090226 0.000000
-0.143834 -0.055902 -0.097298 0.000000
0.227048 -0.047760 0.243913 3.000000
-0.001818 -0.067880 0.300777 1.000000
-0.114372 -0.095908 -0.085033 0.000000
-0.139920 -0.043585 0.412026 1.000000
0.045913 -0.196014 0.068362 3.000000
-0.663206 0.083896 0.010898 2.000000
0.836739 0.033948 0.055418 0.000000
0.742139 -0.111748 -0.023445 0.000000
-0.602297 0.076511 -0.031352 0.000000
-0.707152 0.048327 0.042657 0.000000
0.931443 -0.048987 0.036994 0.000000
-0.549608 -0.048412 -0.050116 0.000000
0.627915 -0.110705 -0.035502 0.000000
-0.132065 0.013958 0.093023 0.000000
0.119322 -0.082051 -0.112486 0.000000
0.205675 0.064376 0.261867 3.000000
-0.221419 0.000597 -0.757277 1.000000
0.013710 -0.006841 0.263068 3.000000
0.362488 0.015967 0.092188 0.000000
0.081221 0.013384 0.093258 0.000000
-0.061579 -0.000421 0.095242 0.000000
-0.294828 -0.044759 0.088039 0.000000
-0.320481 -0.097213 0.040439 0.000000
0.107996 -0.074744 -0.112486 0.000000
0.461003 -0.113184 0.014499 0.000000
0.124698 -0.088966 -0.148082 1.000000
-0.117686 0.017977 0.091353 0.000000
-0.762946 -0.006606 0.014551 2.000000
0.149333 -0.032363 -0.262045 3.000000
0.107996 -0.018036 0.266539 3.000000
0.070156 -0.030562 -0.263245 1.000000
0.142235 0.073562 -0.057892 0.000000
0.160659 -0.054128 0.268026 1.000000
-0.092842 -0.093898 0.091405 0.000000
0.007655 -0.046455 0.418916 1.000000
-0.169409 0.085410 -0.028769 0.000000
0.093904 -0.024534 0.220557 3.000000
-0.108004 -0.056737 0.307458 1.000000
0.884626 0.014036 -0.045653 0.000000
0.505967 0.037471 -0.006430 0.000000
0.484724 -0.096065 0.053774 0.000000
0.037431 0.022831 -0.288011 3.000000
0.243437 0.025310 0.211867 3.000000
0.083413 -0.011068 0.096651 0.000000
0.530210 -0.111487 -0.033623 0.000000
-0.218366 0.007460 -0.798118 1.000000
-0.765999 0.072075 -0.006247 2.000000
-0.082951 -0.036017 0.540264 1.000000
-0.578914 0.078077 -0.017678 0.000000
-0.500364 0.063385 -0.061180 0.000000
0.163268 0.005946 0.094406 0.000000
0.815679 -0.168926 -0.019348 3.000000
0.757876 -0.105068 0.032923 0.000000
-0.188224 0.028859 -0.097194 0.000000
-0.018467 -0.028318 0.260067 1.000000
-0.052158 -0.160340 -0.214915 3.000000
-0.268497 0.055921 -0.078874 0.000000
0.065772 -0.058329 0.313564 1.000000
0.014962 -0.037087 -0.355287 1.000000
0.891019 -0.032050 -0.070836 0.000000
-0.005236 -0.077614 -0.227128 1.000000
-0.253335 -0.017436 0.095816 0.000000
0.063162 -0.043819 0.247514 1.000000
-0.212964 0.001797 0.746635 1.000000
-0.627453 -0.045594 -0.014442 0.000000
0.369587 0.067612 0.055314 0.000000
-0.129742 0.057852 -0.077987 0.000000
0.068277 -0.021455 0.240207 3.000000
-0.843349 0.025232 -0.020340 2.000000
-0.806605 0.110045 0.001816 2.000000
0.065015 -0.056111 -0.109981 0.000000
0.880972 -0.083199 0.040387 0.000000
-0.003801 -0.085078 -0.163191 1.000000
0.084379 -0.032024 -0.104918 0.000000
-0.142138 -0.038913 -0.476140 1.000000
-0.917646 0.307465 -0.248396 2.000000
0.015667 -0.035730 0.247462 1.000000
-0.059099 -0.119499 0.027130 0.000000
0.730005 -0.093638 -0.064677 0.000000
-0.852248 0.333587 0.011524 2.000000
0.134771 0.025336 -0.235139 3.000000
-0.541309 0.075389 -0.015616 0.000000
-0.865766 0.332100 0.006775 2.000000
-0.642720 -0.000813 0.053383 0.000000
-0.032899 0.060514 0.064552 0.000000
0.166687 -0.068768 -0.112486 0.000000
0.197611 -0.025865 0.292557 3.000000
-0.066667 -0.051674 -0.286888 1.000000
-0.827169 0.090812 -0.001707 2.000000
0.075402 -0.076701 -0.244351 1.000000
0.538457 -0.042567 -0.102830 0.000000
-0.817879 0.009078 0.002025 2.000000
0.063893 -0.072369 -0.111599 0.000000
-0.753682 0.282125 0.002573 2.000000
0.437724 0.059314 -0.076473 0.000000
-0.122957 -0.005849 -0.663773 1.000000
0.232972 0.004146 0.295114 3.000000
0.784468 0.054408 0.054949 0.000000
0.190565 -0.098570 -0.111390 0.000000
-0.148349 -0.012060 -0.717140 1.000000
0.691356 0.071579 0.048529 0.000000
-0.087075 -0.049769 -0.424182 1.000000
-0.044485 -0.059321 -0.268960 1.000000
0.227126 0.012157 -0.103926 0.000000
0.181953 0.030999 -0.096306 0.000000
-0.598695 -0.031685 0.044145 0.000000
-0.382460 -0.093507 -0.035815 0.000000
0.661423 0.043160 -0.089260 0.000000
-0.070164 0.045091 0.077418 0.000000
0.092834 -0.084660 -0.192445 1.000000
0.054029 -0.177016 -0.082971 3.000000
-0.815322 0.030686 -0.015094 2.000000
-0.915793 0.306577 -0.259487 2.000000
0.173211 -0.017018 -0.323580 3.000000
-0.351927 0.059366 0.063821 0.000000
-0.121287 -0.008433 -0.631648 1.000000
0.706596 0.061375 -0.070366 0.000000
-0.128385 -0.007363 -0.702787 1.000000
0.401816 -0.112036 0.029844 0.000000
-0.808641 0.337136 -0.009692 2.000000
0.212121 -0.062165 -0.108780 0.000000
0.715886 -0.035964 0.092188 0.000000
-0.321342 -0.063053 -0.087903 0.000000
-0.046364 -0.204104 -0.167810 3.000000
0.117965 0.041490 0.288277 3.000000
-0.840818 0.254985 0.001816 2.000000
0.205310 0.038384 -0.291925 3.000000
-0.881868 0.313154 -0.125926 2.000000
-0.092607 -0.068689 0.215494 1.000000
0.072975 0.086741 0.008314 0.000000
0.058308 -0.044811 0.239920 1.000000
-0.014396 -0.084974 0.145843 1.000000
0.067599 -0.072473 0.265390 1.000000
0.000766 -0.035025 0.443812 1.000000
-0.767696 -0.008746 -0.015094 2.000000
-0.828866 0.291050 0.002991 2.000000
-0.727037 0.061923 0.009123 2.000000
-0.009673 -0.055693 -0.405784 1.000000
-0.872368 0.331708 0.035272 2.000000
0.165278 -0.013182 0.096912 0.000000
-0.867071 0.319104 0.188067 2.000000
-0.529696 0.067899 -0.017260 0.000000
0.659153 -0.087844 0.064474 0.000000
-0.023086 -0.060782 0.247801 1.000000
0.635901 0.087289 0.004269 0.000000
-0.091146 -0.116785 -0.024698 0.000000
-0.585777 -0.054676 -0.016556 0.000000
0.019842 -0.042515 0.283449 1.000000
-0.060248 -0.032807 0.540316 1.000000
0.031690 -0.045516 -0.279503 1.000000
-0.035299 -0.060808 0.345976 1.000000
-0.578810 0.056782 0.049181 0.000000
0.250691 0.080321 0.032662 0.000000
-0.648409 0.013801 0.055497 0.000000
0.674837 -0.115454 -0.002568 0.000000
0.540597 0.061323 -0.006430 0.000000
0.119635 -0.019602 0.210901 3.000000
0.036622 0.019099 0.090883 0.000000
0.825831 0.043369 0.051113 0.000000
-0.756422 0.069831 -0.021331 2.000000
-0.383087 -0.001152 0.088143 0.000000
0.006194 -0.044576 -0.277102 1.000000
0.215722 0.013384 -0.285845 3.000000
0.107448 0.014558 -0.320292 3.000000
0.132448 -0.004466 0.297463 3.000000
-0.153699 -0.086748 0.065909 0.000000
0.236965 -0.032207 0.095633 0.000000
-0.728264 0.204723 -0.014598 2.000000
0.188686 0.003624 0.224706 3.000000
0.074697 -0.100475 0.074678 3.000000
-0.200333 0.064115 -0.070236 0.000000
0.086127 0.017455 -0.303642 3.000000
-0.138015 -0.041105 0.423404 1.000000
-0.045686 -0.103711 0.152915 3.000000
-0.170087 -0.030641 0.519491 1.000000
-0.018102 0.021187 -0.100377 0.000000
0.457506 0.042638 0.079297 0.000000
-0.217113 -0.020124 -0.106484 0.000000
0.017807 -0.060547 0.099939 1.000000
0.704430 0.002293 0.093415 0.000000
-0.014996 -0.122187 -0.051603 0.000000
-0.696922 -0.026674 -0.025741 0.000000
-0.049757 -0.146378 0.179585 1.000000
-0.375440 -0.013495 -0.098733 0.000000
-0.255005 -0.046899 -0.100038 0.000000
-0.210746 -0.000969 -0.802893 1.000000
0.048105 -0.069916 0.286685 1.000000
-0.098505 -0.039487 0.392115 1.000000
-0.065623 -0.055746 -0.245995 1.000000
-0.538543 -0.059269 -0.036754 0.000000
0.225613 -0.100736 -0.110999 0.000000
0.064650 -0.021350 -0.283209 3.000000
0.120366 -0.054128 0.213537 1.000000
-0.471919 0.063176 0.005653 0.000000
-0.918142 0.318686 -0.105988 2.000000
0.024957 -0.043480 0.397699 1.000000
-0.199942 0.085723 -0.026524 0.000000
0.145862 -0.035938 0.292531 3.000000
-0.569754 0.077033 0.023398 0.000000
-0.078411 -0.066758 -0.161704 1.000000
0.158127 -0.045881 0.278752 3.000000
0.424781 -0.115611 -0.006456 0.000000
0.078246 0.076877 -0.051290 0.000000
0.138216 -0.064149 -0.196699 1.000000
0.002410 -0.004779 -0.267160 3.000000
-0.710649 0.186455 -0.015068 2.000000
-0.905537 0.326645 0.026086 2.000000
0.831833 0.004146 -0.085633 0.000000
0.225430 -0.123988 -0.076525 0.000000
-0.125410 -0.061174 0.084751 0.000000
-0.540552 0.006103 0.069954 0.000000
-0.018780 -0.122161 0.001190 0.000000
-0.837138 0.106574 -0.005752 2.000000
0.172611 0.073093 0.048164 0.000000
0.202909 -0.012634 -0.253929 3.000000
-0.107926 -0.113445 -0.037354 0.000000
-0.021625 -0.163106 0.157847 3.000000
-0.019407 -0.036617 -0.365804 1.000000
0.458001 0.061297 -0.073915 0.000000
-0.823359 0.317016 -0.072558 2.000000
0.968369 -0.043037 0.006670 0.000000
0.449520 0.026223 -0.098290 0.000000
-0.192974 -0.016940 -0.657145 1.000000
0.471493 -0.102876 -0.054395 0.000000
-0.070634 -0.057207 0.353414 1.000000
0.231119 -0.035338 0.238720 3.000000
0.027384 -0.040766 -0.316691 1.000000
0.047844 -0.122970 0.083133 0.000000
-0.085326 -0.065949 -0.260688 1.000000
-0.152759 -0.030171 0.550990 1.000000
-0.108343 -0.114489 -0.022036 0.000000
0.154213 0.025388 0.206595 3.000000
-0.284024 -0.063679 0.080262 0.000000
-0.625261 0.079199 0.011054 0.000000
0.084562 -0.026622 -0.279216 3.000000
-0.260981 -0.089071 0.060168 0.000000
0.224934 0.025754 0.208265 3.000000
0.430000 -0.058721 -0.103170 0.000000
-0.057116 -0.046977 0.308736 1.000000
-0.119043 -0.036747 0.516542 1.000000
-0.133500 -0.019524 -0.556543 1.000000
-0.717069 0.274505 -0.000010 2.000000
-0.020685 -0.041027 0.468916 1.000000
0.021225 -0.074378 0.256726 1.000000
-0.776725 0.146502 -0.013894 2.000000
0.609178 0.095718 -0.003925 0.000000
0.070626 -0.113862 0.096964 0.000000
-0.174211 -0.020437 -0.641513 1.000000
-0.865088 0.314511 -0.187487 2.000000
-0.849639 0.316337 0.116093 2.000000
0.002697 -0.041706 -0.314551 1.000000
0.124985 -0.123988 0.076165 0.000000
0.804249 -0.040427 0.083655 0.000000
-0.800421 0.291441 -0.011936 2.000000
-0.438907 0.086219 0.012046 0.000000
-0.131752 -0.009555 0.615526 1.000000
-0.260512 0.083531 0.024755 0.000000
0.617894 -0.093116 -0.067966 0.000000
-0.214425 0.008034 0.789276 1.000000
0.016084 -0.076257 -0.249779 1.000000
-0.036630 -0.169526 -0.155650 3.000000
0.165069 -0.123988 -0.028508 0.000000
0.943760 -0.067202 -0.031196 0.000000
-0.644468 0.096658 0.009854 2.000000
0.187929 0.065786 -0.272849 3.000000
0.801404 -0.110783 -0.009875 0.000000
0.163112 -0.091158 0.108786 0.000000
-0.650027 -0.030171 -0.040147 0.000000
-0.106360 -0.051570 0.371577 1.000000
0.140930 0.045117 -0.292290 3.000000
0.714503 0.061480 0.058915 0.000000
-0.239895 0.001980 -0.807773 1.000000
0.353407 -0.122083 -0.072089 0.000000
0.746993 -0.074639 0.072564 0.000000
0.098027 -0.055876 -0.261992 1.000000
-0.301274 -0.013809 0.093989 0.000000
-0.129116 -0.026257 0.500128 1.000000
0.817819 0.048144 -0.059354 0.000000
0.743966 0.081991 0.004870 0.000000
0.055986 -0.105224 0.063065 3.000000
0.667504 -0.053292 0.088013 0.000000
-0.015492 -0.040844 0.321419 1.000000
-0.902640 0.308848 -0.246074 2.000000
0.660640 -0.015948 0.096677 0.000000
-0.814513 0.046709 0.021754 2.000000
0.093774 -0.050083 -0.272562 1.000000
0.765522 0.080165 -0.002542 0.000000
0.187564 0.039193 0.081932 0.000000
0.133336 0.048327 0.074939 0.000000
-0.679751 0.067978 0.028513 0.000000
0.216740 0.082905 0.026399 0.000000
0.255832 -0.123988 0.016639 0.000000
0.179866 0.097049 -0.272222 3.000000
-0.688336 0.204723 0.004556 2.000000
-0.256049 -0.111487 -0.027125 0.000000
0.031351 -0.013887 -0.262071 1.000000
0.671601 -0.061304 -0.095054 0.000000
0.331173 -0.123805 -0.035736 0.000000
-0.168548 -0.019550 0.577217 1.000000
0.470293 -0.080642 0.071076 0.000000
0.143096 -0.049613 0.261267 1.000000
0.293620 -0.032520 0.095790 0.000000
0.592241 -0.114880 0.001738 0.000000
0.112380 -0.051022 0.161553 1.000000
0.445606 -0.111279 0.023763 0.000000
-0.676515 0.060018 -0.020757 2.000000
0.214731 -0.034138 -0.236366 3.000000
0.208180 0.023483 0.248636 3.000000
0.211025 -0.037556 0.220426 3.000000
0.159145 0.052033 -0.082449 0.000000
-0.030706 -0.197997 0.143181 3.000000
0.591459 0.077138 -0.050690 0.000000
0.065642 -0.005066 -0.299884 3.000000
0.073131 -0.081163 -0.221830 1.000000
-0.667303 0.134263 -0.016582 2.000000
-0.715138 0.163647 0.007792 2.000000
-0.673488 0.114977 -0.017625 2.000000
0.069530 -0.043089 0.094250 0.000000
0.375954 -0.026857 -0.105597 0.000000
0.379895 0.023144 -0.099568 0.000000
0.018407 -0.049221 -0.100064 0.000000
-0.093729 0.068239 0.054505 0.000000
0.228248 -0.123988 -0.056248 0.000000
0.214104 -0.004753 0.202759 3.000000
-0.847212 0.020874 -0.011415 2.000000
0.105543 0.078468 0.037151 0.000000
-0.040858 -0.098491 -0.190071 1.000000
-0.164868 -0.094603 0.055653 0.000000
0.188634 0.006234 -0.256643 3.000000
0.793393 0.069230 0.025825 0.000000
0.020965 -0.034738 0.261580 1.000000
-0.057638 -0.022055 0.489219 1.000000
-0.180187 0.001197 0.095033 0.000000
-0.813860 0.046057 0.006383 2.000000
0.197637 0.059053 -0.261131 3.000000
-0.096104 -0.032676 -0.104814 0.000000
0.703569 0.083166 0.020214 0.000000
0.484150 0.068552 0.054088 0.000000
-0.450702 -0.038835 -0.082475 0.000000
0.968761 -0.037243 -0.012484 0.000000
0.031481 -0.058929 -0.359880 1.000000
0.638380 -0.074457 -0.086155 0.000000
-0.765399 0.146606 0.006462 2.000000
-0.099966 -0.031919 0.439923 1.000000
-0.252135 0.080295 -0.043017 0.000000
-0.803500 0.081757 0.001294 2.000000
-0.574895 -0.016601 0.059046 0.000000
0.371205 0.076329 0.042318 0.000000
0.267315 0.063359 0.060873 0.000000
0.068303 -0.074196 0.251246 1.000000
-0.849978 0.148798 -0.002777 2.000000
0.683109 -0.022812 0.095529 0.000000
0.473503 0.057696 -0.005334 0.000000
-0.877196 0.326332 -0.084458 2.000000
0.054994 -0.084713 0.185431 1.000000
-0.621660 0.050493 0.050069 0.000000
-0.824795 0.321609 -0.022923 2.000000
0.794437 0.069700 -0.034562 0.000000
0.071644 -0.086017 0.179429 1.000000
-0.513647 0.093944 -0.007213 0.000000
-0.087597 -0.034346 0.414427 1.000000
-0.440316 -0.061069 -0.069323 0.000000
0.024357 -0.174484 0.068127 3.000000
-0.106464 -0.050056 0.388618 1.000000
-0.903919 0.300862 -0.257269 2.000000
0.386941 -0.072238 0.097512 0.000000
0.493258 -0.004857 0.095816 0.000000
-0.046338 -0.040062 0.498405 1.000000
-0.325700 0.041333 -0.088895 0.000000
-0.842827 0.295173 -0.010501 2.000000
0.386158 0.009496 -0.104292 0.000000
0.535351 0.155349 -0.005334 0.000000
0.342342 -0.009320 -0.106771 0.000000
0.245550 0.051928 0.256204 3.000000
0.127960 -0.093690 -0.125926 1.000000
-0.086944 0.041385 -0.090643 0.000000
-0.406939 0.038958 0.075800 0.000000
0.229866 0.057226 -0.278303 3.000000
-0.158266 0.038697 0.082324 0.000000
-0.118521 -0.093377 -0.075899 0.000000
-0.819471 0.033348 0.022093 2.000000
0.512543 -0.063261 0.083890 0.000000
0.608447 0.082957 0.026269 0.000000
0.131431 -0.083982 0.102131 0.000000
-0.312626 0.085332 -0.029421 0.000000
0.819828 -0.185027 0.010533 3.000000
-0.787764 0.147728 0.004791 2.000000
0.247221 -0.122866 0.083472 0.000000
-0.540787 -0.018167 -0.074881 0.000000
0.058674 -0.043898 -0.314185 1.000000
-0.107273 -0.024299 0.618605 1.000000
0.120992 0.033191 0.229247 3.000000
-0.074862 -0.056815 -0.363221 1.000000
-0.317141 -0.108930 -0.003168 0.000000
-0.673435 0.020821 -0.063164 0.000000
0.867976 0.038619 0.017057 0.000000
-0.040936 -0.074352 -0.178640 1.000000
0.513743 -0.020359 0.096103 0.000000
-0.916419 0.317955 0.195817 2.000000
0.655656 0.083870 -0.034432 0.000000
0.078585 -0.032963 0.094433 0.000000
-0.112023 -0.055093 -0.328173 1.000000
-0.075644 -0.016784 -0.553203 1.000000
-0.716468 0.074632 0.009567 2.000000
0.185842 -0.050709 -0.111233 0.000000
-0.032507 -0.065897 -0.311106 1.000000
0.875727 -0.096952 -0.029134 0.000000
-0.683039 0.050102 -0.054761 0.000000
-0.006019 -0.052640 0.409260 1.000000
-0.003122 -0.038209 0.336399 1.000000
-0.107221 -0.075005 0.126818 1.000000
-0.909556 0.318216 0.206021 2.000000
-0.816105 0.179201 -0.010919 2.000000
-0.234337 0.008426 -0.816124 1.000000
0.066007 0.069230 0.053226 0.000000
0.255102 -0.031476 0.228203 3.000000
0.274752 -0.048595 -0.111155 0.000000
-0.050514 -0.089749 -0.123890 3.000000
-0.134570 0.087707 -0.006274 0.000000
-0.045138 -0.028736 0.094981 0.000000
-0.269045 -0.095386 0.050956 0.000000
-0.054715 -0.156243 0.204325 3.000000
0.026471 0.000544 0.235301 3.000000
-0.412732 -0.006554 -0.095915 0.000000
-0.152081 -0.049456 0.089605 0.000000
0.722358 -0.109008 0.026086 0.000000
-0.051166 -0.020724 0.523588 1.000000
0.138059 -0.123935 0.080053 0.000000
0.102933 0.087159 0.005235 0.000000
0.578045 -0.027614 0.095137 0.000000
0.717765 0.047335 -0.082632 0.000000
0.049749 -0.080224 -0.229398 1.000000
-0.012961 -0.040375 -0.333993 1.000000
0.073444 -0.046194 -0.234487 1.000000
0.063215 -0.174015 -0.104918 3.000000
-0.565214 0.061793 -0.056927 0.000000
0.535403 -0.111618 0.022902 0.000000
-0.125593 -0.004857 -0.691618 1.000000
0.034665 -0.175293 0.078540 3.000000
-0.008133 -0.029936 -0.444902 1.000000
-0.793662 0.260230 0.004530 2.000000
-0.005184 -0.045020 0.271105 1.000000
0.307034 -0.102954 -0.109876 0.000000
-0.026270 -0.161462 0.184778 3.000000
0.018329 -0.058486 0.363200 1.000000
0.218749 0.008895 -0.261627 3.000000
0.195132 0.042038 -0.090121 0.000000
-0.451981 -0.046455 0.067423 0.000000
-0.564274 0.109862 -0.011258 2.000000
-0.907990 0.323984 0.092345 2.000000
0.328067 -0.123857 -0.085633 0.000000
-0.045138 -0.173519 0.158656 3.000000
-0.736824 0.159889 0.007610 2.000000
0.408001 0.075624 0.044014 0.000000
0.848952 -0.057755 0.067736 0.000000
0.657248 0.023196 0.089187 0.000000
0.178717 -0.043846 0.285171 3.000000
-0.172619 -0.015427 0.605375 1.000000
-0.649923 0.147493 0.006670 2.000000
0.908948 -0.047290 -0.062381 0.000000
-0.219488 -0.039461 0.093571 0.000000
-0.075201 0.053259 0.071155 0.000000
0.175977 -0.037348 0.218260 3.000000
0.192105 0.018525 -0.326686 3.000000
0.063815 -0.142908 -0.092653 3.000000
-0.329093 0.085514 0.017605 0.000000
-0.894942 0.324479 0.121260 2.000000
0.440569 -0.115767 -0.005047 0.000000
0.907147 -0.060338 0.049260 0.000000
0.365698 0.079982 0.033445 0.000000
-0.251665 0.087446 0.002991 0.000000
0.068434 0.084157 -0.033779 0.000000
0.188399 0.007251 0.253021 3.000000
0.372457 0.042560 -0.089730 0.000000
0.099906 0.067195 0.055888 0.000000
-0.757074 0.257072 0.004426 2.000000
0.384905 -0.096900 -0.106562 0.000000
-0.074131 -0.028501 -0.454636 1.000000
-0.195662 -0.002326 -0.716723 1.000000
0.209433 0.048170 0.262494 3.000000
0.529871 -0.008511 0.096312 0.000000
0.209485 -0.002718 0.309963 3.000000
-0.186841 0.004772 -0.761687 1.000000
0.243880 0.032147 -0.095836 0.000000
-0.426302 0.077581 -0.047506 0.000000
-0.064553 0.051615 0.072407 0.000000
-0.578131 0.088568 0.007531 0.000000
0.643991 -0.014879 -0.107162 0.000000
0.903937 -0.036643 0.054688 0.000000
0.341246 0.004955 0.094537 0.000000
-0.008133 -0.122578 -0.033127 0.000000
-0.198089 0.001458 0.732960 1.000000
-0.081934 -0.015139 0.560306 1.000000
0.201995 0.038280 -0.276424 3.000000
