0.023604 -0.108491 -0.109894 3.000000
-0.557335 0.083917 0.004680 2.000000
-0.098664 0.021285 -0.676534 1.000000
0.212855 0.086517 0.090897 0.000000
0.370379 -0.092335 0.059753 1.000000
-0.105721 0.012902 -0.632816 1.000000
0.230921 -0.005137 0.413743 3.000000
0.130034 -0.076100 0.009482 1.000000
-0.625194 0.053914 -0.005347 2.000000
-0.480324 -0.003413 0.078402 0.000000
-0.192070 -0.022991 0.110899 0.000000
-0.080201 0.032851 0.714811 1.000000
0.607964 0.084713 -0.043760 0.000000
0.331276 -0.057981 0.398596 3.000000
0.045012 -0.029464 0.041767 1.000000
-0.542267 0.054710 0.024338 2.000000
-0.282796 0.053914 -0.875574 1.000000
-0.139146 0.012690 0.560417 1.000000
-0.794761 0.083705 0.267335 2.000000
-0.767623 0.061528 0.082806 2.000000
0.468639 -0.029835 0.024338 1.000000
-0.320253 0.025503 -0.738849 1.000000
-0.140181 0.040040 0.789036 1.000000
0.223281 -0.088860 0.063414 1.000000
-0.167292 -0.009992 0.514497 1.000000
0.078888 -0.024582 -0.029939 1.000000
0.303608 0.013804 0.119441 1.000000
0.104010 -0.075861 -0.341272 3.000000
0.037690 0.093574 0.082089 0.000000
0.024240 -0.138680 0.196532 3.000000
-0.648061 0.008923 0.029776 2.000000
-0.799669 0.073465 0.166051 2.000000
-0.172439 -0.012592 -0.445315 1.000000
-0.651324 0.053649 -0.005347 2.000000
0.192826 0.002662 -0.203989 1.000000
-0.122062 -0.097084 0.018502 0.000000
0.336900 -0.074535 0.403955 3.000000
0.052705 0.035822 0.117982 0.000000
-0.625379 0.204302 0.034790 2.000000
0.248509 -0.020391 0.109015 1.000000
0.268060 0.018446 -0.070421 1.000000
-0.070677 0.033939 0.118300 0.000000
-0.673209 0.079673 0.160480 2.000000
0.050158 -0.023919 0.203004 1.000000
0.493894 0.110578 0.008421 0.000000
0.034374 0.021921 -0.501475 1.000000
0.397066 0.046486 0.115647 0.000000
-0.280169 0.103203 -0.011714 0.000000
-0.338743 0.097898 -0.017205 0.000000
0.062865 0.001840 0.536064 1.000000
0.477446 -0.054692 0.001815 1.000000
0.065677 -0.012061 -0.606739 3.000000
-0.749080 0.083307 -0.209215 2.000000
-0.001996 -0.032408 -0.292248 1.000000
-0.597631 0.148699 0.038822 2.000000
-0.647026 0.103681 0.037655 2.000000
-0.151508 -0.012220 -0.448631 1.000000
0.307534 -0.097375 0.025770 1.000000
-0.684723 0.053516 0.054792 2.000000
-0.050728 -0.094802 0.092701 0.000000
-0.070651 0.013432 0.669607 1.000000
-0.265446 0.028633 -0.762246 1.000000
0.414309 0.086862 -0.041478 0.000000
-0.664588 0.066303 0.051662 2.000000
0.347644 -0.045354 0.024338 1.000000
0.241930 0.102301 0.067154 0.000000
0.672401 0.107395 0.040785 0.000000
0.008324 -0.004580 0.117478 0.000000
0.156589 0.008286 -0.307926 1.000000
-0.006957 -0.040367 -0.235982 1.000000
0.170516 0.015051 -0.070421 0.000000
0.094036 -0.049545 0.024338 1.000000
-0.211356 0.041419 0.785694 1.000000
-0.675464 0.093335 0.043915 2.000000
0.067402 -0.146797 -0.138173 3.000000
-0.202734 0.007755 -0.602149 1.000000
0.164547 0.000938 0.118380 1.000000
0.164309 -0.075039 -0.060340 1.000000
-0.313887 0.049457 0.901621 1.000000
0.173408 -0.018879 -0.334693 1.000000
0.287266 -0.004607 0.110846 1.000000
-0.019106 -0.066868 0.024338 1.000000
-0.145168 -0.020762 -0.376422 1.000000
-0.815798 0.079010 0.205737 2.000000
-0.087549 -0.004501 -0.504553 1.000000
-0.687482 0.310547 0.017785 2.000000
0.590721 0.083148 0.094398 0.000000
-0.005763 -0.036945 0.031978 1.000000
0.221238 -0.012592 0.030996 1.000000
-0.600682 0.059220 0.063493 2.000000
0.042996 -0.134886 0.161302 3.000000
-0.199630 0.009798 -0.617642 1.000000
-0.085772 0.034390 -0.641119 1.000000
-0.477804 0.110233 0.012718 2.000000
0.244874 0.087499 0.089809 0.000000
0.159189 -0.099816 -0.362999 3.000000
-0.032132 0.026909 -0.547608 1.000000
0.363375 -0.094351 -0.000280 1.000000
0.230337 -0.096686 0.034976 1.000000
0.074829 -0.064719 0.397508 3.000000
0.019757 0.000646 0.361271 1.000000
-0.057546 -0.034769 0.325485 1.000000
0.139876 -0.065727 0.660959 3.000000
-0.212761 0.026537 -0.644568 1.000000
-0.156708 0.023964 -0.718104 1.000000
-0.573066 0.055055 0.024338 2.000000
0.538142 0.092619 -0.034342 0.000000
-0.715575 0.070149 0.170083 2.000000
0.371785 0.088560 -0.039489 0.000000
0.118521 -0.073925 0.386075 3.000000
0.139319 -0.041242 -0.652500 3.000000
0.029069 0.012186 0.437990 1.000000
-0.001943 -0.067372 0.024338 1.000000
0.875606 0.022266 -0.019885 0.000000
-0.007010 -0.025537 -0.209401 1.000000
-0.159016 0.004094 -0.490015 1.000000
0.014425 -0.096739 0.039857 0.000000
0.709673 -0.129050 0.017361 0.000000
-0.085692 -0.007737 0.416502 1.000000
0.206966 -0.009700 0.116417 1.000000
0.459460 -0.055647 0.024338 1.000000
0.229594 -0.005323 -0.091192 1.000000
-0.721040 0.055692 0.071027 2.000000
0.187998 0.070574 0.104559 0.000000
0.350483 -0.005403 -0.126209 1.000000
-0.488282 0.086491 0.066650 2.000000
-0.120285 -0.037926 0.689052 3.000000
0.136666 -0.042064 0.684118 3.000000
0.383616 -0.066178 -0.017921 1.000000
-0.746215 0.289192 0.034312 2.000000
-0.110045 -0.030551 -0.626370 3.000000
0.010923 -0.011822 -0.355146 1.000000
-0.587365 0.105697 0.007625 2.000000
0.035594 0.014096 0.450538 1.000000
-0.242632 0.032957 -0.792568 1.000000
0.490100 -0.096129 0.009217 0.000000
0.038566 -0.008294 0.290600 1.000000
-0.159732 0.035000 0.710062 1.000000
0.251215 -0.057583 -0.322623 3.000000
-0.393365 0.099967 0.059965 0.000000
-0.599567 0.032957 -0.015110 2.000000
-0.219447 -0.045778 0.096468 0.000000
-0.778685 0.057946 0.087448 2.000000
-0.105853 0.062350 0.109413 0.000000
0.070240 -0.096739 0.032243 1.000000
0.273339 0.001256 -0.183669 1.000000
0.134040 -0.036891 0.652602 3.000000
0.143856 0.005978 -0.353396 1.000000
0.263205 -0.000150 -0.142975 1.000000
0.001400 -0.031453 0.225898 1.000000
0.056737 -0.020258 0.424275 1.000000
0.097484 0.012530 0.492505 1.000000
-0.063568 -0.021638 -0.063948 0.000000
-0.187772 0.012026 0.682420 1.000000
-0.127712 0.007331 -0.594960 1.000000
-0.065849 -0.000468 -0.532089 1.000000
0.209115 0.005182 -0.275748 1.000000
0.096636 -0.030180 0.109015 1.000000
0.005273 0.012955 -0.070341 0.000000
0.200520 -0.082281 0.377214 3.000000
-0.670424 0.060042 0.098616 2.000000
-0.736691 0.242343 0.013116 2.000000
0.089022 0.025741 0.119176 0.000000
0.020818 -0.027209 0.221866 1.000000
0.148206 -0.077639 0.019881 1.000000
-0.023802 -0.069229 -0.037420 1.000000
-0.042000 -0.034769 -0.276676 1.000000
-0.692655 0.060016 0.026354 2.000000
0.276363 -0.092680 0.097104 1.000000
0.292705 -0.027129 0.400745 3.000000
-0.055556 -0.010231 -0.459906 1.000000
0.119954 -0.021187 0.658996 3.000000
0.799497 -0.013069 -0.040974 0.000000
0.736652 -0.061005 0.081055 0.000000
0.042518 -0.029835 -0.013571 1.000000
0.299204 -0.013441 -0.201867 1.000000
-0.544309 0.064101 -0.021131 2.000000
-0.641296 0.061820 -0.059464 2.000000
-0.053699 -0.056124 0.112968 1.000000
0.050424 -0.102548 -0.122256 3.000000
0.351517 -0.070052 -0.330237 3.000000
-0.049322 0.091929 -0.035271 0.000000
0.167333 -0.092017 -0.049437 1.000000
0.048354 -0.074561 -0.003994 1.000000
-0.050410 -0.029968 -0.311800 1.000000
0.029785 -0.032992 0.093125 1.000000
0.194551 -0.034000 0.418041 3.000000
0.200493 -0.070980 0.084981 1.000000
-0.069749 0.020197 0.699849 1.000000
0.204578 -0.059387 0.136260 1.000000
0.454552 0.105883 -0.009459 0.000000
-0.130843 0.033328 -0.069306 0.000000
0.051299 0.057044 0.111907 0.000000
-0.107525 0.001442 -0.430062 1.000000
-0.026110 -0.043789 0.085432 1.000000
-0.144478 0.013512 -0.641517 1.000000
0.592074 -0.074959 -0.032379 0.000000
0.807270 0.014573 -0.042115 0.000000
0.099474 0.079275 -0.048906 0.000000
0.487049 -0.039040 0.105885 0.000000
-0.744278 0.259295 0.013912 2.000000
0.263603 -0.096739 0.008792 1.000000
-0.741466 0.086597 0.222529 2.000000
-0.780648 0.053782 0.057869 2.000000
0.075625 -0.035910 -0.365519 1.000000
-0.288446 0.017093 -0.674120 1.000000
0.045569 -0.085305 0.069409 1.000000
-0.395116 0.107580 0.046223 0.000000
-0.157159 0.041260 0.811983 1.000000
0.319710 -0.073792 0.373341 3.000000
-0.048314 -0.042250 0.706587 3.000000
-0.003826 0.015077 -0.635893 1.000000
-0.074364 -0.053737 -0.026013 1.000000
0.091967 -0.050713 -0.370135 3.000000
-0.089698 -0.075039 0.052590 1.000000
0.339314 -0.037793 0.409419 3.000000
-0.585852 0.045823 -0.017550 2.000000
0.072972 -0.058432 -0.104721 1.000000
0.178899 -0.048564 0.024338 1.000000
0.064563 -0.071272 0.024338 1.000000
-0.268152 0.086597 -0.035324 0.000000
0.560797 0.093123 -0.033653 0.000000
-0.005232 -0.015191 0.655627 3.000000
-0.069271 -0.086446 0.067579 0.000000
-0.059270 -0.034053 -0.282009 1.000000
-0.168513 -0.085517 0.070019 0.000000
0.284136 0.000327 -0.159979 1.000000
0.860167 -0.024317 0.071213 0.000000
0.442588 -0.031745 0.109175 0.000000
0.336264 -0.097375 0.023542 1.000000
0.299071 -0.096500 0.005821 1.000000
-0.166284 -0.008666 -0.476088 1.000000
-0.701648 0.078638 -0.102838 2.000000
0.312839 0.096757 -0.028267 0.000000
-0.141030 0.001203 -0.550446 1.000000
0.466304 -0.057398 -0.046280 0.000000
0.846956 0.048025 0.067472 0.000000
0.163433 -0.021717 -0.352069 1.000000
-0.271362 0.111825 0.027070 0.000000
0.004371 -0.037183 0.080392 1.000000
-0.297811 0.038528 -0.777898 1.000000
0.289256 -0.007445 -0.209481 1.000000
0.392424 -0.007498 0.066438 1.000000
-0.349063 0.044789 0.936028 1.000000
-0.692495 0.061926 -0.064186 2.000000
-0.119091 -0.039756 -0.641146 3.000000
0.179668 -0.056283 -0.112361 1.000000
-0.006320 -0.053843 0.024338 1.000000
0.155342 -0.051084 -0.151066 1.000000
0.059151 -0.031188 0.413664 1.000000
-0.557520 -0.011451 0.004707 3.000000
0.102047 -0.029437 0.352676 1.000000
-0.071340 0.007729 -0.070049 0.000000
-0.234143 0.003192 0.615728 1.000000
0.331542 0.091584 0.084769 0.000000
-0.247779 0.037440 0.874510 1.000000
0.174283 0.031233 0.118645 0.000000
-0.113865 -0.067027 0.080445 1.000000
-0.741546 0.070415 -0.124856 2.000000
0.460389 -0.089550 -0.012987 0.000000
-0.022847 -0.034875 0.324185 1.000000
-0.703982 0.081848 0.178890 2.000000
0.300849 0.111241 0.035877 0.000000
0.334035 -0.041109 -0.354536 3.000000
0.118150 -0.061085 -0.337028 3.000000
-0.004065 -0.014157 0.684569 3.000000
0.038672 -0.011345 0.275081 1.000000
-0.165807 0.035928 -0.775404 1.000000
0.301830 -0.074323 0.372333 3.000000
0.075944 0.017332 -0.441681 1.000000
-0.710879 0.053861 -0.009459 2.000000
-0.029850 -0.041826 0.274498 1.000000
0.234157 -0.094696 0.382626 3.000000
0.262648 -0.043523 0.231257 1.000000
-0.155408 0.083785 -0.044741 0.000000
0.134014 -0.019038 0.400745 1.000000
-0.148219 -0.093158 0.053280 0.000000
-0.034174 0.021179 -0.491209 1.000000
0.068250 0.010594 -0.358754 1.000000
0.145633 -0.057371 0.691360 3.000000
-0.050861 -0.067664 -0.046598 1.000000
0.016096 -0.066285 0.103047 1.000000
-0.024651 -0.043895 0.259562 1.000000
0.202164 -0.067399 -0.325276 3.000000
0.229807 -0.008400 -0.040470 1.000000
0.187972 -0.096739 0.077898 1.000000
-0.053858 -0.029490 0.364056 1.000000
-0.158193 0.105087 0.060681 0.000000
-0.298898 0.022266 0.762800 1.000000
0.316049 -0.011186 -0.066998 1.000000
-0.641721 0.074076 -0.059571 2.000000
0.073636 -0.096739 -0.019301 1.000000
0.058515 -0.001211 -0.620931 1.000000
-0.100866 0.111692 0.030625 0.000000
0.743841 -0.014290 -0.051108 0.000000
0.138736 -0.083873 0.386287 3.000000
0.133616 -0.028800 -0.304080 1.000000
-0.721305 0.204541 0.037151 2.000000
0.294084 -0.033973 -0.342678 3.000000
-0.084578 -0.023680 0.408968 1.000000
0.681580 -0.007153 -0.061481 0.000000
0.249888 -0.068433 0.076227 1.000000
-0.502713 0.111427 0.013302 2.000000
0.087775 -0.065860 0.024338 1.000000
0.109183 0.075057 0.101402 0.000000
-0.111928 -0.005535 -0.498584 1.000000
0.079711 -0.119792 -0.119259 3.000000
-0.113626 0.014069 -0.642154 1.000000
-0.110867 -0.051482 -0.621807 3.000000
0.286683 -0.058538 0.024338 1.000000
0.690042 0.041340 -0.059703 0.000000
-0.306459 0.091239 0.076678 0.000000
-0.098585 0.012398 -0.620931 1.000000
-0.132779 -0.053816 -0.644701 3.000000
0.249464 -0.073474 -0.033679 1.000000
-0.108612 0.032241 0.666105 1.000000
0.603879 -0.000999 0.118088 0.000000
0.364118 -0.076922 0.079543 1.000000
0.120458 -0.059599 -0.382205 3.000000
0.212935 -0.058777 -0.091086 1.000000
0.358017 -0.068725 0.431862 3.000000
-0.019292 -0.055647 0.174142 1.000000
0.076899 -0.003599 -0.233807 1.000000
-0.274174 0.027094 -0.700914 1.000000
-0.118985 0.103495 -0.015454 0.000000
-0.018364 -0.021850 -0.371302 1.000000
-0.008575 -0.042807 -0.058563 1.000000
0.559153 -0.097004 0.031421 0.000000
0.146004 -0.029225 -0.060340 1.000000
-0.056617 0.047919 0.115249 0.000000
0.290848 -0.093449 -0.003411 1.000000
-0.018178 -0.033867 -0.596552 3.000000
-0.060915 -0.016173 -0.641915 3.000000
-0.059641 -0.032276 0.343471 1.000000
-0.599886 0.233934 0.023648 2.000000
0.121360 -0.014024 -0.127085 1.000000
0.461529 -0.097296 0.027044 0.000000
0.610591 0.027227 -0.069996 0.000000
0.522119 -0.096606 0.035877 0.000000
0.070267 -0.037555 0.300416 1.000000
-0.279851 0.032930 -0.795221 1.000000
0.223042 -0.055275 -0.060340 1.000000
0.282120 0.102195 -0.018372 0.000000
0.069603 -0.042515 0.266088 1.000000
0.391177 -0.048696 0.127426 1.000000
0.030077 0.111878 0.024470 0.000000
0.142609 -0.047741 0.223909 1.000000
0.205321 -0.039916 0.024338 1.000000
-0.687800 0.278395 0.014390 2.000000
0.144174 -0.009700 -0.620136 3.000000
0.241612 -0.047582 -0.163295 1.000000
0.680280 -0.062199 0.087236 0.000000
-0.289640 0.053039 -0.868253 1.000000
0.223864 -0.051004 -0.143267 1.000000
0.460362 -0.096076 0.008633 0.000000
-0.067414 0.007596 0.638463 1.000000
-0.246611 0.038714 -0.740228 1.000000
-0.191088 0.023195 -0.716592 1.000000
0.811647 -0.078726 0.008341 0.000000
0.633644 0.111347 0.026566 0.000000
-0.294707 0.019826 0.743885 1.000000
-0.100627 -0.034345 -0.279037 1.000000
-0.296139 0.011204 0.106999 0.000000
0.328783 -0.096341 0.038185 1.000000
0.154042 -0.013892 -0.067264 1.000000
0.126639 -0.060687 0.670164 3.000000
0.022092 -0.117510 0.204702 3.000000
0.431738 -0.011106 -0.022643 1.000000
0.096874 -0.022354 0.124269 1.000000
-0.020486 -0.030366 -0.060685 0.000000
-0.560465 0.093176 0.055986 2.000000
0.353083 -0.080530 0.104585 1.000000
-0.150023 0.039722 -0.703328 1.000000
-0.782452 0.089090 -0.200780 2.000000
0.144413 -0.084562 0.070444 1.000000
0.038937 0.082856 -0.045617 0.000000
-0.006161 -0.073553 -0.011608 1.000000
0.187096 -0.041905 0.257467 1.000000
-0.566593 0.018685 -0.019168 2.000000
0.144200 -0.030923 0.109519 1.000000
0.008138 -0.001291 -0.513864 1.000000
-0.752396 0.089143 0.245662 2.000000
-0.076513 0.004678 0.466322 1.000000
-0.134928 -0.080291 -0.026888 0.000000
-0.263430 0.023672 -0.724762 1.000000
0.483627 0.080522 -0.047819 0.000000
0.333797 -0.097455 0.416688 3.000000
-0.184430 0.007570 0.648862 1.000000
0.048010 -0.042860 0.128646 1.000000
-0.031575 -0.054294 -0.100079 1.000000
-0.014650 -0.046388 0.241417 1.000000
-0.064682 -0.005456 -0.358277 1.000000
0.133536 -0.045380 -0.605253 3.000000
-0.102405 -0.042277 0.693960 3.000000
0.346583 -0.026758 0.024338 1.000000
-0.109541 0.023301 0.119308 0.000000
-0.057042 0.010169 0.480143 1.000000
0.070505 -0.109950 -0.112653 3.000000
-0.260247 0.027333 -0.752166 1.000000
-0.460985 0.088799 0.042191 2.000000
-0.057148 -0.075145 -0.060340 0.000000
0.216277 -0.002750 0.178758 1.000000
0.134597 -0.000150 0.260172 1.000000
-0.055715 0.024866 0.684569 1.000000
0.171843 -0.093343 -0.003729 1.000000
0.515090 0.066754 0.106973 0.000000
0.193808 -0.061085 0.024338 1.000000
-0.229156 0.043648 0.812010 1.000000
-0.202707 0.082034 -0.044529 0.000000
0.057294 -0.075782 0.172205 1.000000
0.033578 -0.058247 0.155572 1.000000
0.105178 -0.033310 0.325936 1.000000
0.417731 -0.062836 -0.042407 1.000000
0.044004 -0.070715 -0.654012 3.000000
0.947259 -0.018905 0.016247 0.000000
-0.702496 0.069380 0.163955 2.000000
-0.019743 -0.024211 -0.228210 1.000000
-0.130949 0.024176 0.618169 1.000000
0.078199 -0.156056 0.201121 3.000000
-0.011785 -0.096739 0.002691 0.000000
0.102366 -0.042144 -0.217386 1.000000
0.341251 -0.031055 -0.361646 3.000000
0.282253 0.012875 0.119414 1.000000
0.034533 -0.114009 0.156952 3.000000
-0.722472 0.079620 -0.180220 2.000000
-0.876255 0.086385 0.286780 2.000000
-0.559059 -0.004792 -0.005268 2.000000
0.433807 -0.044293 0.024338 1.000000
0.231902 -0.082891 0.106601 1.000000
-0.344739 -0.058671 -0.006010 0.000000
0.185637 -0.070556 0.069011 1.000000
-0.700295 0.200588 0.009933 2.000000
0.065996 -0.104432 0.180323 0.000000
0.347167 -0.089364 0.062406 1.000000
0.344938 -0.052410 0.385916 3.000000
0.484741 -0.095572 0.043597 0.000000
0.080029 -0.052119 -0.060340 1.000000
0.137117 -0.016014 0.115488 1.000000
0.579818 0.023805 -0.070235 0.000000
-0.699101 0.069566 0.000595 2.000000
-0.081633 0.084262 0.093284 0.000000
-0.155859 -0.002723 0.570127 1.000000
0.007209 -0.016067 -0.604590 3.000000
0.116611 -0.002617 -0.424146 1.000000
0.384306 -0.006570 0.114692 1.000000
-0.259186 0.041473 0.814158 1.000000
0.446567 -0.035539 -0.058456 0.000000
-0.363627 0.108005 0.046197 0.000000
0.285887 -0.030472 -0.363715 3.000000
-0.793249 0.087870 0.244707 2.000000
-0.145539 0.020966 -0.561455 1.000000
-0.028816 0.006747 -0.571907 1.000000
0.079658 -0.021319 0.179182 1.000000
0.831570 0.071953 -0.001766 0.000000
-0.159944 -0.084032 0.090552 0.000000
0.844754 -0.036998 -0.021609 0.000000
0.678052 -0.091301 0.054845 0.000000
0.020924 -0.096739 -0.022033 0.000000
0.188608 -0.007472 -0.106074 1.000000
-0.084631 0.006190 -0.635893 1.000000
0.103347 -0.057345 0.410427 3.000000
0.032119 -0.002405 0.544315 1.000000
-0.118826 -0.016969 0.460645 1.000000
-0.811925 0.081981 -0.170697 2.000000
-0.378323 0.015289 0.097502 0.000000
0.262914 0.072219 0.103471 0.000000
0.465270 0.027704 0.119016 0.000000
0.125816 -0.047052 -0.633055 3.000000
0.311831 -0.044478 0.198866 1.000000
-0.725602 0.087552 0.238048 2.000000
-0.269054 0.030357 -0.711313 1.000000
0.323398 -0.002405 0.155360 1.000000
0.725033 -0.071537 -0.026410 0.000000
0.497926 0.075879 -0.051718 0.000000
-0.091369 0.011735 0.515930 1.000000
0.047797 -0.011531 0.415521 1.000000
-0.779693 0.065984 0.144059 2.000000
0.387065 -0.068035 -0.007469 1.000000
-0.802428 0.079567 -0.190619 2.000000
0.242620 -0.097243 -0.382391 3.000000
0.191129 0.089064 -0.038905 0.000000
-0.043327 -0.045354 0.248633 1.000000
0.266495 -0.096739 0.000065 1.000000
0.212484 -0.100055 -0.377722 3.000000
0.049230 0.066595 -0.058005 0.000000
0.056127 0.005819 -0.320925 1.000000
0.002593 -0.009196 0.321611 1.000000
0.483256 0.109411 0.046595 0.000000
0.232698 0.002370 -0.190327 1.000000
0.189696 -0.054665 0.109015 1.000000
0.057427 0.007623 0.119096 0.000000
0.421047 -0.037342 0.024338 1.000000
0.120909 -0.001556 0.260013 1.000000
0.820375 -0.050049 -0.021529 0.000000
0.134889 -0.000124 -0.211417 1.000000
-0.219208 -0.026148 0.106973 0.000000
0.262171 -0.060050 -0.044397 1.000000
-0.050808 -0.013069 0.115594 0.000000
0.330481 -0.054002 0.149418 1.000000
-0.018815 0.023778 -0.510972 1.000000
0.690732 -0.096341 0.029696 0.000000
-0.563304 0.075084 0.064793 2.000000
0.400594 -0.057185 0.093815 1.000000
-0.575188 0.136655 0.038132 2.000000
0.058409 -0.065409 -0.099336 1.000000
0.171657 -0.077745 0.026672 1.000000
0.126161 -0.057875 0.431119 3.000000
0.267689 -0.023680 -0.352069 1.000000
-0.369277 0.074977 -0.035403 0.000000
-0.096595 0.012132 -0.473090 1.000000
0.329234 -0.061695 -0.371329 3.000000
0.726306 -0.047211 0.091003 0.000000
-0.680637 0.105697 0.009986 2.000000
0.414495 -0.009090 -0.027339 1.000000
-0.195996 0.101797 -0.018319 0.000000
-0.494118 0.103814 -0.000333 2.000000
0.051830 -0.054320 -0.137590 1.000000
0.014133 -0.035008 0.074662 1.000000
-0.590468 0.022425 0.064607 2.000000
-0.676685 0.180957 0.008713 2.000000
-0.411351 -0.036812 -0.021052 0.000000
0.117248 -0.034504 -0.267657 1.000000
0.134465 -0.048537 -0.596526 3.000000
-0.055848 0.034602 0.674249 1.000000
-0.710402 0.071980 0.107291 2.000000
-0.094181 0.004731 -0.572650 1.000000
0.093028 -0.057106 -0.113316 1.000000
-0.786352 0.092459 0.276301 2.000000
0.115391 -0.010390 -0.407725 1.000000
0.259200 -0.072439 -0.002774 1.000000
-0.626255 0.064844 -0.068617 2.000000
0.118786 -0.087109 0.394643 3.000000
-0.438940 0.093574 0.009880 1.000000
0.119954 0.073810 -0.053230 0.000000
0.328093 -0.075596 0.025850 1.000000
0.146163 -0.062332 0.091852 1.000000
0.710734 0.067284 0.095247 0.000000
0.248827 -0.004766 -0.081509 1.000000
0.292970 -0.009488 0.016910 1.000000
0.412240 -0.014104 0.115303 0.000000
0.171790 -0.034875 0.306358 1.000000
0.064643 0.111162 0.012559 0.000000
-0.057758 0.050545 -0.065327 0.000000
-0.698385 0.076781 -0.155868 2.000000
0.049707 -0.027819 0.370344 1.000000
0.096105 -0.062624 0.422047 3.000000
0.058064 -0.033761 -0.279011 1.000000
0.623032 0.105750 0.058877 0.000000
0.110510 -0.019807 0.135517 1.000000
0.250260 0.099596 0.072486 0.000000
-0.080731 -0.068407 0.024338 1.000000
0.068834 0.014706 0.448893 1.000000
-0.734330 0.085721 0.040679 2.000000
0.126374 0.096704 0.077420 0.000000
-0.462523 0.005925 0.084610 0.000000
-0.666073 0.241388 0.012957 2.000000
0.020898 0.018791 0.499509 1.000000
0.279228 -0.032382 -0.372443 3.000000
0.338731 -0.040526 0.024338 1.000000
0.033366 -0.031374 0.067048 1.000000
0.443676 -0.035804 -0.046174 1.000000
0.032597 -0.034079 -0.118993 1.000000
0.336502 -0.070396 -0.392816 3.000000
-0.754279 0.058875 -0.010971 2.000000
0.093505 0.005235 0.337157 1.000000
0.351968 -0.010523 -0.067158 1.000000
-0.673740 0.053728 0.055694 2.000000
-0.521761 -0.018003 0.049725 0.000000
-0.393285 -0.040393 0.070072 0.000000
0.134305 -0.096739 -0.030735 1.000000
0.125153 -0.039226 0.685471 3.000000
0.279971 -0.066364 -0.036809 1.000000
-0.328769 0.082114 0.033384 1.000000
0.225456 0.004201 -0.238264 1.000000
-0.126545 -0.029251 -0.612416 3.000000
-0.763829 0.333626 0.032508 2.000000
-0.201567 0.012371 0.685736 1.000000
-0.562375 0.116096 0.007943 2.000000
0.006732 -0.008321 -0.466989 1.000000
0.243071 -0.096155 -0.039462 1.000000
-0.013005 -0.075596 0.048293 1.000000
0.085918 -0.002140 0.284419 1.000000
-0.824340 0.088056 0.260570 2.000000
-0.193423 0.031551 0.706879 1.000000
-0.051869 -0.068566 0.090048 1.000000
-0.131692 -0.078169 0.014310 1.000000
0.116028 -0.034557 -0.663403 3.000000
-0.088026 -0.006994 0.684569 1.000000
-0.051842 -0.007233 -0.481632 1.000000
-0.085294 -0.018614 -0.320899 1.000000
0.168421 0.005898 -0.351698 1.000000
-0.058448 -0.006225 0.538187 1.000000
0.245485 -0.050023 -0.146556 1.000000
-0.586914 0.052376 0.066093 2.000000
-0.037411 -0.070980 0.075908 1.000000
0.159719 -0.013388 -0.059199 1.000000
0.765806 0.096333 0.006325 0.000000
0.026867 -0.061271 0.133713 1.000000
0.166192 -0.065727 0.099359 1.000000
0.458319 0.108854 0.000277 0.000000
-0.191194 0.013671 -0.646292 1.000000
0.223387 0.001282 -0.173296 1.000000
-0.122725 -0.019303 0.442659 1.000000
-0.283804 0.027015 0.799170 1.000000
0.302440 -0.057504 -0.087345 1.000000
-0.703239 0.272293 0.035692 2.000000
0.145925 -0.018057 0.017096 1.000000
0.073821 -0.109048 0.190801 3.000000
-0.016109 -0.046282 0.109015 0.000000
0.077350 -0.048988 -0.171837 1.000000
-0.601451 0.066966 0.005874 2.000000
0.092709 -0.126954 0.164618 3.000000
0.221158 0.089329 -0.038560 0.000000
-0.459367 0.110419 0.035984 2.000000
0.514798 -0.038244 0.106283 0.000000
-0.746268 0.055108 0.067366 2.000000
-0.662121 0.244306 0.034976 2.000000
-0.685943 0.078081 0.144722 2.000000
-0.067467 -0.065011 0.109015 0.000000
-0.311234 0.080601 -0.036942 0.000000
0.122209 -0.054082 -0.641889 3.000000
0.121015 -0.026015 0.689105 3.000000
-0.266852 0.032718 -0.792860 1.000000
-0.385141 0.111241 0.015822 0.000000
-0.108294 -0.095359 0.024126 0.000000
-0.654189 0.308876 0.024072 2.000000
-0.820865 0.077657 -0.153639 2.000000
-0.337841 0.063040 -0.044635 0.000000
0.093558 -0.018693 -0.381462 1.000000
0.004397 -0.153084 -0.115359 3.000000
0.205772 0.003723 -0.217227 1.000000
0.224448 -0.001715 -0.286704 1.000000
-0.044918 0.025821 -0.536943 1.000000
0.740631 -0.092547 0.030492 0.000000
0.084512 0.106970 -0.006276 0.000000
0.162160 -0.053074 0.185231 1.000000
-0.005232 0.013538 -0.575250 1.000000
0.686726 -0.037846 0.100261 0.000000
-0.071765 -0.096739 -0.000625 0.000000
-0.129012 -0.011478 -0.395575 1.000000
-0.160899 -0.011849 -0.451337 1.000000
-0.077654 -0.021373 -0.377775 1.000000
0.071460 -0.013865 -0.367031 1.000000
0.120086 0.057098 0.111880 0.000000
-0.643975 0.071900 -0.039515 2.000000
0.101623 -0.147222 -0.140587 3.000000
-0.099009 0.016510 -0.655524 1.000000
-0.227166 0.008498 0.656953 1.000000
0.151734 0.006323 0.318402 1.000000
-0.309960 -0.058751 0.068401 0.000000
-0.084870 -0.068407 -0.631649 3.000000
0.208849 0.002370 -0.194174 1.000000
0.077854 0.039165 0.117425 0.000000
-0.320094 -0.005907 0.102436 0.000000
0.052546 -0.085491 -0.114590 1.000000
0.358468 -0.028058 0.409340 3.000000
0.132104 0.009745 -0.334242 1.000000
0.261614 -0.042701 0.436956 3.000000
0.589766 0.111798 0.020889 0.000000
0.154706 -0.026307 -0.316124 1.000000
-0.072614 -0.053339 -0.060340 0.000000
0.084618 -0.065383 0.106336 1.000000
0.125790 -0.060873 0.684569 3.000000
0.008456 -0.052463 -0.594005 3.000000
0.337272 -0.057185 -0.081058 1.000000
-0.136281 0.026033 -0.584747 1.000000
0.180438 -0.003333 0.394378 1.000000
0.499040 -0.012379 0.115780 0.000000
0.355205 -0.078010 0.384032 3.000000
0.069816 -0.115521 0.169048 3.000000
-0.667745 0.181780 0.039936 2.000000
0.311327 -0.044452 -0.388890 3.000000
-0.027118 0.049086 -0.065831 0.000000
0.330746 -0.076365 -0.374167 3.000000
-0.623310 0.064685 0.115011 2.000000
0.679298 -0.084377 0.067048 0.000000
-0.583651 0.104901 0.043465 2.000000
-0.312189 -0.069627 0.033967 0.000000
-0.659574 0.031180 0.052855 2.000000
0.078331 -0.063207 -0.364882 3.000000
-0.748947 0.084872 0.209477 2.000000
0.009650 -0.034584 0.038557 1.000000
-0.477671 0.090947 0.064156 2.000000
-0.693503 0.072378 0.103312 2.000000
0.043951 -0.041242 -0.227944 1.000000
0.891603 -0.001052 0.065324 0.000000
0.044614 -0.013998 -0.352228 1.000000
-0.031230 -0.012273 -0.291850 1.000000
0.124278 -0.012539 0.183321 1.000000
0.098599 -0.074216 -0.003702 1.000000
0.280793 -0.014900 0.115090 1.000000
-0.661935 0.210907 0.010782 2.000000
0.637994 -0.088860 0.062618 0.000000
0.185611 0.000911 0.384748 1.000000
-0.631056 0.159469 0.040281 2.000000
0.065306 -0.063287 0.119600 1.000000
0.583452 0.043648 -0.067370 0.000000
0.045118 -0.033151 -0.284184 1.000000
0.275355 -0.021479 0.400745 3.000000
-0.293672 0.105405 0.055455 0.000000
-0.763803 0.089886 -0.203751 2.000000
0.430226 -0.012486 -0.066680 0.000000
-0.019531 0.014414 0.640346 1.000000
0.048275 -0.046442 -0.081775 1.000000
0.089473 -0.023070 0.102092 1.000000
0.375366 -0.042250 0.157403 1.000000
-0.128031 -0.060952 0.011816 1.000000
0.013815 -0.062942 0.024338 1.000000
0.082629 -0.025033 0.137082 1.000000
-0.001518 -0.128573 0.169818 3.000000
0.095389 -0.044823 0.713484 3.000000
-0.021945 0.012159 0.466826 1.000000
-0.762025 0.070017 0.123234 2.000000
0.076580 -0.044532 0.406183 3.000000
-0.205519 0.026033 0.684542 1.000000
-0.056378 0.109411 0.046595 0.000000
-0.120072 -0.085862 -0.051453 0.000000
-0.065186 -0.031002 0.352676 1.000000
0.181685 -0.101620 -0.367800 3.000000
-0.123229 -0.027607 -0.329573 1.000000
-0.208623 0.003511 -0.569759 1.000000
0.594249 0.111639 0.031235 0.000000
-0.190796 -0.084801 0.060045 0.000000
-0.667267 0.065666 -0.087478 2.000000
-0.796751 0.093070 -0.234338 2.000000
-0.022794 -0.011371 -0.287818 1.000000
0.173116 -0.062279 -0.329122 3.000000
0.111730 -0.092362 -0.048933 1.000000
0.018802 -0.129209 -0.124193 3.000000
-0.688145 0.168887 0.008792 2.000000
-0.585216 0.020993 -0.016250 2.000000
-0.066141 -0.026280 -0.606102 3.000000
0.833055 0.008790 0.084583 0.000000
-0.042239 -0.009408 0.365515 1.000000
-0.748496 0.236056 0.034233 2.000000
0.032093 -0.045699 0.024338 1.000000
0.143086 -0.054771 0.175097 1.000000
0.046816 -0.054480 0.181862 1.000000
-0.184430 0.025741 0.118539 0.000000
-0.377978 0.089064 0.013833 1.000000
-0.041417 -0.025033 0.397614 1.000000
0.260393 -0.018322 -0.065009 1.000000
-0.768021 0.315428 0.032270 2.000000
-0.270672 0.009851 -0.060844 0.000000
-0.720429 0.329965 0.016194 2.000000
-0.358746 0.041579 -0.843820 1.000000
0.032782 -0.009461 -0.455290 1.000000
-0.124476 -0.076259 0.024338 1.000000
-0.701648 0.055400 0.024338 2.000000
0.391760 -0.010576 -0.090157 1.000000
-0.692495 0.282639 0.034312 2.000000
0.080480 -0.097163 0.029192 1.000000
-0.134477 -0.080610 -0.053018 0.000000
0.598759 0.041685 0.116868 0.000000
0.598494 -0.020922 -0.064186 0.000000
0.171577 -0.066099 -0.390243 3.000000
0.642186 0.017199 -0.068431 0.000000
0.258404 -0.002325 0.159286 1.000000
0.259571 -0.071696 0.024338 1.000000
-0.081076 -0.015536 -0.422024 1.000000
0.198556 0.095722 0.078906 0.000000
0.137409 0.099330 0.072937 0.000000
-0.781311 0.084077 0.033888 2.000000
-0.822085 0.084687 -0.191760 2.000000
-0.031601 0.029084 -0.584800 1.000000
0.530449 -0.004103 -0.068511 0.000000
0.019678 -0.112709 0.169340 3.000000
0.185982 -0.097163 0.019801 1.000000
-0.033830 -0.002564 0.561903 1.000000
0.174283 -0.034981 -0.351698 3.000000
0.052652 -0.096739 0.035082 1.000000
-0.460481 0.094051 0.008554 2.000000
0.144253 -0.045938 0.699982 3.000000
0.102127 -0.053074 0.190085 1.000000
0.126082 -0.030578 -0.293150 1.000000
0.399347 -0.009223 0.019669 1.000000
0.597114 0.075322 -0.052116 0.000000
0.295464 -0.008480 0.002505 1.000000
0.803795 -0.038006 0.080736 0.000000
0.094460 -0.022566 -0.070765 1.000000
0.058488 0.000301 -0.486752 1.000000
0.342763 -0.063101 0.024338 1.000000
-0.121160 -0.052198 0.098669 0.000000
0.217524 -0.019913 -0.293920 1.000000
-0.736797 0.066542 0.088589 2.000000
0.165847 -0.062995 0.116098 1.000000
-0.196685 0.015952 0.712344 1.000000
0.465005 0.103283 -0.015905 0.000000
0.128257 -0.058485 -0.634461 3.000000
0.022702 -0.028190 -0.321323 1.000000
0.672136 0.089913 -0.030814 0.000000
-0.614423 0.072537 -0.050816 2.000000
-0.069616 -0.039491 -0.226459 1.000000
0.254451 -0.019065 -0.253332 1.000000
0.129663 -0.044134 0.666450 3.000000
-0.666551 0.270118 0.032774 2.000000
-0.027304 -0.077559 0.011684 1.000000
-0.830627 0.074076 -0.143134 2.000000
0.161603 -0.008825 0.170507 1.000000
0.018855 -0.130429 0.180986 3.000000
0.238030 0.080946 -0.047421 0.000000
-0.125988 -0.001768 -0.068908 0.000000
0.119317 -0.008745 -0.642313 3.000000
0.181366 -0.042091 -0.208499 1.000000
0.173196 -0.014236 -0.348912 1.000000
-0.374875 0.043144 -0.046572 0.000000
0.138232 0.053065 0.113525 0.000000
0.031854 -0.023734 -0.660697 3.000000
-0.031044 -0.065489 -0.060340 0.000000
0.398897 -0.003201 -0.068696 1.000000
0.070267 -0.080583 0.676212 3.000000
0.113189 -0.017844 0.428122 1.000000
-0.070465 0.033302 -0.634699 1.000000
0.378921 -0.007419 -0.094269 1.000000
0.297559 -0.069601 -0.322782 3.000000
0.641045 0.099251 -0.021423 0.000000
0.284879 -0.062199 0.445657 3.000000
0.047452 -0.046229 -0.192688 1.000000
-0.767119 0.065693 0.141831 2.000000
-0.049587 0.030888 -0.602043 1.000000
-0.665994 0.072033 0.012533 2.000000
0.154626 0.098163 0.074927 0.000000
0.555810 0.109650 0.003593 0.000000
0.748669 0.022903 0.102277 0.000000
-0.101741 -0.024662 -0.314452 1.000000
0.423674 0.030304 -0.069678 0.000000
0.812841 -0.004580 0.088881 0.000000
-0.704221 0.054047 0.000728 2.000000
0.452404 -0.015642 0.068693 1.000000
-0.069855 0.027386 -0.559651 1.000000
0.086449 -0.049705 0.395970 3.000000
0.148471 -0.040446 -0.223726 1.000000
-0.098823 -0.031082 -0.633930 3.000000
-0.012899 0.001203 -0.536121 1.000000
-0.195969 -0.045619 0.099412 0.000000
0.340296 -0.092149 0.390054 3.000000
0.041298 0.006164 0.669607 3.000000
0.829049 0.002397 -0.036438 0.000000
0.488190 -0.036228 0.024338 1.000000
-0.203026 0.032426 -0.784583 1.000000
0.527054 -0.012592 -0.066654 0.000000
-0.456183 0.027917 0.086652 0.000000
0.085202 0.108748 0.049248 0.000000
-0.005418 0.003829 0.403981 1.000000
-0.115563 -0.010841 -0.635707 1.000000
-0.122884 -0.053100 -0.612442 3.000000
-0.578584 0.053941 0.002532 2.000000
0.354064 -0.048219 0.106654 1.000000
0.127196 -0.062862 0.109015 1.000000
0.149294 -0.073633 -0.386927 3.000000
0.123535 -0.051959 -0.614193 3.000000
0.387728 -0.090584 -0.010812 1.000000
0.277027 -0.034424 -0.205422 1.000000
-0.726027 0.087233 -0.194439 2.000000
0.322071 -0.003944 0.117266 1.000000
-0.036376 0.022956 -0.507630 1.000000
0.573027 0.012212 -0.070314 0.000000
0.103374 -0.051747 -0.343819 3.000000
0.171365 -0.012539 0.099173 1.000000
0.386959 -0.008082 0.134376 1.000000
0.748298 0.069141 -0.036836 0.000000
-0.781152 0.069168 0.131140 2.000000
0.129981 -0.043019 0.420800 3.000000
0.087377 -0.068964 -0.035775 1.000000
-0.171378 -0.084669 -0.024474 0.000000
0.395978 0.006906 0.119070 0.000000
0.135526 -0.060979 -0.082411 1.000000
-0.633497 0.055532 -0.010043 2.000000
0.135764 0.004413 0.301105 1.000000
-0.017807 -0.097375 0.025770 0.000000
-0.233427 0.028898 -0.674438 1.000000
0.131467 0.011390 0.423506 1.000000
0.264797 -0.062491 0.024338 1.000000
0.113560 -0.062411 -0.364219 3.000000
0.080055 0.007623 -0.633877 1.000000
0.497289 0.111878 0.024258 0.000000
0.348361 0.016377 -0.070421 1.000000
0.110589 -0.053869 0.183957 1.000000
-0.288658 0.026431 0.107662 0.000000
0.372979 0.105564 -0.010334 0.000000
-0.684245 0.075694 0.192261 2.000000
0.164494 -0.014130 -0.030045 1.000000
0.156828 -0.074694 0.002717 1.000000
0.715695 -0.089656 0.017255 0.000000
-0.352458 0.094741 0.026009 1.000000
0.064537 -0.012724 0.654512 3.000000
-0.254968 0.018313 -0.683723 1.000000
0.036470 -0.096474 0.037018 1.000000
-0.059721 0.010461 -0.606102 1.000000
0.066022 0.009400 0.397057 1.000000
0.192137 -0.036865 0.290043 1.000000
-0.196314 0.025582 -0.625653 1.000000
-0.054389 -0.032567 0.650162 3.000000
-0.255313 -0.081724 0.025054 0.000000
0.831145 0.022319 0.084716 0.000000
-0.163685 0.005686 0.550098 1.000000
-0.254198 -0.046123 0.091931 0.000000
-0.770621 0.223084 0.018661 2.000000
0.007077 0.094476 -0.031716 0.000000
-0.196208 0.011151 -0.627723 1.000000
0.125869 -0.056310 -0.337293 3.000000
0.213571 0.073784 0.102330 0.000000
0.644918 0.058742 -0.059624 0.000000
0.078835 0.004758 -0.294503 1.000000
0.025302 -0.064268 0.707065 3.000000
0.342312 -0.071033 0.084928 1.000000
-0.184058 0.021470 -0.703381 1.000000
-0.091077 -0.051535 0.677300 3.000000
0.279785 -0.001264 0.169924 1.000000
0.874996 -0.057106 0.043491 0.000000
0.139107 0.008339 0.439237 1.000000
-0.764148 0.230565 0.017043 2.000000
0.331064 -0.058485 -0.343076 3.000000
0.615949 -0.031692 -0.060154 0.000000
-0.636866 0.046301 -0.009698 2.000000
-0.288818 0.016934 0.721443 1.000000
0.131520 -0.071431 0.667140 3.000000
0.232698 -0.060104 0.127665 1.000000
-0.143258 -0.091301 -0.013173 0.000000
0.018431 -0.076233 0.694676 3.000000
0.022516 -0.080769 0.680245 3.000000
-0.035633 0.003511 -0.377430 1.000000
-0.634081 0.266351 0.027468 2.000000
0.362818 -0.007896 0.000250 1.000000
-0.014358 0.009639 -0.397193 1.000000
-0.108082 -0.033496 0.107742 0.000000
0.266548 -0.103238 0.420402 3.000000
-0.209074 0.017783 0.646315 1.000000
0.307666 -0.003891 -0.071296 1.000000
-0.648034 0.039403 0.056649 2.000000
-0.226132 -0.077745 0.063467 0.000000
0.106451 -0.043046 0.259430 1.000000
-0.324445 0.027996 0.800470 1.000000
0.021747 -0.053949 0.186769 1.000000
0.438476 -0.067478 -0.038799 0.000000
-0.066698 -0.010602 -0.635893 1.000000
0.097166 -0.069892 0.078535 1.000000
0.721770 -0.085650 -0.011953 0.000000
0.179881 -0.003068 -0.153321 1.000000
0.088093 -0.028960 -0.309200 1.000000
0.136560 -0.061722 0.680510 3.000000
-0.018231 0.026272 -0.541639 1.000000
0.209062 -0.035379 0.107583 1.000000
0.062467 0.003643 0.346574 1.000000
-0.437852 0.079142 -0.026596 0.000000
-0.718705 0.070600 -0.053761 2.000000
0.001718 -0.044266 -0.060340 1.000000
-0.659972 0.216770 0.037283 2.000000
0.280236 -0.053684 -0.048668 1.000000
0.054403 -0.035247 -0.359709 1.000000
-0.148219 0.108005 0.052113 0.000000
0.673144 0.031206 0.112703 0.000000
-0.735444 0.343415 0.016300 2.000000
-0.170343 0.002503 -0.069519 0.000000
0.090454 -0.138441 0.193109 3.000000
-0.581634 -0.000415 -0.002535 2.000000
0.030395 -0.120322 -0.103050 3.000000
-0.334764 0.027307 0.102224 0.000000
0.159030 -0.076418 0.035453 1.000000
0.004795 -0.010735 -0.450144 1.000000
0.013815 -0.049705 -0.168654 1.000000
-0.722790 0.073943 -0.147485 2.000000
0.017051 -0.004315 0.684569 3.000000
0.014452 0.013857 0.458364 1.000000
0.273737 -0.059308 0.109015 1.000000
-0.116650 -0.068672 0.024338 1.000000
-0.782187 0.343070 0.030890 2.000000
0.614066 0.106519 -0.007735 0.000000
-0.192839 0.041526 0.778956 1.000000
-0.280063 -0.076471 0.019377 0.000000
-0.172306 -0.012857 -0.435182 1.000000
-0.002977 -0.007896 -0.636318 3.000000
0.275355 -0.096182 0.087926 1.000000
-0.586410 0.008100 0.058108 2.000000
-0.185570 0.022399 -0.600319 1.000000
-0.795690 0.390688 0.019191 2.000000
0.367806 -0.007047 0.067579 1.000000
0.027928 0.022027 -0.526253 1.000000
-0.096303 -0.040711 -0.631755 3.000000
0.176963 -0.033735 -0.059252 1.000000
-0.254092 0.049723 -0.826763 1.000000
0.051034 -0.051004 -0.665286 3.000000
0.293792 -0.093741 -0.046068 1.000000
0.093797 -0.126371 0.187326 3.000000
-0.061127 -0.018136 0.450273 1.000000
0.252011 -0.053657 0.169897 1.000000
-0.773194 0.088135 0.239958 2.000000
-0.647822 0.213321 0.036541 2.000000
0.324220 -0.071988 0.084079 1.000000
0.107300 -0.020364 0.104320 1.000000
-0.019504 -0.061059 -0.086550 1.000000
-0.175357 0.036963 0.835593 1.000000
0.082682 0.016642 0.493328 1.000000
0.206488 -0.026996 -0.281717 1.000000
0.078172 -0.000468 -0.254074 1.000000
-0.572482 0.084740 0.043518 2.000000
0.268538 -0.053710 -0.060340 1.000000
0.106026 0.033939 0.118300 0.000000
-0.104766 -0.006145 0.542166 1.000000
0.328173 -0.096076 -0.019991 1.000000
-0.456528 0.076224 0.004336 2.000000
-0.039798 -0.095174 0.003274 0.000000
-0.110257 -0.017155 -0.410617 1.000000
0.573266 0.074633 0.101694 0.000000
-0.462125 0.000885 -0.034926 0.000000
0.233653 -0.058326 0.094690 1.000000
-0.796114 0.064923 0.016777 2.000000
0.111597 -0.045301 0.419553 3.000000
-0.159281 0.041207 -0.721075 1.000000
0.154997 -0.096924 0.032482 1.000000
0.113746 -0.011849 -0.150986 1.000000
-0.034705 0.002131 0.595381 1.000000
-0.062162 0.001627 0.669607 1.000000
0.349316 -0.094166 -0.359922 3.000000
-0.049402 -0.007711 0.381194 1.000000
0.289760 -0.017420 0.413850 3.000000
0.315386 -0.034186 -0.176506 1.000000
0.120299 0.008816 0.365887 1.000000
-0.098876 0.032506 -0.616926 1.000000
0.099448 0.069433 -0.056255 0.000000
0.393326 -0.068646 0.050733 1.000000
0.115179 -0.076551 0.011286 1.000000
-0.808529 0.085668 0.281421 2.000000
0.155395 -0.030392 -0.352069 1.000000
