-0.534481 0.254708 -0.096620 2.000000
0.328101 -0.075838 -0.341503 3.000000
0.378119 0.015008 0.137576 1.000000
0.100799 0.008302 0.983859 1.000000
0.219727 -0.031644 0.199004 1.000000
-0.384906 0.241909 0.055227 2.000000
-0.324868 0.161457 0.087744 2.000000
-0.246580 0.163007 -0.000483 0.000000
0.013266 -0.014196 -0.461740 1.000000
-0.665860 0.261040 0.282876 2.000000
0.231270 0.025001 0.299469 1.000000
0.300900 -0.006046 0.353014 3.000000
0.010354 -0.006821 -0.358363 3.000000
0.082977 -0.026353 0.267779 1.000000
-0.590672 0.249738 0.342781 2.000000
-0.744068 0.264808 -0.115163 2.000000
0.103043 -0.006340 -0.354649 3.000000
-0.747248 0.123543 0.087744 2.000000
-0.489031 -0.007356 0.051833 0.000000
-0.230361 -0.190517 -0.139371 0.000000
0.092516 0.141845 0.189999 0.000000
0.272738 -0.007329 0.692270 1.000000
-0.051021 -0.050267 0.220486 0.000000
0.387952 0.141845 0.056002 0.000000
-0.681732 0.138024 -0.087214 2.000000
0.027775 0.141845 -0.192836 0.000000
-0.262184 0.109061 0.120850 0.000000
0.245297 0.077505 -0.208520 0.000000
-0.062082 -0.093739 -0.323654 3.000000
0.057888 0.019497 0.144550 1.000000
-0.386910 -0.088342 -0.105063 0.000000
-0.107372 -0.187204 -0.258432 0.000000
0.083191 -0.008425 -0.865577 1.000000
0.075095 0.022704 0.379653 1.000000
0.108040 0.025669 -0.862958 1.000000
0.121720 -0.021945 0.471541 1.000000
0.550246 -0.190517 -0.040295 0.000000
0.137752 0.141845 0.222597 0.000000
0.203775 0.023986 -0.704940 1.000000
-0.030126 0.001649 0.181022 1.000000
0.267742 0.021955 -0.475287 1.000000
0.059651 -0.190517 -0.038799 0.000000
0.266940 -0.190517 0.010712 0.000000
-0.219086 -0.092884 -0.231926 0.000000
-0.357118 -0.006153 0.084778 0.000000
-0.782384 0.149594 -0.087214 2.000000
0.422821 -0.190517 -0.156043 0.000000
0.210535 -0.010268 0.376394 3.000000
-0.539585 -0.104614 0.081438 0.000000
-0.559544 0.251234 -0.208734 2.000000
0.007121 -0.017482 0.283090 1.000000
-0.189694 -0.190517 0.050684 0.000000
-0.642534 0.063183 0.087744 2.000000
-0.363504 -0.026727 0.027358 0.000000
0.345174 -0.006821 -0.358256 3.000000
-0.262184 -0.087033 0.084832 0.000000
0.283533 -0.190517 -0.022767 0.000000
-0.001029 -0.020074 0.387536 3.000000
-0.549818 -0.016040 -0.092398 0.000000
-0.737094 0.330270 -0.013923 2.000000
-0.217429 0.141845 -0.127427 0.000000
-0.538943 0.237901 0.087744 2.000000
-0.154478 -0.114661 0.238575 0.000000
0.168746 -0.152522 0.298186 3.000000
0.325616 -0.020876 -0.313688 1.000000
-0.546264 0.024227 0.087744 2.000000
0.301355 -0.027582 -0.220758 1.000000
-0.013507 0.009397 0.246671 1.000000
0.109937 -0.024082 -0.391040 1.000000
-0.251630 -0.190517 -0.028485 0.000000
0.259512 -0.190517 0.089989 0.000000
0.084366 -0.069826 -0.241118 0.000000
0.324868 -0.015665 0.389459 3.000000
0.023526 0.076730 -0.244832 0.000000
0.075469 0.021581 -0.187385 1.000000
-0.001029 -0.096652 -0.289747 3.000000
0.272444 -0.053794 -0.219555 0.000000
0.264936 0.023879 0.241755 1.000000
0.025236 -0.007008 0.360175 3.000000
0.412961 0.016211 0.169666 0.000000
0.542363 -0.170718 0.162131 0.000000
0.426161 -0.190517 0.036069 0.000000
0.049070 0.018990 -0.186610 1.000000
0.371039 0.015356 -0.169296 1.000000
0.396369 0.029918 -0.171674 0.000000
-0.490929 -0.105496 -0.061697 0.000000
0.006613 0.013539 -0.224792 1.000000
-0.250775 0.102888 0.177495 0.000000
0.052838 -0.014410 0.616173 1.000000
0.004235 -0.006314 0.725295 1.000000
-0.262184 -0.028945 -0.155482 0.000000
0.276078 -0.035277 0.288113 3.000000
0.165674 -0.034235 0.119193 1.000000
0.006346 -0.005405 -0.777349 1.000000
0.227502 0.019577 -0.920004 1.000000
0.243721 0.021341 -0.688133 1.000000
0.148119 -0.017803 -0.610059 1.000000
-0.262184 -0.017188 0.121518 0.000000
0.241637 -0.012245 0.662238 1.000000
0.016526 -0.004096 0.877623 1.000000
-0.262184 0.074005 -0.004838 0.000000
0.580465 -0.190517 0.116948 0.000000
0.042470 -0.018498 0.426680 1.000000
0.163242 -0.190517 -0.066133 0.000000
-0.332349 0.001756 0.038180 0.000000
-0.014041 0.001194 0.930687 1.000000
0.658379 -0.172802 0.086275 0.000000
-0.124526 0.074833 0.199004 0.000000
-0.549391 -0.027395 0.077618 0.000000
0.362595 -0.021945 0.204615 1.000000
0.299618 -0.003749 0.669131 1.000000
-0.791949 0.074940 -0.040562 2.000000
0.441231 0.141845 0.093997 0.000000
-0.357412 -0.004657 0.062414 0.000000
0.003594 -0.101996 0.269383 3.000000
-0.423328 -0.004898 0.078927 0.000000
0.257749 -0.157519 0.397048 3.000000
-0.397785 0.094579 0.087744 2.000000
-0.308221 -0.015852 0.102280 0.000000
0.161292 -0.004470 0.959865 1.000000
0.210402 0.075982 -0.218861 0.000000
0.269986 -0.190517 0.108318 0.000000
0.163803 -0.157759 0.396754 3.000000
-0.623083 0.215831 -0.087214 2.000000
-0.138927 -0.129757 0.242823 0.000000
0.477783 -0.190517 -0.070007 0.000000
-0.226727 -0.190517 -0.118476 0.000000
0.278055 -0.026166 0.285949 1.000000
0.455365 -0.190517 0.110509 0.000000
0.172567 -0.036320 -0.413912 3.000000
0.456167 0.141845 0.122693 0.000000
-0.008911 -0.009146 0.222009 0.000000
0.078328 0.141845 0.186339 0.000000
-0.011102 -0.012352 -0.351175 1.000000
0.069457 0.020833 -0.166758 1.000000
0.382261 -0.024349 0.098272 1.000000
-0.647851 0.246986 -0.150967 2.000000
0.620304 -0.227951 0.004887 0.000000
0.160971 -0.040595 -0.417199 3.000000
0.256733 -0.033754 0.123682 1.000000
0.343705 -0.155568 0.348285 3.000000
-0.151886 -0.190517 -0.105945 0.000000
-0.118647 0.141845 -0.020042 0.000000
0.116403 -0.011711 0.780471 1.000000
0.272498 0.019043 0.650828 1.000000
-0.086237 0.141845 -0.102337 0.000000
-0.274822 0.001756 0.016858 0.000000
0.069430 0.022810 -0.457625 1.000000
-0.522965 0.254147 0.123682 2.000000
0.347339 -0.004817 -0.492734 1.000000
0.269211 -0.096331 0.433119 3.000000
0.356076 -0.024376 -0.178862 1.000000
0.639595 -0.196502 -0.002407 0.000000
0.259432 0.022062 -0.525279 1.000000
-0.300045 0.193521 -0.073507 2.000000
-0.192179 -0.190517 -0.180973 0.000000
-0.560800 0.305208 -0.087214 2.000000
0.136523 -0.031831 0.177281 1.000000
0.178152 0.141845 -0.111956 0.000000
0.537046 -0.190517 -0.052933 0.000000
-0.024087 0.141845 0.140916 0.000000
0.381219 -0.178574 0.208302 0.000000
0.221704 -0.142850 0.247606 0.000000
-0.262184 -0.144319 -0.192115 0.000000
0.326310 0.016318 0.414843 1.000000
0.001991 0.015169 -0.438360 1.000000
0.010060 -0.019032 -0.238339 1.000000
-0.247087 -0.034690 0.216104 0.000000
0.565636 -0.044603 -0.135844 0.000000
-0.679140 0.245463 -0.277670 2.000000
-0.690790 0.244902 -0.312619 2.000000
-0.677831 0.261628 0.338479 2.000000
0.409648 -0.190517 -0.049887 0.000000
-0.457529 -0.005191 0.081198 0.000000
0.036432 0.017894 0.206058 1.000000
-0.097165 0.125253 0.215329 0.000000
-0.569751 0.250727 -0.308558 2.000000
-0.685633 0.330270 0.037699 2.000000
-0.262184 -0.087567 -0.110246 0.000000
0.179354 0.025242 0.658417 1.000000
0.290640 0.017921 0.579408 1.000000
0.164765 -0.019941 0.396407 3.000000
0.084741 -0.039098 0.416580 3.000000
0.122923 -0.022906 0.442845 1.000000
0.345602 -0.190517 -0.143085 0.000000
-0.241076 -0.031376 0.114998 0.000000
0.336972 0.019390 -0.172743 1.000000
0.042978 -0.149209 -0.407339 3.000000
-0.262184 -0.085697 0.017606 0.000000
-0.262184 -0.042518 -0.040188 0.000000
-0.055002 -0.069933 -0.367314 3.000000
-0.014121 0.009905 0.297091 1.000000
0.167250 -0.050427 -0.277029 3.000000
0.163857 0.025482 -0.652783 1.000000
0.291148 -0.190517 -0.013148 0.000000
-0.195572 0.125974 -0.043635 2.000000
-0.262184 -0.163985 -0.074362 0.000000
0.247328 -0.149770 -0.406618 3.000000
-0.262184 -0.163931 0.212791 0.000000
-0.125862 0.141845 -0.076794 0.000000
0.407778 0.009050 0.144817 1.000000
0.135561 -0.010963 0.804251 1.000000
-0.237121 -0.190517 0.002002 0.000000
-0.199420 -0.190517 -0.056273 0.000000
0.328101 -0.089197 0.372225 3.000000
-0.355060 0.224889 -0.019935 2.000000
-0.465171 0.268468 -0.087214 2.000000
-0.550005 0.251689 -0.114388 2.000000
0.293098 0.014260 0.692243 1.000000
-0.739926 0.242524 0.131992 2.000000
0.082095 0.131345 -0.248038 0.000000
0.592943 -0.190517 0.048921 0.000000
0.403743 0.141845 0.142893 0.000000
-0.564487 0.330270 0.000853 2.000000
0.333525 -0.019379 0.326028 1.000000
0.280807 -0.106378 0.225296 0.000000
0.317413 -0.013581 -0.467030 1.000000
0.311642 -0.027983 0.195397 1.000000
0.562911 -0.029479 -0.134267 0.000000
-0.262184 0.017386 -0.086920 0.000000
0.037848 0.022570 0.779856 1.000000
0.252805 -0.010642 -0.674426 1.000000
0.007334 -0.190517 -0.072465 0.000000
-0.262184 -0.162301 -0.128416 0.000000
-0.262184 -0.072444 0.098031 0.000000
0.228678 -0.007062 0.341097 3.000000
0.069457 -0.170264 -0.335811 3.000000
0.356610 -0.114634 0.421015 3.000000
0.202707 -0.190517 -0.241278 0.000000
-0.028176 0.063878 -0.226770 0.000000
0.107372 -0.109370 -0.430852 3.000000
0.316985 -0.169836 -0.368008 3.000000
0.353270 -0.188941 0.217681 0.000000
0.400751 0.001061 0.277772 1.000000
0.306137 -0.190517 0.039516 0.000000
0.125835 -0.033087 -0.116419 1.000000
-0.136683 -0.141888 -0.245687 0.000000
0.326578 -0.027101 0.182919 1.000000
0.268116 -0.004497 -0.752661 1.000000
0.138740 0.024654 -0.107895 1.000000
0.065797 -0.011230 -0.747023 1.000000
-0.004075 0.141845 0.147088 0.000000
-0.785991 0.330270 -0.054056 2.000000
0.574240 -0.190517 -0.141481 0.000000
-0.656856 0.246532 0.307431 2.000000
0.619262 -0.101408 0.017926 0.000000
-0.638794 0.247414 -0.190992 2.000000
-0.262184 0.123088 0.018541 0.000000
0.040253 0.141845 -0.057021 0.000000
0.154371 -0.162275 -0.388930 3.000000
0.112582 0.025188 -0.550582 1.000000
0.019171 0.014421 0.116441 1.000000
0.347419 -0.091495 0.204428 0.000000
0.331280 0.019497 -0.204886 1.000000
0.274742 -0.190517 -0.179369 0.000000
0.272578 0.024200 0.136026 1.000000
0.407217 -0.081662 0.186232 0.000000
0.043406 0.019551 -0.322372 1.000000
0.601226 -0.068436 0.122025 0.000000
0.108601 0.025376 0.686205 1.000000
-0.236480 -0.014116 0.210333 0.000000
0.080145 -0.190517 0.044673 0.000000
-0.114907 -0.190517 -0.030943 0.000000
-0.202787 0.112347 -0.179931 0.000000
0.270200 -0.171252 -0.357214 3.000000
0.138126 -0.030281 0.225135 1.000000
0.222639 0.023906 -0.566747 1.000000
-0.806191 0.166962 0.024954 2.000000
0.279151 0.016879 0.696893 1.000000
0.449407 -0.234310 -0.005506 0.000000
-0.262184 0.095060 -0.019507 0.000000
0.092756 -0.005191 0.968602 1.000000
0.000307 0.015810 0.523030 1.000000
0.139302 0.073176 -0.239862 0.000000
0.244576 -0.032659 0.159085 1.000000
-0.745030 0.242283 -0.318952 2.000000
-0.678846 0.322094 0.087744 2.000000
0.026172 0.016291 -0.178007 1.000000
0.288022 0.001649 0.771146 1.000000
-0.147130 0.141845 -0.143272 0.000000
0.032611 0.017119 0.158791 1.000000
0.220849 0.025215 -0.282132 1.000000
0.209761 0.052870 0.222891 0.000000
-0.427283 -0.099404 0.044432 0.000000
0.084554 -0.190517 -0.242053 0.000000
0.216440 -0.190517 0.061773 0.000000
0.404572 -0.234310 0.002670 0.000000
-0.205272 -0.020047 -0.092772 0.000000
-0.377318 -0.009894 -0.042620 0.000000
0.209493 -0.016975 0.596134 1.000000
0.355248 0.015035 0.280444 1.000000
0.176628 -0.008612 -0.839365 1.000000
0.172460 -0.030869 -0.224579 1.000000
0.242625 -0.030922 -0.207665 1.000000
-0.059651 -0.105736 -0.328090 3.000000
0.194103 0.023959 -0.794556 1.000000
0.197176 -0.146216 0.410915 3.000000
0.093611 -0.092751 0.240980 0.000000
-0.005384 -0.065096 -0.378643 3.000000
-0.207382 0.140643 -0.084142 2.000000
-0.660276 0.001756 -0.014377 0.000000
0.035951 -0.012700 -0.618262 1.000000
0.081187 -0.069238 0.431489 3.000000
-0.261249 -0.009948 0.209157 0.000000
0.293820 -0.044228 -0.280689 3.000000
-0.479119 0.001756 -0.047509 0.000000
0.050727 -0.005138 -0.928474 1.000000
-0.271028 -0.009573 0.046516 0.000000
0.199180 -0.015452 0.645351 1.000000
-0.065743 -0.009413 -0.208494 0.000000
-0.570926 0.228309 0.087744 2.000000
0.051288 0.064439 -0.251592 0.000000
-0.025450 0.012844 -0.756241 1.000000
0.428432 0.003893 0.122853 1.000000
-0.613437 0.248643 0.308366 2.000000
-0.792270 0.075100 0.023350 2.000000
0.543619 -0.190517 0.133060 0.000000
0.184324 -0.026326 0.361164 1.000000
0.409221 -0.190517 -0.140439 0.000000
0.108654 0.025830 -0.967324 1.000000
0.273807 0.014260 -0.801958 1.000000
0.275276 0.141845 -0.181801 0.000000
-0.262184 -0.126578 -0.114201 0.000000
-0.115120 0.080257 0.202771 0.000000
-0.362008 0.010092 -0.087214 2.000000
-0.282384 0.001756 -0.017370 0.000000
0.127198 -0.041877 0.418717 3.000000
-0.137351 -0.190517 -0.254798 0.000000
-0.016018 -0.014650 0.173887 1.000000
-0.466400 -0.087541 0.030752 0.000000
0.875420 -0.221164 0.006811 0.000000
0.028870 -0.020395 -0.308932 1.000000
0.203642 -0.155114 -0.254050 0.000000
-0.430249 -0.068169 0.119246 0.000000
-0.478611 -0.006340 0.054292 0.000000
-0.542737 -0.089010 -0.028806 0.000000
0.092195 0.022570 0.181369 1.000000
-0.048269 -0.190517 0.244266 0.000000
0.346671 -0.019166 0.294285 1.000000
0.272417 -0.001905 -0.780369 1.000000
-0.614452 0.248589 -0.234144 2.000000
0.167410 -0.190517 -0.145596 0.000000
0.229693 -0.028945 -0.267944 1.000000
-0.184618 0.141845 -0.148856 0.000000
-0.001029 -0.101809 0.402686 3.000000
0.203054 -0.014142 -0.233957 0.000000
0.335555 -0.050107 0.297037 3.000000
0.099864 -0.027930 -0.243710 1.000000
-0.747916 0.180802 -0.087214 2.000000
-0.262184 -0.098736 0.155478 0.000000
-0.533680 -0.047194 -0.073561 0.000000
-0.262184 -0.010428 0.065701 0.000000
0.057540 0.024387 0.894429 1.000000
0.173663 0.025803 0.352079 1.000000
0.027695 0.022757 0.927080 1.000000
0.005250 -0.190517 0.018541 0.000000
0.094333 -0.005245 -0.966977 1.000000
-0.022484 -0.190517 -0.171300 0.000000
-0.666902 0.261094 0.167876 2.000000
0.018236 0.018402 0.502616 1.000000
-0.042177 0.053618 0.221341 0.000000
-0.207035 -0.088716 0.031660 0.000000
-0.201023 -0.036747 -0.216162 0.000000
0.012812 0.141845 0.166139 0.000000
-0.617151 0.258689 -0.152944 2.000000
0.405533 -0.007222 -0.246595 1.000000
0.217696 0.021394 -0.886124 1.000000
0.327914 0.014180 0.493131 1.000000
0.216627 0.024066 -0.588336 1.000000
-0.590298 0.249738 -0.202508 2.000000
0.162441 0.025536 -0.637500 1.000000
0.347926 -0.031911 0.385532 3.000000
-0.144512 0.141845 0.082534 0.000000
0.474389 -0.234310 0.022041 0.000000
-0.037447 0.141845 0.042963 0.000000
0.114159 -0.015665 -0.658635 1.000000
0.761970 -0.223115 0.002643 0.000000
-0.701584 0.192051 0.087744 2.000000
-0.758897 0.297993 -0.087214 2.000000
0.278216 -0.026994 -0.265032 1.000000
0.096337 -0.125776 0.241701 0.000000
-0.588668 0.304753 0.087744 2.000000
0.165647 -0.119737 -0.258699 0.000000
0.274128 0.020967 0.500746 1.000000
-0.093371 -0.054088 -0.221025 0.000000
0.321314 -0.014036 0.449151 1.000000
0.406282 -0.029907 -0.178060 0.000000
-0.441818 -0.046179 -0.016595 0.000000
0.063231 0.023959 0.734888 1.000000
0.275383 0.021047 0.486210 1.000000
-0.762852 0.241428 -0.299233 2.000000
0.285964 -0.064295 -0.217151 0.000000
0.152661 0.025322 0.867122 1.000000
0.352389 -0.126471 -0.424092 3.000000
0.091955 -0.017269 0.589427 1.000000
-0.348568 0.221175 -0.075191 2.000000
-0.276292 -0.105175 0.077190 0.000000
0.627171 -0.115836 -0.022233 0.000000
0.035871 -0.170638 0.339254 3.000000
-0.495952 -0.095797 -0.036501 0.000000
0.312122 -0.025952 0.204588 0.000000
-0.003914 -0.190517 -0.249241 0.000000
0.247862 0.021528 -0.644928 1.000000
-0.325696 0.001756 0.011834 0.000000
-0.015778 -0.008451 -0.466255 1.000000
0.104299 -0.190517 0.173807 0.000000
0.267127 -0.112122 -0.270643 3.000000
0.253660 -0.012513 -0.633839 1.000000
0.248317 0.024627 0.259657 1.000000
0.098047 -0.156797 0.250412 0.000000
0.241396 0.000687 0.912491 1.000000
0.200435 -0.040942 0.239083 0.000000
0.331761 -0.019673 -0.324750 1.000000
-0.602616 0.249150 -0.200184 2.000000
-0.322249 -0.076586 0.115773 0.000000
-0.039638 -0.190517 0.006223 0.000000
0.171044 -0.010936 -0.788251 1.000000
-0.100051 -0.190517 -0.007297 0.000000
-0.220021 -0.190517 -0.074629 0.000000
0.287086 -0.042946 0.282208 3.000000
0.610551 -0.211385 -0.010637 0.000000
0.154825 0.086509 0.233953 0.000000
-0.425386 -0.034369 -0.113132 0.000000
0.174304 -0.028143 0.309088 1.000000
0.303572 0.141845 0.056002 0.000000
-0.315302 0.064840 -0.087214 2.000000
0.338842 -0.064375 -0.202161 0.000000
-0.338975 0.215724 0.036737 2.000000
-0.336303 -0.104855 -0.056701 0.000000
-0.233514 0.141845 -0.022981 0.000000
-0.354473 -0.065283 -0.016809 0.000000
0.184644 0.025616 -0.147467 1.000000
0.352683 -0.212080 -0.011946 0.000000
0.116563 0.141845 0.065701 0.000000
0.239339 -0.190517 -0.198207 0.000000
0.194290 0.031280 0.230479 0.000000
0.229079 -0.034182 0.124697 1.000000
-0.559544 0.043892 0.087744 2.000000
0.074186 -0.166924 -0.377707 3.000000
0.424397 0.054206 -0.160158 0.000000
0.213047 0.141845 0.065327 0.000000
-0.246126 0.141845 -0.000937 0.000000
-0.257989 0.026204 -0.087214 2.000000
-0.675720 0.010279 0.026664 2.000000
0.053425 -0.007089 0.360950 3.000000
-0.041482 0.141845 -0.190458 0.000000
-0.262184 -0.171653 -0.067495 0.000000
0.288048 0.020165 -0.460003 1.000000
0.080091 0.024013 0.578125 1.000000
0.147932 -0.062932 0.429378 3.000000
0.283827 0.108045 0.193500 0.000000
-0.486707 -0.102984 -0.083367 0.000000
0.085435 0.111973 -0.249855 0.000000
-0.648519 0.245944 0.087744 2.000000
0.548562 -0.196930 -0.004464 0.000000
-0.549257 0.255403 0.281112 2.000000
-0.006479 -0.012887 -0.385830 1.000000
0.451758 -0.190517 -0.081149 0.000000
-0.387631 0.243459 -0.053575 2.000000
0.155547 0.025135 0.907468 1.000000
0.045810 -0.091415 -0.433230 3.000000
-0.383864 -0.105496 0.064739 0.000000
-0.806191 0.214282 0.037512 2.000000
0.098474 -0.051042 -0.423932 3.000000
0.258897 -0.004390 -0.779033 1.000000
-0.680449 0.239024 -0.087214 2.000000
0.139649 0.035743 -0.245126 0.000000
-0.649668 0.274641 -0.087214 2.000000
-0.422874 0.184463 0.087744 2.000000
0.300767 -0.089838 -0.433417 3.000000
0.011930 -0.009306 0.654569 1.000000
-0.009392 0.012123 0.355953 1.000000
-0.080305 0.045575 -0.207719 0.000000
-0.001029 -0.118401 0.379707 3.000000
-0.585836 0.249952 0.281005 2.000000
0.223387 0.020700 -0.896437 1.000000
0.448578 0.141845 -0.124996 0.000000
-0.073946 0.141845 -0.049914 0.000000
-0.633263 0.007821 -0.087214 2.000000
-0.262184 -0.174031 0.246965 0.000000
-0.248023 0.011855 -0.000456 2.000000
0.296358 -0.017937 0.434829 1.000000
0.527748 -0.213095 -0.019828 0.000000
-0.262184 0.077371 0.137041 0.000000
-0.779124 0.250647 0.130549 2.000000
-0.009552 0.015115 0.606875 1.000000
0.335235 -0.190517 0.023377 0.000000
0.123297 0.034834 -0.250015 0.000000
0.155520 -0.029453 -0.259474 1.000000
-0.517407 0.253880 0.136961 2.000000
-0.806191 0.148151 -0.048578 2.000000
0.181278 0.025669 -0.395102 1.000000
-0.566090 0.330270 -0.082993 2.000000
0.032237 0.019524 -0.451426 1.000000
0.220341 -0.190517 -0.170285 0.000000
-0.595428 0.249498 -0.173732 2.000000
-0.232445 0.141845 -0.065198 0.000000
0.030473 0.022223 0.817504 1.000000
0.666822 -0.190517 0.072327 0.000000
-0.688599 0.082261 -0.087214 2.000000
0.194798 0.025563 -0.331269 1.000000
-0.737281 0.242658 -0.237163 2.000000
0.600104 -0.190517 0.064178 0.000000
-0.039344 -0.106191 -0.324001 3.000000
-0.140664 0.008142 -0.203550 0.000000
0.342556 -0.019887 -0.293488 1.000000
0.184190 -0.014303 -0.689817 1.000000
0.037821 -0.003348 0.969617 1.000000
0.086878 -0.012726 0.733204 1.000000
0.009632 0.093296 -0.243068 0.000000
-0.729212 0.249658 0.352934 2.000000
0.154852 -0.125936 -0.424333 3.000000
0.112262 0.024200 -0.289106 1.000000
0.060934 0.141845 0.223826 0.000000
0.020614 -0.017643 -0.368970 1.000000
-0.539852 -0.051015 -0.094856 0.000000
0.185419 0.025269 -0.579145 1.000000
0.512919 -0.190517 -0.120720 0.000000
0.091501 0.025188 0.726204 1.000000
-0.582175 0.063451 0.087744 2.000000
0.242839 -0.030521 -0.217979 1.000000
0.075816 0.024975 -0.834742 1.000000
-0.476874 -0.104053 -0.052559 0.000000
-0.556979 0.072642 0.087744 2.000000
0.291869 0.022303 0.267245 1.000000
0.061201 -0.007676 0.859747 1.000000
-0.172540 -0.159950 0.251294 0.000000
0.422794 0.074699 -0.157513 0.000000
-0.238671 0.112668 -0.174186 0.000000
-0.740327 0.046217 -0.000697 2.000000
0.146462 0.025536 -0.783682 1.000000
-0.384158 -0.039579 -0.115296 0.000000
0.218444 0.021635 -0.857801 1.000000
-0.404892 0.001756 0.048253 0.000000
-0.806191 0.233974 0.082454 2.000000
0.097325 0.024387 0.474454 1.000000
0.101734 -0.014276 -0.385536 3.000000
0.163750 0.025269 -0.152303 1.000000
0.388006 -0.192254 0.034359 0.000000
0.356610 -0.016895 0.331746 3.000000
-0.017034 0.016157 0.837837 1.000000
-0.142615 -0.094942 0.233044 0.000000
0.804374 -0.210770 -0.010556 0.000000
0.304721 -0.010562 -0.551651 1.000000
0.087787 0.132253 0.246805 0.000000
0.509418 -0.228565 0.034359 0.000000
-0.757561 0.265449 -0.121335 2.000000
0.480081 -0.190517 -0.015259 0.000000
0.193622 -0.190517 0.185938 0.000000
0.585996 -0.040675 0.036283 0.000000
-0.306271 -0.073647 -0.019454 0.000000
-0.262184 -0.073540 -0.089218 0.000000
0.400056 -0.010322 0.248702 1.000000
-0.391532 0.245704 0.002670 2.000000
0.001136 0.015195 0.455430 1.000000
0.823665 -0.205133 -0.007938 0.000000
-0.116136 0.141845 0.149359 0.000000
0.057994 -0.190517 -0.220998 0.000000
-0.564193 0.045468 -0.087214 2.000000
0.390651 0.141845 0.068105 0.000000
0.352683 -0.227737 -0.011892 0.000000
-0.014736 -0.016547 0.103909 1.000000
0.095028 0.022329 0.105486 1.000000
-0.262184 -0.060928 -0.075805 0.000000
-0.000574 -0.048130 0.423259 3.000000
-0.625006 0.033151 0.087744 2.000000
0.211364 0.049637 -0.222361 0.000000
0.580011 -0.029720 0.124751 0.000000
0.162200 0.025242 -0.833059 1.000000
0.184537 0.087872 0.225162 0.000000
0.284441 0.022276 -0.332017 1.000000
0.235598 0.021341 0.750839 1.000000
-0.365428 -0.022532 -0.027496 0.000000
-0.618220 0.258743 0.306523 2.000000
0.028683 -0.015211 0.502108 1.000000
0.326845 0.141845 0.151791 0.000000
-0.405694 0.104198 -0.087214 2.000000
0.116590 -0.017696 0.598191 1.000000
0.206875 -0.021517 -0.482367 1.000000
-0.592916 0.330270 -0.075271 2.000000
-0.112422 -0.190517 0.092661 0.000000
0.332696 -0.051363 -0.424066 3.000000
-0.745350 0.049022 -0.083313 2.000000
0.616109 -0.095637 0.068105 0.000000
0.054013 0.022009 0.246404 0.000000
0.427417 0.044854 -0.160719 0.000000
0.243507 -0.018124 -0.524985 1.000000
0.179407 0.025055 0.735502 1.000000
0.436688 -0.114500 -0.182496 0.000000
-0.806191 0.300692 0.037245 2.000000
-0.366336 -0.052779 -0.015713 0.000000
-0.262184 -0.014623 -0.036234 0.000000
0.161639 -0.005913 0.923901 1.000000
0.308622 0.046324 0.195210 0.000000
0.212245 -0.033701 0.145645 1.000000
-0.713501 0.031280 0.025408 2.000000
0.333738 -0.042331 0.419065 3.000000
0.048509 -0.011070 -0.724685 1.000000
-0.214249 -0.190517 -0.040642 0.000000
0.210776 0.141845 -0.141241 0.000000
0.165059 0.025349 0.723853 1.000000
0.187423 0.023559 -0.923397 1.000000
0.665834 -0.228191 -0.003422 0.000000
-0.436822 0.084051 -0.087214 2.000000
0.400109 -0.020074 -0.131542 1.000000
0.102803 -0.024830 -0.353126 1.000000
-0.702626 0.066069 0.087744 2.000000
0.207970 -0.190517 0.166647 0.000000
0.210188 0.141845 0.050631 0.000000
0.355087 -0.034235 0.412839 3.000000
-0.081107 -0.190517 -0.150646 0.000000
0.328101 -0.147392 0.329020 3.000000
0.239259 0.025055 -0.193023 1.000000
0.146115 -0.111481 0.430821 3.000000
0.233968 -0.027716 -0.299233 1.000000
0.193916 -0.020288 -0.521885 1.000000
0.271402 0.046190 -0.205474 0.000000
0.428298 0.134711 -0.147306 0.000000
0.056017 -0.026861 0.296316 3.000000
0.206180 -0.171146 -0.342545 3.000000
0.065823 -0.011577 -0.735507 1.000000
-0.195973 -0.035892 0.216451 0.000000
0.299698 0.141845 -0.110460 0.000000
0.381433 -0.025017 -0.101215 1.000000
-0.262184 -0.081930 -0.048525 0.000000
-0.235812 0.156862 -0.084329 2.000000
-0.207863 -0.010268 -0.041738 0.000000
0.182293 -0.032659 -0.411107 3.000000
-0.622602 0.139895 0.087744 2.000000
0.081882 -0.020261 -0.469969 1.000000
0.072450 -0.017135 -0.308451 3.000000
0.048616 -0.047355 0.234006 0.000000
-0.482539 -0.011177 0.043337 0.000000
0.264428 -0.126284 -0.424172 3.000000
0.290373 -0.007543 -0.640947 1.000000
-0.010942 0.008916 -0.155509 1.000000
0.367832 0.016772 -0.136271 1.000000
-0.295850 0.001756 -0.038906 0.000000
0.128079 -0.003775 0.098272 1.000000
-0.806191 0.105694 -0.062873 2.000000
-0.224563 0.120042 0.174876 0.000000
0.165460 0.051240 -0.235427 0.000000
-0.123457 0.141845 -0.176404 0.000000
-0.574801 0.250486 0.266150 2.000000
0.522671 -0.042518 0.148023 0.000000
0.299751 -0.190517 0.021721 0.000000
-0.132488 -0.190517 0.046142 0.000000
0.341621 0.018589 0.197240 1.000000
-0.122255 0.067459 -0.198046 0.000000
-0.648012 0.260987 -0.087214 2.000000
-0.262184 -0.050588 -0.186263 0.000000
0.032958 -0.171092 -0.342144 3.000000
0.642321 -0.143491 0.078125 0.000000
-0.411492 0.257086 0.030966 2.000000
0.207543 -0.033541 -0.151394 1.000000
-0.564915 0.084185 0.087744 2.000000
0.034588 -0.190517 -0.166143 0.000000
0.079397 -0.190517 0.119754 0.000000
0.303305 -0.166710 0.323008 3.000000
-0.483688 0.298287 0.064953 2.000000
0.414191 -0.026701 0.175891 0.000000
-0.744789 0.048702 -0.065331 2.000000
-0.690202 0.244929 0.248916 2.000000
0.483100 -0.071429 -0.162964 0.000000
0.009739 0.017680 0.550390 1.000000
0.036191 0.020673 0.546356 1.000000
0.329597 -0.111535 -0.430291 3.000000
-0.671044 0.330270 -0.065518 2.000000
0.320753 0.020646 0.195931 1.000000
-0.324226 -0.069158 0.020679 0.000000
-0.013293 -0.004443 -0.689843 1.000000
-0.742117 0.255109 -0.352404 2.000000
0.161078 -0.007463 -0.885429 1.000000
0.366496 -0.000462 0.438997 1.000000
-0.262184 0.099629 0.004273 0.000000
0.449059 0.141845 -0.054376 0.000000
-0.087199 -0.190517 0.071178 0.000000
0.862943 -0.197224 0.005689 0.000000
-0.173369 0.141845 0.172364 0.000000
0.498811 0.118546 -0.086039 0.000000
0.417905 0.007554 -0.169082 0.000000
-0.000815 -0.004924 0.752549 1.000000
-0.262184 -0.159549 0.042775 0.000000
-0.513346 0.225691 0.087744 2.000000
-0.529404 0.254467 0.226712 2.000000
-0.465599 -0.096198 0.040130 0.000000
0.527748 -0.196449 0.002964 0.000000
0.199260 -0.014570 0.666994 1.000000
0.251870 0.021662 -0.606773 1.000000
-0.575843 0.250433 -0.140386 2.000000
-0.262184 -0.060848 0.178750 0.000000
-0.640156 0.259811 -0.160612 2.000000
0.098635 0.024975 0.598993 1.000000
-0.081828 -0.190517 0.089908 0.000000
0.277574 0.022891 -0.288224 1.000000
0.290106 -0.190517 0.062441 0.000000
-0.262184 -0.173978 0.009697 0.000000
-0.583725 0.001756 0.052475 0.000000
-0.205272 -0.051176 -0.055525 0.000000
0.339537 -0.190517 -0.201333 0.000000
-0.806191 0.189299 -0.061617 2.000000
-0.476473 -0.098656 0.096214 0.000000
-0.006666 -0.068543 -0.319539 3.000000
0.112181 -0.142689 0.288140 3.000000
0.317814 0.017841 -0.410011 1.000000
-0.000494 0.016692 0.612914 1.000000
0.297854 -0.019219 -0.305752 3.000000
-0.071220 -0.190517 0.191763 0.000000
0.049631 0.141845 -0.178461 0.000000
-0.214436 0.084960 -0.080828 2.000000
0.318001 -0.020448 -0.337949 1.000000
0.389448 -0.041904 -0.184580 0.000000
-0.084153 -0.079872 -0.228266 0.000000
0.246607 0.088219 0.207126 0.000000
-0.774047 0.240894 -0.140119 2.000000
-0.536645 0.328507 0.082213 2.000000
-0.427844 0.050171 0.087744 2.000000
-0.748129 0.330270 0.068426 2.000000
-0.529939 -0.004791 0.061319 0.000000
0.236213 -0.009119 0.739964 1.000000
-0.738884 0.222084 -0.087214 2.000000
0.008483 -0.166496 0.379253 3.000000
0.072423 0.024440 -0.745553 1.000000
-0.338147 -0.100206 -0.090100 0.000000
0.662253 -0.190517 -0.043849 0.000000
0.191832 -0.016547 -0.625396 1.000000
0.255050 -0.028892 0.249103 1.000000
0.019492 0.021982 -0.912603 1.000000
0.184030 0.025563 -0.419149 1.000000
-0.303038 0.059202 0.087744 2.000000
-0.262184 0.046297 -0.095711 0.000000
0.094092 -0.190517 -0.244645 0.000000
0.268997 -0.028037 0.252149 1.000000
-0.779124 0.249284 -0.183351 2.000000
-0.305256 -0.092484 -0.101162 0.000000
0.107773 -0.014169 -0.701386 1.000000
-0.158620 -0.169756 0.254046 0.000000
-0.613170 0.258502 0.101745 2.000000
0.240087 0.025215 0.102520 1.000000
0.328101 -0.119978 -0.317428 3.000000
-0.001029 -0.026460 -0.342839 3.000000
0.224750 -0.065203 0.430313 3.000000
-0.772177 0.240974 0.267779 2.000000
-0.478424 -0.023494 -0.106586 0.000000
-0.770146 0.266064 0.172899 2.000000
0.104005 0.025295 0.675784 1.000000
0.155387 -0.145922 0.290598 3.000000
0.168933 0.025723 -0.470023 1.000000
-0.213314 0.087418 0.037298 2.000000
0.281823 0.031948 0.205042 0.000000
-0.021416 0.016237 -0.935394 1.000000
-0.172914 -0.115997 0.238949 0.000000
0.147451 -0.013127 -0.739408 1.000000
0.045490 0.022570 -0.686209 1.000000
0.189961 -0.010135 0.325680 3.000000
0.324600 -0.190517 0.183640 0.000000
0.148760 -0.004604 -0.970210 1.000000
0.168559 0.025456 0.628411 1.000000
-0.581026 0.116061 -0.087214 2.000000
0.497047 -0.101996 0.164269 0.000000
0.482138 -0.090480 0.166673 0.000000
-0.667731 0.246024 0.095626 2.000000
0.471851 -0.190517 -0.150539 0.000000
-0.228972 0.084799 0.087744 2.000000
-0.734957 0.264380 0.200901 2.000000
-0.615441 0.001756 -0.038371 0.000000
-0.020186 -0.190517 0.058780 0.000000
-0.193168 -0.190517 0.160154 0.000000
-0.368073 -0.025391 -0.108055 0.000000
0.109028 -0.190517 -0.089352 0.000000
0.418653 -0.190517 0.132606 0.000000
0.495551 -0.017643 -0.151261 0.000000
0.090165 -0.024910 -0.327876 1.000000
0.302931 0.015169 0.098272 1.000000
0.131927 -0.125295 0.276650 3.000000
0.117659 0.025509 -0.676858 1.000000
0.353751 -0.163343 -0.314382 3.000000
0.033653 -0.171039 0.359400 3.000000
-0.806191 0.207602 0.067384 2.000000
0.038436 -0.020128 -0.350774 1.000000
0.261035 -0.190517 0.242663 0.000000
0.653890 -0.164599 -0.054323 0.000000
0.194824 -0.097774 0.432932 3.000000
-0.082630 0.141845 -0.040429 0.000000
0.119796 -0.052966 -0.275987 3.000000
-0.571113 0.256471 0.193286 2.000000
0.209520 -0.010428 0.756557 1.000000
0.165834 0.025750 0.496284 1.000000
-0.496940 -0.014196 0.039409 0.000000
-0.238804 -0.173711 -0.254638 0.000000
-0.198218 -0.190517 0.058861 0.000000
0.527133 -0.175715 -0.166624 0.000000
-0.656696 0.260586 0.209237 2.000000
0.354286 -0.190517 -0.147547 0.000000
0.114212 0.141845 0.149119 0.000000
0.482352 -0.190517 -0.157780 0.000000
-0.517194 0.063958 -0.087214 2.000000
0.190175 0.141845 -0.205982 0.000000
0.242759 0.018428 -0.870653 1.000000
-0.023045 0.001248 -0.824856 1.000000
0.166448 -0.030281 -0.239408 1.000000
0.283479 0.023024 0.220005 1.000000
-0.166529 -0.190517 0.198763 0.000000
0.322971 -0.031029 0.109146 1.000000
-0.624686 0.259063 -0.325444 2.000000
0.179033 -0.112951 -0.255119 0.000000
0.180449 0.025135 0.715783 1.000000
0.311348 0.009691 0.671108 1.000000
0.072583 -0.028624 -0.243817 0.000000
0.178552 -0.101595 -0.253623 0.000000
-0.010407 -0.009787 0.481828 1.000000
0.438372 -0.234310 -0.028726 0.000000
-0.167357 0.141845 0.147275 0.000000
0.288022 -0.118882 0.427775 3.000000
0.174384 -0.085296 0.253030 0.000000
0.072530 0.085093 0.258000 0.000000
0.324627 0.093750 0.183747 0.000000
0.312016 0.021207 0.218696 1.000000
0.117231 -0.028571 -0.253542 1.000000
0.309264 0.018669 -0.426070 1.000000
0.151218 0.025215 0.931088 1.000000
0.168265 0.025269 -0.748866 1.000000
0.085515 -0.036106 -0.286942 3.000000
-0.001029 -0.100793 -0.368810 3.000000
0.096337 0.072028 -0.252447 0.000000
-0.548616 0.001756 0.035775 0.000000
0.310172 0.006779 0.692618 1.000000
0.356610 -0.143892 -0.400633 3.000000
0.067720 -0.036881 0.286884 3.000000
0.233968 0.023746 0.503311 1.000000
0.117285 -0.190517 -0.026668 0.000000
0.522377 -0.190517 -0.047723 0.000000
0.532370 0.057252 0.023564 0.000000
-0.723895 0.243299 -0.349786 2.000000
0.419855 -0.190517 -0.119652 0.000000
0.282945 -0.015559 -0.510930 1.000000
0.156295 0.141845 0.062254 0.000000
0.342449 -0.029373 0.103642 1.000000
-0.744789 0.067432 0.087744 2.000000
0.424638 -0.013715 -0.125129 1.000000
0.109215 -0.032606 -0.103780 1.000000
-0.222025 -0.190517 0.195771 0.000000
-0.021175 0.008489 0.351010 1.000000
-0.262184 -0.046820 0.146313 0.000000
-0.429421 0.001756 0.023163 0.000000
-0.806191 0.260079 -0.082672 2.000000
0.181839 -0.028010 0.315206 1.000000
-0.627010 0.259170 -0.095257 2.000000
0.292217 -0.036934 -0.211406 0.000000
0.012411 -0.003134 -0.900739 1.000000
0.148333 0.025108 -0.970798 1.000000
-0.073224 -0.190517 -0.004464 0.000000
0.284628 0.141845 0.161730 0.000000
0.309825 -0.190517 0.087771 0.000000
0.190523 0.025509 0.395845 1.000000
0.166796 0.141845 -0.178194 0.000000
0.221624 0.022757 0.740873 1.000000
0.386910 0.141845 0.081091 0.000000
-0.737709 0.242631 0.299816 2.000000
0.149054 -0.011951 0.321245 3.000000
0.016179 -0.013768 -0.498613 1.000000
0.227529 0.023505 0.593409 1.000000
-0.055670 -0.106030 -0.370894 3.000000
0.181865 -0.020742 -0.514911 1.000000
0.104807 0.025001 -0.536287 1.000000
0.267555 -0.034022 -0.107655 1.000000
0.313833 0.020806 0.234006 1.000000
-0.318776 -0.018391 -0.102525 0.000000
0.495765 -0.062211 -0.158021 0.000000
-0.026733 0.001355 0.783437 1.000000
-0.206741 0.141845 0.096161 0.000000
0.626716 -0.115008 0.019316 0.000000
-0.018049 0.014447 0.721394 1.000000
0.067079 -0.028117 -0.158448 1.000000
0.338895 -0.023147 0.359427 3.000000
0.086183 -0.017536 0.570296 1.000000
0.090084 0.141845 -0.198207 0.000000
0.038169 -0.174699 -0.254905 0.000000
0.120571 -0.013234 0.735956 1.000000
0.202359 0.025669 -0.199382 1.000000
0.074641 -0.027983 0.191335 1.000000
-0.589470 0.255510 -0.352404 2.000000
0.269291 -0.127139 -0.231152 0.000000
0.136095 -0.018605 -0.579786 1.000000
0.074854 -0.022906 -0.370012 1.000000
0.698111 -0.202220 0.004219 0.000000
-0.012545 0.014768 -0.632343 1.000000
0.061789 -0.005245 -0.941673 1.000000
0.023339 -0.005779 -0.835304 1.000000
0.097218 -0.027235 0.263264 1.000000
0.199580 0.024387 -0.675949 1.000000
0.149241 -0.022800 -0.458988 1.000000
0.056498 0.024146 0.847403 1.000000
0.448017 0.109675 0.145725 0.000000
0.131206 -0.190517 0.249958 0.000000
0.160784 0.025376 0.231682 1.000000
0.341327 -0.154312 -0.362477 3.000000
0.181358 0.025589 0.172391 1.000000
0.159582 -0.034476 0.108318 1.000000
0.201023 -0.112042 -0.248626 0.000000
0.239366 -0.016013 -0.581763 1.000000
-0.783559 0.195418 0.087744 2.000000
0.121106 -0.085991 0.433680 3.000000
0.242038 0.023104 0.542214 1.000000
0.145741 0.025803 0.610562 1.000000
0.275704 0.023185 -0.257844 1.000000
0.137885 -0.135074 0.282288 3.000000
-0.376997 0.001756 0.022629 0.000000
-0.395407 -0.034422 0.023270 0.000000
0.025370 -0.171894 -0.352484 3.000000
0.350732 -0.002787 0.494493 1.000000
0.356610 -0.034503 0.291373 3.000000
-0.671365 0.330270 0.064017 2.000000
-0.115548 -0.167859 0.253511 0.000000
0.095375 -0.190517 -0.090982 0.000000
-0.416969 0.001756 0.050925 0.000000
0.750053 -0.203770 0.013945 0.000000
0.048589 -0.005806 -0.902663 1.000000
0.307928 0.019016 0.404957 1.000000
0.228865 0.024601 -0.414740 1.000000
0.111193 -0.031804 -0.133519 1.000000
0.096791 -0.021597 0.451956 1.000000
-0.045837 0.141845 0.187675 0.000000
-0.519144 0.030693 0.087744 2.000000
-0.516926 0.253853 0.103803 2.000000
0.055964 0.116649 -0.257737 0.000000
0.279044 0.023078 -0.248466 1.000000
0.253126 -0.169489 0.330543 3.000000
-0.685152 0.261976 -0.244164 2.000000
0.177777 -0.133979 -0.419790 3.000000
-0.115014 -0.190517 0.254927 0.000000
0.314313 -0.029747 0.152272 1.000000
0.032504 -0.190517 -0.147173 0.000000
-0.262184 -0.012753 0.031313 0.000000
-0.785082 0.071119 -0.000724 2.000000
0.499532 -0.190517 -0.037276 0.000000
0.312710 -0.190517 -0.198634 0.000000
0.058769 -0.018979 -0.467752 1.000000
-0.565262 0.250967 -0.103246 2.000000
-0.560426 0.255964 -0.304764 2.000000
-0.780567 0.179814 -0.087214 2.000000
0.177964 -0.190517 -0.120239 0.000000
0.392949 -0.172348 0.204080 0.000000
0.155146 -0.190517 0.231441 0.000000
0.185419 -0.006367 0.346441 3.000000
0.335956 -0.190517 0.141370 0.000000
-0.262184 -0.050214 -0.140145 0.000000
0.290373 0.141845 -0.038799 0.000000
0.367726 -0.026727 -0.105971 1.000000
0.085729 -0.012032 0.753939 1.000000
-0.077339 -0.180364 0.257038 0.000000
0.366737 0.001221 -0.443784 1.000000
0.018931 0.018188 0.468335 1.000000
-0.524755 0.030826 -0.087214 2.000000
0.524996 0.070718 -0.124434 0.000000
0.137111 0.025349 -0.423371 1.000000
-0.563685 0.251021 0.278788 2.000000
0.190469 0.022650 -0.981432 1.000000
-0.600157 0.321907 0.087744 2.000000
0.421138 0.141845 0.026824 0.000000
0.259806 -0.006180 0.745335 1.000000
-0.219192 -0.007970 -0.086092 0.000000
0.347205 0.014821 0.339922 1.000000
0.156322 0.025669 0.619994 1.000000
0.070579 0.022570 -0.399163 1.000000
-0.139168 0.141845 0.069575 0.000000
0.719914 -0.196556 -0.002888 0.000000
-0.197470 -0.011951 0.209718 0.000000
-0.587840 0.169446 0.087744 2.000000
-0.000387 -0.109985 -0.430772 3.000000
-0.201718 0.141845 -0.175281 0.000000
0.105047 -0.190517 0.159085 0.000000
0.098394 -0.027342 -0.261051 1.000000
-0.262184 -0.018631 0.107891 0.000000
-0.806191 0.213427 0.049883 2.000000
0.036432 0.014207 0.983859 1.000000
-0.779124 0.259651 0.271734 2.000000
0.110872 -0.027823 0.267592 1.000000
-0.365054 0.230580 -0.036822 2.000000
-0.220876 0.070932 -0.052292 2.000000
0.306378 -0.027475 0.295541 3.000000
0.251496 0.096930 -0.203925 0.000000
0.547413 0.007661 -0.132931 0.000000
0.310012 0.032616 -0.196229 0.000000
0.641893 -0.215927 0.010659 0.000000
0.053479 0.022784 -0.620800 1.000000
-0.019572 -0.020181 0.216986 0.000000
0.368634 0.141845 0.070564 0.000000
0.106864 -0.183517 0.257920 0.000000
0.579583 -0.028918 -0.071103 0.000000
-0.425493 -0.015852 -0.034150 0.000000
-0.203294 0.141845 -0.026775 0.000000
0.387525 0.019177 0.176319 0.000000
-0.534321 0.254708 0.192164 2.000000
0.004636 -0.015826 -0.334048 1.000000
0.283827 -0.026433 0.271974 1.000000
0.204604 0.023024 0.840964 1.000000
-0.206554 -0.190517 0.185270 0.000000
0.050246 -0.021570 0.303209 3.000000
0.144218 0.024253 -0.245473 0.000000
0.280647 -0.014891 -0.529607 1.000000
-0.005304 0.018803 0.886680 1.000000
0.115949 -0.006928 0.258668 0.000000
-0.517835 0.253906 0.298293 2.000000
0.361099 -0.077040 0.198389 0.000000
0.037527 -0.021116 0.311546 1.000000
0.408766 -0.009012 0.098272 1.000000
-0.009285 -0.058924 0.370970 3.000000
0.199099 0.025269 0.447841 1.000000
-0.262184 -0.027582 -0.127534 0.000000
0.153222 -0.024803 -0.399617 1.000000
0.080786 0.141845 0.033985 0.000000
-0.313004 0.001756 0.006571 0.000000
-0.549818 -0.089384 0.079809 0.000000
0.225044 -0.018578 -0.097742 1.000000
0.080546 0.023425 -0.457545 1.000000
0.343331 -0.184318 0.219765 0.000000
-0.581855 0.157770 0.087744 2.000000
0.043806 0.141845 -0.096700 0.000000
-0.739766 0.264594 0.281005 2.000000
-0.661612 0.260827 -0.136271 2.000000
-0.775864 0.240814 0.226204 2.000000
-0.002792 -0.015345 0.304599 1.000000
-0.186488 -0.190517 -0.250603 0.000000
