-0.129192 -0.025580 0.195150 1.000000
0.027495 0.022136 0.030746 1.000000
0.094297 0.018141 0.176086 1.000000
-0.478364 0.059419 -0.198359 2.000000
0.247947 0.023049 -0.017814 0.000000
0.263997 -0.043434 -0.015143 0.000000
-0.420009 -0.002772 -0.173223 2.000000
0.056330 0.001999 0.358823 1.000000
-0.482611 -0.006882 0.167114 2.000000
0.234637 -0.014872 0.049559 0.000000
-0.003213 -0.042931 -0.005052 0.000000
0.040759 0.001999 -0.783920 1.000000
-0.421973 -0.002863 0.195515 2.000000
-0.015838 0.000858 0.054353 1.000000
0.045987 -0.039689 -0.040166 0.000000
0.262445 -0.043434 0.008281 0.000000
-0.364416 -0.014987 0.230378 2.000000
-0.250606 0.006406 0.189054 1.000000
0.083932 0.001999 0.527930 1.000000
-0.456036 0.031771 0.210652 2.000000
-0.405694 -0.002863 -0.185734 2.000000
0.171214 -0.043434 0.027893 0.000000
0.068795 -0.043434 -0.015463 0.000000
0.091146 0.010424 -0.039641 0.000000
-0.392635 -0.003526 -0.093658 2.000000
0.097151 0.012981 0.050175 0.000000
0.012289 0.000858 -0.042814 1.000000
-0.411562 -0.002795 -0.093749 2.000000
-0.392978 -0.019918 0.229852 2.000000
0.108452 0.000858 -0.123292 1.000000
0.519221 -0.043434 0.043166 0.000000
-0.216611 -0.001151 -0.219318 1.000000
0.090736 0.006451 0.050084 0.000000
0.003385 -0.001790 0.230378 1.000000
0.059389 0.000858 0.107800 1.000000
0.044161 0.000858 0.140836 1.000000
-0.400809 -0.003137 0.169876 2.000000
0.018157 0.026086 -0.185346 1.000000
0.334224 0.022113 -0.039641 0.000000
0.092562 0.001999 -0.756637 1.000000
-0.299303 -0.025580 -0.199341 1.000000
0.053796 0.000858 0.191223 1.000000
-0.407178 -0.025580 0.213711 1.000000
0.322741 -0.043434 0.018920 0.000000
-0.031682 0.000995 0.044490 1.000000
0.023339 0.001999 0.586764 1.000000
-0.033052 -0.025580 0.197501 1.000000
-0.403754 -0.011082 -0.211601 2.000000
0.287056 0.005173 -0.039641 0.000000
0.011810 0.001999 -0.361188 1.000000
0.052083 0.001999 -0.652347 1.000000
0.254545 -0.043434 -0.019413 0.000000
-0.091659 0.004305 0.049559 0.000000
0.331576 0.023049 -0.008203 0.000000
0.213473 0.023049 0.047778 0.000000
0.010166 -0.043434 0.001455 0.000000
0.004002 0.001999 0.352476 1.000000
-0.436447 -0.006950 0.187684 2.000000
0.064594 0.001999 0.982648 1.000000
0.298243 0.023049 0.027641 0.000000
0.057814 0.001999 0.977146 1.000000
0.018043 0.000858 -0.108977 1.000000
0.058636 0.012342 -0.040166 0.000000
0.098955 0.001999 0.832422 1.000000
0.104639 0.013803 0.001934 1.000000
0.154159 0.009191 0.209168 1.000000
0.054846 0.026086 0.216565 1.000000
-0.499117 0.113893 0.194305 2.000000
-0.212022 -0.021927 0.229852 1.000000
-0.016477 0.000858 -0.083612 1.000000
0.119616 0.023049 0.035586 0.000000
0.134502 0.002319 0.229852 1.000000
0.089799 0.018529 -0.116009 1.000000
0.097722 0.023049 0.046522 0.000000
0.030303 0.000858 0.023235 1.000000
0.029618 0.023049 0.041271 0.000000
0.118064 -0.043434 0.007824 0.000000
0.069845 0.026086 0.192798 1.000000
0.174912 0.012205 -0.040166 0.000000
-0.362681 -0.006128 0.033326 2.000000
-0.453981 -0.003959 0.069787 2.000000
0.016011 0.000858 -0.053636 1.000000
0.096489 0.016543 -0.157378 1.000000
-0.087709 0.023049 0.039673 0.000000
0.030303 0.001999 -0.411050 1.000000
-0.481675 -0.006745 0.158803 2.000000
-0.434735 -0.011334 0.230378 1.000000
0.020531 0.001999 -0.756797 1.000000
0.108817 0.013369 0.146817 1.000000
0.332489 -0.043434 -0.011856 0.000000
0.130484 0.001109 0.031842 1.000000
-0.440876 0.037524 0.214761 2.000000
0.324795 0.005401 -0.039549 0.000000
-0.432657 -0.002932 -0.146054 2.000000
0.098681 0.001999 -0.928940 1.000000
0.325549 0.017205 0.049559 0.000000
-0.006386 0.001999 -0.523605 1.000000
-0.413274 -0.002772 0.139694 2.000000
0.065485 0.001999 -0.452054 1.000000
-0.007140 0.013255 0.019582 1.000000
0.007107 0.001999 -0.833097 1.000000
0.382580 -0.039370 -0.039641 0.000000
0.037494 0.023072 -0.017700 1.000000
0.068270 -0.025580 -0.208610 1.000000
-0.432041 0.089098 0.195310 2.000000
0.018499 0.020036 0.047184 1.000000
0.180414 -0.021813 0.049559 0.000000
0.026627 -0.010877 0.049559 0.000000
0.025714 0.001999 0.899019 1.000000
0.076946 0.000858 -0.000623 1.000000
0.080393 0.001999 0.521423 1.000000
0.069845 0.000858 -0.136077 1.000000
0.100964 0.001999 -0.552486 1.000000
-0.039239 -0.025580 0.193415 1.000000
0.028819 0.001999 0.739113 1.000000
0.084046 0.001999 -0.901475 1.000000
-0.433068 0.071861 0.199922 2.000000
0.025714 0.001999 -0.233450 1.000000
0.117196 0.000858 -0.070302 1.000000
-0.174534 -0.022817 -0.177675 1.000000
0.047426 0.001999 0.478045 1.000000
0.032814 -0.007315 0.187684 1.000000
0.413561 -0.043434 0.043851 0.000000
-0.052618 -0.018137 -0.219843 1.000000
0.121648 0.001999 -0.569335 1.000000
-0.408845 -0.002863 -0.176510 2.000000
0.127881 0.000858 0.146817 1.000000
-0.063052 0.023049 0.037573 0.000000
0.430456 0.010675 0.050700 0.000000
0.390593 -0.007704 0.050175 0.000000
-0.066248 0.023940 0.229213 1.000000
0.091192 0.001999 0.405078 1.000000
-0.335467 -0.023685 0.187684 1.000000
0.091946 0.023049 0.034605 0.000000
-0.037276 -0.007726 0.196383 1.000000
0.116055 0.001999 0.338047 1.000000
-0.019057 0.005378 -0.182812 1.000000
-0.285696 -0.021904 -0.177675 1.000000
-0.004217 0.001999 -0.434999 1.000000
0.027860 0.000858 -0.103041 1.000000
0.023385 0.001999 0.540441 1.000000
0.322900 -0.024027 0.050175 0.000000
0.150438 -0.043434 -0.030668 0.000000
0.145529 0.000698 0.187913 1.000000
0.051193 0.001999 -0.489382 1.000000
-0.301792 -0.025283 -0.177675 1.000000
0.129365 0.015538 0.187913 1.000000
0.337444 0.023049 -0.029686 0.000000
0.432784 -0.033091 0.050175 0.000000
-0.383434 0.013963 -0.204889 2.000000
0.028864 0.026086 -0.178382 1.000000
0.078316 -0.043434 -0.014983 0.000000
-0.075038 0.022867 -0.203131 1.000000
0.096352 0.001999 -0.612393 1.000000
-0.139923 -0.025580 0.211976 1.000000
0.056079 0.000858 -0.079480 1.000000
0.048042 0.023574 -0.044481 1.000000
0.005737 -0.006379 0.049559 0.000000
0.010874 0.023049 0.015358 0.000000
0.042335 0.023049 0.002162 0.000000
-0.008167 0.026086 0.225720 1.000000
0.103635 -0.008434 0.230378 1.000000
-0.105768 -0.025260 -0.011856 0.000000
0.071466 0.022136 -0.043156 1.000000
-0.436219 -0.025580 -0.201373 1.000000
0.034755 0.001999 -0.827390 1.000000
0.075644 0.001999 0.310239 1.000000
0.076763 0.021794 0.093234 1.000000
0.038065 0.001999 -0.948894 1.000000
0.018636 0.000858 0.157114 1.000000
-0.004560 0.001999 -0.457190 1.000000
-0.009537 -0.028160 0.050700 0.000000
0.012426 0.017935 0.167776 1.000000
-0.435739 -0.002932 0.109033 2.000000
0.108886 0.000858 -0.015874 1.000000
0.213359 -0.043434 0.000313 0.000000
0.110918 0.001999 0.499665 1.000000
-0.004035 0.012091 -0.098430 1.000000
-0.426059 -0.002772 -0.006285 2.000000
0.115096 0.001999 -0.605293 1.000000
-0.075723 -0.003115 0.188209 1.000000
0.010120 0.001999 0.570212 1.000000
0.455889 0.011109 -0.019527 0.000000
-0.109056 -0.025580 0.222980 1.000000
-0.385489 -0.004188 0.024468 2.000000
0.051467 -0.043434 -0.024298 0.000000
-0.014217 0.001999 -0.315481 1.000000
0.128429 0.016474 0.050084 0.000000
-0.087115 -0.031128 -0.002130 0.000000
0.149479 -0.043434 -0.039526 0.000000
0.504587 -0.043434 0.027345 0.000000
0.472236 0.005378 0.029422 0.000000
0.065371 0.000858 -0.098909 1.000000
0.102242 0.001999 0.823861 1.000000
0.402260 0.009305 -0.039024 0.000000
0.020052 0.023049 0.012299 0.000000
-0.226702 -0.022315 -0.219843 1.000000
-0.095585 -0.006197 -0.177150 1.000000
0.170026 -0.028525 -0.039549 0.000000
-0.057093 -0.033228 0.050700 0.000000
-0.045495 0.000470 -0.219843 1.000000
-0.004468 0.001999 -0.575978 1.000000
-0.086818 -0.020420 0.049559 0.000000
-0.445762 -0.003640 0.023600 2.000000
0.248541 -0.004484 -0.039641 0.000000
0.068704 0.000858 -0.012426 1.000000
0.165118 0.015127 0.050084 0.000000
0.009595 0.001999 -0.867457 1.000000
-0.469346 -0.005306 0.095289 2.000000
0.415570 -0.020009 0.050084 0.000000
0.100964 0.000858 -0.093932 1.000000
0.069320 0.001999 0.377749 1.000000
0.470752 -0.043434 -0.037084 0.000000
-0.109603 -0.025580 0.200903 1.000000
0.302878 -0.043434 -0.004733 0.000000
-0.163141 -0.021539 0.187684 1.000000
-0.395831 -0.003640 0.188209 2.000000
0.395936 -0.005786 -0.039641 0.000000
-0.472771 0.051200 -0.194912 2.000000
0.321485 -0.042497 0.050700 0.000000
0.312307 0.006360 0.050175 0.000000
0.119822 -0.019827 0.187684 1.000000
0.012700 0.001999 -0.571230 1.000000
-0.396448 -0.003297 0.061202 2.000000
-0.384370 -0.004051 0.055381 2.000000
0.116740 0.000858 -0.058887 1.000000
0.394634 0.022342 0.005381 0.000000
-0.402224 -0.002863 0.206679 2.000000
0.104206 0.026086 -0.188382 1.000000
0.219615 0.001634 -0.040166 0.000000
0.130803 0.000858 0.112845 1.000000
-0.160927 -0.025580 0.229168 1.000000
-0.383594 -0.003891 -0.023043 2.000000
-0.461744 -0.002863 0.212387 1.000000
0.012586 0.001999 -0.696981 1.000000
-0.397156 -0.005809 0.226382 2.000000
0.226121 -0.043434 -0.033020 0.000000
-0.502177 0.104852 0.193826 2.000000
0.088978 0.018049 -0.174136 1.000000
0.122539 0.001999 0.376950 1.000000
0.004687 0.001999 -0.407625 1.000000
-0.065928 0.022045 0.050084 0.000000
0.094891 0.000858 -0.030622 1.000000
0.031969 0.001999 0.292888 1.000000
0.113338 0.001999 -0.354955 1.000000
-0.009377 0.010995 -0.021262 1.000000
0.503468 -0.043434 -0.017906 0.000000
0.519130 -0.029575 0.031660 0.000000
0.095507 0.000858 0.176771 1.000000
0.056421 -0.007521 -0.219843 1.000000
0.027106 0.001999 0.822582 1.000000
0.031855 -0.043434 0.046317 0.000000
0.063864 0.001999 0.244304 1.000000
0.062266 0.000858 0.083371 1.000000
-0.013464 -0.041424 0.044787 0.000000
0.006993 -0.024461 0.049559 0.000000
-0.040153 0.005949 -0.209820 1.000000
0.049184 0.001999 0.836965 1.000000
-0.010336 0.000858 -0.027472 1.000000
-0.116932 0.019008 -0.181350 1.000000
0.073019 0.021931 -0.067197 1.000000
-0.021523 0.010401 -0.040166 0.000000
0.018271 0.001999 0.998378 1.000000
-0.299326 0.002433 0.201109 1.000000
0.452875 0.012091 0.047710 0.000000
0.108041 -0.018617 -0.177150 1.000000
0.001970 0.001999 0.556993 1.000000
0.093955 0.000858 -0.093772 1.000000
0.444154 -0.037018 -0.039549 0.000000
-0.008372 0.001999 0.374690 1.000000
0.074686 0.001999 -0.333951 1.000000
-0.468479 -0.005535 0.163027 2.000000
0.029983 0.001999 0.270902 1.000000
0.132287 0.023049 0.028760 0.000000
0.405593 -0.043434 -0.011148 0.000000
-0.111202 -0.034141 -0.056992 0.000000
-0.465100 -0.004873 0.011888 2.000000
-0.346106 -0.025580 0.220880 1.000000
0.355936 -0.043434 0.003646 0.000000
-0.127480 0.017753 0.200538 1.000000
-0.000039 0.000858 0.039559 1.000000
0.055439 0.016086 -0.220916 1.000000
-0.008053 -0.142108 0.197684 0.000000
-0.495807 0.068985 0.200173 2.000000
-0.351129 -0.013799 0.221885 1.000000
0.065622 0.000858 -0.165392 1.000000
-0.460511 0.004990 0.217318 2.000000
0.468697 0.005812 0.014377 0.000000
0.480889 -0.002361 0.022299 0.000000
-0.081682 0.023049 -0.023203 0.000000
0.113269 0.008826 0.016454 1.000000
-0.128599 -0.023525 -0.177675 1.000000
0.475706 -0.026265 -0.039641 0.000000
-0.447726 0.141244 -0.170780 2.000000
-0.312180 0.000995 -0.217834 1.000000
0.343539 -0.043434 0.000861 0.000000
-0.052664 0.023049 0.033349 0.000000
-0.058714 0.001337 -0.040166 0.000000
-0.421082 0.069944 -0.195528 2.000000
-0.414347 -0.008274 0.230378 1.000000
0.071535 0.000858 -0.052814 1.000000
0.015029 0.019214 0.082024 1.000000
0.055302 0.000858 0.065380 1.000000
0.168611 -0.043434 0.013852 0.000000
0.151739 0.008666 -0.216806 1.000000
-0.484118 0.125171 -0.181259 2.000000
0.088201 0.001999 -0.629082 1.000000
0.491254 -0.028274 0.050700 0.000000
0.073909 0.001999 -0.793577 1.000000
-0.390923 -0.010649 0.228186 2.000000
0.078955 0.001999 -0.983506 1.000000
0.159456 0.023049 0.005313 0.000000
0.036353 0.026086 -0.216852 1.000000
-0.151452 0.015812 -0.182264 1.000000
0.005532 0.000858 -0.022358 1.000000
0.073613 -0.041013 0.049559 0.000000
-0.267980 -0.017407 -0.177675 1.000000
0.125484 0.019374 -0.198747 1.000000
0.134091 -0.021174 -0.039641 0.000000
0.018979 0.001999 0.834020 1.000000
0.128360 -0.010557 0.227158 1.000000
0.187035 0.023049 -0.034458 0.000000
-0.025883 -0.039621 -0.013751 0.000000
0.071147 0.001999 0.822582 1.000000
0.041513 0.023278 -0.037289 1.000000
0.073407 -0.043434 0.007961 0.000000
0.112539 0.001999 -0.503149 1.000000
-0.462040 -0.004370 -0.165323 2.000000
-0.060244 -0.017292 -0.040166 0.000000
-0.037710 -0.004165 0.230378 1.000000
0.314773 -0.043434 0.037116 0.000000
-0.022185 0.000858 0.022367 1.000000
-0.476036 0.034442 -0.198884 2.000000
0.356735 0.003187 0.050084 0.000000
0.416712 0.021611 0.050404 0.000000
0.118680 0.001999 -0.408105 1.000000
0.216761 -0.043434 0.007505 0.000000
-0.031500 0.023049 0.049467 0.000000
0.508559 -0.020877 0.017162 0.000000
-0.072915 0.023049 -0.007290 0.000000
-0.387110 -0.003845 -0.064777 2.000000
0.056512 0.012387 0.229852 1.000000
0.071535 0.001999 0.979703 1.000000
-0.117023 0.000607 0.230378 1.000000
-0.092846 -0.029895 0.005085 0.000000
0.162036 -0.043434 0.000222 0.000000
-0.383138 -0.023000 0.188209 1.000000
0.007769 0.001999 -0.633808 1.000000
0.091146 0.000858 -0.063293 1.000000
0.106785 0.001999 0.934452 1.000000
-0.050358 -0.036059 0.037733 0.000000
-0.153050 0.003004 0.188209 1.000000
-0.416744 -0.002772 0.112617 2.000000
0.096763 0.001999 -0.249774 1.000000
-0.495693 0.107157 -0.179410 2.000000
0.021193 0.001999 -0.264180 1.000000
0.152447 -0.007247 -0.039024 0.000000
-0.134009 0.017433 -0.214455 1.000000
-0.027048 0.026086 0.206017 1.000000
0.010280 0.001999 0.883129 1.000000
-0.040153 -0.018982 -0.178040 1.000000
-0.027048 0.000858 -0.018659 1.000000
0.020234 0.021132 0.053349 1.000000
0.070279 0.001999 0.243688 1.000000
-0.027641 0.001634 0.183849 1.000000
-0.189260 0.002867 0.188209 1.000000
-0.296107 -0.013023 0.188209 1.000000
-0.002642 0.001999 -0.511756 1.000000
0.037609 0.000858 -0.172994 1.000000
0.090553 0.017570 -0.054070 1.000000
0.105028 0.001999 0.268094 1.000000
0.036627 0.001999 0.711739 1.000000
0.062334 0.010744 -0.177150 1.000000
0.045873 0.001999 -0.929762 1.000000
-0.434141 -0.002978 0.070084 2.000000
0.174844 0.023049 -0.029686 0.000000
-0.437429 -0.016630 0.223620 2.000000
0.084937 0.000858 0.124535 1.000000
0.138406 0.023049 0.014080 0.000000
0.076649 0.012205 -0.220916 1.000000
0.065736 0.022958 0.016911 1.000000
-0.018144 0.023049 -0.006262 0.000000
0.221852 0.023049 0.047595 0.000000
-0.062413 -0.033890 0.004080 0.000000
0.284568 -0.015740 0.049559 0.000000
0.111763 -0.001859 0.050175 0.000000
-0.149831 0.015972 -0.190597 1.000000
0.092745 0.015903 0.193346 1.000000
0.087151 -0.037863 0.049559 0.000000
-0.408708 -0.002863 -0.013362 2.000000
0.080850 0.020652 -0.176647 1.000000
0.055371 0.001999 0.599686 1.000000
-0.469780 -0.005375 0.155676 2.000000
0.514130 -0.023639 0.041317 0.000000
0.506642 -0.017681 -0.025805 0.000000
-0.469437 0.087706 0.195675 2.000000
-0.476310 -0.005740 0.173141 2.000000
0.453674 -0.134893 -0.001331 0.000000
0.058910 0.001999 -0.606549 1.000000
-0.009308 0.023049 -0.001262 0.000000
-0.029468 0.018712 -0.039549 0.000000
-0.059353 0.023049 0.018623 0.000000
0.046421 0.023369 -0.134228 1.000000
-0.102891 -0.017270 0.038828 0.000000
-0.325741 -0.024553 0.187684 1.000000
0.105507 -0.001973 0.050175 0.000000
0.107128 -0.025580 0.198141 1.000000
0.095964 -0.020169 -0.040166 0.000000
0.034070 -0.039073 0.050175 0.000000
0.425616 -0.043434 0.004514 0.000000
0.134159 -0.024644 0.209716 1.000000
0.125484 0.015492 -0.178223 1.000000
0.137264 -0.033411 0.049559 0.000000
-0.085631 -0.000466 0.187684 1.000000
-0.482131 0.052478 0.204602 2.000000
0.096261 0.001999 0.435100 1.000000
0.409292 -0.043434 0.026979 0.000000
0.093201 0.001999 -0.948666 1.000000
0.057471 0.001999 -0.453538 1.000000
-0.380558 -0.004370 -0.058133 2.000000
0.278244 -0.001220 0.049559 0.000000
0.501938 -0.016448 -0.004596 0.000000
-0.307134 0.001726 0.199100 1.000000
0.025782 0.001999 0.801098 1.000000
0.398356 0.022227 -0.021855 0.000000
0.182264 -0.043434 -0.026490 0.000000
0.107105 0.013940 -0.151168 1.000000
-0.463387 -0.004736 -0.001057 2.000000
-0.331084 -0.000763 -0.208039 1.000000
0.059595 0.023300 -0.090165 1.000000
0.015577 0.000858 -0.074914 1.000000
-0.005724 0.009100 -0.039549 0.000000
-0.124558 -0.002772 -0.177675 1.000000
0.028522 0.001999 -0.855540 1.000000
0.234181 0.023049 -0.013271 0.000000
-0.212501 -0.025580 0.194396 1.000000
-0.004491 0.001999 0.427087 1.000000
0.353973 -0.002475 -0.040166 0.000000
-0.007802 0.000858 0.168073 1.000000
-0.376814 -0.004667 0.163712 2.000000
-0.025518 0.000858 -0.155803 1.000000
0.036810 0.018392 0.192821 1.000000
-0.359964 -0.006494 -0.009847 2.000000
0.240550 -0.006722 0.050700 0.000000
0.102539 0.015492 0.129078 1.000000
-0.418320 0.032478 0.210469 2.000000
0.071101 0.001999 -0.769537 1.000000
0.183770 -0.043434 0.013532 0.000000
-0.033303 0.023049 0.020221 0.000000
0.123383 0.001999 0.663658 1.000000
-0.275560 -0.000968 0.230378 1.000000
0.055759 0.001999 -0.243267 1.000000
0.002883 0.001999 -0.689196 1.000000
0.063225 0.001999 0.546628 1.000000
-0.058029 -0.034941 0.012687 0.000000
0.264956 0.023049 -0.016970 0.000000
0.019709 -0.043434 0.013144 0.000000
-0.000519 0.014556 -0.039641 1.000000
0.361507 -0.029461 0.049559 0.000000
0.005554 -0.043434 -0.027997 0.000000
0.077699 -0.010740 0.187684 1.000000
-0.057458 -0.025580 0.229419 1.000000
0.021011 0.001999 -0.976908 1.000000
0.389338 0.022593 0.042892 0.000000
0.074457 0.004351 0.192821 1.000000
-0.016706 0.000858 -0.127721 1.000000
-0.414712 -0.002818 0.080289 2.000000
0.236897 0.023049 0.005176 0.000000
0.386940 0.022570 0.008555 0.000000
-0.052070 -0.025580 -0.207218 1.000000
-0.434849 -0.003000 -0.083247 2.000000
0.094708 -0.025580 -0.194684 1.000000
-0.454894 0.058072 0.203095 2.000000
-0.348115 -0.002316 -0.197629 1.000000
0.317764 -0.016471 -0.040166 0.000000
-0.049582 -0.036584 0.009217 0.000000
-0.024742 0.000858 0.052983 1.000000
0.032038 0.001999 0.543089 1.000000
-0.371699 -0.022635 0.230378 2.000000
0.161785 0.023049 0.017619 0.000000
0.084343 -0.003663 -0.040166 0.000000
0.117836 0.000858 0.047481 1.000000
0.132287 0.023049 0.001363 0.000000
0.461049 0.008552 0.047321 0.000000
0.005486 0.017547 0.084444 1.000000
0.108406 0.008004 0.187684 1.000000
-0.012436 0.009648 0.163255 1.000000
-0.451630 -0.013457 0.228939 2.000000
0.104457 0.001999 -0.887092 1.000000
-0.021888 -0.025580 0.212501 1.000000
-0.470419 0.098459 0.192273 2.000000
0.310389 0.023049 0.018806 0.000000
0.013294 0.001999 -0.354156 1.000000
0.399360 -0.043434 0.026409 0.000000
0.081329 0.001999 -0.237263 1.000000
-0.097732 0.023049 -0.029070 0.000000
-0.003030 -0.016859 -0.177150 1.000000
0.075599 0.001999 0.880138 1.000000
-0.312774 -0.025580 0.193917 1.000000
0.289043 -0.043434 0.013532 0.000000
0.069343 0.001999 -0.889078 1.000000
0.117288 0.018780 -0.039024 0.000000
0.136397 -0.024461 0.217638 1.000000
0.111785 0.001999 0.524551 1.000000
-0.087800 -0.025580 -0.196099 1.000000
-0.436265 0.004168 0.224213 2.000000
0.271166 0.023049 -0.017426 0.000000
-0.395420 -0.016128 -0.212971 2.000000
0.026764 0.001999 -0.687050 1.000000
0.179752 -0.043434 0.037710 0.000000
0.090576 0.000858 -0.170780 1.000000
0.061010 0.001999 -0.905904 1.000000
0.419223 0.021611 0.025792 0.000000
-0.053372 0.009808 0.188209 1.000000
0.395685 0.022387 0.034719 0.000000
-0.009765 0.001999 -0.507966 1.000000
0.112881 0.001999 0.728132 1.000000
-0.451767 -0.003822 -0.044093 2.000000
0.040942 0.001999 0.705369 1.000000
0.087722 0.001999 0.945388 1.000000
0.047038 0.000858 0.048942 1.000000
-0.491583 0.135627 0.182319 2.000000
-0.211086 -0.005101 0.229852 1.000000
-0.021614 0.000858 0.140859 1.000000
-0.319646 -0.006790 0.187684 1.000000
0.021376 0.001999 -0.997501 1.000000
-0.427475 -0.025580 0.207456 1.000000
0.477738 -0.013046 0.049559 0.000000
0.125575 0.024716 0.210789 1.000000
0.010486 -0.123044 -0.192697 1.000000
-0.146018 -0.025580 -0.199410 1.000000
0.015257 0.001999 0.645370 1.000000
0.390776 -0.043434 -0.017655 0.000000
0.073453 0.022068 -0.177675 1.000000
0.042700 0.001999 -0.846567 1.000000
0.419976 0.021588 -0.000029 0.000000
0.079503 -0.020352 0.188209 1.000000
-0.424963 -0.005466 -0.177150 2.000000
-0.359211 -0.006950 -0.085895 2.000000
-0.419073 -0.002749 -0.114890 2.000000
0.072768 0.000858 0.112686 1.000000
0.019047 0.019488 -0.029686 1.000000
0.063430 0.001999 -0.424497 1.000000
-0.046271 0.025789 0.220332 1.000000
0.210916 0.014237 0.050700 0.000000
0.002267 0.015492 0.164465 1.000000
0.447670 0.012821 0.042710 0.000000
-0.441584 -0.003229 0.072344 2.000000
-0.188118 -0.025580 0.222775 1.000000
0.288152 0.023049 0.023144 0.000000
-0.011272 0.011429 0.130836 1.000000
0.110667 0.009990 0.102937 1.000000
0.058613 0.001999 -0.882571 1.000000
-0.037961 -0.037863 0.006295 0.000000
-0.019308 0.000858 -0.133908 1.000000
-0.425123 -0.002795 0.072641 2.000000
0.077791 0.001999 0.632015 1.000000
0.340183 0.023049 0.044331 0.000000
-0.380124 -0.004644 -0.103338 2.000000
0.016353 0.001999 -0.674447 1.000000
-0.045678 -0.032635 -0.039024 0.000000
-0.073805 -0.032224 -0.009915 0.000000
0.105119 0.001999 -0.292399 1.000000
0.240824 -0.018799 0.050700 0.000000
0.103429 0.001999 0.288094 1.000000
0.407420 -0.028571 0.050175 0.000000
-0.383823 -0.003503 -0.219843 1.000000
0.035554 0.007798 0.192296 1.000000
0.036581 0.001999 -0.843325 1.000000
0.116169 0.000858 0.053417 1.000000
0.103292 -0.026425 -0.039024 0.000000
-0.028692 -0.022041 -0.219843 1.000000
0.107859 0.000858 0.088120 1.000000
0.119274 0.000858 -0.133086 1.000000
-0.368503 0.000105 0.218620 2.000000
0.446072 -0.043434 -0.005646 0.000000
0.399566 -0.043434 0.049330 0.000000
0.094023 0.000858 0.046659 1.000000
0.469108 0.005538 0.004468 0.000000
0.030280 0.001999 -0.426232 1.000000
0.352055 0.023049 0.014742 0.000000
-0.028829 0.009579 -0.219318 1.000000
0.202058 -0.011722 -0.039641 0.000000
-0.433593 -0.002955 0.173986 2.000000
-0.379918 -0.004188 -0.072836 2.000000
-0.017984 -0.021128 -0.177675 1.000000
0.031079 0.008963 -0.182812 1.000000
0.105324 0.023049 0.049125 0.000000
0.044892 0.001999 0.314942 1.000000
0.414086 -0.043434 0.021523 0.000000
0.060622 0.000858 -0.135598 1.000000
0.072037 0.022479 -0.153132 1.000000
0.046444 0.000858 0.013098 1.000000
-0.021135 0.000858 -0.117699 1.000000
0.294316 0.023049 0.045997 0.000000
0.324818 -0.043434 -0.020600 0.000000
0.110781 0.000858 0.062823 1.000000
0.438469 0.016680 0.040815 0.000000
-0.013601 -0.041402 0.021431 0.000000
-0.498615 0.029670 -0.201282 2.000000
0.058476 0.000858 -0.042928 1.000000
-0.026135 0.004077 0.008578 1.000000
-0.462748 -0.014781 -0.219843 1.000000
0.015440 0.001999 0.814751 1.000000
0.013043 0.018757 -0.132128 1.000000
0.011239 0.001999 0.600417 1.000000
0.092699 -0.017566 0.050084 0.000000
0.023522 0.021588 -0.144844 1.000000
0.029116 0.000858 -0.147493 1.000000
-0.377453 -0.004621 0.022550 2.000000
-0.022299 -0.025580 -0.204638 1.000000
0.048453 0.001999 0.913265 1.000000
0.089571 0.001999 0.696374 1.000000
0.014527 0.000858 -0.021422 1.000000
0.155552 -0.019028 -0.177378 1.000000
-0.000861 0.001999 -0.642575 1.000000
0.491254 -0.043434 0.015153 0.000000
-0.413868 -0.029986 0.232843 2.000000
0.071055 0.001999 -0.500614 1.000000
0.339019 0.023049 -0.010646 0.000000
-0.410466 -0.002909 0.057230 2.000000
0.085188 0.001999 -0.873028 1.000000
-0.460488 0.142728 -0.176031 2.000000
-0.040107 0.026086 -0.202423 1.000000
-0.358298 -0.006699 -0.054207 2.000000
-0.161269 0.000333 0.229852 1.000000
0.022586 0.000858 0.113165 1.000000
0.069412 0.023049 -0.020577 0.000000
-0.461401 -0.004325 0.074627 2.000000
-0.427520 -0.002863 0.130676 2.000000
0.033020 0.000858 -0.090621 1.000000
-0.078394 -0.025991 0.050175 0.000000
0.055097 0.023369 0.062412 1.000000
0.306851 0.014260 -0.039024 0.000000
-0.308390 0.001611 0.220149 1.000000
0.079046 0.001999 0.452862 1.000000
0.156556 -0.017658 0.050084 0.000000
0.258290 0.023049 0.034947 0.000000
-0.003989 -0.009302 -0.219843 1.000000
0.063019 -0.016927 0.187684 1.000000
0.010554 0.001999 -0.702985 1.000000
0.007723 0.005424 -0.220916 1.000000
0.037563 0.022753 0.055289 1.000000
0.375959 0.022753 0.050084 0.000000
0.345434 0.006429 -0.039024 0.000000
-0.015153 0.014054 0.049559 0.000000
-0.001272 0.000858 -0.133269 1.000000
0.106055 0.001999 -0.381598 1.000000
-0.122389 0.007433 0.187684 1.000000
0.029367 0.021588 0.172479 1.000000
-0.271838 -0.022269 -0.177150 1.000000
-0.395580 0.006269 -0.206441 2.000000
0.081763 0.020424 -0.031969 1.000000
-0.027139 0.023049 -0.014116 0.000000
-0.128553 -0.025101 0.230378 1.000000
-0.467360 0.051063 0.211131 2.000000
0.024070 0.001999 -0.488583 1.000000
0.037677 0.023095 0.185766 1.000000
-0.013167 0.001999 -0.341165 1.000000
-0.364485 0.009534 -0.212240 2.000000
0.112858 0.000858 0.009582 1.000000
0.411392 0.021839 0.019377 0.000000
0.436688 -0.043434 -0.007837 0.000000
-0.366973 -0.005672 0.054696 2.000000
0.208998 0.023049 0.025290 0.000000
0.057768 0.015173 0.050700 0.000000
0.034526 0.022730 -0.028088 1.000000
-0.031728 0.023049 -0.023842 0.000000
0.159410 -0.006357 0.201497 1.000000
-0.444780 -0.028320 0.229305 2.000000
0.054001 0.001999 -0.961497 1.000000
0.072243 0.022045 0.013783 1.000000
0.085233 0.001999 -0.656228 1.000000
0.312741 -0.043434 0.028577 0.000000
0.071215 0.000858 -0.041513 1.000000
0.003066 0.023049 -0.011673 0.000000
0.015326 0.000858 0.177479 1.000000
0.123817 0.004830 0.102320 1.000000
0.099594 0.015515 0.028714 1.000000
0.124274 0.001999 0.731921 1.000000
0.048293 0.001999 0.660987 1.000000
0.007107 -0.023685 0.230378 1.000000
0.122470 0.005584 0.058189 1.000000
-0.465031 0.095217 -0.182606 2.000000
-0.367521 -0.005603 0.023943 2.000000
0.100484 0.016177 -0.176396 1.000000
0.142538 -0.021105 -0.219843 1.000000
0.171214 -0.043434 0.037299 0.000000
0.035074 0.001999 0.618065 1.000000
-0.260217 0.002045 0.187684 1.000000
0.076649 0.001999 0.512975 1.000000
0.066649 0.001999 0.941279 1.000000
-0.336723 -0.007178 0.230378 1.000000
-0.012596 0.000858 -0.093978 1.000000
0.496779 -0.014918 0.007436 0.000000
0.006787 0.000858 -0.155369 1.000000
-0.461789 -0.004827 -0.077768 2.000000
0.012107 0.001999 0.620622 1.000000
0.075119 -0.016082 -0.219318 1.000000
0.031513 0.001999 0.279007 1.000000
-0.036157 0.024031 0.187684 1.000000
0.076946 0.001999 -0.600453 1.000000
-0.100015 0.015013 -0.014709 0.000000
-0.086704 0.023049 0.004286 0.000000
-0.402110 -0.003092 0.003167 2.000000
0.090439 0.000858 -0.151739 1.000000
-0.330193 -0.025580 0.197730 1.000000
-0.469323 -0.005010 -0.129274 2.000000
0.055165 0.001999 0.317294 1.000000
-0.014126 0.023049 -0.032837 0.000000
-0.078325 0.022296 0.207752 1.000000
0.323060 0.023049 -0.026581 0.000000
0.029686 -0.004119 -0.177150 1.000000
-0.412726 -0.002795 -0.105827 2.000000
0.115278 0.026086 -0.204957 1.000000
-0.426721 0.011132 0.216200 2.000000
0.114342 0.009625 -0.031262 1.000000
0.374589 -0.043434 -0.009550 0.000000
-0.420557 -0.005261 0.188209 2.000000
0.009641 -0.025580 0.214213 1.000000
0.077037 0.000858 -0.020394 1.000000
0.389726 0.022479 0.018509 0.000000
0.043910 0.001999 -0.683168 1.000000
-0.025883 0.000858 0.147320 1.000000
0.056718 0.000858 0.117457 1.000000
-0.202205 -0.022977 0.188209 1.000000
0.138315 0.017821 0.205675 1.000000
0.038476 0.000858 -0.106146 1.000000
0.014116 0.001999 -0.337626 1.000000
-0.366289 -0.002863 -0.217697 2.000000
-0.090540 -0.030215 -0.013979 0.000000
0.098475 -0.024827 0.050700 0.000000
0.077060 -0.025580 0.224601 1.000000
0.108977 0.000858 -0.098224 1.000000
0.111032 0.001999 0.607883 1.000000
0.100187 0.001999 -0.994967 1.000000
0.097448 0.001999 0.271427 1.000000
0.051147 0.001999 0.308984 1.000000
0.035554 -0.036835 -0.039549 0.000000
0.077928 0.021246 0.031637 1.000000
0.244477 0.023049 0.027824 0.000000
0.435022 -0.043434 0.021934 0.000000
0.216532 -0.020580 0.050700 0.000000
0.080713 0.001999 0.615576 1.000000
0.267673 0.023049 0.023418 0.000000
0.122607 0.024602 0.188940 1.000000
0.128246 -0.017315 -0.039549 0.000000
0.114776 0.009442 0.126087 1.000000
0.111534 -0.011927 -0.219843 1.000000
0.306234 0.019351 0.049559 0.000000
-0.465396 -0.004895 0.124169 2.000000
0.053499 0.001999 -0.466597 1.000000
0.215300 0.023049 0.026317 0.000000
0.452510 0.011269 0.002413 0.000000
0.044869 0.023415 0.052298 1.000000
0.151077 0.023049 0.016683 0.000000
0.111626 0.000858 -0.007837 1.000000
0.070142 0.001999 0.566285 1.000000
0.067380 0.000858 0.094101 1.000000
0.360297 -0.043434 -0.039846 0.000000
-0.378571 -0.025580 -0.217628 1.000000
0.109616 0.011725 -0.134822 1.000000
0.268381 -0.016676 -0.039549 0.000000
-0.335216 -0.025580 -0.217309 1.000000
0.524975 -0.040740 0.007322 0.000000
-0.040975 -0.025580 -0.188428 1.000000
0.034504 0.000858 -0.114502 1.000000
0.000258 0.000858 0.007322 1.000000
0.070234 0.000858 0.069193 1.000000
0.057152 0.023415 -0.176351 1.000000
-0.254441 0.006041 0.208643 1.000000
0.360594 -0.043434 -0.010052 0.000000
0.412762 0.021725 0.031431 0.000000
0.056421 0.023049 0.042595 0.000000
0.294568 0.010492 0.050700 0.000000
0.074457 -0.043434 -0.027449 0.000000
0.022495 0.000858 0.078257 1.000000
0.038727 0.011497 -0.181761 1.000000
0.073681 0.001999 -0.306828 1.000000
-0.390832 -0.003640 0.150402 2.000000
0.048225 0.000858 0.024765 1.000000
0.111283 0.010995 -0.122676 1.000000
0.159524 -0.006745 0.187913 1.000000
0.093772 0.017456 -0.076946 1.000000
-0.035587 0.005789 -0.040166 0.000000
0.087265 0.019122 0.115265 1.000000
-0.426562 -0.002863 0.210469 1.000000
0.118863 0.001999 -0.240870 1.000000
-0.011751 0.008666 -0.036947 1.000000
-0.102891 -0.001631 0.009263 0.000000
0.111306 0.009693 -0.024846 1.000000
0.105507 -0.005375 0.188209 1.000000
0.227948 0.023049 0.046796 0.000000
0.012974 0.019419 -0.047198 1.000000
0.012951 0.001999 -0.613078 1.000000
-0.491971 0.138093 0.188324 2.000000
-0.465305 -0.025580 0.198483 1.000000
-0.383982 0.014237 -0.210985 2.000000
0.119867 0.023049 0.011637 0.000000
0.233450 0.023049 -0.036490 0.000000
-0.073828 -0.005694 0.050175 0.000000
-0.216862 -0.025580 -0.212765 1.000000
0.404200 0.022068 0.048303 0.000000
0.114479 0.009579 0.077435 1.000000
0.089731 0.001999 0.248026 1.000000
0.386256 -0.020375 0.050700 0.000000
-0.476561 -0.006083 0.133690 2.000000
-0.313276 0.000881 -0.181670 1.000000
0.044207 0.020995 0.191794 1.000000
-0.133621 0.012890 -0.177675 1.000000
-0.001455 0.001999 -0.305663 1.000000
0.051193 0.019396 0.050084 0.000000
0.108543 0.000858 -0.081033 1.000000
0.147082 -0.026836 -0.039549 0.000000
-0.019856 0.005995 0.151338 1.000000
0.043956 0.023506 0.029924 1.000000
-0.004172 0.001999 0.314303 1.000000
-0.217182 -0.018114 -0.219318 1.000000
0.300800 -0.006220 0.050175 0.000000
0.461209 -0.008525 -0.040166 0.000000
0.363996 0.023049 0.022504 0.000000
0.135689 -0.009621 -0.177378 1.000000
0.085484 0.020378 0.229852 1.000000
-0.375855 0.014922 -0.204113 2.000000
-0.304052 -0.025580 -0.219318 1.000000
0.130552 0.001063 0.140105 1.000000
-0.293002 -0.025580 -0.186213 1.000000
0.106603 0.001999 -0.749149 1.000000
0.124616 0.001999 0.834842 1.000000
0.392032 -0.043434 -0.038933 0.000000
0.383036 -0.003229 0.050175 0.000000
0.025828 0.001999 0.883129 1.000000
-0.478045 -0.006288 0.112297 2.000000
0.028134 0.001999 -0.740359 1.000000
0.290641 0.023049 -0.012107 0.000000
-0.026180 0.016999 -0.219318 1.000000
0.516687 -0.043434 -0.028750 0.000000
-0.453114 0.098254 -0.188474 2.000000
0.083247 0.001999 -0.722871 1.000000
0.018180 0.000858 0.138142 1.000000
-0.071819 -0.025580 -0.190369 1.000000
0.112904 -0.043434 0.038646 0.000000
-0.468136 0.122157 -0.175392 2.000000
0.026513 0.009922 -0.039549 0.000000
0.098292 -0.043434 0.037276 0.000000
-0.469552 0.020173 0.213780 2.000000
-0.245423 -0.006653 -0.177675 1.000000
0.313357 -0.010557 -0.039641 0.000000
0.112105 0.012707 0.230378 1.000000
0.018408 -0.037201 0.050084 0.000000
-0.094969 -0.022361 -0.039549 0.000000
0.082311 0.001999 0.390398 1.000000
-0.472383 -0.005649 -0.084366 2.000000
0.054640 0.001999 -0.801751 1.000000
-0.235058 -0.003434 0.230378 1.000000
-0.420420 -0.002772 0.000062 2.000000
0.011970 0.001999 -0.437442 1.000000
0.020349 -0.016014 0.050175 0.000000
-0.013395 0.009214 -0.027449 1.000000
-0.354006 -0.010900 -0.203998 1.000000
0.170574 0.023049 0.001318 0.000000
-0.018007 -0.033936 -0.040166 0.000000
0.050439 0.001999 -0.617416 1.000000
-0.019514 0.006177 -0.015394 1.000000
0.435821 0.015698 0.027596 0.000000
-0.008578 0.001999 0.235035 1.000000
0.089252 0.000858 0.187661 1.000000
0.390274 -0.015626 0.050084 0.000000
0.011650 0.018415 0.030244 1.000000
-0.444301 0.003255 -0.207240 2.000000
-0.009719 0.001999 -0.353768 1.000000
0.004184 -0.012521 -0.219318 1.000000
-0.263254 0.005767 0.223209 1.000000
-0.388434 -0.003777 -0.035942 2.000000
0.102470 0.001999 0.955753 1.000000
-0.008304 0.001999 0.321837 1.000000
0.005851 0.015744 0.119329 1.000000
0.067174 0.022753 0.140744 1.000000
-0.007254 -0.042749 0.028783 0.000000
0.005646 0.010036 0.192821 1.000000
0.085530 0.000858 0.091133 1.000000
-0.022915 0.001999 -0.252034 1.000000
-0.323732 -0.000352 0.227592 1.000000
-0.392658 0.031771 -0.199615 2.000000
-0.472748 -0.002772 -0.215026 2.000000
0.026239 0.021565 0.114946 1.000000
0.040873 0.000858 0.132183 1.000000
-0.447726 -0.003571 0.013053 2.000000
0.414132 -0.003389 -0.039641 0.000000
-0.367110 -0.005649 -0.128977 2.000000
-0.004263 0.023049 0.007665 0.000000
0.030554 0.001999 -0.720907 1.000000
0.137675 -0.038456 -0.039641 0.000000
0.120803 0.000858 0.062093 1.000000
0.123269 0.001999 -0.592690 1.000000
-0.289555 0.003073 -0.203930 1.000000
-0.015587 0.023049 0.033281 0.000000
0.328859 0.023049 0.004788 0.000000
-0.211930 0.007684 0.229852 1.000000
0.117676 -0.010352 -0.039549 0.000000
0.317695 -0.043434 0.001774 0.000000
0.132721 -0.040306 0.050175 0.000000
0.281326 -0.043434 0.035039 0.000000
-0.471401 0.086907 0.201520 2.000000
0.297079 -0.019187 -0.039024 0.000000
0.520135 -0.043434 -0.002609 0.000000
-0.078417 0.020903 -0.177675 1.000000
-0.002436 0.001999 0.465145 1.000000
0.110781 0.001999 0.233026 1.000000
0.042791 0.001999 -0.399383 1.000000
-0.424324 -0.002818 0.141566 2.000000
0.099662 0.000858 0.119329 1.000000
0.117539 0.009488 0.163233 1.000000
-0.050381 0.023049 -0.019070 0.000000
0.019892 0.019693 0.005267 1.000000
0.104457 0.001999 0.487542 1.000000
-0.001774 0.001999 -0.636091 1.000000
0.122607 -0.014895 0.196451 1.000000
-0.152799 0.015698 -0.197606 1.000000
0.002906 0.014739 0.096156 1.000000
0.069594 -0.010169 -0.177675 1.000000
-0.440306 -0.020146 -0.219683 2.000000
-0.476583 -0.019187 -0.213770 2.000000
0.001102 0.000858 -0.040805 1.000000
-0.374576 -0.002863 -0.202377 2.000000
0.108224 0.001999 -0.601937 1.000000
0.421255 -0.043434 0.031751 0.000000
0.100530 0.001999 -0.921041 1.000000
-0.446904 -0.003389 0.229852 1.000000
-0.008235 0.010219 -0.067608 1.000000
-0.405078 0.072934 -0.194729 2.000000
0.023134 -0.043434 -0.022038 0.000000
0.019527 0.000858 0.145311 1.000000
0.073339 0.000858 -0.068499 1.000000
0.017677 -0.038434 -0.039641 0.000000
0.438264 -0.036950 0.050084 0.000000
0.081900 0.020401 -0.133863 1.000000
0.203884 -0.000809 0.050175 0.000000
-0.425991 -0.019187 -0.219318 1.000000
-0.373503 -0.025352 0.188209 1.000000
0.031558 0.001999 0.652197 1.000000
-0.466447 -0.005306 -0.145232 2.000000
-0.020244 0.005767 -0.007678 1.000000
0.366279 0.004899 -0.039641 0.000000
0.053864 0.001999 0.477428 1.000000
-0.479095 0.070720 0.206383 2.000000
-0.328230 -0.000489 -0.184684 1.000000
0.050485 0.001999 0.671489 1.000000
0.108178 0.001999 -0.393310 1.000000
-0.136133 0.017228 -0.196601 1.000000
0.095804 0.015812 0.166292 1.000000
0.010691 -0.009644 0.229852 1.000000
0.025075 0.001999 -0.372900 1.000000
-0.213529 0.005447 0.188209 1.000000
-0.124991 0.018255 -0.212720 1.000000
-0.317317 0.000515 -0.192537 1.000000
-0.474552 -0.006197 -0.052038 2.000000
-0.105768 -0.012635 -0.016970 0.000000
0.008363 0.017547 0.025084 1.000000
0.113566 0.000858 0.177593 1.000000
-0.383092 -0.003914 0.118941 2.000000
-0.007322 -0.041904 -0.014230 0.000000
-0.279897 0.004237 0.210172 1.000000
0.121785 0.001999 -0.652438 1.000000
0.252103 -0.043434 -0.025988 0.000000
0.079868 0.023049 -0.017792 0.000000
0.083818 0.001999 0.260126 1.000000
0.034709 0.001999 0.237866 1.000000
0.374658 -0.034073 -0.039549 0.000000
-0.416607 -0.002772 -0.014527 2.000000
0.364064 -0.043434 0.004788 0.000000
0.041764 0.001999 -0.876772 1.000000
-0.027778 -0.028274 0.049559 0.000000
0.106580 0.023049 0.016637 0.000000
0.049024 0.023666 0.102343 1.000000
0.057654 -0.025580 0.215309 1.000000
0.268906 -0.043434 0.047732 0.000000
0.071558 0.001999 -0.937045 1.000000
-0.348503 -0.002087 0.226405 1.000000
0.298586 0.015287 -0.040166 0.000000
-0.426698 0.035720 0.215241 2.000000
0.318243 0.022798 0.049559 0.000000
0.149250 0.011497 -0.206008 1.000000
0.044001 0.000858 0.099444 1.000000
0.075530 0.023049 0.005861 0.000000
-0.441561 -0.003389 0.090837 2.000000
-0.357248 -0.021425 -0.177150 2.000000
0.159342 -0.005946 -0.040166 0.000000
0.126694 0.004830 0.129946 1.000000
0.016148 -0.015968 0.188209 1.000000
-0.374553 -0.003548 -0.219318 1.000000
0.106945 0.001999 0.579869 1.000000
-0.096567 -0.012955 0.050084 0.000000
0.492646 -0.030648 -0.039549 0.000000
-0.391379 -0.009644 -0.219318 1.000000
0.311759 -0.043434 0.008966 0.000000
0.514655 -0.027680 0.008623 0.000000
0.088224 0.000858 -0.127790 1.000000
-0.084033 0.015218 -0.219843 1.000000
0.030257 0.022524 -0.098955 1.000000
0.089525 0.019282 -0.085667 1.000000
-0.051888 -0.007704 0.187684 1.000000
-0.495875 0.043506 -0.203154 2.000000
-0.345992 -0.002133 -0.212834 1.000000
0.062174 0.023186 0.062047 1.000000
0.073521 0.021451 0.043532 1.000000
0.298358 -0.030443 -0.040166 0.000000
0.033271 0.000858 -0.036193 1.000000
-0.369713 -0.005055 0.120128 2.000000
0.033248 0.001999 0.567175 1.000000
-0.484072 0.136175 -0.172150 2.000000
-0.453182 0.104806 -0.186191 2.000000
0.194044 -0.043434 0.014628 0.000000
0.104639 -0.043434 -0.027015 0.000000
-0.454598 0.046200 0.206268 2.000000
0.015303 0.001999 -0.470158 1.000000
-0.445374 -0.002863 -0.212491 2.000000
-0.492108 0.061588 0.208825 2.000000
-0.023418 -0.040397 -0.032837 0.000000
-0.098371 -0.029073 0.018326 0.000000
0.034115 0.022661 -0.068065 1.000000
0.021239 0.000858 -0.121374 1.000000
-0.171840 0.001474 -0.219318 1.000000
-0.389599 -0.003708 -0.102128 2.000000
