0.924653 -0.098978 0.011080 0.000000
0.001243 -0.054569 0.039832 0.000000
-0.016260 -0.056111 0.128433 1.000000
0.253323 -0.017869 -0.049096 0.000000
0.375150 0.035444 0.048714 0.000000
-0.066880 -0.029335 -0.494101 1.000000
-0.122408 -0.030703 0.001872 0.000000
0.809363 -0.071095 -0.028096 0.000000
-0.375487 0.006953 0.049821 0.000000
0.219164 -0.037587 -0.059954 0.000000
0.095035 -0.027837 -0.061778 0.000000
-0.358962 -0.027880 0.045869 0.000000
-0.029833 -0.061583 -0.104016 1.000000
0.061092 -0.037457 0.202116 1.000000
0.052710 -0.090010 0.087498 1.000000
0.186329 -0.071833 0.008213 0.000000
-0.077130 -0.016957 -0.051376 0.000000
-0.593365 0.241768 -0.004686 2.000000
-0.609630 0.109778 -0.003058 2.000000
0.055837 -0.039324 -0.184322 1.000000
-0.233269 -0.054656 0.037443 0.000000
-0.027726 -0.063060 -0.083689 1.000000
-0.009159 -0.054461 0.209564 1.000000
-0.026445 0.047909 -0.043384 0.000000
-0.395184 0.000633 -0.136416 3.000000
0.833663 -0.077436 -0.009268 0.000000
0.046716 -0.048619 -0.293293 1.000000
0.096012 -0.078044 0.048279 0.000000
0.224614 0.061568 0.010428 0.000000
0.729057 -0.057110 -0.047033 0.000000
0.042417 -0.026751 -0.360309 1.000000
0.146458 -0.060541 -0.037152 0.000000
0.074404 -0.004579 -0.056305 0.000000
0.717526 -0.048293 -0.053678 0.000000
-0.318439 0.049190 0.126870 3.000000
-0.257005 0.000611 -0.138305 3.000000
-0.077478 -0.054309 -0.045035 0.000000
0.055229 0.000307 -0.028813 0.000000
-0.408040 0.014814 0.000395 0.000000
0.521560 0.007191 0.061569 0.000000
-0.191574 0.006627 0.062373 0.000000
-0.213790 0.066411 -0.006510 0.000000
-0.267906 0.039461 -0.114027 3.000000
-0.246711 0.034141 -0.056479 0.000000
0.365096 0.033142 0.050451 0.000000
-0.301523 0.019027 0.071602 0.000000
0.027128 -0.048293 -0.297071 1.000000
-0.342892 0.005845 -0.001581 0.000000
-0.096914 -0.019758 -0.582095 1.000000
-0.497619 0.019939 0.034164 0.000000
0.382447 -0.074374 0.002980 0.000000
0.041939 -0.097176 -0.069313 0.000000
0.002958 -0.062083 0.102309 1.000000
0.239446 -0.013309 -0.053395 0.000000
-0.066338 -0.006359 -0.051093 0.000000
-0.571888 0.117661 0.002415 2.000000
-0.401634 -0.009183 -0.099542 3.000000
-0.013915 -0.053831 -0.159609 1.000000
-0.017976 -0.043602 -0.345433 1.000000
-0.112658 0.013793 0.061374 0.000000
0.092233 -0.050552 0.062981 0.000000
-0.530931 0.069929 -0.006380 2.000000
-0.366193 0.048322 0.121701 3.000000
-0.072961 -0.011224 0.062351 0.000000
0.589097 -0.070769 0.021807 0.000000
-0.205798 -0.027706 0.057726 0.000000
-0.260913 -0.028640 -0.111703 3.000000
-0.052331 -0.034351 0.438973 1.000000
0.578521 0.060700 -0.000256 0.000000
-0.207905 0.041611 0.047628 0.000000
-0.417682 0.008625 0.049278 0.000000
0.839418 0.050406 -0.025099 0.000000
-0.301827 0.038984 0.047736 0.000000
0.975078 -0.057675 0.015553 0.000000
0.017443 -0.110575 0.058160 3.000000
0.146545 -0.059629 -0.122127 1.000000
0.126154 0.061742 0.013729 0.000000
-0.369581 0.006714 -0.000343 0.000000
0.097749 -0.006598 0.063111 0.000000
0.313824 -0.014633 0.062308 0.000000
0.045500 -0.001886 0.049083 0.000000
0.033426 0.000481 -0.035393 0.000000
-0.597013 0.007995 0.013468 0.000000
0.122549 0.017984 -0.062408 0.000000
-0.621357 0.203157 -0.089835 2.000000
0.666732 -0.070748 -0.026359 0.000000
0.298015 0.047171 -0.041104 0.000000
-0.261087 0.032273 0.078834 3.000000
-0.151703 0.002696 0.062829 0.000000
0.125046 -0.015871 0.061960 0.000000
-0.580726 0.218424 -0.007097 2.000000
-0.639077 0.124936 -0.001668 2.000000
-0.325606 -0.010594 -0.061018 0.000000
-0.367952 0.016052 -0.144690 3.000000
-0.329319 -0.013178 0.076315 3.000000
-0.011439 -0.023450 -0.433796 1.000000
-0.121323 0.027865 -0.059259 0.000000
0.266852 -0.055090 0.005520 0.000000
-0.336572 0.020482 0.003957 0.000000
-0.458942 0.010796 -0.055914 0.000000
0.742564 -0.038499 0.056466 0.000000
0.542646 0.038897 0.045217 0.000000
-0.034523 -0.021235 0.473588 1.000000
-0.695626 0.220573 -0.000995 2.000000
-0.298938 -0.016088 0.134275 3.000000
-0.549542 0.015856 0.025629 0.000000
-0.053612 -0.032701 0.402946 1.000000
-0.320568 0.016964 0.064393 3.000000
0.629706 0.057638 -0.017260 0.000000
-0.102625 -0.020453 0.545512 1.000000
0.772880 -0.037305 -0.060193 0.000000
-0.378745 0.017137 -0.020734 0.000000
0.211606 -0.041409 -0.061734 0.000000
-0.089661 0.019418 -0.062516 0.000000
0.148000 -0.083712 -0.037695 0.000000
0.213908 0.051318 0.033729 0.000000
-0.317658 0.044000 -0.136981 3.000000
-0.626699 0.204178 -0.161889 2.000000
-0.199522 0.051297 0.037790 0.000000
0.234756 -0.061475 0.033729 0.000000
-0.010766 -0.020605 -0.473124 1.000000
-0.094634 -0.022408 -0.063341 0.000000
-0.014632 -0.053700 0.218924 1.000000
-0.266603 -0.036110 0.053187 0.000000
0.107890 -0.036805 -0.115894 1.000000
-0.000060 -0.059586 -0.036869 0.000000
-0.338809 0.020308 -0.034546 0.000000
-0.066446 -0.038087 0.380687 1.000000
0.739198 0.032035 0.049061 0.000000
0.004804 0.000720 -0.022341 0.000000
-0.593864 0.211170 -0.017043 2.000000
0.024827 0.024130 -0.060279 0.000000
-0.166362 0.064674 -0.013807 0.000000
-0.000712 -0.044428 -0.052288 0.000000
-0.429734 0.013098 -0.001038 0.000000
0.043068 -0.030095 0.311261 1.000000
-0.189533 0.041090 0.047910 0.000000
-0.274725 -0.004427 0.062112 0.000000
-0.004078 -0.031572 -0.353598 1.000000
-0.243085 -0.006077 0.131691 3.000000
0.858311 0.051514 -0.007813 0.000000
-0.373576 0.032751 -0.049291 0.000000
0.056510 -0.057110 0.175991 1.000000
-0.110095 -0.041083 0.010320 0.000000
0.597588 0.050689 -0.033547 0.000000
0.177338 -0.038173 0.062330 0.000000
0.725973 -0.027902 0.060636 0.000000
0.543949 -0.053896 -0.048574 0.000000
-0.675082 0.201463 -0.160868 2.000000
0.276733 -0.039346 -0.034242 0.000000
0.854359 -0.004926 -0.063537 0.000000
-0.336681 0.050971 -0.037326 0.000000
0.022459 -0.051268 0.081461 1.000000
0.081136 -0.036849 -0.172161 1.000000
0.082852 -0.061258 -0.125254 1.000000
-0.263867 0.042502 -0.138283 3.000000
0.659565 0.010883 0.060353 0.000000
-0.053199 -0.034134 0.055663 0.000000
0.031233 -0.006859 -0.059280 0.000000
0.008887 -0.043146 -0.350732 1.000000
-0.654126 0.198814 0.198359 2.000000
-0.233638 -0.041670 -0.052939 0.000000
-0.049964 0.001154 0.014706 0.000000
0.052645 -0.104451 -0.069313 0.000000
0.917748 -0.084255 -0.006836 0.000000
0.131409 -0.064124 0.081570 1.000000
0.014924 -0.042929 0.350089 1.000000
-0.066272 -0.034438 0.406203 1.000000
-0.329927 0.059310 0.006107 2.000000
-0.276788 0.023413 -0.055241 0.000000
-0.518965 0.073599 0.003892 2.000000
0.185265 -0.056762 0.090170 1.000000
-0.135069 -0.002081 0.063415 0.000000
0.069301 -0.057349 -0.177286 1.000000
0.110909 -0.055221 -0.190619 1.000000
0.908866 -0.063560 -0.039085 0.000000
0.080289 0.000112 0.036726 0.000000
0.684474 -0.073962 0.016617 0.000000
-0.483025 0.119963 -0.007488 2.000000
0.007997 -0.065167 -0.067315 1.000000
0.608924 -0.075265 0.008105 0.000000
-0.025229 -0.047077 0.270022 1.000000
-0.439572 0.032686 -0.041560 0.000000
0.018768 -0.050899 -0.263064 1.000000
0.017096 -0.107904 -0.085079 1.000000
0.341990 -0.072876 -0.012547 0.000000
-0.312750 0.004455 0.015184 0.000000
0.038790 -0.082757 -0.094070 1.000000
0.061114 -0.057218 -0.178024 1.000000
0.409223 -0.036458 -0.059367 0.000000
0.470462 -0.006663 -0.066534 0.000000
-0.097500 0.062068 0.017942 0.000000
0.108933 -0.001560 0.047085 0.000000
-0.073460 -0.021213 -0.568978 1.000000
0.245288 -0.001234 -0.011288 0.000000
0.316213 -0.062626 0.033121 0.000000
-0.006379 0.047692 -0.043449 0.000000
0.121615 -0.072311 0.002806 0.000000
-0.192812 -0.002472 0.063328 0.000000
-0.074481 -0.018607 0.531418 1.000000
-0.283628 -0.010312 0.139639 3.000000
-0.035566 -0.020127 -0.488129 1.000000
-0.550302 0.196317 -0.007162 2.000000
0.028410 -0.071377 -0.006966 0.000000
-0.222693 0.055640 -0.035892 0.000000
-0.056956 -0.044297 -0.336529 1.000000
0.416020 -0.063516 0.033013 0.000000
0.861091 -0.058717 -0.045816 0.000000
-0.316441 0.054967 0.111820 3.000000
-0.006510 -0.054461 -0.212900 1.000000
-0.659620 0.205177 0.066195 2.000000
-0.098304 -0.032158 -0.473102 1.000000
0.609510 -0.044449 0.052688 0.000000
-0.063189 -0.069727 -0.006793 0.000000
0.106631 -0.052050 -0.223258 1.000000
-0.236201 0.031427 0.074425 3.000000
-0.301370 0.003999 -0.029508 0.000000
-0.417465 0.033902 -0.086013 3.000000
-0.527174 -0.004210 -0.025990 0.000000
-0.615841 0.206132 -0.021321 2.000000
0.036401 -0.076003 0.090626 1.000000
-0.021494 0.000915 0.036249 0.000000
-0.007856 -0.050964 0.258339 1.000000
-0.150444 0.014097 -0.064536 0.000000
-0.551887 0.040482 -0.019019 0.000000
0.021699 -0.024340 0.400188 1.000000
-0.457531 0.015422 -0.043949 0.000000
0.909735 -0.122736 -0.014936 0.000000
0.376084 0.031926 -0.054438 0.000000
-0.264844 0.064913 -0.016000 0.000000
0.584471 0.010188 -0.064036 0.000000
0.081983 -0.032658 0.247893 1.000000
-0.065925 0.064044 0.009668 0.000000
0.114992 -0.068402 0.018702 0.000000
0.125546 -0.073701 -0.056892 0.000000
-0.037803 -0.035872 0.055011 0.000000
-0.644484 0.200812 -0.209621 2.000000
0.049518 -0.037717 -0.226538 1.000000
0.738873 0.040699 -0.044666 0.000000
-0.580031 0.115859 -0.005121 2.000000
0.105350 -0.032723 0.229152 1.000000
-0.049985 -0.025448 0.522645 1.000000
0.396519 0.016964 0.058768 0.000000
0.026368 0.000546 -0.026554 0.000000
-0.158826 -0.068511 0.011080 0.000000
0.194255 -0.040693 -0.090552 1.000000
-0.236526 0.048408 -0.111508 3.000000
0.272542 -0.001452 -0.013329 0.000000
0.513177 -0.069944 0.022285 0.000000
-0.389277 0.007495 -0.017173 0.000000
0.135057 -0.034547 -0.096741 1.000000
-0.566763 0.156772 -0.006619 2.000000
-0.052874 0.033511 -0.055806 0.000000
-0.053807 -0.051789 0.042655 0.000000
0.280902 -0.003645 -0.029291 0.000000
0.198142 -0.028792 -0.063689 0.000000
0.261575 -0.011094 -0.044014 0.000000
0.206329 -0.080194 -0.000495 0.000000
0.637198 -0.023341 -0.064709 0.000000
0.701391 -0.073983 0.016878 0.000000
0.435108 0.056357 -0.024187 0.000000
-0.276896 0.023500 0.012969 0.000000
-0.159955 -0.057392 0.034837 0.000000
0.264659 -0.014720 0.040744 0.000000
-0.686114 0.199921 -0.210967 2.000000
-0.016195 -0.058695 0.086869 1.000000
-0.410885 0.008342 -0.006076 0.000000
0.566794 -0.035720 0.057009 0.000000
0.729144 0.056856 0.013968 0.000000
0.051928 -0.061887 0.110170 1.000000
-0.113765 -0.070834 -0.003774 0.000000
-0.027162 -0.052463 -0.045295 0.000000
0.278666 0.060548 0.013577 0.000000
0.403663 -0.066100 0.028626 0.000000
0.565079 0.012534 0.060006 0.000000
-0.534340 0.171473 -0.007292 2.000000
-0.051028 -0.037978 -0.404501 1.000000
-0.600944 0.097009 -0.000126 2.000000
-0.413729 -0.036045 0.022198 0.000000
0.852730 0.052817 0.005824 0.000000
0.114405 -0.062886 0.030559 0.000000
0.801436 0.050928 0.026346 0.000000
0.053796 -0.003992 -0.066555 0.000000
-0.267732 0.020720 0.088389 3.000000
-0.014740 -0.054526 0.148238 1.000000
0.025608 -0.047294 0.304833 1.000000
-0.402176 0.082633 -0.003600 2.000000
0.543471 0.012186 -0.063363 0.000000
-0.248752 -0.054287 -0.040909 0.000000
0.543080 -0.073571 -0.017520 0.000000
-0.592431 0.204547 -0.045969 2.000000
0.052037 -0.046968 0.062981 1.000000
0.484664 -0.047555 0.049712 0.000000
0.075881 -0.038108 0.054186 0.000000
0.088976 -0.032115 -0.262087 1.000000
-0.050181 -0.022342 -0.477684 1.000000
-0.004295 -0.044732 -0.333902 1.000000
0.187176 -0.012353 0.058030 0.000000
-0.078933 -0.024818 0.531657 1.000000
0.085371 -0.034373 0.202941 1.000000
0.036445 -0.040584 0.202420 1.000000
-0.386932 0.026215 0.047237 0.000000
0.064024 -0.043450 0.091060 1.000000
-0.053026 -0.030095 -0.060431 0.000000
-0.382176 -0.021604 -0.048140 0.000000
0.885130 0.037442 0.020461 0.000000
-0.004729 -0.052159 0.242312 1.000000
0.326376 -0.042669 -0.055502 0.000000
0.129628 -0.039476 -0.210837 1.000000
-0.508281 0.052578 0.001937 0.000000
-0.337072 0.020438 -0.008421 0.000000
-0.328038 0.005063 0.058008 0.000000
0.028562 -0.121650 -0.059867 0.000000
-0.630564 0.202571 0.104111 2.000000
-0.491690 0.154926 0.002241 2.000000
-0.274920 0.028343 0.144329 3.000000
-0.242607 0.053143 -0.107946 3.000000
-0.326887 0.062785 -0.004165 2.000000
0.903263 -0.077241 -0.016912 0.000000
-0.501397 0.143981 -0.007227 2.000000
0.172995 0.044000 0.043002 0.000000
-0.446260 0.011795 0.004217 0.000000
0.573331 0.007213 -0.064688 0.000000
0.074274 0.000155 -0.012374 0.000000
-0.399353 -0.045904 0.003522 0.000000
-0.376790 0.010731 -0.074764 0.000000
-0.302521 0.051405 -0.126969 3.000000
-0.285735 0.024499 -0.057435 0.000000
0.006020 -0.042104 0.358472 1.000000
0.200271 -0.061106 0.033838 0.000000
-0.568652 0.142265 0.003132 2.000000
0.012839 -0.049053 -0.141758 1.000000
0.024175 -0.054091 -0.219176 1.000000
0.304421 -0.052484 0.045044 0.000000
0.923785 -0.097545 -0.009355 0.000000
0.514958 -0.051333 -0.050290 0.000000
0.925631 -0.066035 -0.033525 0.000000
-0.321414 -0.011289 0.136577 3.000000
0.223311 -0.003667 0.063263 0.000000
0.699284 0.040091 0.042611 0.000000
-0.375857 0.006953 -0.051093 0.000000
0.136729 -0.050052 -0.049009 0.000000
-0.049334 -0.039086 -0.358767 1.000000
-0.283194 0.023478 0.057118 0.000000
0.993863 -0.030855 0.011905 0.000000
-0.589434 0.209976 -0.054916 2.000000
-0.302521 0.023174 -0.008052 0.000000
0.152387 -0.054721 0.062742 0.000000
0.901591 -0.107079 0.012122 0.000000
-0.396118 0.007756 0.003262 0.000000
-0.550693 0.059788 0.001763 2.000000
-0.636601 0.205828 0.034207 2.000000
-0.581182 0.211322 -0.028422 2.000000
0.056315 -0.083126 -0.035545 0.000000
0.438713 -0.014872 0.062416 0.000000
-0.247037 -0.010942 0.062199 0.000000
-0.026662 -0.005360 0.053100 0.000000
0.010016 -0.058065 0.159400 1.000000
0.475543 0.030124 0.051993 0.000000
-0.329058 0.033012 -0.072223 3.000000
0.013491 -0.061301 -0.063971 0.000000
-0.347365 0.019114 -0.001581 0.000000
-0.294052 -0.005882 -0.063776 0.000000
0.819048 -0.072051 0.023002 0.000000
0.151735 0.009363 -0.064840 0.000000
-0.472276 0.033794 -0.037195 0.000000
-0.087142 -0.035350 0.428658 1.000000
-0.597621 0.206002 0.106804 2.000000
-0.479138 0.053490 -0.014263 0.000000
-0.003165 -0.032397 -0.345324 1.000000
-0.541203 0.174231 -0.007249 2.000000
0.466010 -0.033874 0.057422 0.000000
0.904110 -0.074287 0.017855 0.000000
0.095664 -0.000518 -0.046881 0.000000
0.145503 -0.003992 0.063372 0.000000
-0.387106 0.060504 0.008669 0.000000
0.300555 0.035726 0.048952 0.000000
-0.111159 -0.021430 -0.547544 1.000000
0.165091 -0.004470 0.051949 0.000000
-0.498618 0.159899 0.002697 2.000000
-0.571279 0.205980 -0.031288 2.000000
-0.069313 -0.020866 0.051732 0.000000
0.936424 -0.014025 -0.044622 0.000000
0.143375 -0.064406 0.076336 1.000000
-0.554688 0.132645 -0.006597 2.000000
-0.384934 -0.024405 0.042286 0.000000
-0.062146 -0.021886 0.555697 1.000000
0.132755 -0.062756 0.098899 1.000000
-0.273053 0.045129 -0.047923 0.000000
-0.087750 -0.034026 -0.451733 1.000000
0.058704 -0.059368 -0.148360 1.000000
-0.091593 -0.028836 0.496781 1.000000
-0.263042 -0.016240 -0.078369 3.000000
0.646232 -0.025730 0.061222 0.000000
0.003219 -0.032636 0.332825 1.000000
-0.014697 -0.066752 -0.023167 0.000000
-0.176351 -0.046773 0.046390 0.000000
0.045153 -0.039802 0.052774 0.000000
0.504404 0.028321 -0.056327 0.000000
0.080094 -0.056762 -0.186580 1.000000
-0.012417 -0.058630 -0.078130 1.000000
0.100529 -0.040931 0.056662 1.000000
0.017443 -0.000236 -0.048509 0.000000
-0.251250 0.028147 0.066542 3.000000
0.037400 -0.034742 -0.279916 1.000000
0.067260 0.064261 0.002697 0.000000
-0.418724 0.002153 -0.085383 3.000000
0.049670 -0.029596 -0.312381 1.000000
0.031146 -0.031746 -0.312968 1.000000
0.421340 -0.022494 0.061417 0.000000
-0.098021 -0.006121 -0.066121 0.000000
0.203137 -0.055981 -0.043276 0.000000
-0.331230 0.005194 -0.049226 0.000000
0.858745 0.038028 0.034446 0.000000
-0.283802 0.051861 -0.125623 3.000000
0.216406 0.063175 0.002133 0.000000
-0.010049 -0.027793 -0.477271 1.000000
-0.373989 -0.043429 0.026780 0.000000
-0.321436 0.029624 0.142853 3.000000
0.328504 -0.050313 -0.049943 0.000000
-0.057543 -0.061323 0.030906 0.000000
0.218425 -0.076611 0.022263 0.000000
-0.322327 0.005302 -0.068684 3.000000
0.272520 -0.030812 -0.040040 0.000000
0.028106 -0.039737 -0.238916 1.000000
0.062634 -0.030399 0.063024 0.000000
0.228458 0.015400 -0.063102 0.000000
0.194928 -0.081432 0.010493 0.000000
0.311848 0.028256 0.054316 0.000000
-0.019214 -0.038108 0.399341 1.000000
-0.297223 0.023587 0.001503 0.000000
-0.559944 0.040113 -0.017933 0.000000
0.033122 -0.055003 0.203354 1.000000
0.097119 0.031296 0.053361 0.000000
-0.390493 0.011122 0.050299 0.000000
0.020092 -0.091291 0.052970 3.000000
-0.405890 0.008147 0.035901 0.000000
0.033556 -0.042017 0.183809 1.000000
0.831405 0.054163 0.015510 0.000000
-0.097696 -0.027815 -0.492950 1.000000
0.296712 0.054055 -0.031484 0.000000
0.122592 -0.052224 -0.203345 1.000000
0.115274 -0.064472 0.079811 1.000000
0.138966 -0.030573 -0.060844 0.000000
0.022090 -0.051464 0.252866 1.000000
0.096533 -0.035394 0.161333 1.000000
-0.614386 0.201789 0.135578 2.000000
-0.398550 0.019114 -0.123234 3.000000
-0.617665 0.136554 0.000526 2.000000
-0.360612 0.010644 0.071602 3.000000
0.012427 -0.028836 -0.359614 1.000000
0.806735 0.058289 -0.006076 0.000000
0.572614 -0.057262 -0.045317 0.000000
-0.292228 0.049820 -0.086035 3.000000
-0.608935 0.189650 0.004543 2.000000
0.077097 -0.035459 -0.204865 1.000000
0.038573 -0.061431 0.114969 1.000000
0.084263 -0.049379 -0.049182 0.000000
-0.264583 0.030080 0.143309 3.000000
-0.097239 -0.052289 0.041656 0.000000
-0.516425 0.176924 -0.006185 2.000000
0.783846 -0.001669 0.062416 0.000000
0.863523 0.005063 0.057357 0.000000
-0.398398 0.001046 0.097987 3.000000
0.074079 -0.037175 0.178532 1.000000
-0.502222 0.073035 0.004630 2.000000
-0.389125 -0.012744 -0.124277 3.000000
0.075968 -0.051898 0.062894 0.000000
-0.253986 0.021133 0.136664 3.000000
0.140986 -0.050530 0.178793 1.000000
-0.445022 0.011882 -0.050181 0.000000
-0.052960 -0.023515 -0.468455 1.000000
-0.115003 0.061004 -0.023710 0.000000
-0.354553 0.013228 0.067303 3.000000
0.248567 -0.001256 -0.025403 0.000000
0.296386 -0.023797 0.000938 0.000000
-0.480528 0.002284 0.036031 0.000000
0.072689 0.064305 -0.005446 0.000000
-0.287646 -0.015176 -0.139109 3.000000
0.204353 -0.000887 -0.012265 0.000000
0.173886 -0.083603 0.028604 0.000000
-0.086555 -0.031311 -0.475512 1.000000
0.592702 -0.059586 0.039528 0.000000
-0.092484 -0.011723 0.613418 1.000000
0.832838 -0.072811 -0.024687 0.000000
0.084741 0.054858 -0.033417 0.000000
-0.244236 0.057594 -0.033243 0.000000
-0.636059 0.203179 0.174341 2.000000
0.423620 -0.062669 -0.037282 0.000000
0.309155 -0.066513 -0.029269 0.000000
-0.325606 0.048256 -0.085361 3.000000
0.136621 0.064283 -0.000386 0.000000
-0.383392 -0.050030 0.001959 0.000000
-0.379331 -0.018151 0.109584 3.000000
-0.409234 0.038376 -0.124993 3.000000
0.385270 0.052187 -0.033981 0.000000
0.521734 0.045651 0.037617 0.000000
0.148847 -0.032962 -0.145059 1.000000
-0.372425 0.017637 -0.009051 0.000000
0.037118 -0.029313 0.324746 1.000000
0.094014 0.000003 -0.013156 0.000000
0.529269 0.056335 -0.022602 0.000000
-0.121019 0.001719 -0.002819 0.000000
0.969953 -0.032592 0.029994 0.000000
0.487053 0.025498 0.055098 0.000000
0.472286 0.010883 0.060961 0.000000
0.120290 0.003239 -0.065643 0.000000
-0.101648 0.001154 0.025825 0.000000
-0.357550 -0.017717 -0.125710 3.000000
-0.010201 -0.081410 -0.005881 0.000000
-0.332815 0.030949 0.141528 3.000000
0.667383 0.038984 -0.047445 0.000000
0.012557 -0.082887 -0.012005 0.000000
0.082244 -0.033048 -0.059671 0.000000
-0.371014 0.019678 -0.072723 3.000000
-0.052331 -0.016175 -0.564657 1.000000
0.371480 0.044109 -0.044123 0.000000
-0.388669 -0.013982 -0.095199 3.000000
-0.676277 0.198358 -0.227906 2.000000
0.255299 0.032035 0.051906 0.000000
-0.620206 0.201420 -0.155461 2.000000
-0.015848 -0.038347 0.315343 1.000000
-0.229447 0.063718 0.016704 0.000000
-0.313944 0.030927 0.067389 3.000000
0.031081 -0.034547 0.285202 1.000000
0.010581 -0.037891 -0.066186 0.000000
0.014555 -0.045296 0.325376 1.000000
-0.136372 0.063849 0.013816 0.000000
0.189282 -0.000778 0.018963 0.000000
0.080355 -0.057696 -0.065231 0.000000
-0.638860 0.207956 0.045738 2.000000
0.085718 0.048061 0.038920 0.000000
0.325833 -0.067186 -0.028140 0.000000
0.020179 0.000590 0.004391 0.000000
0.129889 -0.072963 -0.002884 0.000000
-0.635298 0.204960 0.130757 2.000000
-0.240761 0.044152 0.096402 3.000000
-0.662270 0.208478 0.003783 2.000000
0.012014 -0.057740 -0.167274 1.000000
-0.540942 0.096857 -0.006380 2.000000
-0.044665 -0.019867 0.494892 1.000000
0.584493 0.036638 0.046629 0.000000
0.321729 -0.046317 0.049647 0.000000
0.070951 -0.041757 -0.315465 1.000000
-0.272032 0.014597 -0.059780 0.000000
0.740262 -0.075677 0.011514 0.000000
0.071885 -0.043255 0.077531 1.000000
-0.566980 0.241529 -0.004426 2.000000
-0.019713 -0.047729 0.299404 1.000000
0.523645 -0.052854 -0.049226 0.000000
-0.277049 0.021785 -0.001581 0.000000
-0.691000 0.198684 0.234972 2.000000
-0.080735 -0.016001 0.061743 0.000000
0.652269 -0.073028 0.018072 0.000000
0.036553 -0.106601 -0.079585 1.000000
-0.211835 0.033164 0.053817 0.000000
0.078422 -0.062430 -0.109553 1.000000
0.194016 0.054033 0.030168 0.000000
0.004500 -0.003037 -0.054894 0.000000
-0.590411 0.211648 0.005455 2.000000
0.296343 -0.028010 -0.020170 0.000000
-0.261456 0.024890 0.135296 3.000000
0.172061 -0.017891 -0.064905 0.000000
-0.019670 -0.044601 -0.052049 0.000000
-0.073808 -0.036002 0.424988 1.000000
0.704279 -0.061996 0.037704 0.000000
-0.262368 0.062524 0.019701 0.000000
-0.414207 0.042393 0.118270 3.000000
-0.091159 -0.024905 -0.502418 1.000000
-0.114330 -0.016132 -0.031766 0.000000
0.108412 -0.083647 -0.023775 0.000000
-0.040257 -0.011484 0.062351 0.000000
-0.041212 -0.039672 -0.346128 1.000000
0.213995 -0.059694 -0.058412 0.000000
-0.302087 0.054902 -0.099173 3.000000
-0.660511 0.182570 -0.002645 2.000000
-0.681858 0.199313 0.209022 2.000000
-0.040930 -0.026273 -0.515426 1.000000
0.043980 0.007713 -0.065144 0.000000
0.079681 -0.030985 0.271694 1.000000
-0.032808 -0.049466 0.273801 1.000000
0.101680 -0.000062 -0.005164 0.000000
-0.437487 0.042762 0.007171 2.000000
-0.264019 -0.010746 0.070842 3.000000
-0.288297 -0.019194 -0.061886 0.000000
-0.327560 0.008125 -0.074764 0.000000
-0.633735 0.205741 0.111907 2.000000
0.004544 -0.029378 0.360339 1.000000
-0.241000 0.023066 -0.077479 3.000000
0.131344 -0.062539 0.060723 0.000000
0.299687 -0.027055 0.059593 0.000000
-0.122951 -0.024796 -0.023970 0.000000
-0.424370 0.040808 -0.010832 2.000000
-0.398528 0.014879 0.125241 3.000000
0.789406 0.040026 0.041808 0.000000
0.224050 -0.051225 0.045500 0.000000
0.061396 -0.071052 0.006954 0.000000
0.891667 -0.039867 0.053252 0.000000
0.020939 -0.096416 0.066152 3.000000
0.010038 -0.044688 0.210563 1.000000
0.057140 -0.101085 0.061743 3.000000
0.557869 -0.035242 0.057161 0.000000
0.355063 0.054532 0.026303 0.000000
-0.665701 0.234515 0.000895 2.000000
0.976229 -0.062365 -0.007531 0.000000
0.508595 -0.073158 -0.018215 0.000000
0.289676 -0.007163 -0.027922 0.000000
-0.267949 0.043957 -0.099281 3.000000
0.199923 -0.057088 0.068280 1.000000
-0.275159 0.052578 0.036031 0.000000
-0.025294 -0.027619 -0.408475 1.000000
0.275712 0.021958 0.057183 0.000000
0.015054 -0.045209 -0.329472 1.000000
-0.259893 -0.063646 0.022437 0.000000
0.290088 0.045542 0.040005 0.000000
-0.032721 -0.078696 -0.020517 0.000000
0.161334 -0.057675 -0.040800 0.000000
0.606839 0.050776 0.030016 0.000000
-0.064600 0.000438 -0.041473 0.000000
0.032818 -0.046360 -0.126665 1.000000
-0.321784 0.053143 -0.121367 3.000000
0.069496 -0.035524 0.323856 1.000000
0.134601 -0.060237 -0.125580 1.000000
0.185981 -0.060063 0.059789 0.000000
0.537152 -0.064732 -0.035892 0.000000
-0.664941 0.208890 -0.010072 2.000000
-0.529802 0.050015 -0.006315 0.000000
-0.646461 0.203070 0.168326 2.000000
-0.358484 -0.007076 0.134839 3.000000
-0.042276 -0.020279 -0.491886 1.000000
-0.260327 0.041959 0.135361 3.000000
-0.083776 -0.017326 -0.604527 1.000000
0.052297 -0.065492 -0.027010 0.000000
-0.396487 -0.000083 0.132407 3.000000
0.861069 -0.060584 0.040375 0.000000
0.051060 -0.088034 -0.088793 1.000000
-0.604787 0.203287 0.076532 2.000000
0.620064 -0.019932 0.061960 0.000000
0.647513 0.013880 0.059202 0.000000
0.123048 -0.036523 -0.088228 1.000000
-0.465001 0.047822 0.006063 2.000000
-0.036326 -0.070813 0.004022 0.000000
-0.305670 -0.006511 0.059724 0.000000
0.032579 -0.050030 0.271477 1.000000
0.122484 -0.083777 0.003805 0.000000
-0.469605 0.037312 0.005737 2.000000
0.157642 0.022241 -0.060605 0.000000
-0.251510 0.048213 0.042047 0.000000
0.047107 -0.032115 0.056770 0.000000
0.076142 -0.059347 0.147543 1.000000
-0.312250 0.053555 0.032709 0.000000
0.844261 0.054076 0.009864 0.000000
0.508965 0.061047 -0.004056 0.000000
-0.667351 0.205611 -0.079368 2.000000
0.147870 -0.072203 -0.007727 0.000000
-0.031353 -0.051029 -0.255507 1.000000
-0.224887 -0.046208 -0.049682 0.000000
-0.369190 -0.048315 -0.022580 0.000000
-0.002167 -0.048119 0.295278 1.000000
-0.664398 0.204460 -0.114504 2.000000
-0.068900 -0.041214 -0.370949 1.000000
0.595199 0.029363 -0.055024 0.000000
-0.592322 0.204091 -0.085318 2.000000
-0.480506 0.041720 0.027367 0.000000
-0.513515 -0.014829 -0.018954 0.000000
0.709643 0.015878 -0.061365 0.000000
-0.258872 0.033815 0.053621 0.000000
0.092320 -0.044558 -0.275290 1.000000
0.062482 -0.009769 -0.061452 0.000000
0.063025 -0.033135 -0.338766 1.000000
0.086956 -0.060758 0.061179 0.000000
-0.623528 0.200855 0.138814 2.000000
0.450635 -0.017521 -0.065252 0.000000
0.055555 -0.057522 -0.039931 0.000000
-0.438073 -0.024362 -0.032070 0.000000
-0.292728 0.034749 0.068345 3.000000
0.108998 -0.033331 -0.174202 1.000000
-0.278873 0.024521 0.034685 0.000000
0.279773 0.060656 -0.016131 0.000000
0.900288 0.009928 0.044566 0.000000
-0.339591 0.045933 -0.132507 3.000000
-0.365455 0.012664 -0.056414 0.000000
0.891211 0.022436 0.039028 0.000000
0.888366 0.030970 -0.033373 0.000000
-0.392991 -0.046360 0.009559 0.000000
-0.012438 -0.069510 -0.015219 0.000000
0.916923 0.009732 -0.036218 0.000000
-0.252987 0.000981 -0.078152 3.000000
-0.452536 -0.027163 -0.023731 0.000000
0.165091 -0.033700 0.115469 1.000000
0.144221 0.062698 -0.011027 0.000000
-0.035935 0.044521 -0.047597 0.000000
0.052580 -0.057197 0.062112 0.000000
0.822849 -0.077110 0.007323 0.000000
-0.005533 0.056834 0.027584 0.000000
-0.342892 -0.014264 0.130779 3.000000
-0.607306 0.135294 -0.004274 2.000000
0.733748 0.024912 0.054295 0.000000
0.002112 -0.048011 0.188326 1.000000
-0.091311 -0.034764 0.440341 1.000000
0.219554 -0.024710 0.056727 0.000000
-0.068509 -0.024101 0.538845 1.000000
-0.088054 -0.031811 -0.046663 0.000000
0.070213 -0.047533 0.286830 1.000000
-0.396400 -0.004861 -0.051680 0.000000
0.019767 -0.052788 -0.069617 1.000000
-0.327104 -0.003449 -0.072419 3.000000
0.113341 -0.058044 0.159292 1.000000
-0.075393 -0.039672 0.384922 1.000000
0.304899 -0.001517 -0.066056 0.000000
0.031037 -0.040215 -0.224084 1.000000
-0.437248 -0.033179 -0.018650 0.000000
-0.047423 -0.019823 -0.500638 1.000000
0.157577 -0.061236 0.095468 1.000000
-0.027335 -0.035133 -0.354576 1.000000
-0.051636 -0.041713 -0.342805 1.000000
-0.175960 0.065499 0.006650 0.000000
-0.081018 -0.025730 -0.049747 0.000000
-0.421830 0.059614 -0.006272 0.000000
-0.287646 0.063219 -0.019410 0.000000
0.145568 -0.033092 -0.111052 1.000000
-0.272010 0.013945 0.006346 0.000000
0.038877 -0.054222 0.214516 1.000000
-0.606720 0.125370 -0.003948 2.000000
0.427573 -0.034134 -0.060345 0.000000
0.239512 -0.073810 -0.000169 0.000000
0.248111 -0.063104 0.031884 0.000000
0.169347 -0.064081 -0.064536 1.000000
-0.089226 -0.023124 -0.550237 1.000000
-0.400483 0.015422 -0.035284 0.000000
-0.471690 0.034271 0.033903 0.000000
0.071407 -0.016653 -0.064861 0.000000
-0.208165 0.038615 -0.052983 0.000000
-0.266364 0.050254 0.085001 3.000000
-0.360004 0.018614 0.020830 0.000000
0.212128 -0.007337 -0.066295 0.000000
-0.320937 0.004781 -0.018411 0.000000
0.770839 -0.004535 0.062807 0.000000
-0.558141 0.055184 -0.004274 0.000000
0.180335 -0.042734 -0.054590 1.000000
-0.408995 0.032990 -0.083385 3.000000
0.251694 -0.028228 -0.062147 0.000000
-0.340242 -0.014351 0.079246 3.000000
0.112386 -0.002233 0.063176 0.000000
-0.437552 0.012490 -0.011939 0.000000
-0.371123 0.017745 -0.019714 0.000000
0.740002 0.001241 -0.065274 0.000000
-0.020082 -0.080216 0.015857 0.000000
-0.265496 0.015291 0.097640 3.000000
-0.524004 0.125848 -0.007292 2.000000
-0.419984 0.013880 0.065630 0.000000
0.540800 0.008038 0.061439 0.000000
-0.412036 0.043131 0.096815 3.000000
0.030060 -0.108447 0.077943 1.000000
0.723888 -0.067794 -0.033677 0.000000
-0.267428 -0.013547 0.097987 3.000000
0.892557 -0.048836 -0.052418 0.000000
0.016379 -0.104473 0.090387 1.000000
-0.666526 0.195426 -0.010050 2.000000
-0.042081 0.065238 -0.005359 0.000000
0.220640 -0.075721 -0.033742 0.000000
0.112842 -0.035893 0.117923 1.000000
0.410352 0.047952 0.035901 0.000000
-0.248579 -0.018303 0.115034 3.000000
-0.251662 0.012794 0.137749 3.000000
-0.671695 0.204026 0.100441 2.000000
0.119400 -0.046013 0.048692 0.000000
0.842740 -0.062018 0.038637 0.000000
0.679066 0.059028 -0.007596 0.000000
-0.656841 0.201311 -0.204387 2.000000
0.073492 0.042936 0.045022 0.000000
-0.213572 -0.043711 -0.051571 0.000000
0.057097 -0.054091 -0.220435 1.000000
-0.257656 -0.066622 -0.019236 0.000000
0.316343 -0.066752 0.025738 0.000000
0.855575 -0.036762 0.056227 0.000000
-0.435945 0.009341 0.052948 0.000000
-0.562159 0.221355 0.003957 2.000000
0.409461 -0.055438 0.042763 0.000000
-0.210293 -0.000605 0.063307 0.000000
0.916423 -0.122736 0.008539 0.000000
0.803022 0.046780 -0.036631 0.000000
0.057944 0.009776 -0.064883 0.000000
0.667275 -0.077393 -0.002254 0.000000
-0.267428 -0.012549 0.090300 3.000000
-0.285322 0.024543 0.012687 0.000000
-0.077196 -0.020801 -0.513515 1.000000
-0.021146 0.000915 0.021525 0.000000
0.069866 -0.030899 0.316017 1.000000
-0.074025 -0.014156 0.577521 1.000000
0.026238 -0.041018 -0.066186 0.000000
-0.640966 0.239727 0.001655 2.000000
-0.272336 0.016812 -0.014437 0.000000
-0.239740 -0.051551 0.041135 0.000000
-0.008747 -0.024167 0.478648 1.000000
0.095838 -0.062430 -0.111182 1.000000
-0.058064 -0.066361 0.020092 0.000000
-0.669501 0.203005 0.120681 2.000000
-0.501506 0.130930 -0.007574 2.000000
0.078617 -0.064580 0.059615 0.000000
-0.065860 -0.020779 0.502340 1.000000
0.333542 -0.072680 0.010016 0.000000
-0.023644 -0.032115 0.363575 1.000000
-0.187491 -0.056654 -0.038607 0.000000
-0.078151 -0.037153 -0.406846 1.000000
0.051125 -0.039303 0.191909 1.000000
-0.541572 0.182527 0.004065 2.000000
0.015619 -0.049053 0.283681 1.000000
-0.445695 -0.004448 0.039940 0.000000
-0.051136 -0.043168 0.328829 1.000000
0.140638 -0.032440 -0.144277 1.000000
-0.351057 0.005324 -0.071246 3.000000
-0.022862 -0.051811 0.060571 0.000000
-0.295898 0.003782 0.063415 0.000000
-0.041125 -0.017022 -0.532148 1.000000
0.014468 -0.016001 -0.064992 0.000000
0.753379 -0.077436 0.002654 0.000000
0.033361 -0.050030 0.069583 1.000000
-0.332099 -0.042908 0.041156 0.000000
0.148608 -0.034004 -0.157654 1.000000
0.198881 -0.050182 -0.049269 0.000000
0.796007 0.044065 0.036857 0.000000
-0.569955 0.230932 -0.006489 2.000000
0.017595 0.000611 0.023089 0.000000
-0.030441 -0.050356 -0.265062 1.000000
0.431525 -0.075395 -0.002862 0.000000
-0.617404 0.096466 -0.001364 2.000000
-0.379787 0.045412 0.086326 3.000000
-0.665723 0.207435 -0.026533 2.000000
-0.407888 -0.008661 0.115034 3.000000
-0.411319 -0.012136 0.106869 3.000000
0.954035 -0.001300 -0.021864 0.000000
-0.507673 0.049364 0.012317 0.000000
-0.003296 0.000785 -0.026554 0.000000
0.596632 -0.076633 0.000156 0.000000
-0.393056 -0.012657 -0.049682 0.000000
0.125589 -0.035502 0.063024 0.000000
0.032796 -0.045101 0.141550 1.000000
-0.359483 0.018657 -0.069769 0.000000
0.081788 0.030319 -0.057326 0.000000
-0.267428 -0.012179 -0.127273 3.000000
0.552462 -0.028380 0.059876 0.000000
0.883697 -0.062561 -0.041039 0.000000
-0.651976 0.201007 0.211975 2.000000
-0.294725 0.065065 0.006932 0.000000
0.903372 -0.121563 0.008930 0.000000
0.923611 -0.039476 -0.053656 0.000000
0.094079 0.044152 -0.046772 0.000000
-0.026771 -0.018738 0.504838 1.000000
0.999118 -0.041952 -0.001885 0.000000
0.067281 -0.031137 -0.281371 1.000000
0.012948 -0.040736 0.372804 1.000000
-0.074220 0.014358 -0.064427 0.000000
-0.297592 -0.036697 -0.052614 0.000000
-0.267515 -0.003189 0.101114 3.000000
0.595785 -0.003884 -0.066056 0.000000
-0.454838 0.083545 -0.008595 2.000000
-0.666483 0.206653 0.048952 2.000000
0.479756 -0.067599 0.026759 0.000000
0.184136 -0.039194 0.103677 1.000000
0.552896 0.037442 -0.049378 0.000000
0.086652 -0.065340 0.073861 1.000000
-0.622269 0.003044 -0.008161 0.000000
-0.321219 0.058420 0.023957 0.000000
-0.315312 -0.012158 -0.139652 3.000000
-0.644463 0.175013 -0.003427 2.000000
0.025283 -0.032288 0.407810 1.000000
-0.167621 0.053533 -0.037912 0.000000
0.011775 -0.025730 -0.440028 1.000000
0.011145 -0.039194 -0.271338 1.000000
0.041743 -0.122302 -0.092311 1.000000
0.288981 0.054576 0.027388 0.000000
-0.335161 0.010905 -0.074764 0.000000
-0.610368 0.202115 0.105154 2.000000
0.056423 -0.040258 -0.166580 1.000000
0.374911 0.061677 0.003284 0.000000
-0.022319 -0.054830 -0.203953 1.000000
-0.095090 -0.052854 -0.020626 0.000000
0.272086 -0.042408 0.052210 0.000000
0.603972 -0.059933 0.039224 0.000000
-0.307885 0.062198 0.016921 0.000000
0.030169 -0.056784 0.178250 1.000000
-0.278808 0.058767 -0.029660 0.000000
0.560410 0.032729 0.049604 0.000000
0.045587 -0.062821 0.097401 1.000000
0.618109 0.025346 -0.057825 0.000000
0.289198 -0.003601 -0.066338 0.000000
0.074969 -0.035003 -0.217525 1.000000
-0.374836 0.006909 -0.042060 0.000000
0.102765 -0.032354 0.218251 1.000000
0.135904 -0.064472 -0.079998 1.000000
-0.332294 0.005237 0.026324 0.000000
0.526576 0.055618 0.021026 0.000000
-0.389125 0.016312 0.021742 0.000000
0.204180 0.011361 -0.064536 0.000000
-0.297071 -0.013135 -0.076718 3.000000
0.404641 -0.013461 0.062547 0.000000
0.908801 -0.098045 0.003609 0.000000
0.547098 -0.074374 0.010189 0.000000
0.141442 -0.063125 0.090235 1.000000
-0.031766 -0.029248 -0.487999 1.000000
0.107109 -0.070682 0.010928 0.000000
-0.270295 -0.067251 0.008886 0.000000
0.874098 0.043588 0.012404 0.000000
0.029778 -0.063473 -0.090899 1.000000
-0.012721 -0.081106 0.014598 0.000000
-0.358440 0.033837 0.072102 3.000000
-0.074676 -0.064711 0.023067 0.000000
-0.032960 0.008646 -0.065122 0.000000
-0.087619 -0.014894 0.579432 1.000000
0.003262 -0.059976 -0.135113 1.000000
-0.646982 0.147369 -0.001081 2.000000
0.103678 -0.000083 0.027519 0.000000
-0.065360 -0.025383 -0.529954 1.000000
-0.179913 -0.005469 0.062959 0.000000
0.062504 -0.036328 0.218446 1.000000
0.176578 -0.056610 -0.106839 1.000000
0.254952 -0.061757 0.002371 0.000000
-0.282239 0.038832 -0.052027 0.000000
0.085393 -0.007076 -0.066186 0.000000
-0.424435 -0.032788 0.023067 0.000000
-0.246407 -0.061822 -0.029747 0.000000
-0.325128 0.043045 0.134123 3.000000
0.046803 -0.031984 -0.293532 1.000000
0.991148 -0.045557 -0.015566 0.000000
0.478149 0.057725 -0.020496 0.000000
0.104503 -0.032875 -0.199175 1.000000
-0.348516 0.049820 0.008930 2.000000
-0.362805 -0.013591 0.127565 3.000000
0.274214 -0.045666 -0.053005 0.000000
-0.264518 -0.009313 0.128889 3.000000
-0.347604 0.044065 -0.134071 3.000000
-0.656645 0.201116 -0.153962 2.000000
-0.507347 0.003760 -0.034329 0.000000
0.000591 -0.054569 -0.096133 1.000000
-0.043362 0.043848 0.045044 0.000000
0.188349 -0.004883 0.063415 0.000000
-0.051592 -0.043255 0.347157 1.000000
0.032145 -0.112464 0.090778 1.000000
-0.072136 0.002892 0.062720 0.000000
-0.019496 -0.062170 0.029755 0.000000
0.062895 0.000242 0.007540 0.000000
0.324204 0.054055 0.027844 0.000000
-0.381438 0.026323 0.137967 3.000000
0.214538 -0.073267 -0.004903 0.000000
-0.097522 -0.014872 -0.042429 0.000000
-0.113831 -0.020366 -0.575993 1.000000
0.907867 0.016855 -0.037695 0.000000
0.903806 -0.021257 0.055923 0.000000
0.237101 -0.033830 0.052536 0.000000
-0.097804 -0.068728 -0.015740 0.000000
0.245505 -0.058739 0.042329 0.000000
0.174841 -0.061866 -0.079780 1.000000
0.062439 -0.049770 -0.277136 1.000000
-0.335421 0.045759 -0.043797 0.000000
0.482905 0.008429 0.061461 0.000000
-0.164907 0.062307 0.018615 0.000000
-0.543266 0.225807 -0.003644 2.000000
0.204484 -0.069814 -0.020409 0.000000
-0.056044 -0.042604 0.337993 1.000000
-0.402850 -0.038847 -0.025056 0.000000
0.118336 -0.075417 -0.055002 0.000000
0.229218 -0.064624 -0.049487 0.000000
-0.005533 -0.056328 0.084979 1.000000
0.291782 -0.026903 0.023545 0.000000
-0.476337 0.083263 0.005129 2.000000
-0.385889 0.049798 0.107629 3.000000
0.017921 -0.037044 -0.400483 1.000000
0.027736 -0.057761 0.164352 1.000000
0.528075 -0.015328 -0.065600 0.000000
0.486814 -0.069010 -0.026989 0.000000
0.074665 -0.042842 -0.082104 1.000000
-0.069356 0.049038 -0.042429 0.000000
0.727472 -0.018325 -0.065426 0.000000
0.679175 -0.019845 -0.065187 0.000000
0.022242 -0.015046 0.061960 0.000000
0.136881 -0.055503 0.164808 1.000000
-0.010115 -0.040236 -0.298830 1.000000
0.138358 -0.083886 -0.011918 0.000000
-0.608696 0.154361 -0.004817 2.000000
-0.032982 0.056878 -0.031115 0.000000
-0.001472 -0.042625 0.265809 1.000000
0.008453 -0.045600 -0.205473 1.000000
0.196905 -0.063603 0.057096 0.000000
0.026542 -0.060802 0.122288 1.000000
-0.624202 0.001806 0.003262 0.000000
0.184244 0.008103 -0.064970 0.000000
0.283834 -0.073962 0.000982 0.000000
0.410830 -0.041778 0.053491 0.000000
-0.291772 -0.015415 0.075077 3.000000
0.078661 -0.038521 0.145220 1.000000
-0.558163 -0.009986 -0.006576 0.000000
0.726559 0.022957 -0.058499 0.000000
0.152995 -0.032288 -0.125797 1.000000
0.059616 0.030775 0.053969 0.000000
0.681021 0.004325 -0.064927 0.000000
-0.015109 -0.056893 0.111538 1.000000
-0.077608 -0.016761 0.603168 1.000000
-0.026423 -0.078001 0.038529 0.000000
-0.047683 -0.038347 -0.060106 0.000000
0.403142 0.059657 0.012969 0.000000
0.590421 0.060635 -0.000365 0.000000
-0.654409 0.206827 -0.061778 2.000000
-0.645483 0.206349 0.081244 2.000000
-0.100779 -0.014546 0.617674 1.000000
0.107977 -0.033439 0.170801 1.000000
-0.115655 -0.024340 0.534763 1.000000
0.912623 -0.092746 -0.015609 0.000000
-0.407432 0.003608 0.129280 3.000000
-0.010875 -0.036480 0.416475 1.000000
-0.590433 0.210997 0.022893 2.000000
0.077249 -0.063516 0.094035 1.000000
0.031537 -0.039737 0.368635 1.000000
-0.095068 -0.023841 0.511809 1.000000
-0.296702 0.048322 -0.131942 3.000000
-0.059627 -0.069162 0.011970 0.000000
0.019919 -0.057848 0.162658 1.000000
-0.083341 -0.053787 0.037269 0.000000
0.098639 -0.032223 -0.237396 1.000000
-0.534970 -0.012679 0.009907 0.000000
-0.423589 0.040460 0.035141 0.000000
0.013838 -0.082887 0.004760 0.000000
0.175145 -0.083473 -0.001081 0.000000
-0.015370 -0.040475 -0.377985 1.000000
