0.161206 -0.133319 0.121163 1.000000
0.561697 -0.003397 -0.097970 0.000000
0.022774 -0.058114 -0.617764 3.000000
-0.113204 -0.023566 -0.594581 1.000000
0.257247 -0.104320 0.351208 3.000000
0.645306 0.068553 0.059110 0.000000
-0.764174 0.228461 0.004714 2.000000
-0.843701 0.085174 -0.018709 0.000000
0.668809 0.111291 0.031259 0.000000
-0.791465 0.300172 -0.001048 2.000000
0.641517 -0.095436 0.006902 0.000000
0.456719 -0.076842 0.049720 0.000000
0.341870 -0.103813 -0.003903 0.000000
0.296331 -0.060542 0.310257 3.000000
-0.770923 0.073942 -0.240404 2.000000
0.740493 0.039474 -0.079562 0.000000
0.053694 -0.025940 0.453171 1.000000
-0.687448 0.007221 -0.016282 0.000000
0.795476 0.063378 0.042944 0.000000
0.294330 -0.075481 -0.119632 1.000000
0.025736 -0.100799 -0.598289 3.000000
-0.525886 0.074396 0.047532 0.000000
-0.390868 0.008848 -0.087112 0.000000
-0.646764 0.061964 0.025816 2.000000
-0.185554 0.000925 0.738626 1.000000
0.091390 -0.017670 -0.359227 1.000000
-0.034824 -0.021645 0.426493 1.000000
0.055401 -0.084392 0.607530 3.000000
0.041316 -0.017350 -0.405967 1.000000
0.061991 -0.052565 0.571488 3.000000
0.073863 -0.104267 -0.573959 3.000000
0.332773 -0.112484 -0.301443 3.000000
-0.047789 -0.027434 -0.452387 1.000000
-0.781754 0.236038 -0.019563 2.000000
-0.131104 -0.091968 -0.037864 0.000000
0.061511 -0.074734 -0.595915 3.000000
-0.077935 -0.085165 0.036781 0.000000
-0.795467 0.075916 0.239347 2.000000
-0.728585 0.153576 -0.019563 2.000000
0.474406 -0.098158 -0.061634 0.000000
0.106917 -0.034024 -0.337191 3.000000
0.269679 -0.069345 0.317540 1.000000
0.073382 -0.048750 0.256528 1.000000
-0.553497 -0.021538 0.021388 0.000000
0.049506 -0.133986 0.035821 0.000000
-0.794133 0.177666 -0.019563 2.000000
0.121883 -0.031889 0.211922 1.000000
-0.060755 -0.027274 -0.522710 1.000000
-0.136493 -0.096690 -0.024365 0.000000
0.220912 0.090029 -0.053071 0.000000
-0.688541 0.066926 -0.088846 2.000000
-0.700813 0.165421 0.004714 2.000000
0.351207 0.085841 -0.062408 0.000000
0.162540 -0.052458 0.237400 1.000000
0.603955 -0.068652 -0.073266 0.000000
-0.258865 0.013597 0.082480 0.000000
-0.362323 0.078131 -0.065609 0.000000
0.022641 -0.014842 -0.440008 1.000000
-0.039812 -0.034851 0.354970 1.000000
0.139277 -0.082151 -0.092047 0.000000
0.502952 0.124177 -0.004090 0.000000
-0.000596 0.065112 -0.076494 0.000000
0.822901 -0.031062 0.056229 0.000000
0.130714 -0.062569 -0.155274 1.000000
0.939084 0.041022 -0.026313 0.000000
-0.158930 -0.003424 0.640851 1.000000
0.212535 -0.078469 0.322342 1.000000
-0.650765 -0.001263 0.003700 0.000000
-0.789731 0.069914 0.183403 2.000000
0.489079 -0.101599 -0.034876 0.000000
0.337175 -0.020151 0.079412 1.000000
-0.051097 -0.016550 -0.565955 1.000000
0.260822 -0.045602 -0.249901 1.000000
0.094832 -0.064223 -0.550615 3.000000
-0.183607 0.037207 0.076798 0.000000
0.332853 -0.121848 -0.326307 3.000000
0.010929 -0.048883 -0.585777 1.000000
-0.598210 0.061857 0.034033 2.000000
-0.781167 0.217363 -0.019563 2.000000
0.314045 0.050812 0.070849 0.000000
-0.018630 -0.015429 0.567967 1.000000
0.204745 -0.040853 0.296305 1.000000
-0.614136 0.047851 0.026110 2.000000
0.697915 0.034299 -0.087432 0.000000
-0.027167 0.040035 -0.090553 0.000000
0.551692 -0.095837 -0.001715 0.000000
0.224433 -0.018897 0.238894 1.000000
-0.244886 0.007407 -0.097489 0.000000
-0.813475 0.061377 0.062712 2.000000
-0.092368 -0.015002 0.515598 1.000000
0.187991 -0.037865 -0.094021 1.000000
-0.636839 0.033872 -0.054084 0.000000
-0.627209 0.018745 0.035314 0.000000
0.050706 -0.050377 0.162995 1.000000
0.495055 -0.098638 0.000526 0.000000
-0.416746 0.064525 0.061511 0.000000
0.213175 -0.056593 0.327251 1.000000
0.031898 -0.089807 0.068901 0.000000
0.353368 -0.055900 0.146854 1.000000
-0.027754 -0.033703 0.379727 1.000000
-0.687154 0.201703 0.003433 2.000000
0.337041 -0.077375 0.293877 3.000000
-0.118326 0.098646 -0.022124 0.000000
0.223846 -0.070546 0.117775 1.000000
-0.048936 0.050092 0.071249 0.000000
0.036914 0.035686 -0.092101 0.000000
0.831518 0.047691 0.041103 0.000000
0.020320 -0.081804 0.598566 3.000000
0.034779 0.063751 0.062659 0.000000
-0.720875 0.133167 -0.018763 2.000000
0.215309 0.058496 0.066180 0.000000
0.058176 -0.014362 0.405364 1.000000
-0.799335 0.060283 -0.032795 0.000000
0.005994 -0.046162 -0.411970 1.000000
0.145360 -0.075108 -0.175709 1.000000
0.038194 -0.103600 0.018400 0.000000
0.051186 -0.069479 0.239294 1.000000
-0.017136 0.072822 -0.070785 0.000000
-0.722663 0.065832 0.163581 2.000000
0.279577 -0.109682 -0.305711 3.000000
0.024909 -0.030342 0.321835 1.000000
0.008261 -0.006492 -0.574866 1.000000
0.194074 -0.036051 -0.105173 1.000000
-0.803337 0.247669 -0.013480 2.000000
0.690605 -0.074227 0.046785 0.000000
-0.773538 0.144666 -0.001209 2.000000
-0.095463 -0.005638 0.667609 1.000000
0.135836 0.055935 0.067754 0.000000
-0.762093 0.069274 -0.122273 2.000000
0.175292 0.037714 0.076638 0.000000
-0.811927 0.084613 0.252179 2.000000
0.427720 0.117027 -0.030448 0.000000
-0.082497 -0.020364 0.498977 1.000000
0.087949 -0.101492 0.553027 3.000000
0.121830 0.092243 0.029791 0.000000
-0.697799 0.090403 -0.030261 0.000000
-0.754623 0.248043 -0.016122 2.000000
-0.397778 -0.005051 -0.083190 0.000000
0.039501 -0.102746 -0.047095 0.000000
0.471712 -0.030636 -0.093621 0.000000
-0.054379 -0.010947 0.608757 1.000000
0.187137 0.004073 0.083094 0.000000
0.010102 -0.077909 0.159767 1.000000
0.031071 -0.035998 0.279711 1.000000
-0.540585 0.094618 0.019120 0.000000
0.686123 -0.009346 -0.093408 0.000000
0.129780 0.004579 0.083067 0.000000
-0.412237 0.051266 -0.084097 0.000000
-0.166079 -0.088260 -0.043386 0.000000
-0.611042 0.151015 0.005461 2.000000
-0.568090 0.058389 -0.023938 2.000000
-0.248168 -0.047363 0.065406 0.000000
-0.828334 0.080905 -0.024578 0.000000
0.129380 -0.043548 0.554174 3.000000
0.924571 0.029683 -0.040479 0.000000
-0.538664 0.049238 -0.034476 2.000000
0.049799 -0.009106 0.477528 1.000000
-0.628569 0.048785 -0.047281 2.000000
0.210107 -0.073827 0.100915 1.000000
0.157338 -0.043361 0.289768 1.000000
-0.272471 0.013036 -0.851837 1.000000
0.643491 0.011996 0.080453 0.000000
0.387596 0.109157 0.029284 0.000000
0.664807 0.088295 -0.063315 0.000000
0.212988 -0.052325 0.217124 1.000000
0.175746 -0.048323 0.329332 1.000000
0.455625 -0.024553 -0.096796 0.000000
0.008208 -0.015429 0.558523 1.000000
0.340723 -0.084952 -0.360455 3.000000
0.650268 0.113986 0.028697 0.000000
-0.699746 0.261969 -0.000061 2.000000
-0.278794 0.058602 -0.080976 0.000000
-0.198146 -0.017030 -0.095729 0.000000
0.155364 -0.014602 -0.392361 1.000000
0.079358 -0.012468 0.408566 1.000000
-0.697265 0.063004 -0.053284 2.000000
-0.693397 0.072929 0.142773 2.000000
0.295850 -0.080257 0.074237 0.000000
-0.724610 0.187057 -0.017589 2.000000
-0.068705 -0.025700 0.430922 1.000000
-0.033009 -0.034717 -0.376275 1.000000
0.107103 -0.028288 0.254527 1.000000
-0.232774 -0.086152 0.022161 0.000000
-0.667733 0.218457 0.002553 2.000000
0.084561 -0.051178 -0.183526 1.000000
0.196742 -0.034370 0.337629 1.000000
0.474273 -0.102586 0.022908 0.000000
0.260209 -0.059074 0.160620 1.000000
0.696367 0.053534 0.065486 0.000000
0.238092 -0.098718 0.053135 0.000000
0.774320 0.116040 0.013144 0.000000
0.036220 -0.033383 0.575463 3.000000
0.123350 -0.151674 -0.158822 1.000000
0.147067 -0.017537 0.304922 1.000000
0.337655 0.038567 0.076371 0.000000
-0.819264 0.318740 -0.002356 2.000000
0.277763 -0.066384 0.334507 3.000000
-0.186915 0.003859 -0.783488 1.000000
-0.009053 -0.053285 -0.253156 1.000000
-0.699773 0.155257 0.004714 2.000000
0.069434 -0.015856 0.505727 1.000000
0.634688 -0.040987 -0.088472 0.000000
0.023468 -0.137081 -0.037090 0.000000
0.079598 -0.057260 0.184657 1.000000
0.120523 -0.138681 0.136423 1.000000
0.547451 -0.093596 -0.033516 0.000000
0.617667 0.011596 -0.096636 0.000000
0.085788 -0.069745 -0.180832 1.000000
0.500444 -0.086126 -0.049869 0.000000
-0.838258 0.080318 -0.240377 2.000000
-0.007825 -0.017990 -0.443290 1.000000
0.218164 -0.019324 0.229423 1.000000
0.188711 -0.101359 -0.059260 0.000000
0.203438 0.028723 -0.094235 0.000000
0.037741 -0.093782 -0.574972 3.000000
0.483210 0.102781 0.038835 0.000000
0.115534 -0.040533 -0.328895 1.000000
0.005994 0.079225 -0.065262 0.000000
0.271333 -0.022339 -0.274658 1.000000
-0.019537 -0.024660 -0.085164 0.000000
-0.833483 0.200876 -0.008412 2.000000
0.002712 -0.011507 0.470112 1.000000
0.060684 -0.086793 -0.584523 3.000000
0.172251 -0.015776 0.361292 1.000000
0.219204 -0.100959 -0.322759 3.000000
-0.049897 -0.068065 -0.075774 0.000000
0.717630 -0.072120 0.046412 0.000000
0.158138 -0.049097 -0.260892 1.000000
-0.825240 0.205011 -0.004597 2.000000
-0.620219 0.065485 0.093392 2.000000
0.056522 -0.059074 -0.234401 1.000000
-0.707296 0.190605 0.003327 2.000000
-0.084738 -0.030609 0.078799 0.000000
0.006367 -0.055446 -0.571718 3.000000
0.286780 -0.116619 0.345232 3.000000
-0.202602 0.006954 0.749591 1.000000
0.278643 -0.020605 0.082774 0.000000
0.023735 0.064258 0.062285 0.000000
0.636128 -0.055820 0.065753 0.000000
0.066686 -0.009773 0.480756 1.000000
-0.370913 0.055348 -0.082096 0.000000
0.845444 0.057642 -0.045041 0.000000
-0.275939 0.100380 -0.006224 0.000000
-0.433553 -0.050164 -0.018469 0.000000
0.036247 -0.039679 0.248818 1.000000
-0.261960 0.005246 -0.782261 1.000000
-0.001823 -0.031889 0.336802 1.000000
0.097900 -0.056113 -0.208497 1.000000
0.110065 -0.048723 0.257435 1.000000
0.729688 0.053667 -0.075400 0.000000
-0.722342 0.055588 -0.085431 2.000000
0.125164 -0.103466 0.026003 0.000000
0.492014 0.062497 -0.078628 0.000000
0.275975 -0.071400 -0.337245 3.000000
0.122763 -0.053552 -0.564034 3.000000
0.200210 -0.036558 0.324397 1.000000
0.259915 -0.040613 -0.341326 3.000000
-0.498274 0.097259 0.012210 0.000000
0.079358 -0.065957 -0.133398 1.000000
0.349527 -0.087860 -0.334444 3.000000
-0.661997 0.080532 -0.042079 0.000000
0.197729 -0.099812 0.329785 3.000000
0.004046 -0.078443 -0.611228 3.000000
0.142612 -0.017110 -0.324146 1.000000
-0.267883 -0.002650 -0.097116 0.000000
-0.634785 0.057749 0.100755 2.000000
0.104622 -0.038212 0.185858 1.000000
0.102888 -0.069239 0.543957 3.000000
0.334107 0.116760 -0.004997 0.000000
-0.238563 0.007354 -0.781300 1.000000
0.448369 0.122790 -0.002756 0.000000
0.105796 -0.083271 -0.614162 3.000000
-0.153034 0.007007 -0.753688 1.000000
0.292969 -0.055766 0.322022 1.000000
0.874496 0.020186 -0.060060 0.000000
0.002366 -0.017110 -0.442063 1.000000
0.389544 -0.050911 0.140798 1.000000
0.124498 -0.037065 0.343151 1.000000
0.088242 -0.072280 0.087309 0.000000
-0.650472 0.227448 0.000045 2.000000
0.099394 -0.059074 0.559963 3.000000
-0.032182 -0.012815 -0.583990 1.000000
0.147094 -0.095943 0.134769 1.000000
0.349313 -0.060622 0.336508 3.000000
0.679027 -0.077269 -0.058513 0.000000
0.132474 -0.022605 0.270480 1.000000
-0.776552 0.062818 0.061058 2.000000
-0.743898 0.074716 0.023815 0.000000
0.029924 -0.008706 -0.496432 1.000000
-0.102346 -0.015883 0.516478 1.000000
0.779629 0.042489 0.057616 0.000000
-0.162078 0.003272 -0.780020 1.000000
0.388610 0.055801 -0.082683 0.000000
-0.761693 0.079251 0.250258 2.000000
0.384741 0.091363 0.045691 0.000000
0.086721 0.033525 0.077918 0.000000
0.048065 -0.071506 -0.160823 1.000000
0.054788 -0.070839 -0.552723 3.000000
-0.037465 -0.014922 0.476755 1.000000
-0.192864 -0.049283 -0.083217 0.000000
-0.680058 0.060470 -0.137640 2.000000
0.499190 -0.082818 0.040729 0.000000
0.061377 -0.030235 0.287501 1.000000
-0.759185 0.233130 -0.019563 2.000000
-0.063049 -0.011001 -0.537090 1.000000
-0.133292 0.065405 -0.076280 0.000000
0.516317 -0.099865 0.006822 0.000000
0.425719 -0.100318 -0.064996 0.000000
0.174332 -0.046162 0.267012 1.000000
-0.209805 -0.003611 0.670971 1.000000
0.060310 -0.049043 -0.255076 1.000000
0.059430 -0.105734 -0.590499 3.000000
0.077598 -0.069292 0.097874 1.000000
0.099847 -0.054112 0.572742 3.000000
0.088936 -0.058114 0.599794 3.000000
0.111265 -0.102906 -0.046508 0.000000
-0.869952 0.312043 -0.005397 2.000000
-0.359922 -0.039226 -0.068571 0.000000
-0.788611 0.161233 -0.002329 2.000000
0.037127 -0.010600 0.457680 1.000000
-0.687074 0.051106 0.041183 2.000000
-0.581989 0.164247 -0.017002 2.000000
0.231877 -0.059688 -0.174696 1.000000
0.201890 -0.057634 0.181589 1.000000
0.530563 -0.098691 0.000125 0.000000
0.869934 -0.033277 -0.059713 0.000000
-0.349704 -0.014842 -0.085698 0.000000
-0.694517 0.097606 -0.022071 2.000000
0.106170 -0.068892 0.610065 3.000000
0.469631 -0.015482 0.082107 0.000000
-0.702441 0.066713 -0.184593 2.000000
-0.495206 0.098779 -0.020630 0.000000
0.212802 -0.034157 -0.341887 1.000000
0.315112 -0.055606 -0.337458 3.000000
-0.684486 0.061697 0.131701 2.000000
0.086535 -0.033837 0.577678 3.000000
-0.466500 0.006287 -0.077188 0.000000
-0.398525 0.058656 0.065700 0.000000
0.031738 -0.035998 -0.290932 1.000000
0.007728 -0.028421 0.433883 1.000000
-0.498274 -0.035571 0.011650 0.000000
0.187298 -0.021725 0.227875 1.000000
0.049959 -0.064810 -0.098823 1.000000
0.144613 -0.133319 -0.132304 1.000000
0.303934 -0.074227 -0.306165 3.000000
0.707625 -0.093729 0.001699 0.000000
0.024882 -0.138335 -0.052937 0.000000
-0.213379 -0.075881 -0.058193 0.000000
0.095232 -0.046882 -0.603465 3.000000
0.279683 -0.020124 -0.248380 1.000000
-0.656981 0.213762 0.002420 2.000000
0.072662 -0.100825 0.594511 3.000000
0.245722 -0.068785 -0.332656 3.000000
0.999963 0.007807 -0.003610 0.000000
0.036593 0.093684 -0.041439 0.000000
0.155577 -0.031729 0.174973 1.000000
0.013277 0.091016 -0.047308 0.000000
0.095845 -0.066437 0.224247 1.000000
0.388530 -0.021005 -0.104559 1.000000
-0.033543 -0.041654 -0.089806 0.000000
0.250284 0.079385 -0.065369 0.000000
0.121430 0.097659 -0.026633 0.000000
0.378792 -0.078709 -0.103359 1.000000
0.125938 -0.059875 0.168250 1.000000
-0.215674 0.009035 -0.787489 1.000000
0.037874 -0.017857 -0.539197 1.000000
0.031738 -0.092742 -0.609520 3.000000
0.050973 -0.098664 -0.608427 3.000000
0.197222 -0.078362 -0.338152 3.000000
0.117001 -0.107201 0.566233 3.000000
0.063138 -0.009720 -0.472449 1.000000
0.392612 0.012903 0.082560 0.000000
0.028297 -0.051204 -0.196758 1.000000
-0.197773 0.010769 -0.812220 1.000000
-0.572812 0.177266 -0.002889 2.000000
-0.208337 0.003112 0.719738 1.000000
0.244469 -0.075161 0.305829 3.000000
0.118282 -0.121981 -0.129210 1.000000
0.117028 -0.032503 -0.099864 0.000000
0.270453 -0.025700 0.073463 1.000000
0.055588 -0.145057 -0.043146 0.000000
0.139250 -0.111497 -0.143509 1.000000
-0.012814 -0.021965 0.498364 1.000000
-0.163358 0.005433 0.721525 1.000000
-0.654447 0.053747 -0.085778 2.000000
0.206906 -0.013081 -0.097916 0.000000
-0.033810 -0.006439 -0.641081 1.000000
0.253112 -0.023486 -0.147831 1.000000
0.012263 -0.092609 0.584320 3.000000
0.025842 -0.018124 -0.596395 1.000000
-0.757611 0.068820 0.184764 2.000000
0.003860 0.100434 -0.008011 0.000000
0.036033 -0.073961 -0.617471 3.000000
0.215096 -0.090581 0.330799 3.000000
-0.802563 0.058282 0.032539 2.000000
0.793288 -0.133132 -0.025085 0.000000
0.065779 -0.048910 -0.166959 1.000000
-0.721462 0.208186 0.004714 2.000000
0.106863 -0.055019 -0.553737 3.000000
0.212241 -0.033757 0.079973 1.000000
0.228675 -0.032236 -0.077828 1.000000
0.454264 0.069407 -0.074520 0.000000
-0.786236 0.061564 -0.101331 2.000000
0.060764 0.020186 0.081280 0.000000
-0.175897 0.094778 -0.037731 0.000000
0.034859 -0.048643 -0.204148 1.000000
0.174972 0.096725 0.016025 0.000000
-0.518869 -0.003317 -0.062248 0.000000
0.266131 0.040701 -0.090260 0.000000
0.622122 -0.094769 -0.027593 0.000000
0.246229 -0.022445 0.160594 1.000000
0.358570 -0.064863 0.318714 3.000000
0.196048 -0.017670 0.279151 1.000000
-0.849677 0.078371 -0.233120 2.000000
-0.851864 0.334720 -0.003316 2.000000
0.261489 -0.023779 -0.128516 1.000000
0.012983 -0.130011 0.027470 0.000000
0.521920 -0.054219 -0.083537 0.000000
-0.037945 -0.031062 0.406671 1.000000
0.277496 -0.050777 -0.215806 1.000000
0.031471 -0.128731 -0.075774 0.000000
-0.049923 -0.030582 0.583333 1.000000
0.173212 -0.096717 0.057723 0.000000
0.008208 -0.038052 0.386209 1.000000
-0.004090 -0.099945 -0.048269 0.000000
0.030804 -0.058407 -0.164291 1.000000
-0.062462 -0.009640 -0.633637 1.000000
-0.004331 -0.042934 0.074397 0.000000
0.275122 -0.120327 0.336882 3.000000
0.807775 -0.039893 -0.069611 0.000000
0.242254 -0.094636 -0.075640 0.000000
0.062364 -0.071159 0.601127 3.000000
-0.044134 -0.078069 0.571808 3.000000
-0.753396 0.297691 -0.000782 2.000000
0.034566 -0.123929 0.052681 0.000000
0.343977 -0.056140 0.323383 3.000000
0.114146 -0.034691 -0.585990 3.000000
0.519759 -0.072440 -0.069798 0.000000
-0.199240 -0.000143 0.723766 1.000000
-0.791812 0.078024 -0.271243 2.000000
0.926812 0.056228 -0.008705 0.000000
0.081839 -0.030796 0.403470 1.000000
0.048278 -0.005692 0.083201 0.000000
0.001352 -0.035464 -0.375234 1.000000
-0.743978 0.022774 -0.029434 0.000000
0.078558 -0.074894 0.165662 1.000000
-0.660556 0.068473 -0.114083 2.000000
0.363532 -0.092048 0.346913 3.000000
-0.799122 0.258821 -0.004810 2.000000
0.021254 -0.078309 0.547932 3.000000
0.156138 -0.104000 -0.150045 1.000000
-0.831882 0.079758 0.261917 2.000000
-0.356374 0.083253 -0.060034 0.000000
-0.489657 -0.038639 -0.012787 0.000000
0.431962 -0.088447 0.071089 0.000000
-0.100238 -0.017723 0.536113 1.000000
-0.203242 -0.004171 -0.677016 1.000000
0.342750 -0.113551 -0.301816 3.000000
0.251992 -0.039226 -0.292586 1.000000
0.236759 -0.072920 0.109212 1.000000
-0.219996 0.003752 0.767118 1.000000
-0.390335 -0.056807 -0.047468 0.000000
-0.808379 0.066526 -0.115844 2.000000
-0.271271 0.091897 0.030538 0.000000
0.052200 -0.082924 0.044117 0.000000
0.119029 -0.107201 -0.591886 3.000000
-0.726824 0.050412 0.008155 2.000000
0.012477 0.037500 -0.091540 0.000000
0.511195 -0.083191 -0.054965 0.000000
0.428120 -0.103173 -0.050109 0.000000
-0.654474 0.164541 -0.019856 2.000000
-0.284903 -0.021992 0.075677 0.000000
0.342270 -0.069052 0.311218 3.000000
0.097153 -0.071506 0.076051 1.000000
0.263810 -0.080657 0.344805 3.000000
0.155097 -0.033810 -0.373927 1.000000
0.038434 -0.123902 -0.056272 0.000000
0.194661 -0.052351 -0.232507 1.000000
0.885968 0.043209 -0.042640 0.000000
-0.048056 -0.073747 -0.603625 3.000000
0.123590 -0.071453 0.094699 1.000000
-0.746273 0.062871 0.050600 2.000000
0.173318 -0.057927 -0.195158 1.000000
-0.307073 -0.010600 0.077812 0.000000
0.063938 -0.069532 -0.239416 1.000000
0.658831 -0.068011 -0.070411 0.000000
0.137730 -0.088714 0.138104 1.000000
0.455412 -0.008306 0.082827 0.000000
0.386209 -0.085112 0.076318 0.000000
0.759861 -0.026154 -0.081509 0.000000
0.430441 0.085734 0.049987 0.000000
-0.300243 -0.003931 -0.094288 0.000000
0.617294 -0.021192 0.080266 0.000000
0.017866 -0.060755 -0.235922 1.000000
0.171264 -0.015482 -0.376275 1.000000
0.248924 -0.018630 0.238333 1.000000
0.313698 -0.053605 0.174119 1.000000
0.046891 -0.026607 -0.458816 1.000000
-0.355120 0.055961 0.882981 0.000000
-0.316063 0.089282 -0.051203 0.000000
0.632420 0.109851 -0.047468 0.000000
0.089576 -0.018097 0.345312 1.000000
-0.014361 -0.044802 0.386956 1.000000
-0.083164 -0.097251 -0.022631 0.000000
-0.463246 -0.043441 0.011277 0.000000
0.132288 -0.076522 -0.616083 3.000000
0.316846 -0.019938 -0.119659 1.000000
-0.046108 -0.031089 0.392639 1.000000
0.593844 -0.076548 0.050067 0.000000
-0.648311 0.098406 -0.002089 0.000000
0.784511 0.100033 0.029071 0.000000
0.043770 -0.030502 0.392025 1.000000
0.210374 0.079011 0.050627 0.000000
0.131114 -0.031463 -0.217087 1.000000
0.265918 -0.053285 0.193407 1.000000
0.327410 -0.081831 -0.368538 3.000000
-0.334738 0.100460 -0.007771 0.000000
0.291635 -0.020685 -0.175950 1.000000
-0.595035 0.033232 -0.061021 0.000000
-0.096877 0.078718 0.050920 0.000000
-0.554218 0.159659 -0.001609 2.000000
0.366707 0.114973 0.016159 0.000000
0.294170 -0.103733 -0.017349 0.000000
-0.757077 0.073622 -0.238003 2.000000
-0.144710 0.091150 0.032166 0.000000
0.341363 -0.088527 -0.300429 3.000000
0.027710 -0.139535 0.023202 0.000000
0.580852 0.115987 0.024216 0.000000
-0.694304 0.097472 0.003247 0.000000
-0.125155 0.080052 -0.064409 0.000000
0.282405 -0.044268 -0.248967 1.000000
-0.734187 0.078157 0.193247 2.000000
-0.038932 -0.027488 -0.095062 0.000000
0.140558 -0.035998 0.054282 1.000000
0.882686 -0.065317 0.008982 0.000000
-0.037518 -0.048963 -0.406901 1.000000
-0.024312 -0.037198 -0.586444 1.000000
-0.534449 0.106596 0.008742 2.000000
0.034379 -0.047069 0.586695 3.000000
0.400268 0.074236 -0.071185 0.000000
0.177053 -0.135694 0.148695 1.000000
0.294170 -0.126143 0.326504 3.000000
0.189298 -0.019831 -0.257024 1.000000
-0.065957 -0.076202 -0.065342 0.000000
-0.132225 -0.007906 0.644319 1.000000
-0.772337 0.067833 -0.161517 2.000000
0.622042 0.122043 -0.023218 0.000000
0.048732 0.096485 -0.031915 0.000000
-0.049656 -0.006839 0.547985 1.000000
-0.810353 0.079758 -0.283142 2.000000
-0.805765 0.076503 0.241134 2.000000
0.141732 -0.056060 -0.211431 1.000000
-0.401219 0.097259 -0.028500 0.000000
-0.424429 -0.046029 0.034513 0.000000
0.599553 0.056175 0.071356 0.000000
0.014291 -0.050831 0.203865 1.000000
0.027230 -0.019671 -0.402472 1.000000
0.066286 -0.045015 -0.299362 1.000000
0.441619 0.083493 -0.066170 0.000000
0.060150 -0.067211 0.073570 1.000000
-0.644576 0.067219 -0.104719 2.000000
-0.799068 0.088695 0.009623 0.000000
0.105636 0.097392 0.013091 0.000000
-0.042614 -0.007506 0.633941 1.000000
0.300279 -0.020391 0.108118 1.000000
0.124097 -0.045682 0.583680 3.000000
-0.774285 0.073062 0.218031 2.000000
-0.816382 0.272587 -0.001849 2.000000
0.302627 -0.047923 -0.220875 1.000000
0.128339 0.074636 0.054602 0.000000
-0.729652 0.196661 -0.017349 2.000000
0.366387 -0.061422 0.302814 3.000000
0.824315 0.111718 0.006688 0.000000
0.049426 -0.023006 0.345072 1.000000
0.230169 0.104409 0.001886 0.000000
-0.168560 -0.005185 0.632981 1.000000
0.047238 -0.044268 -0.100611 0.000000
0.720644 0.100567 0.039689 0.000000
0.010983 -0.037545 0.289422 1.000000
-0.652073 0.066873 0.081280 2.000000
-0.685180 0.060096 -0.026286 2.000000
0.358624 -0.064757 0.124338 1.000000
-0.204576 0.009995 0.789127 1.000000
0.344111 -0.065237 -0.340233 3.000000
-0.242512 0.013837 -0.856666 1.000000
0.676305 0.123990 -0.012787 0.000000
0.035927 -0.061128 -0.554697 3.000000
-0.121554 -0.014682 -0.550856 1.000000
0.798571 -0.088580 -0.021671 0.000000
0.073409 -0.031543 -0.408235 1.000000
-0.835777 0.076877 -0.229466 2.000000
0.343791 -0.129371 0.314739 3.000000
0.104489 -0.048510 0.087629 0.000000
-0.400926 0.099340 0.003834 0.000000
0.286406 -0.082738 0.286220 3.000000
0.011730 -0.017350 0.420384 1.000000
-0.503529 0.120069 -0.002116 2.000000
-0.628489 0.064738 0.109398 2.000000
0.204798 -0.028768 -0.149565 1.000000
-0.290532 -0.036585 0.068634 0.000000
0.698688 -0.034237 0.072476 0.000000
-0.229413 0.097419 0.012904 0.000000
0.662673 -0.038932 -0.088019 0.000000
-0.404287 0.080158 0.048279 0.000000
0.086935 -0.067851 -0.122940 1.000000
0.461014 -0.103440 -0.033782 0.000000
-0.696491 0.227794 -0.017055 2.000000
0.122470 -0.055900 0.200797 1.000000
0.311670 0.027816 0.079652 0.000000
-0.848023 0.273334 -0.010332 2.000000
-0.483681 0.028189 -0.078655 0.000000
0.581172 -0.009427 0.082774 0.000000
-0.066677 -0.021965 -0.462738 1.000000
-0.230533 0.096752 -0.030714 0.000000
0.381407 -0.103760 -0.000008 0.000000
-0.002783 -0.083058 -0.083564 0.000000
0.111879 -0.102239 0.036221 0.000000
0.100754 -0.061555 -0.613922 3.000000
0.173185 -0.063103 0.147255 1.000000
-0.691129 0.073836 -0.184673 2.000000
-0.721569 0.269919 0.000365 2.000000
0.085628 0.099607 -0.016095 0.000000
0.341790 -0.067158 -0.313448 3.000000
0.313671 -0.074467 0.286994 3.000000
0.018613 -0.047976 -0.227651 1.000000
0.383834 0.054307 0.068714 0.000000
-0.087272 0.088562 -0.052724 0.000000
0.099420 -0.082871 0.560524 3.000000
0.022081 0.022961 -0.095595 0.000000
0.005140 -0.017777 0.584721 1.000000
0.035980 -0.051018 0.176093 1.000000
-0.220129 -0.000089 0.717897 1.000000
0.064979 -0.128277 -0.031035 0.000000
0.274855 -0.077455 0.288088 3.000000
-0.820197 0.069647 -0.162664 2.000000
-0.763987 0.024641 0.002793 0.000000
-0.680885 0.072768 -0.162210 2.000000
-0.501929 -0.032476 -0.040078 0.000000
0.372576 -0.105014 0.285793 3.000000
0.177720 -0.032690 0.329172 1.000000
-0.027167 -0.084205 -0.053311 0.000000
0.131914 -0.015349 0.426680 1.000000
0.353715 0.073169 0.057003 0.000000
-0.454575 0.062951 0.060444 0.000000
-0.655701 0.046597 -0.022871 2.000000
0.092831 -0.038852 -0.207243 1.000000
-0.771563 0.130180 -0.015455 2.000000
-0.671307 0.046544 -0.047175 2.000000
-0.061502 -0.055873 -0.082550 0.000000
0.056362 -0.081884 0.077598 0.000000
0.501618 0.093977 -0.059954 0.000000
0.129967 -0.045735 0.277070 1.000000
0.368201 -0.109869 -0.362936 3.000000
-0.185634 0.058549 0.066180 0.000000
0.296891 -0.064650 0.343658 3.000000
0.706958 0.026856 0.073356 0.000000
-0.144604 0.040782 0.075384 0.000000
-0.079082 -0.014229 0.578931 1.000000
0.224140 -0.076068 -0.102692 1.000000
0.076157 -0.045922 0.087282 0.000000
0.058896 -0.053739 0.136317 1.000000
0.091950 -0.100905 0.045104 0.000000
0.460774 0.115507 -0.037144 0.000000
0.374924 -0.079883 0.070822 0.000000
0.213442 -0.097944 -0.340393 3.000000
-0.714366 0.099340 -0.010679 0.000000
0.758074 -0.083245 -0.038611 0.000000
0.065539 -0.102346 0.035420 0.000000
0.548144 0.121162 -0.025352 0.000000
0.152990 -0.129878 -0.157142 1.000000
-0.447692 -0.046269 0.018827 0.000000
-0.084311 -0.033970 -0.410743 1.000000
0.241881 -0.017937 -0.265428 1.000000
0.008982 -0.065477 -0.095249 0.000000
0.294757 -0.110990 -0.363282 3.000000
0.113453 -0.101599 -0.566622 3.000000
-0.272445 0.010609 0.816792 1.000000
-0.425443 0.066793 -0.074573 0.000000
0.612892 0.079358 -0.068624 0.000000
0.779736 -0.037252 -0.074867 0.000000
-0.317504 0.023628 0.078559 0.000000
-0.781034 0.291235 -0.000542 2.000000
0.112332 -0.013108 -0.398711 1.000000
0.697888 0.015224 0.076905 0.000000
0.809375 0.085681 -0.042693 0.000000
0.240494 0.086428 0.044971 0.000000
-0.572305 0.165688 -0.015481 2.000000
0.056975 -0.121661 0.039449 0.000000
0.240520 -0.017777 -0.278020 1.000000
0.020773 -0.015936 -0.561287 1.000000
0.867373 -0.024926 0.048599 0.000000
0.101154 -0.071373 -0.082870 1.000000
0.709946 0.114653 0.025843 0.000000
0.128419 -0.018684 0.437565 1.000000
0.234784 -0.101812 -0.060140 0.000000
-0.471516 0.096459 -0.031035 0.000000
-0.013294 -0.024366 -0.403380 1.000000
-0.031996 0.005833 0.082987 0.000000
0.048038 -0.086446 -0.557952 3.000000
0.403656 0.013330 -0.097356 0.000000
-0.748594 0.077410 -0.195424 2.000000
0.108784 -0.053925 -0.228185 1.000000
0.074396 -0.012788 0.497377 1.000000
0.334293 -0.045415 0.199410 1.000000
0.061111 -0.024233 -0.480399 1.000000
0.176200 -0.054299 0.209308 1.000000
-0.680458 0.177133 -0.007665 2.000000
0.433082 -0.068358 0.072983 1.000000
0.282938 -0.096984 -0.369392 3.000000
0.125111 -0.049844 0.078452 1.000000
0.864305 0.076637 -0.031168 0.000000
0.938203 0.019706 -0.041759 0.000000
0.803800 -0.081324 0.014585 0.000000
0.313858 -0.122968 0.338829 3.000000
0.093391 -0.037118 0.328718 1.000000
-0.303925 0.042969 -0.089006 0.000000
-0.007879 -0.066544 -0.241177 1.000000
0.800171 -0.120914 -0.003236 0.000000
0.138984 -0.073107 0.134182 1.000000
-0.782341 0.074369 0.156352 2.000000
0.343177 -0.020498 0.122871 1.000000
-0.627929 0.065539 -0.089886 2.000000
-0.553737 0.046170 -0.025726 2.000000
-0.010386 -0.015029 0.455252 1.000000
0.068821 -0.078416 -0.054458 0.000000
0.146907 -0.113417 -0.149352 1.000000
-0.276900 -0.006705 0.081493 0.000000
0.095632 -0.055793 0.539688 3.000000
-0.132492 0.000764 0.659072 1.000000
-0.824199 0.077624 -0.259959 2.000000
0.605582 0.098006 0.042623 0.000000
-0.079376 0.099553 -0.016789 0.000000
0.069221 -0.046322 -0.051737 0.000000
0.022241 -0.042454 -0.257504 1.000000
0.179694 -0.052965 -0.230373 1.000000
0.534992 -0.067264 -0.074493 0.000000
-0.358161 -0.067211 -0.012280 0.000000
0.137250 -0.013428 -0.408155 1.000000
-0.126222 0.094965 -0.037144 0.000000
-0.074387 0.036593 -0.091834 0.000000
0.250658 -0.025113 0.082107 0.000000
-0.772017 0.074929 -0.172321 2.000000
0.218484 -0.026767 -0.148098 1.000000
-0.635799 0.222779 -0.001075 2.000000
0.112306 -0.030475 0.084748 0.000000
-0.721942 0.077891 0.200370 2.000000
-0.190863 0.076317 0.053215 0.000000
0.578130 -0.088714 0.030298 0.000000
-0.397724 -0.057660 -0.022871 0.000000
-0.533142 0.053507 -0.026980 2.000000
-0.656848 0.145173 -0.020737 2.000000
0.134715 -0.135587 -0.161597 1.000000
-0.006945 -0.049177 0.578558 3.000000
-0.699906 0.052680 0.051614 2.000000
0.692099 0.016238 -0.092154 0.000000
-0.641855 0.055614 0.085282 2.000000
-0.754383 0.233850 0.001433 2.000000
-0.289732 0.052573 0.069755 0.000000
0.397627 -0.001076 -0.098156 0.000000
-0.556218 0.006340 -0.058940 0.000000
-0.760279 0.181615 0.004714 2.000000
-0.071159 -0.014575 0.504446 1.000000
-0.809633 0.076984 -0.226904 2.000000
0.330745 -0.103733 0.000712 0.000000
0.538780 0.118975 0.016212 0.000000
-0.000436 -0.009907 -0.499954 1.000000
0.274108 0.093684 0.039662 0.000000
-0.620246 0.211921 -0.001502 2.000000
0.611318 -0.097224 0.006208 0.000000
0.105610 -0.031783 -0.241791 1.000000
0.309936 0.075596 -0.069451 0.000000
0.235691 0.092483 -0.051603 0.000000
-0.289252 -0.076095 -0.049042 0.000000
-0.474797 -0.017910 0.048199 0.000000
0.747963 -0.038799 -0.078815 0.000000
0.681188 0.007994 -0.093568 0.000000
0.855848 0.020453 0.049506 0.000000
0.279470 -0.114938 -0.337858 3.000000
-0.073880 -0.016389 -0.567583 1.000000
-0.322119 0.047584 0.879673 0.000000
-0.106667 0.003352 -0.706895 1.000000
0.480862 -0.020311 -0.096076 0.000000
0.087495 -0.106828 0.567113 3.000000
0.250818 0.074236 0.054522 0.000000
-0.254837 0.010662 -0.820463 1.000000
0.472619 -0.095810 0.052067 0.000000
0.652722 0.106089 -0.050990 0.000000
-0.827000 0.303080 -0.003076 2.000000
-0.185768 0.005993 0.800759 1.000000
0.105343 -0.012761 -0.467967 1.000000
-0.592714 0.139624 -0.020737 2.000000
-0.102132 -0.018790 -0.535089 1.000000
0.104889 -0.054752 -0.142495 1.000000
-0.230827 0.030591 0.078825 0.000000
0.619988 -0.037332 -0.090633 0.000000
0.001352 -0.047203 -0.252435 1.000000
-0.845915 0.323142 -0.011746 2.000000
0.069247 -0.028101 0.294437 1.000000
-0.423175 0.076690 0.052441 0.000000
0.108544 -0.047096 -0.571291 3.000000
0.345285 -0.074147 -0.354212 3.000000
0.302653 -0.049230 0.201171 1.000000
0.122043 -0.052965 0.594165 3.000000
0.131247 -0.013375 0.402776 1.000000
0.303907 -0.125476 -0.320864 3.000000
0.034299 -0.052165 0.221286 1.000000
0.223793 -0.023032 0.177187 1.000000
-0.790478 0.080718 0.274855 2.000000
-0.826493 0.075810 0.223073 2.000000
0.268852 0.104409 0.021281 0.000000
0.457813 -0.103760 -0.003423 0.000000
0.103395 -0.092368 0.064686 0.000000
0.683028 -0.094156 -0.022044 0.000000
-0.556539 0.169876 -0.007104 2.000000
0.046998 -0.042267 0.309750 1.000000
0.440819 -0.094849 0.059457 0.000000
0.166942 -0.103893 0.008742 0.000000
-0.344128 0.003592 0.076825 0.000000
0.013277 -0.044108 -0.302350 1.000000
0.622656 0.094031 0.044678 0.000000
-0.698866 0.064045 -0.062941 2.000000
0.643758 0.101794 0.040196 0.000000
0.283632 -0.126009 -0.329935 3.000000
0.031765 -0.050751 -0.245206 1.000000
0.116254 -0.081537 -0.551709 3.000000
-0.174963 -0.004304 0.678654 1.000000
0.194047 0.054867 -0.083243 0.000000
0.180601 0.084027 -0.060114 0.000000
0.293930 -0.047309 0.215604 1.000000
0.416862 -0.033330 -0.119419 1.000000
-0.282555 0.010262 -0.829907 1.000000
0.568633 -0.049604 -0.086258 0.000000
-0.143830 0.006367 -0.744111 1.000000
-0.069532 -0.045228 0.387650 1.000000
-0.052965 -0.070813 0.056869 0.000000
0.842376 -0.003931 0.056976 0.000000
0.169743 -0.103760 -0.028874 0.000000
0.352968 -0.079910 0.078612 1.000000
-0.728452 0.056868 -0.095489 2.000000
-0.467087 -0.034344 -0.049202 0.000000
-0.192757 -0.048270 0.069008 0.000000
0.226781 -0.037705 0.305295 1.000000
-0.752088 0.265757 -0.015535 2.000000
-0.572145 0.127058 -0.021084 2.000000
0.114467 -0.031863 -0.400578 1.000000
-0.029568 0.089736 0.035314 0.000000
-0.830762 0.289421 -0.002649 2.000000
-0.767108 0.191165 0.000339 2.000000
0.767998 0.097846 -0.048829 0.000000
0.050413 -0.021111 -0.509184 1.000000
-0.582043 0.093817 0.018800 0.000000
0.016905 -0.131052 0.061111 0.000000
-0.336739 -0.049764 0.050333 0.000000
0.278910 -0.110083 -0.356106 3.000000
0.070795 -0.028475 0.426947 1.000000
-0.710124 0.175746 -0.019563 2.000000
0.093284 -0.024980 -0.304618 1.000000
-0.150313 0.064045 0.062445 0.000000
-0.138921 -0.060221 0.065086 0.000000
-0.684353 0.068980 0.098114 2.000000
0.823942 0.092110 -0.035650 0.000000
0.076450 -0.030555 -0.282155 1.000000
-0.683313 0.030591 -0.045014 0.000000
-0.568570 0.058602 0.053188 2.000000
0.350700 -0.122408 -0.310407 3.000000
-0.715993 0.258474 0.000899 2.000000
-0.230080 0.070474 -0.072412 0.000000
0.396933 0.118495 -0.020844 0.000000
-0.044694 -0.013775 0.490761 1.000000
-0.255557 0.015224 0.862278 0.000000
0.326130 -0.084578 -0.092127 0.000000
0.168970 -0.040640 0.330132 1.000000
-0.733254 0.067299 0.082560 2.000000
-0.617818 0.053960 -0.087085 2.000000
0.274241 -0.055473 -0.336845 3.000000
-0.307820 0.096298 -0.032609 0.000000
-0.787784 0.073942 -0.168053 2.000000
-0.066010 0.001645 0.083254 0.000000
0.086775 -0.049577 -0.262440 1.000000
-0.806885 0.200823 -0.011853 2.000000
-0.761639 0.067806 0.097740 2.000000
0.395066 0.063138 0.063406 0.000000
-0.676670 0.186417 0.003914 2.000000
0.064846 -0.013988 0.082961 0.000000
-0.044161 -0.009106 0.524988 1.000000
-0.071879 -0.016016 0.082267 0.000000
-0.647937 0.061910 -0.039678 2.000000
0.038061 -0.070039 0.238920 1.000000
-0.704708 0.056922 -0.106133 2.000000
0.450796 0.085521 0.050120 0.000000
-0.835644 0.290914 -0.011853 2.000000
-0.738936 0.060683 -0.045201 2.000000
0.299585 -0.105948 0.286700 3.000000
0.278270 -0.085139 -0.306005 3.000000
0.995294 0.011569 -0.014921 0.000000
0.036273 -0.039893 -0.299655 1.000000
0.111292 0.080345 0.049293 0.000000
-0.345649 0.099687 -0.015295 0.000000
0.157818 -0.135667 -0.148925 1.000000
-0.176164 -0.004171 -0.656554 1.000000
0.164114 -0.023966 -0.236722 1.000000
0.048945 -0.072493 0.228249 1.000000
0.189432 -0.103733 0.013331 0.000000
0.189885 -0.018070 -0.281648 1.000000
-0.690889 0.069220 -0.114350 2.000000
0.042596 -0.055019 -0.207910 1.000000
0.022748 -0.150233 0.030512 0.000000
0.105850 0.079465 -0.065022 0.000000
0.052120 -0.072547 -0.243418 1.000000
0.157765 -0.092128 0.132608 1.000000
-0.049656 0.099446 -0.017722 0.000000
0.245722 -0.084365 0.300039 3.000000
0.111212 -0.047736 -0.276792 1.000000
-0.833563 0.365453 -0.011213 2.000000
0.095365 -0.094769 -0.569183 3.000000
-0.474184 0.104755 -0.018976 2.000000
-0.811474 0.076503 -0.196278 2.000000
0.074343 -0.130198 -0.075000 3.000000
0.082133 -0.141536 0.048786 0.000000
0.058096 -0.104053 -0.017162 0.000000
-0.036184 0.057509 0.066794 0.000000
-0.207297 -0.000009 -0.705268 1.000000
0.091043 -0.033383 0.377406 1.000000
-0.534449 0.054547 0.024909 2.000000
-0.852985 0.084800 0.287234 2.000000
0.026936 -0.023939 0.078612 0.000000
0.119322 -0.078976 0.537100 3.000000
-0.086339 0.027923 0.079626 0.000000
0.010662 -0.076122 -0.168320 1.000000
0.951809 -0.015989 0.026537 0.000000
-0.141616 -0.094689 0.015732 0.000000
0.155124 -0.031222 0.381114 1.000000
0.277549 -0.125049 0.328318 3.000000
0.235105 -0.032556 0.323436 1.000000
0.030911 -0.061529 -0.141215 1.000000
0.265704 -0.108802 0.298412 3.000000
-0.057366 -0.028635 0.427614 1.000000
-0.644042 0.221818 -0.014948 2.000000
-0.187715 -0.002810 0.661393 1.000000
0.672544 -0.046909 0.068981 0.000000
0.481529 0.018879 -0.096342 0.000000
-0.503236 0.017785 0.058443 0.000000
0.027523 0.057108 -0.081883 0.000000
0.464215 -0.073667 -0.068357 0.000000
0.327064 0.068953 -0.074040 0.000000
0.261783 -0.072467 -0.360775 3.000000
0.187538 -0.029942 0.085015 0.000000
0.403523 0.004553 0.083067 0.000000
0.106490 -0.037518 0.341604 1.000000
-0.171442 0.083520 0.045878 0.000000
0.898880 -0.011881 -0.058273 0.000000
0.139544 -0.030022 0.396987 1.000000
-0.038212 -0.052298 0.576770 1.000000
0.222032 -0.103707 -0.018176 0.000000
0.782911 -0.086473 -0.003209 0.000000
0.056495 -0.047683 -0.185073 1.000000
-0.301043 0.018772 -0.875313 1.000000
-0.515775 -0.034130 0.016746 0.000000
0.121189 -0.033570 -0.383424 1.000000
0.069141 -0.039012 0.334294 1.000000
0.212001 -0.023913 0.339283 1.000000
0.403416 -0.041707 0.129300 1.000000
0.076691 -0.024740 0.310444 1.000000
0.036087 -0.018470 0.390931 1.000000
-0.728959 0.168969 -0.017589 2.000000
-0.719995 0.234357 0.002046 2.000000
-0.067131 0.055668 0.067887 0.000000
-0.609735 0.108490 -0.023698 2.000000
-0.084018 -0.094503 0.016266 0.000000
0.258821 -0.103280 0.032006 0.000000
0.314472 0.080772 0.051080 0.000000
-0.696065 0.032565 0.028831 0.000000
0.254633 -0.089220 -0.359227 3.000000
0.282858 -0.059208 0.152057 1.000000
0.679267 -0.089834 -0.037197 0.000000
-0.644923 0.064658 0.056763 2.000000
0.211868 -0.077429 0.068741 1.000000
0.211868 -0.025060 -0.178831 1.000000
0.299825 -0.020791 -0.170374 1.000000
0.202904 -0.021405 -0.226664 1.000000
0.820660 0.053800 -0.054938 0.000000
0.023068 -0.071026 -0.097009 0.000000
0.973899 -0.023112 -0.027300 0.000000
-0.155221 -0.000196 0.726834 1.000000
0.342377 -0.103520 -0.035356 0.000000
0.060764 -0.076015 -0.575346 3.000000
0.718910 -0.094103 -0.007478 0.000000
-0.445238 -0.048456 -0.006571 0.000000
-0.252569 0.008821 -0.842846 1.000000
0.229475 -0.044001 0.258529 1.000000
-0.783062 0.195381 -0.019563 2.000000
-0.022845 -0.039439 0.321835 1.000000
-0.745552 0.245082 0.001299 2.000000
-0.123475 0.064845 -0.076681 0.000000
0.016532 -0.033810 -0.386999 1.000000
0.887569 0.013143 -0.058673 0.000000
-0.206550 0.003432 -0.775831 1.000000
0.822608 -0.045175 -0.064355 0.000000
0.072662 -0.144977 0.025843 0.000000
0.566605 0.046811 0.072716 0.000000
0.258901 -0.025300 0.283899 1.000000
-0.661890 0.059910 -0.022231 2.000000
0.239186 -0.022605 -0.098130 0.000000
-0.205029 0.096939 0.015092 0.000000
-0.053285 -0.022605 0.436551 1.000000
0.661926 0.069700 -0.073373 0.000000
-0.763960 0.039928 0.022722 0.000000
0.874683 0.008848 -0.062461 0.000000
0.305321 -0.077215 0.339950 3.000000
0.495162 -0.101572 -0.015935 0.000000
0.359904 -0.074521 0.104330 1.000000
-0.616938 0.047958 0.041823 0.000000
-0.205163 -0.025620 -0.093354 0.000000
-0.355360 0.054387 -0.896736 1.000000
0.100141 -0.035064 0.582186 3.000000
0.568126 -0.015589 0.082080 0.000000
0.381593 0.078531 -0.068464 0.000000
0.345952 0.001031 -0.098130 0.000000
0.243695 -0.024900 0.130181 1.000000
-0.024286 -0.027674 0.438445 1.000000
0.040168 -0.008199 0.496550 1.000000
-0.008172 -0.035091 -0.089379 0.000000
-0.229546 -0.067905 -0.065236 0.000000
-0.678724 0.083893 -0.037864 0.000000
