-0.196368 -0.009697 -0.821164 1.000000
0.022903 -0.108885 -0.042513 0.000000
0.055163 -0.065746 -0.159807 1.000000
0.863287 -0.105502 0.018624 0.000000
-0.490659 -0.058790 0.027014 2.000000
-0.075582 -0.031483 0.487612 1.000000
-0.361511 0.095311 -0.086952 0.000000
0.315597 0.010601 0.089612 0.000000
0.570267 -0.004744 -0.060294 0.000000
0.061604 -0.089210 0.169017 1.000000
0.245123 -0.030292 -0.102189 0.000000
0.284880 -0.107289 0.069233 0.000000
-0.664219 -0.009155 -0.048683 2.000000
-0.791906 0.066217 0.198950 2.000000
0.599388 -0.013161 -0.103163 0.000000
0.214974 0.074661 -0.108521 0.000000
0.801608 0.065324 -0.051173 0.000000
-0.799565 0.040317 -0.039590 2.000000
-0.670038 -0.019521 0.014565 2.000000
0.039331 -0.034568 0.369668 1.000000
-0.099588 -0.052376 -0.537401 1.000000
-0.247248 0.158992 -0.024624 0.000000
0.642501 -0.032241 0.079139 0.000000
0.121225 0.146137 0.042657 0.000000
0.539334 0.154202 -0.046897 0.000000
0.206558 0.075554 0.088340 0.000000
0.248696 0.053849 -0.117263 0.000000
0.119331 -0.031239 0.428072 1.000000
0.688753 -0.095029 -0.060375 0.000000
0.196327 -0.046557 -0.123082 1.000000
-0.669875 0.086028 -0.001971 2.000000
0.305421 0.134499 0.051696 0.000000
0.210103 0.027083 -0.108224 0.000000
-0.283026 -0.009074 -0.796049 1.000000
0.145583 -0.030076 -0.365925 1.000000
0.066990 -0.014703 0.057867 0.000000
-0.162024 -0.009480 -0.747768 1.000000
0.159927 0.010737 0.089639 0.000000
-0.043593 -0.031023 0.575109 1.000000
-0.047003 -0.014703 -0.039103 0.000000
-0.194365 -0.015948 0.734488 1.000000
-0.030413 -0.028344 -0.493233 1.000000
0.251619 0.071576 -0.114530 0.000000
-0.240401 -0.074839 -0.055071 0.000000
0.320009 -0.062904 -0.092391 0.000000
0.334190 -0.116274 -0.313935 3.000000
-0.358696 0.029059 0.085715 0.000000
0.379278 -0.121443 -0.014150 0.000000
0.843287 -0.107613 0.017731 0.000000
0.089588 -0.051050 0.366502 1.000000
0.174514 -0.003228 -0.106248 0.000000
0.228317 0.104594 0.077028 0.000000
0.449238 0.142104 -0.070659 0.000000
-0.783570 0.224216 -0.019482 2.000000
0.129561 0.145135 -0.064705 0.000000
-0.373879 -0.014703 0.049423 0.000000
0.187288 -0.049534 0.095377 1.000000
0.060170 -0.094541 0.625258 3.000000
0.341010 -0.108966 0.065742 0.000000
-0.314176 -0.088425 -0.058941 2.000000
0.011455 -0.066612 -0.258103 1.000000
0.483203 0.005622 -0.102865 0.000000
-0.374204 0.127787 -0.048440 0.000000
-0.344325 0.078504 -0.096613 0.000000
0.311538 -0.035813 0.072373 1.000000
-0.264974 -0.009209 0.769454 1.000000
0.062903 -0.054000 -0.229984 1.000000
0.219819 -0.088506 -0.133041 1.000000
-0.289034 0.139750 -0.052554 0.000000
0.637548 0.118423 0.068854 0.000000
0.323256 0.144919 -0.053122 0.000000
0.369021 -0.121497 -0.009576 0.000000
-0.163161 0.119993 0.066202 0.000000
-0.646925 0.037719 0.042197 2.000000
0.355165 -0.118899 -0.308063 3.000000
-0.346193 -0.094433 -0.008737 2.000000
-0.237261 -0.009994 0.799793 1.000000
0.334542 0.129925 -0.084029 0.000000
-0.392255 0.077043 0.079734 0.000000
0.096246 -0.158250 -0.141133 1.000000
-0.111631 0.006866 0.088665 0.000000
0.159927 -0.040360 0.386962 1.000000
0.309941 -0.036138 0.157109 1.000000
-0.129439 -0.014703 -0.023622 0.000000
0.328750 -0.092512 -0.358239 3.000000
0.453081 -0.085150 0.080194 0.000000
-0.374204 0.093443 -0.031742 0.000000
-0.796074 0.040317 0.022467 2.000000
0.203553 -0.033919 0.251400 1.000000
-0.136394 -0.033080 0.545041 1.000000
0.088154 -0.068750 0.071561 1.000000
-0.009520 -0.042308 -0.378780 1.000000
0.995683 -0.033892 -0.019346 0.000000
-0.374204 0.093498 0.019247 0.000000
0.460524 0.132551 0.061358 0.000000
0.193215 -0.086476 0.121196 1.000000
-0.267302 -0.002579 0.881904 1.000000
0.131970 0.014336 0.090560 0.000000
0.060982 -0.097708 0.155377 1.000000
0.042768 -0.060441 -0.093501 0.000000
-0.705221 0.188491 -0.021024 2.000000
0.173107 -0.014703 0.043712 0.000000
0.445801 0.089384 0.084795 0.000000
0.109480 0.152388 0.030424 0.000000
-0.742812 0.036366 -0.046735 2.000000
-0.733935 0.035148 0.010018 2.000000
0.919634 0.046001 -0.019861 0.000000
0.804207 -0.160442 -0.029198 0.000000
-0.281104 0.120318 0.060032 0.000000
-0.182619 0.140020 0.042684 0.000000
-0.075988 -0.002146 -0.100917 0.000000
0.291051 -0.036057 0.130858 1.000000
0.338602 -0.096301 0.091588 1.000000
0.086530 0.058098 -0.116668 0.000000
-0.583461 -0.038844 0.020329 2.000000
0.799849 -0.032809 -0.082297 0.000000
0.191348 -0.123852 0.331373 3.000000
-0.831311 0.014796 -0.004245 2.000000
-0.312120 0.007841 0.076865 0.000000
0.038627 -0.115868 -0.616211 3.000000
-0.349143 0.144702 -0.018237 0.000000
0.083742 -0.052105 0.201710 1.000000
-0.562541 -0.045664 0.003387 2.000000
0.342174 -0.041605 0.163415 1.000000
-0.235096 0.145785 0.031398 0.000000
0.110211 -0.081632 0.615272 3.000000
0.763557 0.079668 0.035864 0.000000
0.688617 -0.033323 -0.096884 0.000000
0.178682 0.115392 -0.090876 0.000000
-0.141726 -0.007315 0.085066 0.000000
0.409698 -0.014703 -0.084056 0.000000
0.234027 -0.141659 0.329262 3.000000
0.948889 0.031738 -0.009495 0.000000
-0.095203 -0.060468 -0.427820 1.000000
0.400605 -0.014703 -0.089983 0.000000
-0.196043 -0.020143 0.647342 1.000000
0.026746 -0.078303 -0.644276 3.000000
-0.266382 -0.000738 -0.897565 1.000000
0.130508 -0.029616 0.388586 1.000000
-0.001752 0.152605 -0.050037 0.000000
0.432188 0.128626 -0.085328 0.000000
-0.112064 0.018666 -0.106113 0.000000
0.248723 0.151820 0.015458 0.000000
0.154920 -0.056815 0.075999 1.000000
-0.231172 -0.113540 -0.009603 0.000000
-0.018424 -0.063553 -0.255938 1.000000
0.132971 -0.042823 -0.232311 1.000000
-0.694260 0.055852 -0.156533 2.000000
0.497168 -0.002389 0.086338 0.000000
0.128939 -0.060712 -0.109902 1.000000
-0.326030 -0.005854 0.830050 1.000000
-0.340969 0.124594 -0.082757 0.000000
-0.152200 -0.025718 -0.598376 1.000000
-0.795018 0.141833 -0.019022 2.000000
-0.345652 0.071522 0.078083 0.000000
-0.163756 0.040913 0.095512 0.000000
0.476167 0.072036 -0.114448 0.000000
0.874654 -0.068750 -0.050443 0.000000
0.206693 -0.108506 0.347259 3.000000
-0.369549 -0.012024 0.077352 2.000000
0.081577 0.000939 -0.101701 0.000000
0.116895 -0.116274 -0.016396 0.000000
-0.699348 0.052740 0.065120 2.000000
0.422147 0.011251 0.089775 0.000000
0.150914 -0.071673 -0.222676 1.000000
-0.059046 -0.069724 -0.090984 0.000000
0.195570 0.109384 -0.094665 0.000000
-0.654178 0.033308 0.014537 2.000000
-0.785329 0.050629 0.059978 2.000000
-0.672636 -0.012836 0.022927 2.000000
0.097139 -0.088885 0.079112 1.000000
-0.134392 -0.040847 0.505122 1.000000
0.024175 -0.131159 0.034240 0.000000
0.717251 0.097205 -0.049604 0.000000
0.215164 0.141644 -0.059563 0.000000
-0.661269 0.049438 0.104606 2.000000
0.118627 0.085351 0.086798 0.000000
0.390429 -0.048019 0.120925 1.000000
0.175813 -0.057383 -0.311283 1.000000
-0.422404 0.132415 -0.036748 0.000000
0.535112 0.146028 -0.062946 0.000000
0.325016 -0.063608 0.194836 1.000000
0.328886 -0.113594 0.341035 3.000000
0.037138 -0.136950 0.040302 0.000000
0.837955 -0.095732 0.010559 0.000000
0.192160 -0.076517 -0.182027 1.000000
0.518332 -0.014703 -0.004407 0.000000
-0.013769 0.158775 0.006310 0.000000
0.309968 0.115419 0.070776 0.000000
-0.772718 0.063809 0.222306 2.000000
-0.264920 -0.074298 -0.077966 2.000000
-0.921244 0.296936 -0.010794 2.000000
0.108397 -0.020820 -0.103027 0.000000
0.854410 -0.079900 -0.047520 0.000000
-0.170874 -0.019061 -0.657510 1.000000
-0.477966 0.090872 -0.015530 2.000000
0.171023 -0.121253 0.019084 0.000000
0.486289 -0.095516 -0.085165 0.000000
-0.119886 0.144865 -0.065246 0.000000
0.032132 -0.105123 -0.022729 0.000000
0.162227 -0.036896 0.240141 1.000000
0.426884 0.075500 -0.113907 0.000000
-0.003944 -0.143770 -0.036315 3.000000
-0.865005 0.061725 0.206284 2.000000
0.040088 -0.096246 -0.637429 3.000000
0.204528 -0.041740 -0.157588 1.000000
0.663177 -0.105989 -0.043487 0.000000
-0.255502 0.138315 -0.062567 0.000000
0.183689 -0.042308 -0.177913 1.000000
-0.204379 0.154770 -0.016856 0.000000
0.367722 0.035229 -0.114827 0.000000
-0.774152 0.051873 -0.176181 2.000000
-0.028735 -0.031591 0.598871 1.000000
-0.084811 0.016176 -0.105517 0.000000
-0.135637 -0.014703 0.051344 0.000000
-0.580348 0.034336 0.011966 2.000000
-0.129818 -0.014703 -0.090010 0.000000
0.071482 -0.028235 0.401333 1.000000
0.338169 -0.076246 0.137272 1.000000
0.108154 -0.040847 0.258436 1.000000
0.324474 -0.121389 -0.000321 0.000000
-0.152362 -0.018249 -0.652990 1.000000
-0.309738 0.040831 0.083496 0.000000
0.385097 -0.121145 0.022169 0.000000
-0.274014 -0.003445 0.827533 1.000000
0.045393 0.149682 0.035728 0.000000
0.022470 -0.090969 0.051994 0.000000
-0.025379 0.005053 0.082603 0.000000
0.390293 0.106651 0.075999 0.000000
-0.824301 0.067787 -0.292420 2.000000
0.001198 -0.066720 0.237137 1.000000
-0.839430 0.072171 -0.277183 2.000000
0.655816 0.112929 -0.009603 0.000000
-0.670146 -0.019304 -0.035368 2.000000
-0.005785 -0.014703 -0.020456 0.000000
-0.322864 0.011982 0.076892 0.000000
-0.724192 0.201807 0.000897 2.000000
0.014865 -0.084041 0.226961 1.000000
0.221876 0.155528 0.024253 0.000000
0.142010 -0.031293 -0.337318 1.000000
0.040765 -0.121768 -0.001511 0.000000
0.147261 0.100426 0.085282 0.000000
0.078573 -0.090996 0.577193 3.000000
-0.374204 0.078261 -0.076261 0.000000
0.812299 -0.005366 -0.081187 0.000000
-0.234663 0.032144 0.088882 0.000000
-0.168844 0.155203 -0.014015 0.000000
-0.067707 -0.048154 0.586936 1.000000
0.247153 -0.129562 -0.330309 3.000000
0.313730 0.158072 0.010694 0.000000
-0.454123 0.102456 -0.067276 0.000000
0.405557 0.110602 -0.100132 0.000000
0.254000 0.144323 -0.066275 0.000000
-0.019344 0.062401 0.095945 0.000000
-0.333013 -0.000251 0.082928 0.000000
0.076895 0.075311 -0.108440 0.000000
-0.205082 0.026812 -0.108170 0.000000
-0.286247 0.097963 0.086798 0.000000
-0.155366 0.143430 0.036026 0.000000
-0.066759 0.159966 -0.001214 0.000000
-0.366031 -0.014703 0.045309 0.000000
0.617331 0.142402 0.047312 0.000000
0.809186 0.001427 0.060302 0.000000
-0.247572 -0.024582 -0.107791 0.000000
0.190969 0.160562 -0.004975 0.000000
-0.087788 -0.040143 -0.616968 1.000000
0.309400 -0.097410 -0.108115 0.000000
-0.865276 0.062022 -0.192392 2.000000
-0.264163 0.088464 0.082738 0.000000
0.586262 0.160562 -0.007682 0.000000
0.016868 -0.029291 -0.445222 1.000000
0.238276 -0.033486 -0.262677 1.000000
0.272620 -0.142120 -0.357698 3.000000
0.274704 -0.090671 -0.377589 3.000000
-0.283432 -0.091158 0.039896 2.000000
-0.245516 -0.012809 0.730997 1.000000
0.023985 -0.110780 -0.060808 0.000000
-0.047138 -0.065881 -0.091065 0.000000
-0.908740 0.301510 -0.007303 2.000000
0.554949 0.131901 0.062007 0.000000
-0.787359 0.005080 -0.015503 2.000000
0.469671 -0.035082 -0.101322 0.000000
-0.751121 0.173715 -0.020970 2.000000
0.010887 -0.120279 -0.603897 3.000000
0.506830 -0.014703 0.055485 0.000000
0.325395 -0.033675 -0.104787 0.000000
-0.084567 0.154093 0.000979 0.000000
-0.806412 0.233228 -0.018426 2.000000
0.311159 0.057990 0.091128 0.000000
-0.313013 0.087300 -0.096613 0.000000
-0.032334 -0.071348 0.605231 3.000000
-0.094933 0.102780 -0.104137 0.000000
0.204419 -0.079061 0.151480 1.000000
0.126313 -0.085800 0.109369 1.000000
-0.314501 0.150386 -0.052905 0.000000
-0.032334 -0.032187 0.449263 1.000000
-0.055014 -0.042498 -0.416480 1.000000
0.775411 -0.103527 -0.024516 0.000000
-0.567223 -0.045529 -0.007952 2.000000
-0.463135 -0.020739 0.064660 2.000000
0.126503 -0.092918 -0.173393 1.000000
0.358656 -0.049237 -0.097804 0.000000
-0.549469 -0.049372 -0.013068 2.000000
0.243175 0.091684 -0.103677 0.000000
0.101929 -0.090807 0.549182 3.000000
0.623827 -0.118899 -0.009928 0.000000
-0.524705 0.093849 0.028584 0.000000
-0.907387 0.073200 0.293917 2.000000
0.549510 0.061400 0.090587 0.000000
-0.008383 -0.034649 -0.429687 1.000000
0.124798 -0.059873 0.293700 1.000000
-0.839782 0.055852 0.115052 2.000000
0.206124 -0.032917 -0.290092 1.000000
-0.198398 -0.013837 -0.772693 1.000000
-0.343568 0.065487 -0.109739 0.000000
-0.095339 0.018558 -0.111715 0.000000
0.224311 -0.129995 0.322117 3.000000
0.287776 -0.073865 0.157407 1.000000
0.039466 -0.102661 0.605637 3.000000
0.122470 -0.096707 0.044605 0.000000
-0.001482 -0.022552 -0.536751 1.000000
-0.760539 0.086894 0.002792 2.000000
0.347695 -0.106720 0.361197 3.000000
-0.199697 0.156204 -0.042513 0.000000
-0.010277 0.035446 -0.114854 0.000000
0.048857 -0.173324 -0.073988 3.000000
0.368507 -0.054000 -0.172040 1.000000
0.423365 0.159966 -0.018805 0.000000
-0.057964 -0.034487 0.539331 1.000000
0.028180 -0.076409 0.623689 3.000000
-0.002321 0.116827 0.069369 0.000000
0.321551 -0.134515 0.343714 3.000000
0.216788 0.074120 0.094078 0.000000
-0.228817 -0.012457 -0.742490 1.000000
0.310942 -0.089670 0.111182 1.000000
0.079331 -0.095597 0.599656 3.000000
0.144771 -0.081605 0.135783 1.000000
0.211104 0.113552 -0.092527 0.000000
0.784640 -0.143500 -0.011687 0.000000
-0.055988 -0.094027 0.585556 3.000000
-0.021428 -0.097735 -0.628903 3.000000
0.192538 0.112009 0.079382 0.000000
-0.240401 -0.027477 0.024713 0.000000
-0.032037 -0.047451 0.350209 1.000000
-0.323243 -0.014703 -0.012229 0.000000
-0.175258 -0.008181 0.761849 1.000000
-0.053877 -0.106585 -0.047736 0.000000
-0.255746 0.124242 0.059923 0.000000
0.078140 -0.096111 -0.585439 3.000000
-0.229873 0.040831 0.090018 0.000000
0.184582 -0.108642 -0.338266 3.000000
-0.358561 -0.014703 0.006148 0.000000
-0.841108 0.073958 -0.300891 2.000000
0.056868 -0.039142 -0.495154 1.000000
0.207153 -0.034595 -0.243164 1.000000
0.164879 -0.118222 0.047582 0.000000
0.157897 -0.045258 0.084849 0.000000
0.118979 -0.068831 0.230290 1.000000
0.786696 -0.161741 -0.026572 0.000000
-0.274609 -0.041902 -0.095856 2.000000
0.042308 -0.044690 -0.315343 1.000000
-0.764301 0.211631 0.000356 2.000000
0.200603 0.097178 -0.100889 0.000000
0.124230 -0.068750 0.140871 1.000000
0.246016 -0.035975 -0.191309 1.000000
-0.015338 -0.109075 0.598655 3.000000
0.104635 -0.061253 -0.594505 3.000000
-0.725113 0.058206 -0.047628 2.000000
0.547290 0.141130 -0.060564 0.000000
0.239656 -0.035975 0.181710 1.000000
0.245259 -0.140902 -0.346980 3.000000
-0.143864 0.049194 -0.116668 0.000000
0.024473 -0.090022 -0.056099 0.000000
-0.176205 -0.012998 0.691673 1.000000
-0.877184 0.227950 -0.013095 2.000000
0.158059 -0.030617 -0.378293 1.000000
-0.344840 0.044512 -0.109793 0.000000
-0.002808 -0.075895 0.246122 1.000000
-0.679185 0.120155 -0.024164 2.000000
-0.013958 -0.045556 -0.363056 1.000000
0.114838 -0.047505 -0.218265 1.000000
0.772488 0.090683 -0.047736 0.000000
-0.014635 -0.036436 0.516814 1.000000
0.255787 -0.093730 -0.321946 3.000000
-0.024107 -0.065015 0.399709 1.000000
0.283635 -0.138412 0.348017 3.000000
0.257573 0.159831 -0.000483 0.000000
0.105691 -0.033783 0.320169 1.000000
0.061577 -0.014703 -0.017452 0.000000
0.088424 -0.121416 0.012372 0.000000
0.103769 -0.108994 -0.085247 0.000000
0.638549 0.156177 -0.004326 0.000000
0.095569 -0.087721 0.096703 1.000000
-0.229061 0.143917 -0.067060 0.000000
-0.073525 0.125135 -0.081106 0.000000
0.175678 -0.062011 -0.283732 1.000000
0.328723 -0.088154 0.336163 3.000000
0.463853 0.072144 -0.114448 0.000000
-0.744923 0.039641 0.051425 2.000000
0.462445 0.027841 -0.113853 0.000000
0.220171 -0.094190 0.081710 1.000000
0.479983 0.045730 -0.110714 0.000000
-0.621648 -0.011970 0.035945 2.000000
0.525396 -0.014703 0.034132 0.000000
-0.433988 0.069275 -0.092527 0.000000
0.523366 0.017908 0.085851 0.000000
-0.645437 -0.016598 0.026906 2.000000
0.467452 -0.062146 0.081953 0.000000
0.300469 -0.061605 -0.236344 1.000000
-0.703191 0.038071 -0.069712 2.000000
0.010129 -0.047045 -0.428496 1.000000
0.061766 -0.027044 -0.440377 1.000000
-0.169493 -0.013377 0.077921 0.000000
0.770052 -0.091862 0.034267 0.000000
0.528562 -0.080928 0.063983 0.000000
-0.302052 0.112902 -0.083812 0.000000
0.251700 -0.138710 -0.332636 3.000000
-0.335611 0.024025 -0.098291 0.000000
0.122254 -0.053621 -0.096478 0.000000
-0.747440 0.054769 0.179329 2.000000
0.017111 -0.095651 -0.578754 3.000000
0.379955 -0.014703 -0.051119 0.000000
-0.087166 -0.021956 0.665232 1.000000
0.315570 -0.146693 -0.338293 3.000000
0.170021 0.026190 0.087961 0.000000
-0.068086 -0.031970 0.566151 1.000000
0.244122 -0.091077 0.346989 3.000000
-0.796642 0.044837 0.011452 2.000000
-0.694043 0.140967 0.003604 2.000000
-0.193634 0.045919 0.096189 0.000000
-0.074040 0.158938 -0.025273 0.000000
-0.192308 0.050520 -0.111336 0.000000
-0.038180 0.158992 -0.025003 0.000000
-0.175204 -0.003174 -0.106275 0.000000
-0.154284 0.106407 0.082224 0.000000
-0.759402 0.226056 -0.000077 2.000000
0.394624 0.155825 -0.009847 0.000000
-0.784463 0.053579 -0.043893 2.000000
0.228966 -0.036977 0.172076 1.000000
0.012131 -0.031997 0.412483 1.000000
0.181063 0.154986 -0.045382 0.000000
-0.081482 -0.043553 0.520332 1.000000
-0.037937 -0.075164 -0.626143 3.000000
0.079872 -0.123202 0.573079 3.000000
0.327938 -0.138114 -0.356859 3.000000
-0.121185 -0.107722 -0.045544 0.000000
-0.304596 0.126164 -0.070497 0.000000
0.045312 -0.009155 -0.099157 0.000000
0.152051 -0.053648 -0.129604 1.000000
0.255976 -0.051104 0.077055 0.000000
0.392053 0.064593 -0.110118 0.000000
0.463663 -0.045258 -0.099022 0.000000
-0.499184 -0.012322 0.061358 2.000000
-0.797725 0.006650 -0.008277 2.000000
0.025636 -0.049832 -0.610987 3.000000
0.152186 -0.070644 0.212888 1.000000
0.141875 0.121048 -0.085192 0.000000
0.687508 -0.059792 0.068882 0.000000
0.530538 -0.114027 -0.024624 0.000000
-0.113444 -0.055326 -0.423923 1.000000
-0.878158 0.279020 -0.014448 2.000000
0.284285 -0.063959 0.331644 3.000000
0.046963 0.094688 0.088205 0.000000
0.423717 0.090196 0.090478 0.000000
-0.238777 0.097963 -0.106573 0.000000
-0.797265 0.042293 -0.063190 2.000000
-0.271361 0.151576 0.032291 0.000000
0.059953 -0.163960 -0.067303 3.000000
-0.003701 0.100101 -0.105490 0.000000
-0.768766 0.055175 0.088746 2.000000
-0.820133 0.044160 -0.033311 2.000000
0.412783 0.033362 0.089044 0.000000
0.071699 -0.046449 0.255107 1.000000
0.831758 0.021535 -0.066546 0.000000
0.229832 -0.121253 -0.031309 0.000000
0.143634 -0.116220 -0.002946 0.000000
0.124365 0.154553 -0.046221 0.000000
0.417709 0.152009 0.014186 0.000000
-0.347005 0.057882 -0.099374 0.000000
-0.339589 0.085351 0.074971 0.000000
0.106936 -0.014703 -0.056640 0.000000
-0.107003 -0.010644 0.078624 0.000000
0.279386 -0.119765 -0.061891 0.000000
0.108533 -0.059332 0.300493 1.000000
0.248696 -0.034406 0.245310 1.000000
-0.332228 0.156854 -0.000429 0.000000
-0.189196 -0.109805 0.016703 0.000000
0.245259 -0.109237 0.021331 0.000000
0.268885 -0.075380 -0.172202 1.000000
-0.225434 -0.008127 -0.105030 0.000000
0.295083 -0.068696 -0.201648 1.000000
0.053647 -0.162742 -0.077506 3.000000
0.385963 -0.033756 -0.101566 0.000000
-0.039344 0.086082 -0.112229 0.000000
0.043201 -0.109968 -0.059563 0.000000
-0.308628 0.044864 -0.103704 0.000000
0.311619 0.079912 -0.113203 0.000000
0.138032 -0.088615 -0.115450 1.000000
0.397736 -0.014703 0.026716 0.000000
0.251023 -0.086260 0.057001 0.000000
-0.617642 0.041779 -0.066464 2.000000
-0.414393 0.111062 0.053861 0.000000
0.098817 -0.094839 -0.182027 1.000000
0.432973 0.143322 0.036243 0.000000
0.019953 -0.120712 -0.619539 3.000000
0.064770 -0.045583 0.419655 1.000000
-0.649361 0.038179 -0.072581 2.000000
0.435409 0.104594 -0.103217 0.000000
-0.762975 0.054526 -0.101783 2.000000
-0.011279 -0.063039 0.080357 0.000000
-0.378182 0.032821 0.083171 0.000000
0.070373 -0.041551 -0.309443 1.000000
0.209778 -0.042552 -0.137155 1.000000
0.325665 0.014688 0.085039 0.000000
0.570267 0.129682 -0.074719 0.000000
-0.305110 -0.096436 0.030803 2.000000
0.312864 0.132226 0.061656 0.000000
0.047368 -0.060225 -0.317183 1.000000
-0.095718 -0.032917 0.555299 1.000000
0.000548 -0.102796 0.071669 0.000000
0.168235 -0.014703 -0.029143 0.000000
-0.331308 -0.002877 -0.893316 1.000000
-0.128546 -0.075516 0.065147 0.000000
0.158005 0.109628 -0.094529 0.000000
0.570267 0.036555 -0.072635 0.000000
-0.236530 -0.068371 0.065011 0.000000
-0.347492 0.144838 -0.001268 0.000000
0.026042 -0.064880 0.178030 1.000000
0.084229 -0.058411 -0.605114 3.000000
-0.424136 0.135798 -0.007465 0.000000
0.172484 0.126055 0.060140 0.000000
0.011184 -0.112079 0.588154 3.000000
0.421687 0.027327 -0.113772 0.000000
-0.371687 0.085054 0.082386 0.000000
0.286206 -0.136030 -0.370201 3.000000
0.116462 -0.035353 0.081087 0.000000
-0.888740 0.360671 -0.013690 2.000000
0.162822 -0.111077 0.016432 0.000000
0.107179 -0.034352 -0.329687 1.000000
-0.546735 0.096637 -0.024759 0.000000
0.379847 -0.057058 0.136162 1.000000
0.434407 -0.121118 0.026852 0.000000
-0.240401 -0.015407 -0.012905 0.000000
-0.531309 0.057530 0.055620 0.000000
0.008667 0.018639 0.086040 0.000000
0.357086 -0.082579 -0.321784 3.000000
0.985480 -0.020414 0.014483 0.000000
-0.007652 -0.024744 -0.508416 1.000000
0.877495 -0.101957 -0.039752 0.000000
0.049155 -0.105638 0.069883 0.000000
0.544909 -0.022579 -0.102919 0.000000
-0.817075 0.175501 -0.016992 2.000000
0.268398 0.124540 0.069342 0.000000
0.572920 -0.097735 0.042900 0.000000
0.195434 -0.100685 -0.058318 0.000000
0.640417 0.137206 -0.068142 0.000000
0.016489 -0.066503 0.243768 1.000000
-0.704788 -0.012998 -0.019373 2.000000
-0.707386 0.222511 -0.001051 2.000000
-0.047707 -0.018682 0.594920 1.000000
0.533352 0.153308 0.005931 0.000000
0.315516 -0.099332 0.297110 3.000000
-0.621242 -0.027559 -0.040862 2.000000
-0.320861 0.120588 -0.090957 0.000000
-0.126543 0.020561 0.092129 0.000000
-0.140129 0.024404 -0.107547 0.000000
-0.195881 -0.022173 0.658845 1.000000
0.054351 0.133877 0.052319 0.000000
0.140143 -0.154650 0.135946 1.000000
-0.033606 -0.047911 -0.366520 1.000000
0.882150 0.064133 0.003387 0.000000
-0.389305 -0.084257 -0.016180 2.000000
0.367776 -0.036219 -0.118535 1.000000
0.059033 0.028896 0.093943 0.000000
0.214974 -0.081091 0.332266 3.000000
0.718306 -0.030833 0.073266 0.000000
0.139602 -0.087586 -0.169604 1.000000
-0.007950 -0.115949 0.574351 3.000000
-0.827387 0.101617 -0.005192 2.000000
0.105637 0.003538 0.087826 0.000000
-0.469955 0.105757 -0.058129 0.000000
0.466992 0.137043 -0.068602 0.000000
0.250374 0.114174 -0.092094 0.000000
-0.226192 -0.014703 -0.096262 0.000000
-0.831879 0.031116 0.016215 2.000000
0.267803 -0.089643 0.358599 3.000000
-0.114527 -0.027938 0.606801 1.000000
0.103282 0.047597 0.096405 0.000000
0.255868 -0.038709 0.107853 1.000000
0.037084 -0.037220 -0.369064 1.000000
-0.744220 0.156177 0.001628 2.000000
-0.651905 0.040588 -0.090497 2.000000
0.087450 0.156989 -0.037560 0.000000
0.758415 0.110764 -0.017289 0.000000
-0.382918 -0.034081 0.068854 2.000000
0.332702 -0.121253 -0.030388 0.000000
-0.651553 0.021021 -0.062567 2.000000
-0.051739 -0.014703 -0.062269 0.000000
0.872759 -0.086152 -0.005652 0.000000
-0.504814 -0.024852 -0.074286 2.000000
0.518522 -0.014703 0.039247 0.000000
0.124717 0.040831 0.090018 0.000000
-0.063404 -0.027207 -0.618213 1.000000
0.167586 -0.014703 -0.080727 0.000000
0.181145 0.004404 0.088043 0.000000
-0.238966 -0.023310 -0.106059 0.000000
0.205150 -0.119927 -0.059347 0.000000
-0.551499 -0.051835 0.015701 2.000000
0.570267 0.091603 -0.065192 0.000000
0.350510 -0.016868 0.083063 0.000000
0.003200 -0.056409 0.591050 3.000000
0.103066 -0.063175 0.571726 3.000000
-0.886710 0.348222 -0.005652 2.000000
0.117518 -0.041767 -0.258049 1.000000
-0.245705 0.002211 -0.101268 0.000000
-0.009601 -0.061280 -0.613071 3.000000
-0.755235 0.063159 -0.194855 2.000000
0.441038 0.032009 0.088855 0.000000
-0.366761 0.047408 0.078787 0.000000
-0.259832 -0.105583 0.015295 2.000000
0.193459 -0.014406 0.083279 0.000000
-0.590876 -0.018763 0.038922 2.000000
-0.374204 -0.014027 0.039653 0.000000
0.073674 -0.042552 0.281982 1.000000
0.089101 0.128735 -0.085220 0.000000
-0.751337 0.237017 -0.018967 2.000000
-0.302593 0.075906 0.094078 0.000000
-0.004134 -0.048019 0.321089 1.000000
-0.056015 -0.113270 0.033320 0.000000
0.140928 -0.072999 -0.180484 1.000000
-0.040156 0.145054 -0.052851 0.000000
0.030914 -0.075028 -0.184083 1.000000
-0.073796 -0.093405 -0.074746 0.000000
0.121117 -0.082931 0.131101 1.000000
-0.208980 -0.014703 0.050289 0.000000
0.285963 -0.037897 -0.100808 0.000000
0.009127 -0.085719 0.559683 3.000000
0.037517 -0.059602 -0.322082 1.000000
0.003119 -0.047802 0.596923 1.000000
-0.133309 -0.011618 0.713216 1.000000
0.288777 -0.095137 -0.331364 3.000000
0.246720 -0.107965 0.359330 3.000000
-0.098397 0.032631 0.094430 0.000000
0.824640 -0.099088 -0.023893 0.000000
0.398007 -0.091186 -0.099347 1.000000
0.018275 -0.058655 0.226880 1.000000
0.094892 0.006217 -0.108630 0.000000
-0.053119 -0.036842 -0.532313 1.000000
0.042010 -0.045069 0.593513 1.000000
0.002957 -0.112864 0.579196 3.000000
-0.004053 -0.096463 -0.175585 1.000000
-0.344921 -0.091267 -0.036424 2.000000
0.230103 -0.014703 -0.066843 0.000000
-0.001455 0.053497 0.097163 0.000000
-0.650389 0.071224 -0.048413 2.000000
-0.158046 0.156231 0.022278 0.000000
-0.212281 0.080318 -0.107628 0.000000
-0.723002 0.051143 0.151615 2.000000
0.505152 -0.002092 -0.100944 0.000000
0.432296 -0.093811 -0.094827 0.000000
-0.862191 0.166110 -0.007114 2.000000
-0.108411 -0.032430 0.587477 1.000000
-0.728496 0.109871 0.003387 2.000000
-0.623190 0.107841 -0.024894 2.000000
0.605180 -0.042038 0.079193 0.000000
-0.323162 -0.013215 0.070884 0.000000
-0.524732 0.032117 0.062359 2.000000
-0.324082 -0.096084 -0.028683 2.000000
-0.186192 -0.024798 0.628127 1.000000
-0.037585 -0.046476 0.404120 1.000000
0.436383 0.001914 0.087420 0.000000
0.445909 0.047489 0.090884 0.000000
-0.031333 0.153471 0.004984 0.000000
0.151158 -0.014703 -0.017831 0.000000
-0.057125 -0.064717 0.589182 1.000000
0.144987 0.143863 0.035160 0.000000
0.328994 -0.089670 0.346312 3.000000
0.087233 -0.082498 -0.568091 3.000000
-0.342945 -0.014703 -0.043650 0.000000
-0.089574 -0.112268 -0.033365 0.000000
0.032104 -0.108560 0.011209 0.000000
0.325855 0.124161 -0.082080 0.000000
-0.683299 0.037367 -0.065409 2.000000
-0.008870 0.148572 0.037921 0.000000
0.102227 -0.078087 0.063469 0.000000
0.552189 0.151089 0.020031 0.000000
0.487885 0.131333 0.062576 0.000000
0.382310 -0.054325 0.076053 0.000000
0.311159 -0.135083 0.353863 3.000000
0.063715 -0.067153 -0.260403 1.000000
0.262634 -0.121037 -0.318780 3.000000
0.256220 0.061075 -0.110687 0.000000
-0.203242 -0.020441 0.679034 1.000000
0.174460 0.159560 -0.021268 0.000000
-0.849010 0.046028 0.043902 2.000000
-0.393960 0.141211 -0.035720 0.000000
0.204392 -0.032998 0.301468 1.000000
0.361552 -0.104014 0.073509 0.000000
-0.438318 -0.073215 -0.018480 2.000000
0.309508 -0.118926 0.047339 0.000000
0.064067 -0.025691 -0.467225 1.000000
-0.748712 0.117801 0.002413 2.000000
0.051617 -0.014703 0.045931 0.000000
-0.605924 0.033010 0.011994 2.000000
0.479631 0.153850 -0.022621 0.000000
-0.025379 -0.050292 0.596706 1.000000
0.250699 0.101130 0.078814 0.000000
-0.036394 0.149763 0.035566 0.000000
0.233107 -0.105178 -0.370688 3.000000
0.522527 -0.014703 -0.041241 0.000000
-0.062213 -0.017410 0.628452 1.000000
0.091753 -0.073946 0.189126 1.000000
-0.145082 0.130196 0.055999 0.000000
0.001035 -0.072457 -0.635859 3.000000
-0.069926 0.049952 -0.116749 0.000000
-0.131902 -0.011645 -0.715480 1.000000
-0.207058 -0.109129 0.015404 0.000000
0.272837 -0.133622 0.300683 3.000000
0.470510 0.011657 -0.104381 0.000000
-0.160590 -0.013107 -0.779405 1.000000
0.059249 -0.085827 0.057352 0.000000
0.030129 0.081102 -0.113014 0.000000
0.093350 -0.014703 -0.064083 0.000000
0.688347 -0.087559 -0.070064 0.000000
0.284501 -0.096463 -0.310390 3.000000
0.337979 -0.141659 0.322523 3.000000
0.250753 -0.014703 -0.017344 0.000000
-0.757751 0.245461 -0.001024 2.000000
0.275949 0.147706 -0.047682 0.000000
-0.240401 -0.060252 -0.074583 0.000000
0.135001 0.001264 -0.101783 0.000000
0.253919 0.005053 0.088205 0.000000
-0.045839 -0.064636 0.071426 0.000000
-0.902570 0.068870 -0.271066 2.000000
0.118790 -0.092403 -0.114367 1.000000
0.060603 -0.089048 0.237678 1.000000
-0.906792 0.071332 0.275595 2.000000
0.328453 -0.114000 -0.349281 3.000000
0.135163 -0.014703 -0.091742 0.000000
-0.072389 -0.047748 0.078083 0.000000
-0.750363 0.037476 0.026202 2.000000
0.135217 0.022212 0.092562 0.000000
-0.242539 -0.066991 -0.018318 0.000000
-0.837400 0.044323 0.034456 2.000000
0.481958 -0.049507 -0.098102 0.000000
-0.559915 0.030764 0.057650 2.000000
-0.812258 0.135446 -0.017425 2.000000
-0.126354 -0.037626 0.597220 1.000000
0.539415 0.153336 0.028584 0.000000
0.334948 -0.146612 0.314431 3.000000
-0.687819 0.041264 -0.096803 2.000000
-0.880134 0.249195 -0.013501 2.000000
-0.566221 -0.011347 0.047988 2.000000
-0.061374 -0.042525 -0.469931 1.000000
-0.717075 0.028030 -0.053041 2.000000
0.358548 0.102023 -0.098400 0.000000
0.349481 -0.080522 -0.144814 1.000000
0.347722 -0.120604 0.353024 3.000000
0.004202 -0.026124 -0.587604 1.000000
0.009398 -0.118520 -0.619052 3.000000
0.023796 -0.039358 -0.366087 1.000000
-0.170955 0.153227 -0.026626 0.000000
0.183580 -0.036084 0.227638 1.000000
0.842962 0.049032 -0.046518 0.000000
-0.010088 -0.080983 -0.186005 1.000000
0.527290 0.122023 0.071859 0.000000
0.288317 0.058964 0.090966 0.000000
0.230861 0.083078 -0.107195 0.000000
-0.138911 -0.059954 -0.093718 0.000000
0.037626 -0.102092 -0.094692 0.000000
0.088803 -0.081524 0.133537 1.000000
0.570267 0.078234 0.069450 0.000000
-0.106110 -0.016029 0.699900 1.000000
0.766750 -0.095732 -0.050253 0.000000
-0.148032 -0.052511 0.518086 1.000000
-0.353473 0.144296 0.033239 0.000000
0.271132 -0.070915 -0.347278 3.000000
0.020629 -0.121632 -0.020700 0.000000
0.936332 -0.021334 0.032021 0.000000
0.543583 0.067652 -0.109631 0.000000
-0.117693 -0.030482 -0.595804 1.000000
0.787779 -0.085096 0.037866 0.000000
-0.216043 0.115149 -0.091119 0.000000
-0.334068 0.134039 -0.074746 0.000000
0.138573 0.036555 0.089450 0.000000
0.065961 -0.025989 -0.494261 1.000000
0.090562 -0.169237 -0.165491 3.000000
-0.283811 0.069059 -0.114665 0.000000
-0.019127 -0.055326 0.289370 1.000000
0.272512 0.161346 -0.010036 0.000000
-0.323080 -0.004148 -0.881517 1.000000
0.042876 0.126488 -0.079780 0.000000
-0.120860 -0.023093 0.580062 1.000000
0.084310 0.149520 -0.044137 0.000000
-0.553339 0.074012 -0.058995 0.000000
0.163878 -0.083716 0.129531 1.000000
0.009642 -0.068506 -0.192717 1.000000
-0.656858 0.210927 -0.011038 2.000000
-0.238614 0.011115 0.084145 0.000000
-0.691256 0.238884 -0.007709 2.000000
0.345503 -0.141335 -0.322569 3.000000
-0.040508 -0.014703 -0.084976 0.000000
-0.061157 -0.115759 -0.022513 0.000000
-0.240401 -0.098845 -0.003676 0.000000
0.007828 -0.077627 -0.149144 1.000000
-0.593691 0.049059 -0.069008 2.000000
0.129886 0.137233 -0.068251 0.000000
0.484151 -0.091673 -0.071336 0.000000
0.158844 -0.044311 0.173997 1.000000
0.402689 0.003159 0.082116 0.000000
-0.713800 0.099127 0.004686 2.000000
-0.787440 0.052307 -0.177859 2.000000
0.055163 -0.042958 -0.462353 1.000000
-0.611445 0.043592 0.055810 2.000000
-0.041807 -0.035948 0.429587 1.000000
0.025934 -0.084230 -0.188035 1.000000
-0.744571 0.103213 0.003468 2.000000
0.506235 -0.089183 -0.083704 0.000000
-0.011252 -0.078953 0.613540 3.000000
0.582338 -0.036679 -0.101052 0.000000
0.102091 -0.117492 -0.070334 0.000000
-0.583271 0.043375 0.042494 2.000000
0.792407 -0.097383 -0.040104 0.000000
0.570267 0.063863 -0.051552 0.000000
-0.282945 -0.059792 0.067312 2.000000
-0.023295 -0.066476 0.244092 1.000000
-0.092605 -0.040874 0.587856 1.000000
0.123445 -0.118872 -0.061322 0.000000
0.066746 -0.050265 -0.392177 1.000000
0.759335 0.002130 -0.086897 0.000000
0.141523 -0.142553 0.157705 3.000000
-0.206111 -0.013567 0.703689 1.000000
0.255029 -0.088236 -0.366601 3.000000
0.131537 -0.121470 -0.029549 0.000000
-0.030223 -0.035705 -0.601975 1.000000
0.022930 -0.014703 -0.015422 0.000000
0.077517 0.093660 0.088719 0.000000
-0.374204 0.064269 -0.016017 0.000000
0.570267 0.002536 0.034835 0.000000
0.833273 -0.081334 0.010478 0.000000
0.098546 -0.051808 0.589074 3.000000
-0.741811 0.124621 0.002440 2.000000
0.192295 -0.096734 0.319303 3.000000
-0.009330 -0.111592 -0.587577 3.000000
0.570267 0.079803 0.006202 0.000000
0.154757 -0.161443 0.126581 3.000000
0.360280 -0.056923 -0.182378 1.000000
-0.731635 0.216502 0.000221 2.000000
0.268073 -0.102958 -0.054340 0.000000
-0.558319 0.025676 -0.078021 2.000000
-0.685599 0.175095 0.001953 2.000000
0.494841 0.149005 0.025065 0.000000
-0.398642 -0.014135 -0.093339 2.000000
0.007287 -0.148290 -0.078995 3.000000
0.076841 0.129357 0.064524 0.000000
0.290293 -0.012592 0.078137 0.000000
-0.784490 0.053822 0.093672 2.000000
-0.832989 0.064404 -0.273177 2.000000
-0.595802 0.036880 0.039734 2.000000
-0.757914 0.045216 0.101223 2.000000
0.167315 0.161265 -0.010632 0.000000
0.025447 0.133985 -0.079969 0.000000
0.520443 -0.059792 -0.090984 0.000000
0.321687 -0.099332 0.361739 3.000000
0.187640 -0.084257 0.058597 0.000000
0.136246 -0.172593 -0.140781 1.000000
-0.145759 -0.010346 -0.735291 1.000000
-0.086002 0.154526 0.026229 0.000000
0.071915 -0.043472 -0.455750 1.000000
0.041631 0.135392 0.058516 0.000000
-0.384650 0.131739 0.042576 0.000000
-0.062186 -0.035705 0.527694 1.000000
0.085772 -0.120523 0.030316 0.000000
0.169561 -0.081822 -0.346655 1.000000
0.156029 -0.005123 0.080032 0.000000
0.377682 0.029600 0.094024 0.000000
-0.216314 -0.004013 0.085905 0.000000
-0.722379 0.043105 0.089558 2.000000
0.566939 -0.014703 -0.057696 0.000000
-0.201429 -0.016923 -0.738999 1.000000
0.291673 -0.036219 0.139572 1.000000
0.999878 -0.015136 0.003956 0.000000
0.269129 -0.075516 -0.363489 3.000000
0.141415 -0.154217 -0.153041 1.000000
-0.896291 0.335718 -0.013717 2.000000
-0.826710 0.018423 -0.027574 2.000000
-0.161699 -0.116382 -0.014691 0.000000
-0.760647 0.051846 0.157597 2.000000
0.013891 -0.145854 0.016892 0.000000
0.520741 -0.062931 0.070803 0.000000
-0.081428 -0.037464 0.507910 1.000000
-0.406328 0.094282 -0.088359 0.000000
0.428507 0.119100 0.067095 0.000000
-0.816372 0.257504 -0.017966 2.000000
-0.244839 -0.002471 0.840713 1.000000
0.044446 -0.107289 -0.046437 0.000000
0.624774 0.011548 -0.105869 0.000000
-0.199751 -0.020089 -0.666549 1.000000
0.033349 -0.014703 -0.041918 0.000000
0.107991 -0.115137 -0.586873 3.000000
0.271429 0.156123 -0.043000 0.000000
0.266287 -0.102931 0.291752 3.000000
-0.078343 -0.021361 -0.583057 1.000000
-0.242539 -0.045015 0.049775 0.000000
0.570267 0.030520 -0.035125 0.000000
0.028289 -0.035272 0.517247 1.000000
-0.109195 0.016934 0.085607 0.000000
0.359982 -0.096057 -0.102161 1.000000
0.024310 0.111928 -0.099455 0.000000
-0.239778 -0.009994 0.750645 1.000000
-0.789741 0.021264 0.020816 2.000000
0.143607 -0.068154 -0.249307 1.000000
-0.621323 0.082023 -0.036451 2.000000
-0.148113 -0.114785 0.005363 0.000000
-0.859349 0.058666 0.143956 2.000000
-0.008383 -0.086585 0.056730 0.000000
-0.024811 -0.048533 -0.354260 1.000000
-0.253391 -0.014785 0.735056 1.000000
-0.837238 0.043375 0.012887 2.000000
-0.793584 0.051305 0.024659 2.000000
-0.046813 -0.054920 -0.413259 1.000000
0.112267 -0.117573 0.049747 0.000000
0.355814 -0.140577 -0.363624 3.000000
0.450375 -0.075299 -0.105301 0.000000
0.223121 -0.050752 -0.352582 1.000000
-0.073038 -0.026963 0.613594 1.000000
0.032592 0.056610 0.091344 0.000000
0.134676 -0.034379 0.415108 1.000000
0.104554 -0.075137 0.180492 1.000000
0.248831 -0.042011 -0.085382 1.000000
-0.266030 -0.005231 0.857438 1.000000
-0.037395 -0.118249 -0.035260 0.000000
-0.048546 -0.047261 0.409181 1.000000
0.469455 0.122293 0.063902 0.000000
0.302796 0.153146 -0.048981 0.000000
0.837008 -0.078763 -0.022783 0.000000
-0.168249 -0.027396 -0.598051 1.000000
-0.054012 -0.034298 -0.557239 1.000000
-0.259508 -0.011618 -0.789798 1.000000
-0.238668 -0.103906 -0.043433 0.000000
0.285990 -0.086206 0.355649 3.000000
-0.231334 -0.014703 -0.015070 0.000000
-0.045920 -0.117275 -0.037777 0.000000
-0.775911 0.047706 0.028042 2.000000
0.464042 -0.103878 -0.052635 0.000000
0.049885 -0.014703 0.027312 0.000000
-0.690579 0.068788 -0.046194 2.000000
-0.089520 -0.058411 0.074240 0.000000
0.083120 0.014525 -0.105084 0.000000
0.314190 -0.140550 0.302983 3.000000
-0.042673 -0.014703 -0.011823 0.000000
-0.684544 0.035879 0.035485 2.000000
-0.856805 0.057665 0.165337 2.000000
-0.926521 0.343729 -0.007601 2.000000
0.148722 -0.033621 0.286447 1.000000
0.054703 -0.156166 0.052400 0.000000
0.161686 -0.042579 0.183659 1.000000
-0.805032 0.060047 0.138138 2.000000
-0.335503 0.002076 -0.102730 0.000000
0.760390 -0.066287 0.054781 0.000000
0.292052 -0.038005 -0.235938 1.000000
0.742907 0.011413 0.067204 0.000000
-0.806087 0.068897 0.226907 2.000000
0.239169 -0.114298 -0.027060 0.000000
-0.322918 0.099316 -0.103461 0.000000
0.598278 -0.079765 0.061791 0.000000
0.002064 -0.117410 -0.066518 0.000000
0.026638 -0.095326 -0.643897 3.000000
0.517466 -0.116084 -0.019130 0.000000
-0.157396 0.063863 -0.110254 0.000000
-0.348385 0.146245 -0.050470 0.000000
0.349346 0.133768 0.060113 0.000000
-0.092010 -0.047586 0.597058 1.000000
0.899742 -0.074135 -0.033068 0.000000
0.473217 0.145974 -0.051065 0.000000
-0.050900 -0.019250 -0.601759 1.000000
-0.833638 0.344812 -0.005923 2.000000
0.118817 -0.029507 0.369100 1.000000
0.311836 -0.098763 -0.381324 3.000000
-0.168952 -0.029345 -0.589228 1.000000
0.024608 -0.024636 0.536895 1.000000
0.176706 -0.049886 -0.341838 1.000000
0.104040 0.087760 -0.105680 0.000000
-0.585058 0.127652 0.000464 2.000000
0.005311 0.153823 -0.022783 0.000000
0.004256 0.142727 -0.057452 0.000000
0.154270 -0.030942 0.366799 1.000000
-0.284081 0.028950 0.094213 0.000000
0.009263 -0.089643 0.621036 3.000000
-0.098072 0.155690 -0.009116 0.000000
0.132051 -0.143364 0.155756 3.000000
-0.631147 0.016826 -0.064732 2.000000
-0.320509 0.035067 -0.101322 0.000000
-0.003809 -0.160604 0.057921 0.000000
0.699145 -0.060739 0.066771 0.000000
0.189805 -0.120063 0.319465 3.000000
0.407344 -0.097816 0.042792 0.000000
-0.011901 -0.057518 0.584203 1.000000
-0.506789 -0.042850 0.040248 2.000000
0.212674 -0.027180 0.082440 0.000000
-0.689443 0.023321 0.037433 2.000000
0.816602 0.005622 -0.077966 0.000000
-0.404299 0.040886 -0.099780 0.000000
0.035136 -0.031131 0.081845 0.000000
-0.802650 0.206786 -0.018589 2.000000
0.000278 -0.074135 0.156216 1.000000
0.218980 0.139668 -0.074286 0.000000
0.422580 -0.068912 -0.117317 1.000000
0.616330 -0.066558 -0.089550 0.000000
-0.274257 -0.073351 0.058191 2.000000
0.633191 -0.003986 0.081277 0.000000
-0.095961 -0.032159 -0.514884 1.000000
0.420659 0.147571 0.027907 0.000000
-0.048762 -0.099521 0.040004 0.000000
0.428129 -0.054379 0.076026 0.000000
-0.096151 -0.044284 0.427206 1.000000
0.017003 -0.097654 0.622417 3.000000
-0.285083 -0.002877 -0.898134 1.000000
-0.046813 -0.026936 -0.627253 1.000000
0.194622 -0.032349 -0.309659 1.000000
-0.840567 0.048247 -0.094773 2.000000
0.453623 0.046488 -0.116316 0.000000
-0.031225 -0.040333 -0.496724 1.000000
0.680904 0.105027 0.053618 0.000000
