-0.059313 -0.149526 0.067012 3.000000
0.423202 -0.035561 -0.115238 1.000000
-0.733009 0.031032 0.173516 2.000000
0.224144 -0.040387 0.272809 1.000000
-0.158773 0.031005 0.639640 1.000000
-0.117447 -0.059108 -0.064150 0.000000
0.133809 0.110079 0.018142 0.000000
0.198683 -0.007049 0.437864 1.000000
0.114644 -0.056945 0.113580 1.000000
0.131285 -0.050316 -0.208846 1.000000
-0.345599 0.086947 -0.043903 0.000000
0.081999 -0.036892 -0.228427 1.000000
0.165289 -0.075500 -0.624712 3.000000
0.238511 0.054386 -0.073413 0.000000
0.122937 -0.108921 0.033535 1.000000
0.085189 -0.067179 -0.619054 3.000000
0.820624 -0.079965 0.009738 0.000000
-0.129456 -0.095664 0.061603 1.000000
0.041006 -0.091226 0.103179 1.000000
0.090209 -0.021859 -0.352960 1.000000
-0.026280 -0.031234 0.340845 1.000000
0.102551 -0.019280 0.239693 1.000000
0.025419 -0.099103 -0.070834 1.000000
0.126903 0.080263 0.078300 0.000000
-0.049079 -0.014371 0.460329 1.000000
0.063666 0.092716 0.063739 0.000000
0.013465 -0.022913 -0.625433 3.000000
0.338997 -0.026380 0.157041 1.000000
0.017653 0.025374 0.104094 0.000000
0.323881 -0.022858 0.191683 1.000000
0.846918 0.000496 -0.044846 0.000000
-0.080531 -0.077802 -0.047314 0.000000
0.834714 -0.003082 0.068842 0.000000
0.161545 -0.022275 -0.668313 3.000000
-0.312622 0.090442 0.065542 0.000000
0.271072 -0.109642 -0.333156 3.000000
0.246582 -0.110946 0.014564 1.000000
0.124185 -0.018143 0.239028 1.000000
0.044862 -0.025604 0.330527 1.000000
-0.797550 0.038549 -0.268699 2.000000
0.050603 -0.049567 0.667930 3.000000
0.334559 0.055190 -0.073080 0.000000
-0.048247 0.004795 -0.493884 1.000000
0.412496 -0.103291 -0.003298 1.000000
-0.229249 -0.080770 -0.042044 0.000000
-0.135447 0.070223 0.827520 1.000000
-0.737586 0.026678 0.034533 0.000000
-0.750233 0.041295 -0.203354 2.000000
0.523161 -0.010931 0.104593 0.000000
0.205339 -0.014426 0.352549 1.000000
0.223451 -0.032981 -0.283870 1.000000
0.489573 0.018884 0.104843 0.000000
0.383096 -0.098465 -0.005239 0.000000
0.189586 -0.030235 0.611127 3.000000
0.251269 -0.081851 -0.107056 1.000000
0.179518 -0.011985 -0.247010 1.000000
-0.721915 0.317346 0.019972 2.000000
0.336750 -0.036199 0.098048 0.000000
-0.127653 0.073828 -0.843989 1.000000
-0.211581 0.082204 -0.953989 1.000000
-0.681643 -0.006189 -0.010121 0.000000
0.414826 -0.054948 0.125978 1.000000
-0.033602 0.109912 0.001057 0.000000
0.009970 -0.023412 -0.247537 1.000000
-0.138831 0.007346 -0.633532 1.000000
0.131618 -0.033259 0.347501 1.000000
-0.867277 0.432033 0.006105 2.000000
0.020427 -0.140540 -0.073885 3.000000
0.282222 -0.102764 -0.063900 1.000000
0.305381 -0.017117 -0.232976 1.000000
-0.782878 0.034999 0.244630 2.000000
0.117251 -0.034645 -0.580474 3.000000
-0.023479 0.001411 0.502682 1.000000
0.148315 -0.017255 -0.212479 1.000000
-0.297201 -0.049512 0.086066 0.000000
0.211913 -0.094471 -0.076187 1.000000
0.064665 -0.068233 -0.609291 3.000000
-0.052573 0.022656 0.528725 1.000000
0.032519 0.020465 0.620974 1.000000
0.347428 -0.030929 0.371021 1.000000
-0.106380 0.057991 0.840029 1.000000
-0.287854 0.078294 -0.912413 1.000000
-0.701113 0.191926 0.019667 2.000000
-0.688854 0.030311 0.188216 2.000000
-0.062087 0.025901 -0.634392 1.000000
0.111149 -0.021637 0.221221 1.000000
-0.530262 0.130880 0.024493 2.000000
-0.685637 0.235859 0.001972 2.000000
0.353724 -0.091420 0.095219 1.000000
0.010802 0.008622 -0.407349 1.000000
0.510070 0.013725 -0.083814 0.000000
0.538720 -0.045074 0.094747 0.000000
-0.098198 0.020216 0.104704 0.000000
0.060005 -0.001945 -0.333323 1.000000
0.032159 -0.010931 -0.296129 1.000000
0.868634 -0.010821 -0.012423 0.000000
0.621289 0.106556 0.016200 0.000000
0.101719 -0.008324 -0.435778 1.000000
0.680449 0.057215 0.084097 0.000000
-0.107573 0.035942 0.721598 1.000000
0.231161 0.031005 -0.081762 0.000000
-0.549927 0.023100 -0.074328 2.000000
-0.032798 -0.155378 -0.069003 3.000000
0.189696 -0.003914 -0.646540 3.000000
-0.733730 0.032225 -0.189958 2.000000
0.448081 -0.074529 -0.097238 1.000000
-0.204453 0.063039 0.882741 1.000000
-0.666388 0.141253 0.004163 2.000000
-0.190114 0.041267 0.100073 0.000000
-0.078728 0.063067 -0.770657 1.000000
-0.713456 0.030977 0.194873 2.000000
-0.094704 0.110717 0.006188 0.000000
0.154999 0.008372 -0.394896 1.000000
0.335669 -0.057888 -0.176562 1.000000
0.253322 -0.063296 0.193874 1.000000
-0.157136 -0.093223 0.055335 1.000000
-0.019845 -0.048319 0.012844 0.000000
-0.140800 -0.100462 0.008462 0.000000
0.215601 -0.015563 0.234202 1.000000
-0.174000 -0.074834 -0.077102 1.000000
0.071349 -0.146752 -0.108887 3.000000
0.651132 -0.073364 0.072559 0.000000
-0.576581 0.234167 0.014675 2.000000
0.140577 -0.027185 0.667209 3.000000
0.659952 0.044068 -0.071028 0.000000
0.365845 -0.115023 0.357236 3.000000
0.039620 -0.025215 -0.221687 1.000000
0.222591 -0.040303 -0.074855 0.000000
0.035709 -0.002666 0.450372 1.000000
0.782932 -0.009961 0.086787 0.000000
0.037900 0.016804 -0.635807 1.000000
0.239010 0.045067 0.098547 0.000000
0.068464 -0.008657 -0.293439 1.000000
-0.553782 0.113767 0.029680 2.000000
0.012633 -0.135936 0.088174 3.000000
-0.102775 0.050669 0.698578 1.000000
0.077035 -0.058942 0.625994 3.000000
-0.251298 0.090109 -0.941674 1.000000
0.352033 -0.082767 0.120458 1.000000
0.227555 -0.024855 -0.131602 1.000000
0.269713 -0.012457 0.285984 1.000000
-0.193276 0.055301 0.828768 1.000000
0.276897 -0.016590 -0.346525 1.000000
0.076813 -0.155905 0.163199 3.000000
0.156996 -0.108422 -0.032032 1.000000
0.051241 -0.026075 -0.316349 1.000000
-0.095425 0.033390 -0.685176 1.000000
-0.140772 -0.003720 -0.545111 1.000000
-0.770729 0.034555 -0.147495 2.000000
-0.832330 0.379945 0.004856 2.000000
-0.086549 0.023904 -0.635557 1.000000
-0.161213 0.059628 0.772493 1.000000
0.814106 -0.149637 -0.001911 1.000000
0.343518 -0.085762 0.389493 3.000000
0.100998 -0.137378 -0.070085 0.000000
-0.028305 -0.047043 -0.088723 1.000000
-0.758942 0.042848 -0.226763 2.000000
0.284524 -0.082406 -0.106308 1.000000
0.390335 -0.069953 -0.082816 1.000000
0.112814 -0.077441 0.115410 1.000000
0.074317 0.008317 0.649791 3.000000
-0.841899 0.404464 0.017587 2.000000
0.141880 -0.015452 -0.664180 3.000000
0.134142 0.005377 0.517187 1.000000
0.831746 -0.039527 0.074972 0.000000
-0.683446 0.102729 0.020804 2.000000
-0.672962 0.311050 0.017310 2.000000
0.263334 -0.108838 0.358374 3.000000
0.199182 -0.022469 -0.359893 1.000000
0.037789 -0.014482 -0.354097 1.000000
-0.155666 0.079542 0.903155 1.000000
-0.093400 -0.098576 0.025991 0.000000
0.300888 -0.021055 -0.177089 1.000000
-0.322274 0.083785 -0.050004 0.000000
-0.470659 -0.048014 -0.025819 0.000000
0.364597 -0.036060 -0.104061 1.000000
0.239066 -0.008297 -0.286256 1.000000
-0.813304 0.036801 0.256113 2.000000
0.122188 -0.035061 0.292862 1.000000
0.099667 -0.062991 0.125978 1.000000
0.211053 -0.009961 0.287426 1.000000
0.113368 0.004878 0.522235 1.000000
0.178630 -0.049789 0.678553 3.000000
0.141159 -0.021915 -0.609957 3.000000
0.781129 -0.029514 -0.064260 0.000000
-0.162767 0.019744 -0.083148 0.000000
-0.541052 0.027288 -0.043653 0.000000
-0.335725 -0.070341 0.059884 0.000000
-0.656182 0.004240 -0.021354 0.000000
0.077201 -0.009406 -0.430758 1.000000
-0.718698 0.042182 0.038278 0.000000
0.140438 0.004434 -0.084757 0.000000
0.334670 -0.030846 -0.352072 3.000000
-0.399101 0.118427 0.010126 2.000000
-0.471463 0.103256 0.015063 0.000000
0.246083 -0.021915 0.175319 1.000000
0.252296 -0.027185 -0.107944 1.000000
0.064554 0.019494 -0.583691 1.000000
-0.707909 0.004545 -0.011258 0.000000
-0.847002 0.360309 0.008739 2.000000
0.919196 -0.024217 0.022302 0.000000
-0.148760 0.006070 -0.625156 1.000000
0.126792 -0.145421 -0.102730 3.000000
0.003841 -0.024882 -0.282761 1.000000
0.003064 -0.056889 -0.222686 1.000000
0.053182 0.001938 0.519628 1.000000
0.090376 -0.126921 0.077191 0.000000
-0.654767 0.038632 0.231900 2.000000
-0.645254 0.032891 -0.194701 2.000000
-0.836158 0.365190 0.015368 2.000000
0.254126 -0.027406 0.104288 1.000000
-0.013577 -0.151273 -0.065453 3.000000
0.892875 -0.045656 0.000918 0.000000
-0.094288 0.013420 0.640499 1.000000
0.453933 -0.068732 0.103845 1.000000
0.002676 -0.104733 0.055196 0.000000
0.247553 0.087474 0.069702 0.000000
-0.053073 0.027399 -0.532103 1.000000
0.744684 -0.098576 -0.004158 0.000000
0.177715 -0.025354 0.370355 1.000000
0.030245 -0.049484 0.142009 1.000000
-0.109015 -0.097855 -0.035887 1.000000
0.388061 -0.057832 -0.315739 3.000000
0.010109 -0.040470 0.647073 3.000000
0.359688 -0.026047 -0.215364 1.000000
-0.134476 0.064842 -0.768410 1.000000
0.262114 -0.027961 -0.079487 0.000000
-0.052102 -0.003193 -0.422021 1.000000
-0.766791 0.032863 -0.007819 0.000000
0.763045 -0.000392 0.089866 0.000000
-0.130677 0.043042 0.667569 1.000000
-0.155250 0.068253 0.903904 1.000000
-0.139219 0.027205 -0.634974 1.000000
-0.663587 0.106223 0.010958 2.000000
0.041422 0.016693 -0.445679 1.000000
0.892875 -0.006632 0.017837 0.000000
0.845448 -0.072671 0.042105 0.000000
0.264666 -0.056889 0.087425 0.000000
0.078144 0.008234 0.637726 1.000000
-0.644505 0.040102 0.217477 2.000000
-0.044946 0.030894 -0.669755 1.000000
-0.007670 0.007956 -0.486201 1.000000
-0.147124 -0.094915 -0.020910 1.000000
0.097559 0.103810 0.043797 0.000000
0.310651 -0.097744 -0.010065 0.000000
0.025142 -0.107368 0.003386 1.000000
0.063860 -0.154213 -0.099956 3.000000
0.019151 0.030034 -0.533435 1.000000
-0.709157 0.033861 0.085567 2.000000
0.121578 -0.053672 -0.104061 1.000000
-0.781491 0.041932 0.355018 2.000000
-0.036015 0.043319 0.748640 1.000000
0.206726 0.002243 0.386858 1.000000
0.047080 0.032669 -0.558480 1.000000
0.263001 -0.016895 0.229209 1.000000
0.080446 -0.023496 -0.339730 1.000000
0.204618 -0.053173 0.374100 1.000000
0.122466 -0.064433 0.243743 1.000000
0.279060 -0.020084 -0.318207 1.000000
-0.342909 0.046231 -0.070529 0.000000
0.227805 -0.000475 -0.352710 1.000000
-0.211859 0.089443 -0.947304 1.000000
-0.787981 0.034056 -0.162999 2.000000
0.102440 -0.127587 0.133910 3.000000
-0.632967 0.222047 0.001972 2.000000
-0.807507 0.041738 -0.312272 2.000000
-0.327405 -0.084347 -0.011535 0.000000
0.042393 -0.098437 0.027017 0.000000
0.153252 -0.021416 0.103318 0.000000
0.312204 -0.028627 -0.362584 1.000000
-0.063196 0.050780 -0.673721 1.000000
0.105907 0.003768 -0.600777 3.000000
-0.226642 0.045815 0.098519 0.000000
0.314506 0.018746 -0.083204 0.000000
-0.526546 0.161861 0.018419 2.000000
0.095202 -0.098215 0.167498 1.000000
0.059534 -0.053145 -0.068310 0.000000
0.162821 -0.009351 -0.660242 3.000000
0.199404 -0.004358 -0.422215 1.000000
-0.029913 0.008012 0.443383 1.000000
0.367537 -0.043049 -0.352904 3.000000
0.761769 0.063427 -0.037385 0.000000
-0.579049 0.027122 0.135990 2.000000
0.043475 0.017553 0.585084 1.000000
-0.654434 0.183328 0.021692 2.000000
0.409112 -0.032870 0.159094 1.000000
0.208141 -0.110752 0.022968 1.000000
0.546514 -0.075638 0.071505 0.000000
0.246388 -0.006716 0.326006 1.000000
-0.222370 -0.029930 0.100017 0.000000
0.201373 -0.091808 -0.025653 0.000000
-0.799574 0.050142 -0.341560 2.000000
0.330371 -0.042439 0.125978 1.000000
0.231355 -0.049317 -0.104061 1.000000
-0.087271 0.029673 0.579675 1.000000
0.195271 -0.047126 -0.359644 1.000000
0.318639 0.095906 0.059662 0.000000
-0.772671 0.265370 0.016505 2.000000
0.197157 -0.110752 0.020000 1.000000
0.024947 -0.140956 -0.063123 3.000000
-0.415021 0.105752 0.015202 0.000000
0.007502 0.033834 -0.559423 1.000000
-0.070463 0.018995 0.612930 1.000000
-0.031245 0.104698 0.042161 0.000000
0.381765 -0.069148 -0.131963 1.000000
-0.297506 0.086309 -0.049533 0.000000
0.049133 -0.138654 0.124119 3.000000
-0.003870 -0.089645 -0.053610 0.000000
0.376246 -0.059940 0.342925 3.000000
0.274262 -0.044270 -0.104061 1.000000
0.439122 0.004656 -0.084812 0.000000
-0.178687 0.044595 -0.680960 1.000000
0.236930 -0.043382 0.261466 1.000000
-0.225116 0.029008 -0.082122 0.000000
0.054680 0.094214 -0.040325 0.000000
0.328319 -0.022830 -0.173289 1.000000
0.280031 -0.100101 0.015562 0.000000
0.069463 -0.157125 0.135103 3.000000
-0.090405 0.007124 0.472588 1.000000
-0.108516 0.101869 -0.026873 0.000000
0.018513 -0.010405 -0.305504 1.000000
-0.704469 0.030894 -0.039687 2.000000
0.018735 0.022934 -0.614811 1.000000
-0.581795 0.064426 0.052673 0.000000
-0.812444 0.032197 0.018918 0.000000
-0.059258 -0.096801 -0.068754 0.000000
0.380600 -0.116604 0.371964 3.000000
0.052017 0.107777 0.034506 0.000000
0.426724 0.085588 0.071671 0.000000
-0.498145 -0.035977 -0.030257 0.000000
-0.108960 0.094464 0.061881 0.000000
-0.036875 0.029424 0.642746 1.000000
0.140743 -0.025631 -0.636444 3.000000
-0.318834 -0.026990 -0.072442 0.000000
0.092067 0.011118 -0.405796 1.000000
-0.578217 -0.034673 0.029181 0.000000
-0.240676 0.102562 0.047347 0.000000
0.811666 -0.041246 -0.057659 0.000000
0.141548 -0.048042 -0.220217 1.000000
-0.673350 0.042820 0.197729 2.000000
-0.027473 -0.020473 -0.287837 1.000000
0.207031 -0.109004 -0.031505 1.000000
-0.012440 0.028730 -0.082067 0.000000
0.115448 -0.011819 0.436726 1.000000
-0.079283 -0.051259 0.091225 0.000000
0.079059 0.030173 0.575321 1.000000
0.140826 -0.098437 -0.005378 0.000000
0.929486 -0.046572 0.022690 0.000000
0.014602 0.042154 0.650651 1.000000
0.361296 -0.067456 -0.058464 0.000000
-0.104910 0.017442 0.578150 1.000000
-0.519279 0.057825 -0.041684 0.000000
-0.095147 0.057104 0.737601 1.000000
0.212800 -0.086566 0.058691 0.000000
-0.072488 0.034000 0.596261 1.000000
-0.103579 0.054635 -0.700514 1.000000
-0.059840 -0.151412 -0.033890 3.000000
-0.140024 0.048533 0.700103 1.000000
-0.830389 0.046675 0.013787 2.000000
0.439399 0.107250 0.035282 0.000000
-0.016656 -0.077635 0.035643 3.000000
-0.189559 0.016887 0.105120 0.000000
0.003536 -0.013483 0.319766 1.000000
0.537028 0.027760 0.103761 0.000000
-0.580075 0.146329 -0.001412 2.000000
0.139218 -0.072504 0.138237 1.000000
-0.840235 0.395477 0.004746 2.000000
0.625533 0.057353 -0.067977 0.000000
0.337749 -0.054920 -0.104061 1.000000
-0.570257 0.093964 0.028376 0.000000
-0.076481 -0.078689 -0.085672 1.000000
-0.073597 0.017886 -0.572348 1.000000
-0.472711 0.047951 -0.052750 0.000000
-0.566735 0.037467 -0.085700 2.000000
-0.069464 0.007263 0.652509 1.000000
0.059339 -0.039305 0.096855 0.000000
-0.779716 0.037800 -0.193591 2.000000
0.042421 0.029063 0.550387 1.000000
0.090819 -0.063379 0.153824 1.000000
-0.761494 0.041655 -0.323061 2.000000
0.329428 -0.099241 -0.313963 3.000000
0.891267 -0.021582 -0.025958 0.000000
-0.735422 0.211646 0.017504 2.000000
-0.118778 -0.100101 0.015618 0.000000
0.145347 0.014502 0.466819 1.000000
0.057481 -0.000919 -0.644571 3.000000
-0.607395 0.060737 0.050648 0.000000
0.162821 0.007291 0.638613 3.000000
0.032630 -0.030873 -0.197530 1.000000
0.262724 -0.089950 -0.029702 0.000000
-0.201347 -0.071728 -0.054442 0.000000
-0.191307 0.064925 -0.874970 1.000000
0.878508 -0.030402 -0.036359 0.000000
-0.828197 0.361973 0.005633 2.000000
-0.387092 0.067172 -0.056189 0.000000
-0.541301 0.034971 0.105009 2.000000
-0.021759 -0.001252 -0.371321 1.000000
0.095756 -0.002944 -0.465621 1.000000
0.130453 0.109884 0.002166 0.000000
-0.052213 0.039547 -0.600305 1.000000
0.192969 -0.085290 -0.090665 1.000000
0.095728 -0.017311 -0.232948 1.000000
0.283775 -0.068871 0.415453 3.000000
0.546431 0.080984 -0.054969 0.000000
0.073124 0.004212 -0.642796 3.000000
-0.065581 -0.006022 0.401031 1.000000
-0.293706 0.032891 0.102458 0.000000
0.104493 -0.017366 0.251203 1.000000
0.379047 -0.017449 -0.082178 0.000000
0.280919 -0.032593 -0.083620 1.000000
0.687411 -0.083238 0.060244 0.000000
-0.556694 0.040629 0.062158 0.000000
0.027555 -0.003360 -0.463819 1.000000
0.796910 -0.145920 0.020083 1.000000
-0.632912 0.048811 0.050565 0.000000
0.387534 -0.099380 0.405829 3.000000
-0.153198 0.005405 0.551413 1.000000
0.122771 0.008899 -0.392122 1.000000
0.845281 -0.030263 0.072698 0.000000
-0.056401 0.047480 0.672645 1.000000
0.132922 -0.002750 -0.313492 1.000000
0.008223 -0.007797 0.448292 1.000000
-0.017987 -0.122595 -0.062236 0.000000
0.642202 -0.056834 -0.063678 0.000000
0.052267 -0.059607 -0.623603 3.000000
-0.177466 0.051057 0.804610 1.000000
-0.011026 -0.145865 0.100932 3.000000
0.071626 0.013614 0.576624 1.000000
-0.088324 0.020853 0.618866 1.000000
0.176966 0.010896 -0.430785 1.000000
0.025447 0.013476 0.586914 1.000000
-0.091736 -0.094332 -0.020161 0.000000
0.164624 0.008872 -0.403743 1.000000
0.106379 -0.126616 -0.103506 3.000000
-0.673988 0.028647 -0.126444 2.000000
0.426641 -0.083266 -0.040963 0.000000
0.054070 0.017026 -0.576314 1.000000
0.162821 -0.043410 0.685154 3.000000
-0.034129 0.012034 -0.443627 1.000000
0.222840 -0.015536 -0.213394 1.000000
0.164929 -0.027157 -0.323532 1.000000
0.076785 0.012061 0.567749 1.000000
-0.113564 0.074133 0.082766 0.000000
-0.047914 -0.003443 0.446240 1.000000
-0.463919 0.021686 -0.058575 0.000000
0.080474 -0.108283 0.032980 1.000000
-0.606147 0.162776 0.022524 2.000000
-0.329235 -0.042384 -0.063623 0.000000
-0.047054 0.057076 -0.733241 1.000000
-0.639707 -0.025132 0.001251 0.000000
0.117307 -0.014204 -0.400942 1.000000
0.451353 -0.099685 -0.012617 1.000000
0.262946 -0.006716 -0.315600 1.000000
0.347872 -0.038029 0.350219 3.000000
-0.539998 0.157229 0.020083 2.000000
0.124185 -0.133523 -0.141005 3.000000
0.170365 0.006459 0.406772 1.000000
-0.008973 -0.120376 -0.054858 0.000000
-0.122938 -0.040636 -0.079987 1.000000
0.073013 -0.131415 0.149164 3.000000
0.384899 0.061292 0.091336 0.000000
-0.544186 0.024598 0.105758 2.000000
0.345542 -0.067262 -0.319954 3.000000
0.642174 -0.100129 0.006299 0.000000
0.297865 -0.086844 0.114107 1.000000
0.051435 0.031282 0.570550 1.000000
0.335946 0.109579 0.020056 0.000000
-0.511097 -0.004968 -0.044790 0.000000
0.435572 0.072275 -0.062042 0.000000
0.370061 -0.041857 -0.074273 0.000000
0.321607 -0.055586 -0.186935 1.000000
-0.056872 0.052250 0.706593 1.000000
0.127430 -0.027711 0.101182 0.000000
0.155027 0.014641 -0.452059 1.000000
0.341465 -0.040608 -0.228039 1.000000
-0.734340 0.031005 -0.150352 2.000000
-0.820709 0.039298 -0.243210 2.000000
-0.171115 0.035581 -0.646402 1.000000
0.259396 -0.045351 -0.358562 3.000000
0.550092 0.095878 -0.037274 0.000000
0.050658 -0.001806 0.498244 1.000000
-0.158135 -0.075333 0.071866 0.000000
-0.651855 0.220577 0.020472 2.000000
-0.168536 0.048117 0.786333 1.000000
-0.308628 -0.078107 -0.031366 0.000000
0.402955 -0.032926 0.139235 1.000000
-0.607922 0.258353 0.015562 2.000000
0.154445 0.009621 0.426908 1.000000
0.168063 -0.057139 -0.065564 0.000000
0.164596 -0.039111 0.377206 1.000000
-0.063806 0.015917 -0.553182 1.000000
0.552588 -0.015314 0.103734 0.000000
-0.064777 -0.089728 0.099823 0.000000
-0.710876 0.335208 0.003081 2.000000
0.094425 -0.060911 -0.235111 1.000000
-0.142076 0.036552 -0.648149 1.000000
-0.855878 0.048783 0.368386 2.000000
0.345154 -0.096690 0.088784 1.000000
0.162821 -0.031317 0.665517 3.000000
-0.077840 0.033584 0.709783 1.000000
0.121162 -0.107756 0.056445 1.000000
-0.427807 0.063594 0.075915 0.000000
0.756222 -0.047376 0.083847 0.000000
-0.015602 -0.022248 0.288757 1.000000
0.100776 -0.048014 0.605580 3.000000
0.376800 0.070583 -0.063262 0.000000
0.380378 -0.058221 0.404581 3.000000
-0.178853 0.055356 0.753771 1.000000
0.111649 0.018940 0.489036 1.000000
0.127486 0.014668 -0.083703 0.000000
0.868634 -0.030984 0.021914 0.000000
-0.051630 -0.133467 -0.057132 3.000000
-0.037541 0.013809 -0.454305 1.000000
0.455958 -0.073198 -0.052833 0.000000
0.831275 -0.072671 -0.013532 0.000000
-0.220235 -0.046766 -0.072165 0.000000
0.351533 -0.063574 -0.155899 1.000000
0.310318 -0.107534 -0.321840 3.000000
-0.018708 0.041295 -0.652503 1.000000
-0.009278 -0.010793 -0.631563 1.000000
-0.076287 0.038549 -0.600666 1.000000
0.175579 -0.110613 0.006299 1.000000
0.918725 -0.063684 -0.003852 0.000000
-0.771894 0.042404 0.253866 2.000000
-0.018181 -0.044575 0.240553 1.000000
0.892875 -0.025132 0.026102 0.000000
0.461865 0.007263 0.106230 0.000000
0.056732 -0.046100 -0.128024 1.000000
0.107960 -0.141455 0.148332 1.000000
0.162155 -0.013650 0.104261 0.000000
-0.035572 -0.006605 -0.407488 1.000000
0.859482 -0.072671 -0.014642 0.000000
0.065691 -0.108034 -0.011840 1.000000
-0.053572 0.022656 0.643106 1.000000
0.069407 -0.106314 -0.047370 1.000000
0.182513 -0.062020 -0.173483 1.000000
0.669438 0.086337 0.058802 0.000000
-0.204564 0.047674 -0.720816 1.000000
-0.074790 -0.083072 -0.041129 0.000000
0.156386 -0.040359 -0.250976 1.000000
-0.239289 0.060626 0.823942 1.000000
0.127708 -0.028017 0.691588 3.000000
0.098613 -0.046738 0.235755 1.000000
-0.714787 0.347273 0.003553 2.000000
0.247054 -0.083543 0.103207 1.000000
-0.604094 0.095018 0.016589 0.000000
0.009166 0.030755 -0.654251 1.000000
-0.041562 0.026040 -0.632534 1.000000
-0.384290 -0.076110 0.028515 0.000000
-0.125379 0.006181 -0.084729 0.000000
0.323188 0.007929 0.106147 0.000000
0.020732 -0.042300 0.180838 1.000000
-0.180850 0.082953 0.917494 1.000000
0.764266 -0.098354 -0.005184 0.000000
-0.032604 0.048506 0.097327 0.000000
0.012466 -0.104456 0.070285 0.000000
0.356082 -0.079660 -0.079349 1.000000
0.087408 0.002437 -0.351628 1.000000
-0.044225 0.001161 0.489285 1.000000
0.253516 -0.020140 0.359455 1.000000
-0.067939 0.020992 -0.504923 1.000000
-0.096312 0.019134 -0.578838 1.000000
0.000401 -0.008546 0.104843 0.000000
0.064914 -0.002167 -0.611261 3.000000
0.511512 -0.079161 0.067483 0.000000
-0.740470 0.140810 0.014065 2.000000
0.021009 -0.158235 -0.078267 3.000000
-0.608865 -0.021194 0.036891 0.000000
-0.661618 0.040768 -0.135874 2.000000
0.059950 -0.101959 -0.067838 1.000000
-0.506271 0.163691 0.016089 2.000000
-0.169673 0.077378 -0.853503 1.000000
0.822427 -0.032981 0.016256 0.000000
-0.462310 0.101120 -0.012839 2.000000
-0.784015 0.055689 0.026046 0.000000
-0.713983 0.037079 0.138153 2.000000
0.409695 -0.072976 0.074750 0.000000
-0.121995 0.021741 -0.538704 1.000000
-0.014576 0.034444 -0.679435 1.000000
-0.049439 0.108248 -0.010454 0.000000
0.308072 -0.032149 -0.343585 3.000000
0.312731 -0.064489 -0.084729 1.000000
0.119387 0.010037 0.421749 1.000000
-0.223008 -0.010099 -0.082926 0.000000
-0.078617 -0.065626 0.081323 0.000000
-0.748042 0.039603 0.200780 2.000000
0.108265 -0.074279 0.663381 3.000000
0.649607 0.045344 0.093055 0.000000
-0.183818 0.057048 0.764671 1.000000
0.232492 -0.058553 -0.337150 3.000000
-0.225643 -0.073947 -0.050448 0.000000
-0.022342 -0.122484 -0.051197 0.000000
0.104964 0.013171 0.637975 1.000000
-0.013439 -0.138875 -0.043209 3.000000
0.074039 -0.010349 0.619060 3.000000
0.268188 -0.035533 0.282739 1.000000
0.251852 -0.066403 -0.161640 1.000000
-0.784597 0.251752 0.007491 2.000000
-0.150369 0.047452 0.789467 1.000000
0.281501 -0.080880 0.102402 1.000000
0.162377 -0.052146 -0.090859 1.000000
-0.029192 -0.072227 0.075527 0.000000
0.242338 -0.024134 -0.362778 1.000000
0.332174 -0.021443 0.223218 1.000000
-0.730541 0.039825 0.191184 2.000000
-0.446640 -0.064017 0.028016 0.000000
0.416102 0.054469 -0.073302 0.000000
0.746515 0.064814 -0.042238 0.000000
0.007391 0.014613 -0.573457 1.000000
-0.074623 0.054302 -0.697740 1.000000
0.240092 -0.001862 0.369995 1.000000
0.132728 -0.001612 -0.593454 3.000000
0.125960 -0.059912 0.256196 1.000000
-0.711986 0.035914 -0.250310 2.000000
-0.556611 -0.002971 -0.035693 0.000000
-0.046166 0.027843 0.553715 1.000000
-0.132951 -0.084070 -0.076353 1.000000
0.190889 -0.048874 -0.090165 1.000000
0.526905 0.054164 0.095052 0.000000
0.424921 0.099206 0.053061 0.000000
-0.508906 0.061902 0.064405 0.000000
0.084440 -0.037585 -0.318346 1.000000
0.260894 -0.083488 -0.324142 3.000000
0.085272 -0.025243 -0.587602 3.000000
-0.221816 0.081067 -0.954959 1.000000
-0.803457 0.045677 0.391656 2.000000
0.088656 0.030006 0.581839 1.000000
-0.856432 0.048922 -0.350408 2.000000
-0.490823 0.064842 -0.043487 0.000000
0.022950 0.004462 0.535104 1.000000
0.086049 -0.034673 -0.143584 1.000000
0.368341 -0.117103 -0.361391 3.000000
0.758608 -0.021582 0.090226 0.000000
0.591141 -0.090976 -0.027150 0.000000
-0.091847 -0.099824 0.052589 1.000000
0.162821 -0.034618 -0.638608 3.000000
0.345570 -0.067124 0.390408 3.000000
0.192109 -0.016257 -0.349631 1.000000
0.145736 -0.025465 -0.334460 1.000000
0.157551 -0.026990 -0.349936 1.000000
-0.240010 0.061819 0.836922 1.000000
0.004700 -0.087038 0.057693 0.000000
-0.436184 -0.016229 -0.057299 0.000000
-0.144877 0.065230 -0.771933 1.000000
-0.412608 -0.028294 -0.057521 0.000000
0.208889 -0.020084 -0.352433 1.000000
0.121606 -0.032732 0.308450 1.000000
0.157967 -0.042411 0.243049 1.000000
0.001650 0.014086 0.462493 1.000000
-0.101527 0.061320 -0.069974 0.000000
-0.121330 0.046231 0.680272 1.000000
0.181570 -0.031900 -0.666454 3.000000
0.224283 0.110051 0.017698 0.000000
0.384261 -0.107423 -0.335431 3.000000
0.122382 -0.041524 0.125978 1.000000
-0.138387 0.036080 0.710226 1.000000
0.213494 -0.052895 -0.208874 1.000000
-0.078811 0.008567 -0.483760 1.000000
0.007419 0.012671 0.508118 1.000000
-0.141632 -0.028876 0.100710 0.000000
0.864807 -0.072671 0.020999 0.000000
0.049521 -0.018087 0.273170 1.000000
0.267328 -0.095053 -0.329523 3.000000
0.445057 -0.101793 0.018697 1.000000
0.010719 0.009870 -0.537956 1.000000
0.848055 -0.010488 0.056500 0.000000
0.140327 0.106168 -0.016888 0.000000
-0.835381 0.044456 -0.367798 2.000000
-0.051963 -0.154823 -0.040824 3.000000
-0.139940 -0.096717 0.036614 0.000000
-0.043532 0.056299 0.749916 1.000000
0.175385 -0.058082 0.086565 0.000000
-0.143490 0.026539 -0.593482 1.000000
0.017570 -0.053395 0.135851 1.000000
0.130537 -0.028155 -0.317625 1.000000
-0.260756 0.072691 -0.863598 1.000000
0.521913 -0.085540 -0.052362 1.000000
-0.589783 0.036385 0.064627 2.000000
-0.824453 0.395838 0.018891 2.000000
0.065913 -0.151606 -0.135180 3.000000
-0.729376 0.037079 -0.126749 2.000000
0.076258 -0.028294 -0.584024 3.000000
0.226696 0.101924 0.047597 0.000000
0.101192 -0.046183 0.110862 1.000000
0.018152 -0.159206 0.064599 3.000000
0.066967 0.024265 0.518907 1.000000
-0.462560 0.136095 0.011513 2.000000
0.074566 -0.002500 -0.325696 1.000000
0.222785 -0.017422 -0.361336 1.000000
-0.106048 0.015112 0.555712 1.000000
0.410832 0.043597 -0.077379 0.000000
-0.124408 0.070334 0.832623 1.000000
-0.181044 -0.058442 0.098741 1.000000
-0.081002 0.013670 0.566224 1.000000
0.087352 -0.012291 -0.413368 1.000000
-0.584513 0.073690 -0.024959 0.000000
0.260616 -0.101433 -0.377533 3.000000
0.080141 0.013337 -0.510497 1.000000
-0.138332 -0.006244 -0.533268 1.000000
-0.295675 0.100704 0.051203 0.000000
0.718585 -0.091531 -0.008734 0.000000
0.043225 -0.045545 -0.092551 1.000000
0.299585 -0.097300 -0.069086 1.000000
0.310374 -0.019030 -0.209539 1.000000
0.320969 0.110495 0.007741 0.000000
0.151477 -0.018115 0.689203 3.000000
0.812526 0.013642 -0.012589 0.000000
-0.729376 0.031365 -0.172845 2.000000
0.044168 -0.041025 -0.337206 1.000000
0.171363 0.001050 0.363394 1.000000
-0.658456 0.227566 0.001695 2.000000
0.295341 -0.109559 0.002998 1.000000
-0.710044 0.043181 0.217449 2.000000
-0.820542 0.340450 0.015757 2.000000
0.207669 -0.070313 -0.347634 3.000000
-0.689964 0.029341 -0.135818 2.000000
-0.718698 0.034472 -0.082816 2.000000
-0.012246 0.018024 0.616259 1.000000
0.463224 -0.071062 0.076997 0.000000
-0.015824 0.014003 -0.569935 1.000000
0.231022 -0.006549 0.406911 1.000000
0.842064 0.041960 0.006826 0.000000
0.297920 -0.041968 -0.234806 1.000000
0.090209 -0.029209 0.324564 1.000000
-0.092097 0.018274 0.596372 1.000000
0.742466 0.002659 0.093277 0.000000
0.036208 0.028730 -0.525502 1.000000
0.076230 -0.091864 -0.025542 0.000000
-0.801017 0.044678 -0.278157 2.000000
0.029025 -0.019224 0.278329 1.000000
-0.706022 0.038133 -0.135485 2.000000
0.289322 -0.109753 -0.349409 3.000000
0.078394 -0.044824 0.343785 1.000000
0.436459 -0.098714 0.025187 0.000000
0.433076 -0.059912 0.125978 1.000000
-0.239234 0.010037 0.106119 0.000000
-0.115311 0.038465 -0.715186 1.000000
0.096921 -0.025188 -0.188571 1.000000
0.508378 -0.094998 -0.018746 0.000000
-0.003870 -0.022109 -0.081595 0.000000
0.218930 -0.026380 0.143728 1.000000
0.095867 -0.039000 0.137155 1.000000
0.017154 0.002437 -0.372180 1.000000
0.175219 -0.000226 0.354269 1.000000
0.245112 -0.025215 -0.317430 1.000000
0.113507 -0.017255 -0.383718 1.000000
0.290959 -0.018170 -0.206849 1.000000
0.162821 0.002603 0.662854 3.000000
-0.690241 0.029562 0.166388 2.000000
0.696619 0.094935 0.028570 0.000000
0.019622 0.000995 -0.491415 1.000000
-0.382210 0.029673 0.092612 0.000000
-0.196743 0.071415 -0.820886 1.000000
0.135612 -0.039693 0.272865 1.000000
-0.718337 0.041433 0.203942 2.000000
0.317391 -0.119960 -0.354208 3.000000
0.742632 -0.072671 0.031899 0.000000
-0.882310 0.047008 0.375375 2.000000
0.146457 0.066922 -0.065952 0.000000
0.202455 -0.042855 -0.104061 1.000000
0.632106 -0.096995 -0.013726 0.000000
-0.744492 0.351156 0.001889 2.000000
0.243781 -0.027268 -0.307862 1.000000
-0.646890 0.090997 0.018669 0.000000
0.527293 -0.097050 -0.014253 0.000000
0.006032 -0.011958 -0.437331 1.000000
0.343213 -0.088480 -0.331132 3.000000
-0.723080 0.212173 0.010958 2.000000
0.107821 -0.144617 0.132190 1.000000
-0.125268 0.016166 0.547502 1.000000
0.412635 -0.046183 0.094304 0.000000
-0.759302 0.296101 0.002943 2.000000
-0.764239 0.022434 -0.006515 0.000000
0.557275 -0.048153 0.093166 0.000000
-0.197935 -0.035228 -0.076686 0.000000
-0.212191 0.062568 0.876168 1.000000
-0.361769 -0.078079 -0.014087 0.000000
-0.107462 -0.065293 0.081545 0.000000
-0.659538 0.037190 -0.094631 2.000000
-0.035155 -0.152299 -0.037773 3.000000
0.516532 0.029895 -0.081873 0.000000
0.366982 -0.031955 -0.210676 1.000000
0.409445 -0.019141 0.103623 0.000000
-0.791060 0.209732 0.010958 2.000000
-0.110735 0.023405 0.625938 1.000000
-0.024533 -0.026768 0.453201 1.000000
0.892875 -0.072338 0.005966 0.000000
-0.231662 0.061181 0.846380 1.000000
-0.550953 0.036274 0.098076 2.000000
0.341576 -0.038667 0.254171 1.000000
0.189780 0.107943 -0.010786 0.000000
0.357053 -0.089534 -0.394563 3.000000
0.367537 -0.101959 0.406883 3.000000
0.120302 -0.114857 -0.151988 1.000000
0.486162 -0.026463 0.101709 0.000000
-0.697757 0.222047 0.002027 2.000000
-0.529458 0.074522 0.054115 0.000000
0.252046 -0.024827 -0.127775 1.000000
-0.589700 0.038077 0.151106 2.000000
-0.440621 0.098014 0.039054 0.000000
0.131202 0.006181 -0.646291 3.000000
-0.042921 -0.018198 0.340845 1.000000
-0.560772 0.036996 -0.059018 2.000000
-0.196854 -0.049761 -0.070612 0.000000
-0.548041 0.063899 -0.035110 0.000000
-0.610917 0.097459 0.027988 2.000000
0.122771 -0.135603 0.167414 3.000000
-0.231717 0.088861 -0.968716 1.000000
-0.166677 0.054358 -0.720123 1.000000
0.100055 -0.034978 0.286261 1.000000
-0.663476 0.167047 0.000336 2.000000
0.141575 -0.018087 0.675002 3.000000
-0.013771 -0.010626 0.342953 1.000000
0.811638 0.037522 -0.040990 0.000000
0.134669 0.013115 0.654367 1.000000
-0.690574 0.042903 -0.179557 2.000000
0.147233 0.009371 -0.494993 1.000000
0.239177 -0.044464 0.384916 1.000000
0.143822 0.008289 -0.419026 1.000000
0.144182 -0.056168 0.210349 1.000000
0.045749 -0.020445 -0.348855 1.000000
0.278755 -0.034063 -0.349825 3.000000
-0.805676 0.046342 -0.298071 2.000000
0.548983 0.102451 -0.023351 0.000000
0.345598 -0.066708 0.336185 3.000000
0.105630 -0.022885 -0.317735 1.000000
-0.202983 0.021159 -0.082982 0.000000
0.124989 -0.065903 0.162006 1.000000
0.139190 -0.039832 0.664768 3.000000
-0.119971 0.014086 -0.504285 1.000000
-0.311762 0.108082 -0.007264 0.000000
0.407032 0.078211 -0.057964 0.000000
0.174331 -0.065293 -0.090914 1.000000
0.090819 -0.030790 -0.083093 1.000000
0.863309 -0.010294 0.047431 0.000000
0.805952 -0.072671 0.013954 0.000000
-0.087187 0.060959 0.772826 1.000000
-0.746849 0.047424 -0.296462 2.000000
-0.664142 0.213920 0.020777 2.000000
0.015933 -0.047154 -0.232033 1.000000
-0.077508 0.034361 -0.578144 1.000000
0.371974 -0.027961 0.173905 1.000000
-0.265388 0.071693 -0.881460 1.000000
0.091124 0.058740 -0.071666 0.000000
0.062668 0.078876 0.079354 0.000000
0.027943 0.006209 0.657806 1.000000
-0.627781 0.229952 0.019251 2.000000
-0.077591 0.050003 -0.668645 1.000000
0.002232 0.022573 -0.617723 1.000000
0.049466 0.024847 -0.612952 1.000000
0.463002 -0.034146 -0.077185 0.000000
0.001123 0.008483 -0.536763 1.000000
-0.692876 0.250947 0.002055 2.000000
-0.402180 -0.033286 0.078245 0.000000
-0.543021 0.045899 -0.041462 0.000000
0.255735 -0.017533 -0.345027 1.000000
-0.681393 0.174591 0.020749 2.000000
-0.041673 0.040102 0.624135 1.000000
-0.613164 0.023849 -0.050947 2.000000
0.011135 -0.012901 -0.296934 1.000000
-0.122439 0.014918 0.531305 1.000000
0.002898 -0.020528 0.341788 1.000000
-0.555779 -0.037807 0.032703 0.000000
0.366011 -0.069398 0.105120 1.000000
-0.289962 0.004739 -0.083315 0.000000
-0.107185 0.057991 -0.722119 1.000000
0.552089 0.022684 -0.082372 0.000000
-0.206395 -0.063019 -0.064399 1.000000
0.237041 -0.027767 0.111666 1.000000
-0.811223 0.056688 0.002388 0.000000
-0.027750 0.001855 0.411681 1.000000
0.016322 -0.148167 -0.046981 3.000000
-0.719807 0.181886 0.018031 2.000000
-0.155167 0.059434 -0.750576 1.000000
0.369229 -0.084375 0.113413 1.000000
0.279615 -0.109337 -0.004795 1.000000
0.818211 -0.087010 0.045323 0.000000
-0.775833 0.032697 -0.135929 2.000000
0.103827 0.108664 0.028071 0.000000
0.812526 -0.068899 -0.042793 0.000000
-0.089101 0.103977 -0.022241 0.000000
0.623203 -0.100406 0.013593 0.000000
0.386591 0.105807 0.038777 0.000000
0.865916 0.022268 0.002443 0.000000
0.360631 0.097903 -0.034445 0.000000
-0.220179 0.072858 -0.838664 1.000000
0.272154 -0.089506 0.401918 3.000000
0.845337 -0.011209 0.071200 0.000000
0.242865 -0.074612 0.072781 0.000000
-0.012274 -0.021360 -0.297072 1.000000
-0.801017 0.037855 -0.258992 2.000000
0.281751 -0.094415 0.041634 0.000000
-0.679147 0.043291 0.209767 2.000000
0.102746 -0.148028 -0.136179 3.000000
0.332756 -0.036920 0.351356 3.000000
0.062279 -0.047237 -0.232421 1.000000
0.033129 -0.083682 -0.040436 0.000000
0.236653 -0.089784 0.390769 3.000000
0.550869 -0.073531 0.084984 1.000000
-0.099474 0.055329 -0.804023 1.000000
-0.167482 0.032641 0.644965 1.000000
-0.690102 0.165910 0.001833 2.000000
-0.590310 0.001355 -0.031477 0.000000
-0.566235 0.037134 0.081046 2.000000
-0.662894 0.028314 0.147362 2.000000
0.338636 -0.031373 0.379425 3.000000
0.230967 -0.040359 0.364836 1.000000
-0.634409 0.029535 -0.159005 2.000000
0.713316 -0.062159 -0.057271 0.000000
-0.058814 -0.002444 0.444049 1.000000
0.099556 -0.157181 -0.139895 3.000000
0.022202 -0.020278 -0.337317 1.000000
0.020815 -0.098409 -0.005600 0.000000
0.062085 -0.038972 0.256501 1.000000
-0.538777 0.031032 0.066041 0.000000
0.603095 -0.100628 0.009710 0.000000
-0.162767 -0.081297 -0.074911 1.000000
-0.497590 0.006375 -0.050476 0.000000
-0.864392 0.441962 0.016006 2.000000
0.822122 -0.093472 -0.008956 0.000000
-0.748291 0.061264 -0.008678 0.000000
0.121439 -0.109725 0.005051 1.000000
0.297421 -0.066541 0.416896 3.000000
-0.001845 -0.010155 0.425244 1.000000
-0.455432 -0.024799 -0.049561 0.000000
-0.764461 0.225625 0.015257 2.000000
0.061087 0.004157 0.657057 3.000000
0.332257 -0.065654 -0.154734 1.000000
-0.683695 0.032142 -0.196836 2.000000
-0.039898 -0.051703 0.090948 0.000000
-0.154085 -0.052396 -0.082677 1.000000
0.206282 0.076602 -0.059185 0.000000
0.090708 -0.023274 0.224993 1.000000
0.294731 0.079736 -0.056966 0.000000
-0.182958 0.079320 0.887956 1.000000
-0.522191 -0.049955 0.020915 0.000000
0.104909 -0.057056 -0.149741 1.000000
-0.397382 0.035886 -0.067616 0.000000
0.299252 -0.057805 -0.185076 1.000000
-0.767623 0.037828 -0.263096 2.000000
0.271599 -0.035283 -0.261016 1.000000
-0.158190 -0.097355 0.034367 0.000000
-0.141577 0.066395 0.850957 1.000000
-0.537141 0.141031 -0.000496 2.000000
-0.030468 -0.009184 0.411348 1.000000
0.130065 -0.015258 -0.584052 3.000000
0.197074 -0.063684 0.191045 1.000000
-0.817603 0.036413 -0.222769 2.000000
-0.141244 0.046037 0.782644 1.000000
0.631413 -0.093334 0.043326 0.000000
0.172168 -0.073087 -0.613452 3.000000
-0.362795 0.022850 -0.073191 0.000000
-0.087409 0.025319 0.104122 0.000000
-0.747848 0.046869 0.288591 2.000000
-0.723995 0.254387 0.019223 2.000000
-0.730596 0.046647 -0.269892 2.000000
-0.008474 -0.081435 0.064737 0.000000
0.123131 -0.095358 -0.017914 0.000000
0.189586 -0.084763 -0.039160 0.000000
0.372945 -0.048541 0.396704 3.000000
0.063472 -0.024328 -0.210565 1.000000
0.589033 -0.023856 -0.079959 0.000000
0.347262 -0.086899 0.109447 1.000000
0.154140 -0.082101 -0.092051 1.000000
0.380683 -0.027878 -0.171847 1.000000
0.232992 -0.097411 -0.012395 0.000000
0.397047 0.031781 0.103290 0.000000
-0.177466 0.047507 -0.693635 1.000000
-0.609447 -0.003166 -0.026596 0.000000
-0.111040 0.060460 0.760372 1.000000
0.424200 -0.068233 -0.057937 0.000000
-0.214909 0.087336 0.070368 0.000000
0.088046 0.020715 0.496663 1.000000
-0.585012 0.095018 -0.001689 0.000000
-0.000819 -0.029459 -0.245873 1.000000
-0.486302 -0.035727 0.056583 0.000000
-0.582294 0.107499 0.029791 2.000000
0.028331 0.040878 -0.652781 1.000000
0.224227 -0.099352 0.000918 0.000000
0.704246 0.007429 -0.075521 0.000000
0.112203 0.004545 0.670592 3.000000
0.009055 -0.033480 -0.230896 1.000000
0.141104 -0.075777 0.657640 3.000000
-0.563268 0.126054 -0.004879 2.000000
-0.110901 0.032807 0.651538 1.000000
0.028192 -0.150913 0.089616 3.000000
-0.164486 0.077933 -0.058519 0.000000
0.062085 0.023433 -0.490112 1.000000
0.059728 -0.042800 -0.214643 1.000000
0.614050 -0.093251 -0.021964 0.000000
-0.138082 0.029146 0.605358 1.000000
0.183733 -0.030457 -0.107861 1.000000
0.009665 -0.000170 0.503153 1.000000
-0.625784 0.000967 0.047458 0.000000
0.362350 0.062457 -0.068920 0.000000
0.576552 -0.086455 -0.036802 0.000000
0.133532 -0.071034 -0.120064 1.000000
0.851300 -0.032981 0.004718 0.000000
0.281279 -0.053589 0.089699 0.000000
-0.679396 0.162332 0.001722 2.000000
-0.530318 0.099733 0.020277 0.000000
0.285939 -0.047626 0.399478 3.000000
0.010275 0.045011 0.675224 1.000000
0.193690 -0.022275 -0.161030 1.000000
0.376301 -0.097050 -0.379308 3.000000
-0.360355 0.103589 -0.015723 0.000000
0.268937 -0.070313 0.106674 1.000000
0.356526 -0.047459 -0.202661 1.000000
-0.770896 0.383884 0.020056 2.000000
0.445168 0.025596 -0.082399 0.000000
0.593859 -0.099380 0.020444 0.000000
-0.251715 0.086392 -0.050587 0.000000
-0.638847 0.027149 0.128280 2.000000
0.019123 -0.036781 -0.219885 1.000000
-0.356361 -0.029958 -0.065620 0.000000
-0.023396 -0.010183 0.651815 1.000000
-0.118251 -0.097938 -0.008817 0.000000
0.597436 -0.079161 0.066734 0.000000
-0.057483 -0.008047 0.391323 1.000000
0.097254 -0.029681 -0.316959 1.000000
-0.713040 0.029951 0.152354 2.000000
0.924799 -0.027517 0.008434 0.000000
-0.293346 0.033667 -0.080513 0.000000
-0.171753 0.056826 0.847850 1.000000
