0.725946 0.072698 -0.033321 0.000000
0.172525 -0.003496 0.083441 0.000000
-0.202121 -0.057060 -0.638378 1.000000
0.056702 -0.051476 0.361214 1.000000
0.333709 0.002977 0.083095 0.000000
0.510532 0.036898 0.073979 0.000000
0.369360 -0.074725 0.062342 0.000000
0.100160 -0.061803 -0.053135 1.000000
0.053663 0.008585 0.082651 0.000000
0.740943 0.074230 0.020786 0.000000
-0.230682 0.096589 0.025851 2.000000
-0.776913 0.259082 0.067184 2.000000
0.468383 -0.079048 0.054683 0.000000
0.104014 -0.051525 0.280326 1.000000
0.029500 -0.051600 -0.402779 1.000000
0.698151 0.020740 -0.084982 0.000000
0.822004 -0.138961 -0.021017 3.000000
0.192759 0.039097 -0.078286 0.000000
0.014553 -0.061457 -0.510548 1.000000
0.112859 -0.075318 -0.305559 1.000000
0.026906 -0.066325 -0.164561 1.000000
-0.140306 0.089523 -0.008565 2.000000
-0.177687 0.103778 -0.007453 2.000000
-0.213387 0.005348 0.084306 0.000000
-0.110955 -0.039345 0.080798 0.000000
0.192562 -0.087547 0.073756 1.000000
-0.652072 0.267136 -0.064698 2.000000
-0.030091 0.078010 0.022466 0.000000
0.217737 -0.107189 -0.065834 0.000000
0.299145 -0.090339 -0.040486 1.000000
0.891849 -0.070599 -0.046712 0.000000
0.161580 -0.049895 0.226837 1.000000
-0.080196 -0.051501 -0.584024 1.000000
-0.270014 0.008313 -0.118928 0.000000
0.124743 -0.075540 0.296484 1.000000
0.083310 -0.106250 0.168381 0.000000
-0.097490 -0.091970 -0.068354 0.000000
0.531310 0.032328 -0.082215 0.000000
0.013540 -0.058196 0.512342 1.000000
-0.002717 -0.070870 -0.157248 1.000000
-0.461859 0.111536 0.016808 2.000000
-0.333460 0.082210 -0.031122 2.000000
-0.638435 -0.006091 0.016092 0.000000
0.190857 -0.049796 0.066517 1.000000
0.865586 -0.089795 0.027556 0.000000
-0.156217 0.032871 -0.116902 3.000000
0.918482 0.025286 0.029260 0.000000
0.655755 -0.056936 -0.079077 0.000000
-0.175859 -0.053453 -0.652312 1.000000
0.144879 -0.111834 0.028791 0.000000
-0.156686 0.028968 0.106962 3.000000
0.815185 -0.086806 -0.045649 0.000000
0.100679 -0.055750 -0.170638 1.000000
-0.624945 0.160702 -0.010492 2.000000
-0.086545 -0.055701 0.659394 1.000000
-0.334621 -0.059283 0.044553 0.000000
0.501712 0.077268 0.024690 0.000000
-0.265493 0.033514 0.135201 3.000000
-0.740669 0.264320 -0.121670 2.000000
0.005757 -0.013527 -0.089009 0.000000
0.120790 -0.051723 -0.305189 1.000000
0.559846 -0.013008 -0.089009 0.000000
0.140209 -0.050908 0.186565 1.000000
0.190091 -0.053304 0.227775 1.000000
-0.095020 -0.048758 -0.084932 0.000000
-0.766512 0.259477 0.010656 2.000000
-0.114760 -0.106028 0.028890 0.000000
0.455980 0.007868 -0.088268 0.000000
-0.020827 -0.051698 0.469601 1.000000
0.014528 -0.113118 -0.030183 0.000000
-0.295783 0.017949 0.066616 0.000000
0.407185 -0.103236 -0.034235 0.000000
0.457561 -0.086188 -0.051727 0.000000
0.316217 -0.110895 0.018661 0.000000
0.096652 -0.036455 0.081267 0.000000
0.680486 0.069437 -0.046193 0.000000
-0.216624 0.040283 0.126974 3.000000
-0.100257 -0.108128 0.023924 0.000000
-0.473792 -0.027338 0.035066 0.000000
0.344530 -0.077072 -0.004785 1.000000
-0.182826 -0.051451 0.727757 1.000000
0.011638 -0.065386 0.488007 1.000000
-0.609207 0.069610 -0.002018 2.000000
-0.783782 0.259057 -0.085179 2.000000
0.580500 0.079714 0.017352 0.000000
-0.379389 0.060271 -0.030084 2.000000
-0.365628 0.079270 -0.030578 2.000000
-0.184110 -0.056640 -0.652411 1.000000
0.484763 0.076601 -0.032209 0.000000
0.000026 -0.065064 -0.506792 1.000000
0.406395 -0.092884 -0.048812 0.000000
-0.739088 0.263455 -0.187933 2.000000
-0.494446 0.019604 0.030026 0.000000
0.312190 -0.047844 -0.026057 1.000000
-0.425787 -0.042903 -0.041474 0.000000
-0.502426 -0.000779 0.034399 0.000000
-0.164271 0.012587 -0.150651 3.000000
-0.212745 0.050314 0.057994 0.000000
-0.852095 0.258736 -0.233022 2.000000
-0.287605 -0.006832 0.147159 3.000000
0.024559 -0.069833 -0.396775 1.000000
0.056035 0.043248 -0.075865 0.000000
0.224803 -0.085324 0.128925 1.000000
-0.486713 0.038158 -0.017657 2.000000
0.598091 -0.017208 -0.089009 0.000000
0.003312 -0.074379 0.088086 1.000000
0.246570 -0.057480 -0.183560 1.000000
0.082174 -0.161073 -0.122733 3.000000
-0.611974 0.082506 -0.006020 2.000000
0.494053 -0.022668 -0.089009 0.000000
0.062038 -0.074700 -0.285300 1.000000
-0.576669 0.080579 -0.010912 2.000000
0.000742 -0.075836 -0.215357 1.000000
0.706280 0.049350 0.063059 0.000000
0.279923 -0.058517 0.142687 1.000000
0.466604 0.076527 -0.032456 0.000000
-0.281404 0.002804 0.088086 3.000000
-0.206000 -0.056022 0.642668 1.000000
-0.650244 0.259502 0.090557 2.000000
-0.278958 -0.041989 0.065974 0.000000
0.212870 0.049919 0.065974 0.000000
-0.089288 0.047720 0.067679 0.000000
0.084398 -0.133180 0.128604 0.000000
-0.249483 0.130016 0.022935 2.000000
0.765328 0.076305 0.002577 0.000000
0.765476 0.025410 -0.079349 0.000000
-0.384479 0.019629 -0.058324 0.000000
0.036047 -0.083471 0.009026 1.000000
0.760362 -0.048240 0.074893 0.000000
0.255563 -0.089672 0.027086 1.000000
-0.314733 0.092932 -0.003821 2.000000
-0.094575 -0.078554 0.074102 0.000000
-0.064581 -0.061581 0.384907 1.000000
0.259417 -0.089771 0.056363 1.000000
-0.333559 0.137231 -0.012147 2.000000
-0.331360 0.001173 0.136807 3.000000
0.143470 -0.023064 -0.089009 0.000000
0.642117 -0.074058 0.060687 0.000000
0.374301 -0.036899 0.081193 0.000000
0.098357 -0.067412 -0.379332 1.000000
-0.556928 0.064841 -0.011851 2.000000
-0.001531 -0.080951 -0.100275 1.000000
0.114095 -0.017258 0.083441 0.000000
-0.817086 0.260070 -0.161769 2.000000
-0.069967 -0.051600 0.555653 1.000000
-0.229051 -0.026473 -0.140546 3.000000
-0.085952 -0.063261 -0.502271 1.000000
-0.006818 -0.060271 -0.323101 1.000000
-0.354707 0.117342 -0.023562 2.000000
-0.222825 0.078356 0.025456 2.000000
0.829638 -0.045028 0.068296 0.000000
0.096677 -0.161790 0.164107 0.000000
-0.120146 -0.061260 0.466661 1.000000
-0.302058 -0.042681 0.062169 0.000000
-0.521821 0.073266 -0.016422 2.000000
-0.615655 -0.011724 0.015845 0.000000
0.566714 -0.029413 0.082552 0.000000
0.327211 -0.053971 -0.081893 1.000000
0.756656 -0.098962 0.022046 0.000000
0.149672 -0.050537 -0.177482 1.000000
0.907117 0.031117 -0.036236 0.000000
0.396833 -0.015948 0.083441 0.000000
-0.157156 0.008733 0.129444 3.000000
0.729010 0.010487 -0.084809 0.000000
-0.801298 0.260935 -0.152529 2.000000
-0.597249 -0.002187 0.020119 0.000000
0.716607 0.029882 0.074621 0.000000
-0.769526 0.262442 0.108395 2.000000
0.169955 -0.083372 0.136955 1.000000
-0.483279 -0.041470 0.019402 0.000000
0.383443 -0.028722 -0.088243 0.000000
-0.264826 0.003841 -0.108181 0.000000
0.000816 -0.108646 -0.068972 0.000000
-0.309421 -0.025361 0.115090 3.000000
0.072390 -0.079147 -0.179656 1.000000
0.043410 -0.054984 0.305625 1.000000
-0.185025 -0.087547 -0.047403 0.000000
0.671617 -0.071118 0.064022 0.000000
0.606392 -0.042112 0.080229 0.000000
0.050772 -0.080481 0.130976 1.000000
0.282369 -0.090438 -0.014050 1.000000
-0.087682 -0.063656 0.395482 1.000000
0.106114 -0.139603 -0.118483 3.000000
-0.294103 0.053797 -0.047033 0.000000
0.230115 -0.046263 -0.007898 1.000000
0.009834 -0.077838 -0.170292 1.000000
-0.172746 -0.020766 -0.088070 0.000000
-0.225839 0.039962 0.116054 3.000000
0.116071 -0.053403 0.327391 1.000000
-0.291360 0.034848 -0.114407 3.000000
0.957123 -0.005769 0.031410 0.000000
0.029821 -0.088708 -0.147340 1.000000
-0.500351 0.033637 -0.015755 0.000000
-0.622573 -0.017999 -0.018151 0.000000
0.026807 -0.060963 -0.257629 1.000000
-0.180849 0.042136 0.128456 3.000000
-0.147051 -0.080037 -0.066402 0.000000
-0.020184 -0.057257 -0.373848 1.000000
-0.191918 -0.040877 0.077339 0.000000
0.431274 -0.049228 -0.083499 0.000000
0.147794 -0.050611 0.248850 1.000000
0.019791 -0.062347 -0.249229 1.000000
0.082767 -0.112056 -0.042684 0.000000
-0.725845 0.264073 0.014906 2.000000
0.465986 0.013749 0.082255 0.000000
0.766242 -0.097281 0.026024 0.000000
-0.034069 -0.071859 0.206923 1.000000
0.809157 0.070005 -0.020004 0.000000
0.580204 0.042210 0.070890 0.000000
0.376006 -0.001569 0.083441 0.000000
0.219566 0.066991 0.046530 0.000000
-0.210694 0.038430 0.109309 3.000000
-0.085137 -0.064150 -0.477515 1.000000
0.016109 -0.053601 0.495270 1.000000
0.025251 -0.112352 -0.047601 0.000000
-0.057046 -0.054688 -0.623604 1.000000
-0.852984 0.258415 -0.242781 2.000000
-0.321725 0.003693 0.102119 0.000000
-0.332521 -0.077047 0.018390 0.000000
0.332869 -0.079962 0.075165 1.000000
-0.171387 -0.023681 0.127369 3.000000
0.327063 -0.110697 0.046085 0.000000
-0.701584 0.262516 0.154694 2.000000
-0.290496 0.011649 0.088802 3.000000
-0.728934 0.258119 -0.115222 2.000000
0.424702 0.021531 -0.086612 0.000000
0.682413 -0.080605 -0.057928 0.000000
-0.136156 0.042704 0.070594 0.000000
-0.300947 -0.024917 0.108543 3.000000
-0.373361 -0.011921 -0.110948 3.000000
0.900743 -0.041495 0.051595 0.000000
0.096380 -0.119863 0.188863 0.000000
0.149820 -0.054614 -0.030331 1.000000
0.093045 -0.074403 -0.317122 1.000000
0.825068 -0.159714 0.006926 3.000000
0.122915 0.041766 -0.076705 0.000000
-0.032364 -0.087498 0.077783 0.000000
-0.040839 -0.075318 0.224489 1.000000
0.016159 -0.075515 0.227973 1.000000
0.273005 0.072179 0.037562 0.000000
-0.282194 -0.045868 -0.068848 0.000000
-0.053809 -0.056343 0.425327 1.000000
-0.260428 0.019975 0.088333 0.000000
-0.476707 -0.036578 -0.032876 0.000000
-0.339982 0.023903 0.121588 3.000000
0.391250 0.056342 0.059056 0.000000
0.127609 -0.086065 -0.001128 1.000000
-0.077602 -0.065237 0.446772 1.000000
-0.090597 -0.054441 0.499322 1.000000
-0.011908 -0.071389 -0.325053 1.000000
-0.611999 0.219849 -0.016051 2.000000
0.749837 -0.013354 -0.084833 0.000000
0.115948 -0.121716 -0.163721 3.000000
0.482787 -0.101531 -0.019930 0.000000
0.994133 -0.055330 0.007395 0.000000
0.563107 0.081197 -0.012691 0.000000
0.093909 -0.092167 -0.123029 1.000000
-0.238563 0.029561 -0.103684 3.000000
-0.371977 0.157984 0.005345 2.000000
0.219146 -0.084755 0.136066 1.000000
-0.068016 -0.066769 -0.415255 1.000000
-0.778717 0.262319 -0.152825 2.000000
-0.163530 -0.054737 -0.730952 1.000000
-0.546082 0.157860 -0.015532 2.000000
0.999321 -0.028746 -0.023043 0.000000
-0.120245 0.013057 -0.087872 0.000000
-0.555792 0.089202 0.008334 2.000000
-0.028288 -0.060840 0.563287 1.000000
0.756162 0.034378 0.069359 0.000000
0.867464 -0.036899 0.061848 0.000000
0.116046 -0.126954 -0.114580 3.000000
0.077505 -0.117145 0.128604 0.000000
-0.251287 0.005892 0.073015 0.000000
-0.568071 0.024051 -0.003228 0.000000
-0.272510 0.056787 0.041391 0.000000
0.281504 -0.107732 0.057524 0.000000
0.217194 0.082185 -0.001623 0.000000
0.174378 -0.081840 -0.181262 1.000000
-0.662770 0.272844 -0.016175 2.000000
-0.069547 -0.053650 -0.507459 1.000000
0.189819 -0.086831 0.085195 1.000000
0.200987 0.054835 -0.066254 0.000000
0.321529 -0.049944 0.064319 1.000000
-0.127360 -0.077195 -0.074580 0.000000
-0.235327 -0.089944 -0.028330 0.000000
0.070933 0.080554 0.012831 0.000000
-0.417708 -0.036356 0.042676 0.000000
0.026165 -0.078702 -0.159669 1.000000
-0.607305 0.158478 -0.011530 2.000000
-0.186927 0.023137 0.094386 3.000000
-0.829982 0.258440 -0.212145 2.000000
-0.379760 0.064841 0.024220 2.000000
-0.426380 -0.060469 -0.005650 0.000000
-0.141418 -0.105385 -0.017879 0.000000
-0.157798 -0.020025 -0.122782 3.000000
0.570988 -0.056615 -0.079250 0.000000
0.327458 -0.062149 0.070545 0.000000
0.241530 -0.082013 0.158598 1.000000
-0.547614 -0.034948 -0.000165 0.000000
0.264902 0.063309 0.051595 0.000000
-0.340279 0.152870 -0.018003 2.000000
-0.799668 0.258489 -0.166932 2.000000
0.170178 0.081345 -0.011480 0.000000
0.529061 -0.000458 -0.088935 0.000000
0.132847 -0.079073 -0.222027 1.000000
0.727947 0.033983 -0.077100 0.000000
-0.103346 -0.101580 0.047864 0.000000
0.074120 -0.053996 -0.283274 1.000000
0.232462 -0.084311 0.148616 1.000000
-0.137094 -0.005226 0.083441 0.000000
0.163507 -0.087078 0.060390 1.000000
-0.335906 0.092735 0.012238 2.000000
-0.093932 -0.060642 -0.441790 1.000000
0.241505 -0.060840 -0.076853 0.000000
-0.208001 -0.016072 0.145750 3.000000
-0.042469 -0.064175 -0.508868 1.000000
-0.612839 0.188150 0.008136 2.000000
0.008623 -0.070401 -0.368906 1.000000
-0.697754 0.266000 -0.102350 2.000000
0.114836 -0.051130 0.259523 1.000000
-0.000987 -0.071241 0.141007 1.000000
0.115824 -0.085719 0.036672 1.000000
-0.634210 0.258267 -0.069343 2.000000
-0.053884 -0.088239 0.226960 1.000000
-0.420649 0.156576 0.010928 2.000000
0.273994 -0.085521 0.113929 1.000000
-0.023149 -0.079987 -0.008738 1.000000
-0.103271 -0.053502 0.551230 1.000000
0.086374 -0.142519 0.115831 0.000000
0.499043 0.070499 -0.046020 0.000000
-0.251559 0.138145 0.020835 2.000000
0.052477 -0.081247 -0.081078 0.000000
-0.440191 0.092537 -0.026255 2.000000
0.633495 0.061259 0.053769 0.000000
0.407457 -0.099727 0.035338 0.000000
0.318539 -0.088239 -0.036434 1.000000
-0.556484 -0.021236 0.020020 0.000000
-0.416696 -0.043372 0.038253 0.000000
-0.250941 -0.003966 0.149753 3.000000
0.059074 -0.071612 -0.371575 1.000000
0.197404 0.010413 0.082502 0.000000
-0.050425 -0.067140 0.412727 1.000000
0.811331 -0.140765 -0.016940 3.000000
0.081285 -0.075589 0.269554 1.000000
0.129141 0.075959 -0.034087 0.000000
0.472805 -0.090611 0.040848 0.000000
0.647751 -0.100567 -0.023265 0.000000
0.779534 -0.064694 0.064837 0.000000
0.328595 0.058294 -0.062548 0.000000
0.081532 -0.154798 0.109160 0.000000
0.774000 -0.052785 0.071755 0.000000
-0.684981 0.183160 0.002306 2.000000
-0.064013 -0.051303 0.568475 1.000000
0.160864 -0.079962 -0.218939 1.000000
-0.098898 -0.067041 -0.397566 1.000000
-0.053142 -0.061951 -0.564308 1.000000
0.773876 0.062173 -0.047601 0.000000
0.017962 -0.035713 -0.086983 0.000000
0.171808 -0.081395 0.185281 1.000000
0.151920 -0.081420 0.171050 1.000000
-0.230657 0.022495 0.147307 3.000000
0.088202 -0.079542 -0.142053 1.000000
0.290670 -0.048511 0.078327 0.000000
0.019420 -0.053329 -0.381309 1.000000
-0.213536 -0.054243 -0.718303 1.000000
-0.113080 -0.099036 -0.054741 0.000000
0.340849 -0.086312 0.065603 0.000000
0.271449 -0.090067 0.069013 1.000000
-0.108732 -0.057628 -0.646062 1.000000
0.015492 -0.082729 0.223254 1.000000
-0.030264 -0.078604 0.108617 1.000000
0.752406 0.076256 -0.014692 0.000000
0.009883 0.034971 -0.080658 0.000000
-0.130671 -0.052118 0.632810 1.000000
0.108462 -0.085521 0.025283 1.000000
-0.432186 0.070227 -0.018991 2.000000
0.001804 -0.024003 0.083441 0.000000
0.374375 -0.108128 0.029532 0.000000
0.443874 -0.052810 -0.081449 0.000000
-0.492346 0.192597 0.011373 2.000000
-0.627959 0.265506 -0.064970 2.000000
0.329311 -0.086584 0.060193 1.000000
0.038419 -0.053255 0.347700 1.000000
-0.783312 0.259650 -0.019386 2.000000
0.013589 -0.051254 0.444375 1.000000
0.255340 0.078800 0.020070 0.000000
-0.194932 0.125742 -0.032703 2.000000
0.174526 0.077911 -0.028305 0.000000
-0.190781 -0.080728 -0.054346 0.000000
-0.164617 0.030475 0.118030 3.000000
-0.354707 0.003397 0.096931 3.000000
-0.644142 0.257847 -0.034754 2.000000
-0.641572 0.225358 -0.014890 2.000000
0.168745 -0.049129 -0.169403 1.000000
-0.006571 -0.054045 0.402943 1.000000
-0.088151 -0.051352 -0.611646 1.000000
0.083632 -0.160727 0.149432 0.000000
0.310905 -0.051328 0.085368 1.000000
0.687997 0.012118 0.081242 0.000000
0.194019 -0.086337 -0.101634 1.000000
0.180307 -0.080185 0.071607 0.000000
-0.518164 0.154574 0.011175 2.000000
-0.146705 -0.060889 -0.548867 1.000000
0.058011 -0.067930 -0.023784 1.000000
-0.000221 0.039764 -0.077866 0.000000
0.091019 0.075860 0.028865 0.000000
0.030340 -0.051550 0.442646 1.000000
-0.093809 -0.058221 -0.640305 1.000000
-0.086496 -0.067486 -0.387906 1.000000
0.444269 -0.023632 0.083441 0.000000
0.033107 -0.083372 -0.035940 1.000000
0.736891 0.026818 0.074942 0.000000
-0.012476 0.004163 -0.088564 0.000000
-0.703264 0.231238 -0.010443 2.000000
0.920360 -0.043150 0.045270 0.000000
-0.334893 -0.079419 -0.014593 0.000000
-0.528961 0.232128 -0.015656 2.000000
0.018407 -0.112846 0.030990 0.000000
0.501465 -0.070278 0.065208 0.000000
-0.783362 0.261627 0.110075 2.000000
-0.056552 -0.071809 -0.410759 1.000000
0.031773 -0.071735 0.046456 1.000000
-0.010993 -0.081741 0.075165 1.000000
0.164693 -0.052440 -0.059435 1.000000
-0.236760 -0.024274 -0.108131 3.000000
0.700696 -0.097010 -0.033074 0.000000
0.381268 0.019258 0.081613 0.000000
0.089833 -0.081272 0.135695 1.000000
0.823561 -0.092340 -0.037298 0.000000
-0.009239 0.081617 -0.008936 0.000000
0.051934 -0.059456 0.217300 1.000000
-0.159701 -0.054589 0.705793 1.000000
0.092773 -0.112945 0.011496 0.000000
-0.108781 -0.054787 0.079118 0.000000
-0.255240 -0.027511 -0.135580 3.000000
0.278169 -0.090314 -0.071121 1.000000
-0.238489 0.004261 0.096017 0.000000
-0.594655 0.053130 -0.003179 2.000000
0.431496 0.028548 -0.084413 0.000000
0.129338 -0.004979 0.083441 0.000000
-0.290224 0.157564 0.002528 2.000000
-0.176031 0.037590 0.138932 3.000000
-0.327036 -0.080704 -0.006169 0.000000
0.822671 -0.016665 -0.077792 0.000000
-0.561351 0.179231 0.010508 2.000000
0.229819 0.081049 0.008581 0.000000
0.267644 -0.111438 0.000329 0.000000
-0.716753 0.257970 0.108716 2.000000
-0.745363 0.216093 -0.001400 2.000000
-0.604142 0.158033 0.006135 2.000000
0.091735 -0.099209 0.142390 1.000000
-0.239724 0.021210 0.097005 0.000000
-0.109053 -0.094539 -0.061486 0.000000
-0.170942 -0.011551 -0.151219 3.000000
-0.108608 -0.061754 0.527512 1.000000
-0.709144 0.214290 -0.008540 2.000000
-0.693628 0.266198 -0.081152 2.000000
-0.198638 0.147756 0.013572 2.000000
-0.718211 0.202307 -0.006218 2.000000
-0.150757 0.000926 -0.088811 0.000000
0.576349 -0.024645 0.083416 0.000000
-0.557176 -0.032798 -0.007923 0.000000
-0.515372 -0.034577 0.017673 0.000000
-0.574742 0.042803 -0.005674 2.000000
-0.080937 -0.051451 -0.629731 1.000000
0.169881 -0.049203 -0.212985 1.000000
0.230856 -0.083001 -0.165030 1.000000
0.687478 0.020889 -0.085550 0.000000
-0.037973 0.049499 -0.071986 0.000000
-0.443304 0.116749 -0.022722 2.000000
-0.043235 -0.067980 0.393678 1.000000
-0.073896 -0.051501 0.568549 1.000000
-0.340057 -0.001199 0.120081 3.000000
0.115972 -0.078529 -0.224103 1.000000
0.635471 -0.011921 -0.089009 0.000000
0.123434 -0.083792 0.105529 1.000000
0.242913 -0.089326 0.046234 1.000000
0.035479 -0.068647 -0.438652 1.000000
0.195255 -0.047647 -0.146673 1.000000
-0.165087 -0.045250 0.079809 0.000000
-0.184679 0.125940 0.022985 2.000000
0.044843 -0.079369 0.150148 1.000000
-0.195105 0.039814 -0.073963 0.000000
-0.562389 0.048955 0.004258 2.000000
0.810244 -0.088140 0.039316 0.000000
-0.028955 -0.092118 -0.146525 1.000000
0.368891 -0.018246 0.083441 0.000000
0.687206 0.060542 -0.058299 0.000000
0.011909 -0.070648 -0.127378 1.000000
-0.808167 0.260960 0.186294 2.000000
0.088968 -0.083693 -0.153023 1.000000
-0.140504 -0.103112 0.025900 0.000000
0.858396 -0.057307 -0.063512 0.000000
-0.306431 0.063062 -0.032604 2.000000
-0.253066 -0.091154 -0.001820 0.000000
0.215242 -0.047597 -0.022672 1.000000
-0.025867 -0.080382 -0.098644 1.000000
-0.056997 -0.051575 0.589772 1.000000
0.670357 -0.002261 -0.088811 0.000000
-0.389864 0.094044 0.022664 2.000000
0.069599 -0.084410 -0.042487 1.000000
-0.771429 0.262813 0.150988 2.000000
0.293092 -0.045324 -0.043006 1.000000
0.803524 -0.145508 -0.017484 3.000000
-0.309865 0.023384 0.140760 3.000000
0.225594 -0.046658 -0.074358 1.000000
0.853801 -0.023904 -0.071245 0.000000
-0.527256 0.184864 -0.017805 2.000000
-0.693727 0.235339 -0.011975 2.000000
0.128844 -0.077393 0.255422 1.000000
0.148782 -0.058666 -0.309710 1.000000
0.619659 0.082284 -0.003154 0.000000
-0.100455 -0.057480 -0.656661 1.000000
0.173266 0.050833 0.065010 0.000000
-0.168867 0.001717 -0.157297 3.000000
-0.305196 0.137231 0.016981 2.000000
-0.708625 0.241936 0.007395 2.000000
0.057838 -0.067955 0.037784 1.000000
-0.461439 -0.051600 -0.014840 0.000000
0.933355 -0.075145 0.021651 0.000000
-0.138330 0.123123 -0.032357 2.000000
-0.655309 0.216834 -0.013160 2.000000
0.321899 0.019851 0.081465 0.000000
0.227447 -0.046016 -0.108008 1.000000
0.104410 -0.055824 0.155015 1.000000
0.100383 -0.154872 -0.171429 3.000000
-0.548405 0.122283 -0.017015 2.000000
-0.383021 -0.049623 0.041539 0.000000
-0.777827 0.265530 0.004875 2.000000
0.809799 -0.052020 0.069556 0.000000
0.269744 -0.090685 -0.073147 0.000000
-0.463045 -0.040778 -0.032110 0.000000
-0.204740 -0.053403 -0.691373 1.000000
-0.310063 -0.048857 -0.063018 0.000000
0.610444 -0.044311 -0.085402 0.000000
0.734519 -0.079246 0.052583 0.000000
-0.219811 -0.053403 0.705249 1.000000
-0.760261 0.258415 -0.124191 2.000000
-0.089930 0.062889 -0.057607 0.000000
-0.106039 0.066151 0.047988 0.000000
-0.189669 0.110449 0.016413 2.000000
-0.383169 0.117688 0.021552 2.000000
0.130055 -0.080481 0.179672 1.000000
0.557004 -0.015331 0.083441 0.000000
0.079283 -0.051600 -0.369648 1.000000
0.598906 -0.060691 0.071360 0.000000
0.177985 -0.106966 -0.067341 0.000000
0.363010 0.059925 0.055202 0.000000
-0.828648 0.258786 0.166528 2.000000
-0.560239 0.239095 -0.016595 2.000000
0.242691 -0.045176 0.054683 1.000000
0.771381 -0.102297 0.001614 0.000000
-0.816592 0.260219 -0.171281 2.000000
-0.683548 0.266618 -0.066798 2.000000
-0.026954 0.024545 -0.085871 0.000000
0.814123 -0.145755 -0.003401 3.000000
-0.160911 -0.005399 -0.089009 0.000000
0.055615 -0.058468 -0.232256 1.000000
-0.232881 0.023162 0.072669 0.000000
0.003237 -0.112995 0.030347 0.000000
0.825685 -0.094934 0.026024 0.000000
-0.065792 -0.070525 0.307083 1.000000
0.131092 -0.076652 0.275730 1.000000
0.154687 -0.049821 0.181920 1.000000
-0.158243 -0.061284 0.530798 1.000000
0.186237 -0.068672 -0.077496 0.000000
0.721968 0.040506 0.068197 0.000000
-0.021543 -0.054021 -0.431339 1.000000
0.014108 -0.071118 0.346687 1.000000
0.018951 -0.074749 -0.255109 1.000000
0.829317 0.067979 -0.001054 0.000000
-0.771478 0.258143 0.162575 2.000000
0.259219 -0.044509 -0.030875 1.000000
0.067326 -0.051254 -0.372933 1.000000
-0.727945 0.264814 0.111730 2.000000
0.333215 0.082259 -0.002290 0.000000
0.081902 -0.130215 -0.152084 3.000000
-0.009140 -0.061383 0.538185 1.000000
-0.631566 -0.003818 -0.021758 0.000000
0.335809 0.061333 -0.059287 0.000000
0.373857 -0.071488 -0.069318 0.000000
-0.497115 0.174784 0.012287 2.000000
-0.198934 -0.057430 0.623891 1.000000
-0.190583 -0.051871 -0.078904 0.000000
0.033601 -0.070030 0.087221 1.000000
-0.004916 -0.057554 0.343598 1.000000
0.093242 -0.071414 0.074646 0.000000
-0.191226 0.020222 -0.118039 0.000000
0.836680 0.059258 0.027234 0.000000
-0.347468 -0.014614 -0.116556 3.000000
0.184507 -0.111784 0.021280 0.000000
0.237033 -0.045645 0.012015 1.000000
0.099345 -0.049104 0.078006 0.000000
-0.150016 0.064446 -0.055927 0.000000
0.307570 -0.077393 0.105726 1.000000
0.110117 -0.077739 0.234693 1.000000
0.054874 -0.075565 -0.232206 1.000000
0.581562 0.021753 0.080995 0.000000
-0.596977 0.260935 -0.037002 2.000000
-0.288495 -0.082359 -0.027119 0.000000
0.093613 -0.163000 0.149901 0.000000
-0.180355 0.080851 0.018933 2.000000
0.032070 -0.058023 -0.292317 1.000000
-0.136650 -0.005003 -0.144104 3.000000
0.043607 -0.054910 -0.313713 1.000000
0.081729 -0.076627 0.243217 1.000000
0.836383 -0.087078 0.036400 0.000000
-0.035403 -0.073119 -0.194776 1.000000
-0.349717 0.108473 0.024146 2.000000
0.155527 -0.053156 -0.082635 1.000000
-0.716729 0.264666 -0.022376 2.000000
0.203012 -0.049178 0.185083 1.000000
-0.263022 0.005027 -0.095086 0.000000
-0.112561 -0.051328 0.671673 1.000000
0.597745 -0.071315 -0.069540 0.000000
0.627096 -0.086707 -0.051085 0.000000
0.952231 -0.064274 -0.030183 0.000000
-0.793368 0.258341 -0.173134 2.000000
-0.787784 0.262294 0.210432 2.000000
-0.126174 -0.088758 0.057203 0.000000
-0.381860 0.011056 -0.060769 0.000000
0.805105 0.061432 -0.042512 0.000000
0.168671 -0.050315 0.117363 1.000000
-0.606835 0.240725 0.012015 2.000000
-0.023445 0.013650 0.082255 0.000000
-0.805548 0.263455 0.003590 2.000000
0.182457 -0.050537 0.007815 1.000000
0.086794 -0.132933 0.158944 0.000000
-0.454718 0.160776 0.012015 2.000000
-0.420352 -0.022767 0.047691 0.000000
-0.783831 0.259675 0.011175 2.000000
-0.236809 -0.054095 0.714391 1.000000
-0.127212 -0.051995 -0.635487 1.000000
-0.163777 -0.075219 -0.066650 0.000000
-0.260329 0.021828 0.101254 0.000000
0.740201 0.035811 0.069655 0.000000
-0.052006 -0.051254 -0.558947 1.000000
0.037777 -0.068177 0.104293 1.000000
-0.746327 0.263208 -0.055532 2.000000
-0.743535 0.263579 -0.071863 2.000000
0.001582 -0.111117 0.053547 0.000000
0.625737 -0.093798 0.035140 0.000000
-0.610788 0.092142 0.002182 2.000000
0.162247 -0.075466 0.266194 1.000000
-0.524242 0.033934 -0.013012 2.000000
0.005412 -0.098418 -0.077792 0.000000
-0.251114 0.047868 0.054560 0.000000
0.524491 -0.101383 -0.020498 0.000000
0.280911 -0.044756 0.029730 1.000000
0.045510 -0.074033 0.286774 1.000000
-0.054254 -0.066992 -0.419530 1.000000
0.073057 -0.084508 0.024467 1.000000
0.006499 -0.113612 -0.005254 0.000000
-0.081233 0.067312 -0.051554 0.000000
0.887476 0.025286 0.043541 0.000000
-0.232436 -0.094045 -0.004143 0.000000
-0.667909 0.266716 0.076005 2.000000
0.551347 -0.045374 0.079636 0.000000
0.739361 0.051895 -0.063018 0.000000
0.942645 -0.074354 -0.023784 0.000000
-0.024335 -0.053378 0.443338 1.000000
-0.063050 -0.067387 0.078599 0.000000
0.774593 0.003570 -0.082807 0.000000
0.050698 -0.074626 -0.279964 1.000000
0.186830 -0.060543 0.072225 0.000000
-0.325850 0.141678 -0.025514 2.000000
-0.006867 -0.054787 0.378212 1.000000
0.480094 -0.102322 -0.002191 0.000000
-0.222380 -0.052094 0.749819 1.000000
0.629394 -0.059283 0.072175 0.000000
-0.176946 -0.053650 0.640988 1.000000
0.092897 -0.120234 -0.171256 3.000000
-0.582055 0.263356 0.017895 2.000000
-0.331088 0.011673 0.090655 3.000000
0.030711 -0.068869 -0.114456 1.000000
-0.135513 -0.056664 -0.660490 1.000000
-0.321626 0.025039 0.097919 3.000000
0.189745 -0.087819 0.059896 1.000000
0.023521 0.028597 0.078821 0.000000
0.071056 -0.056368 0.419892 1.000000
0.105991 -0.076849 0.253964 1.000000
0.298651 -0.066349 -0.133159 1.000000
-0.697557 0.240948 0.007963 2.000000
-0.197254 0.135575 -0.031962 2.000000
0.309497 -0.057109 0.105430 1.000000
0.210499 -0.074231 0.216534 1.000000
0.195131 -0.049401 0.023973 1.000000
0.632087 -0.071365 0.063923 0.000000
0.680536 0.073488 -0.038954 0.000000
0.355426 0.076552 -0.032357 0.000000
0.057591 0.056070 0.059377 0.000000
0.159925 -0.049203 -0.207747 1.000000
0.094601 -0.136861 -0.134172 3.000000
-0.607848 0.187434 -0.013976 2.000000
0.444220 0.064199 -0.056199 0.000000
-0.142209 0.000407 -0.109293 3.000000
0.206150 -0.049747 0.077635 0.000000
0.302307 -0.034132 -0.087255 0.000000
-0.114488 0.065657 -0.054420 0.000000
0.456969 -0.061433 0.070940 0.000000
-0.080789 -0.032057 -0.087650 0.000000
-0.734764 0.258242 0.104219 2.000000
-0.768834 0.258292 0.141254 2.000000
0.093860 -0.163346 -0.165326 3.000000
-0.056651 -0.071068 0.278423 1.000000
0.006647 -0.076973 0.184613 1.000000
-0.807376 0.258860 -0.137482 2.000000
-0.038492 -0.041618 0.080328 0.000000
-0.337018 0.053476 -0.039102 0.000000
-0.159206 -0.053453 0.625473 1.000000
-0.294893 -0.010562 -0.150379 3.000000
-0.737531 0.258094 -0.127971 2.000000
-0.122271 -0.061111 0.541817 1.000000
-0.150757 0.085990 -0.015088 2.000000
-0.008696 -0.054515 0.390886 1.000000
-0.016182 -0.061062 0.322450 1.000000
-0.712479 0.258341 0.064664 2.000000
-0.177341 -0.053947 0.747349 1.000000
-0.288297 -0.024373 0.105627 3.000000
0.045460 -0.072303 -0.341754 1.000000
0.154712 -0.082433 0.147776 1.000000
0.040000 -0.065608 -0.145883 1.000000
-0.649034 0.291521 0.001910 2.000000
-0.709045 0.191782 0.000428 2.000000
-0.048325 -0.052514 0.497148 1.000000
0.655904 0.018467 -0.087378 0.000000
-0.223517 -0.052440 0.740629 1.000000
-0.152906 -0.058591 -0.607174 1.000000
-0.222479 0.037714 -0.138051 3.000000
-0.003754 -0.081519 -0.088613 0.000000
-0.157650 0.013798 -0.157445 3.000000
0.717842 -0.016121 -0.086439 0.000000
-0.205778 0.038702 -0.073246 0.000000
0.414350 -0.033416 0.081835 0.000000
0.667318 -0.084385 0.048284 0.000000
0.075923 -0.146867 -0.171404 3.000000
0.087041 -0.063706 0.067283 1.000000
-0.003977 -0.066053 0.477976 1.000000
-0.732640 0.263653 0.174682 2.000000
-0.253807 0.148892 -0.024328 2.000000
0.584922 0.003199 0.083071 0.000000
-0.005311 -0.074181 0.229035 1.000000
-0.097910 -0.057801 0.643681 1.000000
0.916333 -0.069536 -0.039374 0.000000
-0.691726 0.224790 0.005295 2.000000
0.519920 0.041691 0.071187 0.000000
-0.229990 0.128756 -0.028676 2.000000
0.815160 -0.066102 0.060983 0.000000
0.134798 -0.082581 0.134040 1.000000
-0.715296 0.265283 -0.118385 2.000000
0.666774 0.073760 0.034745 0.000000
-0.768983 0.258662 -0.106550 2.000000
-0.721571 0.264962 0.070965 2.000000
0.147325 -0.112476 0.003739 0.000000
-0.127558 -0.059629 -0.584592 1.000000
-0.275351 -0.069017 -0.050763 0.000000
-0.605081 0.259230 -0.039077 2.000000
-0.215932 0.056960 0.050335 0.000000
0.050303 -0.071859 -0.358011 1.000000
0.048499 -0.094934 0.074300 0.000000
-0.139170 -0.062643 0.499050 1.000000
-0.544674 0.264097 -0.012419 2.000000
-0.626724 0.266741 0.047271 2.000000
-0.112660 -0.079122 -0.412686 1.000000
-0.320119 -0.004880 0.065727 0.000000
-0.424033 0.150646 -0.017756 2.000000
0.627071 0.011204 0.082453 0.000000
0.645552 -0.084237 0.048457 0.000000
-0.111177 -0.055775 -0.686926 1.000000
0.166101 -0.085793 0.091397 1.000000
0.030488 -0.083298 -0.062202 1.000000
-0.289162 0.018072 -0.082412 0.000000
-0.131387 -0.058048 0.619815 1.000000
-0.003384 -0.051254 -0.481789 1.000000
0.783240 -0.102297 0.000255 0.000000
-0.003236 -0.074280 0.246750 1.000000
-0.632777 -0.017208 0.011447 0.000000
-0.354411 0.009005 -0.140670 3.000000
0.810738 -0.150375 -0.017237 3.000000
0.109153 -0.002088 0.083441 0.000000
-0.706945 0.265703 -0.078262 2.000000
-0.570690 0.245247 -0.016298 2.000000
-0.180923 -0.023410 0.134188 3.000000
-0.241726 0.019135 -0.089972 0.000000
-0.195080 -0.052217 -0.720996 1.000000
-0.099664 -0.064990 -0.450487 1.000000
-0.039381 -0.073440 -0.250217 1.000000
0.234266 -0.006684 0.083441 0.000000
0.121136 -0.052069 0.304933 1.000000
-0.174895 0.121814 0.022441 2.000000
0.661611 0.077664 0.023454 0.000000
0.832158 -0.042359 -0.073814 0.000000
0.015294 -0.069339 0.398768 1.000000
-0.004743 -0.077022 0.017648 1.000000
0.024855 -0.052193 0.388959 1.000000
-0.554828 0.246927 0.009915 2.000000
0.212697 -0.058344 -0.226302 1.000000
-0.104531 -0.059382 0.593527 1.000000
0.386704 -0.070278 0.065208 0.000000
0.688368 0.049622 -0.069911 0.000000
-0.474582 0.071635 -0.021511 2.000000
-0.149052 -0.017011 -0.130688 3.000000
-0.317994 -0.016047 0.065949 0.000000
0.093317 -0.060024 -0.397319 1.000000
-0.021617 -0.066917 -0.445965 1.000000
0.821065 -0.155267 0.015622 3.000000
0.145842 -0.053057 0.276348 1.000000
0.629888 -0.000235 0.083342 0.000000
0.007166 -0.073638 -0.096050 1.000000
-0.100035 -0.053873 0.533145 1.000000
-0.311867 0.118133 0.023108 2.000000
-0.725722 0.257748 -0.152158 2.000000
0.251116 -0.111586 -0.009949 0.000000
-0.467096 0.078800 -0.023166 2.000000
-0.112437 -0.051575 -0.631658 1.000000
0.236514 -0.086534 0.113583 1.000000
-0.073599 0.014613 -0.087749 0.000000
0.103199 -0.076380 -0.269587 1.000000
0.039556 -0.065929 0.457667 1.000000
-0.806882 0.276846 -0.002561 2.000000
-0.417338 0.060864 0.022071 2.000000
0.166867 -0.097652 -0.075964 0.000000
0.032144 0.074131 0.033979 0.000000
0.040519 -0.111092 0.053003 0.000000
-0.313991 -0.019580 -0.106402 3.000000
-0.428406 0.175278 -0.015285 2.000000
0.025226 -0.068597 -0.129132 1.000000
-0.572197 0.082259 0.005987 2.000000
-0.151918 -0.012242 -0.110997 3.000000
0.979037 -0.052365 0.019378 0.000000
-0.789711 0.258687 0.127418 2.000000
0.266557 -0.089524 0.075955 1.000000
0.802659 0.072648 -0.008689 0.000000
-0.150905 0.007127 0.094781 3.000000
-0.367851 0.015775 0.133471 3.000000
-0.560338 0.184247 -0.016397 2.000000
-0.624846 0.268520 -0.019708 2.000000
-0.844954 0.259107 -0.228229 2.000000
0.238244 -0.089178 0.008902 1.000000
-0.586650 -0.028104 0.003492 0.000000
-0.386406 -0.016245 -0.060769 0.000000
0.483503 -0.082631 -0.055952 0.000000
0.775828 -0.078356 0.052583 0.000000
-0.166470 0.007621 0.115757 3.000000
0.129363 -0.079839 0.195385 1.000000
0.568740 -0.097553 -0.032481 0.000000
0.067597 -0.076306 0.141748 1.000000
-0.201899 -0.053057 -0.700663 1.000000
0.225125 -0.046115 -0.095852 1.000000
-0.134006 0.081271 -0.011999 0.000000
-0.167705 -0.007746 0.083071 0.000000
-0.724783 0.213030 -0.006836 2.000000
0.156293 -0.106719 0.062811 0.000000
0.090352 0.018838 0.081712 0.000000
0.095417 -0.128411 -0.145710 1.000000
0.167213 -0.055676 -0.270205 1.000000
-0.822620 0.260342 -0.216839 2.000000
0.300429 -0.063607 0.124750 1.000000
0.159554 0.026052 0.079908 0.000000
0.516288 0.077590 0.023726 0.000000
-0.752948 0.258341 0.117412 2.000000
0.446666 0.076354 -0.032975 0.000000
-0.825313 0.259996 0.193434 2.000000
0.073700 -0.067955 -0.412365 1.000000
0.019296 -0.019555 0.083441 0.000000
-0.338426 0.111709 0.022861 2.000000
-0.079973 -0.051278 -0.618489 1.000000
-0.165951 -0.052983 0.651686 1.000000
-0.013711 -0.078332 0.041515 1.000000
-0.152709 -0.058320 0.543374 1.000000
-0.064483 -0.068375 -0.372686 1.000000
-0.072636 -0.069190 -0.323249 1.000000
0.481131 -0.000482 0.083367 0.000000
0.322517 0.068819 -0.048935 0.000000
0.174427 -0.050414 -0.102251 1.000000
0.116170 -0.131228 0.165985 0.000000
0.144508 -0.082557 0.139327 1.000000
0.248324 -0.089474 0.023059 1.000000
0.802783 -0.094440 0.031163 0.000000
0.890811 -0.078851 0.032719 0.000000
-0.023075 -0.073563 0.252136 1.000000
-0.096107 -0.090043 0.065554 0.000000
0.346013 -0.076133 -0.042413 1.000000
-0.340847 -0.015257 0.132878 3.000000
0.275773 0.007745 -0.088292 0.000000
0.561204 0.056021 0.059427 0.000000
0.743290 -0.090833 0.038920 0.000000
-0.216822 0.114921 -0.031517 2.000000
0.810021 -0.065855 -0.067514 0.000000
-0.814640 0.259156 -0.114629 2.000000
-0.276537 0.148052 0.018982 2.000000
0.066535 -0.060864 -0.163894 1.000000
-0.112882 -0.063088 0.492182 1.000000
-0.337734 0.072031 0.026024 2.000000
-0.568219 0.195463 0.011126 2.000000
0.684192 0.080801 -0.007478 0.000000
0.148387 -0.050068 0.236571 1.000000
-0.035724 -0.067016 0.426760 1.000000
0.035825 -0.057578 -0.483469 1.000000
0.003633 -0.055009 -0.364015 1.000000
0.811899 -0.099851 0.016289 0.000000
0.270387 -0.044509 -0.029837 1.000000
-0.584995 -0.025683 -0.014840 0.000000
-0.153969 -0.096985 0.035659 0.000000
-0.094970 -0.058073 -0.470425 1.000000
0.047610 -0.083792 -0.024204 1.000000
-0.681769 0.145483 -0.001870 2.000000
0.829515 -0.066670 -0.064006 0.000000
-0.420772 0.044854 0.022268 2.000000
0.172006 -0.112278 0.009816 0.000000
0.089734 -0.160357 -0.134172 3.000000
-0.777210 0.278501 0.001070 2.000000
-0.155748 -0.052736 -0.653350 1.000000
0.705094 -0.102322 -0.007083 0.000000
0.588159 -0.051723 0.076499 0.000000
-0.023001 -0.087770 0.224119 1.000000
0.100877 -0.056961 -0.150009 1.000000
0.653186 0.008783 0.082626 0.000000
0.633470 -0.081025 -0.057879 0.000000
0.096998 -0.085175 0.061675 1.000000
-0.673097 0.256093 -0.016792 2.000000
0.032490 -0.065435 0.160797 1.000000
0.348854 -0.074379 -0.065390 1.000000
0.770220 -0.068919 0.062984 0.000000
-0.786697 0.261923 -0.245573 2.000000
0.717867 -0.026127 -0.086365 0.000000
-0.698545 0.265901 0.028865 2.000000
0.109845 -0.083051 -0.117890 1.000000
0.045535 -0.068647 0.082626 1.000000
0.388211 -0.036652 -0.086810 0.000000
0.800954 -0.102840 0.022787 0.000000
0.155552 -0.053774 -0.003006 1.000000
-0.157749 -0.060469 -0.533277 1.000000
-0.136205 -0.060247 -0.505409 1.000000
-0.803053 0.260589 0.124231 2.000000
0.119011 -0.051575 0.228862 1.000000
-0.172820 -0.053700 -0.638847 1.000000
-0.154982 -0.073119 0.508834 1.000000
-0.045953 -0.053131 0.481657 1.000000
0.681203 -0.011007 -0.088268 0.000000
-0.263887 -0.004633 -0.077693 0.000000
-0.184382 0.069585 0.037858 0.000000
0.848539 0.005818 0.065653 0.000000
0.300429 -0.079345 0.109778 1.000000
0.082742 -0.063459 -0.085278 1.000000
0.251882 -0.015998 0.083441 0.000000
0.014454 -0.076306 0.142143 1.000000
-0.275870 0.031587 -0.106723 3.000000
-0.752306 0.263406 -0.195542 2.000000
0.096479 -0.052168 -0.351983 1.000000
0.080667 -0.069808 0.387255 1.000000
-0.328173 0.035984 -0.059262 0.000000
-0.327086 0.050734 -0.045130 0.000000
-0.071252 -0.063557 0.499273 1.000000
0.050402 -0.054885 0.298040 1.000000
0.086572 -0.082977 0.101773 1.000000
-0.376498 0.069214 -0.029936 2.000000
-0.312657 0.141628 0.009545 2.000000
-0.301663 0.017578 0.091100 3.000000
-0.554853 0.068300 0.006778 2.000000
0.157158 -0.086880 -0.061264 1.000000
0.036764 -0.072229 0.331838 1.000000
-0.332076 0.001840 -0.115370 3.000000
-0.183913 -0.058246 -0.593734 1.000000
-0.282466 0.004681 -0.075149 0.000000
0.080963 -0.042508 0.080180 0.000000
-0.268828 0.006485 -0.079324 0.000000
-0.661140 0.261553 0.110766 2.000000
0.103323 -0.116725 0.177300 0.000000
-0.356783 0.046657 -0.043426 0.000000
0.181617 0.080357 -0.020128 0.000000
-0.183839 -0.054762 -0.749754 1.000000
-0.597867 0.243369 0.011991 2.000000
-0.082148 -0.056368 0.464857 1.000000
-0.367999 0.119664 0.022293 2.000000
-0.087682 -0.064595 -0.414984 1.000000
-0.415065 0.069807 0.018859 2.000000
0.241950 -0.111661 0.006456 0.000000
0.971798 -0.063113 0.014066 0.000000
-0.272608 -0.026745 0.129222 3.000000
0.565800 -0.054243 0.075041 0.000000
0.063422 -0.076924 0.223526 1.000000
-0.046546 -0.112402 -0.026749 0.000000
-0.603129 0.104569 0.004332 2.000000
-0.021889 -0.058418 0.358249 1.000000
0.060630 -0.068499 -0.422198 1.000000
-0.228483 -0.054120 -0.710520 1.000000
0.094725 -0.052020 -0.288734 1.000000
-0.125211 -0.051303 -0.672300 1.000000
0.037283 -0.069215 -0.096791 1.000000
0.062063 -0.079567 -0.162461 1.000000
-0.408320 0.089770 -0.027441 2.000000
0.381837 0.049968 -0.071492 0.000000
0.587368 -0.064224 0.069359 0.000000
0.100852 -0.079246 0.191012 1.000000
-0.778396 0.261997 -0.122263 2.000000
-0.813034 0.261034 0.219375 2.000000
0.215810 -0.066942 -0.228525 1.000000
-0.077923 -0.026671 0.083046 0.000000
-0.789094 0.259403 -0.053802 2.000000
0.967203 0.004830 -0.010369 0.000000
-0.591196 -0.018963 0.010286 0.000000
0.010872 -0.066843 -0.471932 1.000000
0.107325 -0.052069 -0.252762 1.000000
0.032860 -0.051254 0.417100 1.000000
0.192908 -0.082211 -0.184647 1.000000
-0.278612 -0.033119 -0.073814 0.000000
0.305618 -0.046732 0.033164 1.000000
0.195403 -0.047770 -0.164363 1.000000
0.349348 -0.074058 0.034424 1.000000
-0.666155 0.224642 0.007371 2.000000
-0.233251 -0.087523 0.028766 0.000000
0.807304 -0.111241 0.024788 0.000000
0.437722 0.051401 0.064368 0.000000
-0.309594 -0.050636 0.056511 0.000000
0.239355 0.061605 0.053423 0.000000
-0.368963 -0.014590 -0.123993 3.000000
-0.073673 -0.052440 -0.637069 1.000000
0.158418 -0.050018 0.163490 1.000000
0.715965 0.047794 -0.069441 0.000000
0.352955 -0.057628 -0.078682 0.000000
0.480958 0.018665 0.081761 0.000000
0.830281 -0.103211 -0.029343 0.000000
-0.321848 -0.000383 0.145503 3.000000
