-0.020202 -0.027837 -0.189447 1.000000
0.179134 0.088382 0.043179 0.000000
-0.581192 0.039398 0.070214 0.000000
0.124792 -0.052125 0.122707 1.000000
0.077222 -0.087292 0.011194 0.000000
0.011457 -0.048262 -0.111796 1.000000
0.427862 0.005590 -0.096402 0.000000
-0.108188 0.034828 -0.094906 0.000000
0.715619 0.032680 0.076687 0.000000
-0.654138 0.053432 -0.073855 0.000000
-0.310135 0.068282 -0.904842 1.000000
0.355569 -0.069259 0.020578 0.000000
0.035881 0.103286 -0.021498 0.000000
0.084620 -0.026286 -0.282655 1.000000
-0.251142 0.027512 0.847458 1.000000
-0.107508 -0.074073 -0.004826 0.000000
-0.024934 -0.071598 0.014404 0.000000
0.178617 -0.060311 0.256359 3.000000
-0.003584 -0.044155 -0.130481 1.000000
-0.005460 -0.130755 -0.179493 3.000000
-0.245729 0.035073 0.849607 1.000000
0.026851 -0.086775 -0.047445 0.000000
0.043632 -0.060121 0.086696 0.000000
-0.036140 -0.008635 -0.413778 1.000000
-0.653948 0.100376 -0.031289 0.000000
-0.735107 0.197610 -0.008035 2.000000
0.177067 0.000667 -0.202312 1.000000
0.396366 0.104809 -0.005669 0.000000
0.074094 -0.086748 0.034884 0.000000
0.102517 -0.010566 0.356557 1.000000
-0.031135 -0.051934 -0.066294 0.000000
-0.791815 0.075925 0.029335 0.000000
0.161700 -0.087237 0.290058 3.000000
0.168527 -0.024110 0.237075 1.000000
-0.103156 0.082262 -0.066674 0.000000
-0.362818 -0.073230 -0.004907 0.000000
-0.033339 0.087457 0.044458 0.000000
-0.200988 0.015708 0.700506 1.000000
-0.049739 -0.032025 0.209442 1.000000
0.114457 -0.059359 -0.098659 0.000000
0.656952 -0.062351 -0.053102 0.000000
-0.780392 0.061754 0.031892 2.000000
-0.043456 -0.086421 0.043451 0.000000
-0.071090 -0.009614 0.365070 1.000000
-0.662433 0.112996 -0.016086 2.000000
-0.144552 0.030667 0.745329 1.000000
-0.178767 0.025200 0.709264 1.000000
-0.088089 0.003115 -0.538972 1.000000
-0.877163 0.241970 -0.001671 2.000000
-0.088850 0.018509 0.668902 1.000000
0.936822 -0.005643 0.015464 0.000000
0.079262 -0.024437 0.270040 1.000000
-0.074680 -0.013557 -0.364495 1.000000
0.221563 -0.053185 0.238680 3.000000
0.180630 -0.087265 0.258072 3.000000
0.285615 -0.037247 -0.106547 1.000000
0.148454 -0.063602 -0.256137 3.000000
0.059979 -0.081635 -0.090092 0.000000
-0.582634 0.057539 -0.080518 0.000000
0.137412 -0.041463 0.176097 1.000000
0.078555 -0.050248 0.053025 0.000000
0.286241 0.104700 -0.010646 0.000000
0.223114 0.103504 -0.019812 0.000000
0.002672 -0.037002 -0.079811 0.000000
0.149189 0.019080 -0.097109 0.000000
-0.115178 -0.056667 0.086397 0.000000
0.080540 -0.047718 -0.150119 1.000000
0.227764 0.093332 0.036325 0.000000
0.563744 -0.050302 -0.068605 0.000000
0.738466 -0.037628 0.057812 0.000000
-0.761897 0.027158 -0.044589 0.000000
0.048066 -0.006894 -0.426045 1.000000
-0.111996 -0.029468 0.422377 1.000000
0.528386 0.033196 0.079516 0.000000
-0.865305 0.075598 0.031566 2.000000
0.713226 0.027566 -0.093737 0.000000
0.044829 -0.002624 -0.453678 1.000000
-0.142594 0.004176 0.562339 1.000000
-0.406553 -0.056748 0.040106 0.000000
0.173178 -0.008471 0.242216 1.000000
0.131592 -0.097573 -0.267180 3.000000
0.096587 -0.083674 0.067467 0.000000
0.312133 -0.101816 -0.264134 3.000000
-0.102014 0.002734 -0.527793 1.000000
-0.916057 0.078590 -0.172394 2.000000
0.765555 -0.074400 0.006081 0.000000
0.080867 0.002136 0.390637 1.000000
-0.212140 -0.064554 -0.047228 0.000000
-0.013729 -0.117808 0.008474 3.000000
-0.156465 0.028273 0.710624 1.000000
-0.887907 0.094991 0.012228 0.000000
-0.578663 0.093168 0.034938 0.000000
-0.159294 0.019407 -0.638490 1.000000
-0.120590 -0.017148 -0.090609 0.000000
0.878210 -0.032134 -0.042468 0.000000
0.043034 -0.047909 -0.124063 1.000000
0.006316 -0.009858 -0.401403 1.000000
0.021575 -0.085959 -0.076629 0.000000
-0.932131 0.078318 -0.133337 2.000000
0.047359 -0.035180 0.197203 1.000000
0.462893 -0.005480 0.079135 0.000000
0.879162 -0.023213 0.032762 0.000000
-0.375465 0.057104 -0.086774 0.000000
0.008574 -0.038145 0.164211 1.000000
0.225208 0.027485 -0.096021 0.000000
-0.177054 0.023650 0.793687 1.000000
-0.262293 0.056070 0.882272 1.000000
0.049045 -0.135677 0.149470 3.000000
0.052173 -0.012116 -0.378747 1.000000
-0.231423 0.027865 0.788329 1.000000
-0.074272 0.012906 -0.629188 1.000000
0.189197 -0.032651 -0.083211 0.000000
0.197846 -0.066866 0.026480 0.000000
0.172171 0.032326 0.079761 0.000000
0.142117 0.002245 0.251001 1.000000
0.261789 -0.114762 0.251926 3.000000
-0.084689 -0.009423 0.078428 0.000000
-0.675869 0.044674 0.057050 0.000000
0.661005 -0.071245 -0.031779 0.000000
0.393728 -0.015625 -0.091425 0.000000
0.184220 -0.026776 -0.220807 1.000000
0.033814 -0.001781 -0.466842 1.000000
0.013143 0.026560 0.080550 0.000000
0.032672 -0.075787 0.188091 1.000000
0.447526 0.099696 -0.036811 0.000000
0.251753 -0.082396 0.025038 0.000000
0.279223 -0.097600 0.288915 3.000000
0.772545 0.025390 -0.085876 0.000000
0.493899 0.034828 -0.095124 0.000000
-0.072640 0.000096 0.427055 1.000000
-0.156410 0.037548 0.079217 0.000000
-0.774871 0.033523 -0.044372 0.000000
0.136705 -0.070103 0.018619 0.000000
-0.435464 -0.016277 0.070731 0.000000
0.774122 0.065345 0.053515 0.000000
0.207883 -0.055035 -0.308059 3.000000
0.473283 0.095344 0.031430 0.000000
-0.936265 0.091564 0.197176 2.000000
-0.195603 0.024874 -0.713367 1.000000
0.301281 -0.048562 0.245452 3.000000
-0.628735 0.101573 0.014376 0.000000
-0.670321 0.007875 -0.062214 0.000000
0.141492 0.102035 0.015247 0.000000
-0.341114 0.083132 0.050768 0.000000
0.375315 0.103857 -0.017092 0.000000
0.246069 -0.005153 -0.112966 1.000000
-0.001925 -0.134535 -0.189257 3.000000
0.000904 -0.025525 0.254156 1.000000
-0.095106 0.019624 -0.576315 1.000000
-0.038071 0.008827 0.585512 1.000000
0.132163 -0.015189 0.093088 1.000000
-0.679324 0.003033 0.040541 0.000000
0.202089 -0.045135 -0.263889 3.000000
0.065146 -0.033983 0.264573 1.000000
-0.036901 -0.085742 -0.080817 0.000000
-0.432119 -0.001590 -0.091806 0.000000
0.733651 -0.012361 0.071955 0.000000
0.912643 0.042362 -0.010836 0.000000
-0.086429 -0.030992 0.314672 1.000000
0.126859 -0.045434 0.156269 1.000000
-0.225848 -0.057292 0.044077 0.000000
-0.125486 0.032544 -0.700665 1.000000
-0.288322 0.024547 -0.096212 0.000000
-0.198459 0.025907 -0.722832 1.000000
0.467299 -0.071626 0.014132 0.000000
-0.576895 -0.023947 -0.059793 0.000000
-0.144906 0.025690 -0.662071 1.000000
0.032998 -0.020819 -0.280180 1.000000
-0.059612 -0.085796 -0.026203 0.000000
0.280611 -0.091317 0.264274 3.000000
0.464226 0.041601 0.077531 0.000000
-0.480423 0.027947 -0.091860 0.000000
0.195127 -0.027619 0.199433 1.000000
0.307047 -0.104998 -0.273327 3.000000
-0.037173 -0.031943 -0.187570 1.000000
0.680397 0.054112 0.072227 0.000000
-0.076774 0.027893 -0.640285 1.000000
0.004875 0.101899 0.015899 0.000000
0.020487 -0.018344 0.203078 1.000000
-0.876647 0.067684 -0.088324 2.000000
-0.320552 0.021093 0.081366 0.000000
0.081683 -0.012415 -0.179085 1.000000
-0.206020 0.026261 -0.788706 1.000000
-0.796766 0.070594 0.079761 2.000000
0.492702 0.059143 -0.086094 0.000000
0.290402 -0.080955 -0.022613 0.000000
-0.150780 0.018564 -0.699305 1.000000
0.120087 0.100675 -0.034254 0.000000
-0.172838 0.002054 0.080359 0.000000
-0.372963 0.000014 -0.095423 0.000000
0.218381 -0.062378 -0.085931 0.000000
0.136623 -0.020194 0.283312 1.000000
0.204782 -0.098579 -0.252248 3.000000
0.312677 -0.065696 0.029254 0.000000
-0.248096 0.050277 0.883387 1.000000
-0.077155 0.012254 -0.506905 1.000000
0.222896 -0.010103 0.149443 1.000000
-0.072450 -0.019813 -0.439372 1.000000
-0.092359 0.102416 0.012500 0.000000
-0.575535 0.056424 0.066216 0.000000
0.674686 0.036107 -0.095069 0.000000
0.180331 -0.004310 -0.146501 1.000000
0.234210 -0.083212 0.006108 0.000000
0.627714 0.093359 -0.052205 0.000000
0.210521 0.030259 -0.095640 0.000000
0.343928 -0.058543 -0.074507 0.000000
0.335333 -0.043530 0.072499 0.000000
0.805047 -0.004011 0.062952 0.000000
-0.898976 0.291525 -0.001589 2.000000
-0.034562 -0.072061 0.087839 0.000000
-0.825704 0.104456 -0.001399 0.000000
-0.133782 -0.001781 0.498994 1.000000
-0.398148 -0.039505 -0.075786 0.000000
0.180440 -0.075025 -0.287198 3.000000
0.749644 0.008038 -0.089929 0.000000
0.094874 -0.054056 0.113079 1.000000
0.382142 -0.008934 0.078483 0.000000
0.506410 -0.072659 -0.021661 0.000000
-0.041416 -0.064173 -0.048424 0.000000
0.116877 0.003305 -0.270090 1.000000
-0.076366 0.007494 0.598159 1.000000
-0.403833 0.030340 0.079108 0.000000
0.051112 -0.037138 0.186623 1.000000
0.633426 0.024738 0.080522 0.000000
0.052499 -0.017692 -0.177235 1.000000
0.026906 0.094909 0.032654 0.000000
0.765745 -0.133393 -0.002296 3.000000
-0.295557 0.081528 0.052644 0.000000
-0.116783 -0.018888 0.416094 1.000000
0.145626 -0.076902 -0.304523 3.000000
0.473147 -0.057537 -0.059222 0.000000
-0.043565 -0.043992 -0.132548 1.000000
-0.889240 0.071410 -0.048724 2.000000
0.049507 -0.042333 -0.160372 1.000000
-0.162149 0.011438 -0.594891 1.000000
0.000115 -0.019895 -0.213898 1.000000
0.602039 -0.005425 0.079081 0.000000
-0.003856 -0.134399 0.006135 3.000000
-0.886547 0.094093 0.206341 2.000000
0.157049 -0.034282 -0.218712 1.000000
-0.032387 -0.023403 -0.232992 1.000000
0.248354 -0.045271 -0.110681 1.000000
0.697097 -0.056014 -0.060446 0.000000
-0.177843 0.010404 0.634441 1.000000
-0.153419 -0.014455 -0.091724 0.000000
0.284935 -0.055823 -0.257960 3.000000
0.255561 -0.008825 -0.094172 0.000000
-0.181025 0.031320 0.813787 1.000000
0.062889 -0.013748 0.185780 1.000000
-0.386589 0.052045 0.073478 0.000000
0.840241 -0.054572 0.004612 0.000000
0.599238 0.102470 0.011711 0.000000
-0.721426 0.055227 0.042798 0.000000
-0.468619 0.010323 -0.091398 0.000000
-0.040084 0.015871 0.517979 1.000000
-0.046448 -0.032406 0.194347 1.000000
0.235652 -0.114272 0.279777 3.000000
0.783370 -0.141987 -0.013203 3.000000
0.543672 0.101165 -0.033221 0.000000
-0.706984 0.157519 -0.001453 2.000000
-0.358548 0.056696 0.071737 0.000000
0.024648 0.015980 -0.454793 1.000000
-0.553369 0.075680 0.055473 0.000000
-0.003665 -0.126212 -0.000284 3.000000
-0.390832 -0.065805 0.025174 0.000000
-0.602897 0.086260 -0.058814 0.000000
0.543454 0.042417 -0.093084 0.000000
-0.133020 -0.027809 0.419684 1.000000
-0.651364 0.010295 0.053460 0.000000
0.423238 0.067656 0.064122 0.000000
0.116687 -0.016468 -0.105323 1.000000
-0.052921 -0.010538 0.337165 1.000000
0.288933 -0.080220 -0.310751 3.000000
0.606826 -0.068280 0.022835 0.000000
0.293312 0.041628 -0.093356 0.000000
-0.769078 0.060531 -0.047064 0.000000
0.772246 -0.048616 -0.056829 0.000000
-0.383869 0.094501 0.035346 0.000000
-0.856520 0.158771 -0.010048 2.000000
0.260620 -0.039287 0.279178 3.000000
-0.186002 -0.063031 -0.067028 0.000000
0.587080 -0.016087 -0.091316 0.000000
-0.326399 -0.006486 0.079271 0.000000
-0.452436 -0.061318 0.013016 0.000000
0.284092 -0.053784 -0.298485 3.000000
-0.069730 -0.048779 -0.226246 1.000000
0.334980 0.098445 -0.039803 0.000000
0.488242 -0.066458 -0.043148 0.000000
-0.887526 0.066052 -0.060718 2.000000
0.211772 -0.015108 -0.197688 1.000000
0.842716 0.030966 0.052155 0.000000
-0.114416 -0.078643 -0.069177 0.000000
-0.041063 -0.010103 0.410274 1.000000
-0.279129 -0.043176 -0.075187 0.000000
-0.012042 0.090041 0.041112 0.000000
-0.512762 -0.051907 -0.024300 0.000000
0.190829 -0.030964 -0.200272 1.000000
-0.677474 0.142016 -0.005506 2.000000
0.023723 -0.043693 0.088519 0.000000
-0.240507 0.056070 0.071873 0.000000
0.000523 -0.017012 0.225843 1.000000
0.720243 0.099370 0.016008 0.000000
-0.319573 0.099016 0.024113 0.000000
-0.900772 0.078645 -0.101515 2.000000
-0.131524 0.005019 0.080740 0.000000
0.640362 0.082044 0.051176 0.000000
-0.274451 0.054846 0.072417 0.000000
0.013823 -0.037927 -0.173128 1.000000
-0.929139 0.340563 -0.002487 2.000000
-0.018651 -0.020738 0.297048 1.000000
-0.019522 -0.087836 -0.015759 0.000000
0.216831 -0.048779 -0.070455 0.000000
-0.243499 -0.012007 -0.092730 0.000000
0.175054 0.016850 0.081719 0.000000
0.267610 -0.115850 -0.274170 3.000000
0.828628 0.076333 0.027513 0.000000
0.145027 -0.085769 0.002273 0.000000
0.060223 0.009942 0.377962 1.000000
-0.038996 0.002136 0.540716 1.000000
-0.012613 -0.137717 -0.185775 3.000000
-0.038098 -0.033521 0.197257 1.000000
0.092535 -0.041082 0.178082 1.000000
0.005827 -0.031155 -0.216999 1.000000
-0.711091 0.103041 -0.021879 0.000000
0.158654 -0.074454 -0.008171 0.000000
-0.957833 0.087402 -0.227905 2.000000
0.195208 -0.055769 -0.112803 1.000000
-0.003393 0.008528 -0.417722 1.000000
0.793624 0.032816 0.065373 0.000000
-0.229846 0.039642 0.875119 1.000000
0.087585 -0.086340 -0.050736 0.000000
0.707487 0.101192 -0.028651 0.000000
0.040532 -0.060774 0.185644 1.000000
-0.879747 0.088001 0.124502 2.000000
-0.125785 0.001021 -0.510549 1.000000
0.678657 0.043015 0.076796 0.000000
-0.011471 0.003550 0.388814 1.000000
-0.093175 -0.082015 -0.034988 0.000000
0.476329 -0.042170 -0.076003 0.000000
-0.793393 0.200329 0.000886 2.000000
0.025002 -0.012606 0.234546 1.000000
-0.019875 0.032843 0.079761 0.000000
0.023533 0.011111 0.420065 1.000000
-0.141914 -0.054844 0.081529 0.000000
-0.557530 0.092461 -0.051525 0.000000
0.285778 -0.008118 0.078836 0.000000
0.161564 -0.058897 -0.295792 3.000000
0.117856 -0.032923 -0.225240 1.000000
0.178916 -0.041762 0.255679 1.000000
0.724839 0.056995 -0.083320 0.000000
-0.174416 0.099179 -0.037817 0.000000
-0.184887 -0.067301 -0.040945 0.000000
0.330465 -0.058353 0.042336 0.000000
0.236658 -0.077664 0.227610 3.000000
0.057096 -0.004500 0.262805 1.000000
0.455713 0.073776 -0.075215 0.000000
-0.912956 0.082643 0.125318 2.000000
-0.945077 0.083486 -0.196736 2.000000
-0.115151 -0.003005 -0.470405 1.000000
0.193903 -0.058135 0.089824 1.000000
0.478722 0.055988 0.071629 0.000000
-0.034263 -0.021581 -0.338684 1.000000
-0.800872 0.224019 0.000723 2.000000
0.566328 -0.072850 0.004503 0.000000
0.861674 0.028301 0.043832 0.000000
-0.033855 0.001864 -0.519062 1.000000
-0.932539 0.324081 -0.003547 2.000000
0.198717 -0.004120 -0.188386 1.000000
0.214845 -0.056123 0.101492 1.000000
0.495585 -0.032895 -0.083129 0.000000
0.504914 0.089524 -0.057400 0.000000
0.592574 0.042199 0.077231 0.000000
0.201273 0.042063 -0.093138 0.000000
0.523382 0.104401 -0.013067 0.000000
0.026198 -0.021119 0.292832 1.000000
-0.026593 -0.034446 0.322124 1.000000
0.514815 -0.051254 0.051556 0.000000
-0.097526 0.033360 -0.095124 0.000000
-0.877435 0.228371 -0.002432 2.000000
0.056089 -0.029931 -0.238268 1.000000
-0.339101 -0.063929 0.034965 0.000000
-0.761353 0.129070 0.002056 2.000000
-0.206809 -0.051662 -0.028461 0.000000
-0.255358 -0.054899 -0.062649 0.000000
-0.151406 -0.073122 -0.025741 0.000000
0.075998 -0.118325 0.178599 3.000000
0.031121 0.014402 -0.470106 1.000000
0.164229 -0.095995 -0.257416 3.000000
0.112308 -0.025824 0.071520 0.000000
0.603046 0.104592 -0.011516 0.000000
-0.096683 0.081908 0.051638 0.000000
-0.253345 0.024901 0.815038 1.000000
0.110676 0.102960 0.008311 0.000000
0.892190 -0.005996 -0.052776 0.000000
0.023179 -0.021336 0.073424 0.000000
0.133359 -0.094744 -0.296227 3.000000
-0.804381 0.036107 -0.037382 0.000000
0.302478 -0.072251 -0.024653 0.000000
0.237039 -0.011246 0.124203 1.000000
0.413039 0.085526 -0.062622 0.000000
-0.517875 -0.021146 -0.073420 0.000000
0.219197 -0.030937 0.260901 1.000000
0.071728 -0.043176 0.264573 1.000000
0.056633 -0.150147 0.164837 3.000000
-0.946845 0.280727 -0.005941 2.000000
0.157783 -0.009722 0.119117 1.000000
-0.408973 -0.067981 0.009889 0.000000
0.760931 0.044293 0.067168 0.000000
-0.114362 0.015463 -0.663213 1.000000
0.342487 0.076469 0.057404 0.000000
0.116497 0.001891 -0.096484 0.000000
0.130422 -0.012986 0.076878 0.000000
0.147149 -0.038852 0.189207 1.000000
-0.029068 0.081147 0.052617 0.000000
-0.874036 0.083214 0.017776 0.000000
0.047413 0.010459 -0.450768 1.000000
0.060550 0.005264 -0.438855 1.000000
-0.150182 0.012335 -0.626849 1.000000
-0.260036 0.074402 -0.074589 0.000000
0.259722 -0.048616 0.055092 0.000000
-0.032115 -0.041544 0.141555 1.000000
-0.312963 0.093604 0.036951 0.000000
-0.254079 -0.059386 0.041439 0.000000
0.094276 0.063686 -0.082912 0.000000
-0.875504 0.075435 0.142888 2.000000
0.159878 -0.055280 -0.269845 3.000000
0.554878 -0.065724 -0.044916 0.000000
0.580335 0.042009 0.077313 0.000000
-0.228785 0.033414 0.819498 1.000000
0.167928 0.076577 0.057377 0.000000
0.675556 -0.038988 -0.078560 0.000000
0.019970 -0.128524 -0.151016 3.000000
-0.853093 0.086070 0.103151 2.000000
-0.135005 0.014375 -0.650539 1.000000
0.138690 -0.042197 0.259568 1.000000
-0.020773 -0.136031 0.010242 3.000000
0.037622 -0.004718 -0.100563 0.000000
0.298453 -0.023512 -0.096674 0.000000
0.085491 -0.038199 0.192498 1.000000
-0.089367 0.023786 -0.602670 1.000000
0.068981 -0.040021 0.181428 1.000000
-0.246464 0.099506 -0.037518 0.000000
-0.063311 -0.003168 -0.468691 1.000000
-0.045170 0.013070 -0.607865 1.000000
-0.016204 -0.129558 0.178599 3.000000
-0.499897 0.098064 -0.041026 0.000000
0.305388 -0.059278 0.297020 3.000000
0.113260 -0.026449 -0.256790 1.000000
0.041919 -0.096213 -0.204216 1.000000
0.733352 -0.056476 0.038800 0.000000
0.054811 -0.099585 -0.205141 1.000000
-0.347832 -0.066893 -0.040945 0.000000
-0.018515 -0.014047 0.272732 1.000000
0.496565 0.078835 0.055391 0.000000
-0.057953 0.005509 -0.555726 1.000000
0.163305 -0.001046 0.186895 1.000000
-0.622099 0.076985 -0.065777 0.000000
0.062943 -0.016740 -0.332238 1.000000
-0.148659 -0.072931 0.046878 0.000000
0.008492 -0.013938 -0.103256 0.000000
0.151909 -0.037818 -0.201442 1.000000
0.220666 0.073015 -0.075731 0.000000
-0.092984 -0.007737 0.435514 1.000000
-0.919729 0.095861 0.207783 2.000000
0.442141 0.104891 -0.009205 0.000000
0.036996 -0.010756 -0.093301 0.000000
-0.176184 0.014239 -0.649152 1.000000
0.030115 -0.005480 0.280620 1.000000
-0.096411 -0.001291 -0.444077 1.000000
-0.120917 -0.023376 0.427055 1.000000
0.014014 -0.128307 -0.177888 3.000000
-0.062359 0.003278 -0.432572 1.000000
0.019780 -0.026449 0.215643 1.000000
0.124819 -0.086313 0.003388 0.000000
0.187538 -0.070511 -0.033357 0.000000
0.132190 -0.085551 -0.256545 3.000000
-0.899684 0.343392 -0.011054 2.000000
-0.183119 0.020196 -0.718398 1.000000
-0.504140 0.103721 -0.021308 0.000000
-0.137698 0.004829 -0.548926 1.000000
-0.256282 0.033142 -0.867662 1.000000
0.358126 -0.031971 -0.083782 0.000000
0.714613 0.075789 0.054902 0.000000
0.148346 -0.010348 -0.130237 1.000000
0.745374 0.084139 0.040623 0.000000
0.594369 0.046877 -0.091262 0.000000
-0.202729 0.037194 0.835926 1.000000
0.030632 -0.022016 0.319051 1.000000
0.038438 -0.004419 -0.280643 1.000000
0.073523 -0.147726 0.140059 3.000000
-0.418057 0.092842 -0.052531 0.000000
-0.200771 -0.014917 -0.091534 0.000000
0.158382 -0.084871 -0.032133 0.000000
0.567878 0.087049 -0.060664 0.000000
0.135046 0.035019 -0.094988 0.000000
0.110894 0.005509 0.309667 1.000000
-0.057871 -0.085062 0.049761 0.000000
0.681023 -0.062106 -0.053483 0.000000
-0.028144 -0.001753 0.366702 1.000000
-0.130028 0.071219 0.061592 0.000000
0.545494 -0.057374 -0.059494 0.000000
-0.256364 -0.035343 0.065808 0.000000
0.557434 -0.060964 0.038855 0.000000
-0.106475 0.000749 -0.507857 1.000000
0.154492 0.029742 0.080087 0.000000
0.102435 -0.034119 0.271318 1.000000
0.287165 -0.056150 -0.060936 0.000000
-0.905858 0.344344 -0.001698 2.000000
-0.507186 0.045354 0.073560 0.000000
0.021140 -0.072768 0.005374 0.000000
0.019208 -0.056014 0.045518 0.000000
-0.162231 0.016905 -0.626686 1.000000
-0.405546 -0.055687 -0.056910 0.000000
-0.031108 0.006488 -0.422699 1.000000
-0.095731 0.095807 -0.046058 0.000000
0.259260 -0.111226 -0.298974 3.000000
0.291327 -0.078752 -0.052858 0.000000
-0.049304 -0.021554 -0.268648 1.000000
0.458650 0.104048 -0.000012 0.000000
0.231491 0.104374 -0.002405 0.000000
0.503255 -0.009015 -0.094199 0.000000
0.247755 -0.066703 -0.077499 0.000000
-0.228894 0.031728 0.870114 1.000000
-0.867916 0.075109 -0.147562 2.000000
0.389023 0.069968 0.062354 0.000000
0.013334 -0.009423 0.417372 1.000000
-0.265367 0.065562 0.892525 1.000000
-0.167861 -0.067791 0.071221 0.000000
0.758728 0.097765 -0.020519 0.000000
0.378823 0.059089 0.070377 0.000000
0.107902 0.005889 0.317881 1.000000
-0.221197 0.025907 -0.749105 1.000000
0.230403 -0.066975 0.026208 0.000000
-0.007228 -0.019568 0.309504 1.000000
-0.960172 0.084302 0.187085 2.000000
0.269079 0.014266 0.081828 0.000000
0.124683 -0.056231 0.045219 0.000000
-0.075904 0.006596 -0.544003 1.000000
0.005528 -0.108153 0.142834 3.000000
-0.927235 0.098880 -0.237942 2.000000
0.055736 -0.057809 -0.102168 0.000000
0.543971 0.003169 0.080250 0.000000
-0.251414 0.006651 0.080985 0.000000
-0.041253 -0.022424 0.279314 1.000000
0.022581 -0.008009 0.268625 1.000000
0.059217 -0.001590 0.431244 1.000000
0.252297 0.065317 -0.081688 0.000000
0.117367 -0.027211 -0.086583 0.000000
-0.589923 0.085308 0.045709 0.000000
-0.737800 0.023269 -0.049594 0.000000
0.873559 0.003115 0.044322 0.000000
-0.224868 0.088273 -0.058923 0.000000
-0.845940 0.086886 -0.165676 2.000000
-0.256310 0.041655 -0.885831 1.000000
0.331553 0.098499 0.023977 0.000000
-0.741526 0.077611 -0.049784 0.000000
0.663779 0.089823 -0.057046 0.000000
0.083124 -0.066132 0.028302 0.000000
0.497843 0.001510 -0.095912 0.000000
-0.855487 0.081120 -0.071679 2.000000
-0.850183 0.089469 -0.153981 2.000000
0.532303 0.024275 0.080658 0.000000
-0.774626 0.012199 -0.013067 0.000000
0.175816 -0.051173 -0.297533 3.000000
0.110241 -0.021799 -0.283499 1.000000
0.293639 -0.082233 0.271264 3.000000
-0.155350 0.003768 0.549175 1.000000
0.376240 -0.064282 -0.048343 0.000000
0.765174 -0.074944 -0.024191 0.000000
0.265733 -0.090882 -0.242864 3.000000
-0.594193 0.104075 -0.016684 0.000000
-0.183772 0.017938 -0.691880 1.000000
-0.808678 0.069860 -0.104915 2.000000
-0.006521 -0.063738 0.034149 0.000000
0.255751 -0.082641 0.005075 0.000000
0.025546 0.011030 -0.410922 1.000000
0.007595 0.005182 -0.096212 0.000000
-0.678807 -0.004718 -0.047336 0.000000
-0.350415 0.091428 -0.055333 0.000000
-0.850917 0.044456 0.006162 0.000000
0.164148 -0.066186 -0.043665 0.000000
-0.125894 -0.003086 0.485123 1.000000
0.563554 -0.066567 -0.042958 0.000000
0.099416 -0.072251 0.009263 0.000000
-0.116021 0.013886 0.676844 1.000000
-0.234034 0.030667 0.808456 1.000000
0.283602 -0.092949 -0.244823 3.000000
0.034711 0.006814 -0.096429 0.000000
-0.745170 0.002326 -0.023239 0.000000
0.185961 -0.058978 0.076932 0.000000
-0.816403 0.028790 -0.005098 0.000000
-0.414331 -0.033902 0.062680 0.000000
0.587978 -0.059985 0.040133 0.000000
-0.135305 -0.076113 0.020795 0.000000
0.525313 -0.070456 -0.033574 0.000000
0.029761 -0.034228 -0.221378 1.000000
0.296549 -0.080139 0.027703 0.000000
0.306694 -0.043367 0.262179 3.000000
0.787395 0.081038 -0.051416 0.000000
-0.187280 0.015191 -0.659976 1.000000
-0.041879 0.005128 0.567180 1.000000
0.094031 -0.012660 -0.360850 1.000000
-0.277443 0.070947 -0.907127 1.000000
0.103523 -0.086204 0.032817 0.000000
-0.048379 -0.085769 -0.063819 0.000000
-0.064508 -0.084055 -0.065015 0.000000
-0.649759 -0.018072 -0.039884 0.000000
0.210548 -0.017501 -0.101651 0.000000
-0.684056 0.089551 0.033877 0.000000
-0.217443 0.038609 -0.880799 1.000000
-0.354522 -0.010647 0.078075 0.000000
0.153785 0.004230 -0.096130 0.000000
0.138445 -0.010022 0.137231 1.000000
-0.953509 0.101083 -0.283907 2.000000
0.813097 -0.054246 0.020006 0.000000
0.062372 0.011329 -0.097000 0.000000
0.263693 0.052181 0.073260 0.000000
-0.691182 0.105408 0.004041 2.000000
0.022744 -0.027619 -0.147943 1.000000
0.325189 -0.078425 0.000804 0.000000
0.392830 0.043396 0.076823 0.000000
-0.192312 0.085417 0.047177 0.000000
-0.746422 0.075979 0.034585 0.000000
0.821611 -0.067220 0.005129 0.000000
0.066969 -0.024165 -0.102304 1.000000
-0.800247 0.067901 -0.090010 2.000000
-0.061380 -0.062351 -0.052830 0.000000
0.187756 -0.074128 -0.262094 3.000000
-0.140282 -0.061889 0.037903 0.000000
0.578023 -0.074182 -0.005941 0.000000
0.329187 -0.072714 -0.021308 0.000000
-0.309727 0.071682 0.899896 1.000000
0.039689 -0.077800 -0.170272 1.000000
0.003733 -0.026395 0.212787 1.000000
0.330220 -0.058271 -0.076547 0.000000
0.007976 -0.122296 0.135844 3.000000
0.216069 0.040812 -0.093655 0.000000
-0.902811 0.084057 0.212515 2.000000
-0.013021 -0.015135 0.317120 1.000000
-0.452382 0.098798 -0.039014 0.000000
0.766752 0.094039 -0.032350 0.000000
0.890694 0.060830 0.000641 0.000000
-0.626749 0.103150 -0.023402 0.000000
0.061801 -0.074427 -0.098306 0.000000
-0.153772 0.005155 0.573001 1.000000
0.049208 -0.126892 -0.177915 3.000000
0.031121 -0.055687 0.045953 0.000000
-0.200961 0.020876 0.081338 0.000000
-0.101796 -0.014455 -0.098279 0.000000
-0.452926 -0.037655 0.054439 0.000000
0.157756 -0.038117 0.192905 1.000000
0.151800 -0.007193 0.278961 1.000000
0.199968 -0.003358 0.128147 1.000000
0.924964 -0.014781 0.018157 0.000000
0.543835 0.067711 0.064040 0.000000
0.076080 -0.011762 0.185616 1.000000
-0.561202 0.010540 0.069997 0.000000
-0.052404 -0.002760 -0.096348 0.000000
-0.060999 0.005128 0.448378 1.000000
-0.352075 -0.070674 -0.030093 0.000000
0.293122 -0.096349 0.233594 3.000000
0.874756 -0.006867 0.041874 0.000000
-0.323816 0.104891 -0.007953 0.000000
-0.807482 0.073395 0.097086 2.000000
0.181963 -0.041626 0.084276 0.000000
0.156695 -0.002787 0.179089 1.000000
-0.743457 0.015708 -0.044181 0.000000
-0.074925 -0.033603 0.087757 0.000000
-0.685280 0.033849 0.052943 0.000000
-0.294958 0.067956 -0.902367 1.000000
-0.870989 0.082969 0.085690 2.000000
-0.483687 0.092135 -0.053048 0.000000
0.237773 -0.074726 0.305669 3.000000
-0.624982 0.103803 0.003143 0.000000
-0.877544 0.052670 0.003715 0.000000
-0.194298 0.018292 0.732709 1.000000
0.385868 0.037766 -0.094689 0.000000
0.194936 0.103531 -0.019730 0.000000
-0.719359 0.140031 0.001348 2.000000
-0.125350 -0.013721 0.078238 0.000000
0.223222 0.062489 -0.083864 0.000000
0.238100 -0.072469 -0.318503 3.000000
0.275905 -0.073176 0.002056 0.000000
-0.465654 -0.056068 -0.036648 0.000000
0.054566 -0.015026 -0.192684 1.000000
-0.876864 0.071682 0.111828 2.000000
0.279196 -0.077963 0.238571 3.000000
-0.066874 -0.015407 -0.324894 1.000000
0.732754 0.072144 0.055527 0.000000
0.566600 0.030205 0.079897 0.000000
0.785355 -0.028544 0.056071 0.000000
0.129116 -0.034745 -0.101978 0.000000
0.158899 -0.077120 0.065618 0.000000
-0.014137 0.095018 -0.048016 0.000000
-0.580322 0.101545 0.015899 0.000000
0.129225 -0.056993 0.275207 3.000000
0.594750 0.065045 -0.082014 0.000000
-0.879231 0.273574 -0.013039 2.000000
-0.039975 -0.045624 -0.073202 0.000000
-0.000456 0.068064 0.063959 0.000000
0.185770 -0.008662 0.218390 1.000000
0.194882 -0.035234 0.175118 1.000000
-0.175014 0.033468 -0.745896 1.000000
-0.073429 -0.012578 -0.349536 1.000000
0.158028 -0.081308 -0.251650 3.000000
-0.014545 -0.072142 -0.025551 0.000000
0.860640 -0.045488 0.016144 0.000000
0.099906 -0.085442 -0.069612 0.000000
-0.019875 -0.073720 -0.002160 0.000000
0.700062 0.089469 -0.056257 0.000000
0.019018 -0.087020 0.032110 0.000000
0.124602 -0.034772 -0.216237 1.000000
-0.003964 -0.007574 0.437118 1.000000
-0.095323 -0.014319 0.365832 1.000000
0.202851 -0.083511 -0.037899 0.000000
-0.016040 -0.131598 -0.017718 3.000000
-0.076285 0.015789 -0.530921 1.000000
0.471216 -0.020520 -0.089439 0.000000
0.048555 -0.109350 -0.206228 1.000000
0.044992 -0.118543 0.195326 1.000000
0.149026 -0.057755 -0.058841 0.000000
-0.053112 0.022480 -0.617085 1.000000
-0.244669 -0.027864 -0.086230 0.000000
0.840078 0.078808 -0.032486 0.000000
-0.705760 0.079705 -0.054245 0.000000
-0.678317 -0.011055 0.023488 0.000000
-0.165332 0.026342 -0.687882 1.000000
0.079208 -0.030828 -0.235412 1.000000
-0.900690 0.076278 -0.154851 2.000000
0.599374 -0.008009 -0.094634 0.000000
0.164501 -0.107582 0.264518 3.000000
-0.431820 0.004230 0.077395 0.000000
0.305089 -0.081879 -0.248984 3.000000
-0.684845 -0.014401 -0.025170 0.000000
0.696635 0.078672 -0.070863 0.000000
0.202796 -0.091562 0.234682 3.000000
0.050840 -0.151915 -0.149901 3.000000
-0.016258 -0.024736 0.196768 1.000000
0.101973 -0.043475 0.166034 1.000000
-0.067282 -0.009070 -0.439916 1.000000
0.646236 -0.031916 -0.083945 0.000000
-0.005352 -0.116176 -0.148759 3.000000
-0.807128 0.025717 -0.015025 0.000000
0.451524 0.007059 -0.096592 0.000000
-0.051017 0.002462 0.419521 1.000000
-0.593894 -0.040103 -0.007953 0.000000
0.673761 0.049950 -0.090038 0.000000
0.020269 -0.073339 -0.016466 0.000000
0.353475 0.103531 0.004014 0.000000
0.070722 0.103422 0.004830 0.000000
0.196079 -0.021554 -0.223744 1.000000
0.040641 -0.027592 -0.229755 1.000000
0.038329 -0.025035 -0.104262 0.000000
0.224365 -0.017039 -0.177453 1.000000
0.024023 -0.027102 0.143187 1.000000
-0.104707 0.018346 0.586219 1.000000
0.505350 0.006134 -0.096511 0.000000
0.230321 -0.082478 -0.052450 0.000000
0.355732 0.099206 0.022264 0.000000
0.249849 0.033142 -0.095260 0.000000
0.535458 -0.073339 0.000668 0.000000
-0.100409 0.006569 0.587579 1.000000
0.159252 -0.084273 -0.303435 3.000000
-0.084526 -0.014917 0.359304 1.000000
0.882480 0.063985 0.011412 0.000000
-0.794807 0.155860 -0.015460 2.000000
-0.033447 0.093631 0.035754 0.000000
0.225045 -0.040266 0.131383 1.000000
0.279223 -0.095914 0.253367 3.000000
0.699898 -0.062188 -0.051688 0.000000
-0.071634 0.018210 -0.547621 1.000000
-0.175204 0.084683 -0.063465 0.000000
0.842961 0.038391 -0.064934 0.000000
-0.503215 0.011383 0.074620 0.000000
0.047576 -0.004120 0.441606 1.000000
-0.814553 0.083159 0.078918 2.000000
-0.777156 0.086042 0.028247 0.000000
0.053859 -0.045679 0.133913 1.000000
-0.134298 -0.076086 -0.042142 0.000000
-0.023629 -0.014945 0.315814 1.000000
0.824521 -0.064962 -0.022477 0.000000
0.078120 -0.018154 0.324436 1.000000
0.187729 -0.064935 -0.297098 3.000000
0.238209 -0.106521 -0.255049 3.000000
0.410319 -0.025661 0.071465 0.000000
-0.194570 -0.032515 0.067875 0.000000
-0.083111 -0.010647 -0.372573 1.000000
-0.201968 -0.057156 0.043070 0.000000
0.125744 -0.017093 0.087322 0.000000
-0.664854 -0.020439 0.007114 0.000000
-0.127390 -0.065152 -0.098034 0.000000
-0.196310 0.036977 -0.791344 1.000000
-0.847762 0.054057 0.020115 0.000000
0.022391 -0.015543 0.352341 1.000000
-0.141995 0.011819 0.081638 0.000000
0.011457 -0.032895 -0.205358 1.000000
-0.109058 0.010431 -0.604954 1.000000
-0.083710 -0.006975 0.443700 1.000000
-0.350252 0.058817 -0.086067 0.000000
0.730279 -0.031236 -0.079621 0.000000
0.423755 -0.071435 0.015274 0.000000
-0.043701 -0.002787 0.488115 1.000000
-0.464077 0.083622 0.049136 0.000000
0.210140 -0.057537 0.237184 3.000000
-0.102721 0.005209 0.573436 1.000000
0.070477 0.020114 -0.096946 0.000000
0.169207 -0.066023 -0.302129 3.000000
0.020840 0.051582 -0.089086 0.000000
-0.007446 -0.026232 0.177729 1.000000
0.036915 -0.086938 0.032382 0.000000
0.252868 -0.057863 0.231935 3.000000
-0.122440 0.014294 -0.649560 1.000000
-0.044979 0.016959 -0.517811 1.000000
0.034956 0.000776 -0.323534 1.000000
0.068709 -0.037764 0.063714 0.000000
-0.086239 0.009235 -0.593069 1.000000
0.778610 -0.047909 0.040351 0.000000
0.270656 -0.042823 -0.301939 3.000000
0.330519 -0.065832 -0.044589 0.000000
-0.526687 0.088626 0.042255 0.000000
-0.605616 0.103912 0.002627 0.000000
-0.193074 0.052289 -0.088705 0.000000
-0.577521 -0.015244 -0.068306 0.000000
0.275606 -0.046576 0.079897 1.000000
-0.787545 0.041274 0.029281 0.000000
-0.024200 -0.121371 -0.025605 3.000000
-0.045850 0.026424 0.080577 0.000000
0.367536 0.044157 0.076524 0.000000
0.320538 0.090557 -0.056013 0.000000
0.738330 0.092053 0.029689 0.000000
0.062617 -0.135460 -0.189284 3.000000
0.100803 0.054547 -0.087889 0.000000
0.239432 -0.041653 0.251082 3.000000
-0.429861 -0.056340 -0.050328 0.000000
-0.819014 0.071464 -0.117453 2.000000
0.818129 0.088708 0.006543 0.000000
0.682981 0.028926 -0.096021 0.000000
0.552022 0.061401 -0.084843 0.000000
0.681567 0.012553 -0.097436 0.000000
-0.115940 0.008555 0.611323 1.000000
0.930839 0.032136 -0.002323 0.000000
0.293938 -0.068743 0.021856 0.000000
0.452721 -0.072360 0.008257 0.000000
-0.027382 -0.033467 -0.202312 1.000000
-0.163264 0.037793 -0.094498 0.000000
-0.867182 0.072525 -0.127245 2.000000
-0.207543 -0.050547 0.032382 0.000000
0.469992 0.102688 0.010297 0.000000
0.039308 -0.002569 0.456293 1.000000
-0.072341 -0.023485 -0.431212 1.000000
0.009988 -0.042823 0.216867 1.000000
-0.217117 0.015980 0.697433 1.000000
-0.704564 0.083431 0.037821 0.000000
-0.011770 -0.086421 0.062680 0.000000
0.090196 -0.014754 0.351498 1.000000
-0.276137 -0.072686 -0.018126 0.000000
-0.487848 -0.031699 -0.069367 0.000000
-0.917226 0.092706 0.255733 2.000000
0.148835 -0.084545 -0.053130 0.000000
0.375179 0.104320 -0.001943 0.000000
0.005745 -0.007737 -0.422726 1.000000
0.007459 -0.086666 -0.053347 0.000000
0.835264 0.031265 -0.071570 0.000000
-0.016367 0.015708 0.494969 1.000000
0.005609 -0.002379 -0.476416 1.000000
0.466674 0.023595 -0.096620 0.000000
-0.762577 0.118300 0.002491 2.000000
-0.112866 -0.069722 -0.035124 0.000000
-0.202212 -0.057374 -0.017636 0.000000
0.772300 -0.055089 0.032681 0.000000
0.097458 -0.004691 -0.225784 1.000000
-0.219211 0.019624 0.722401 1.000000
0.239215 -0.064962 0.067222 0.000000
-0.810854 0.032380 0.014431 0.000000
0.735311 0.017911 0.076361 0.000000
0.058755 -0.116285 0.135844 3.000000
-0.090319 -0.081444 0.056561 0.000000
0.196323 -0.087373 -0.311839 3.000000
0.004467 -0.128361 -0.162494 3.000000
-0.497966 -0.012034 0.067114 0.000000
-0.105115 -0.008635 -0.409671 1.000000
0.200593 0.091047 -0.055306 0.000000
-0.466035 0.053649 -0.085958 0.000000
0.646563 0.101736 -0.031833 0.000000
-0.203953 0.024955 0.815690 1.000000
-0.783547 0.217927 -0.014046 2.000000
0.050486 -0.072088 0.010541 0.000000
-0.711717 0.162415 -0.012224 2.000000
-0.013919 0.099778 -0.036403 0.000000
0.178372 -0.003603 0.213549 1.000000
-0.526143 0.081065 -0.067001 0.000000
-0.124126 -0.070837 0.016906 0.000000
-0.073782 -0.082559 -0.080518 0.000000
-0.017972 -0.072278 -0.103202 0.000000
-0.065432 -0.002216 -0.477993 1.000000
0.131619 -0.049622 0.135272 1.000000
0.001856 -0.007710 -0.294867 1.000000
0.279033 -0.068335 -0.249936 3.000000
0.269242 0.043994 0.076606 0.000000
0.050078 -0.053212 0.185100 1.000000
-0.746449 0.006787 -0.032269 0.000000
0.538259 -0.042986 -0.075405 0.000000
0.236930 -0.052750 0.049707 0.000000
-0.033529 -0.124227 -0.001045 3.000000
0.700878 -0.017964 -0.089439 0.000000
0.185825 -0.022070 0.259052 1.000000
0.223930 -0.041544 0.255842 3.000000
-0.063175 0.008201 0.472231 1.000000
-0.167888 0.008392 -0.584066 1.000000
-0.164325 -0.018018 0.528178 1.000000
0.112118 -0.027864 0.261227 1.000000
-0.112159 0.002544 -0.526025 1.000000
-0.527938 -0.050085 0.003579 0.000000
-0.413243 0.022072 0.079734 0.000000
0.187402 -0.014373 -0.091887 0.000000
0.025410 -0.038988 -0.171388 1.000000
-0.108242 -0.049214 0.086642 0.000000
0.262823 -0.117400 0.261935 3.000000
0.169315 -0.026014 0.071411 0.000000
0.091066 -0.031699 -0.231278 1.000000
-0.321422 0.038854 0.078999 0.000000
0.114837 -0.044237 0.058682 0.000000
0.060550 -0.006948 -0.417667 1.000000
-0.141859 0.069996 -0.077934 0.000000
-0.121896 -0.035778 0.085337 0.000000
-0.620820 0.037956 0.065808 0.000000
-0.371820 0.083350 0.050604 0.000000
-0.111234 -0.003521 0.480336 1.000000
0.091202 -0.056911 0.044322 0.000000
0.180630 -0.064581 0.264110 3.000000
0.366693 -0.005860 0.079108 0.000000
-0.180644 0.032489 0.766027 1.000000
0.083043 -0.020194 -0.297479 1.000000
0.024240 -0.046821 0.115091 1.000000
-0.110255 -0.064037 -0.048778 0.000000
0.060305 -0.056639 0.184855 1.000000
-0.843682 0.147048 -0.003330 2.000000
0.705800 0.057974 0.068936 0.000000
0.140186 0.031020 0.079924 0.000000
-0.783248 0.217927 0.000260 2.000000
0.016706 -0.025225 0.320193 1.000000
-0.049494 -0.015325 -0.329926 1.000000
0.145898 -0.098933 -0.265140 3.000000
0.279223 -0.063901 0.263458 3.000000
0.052771 -0.026504 0.097712 1.000000
0.090114 -0.057918 0.085663 0.000000
0.671830 -0.055089 -0.062513 0.000000
0.186369 -0.007356 0.085364 0.000000
0.011838 -0.080111 0.080414 0.000000
0.148563 -0.084953 0.035074 0.000000
0.031720 -0.084137 0.073288 0.000000
-0.034671 -0.021472 0.245425 1.000000
0.148046 -0.058870 -0.295221 3.000000
0.326712 0.074565 0.058873 0.000000
0.288607 -0.060366 0.291118 3.000000
0.419077 0.087430 0.044349 0.000000
0.281617 -0.087373 0.236695 3.000000
0.598558 0.083105 0.049843 0.000000
-0.562698 0.104401 -0.014726 0.000000
0.469801 0.014022 -0.097490 0.000000
-0.516678 -0.003848 -0.083945 0.000000
0.244546 -0.033276 -0.140055 1.000000
0.046679 -0.028734 0.070323 0.000000
-0.240915 0.090041 -0.056665 0.000000
0.057096 -0.023866 -0.129584 1.000000
0.760279 0.061428 0.058981 0.000000
0.118264 -0.009070 -0.171143 1.000000
-0.919239 0.076849 0.101710 2.000000
0.090277 0.008364 -0.368221 1.000000
-0.638771 -0.022642 0.020714 0.000000
-0.806530 0.208027 -0.014753 2.000000
-0.145422 0.003849 0.537861 1.000000
0.317138 0.078182 0.056098 0.000000
0.048882 -0.120528 -0.184443 3.000000
-0.580186 0.067901 -0.076003 0.000000
-0.032931 -0.023566 0.228970 1.000000
0.277184 -0.048562 0.239469 3.000000
0.305443 0.002707 -0.095994 0.000000
0.117476 0.002653 0.263512 1.000000
0.284636 -0.050057 0.260439 3.000000
-0.037527 -0.121562 -0.021172 3.000000
-0.166936 -0.029876 -0.085196 0.000000
0.248490 -0.003086 0.093578 1.000000
-0.024825 -0.133719 0.178599 3.000000
-0.514475 -0.019269 0.060450 0.000000
-0.777428 0.163857 0.001104 2.000000
0.072245 -0.006160 -0.237153 1.000000
0.225235 -0.115442 0.269958 3.000000
0.182643 -0.010674 0.229977 1.000000
-0.931261 0.334335 -0.010184 2.000000
0.282079 0.079488 0.054630 0.000000
-0.137045 0.019080 0.732872 1.000000
0.132843 0.088028 0.043669 0.000000
-0.068859 -0.036866 0.323919 1.000000
-0.177489 0.029878 0.080196 0.000000
0.173531 -0.083729 0.052916 0.000000
0.892761 0.049298 -0.035995 0.000000
0.018964 0.097656 -0.041543 0.000000
0.164583 -0.019405 -0.089793 0.000000
0.864992 -0.049785 0.000478 0.000000
0.362368 0.103613 -0.019159 0.000000
-0.377886 -0.042796 0.060341 0.000000
-0.009051 -0.112205 0.032490 0.000000
0.288308 -0.000992 -0.095505 0.000000
-0.174769 0.098363 0.024467 0.000000
-0.859757 0.173702 -0.003547 2.000000
-0.040084 -0.012170 0.388189 1.000000
-0.872458 0.064855 -0.063057 2.000000
0.147693 -0.059169 -0.098605 1.000000
-0.177652 -0.072686 0.005918 0.000000
0.060087 -0.106004 -0.153899 3.000000
-0.765868 0.102307 0.007278 0.000000
0.143423 -0.009097 0.296776 1.000000
0.077222 -0.021391 0.088437 0.000000
-0.044680 -0.040429 0.061674 0.000000
0.266440 -0.067002 0.305234 3.000000
0.518758 -0.065533 0.029580 0.000000
0.284881 -0.081363 0.030722 0.000000
-0.876320 0.178924 -0.009096 2.000000
0.042327 -0.097110 0.162008 3.000000
-0.515672 0.100104 -0.035723 0.000000
-0.873845 0.076251 -0.032296 0.000000
0.178862 -0.037329 0.181727 1.000000
0.147530 -0.033222 0.217493 1.000000
