-0.597579 0.156561 -0.001196 2.000000
0.325278 0.012465 -0.041384 1.000000
0.148359 -0.015896 -0.543488 1.000000
0.129875 0.012148 0.292068 1.000000
0.102855 -0.015896 0.792880 1.000000
0.298576 0.023511 0.415948 1.000000
0.228125 0.018756 0.250392 1.000000
0.688262 0.000735 -0.038214 0.000000
0.291236 -0.023773 -0.198429 1.000000
0.143897 -0.040209 0.252416 1.000000
0.172087 0.014976 0.063499 1.000000
-0.573559 -0.027016 -0.046773 2.000000
0.425455 0.045995 0.125439 0.000000
0.213518 0.017781 0.640419 1.000000
0.131118 -0.015896 -0.885305 1.000000
0.075153 -0.128924 -0.003537 0.000000
0.259144 -0.067472 -0.090985 0.000000
-0.490574 0.059090 0.191403 2.000000
0.053523 -0.015896 0.649198 1.000000
-0.582826 0.059090 -0.346305 2.000000
0.217517 -0.015896 0.250661 1.000000
0.335740 -0.015896 0.452453 1.000000
0.104196 -0.015896 0.846382 1.000000
-0.705364 0.017830 -0.224595 2.000000
-0.434901 0.082720 -0.001196 2.000000
0.712867 -0.066204 -0.050334 0.000000
0.066277 -0.065741 0.125439 0.000000
-0.251495 -0.128924 0.102175 0.000000
0.057156 -0.015896 -0.389419 1.000000
-0.705364 0.038119 0.446967 2.000000
0.083127 0.008978 -0.787834 1.000000
0.223931 0.018464 -0.388199 1.000000
-0.232499 -0.020749 0.125439 0.000000
-0.475821 0.016927 -0.057113 2.000000
0.732571 -0.049890 0.061792 0.000000
-0.237912 -0.128924 -0.044652 0.000000
0.138776 0.012733 0.849504 1.000000
0.263607 -0.078031 -0.253931 1.000000
0.430089 -0.109806 0.125439 0.000000
0.288017 0.022780 0.612839 1.000000
-0.541199 0.007027 -0.090985 2.000000
0.283725 0.022512 -0.046725 1.000000
0.288968 -0.128924 -0.026606 0.000000
0.321572 0.062943 -0.090985 0.000000
-0.386934 -0.092736 0.051087 0.000000
0.182865 -0.015896 -0.109762 1.000000
-0.643473 0.016927 -0.056625 2.000000
0.287773 -0.015896 -0.292656 1.000000
-0.613405 0.224451 -0.001196 2.000000
0.197448 0.016683 -0.546951 1.000000
0.136044 0.012562 -0.450091 1.000000
0.140166 -0.046988 0.211473 1.000000
0.050426 -0.015896 -0.670295 1.000000
0.338959 0.000223 0.498250 1.000000
-0.705364 0.028998 -0.069720 2.000000
0.410702 0.076209 -0.001489 0.000000
0.247756 -0.015896 0.781565 1.000000
0.078908 0.008709 0.441065 1.000000
-0.583533 -0.023504 0.059451 2.000000
0.307087 -0.026699 0.226324 1.000000
-0.232962 -0.128924 -0.055918 0.000000
0.132899 -0.059742 -0.215255 1.000000
0.119877 0.011465 -0.188845 1.000000
-0.165535 0.076209 0.118855 0.000000
0.030673 -0.096833 0.125439 0.000000
0.277994 -0.080616 -0.254224 1.000000
0.141141 -0.015896 0.914882 1.000000
0.419042 0.058895 0.125439 0.000000
-0.377594 0.059090 0.162043 2.000000
-0.587191 0.016927 -0.009829 2.000000
0.208470 -0.015896 0.657368 1.000000
0.094881 0.009782 -0.167313 1.000000
0.079128 -0.006459 -0.981946 1.000000
0.052499 -0.015896 0.393001 1.000000
0.310842 -0.080909 -0.213914 0.000000
-0.471358 0.016927 0.203328 2.000000
-0.508888 0.016927 -0.003488 2.000000
-0.667005 0.231888 0.035968 2.000000
0.150822 -0.015896 0.929075 1.000000
0.165088 -0.015896 -0.461893 1.000000
0.682628 0.005734 0.050087 0.000000
0.180890 -0.015896 0.903665 1.000000
-0.566292 0.059090 0.061939 2.000000
-0.485965 0.059090 -0.081986 2.000000
0.262704 -0.061449 -0.250980 1.000000
0.078640 -0.015896 -0.802368 1.000000
0.461181 -0.082567 -0.090985 0.000000
-0.640303 -0.003508 -0.031386 2.000000
0.060424 0.007466 -0.117053 1.000000
0.227174 -0.015896 0.663123 1.000000
-0.590605 0.059090 0.176333 2.000000
0.295406 -0.015896 -0.126003 1.000000
0.305794 0.000296 0.931757 1.000000
-0.503547 0.198260 0.027482 2.000000
0.170965 -0.015896 0.100029 1.000000
-0.022268 -0.128924 -0.063356 0.000000
0.012384 0.014440 -0.090985 0.000000
-0.655690 0.016927 0.235663 2.000000
0.304941 -0.051841 -0.189650 1.000000
-0.643985 0.016927 0.331670 2.000000
0.126510 0.011904 0.600963 1.000000
0.269386 0.076209 -0.024046 0.000000
0.394364 -0.128924 0.036602 0.000000
0.048402 -0.046232 0.125439 0.000000
0.624298 -0.097198 0.125439 0.000000
0.039281 -0.002630 -0.042774 1.000000
-0.236742 0.053530 0.125439 0.000000
0.732571 -0.048768 -0.069428 0.000000
0.571453 -0.034746 0.125439 0.000000
-0.574632 0.059090 0.025043 2.000000
0.146408 -0.101637 -0.214304 1.000000
-0.705364 0.026487 -0.213377 2.000000
-0.548685 0.049775 0.398414 2.000000
-0.335261 0.076209 0.017288 0.000000
0.333375 0.005222 -0.120614 1.000000
0.313086 0.023390 0.898495 1.000000
-0.351697 0.016927 0.072473 2.000000
0.416920 -0.103904 0.125439 0.000000
0.719524 -0.063375 -0.058454 0.000000
-0.111569 0.076209 0.089178 0.000000
-0.062432 -0.128924 0.003461 0.000000
-0.060749 0.076209 0.097127 0.000000
0.106196 -0.015896 -0.039214 1.000000
0.331911 -0.058279 -0.246079 1.000000
-0.468919 0.059090 0.032529 2.000000
0.519999 0.076209 0.051575 0.000000
0.145165 0.013172 0.257074 1.000000
0.118340 -0.015896 -0.288583 1.000000
0.153407 -0.015896 -0.919811 1.000000
-0.369181 0.059090 0.147362 2.000000
-0.421172 -0.080665 -0.027313 0.000000
0.113268 0.011026 -0.389248 1.000000
-0.686782 0.059090 -0.084474 2.000000
-0.391275 -0.053889 -0.090985 0.000000
-0.199675 -0.128924 -0.044847 0.000000
0.412580 -0.128924 0.116197 0.000000
-0.129420 -0.069130 0.125439 0.000000
0.050304 0.006783 -0.124906 1.000000
0.039281 -0.006581 0.133853 1.000000
0.699455 -0.071935 0.062841 0.000000
-0.077990 0.075843 0.125439 0.000000
0.052108 0.006905 -0.043091 1.000000
0.385194 0.005954 0.125439 0.000000
0.342202 -0.002679 -0.627400 1.000000
0.253316 -0.015896 -0.444067 1.000000
0.111025 -0.015896 -0.906106 1.000000
0.200082 0.016854 0.666293 1.000000
0.453792 0.023999 0.125439 0.000000
0.101124 -0.015896 0.777858 1.000000
0.680873 0.007319 0.034822 0.000000
0.327424 0.010538 -0.642763 1.000000
-0.436194 0.059090 0.099054 2.000000
0.633735 0.045751 -0.062502 0.000000
-0.466456 0.059090 0.215228 2.000000
0.325230 -0.109781 0.198402 1.000000
0.553432 -0.128924 -0.044774 0.000000
0.095052 0.009782 0.811096 1.000000
-0.682222 0.016927 -0.095301 2.000000
0.332862 -0.109416 -0.239543 0.000000
-0.598164 0.045361 0.464793 2.000000
0.323645 -0.015896 0.727721 1.000000
0.370978 -0.128924 0.034822 0.000000
0.558944 -0.128924 -0.081572 0.000000
0.318646 0.018415 -0.767009 1.000000
0.203276 0.017074 -0.773471 1.000000
0.390584 -0.089297 -0.090985 0.000000
-0.077551 -0.063424 -0.090985 0.000000
0.166185 -0.015896 -0.316968 1.000000
0.152578 -0.015896 0.558483 1.000000
0.325327 -0.015896 0.376077 1.000000
0.300941 -0.083981 0.286020 1.000000
-0.600164 0.076209 -0.065258 2.000000
0.196643 -0.115244 -0.090985 0.000000
0.158040 -0.015896 -0.743940 1.000000
0.309355 -0.015896 -0.381103 1.000000
0.251463 -0.015896 -0.546585 1.000000
0.140775 0.076209 0.003437 0.000000
0.246537 0.020000 0.401024 1.000000
0.149847 0.013489 -0.611939 1.000000
0.134020 -0.090078 -0.170702 1.000000
-0.623818 -0.009312 0.120489 2.000000
-0.254787 -0.063936 0.125439 0.000000
-0.451581 0.016927 -0.059917 2.000000
0.137312 0.076209 -0.043993 0.000000
0.257071 -0.015896 0.682461 1.000000
-0.499646 0.016927 -0.019217 2.000000
-0.672175 0.035095 -0.393052 2.000000
0.185987 -0.101612 0.193939 1.000000
0.174403 -0.120706 -0.175092 1.000000
0.276946 0.076209 -0.043432 0.000000
0.319865 0.017317 -0.216352 1.000000
0.163527 -0.015896 -0.126637 1.000000
0.199009 -0.128924 -0.051260 0.000000
-0.661592 0.004003 -0.051041 2.000000
0.024260 -0.128924 -0.041774 0.000000
-0.616941 0.059090 -0.322723 2.000000
-0.122006 0.076209 0.057549 0.000000
0.217200 0.018025 0.272827 1.000000
0.086712 0.009221 0.654051 1.000000
0.039281 -0.013140 0.217959 1.000000
0.068398 -0.015896 0.205401 1.000000
0.565016 0.065358 -0.090985 0.000000
-0.579509 0.059090 0.405950 2.000000
-0.308387 0.061383 -0.090985 0.000000
0.210616 -0.060229 -0.147560 1.000000
-0.430877 0.059090 -0.068818 2.000000
-0.142783 -0.128924 0.065572 0.000000
-0.245838 -0.051377 -0.090985 0.000000
0.275214 0.021926 -0.625498 1.000000
0.249341 0.020195 -0.425510 1.000000
-0.616112 0.059090 -0.173921 2.000000
0.118804 0.011392 0.039845 1.000000
-0.669517 0.090499 0.018020 2.000000
-0.600066 0.076209 0.039699 2.000000
0.175598 -0.015896 0.280460 1.000000
0.176720 0.015293 0.508736 1.000000
0.197155 0.016659 0.404779 1.000000
-0.381764 0.016927 -0.013121 2.000000
-0.660104 0.016927 0.466353 2.000000
0.258047 -0.015896 0.874231 1.000000
0.158772 0.014074 -0.126588 1.000000
-0.149002 0.021780 0.125439 0.000000
-0.580899 0.016927 0.106882 2.000000
0.090857 0.009514 -0.946806 1.000000
-0.665884 0.005515 -0.000489 2.000000
-0.705364 0.044873 0.379320 2.000000
0.195912 0.016586 0.471840 1.000000
0.682141 -0.029040 -0.090985 0.000000
0.429772 0.009221 -0.090985 0.000000
-0.550100 0.059090 0.282070 2.000000
-0.454580 0.036924 0.272193 2.000000
-0.097401 -0.034039 -0.090985 0.000000
0.142043 0.012952 0.356300 1.000000
0.140434 0.012855 -0.289681 1.000000
0.355102 -0.015896 -0.036336 1.000000
0.691700 -0.075251 -0.035995 0.000000
0.342519 -0.015896 0.388563 1.000000
0.044085 0.006368 -0.932052 1.000000
-0.187092 -0.128924 -0.060381 0.000000
0.182304 0.015659 -0.841361 1.000000
0.335862 0.076209 0.048478 0.000000
0.221005 0.018269 -0.940587 1.000000
0.149749 0.013465 -0.940929 1.000000
0.112463 0.076209 0.052258 0.000000
0.298015 -0.015896 -0.055820 1.000000
0.096588 -0.015896 0.921881 1.000000
0.281530 -0.018603 0.234103 1.000000
-0.494232 0.059090 0.211741 2.000000
-0.669517 0.062748 -0.061405 2.000000
0.178232 0.015391 0.489081 1.000000
0.197009 0.016659 0.857697 1.000000
0.528827 0.017537 0.125439 0.000000
-0.652374 0.016927 -0.122296 2.000000
0.472569 0.076209 0.101297 0.000000
0.344421 -0.015896 0.138388 1.000000
0.400143 -0.048671 0.125439 0.000000
0.228272 -0.102856 0.125439 0.000000
0.356663 -0.015896 -0.788444 1.000000
0.321621 0.076209 -0.070696 0.000000
-0.486770 0.059090 -0.044774 2.000000
0.143458 0.013050 0.774493 1.000000
0.602984 -0.113122 -0.076427 0.000000
0.129753 0.012123 -0.677391 1.000000
0.295747 -0.015896 -0.682268 1.000000
0.250950 -0.015896 -0.394369 1.000000
0.253121 0.020439 0.110198 1.000000
-0.539248 0.076209 -0.052406 2.000000
0.458132 -0.128924 -0.053040 0.000000
0.373757 0.011904 -0.090985 0.000000
0.249975 -0.015896 0.484033 1.000000
-0.705364 0.041167 0.064963 2.000000
0.055279 0.050653 -0.090985 0.000000
0.171965 -0.015896 0.368444 1.000000
0.360589 0.076209 0.013143 0.000000
0.372050 0.076209 0.098469 0.000000
0.104392 0.073161 -0.090985 0.000000
-0.551270 0.076209 0.098566 2.000000
0.537801 0.076209 -0.012633 0.000000
0.223224 -0.043135 0.279290 1.000000
0.225467 0.011245 -0.090985 0.000000
0.408239 0.037143 -0.090985 0.000000
-0.259518 -0.012067 -0.090985 0.000000
0.269654 -0.015896 -0.255199 1.000000
-0.382837 0.059090 0.115417 2.000000
-0.399688 0.016927 0.017093 2.000000
0.158065 -0.053279 0.125439 0.000000
0.573599 -0.085322 0.125439 0.000000
-0.388641 0.072820 -0.090985 0.000000
-0.550222 0.016927 -0.242006 2.000000
-0.664811 0.005125 0.107418 2.000000
0.607349 -0.101173 0.125439 0.000000
-0.037949 0.076209 -0.015974 0.000000
0.212787 -0.015896 0.596598 1.000000
0.077372 -0.015896 0.493007 1.000000
0.507611 -0.009409 0.125439 0.000000
-0.651399 0.016927 0.106297 2.000000
-0.617210 0.059090 0.454160 2.000000
0.391071 -0.128924 0.112783 0.000000
0.262461 -0.128924 0.038797 0.000000
0.099392 -0.015896 -0.695095 1.000000
0.279287 -0.015896 0.152947 1.000000
-0.349843 -0.020456 -0.090985 0.000000
0.323059 -0.015896 0.510248 1.000000
0.138142 -0.015896 -0.957950 1.000000
0.030844 -0.128924 0.062183 0.000000
0.281140 -0.128339 -0.179505 0.000000
0.147091 0.076209 -0.027289 0.000000
0.225833 -0.128924 0.058817 0.000000
0.093198 0.009660 0.268292 1.000000
0.221517 0.018317 -0.350377 1.000000
0.118316 -0.015896 0.448113 1.000000
-0.692684 0.016927 -0.389833 2.000000
0.351274 -0.015896 -0.005342 1.000000
0.552213 0.004247 -0.090985 0.000000
0.037379 -0.116536 -0.090985 0.000000
0.039281 -0.007166 0.194963 1.000000
0.666266 -0.086103 0.092836 0.000000
-0.043484 -0.128924 -0.089717 0.000000
-0.633109 0.016927 0.038772 2.000000
0.060668 0.007466 -0.107372 1.000000
-0.128688 -0.103587 -0.090985 0.000000
0.242147 0.019707 -0.820975 1.000000
0.045524 0.076209 0.039772 0.000000
0.175720 0.015220 0.822899 1.000000
0.077982 0.008636 0.670658 1.000000
0.116048 0.011197 -0.488767 1.000000
0.310379 0.024292 -0.063526 1.000000
0.426455 -0.057401 -0.090985 0.000000
-0.531445 0.059090 -0.079914 2.000000
0.519292 0.076209 -0.028216 0.000000
0.303551 0.023829 -0.019412 1.000000
0.104392 0.010416 0.064524 1.000000
-0.705364 0.040825 -0.227229 2.000000
0.243976 -0.015896 0.455331 1.000000
0.019017 -0.107636 0.125439 0.000000
-0.488257 0.016927 -0.042677 2.000000
0.676117 0.009343 -0.090985 0.000000
-0.345186 0.030364 0.083057 0.000000
-0.537956 0.067235 -0.090985 2.000000
0.306184 -0.113854 -0.171897 0.000000
0.254779 0.020561 -0.844141 1.000000
-0.167706 -0.052011 -0.090985 0.000000
-0.415929 0.063919 -0.090985 0.000000
-0.448143 0.136540 -0.000977 2.000000
0.725304 -0.032210 -0.029606 0.000000
0.061594 0.007539 0.462647 1.000000
0.271044 -0.015896 -0.510031 1.000000
-0.705364 0.018269 -0.054162 2.000000
-0.123177 0.076209 0.097152 0.000000
0.615226 -0.071398 0.125439 0.000000
0.155821 0.013879 0.576699 1.000000
0.080372 -0.015896 0.145436 1.000000
0.100539 -0.128924 -0.017730 0.000000
-0.679784 0.016927 0.330061 2.000000
0.282433 -0.015896 -0.768277 1.000000
0.039379 -0.015896 0.439553 1.000000
0.729986 -0.058888 0.117221 0.000000
0.211762 -0.015896 -0.038775 1.000000
-0.068163 -0.128924 -0.012487 0.000000
0.272361 -0.015896 -0.276122 1.000000
0.050231 0.076209 0.010192 0.000000
0.253706 0.076209 -0.018925 0.000000
0.146286 -0.037526 0.125439 0.000000
0.162698 0.014342 0.066011 1.000000
-0.545783 0.016927 -0.321358 2.000000
0.645269 0.038996 -0.044847 0.000000
0.284798 0.022560 0.441114 1.000000
-0.264005 0.076209 0.038187 0.000000
0.058327 0.007319 0.189257 1.000000
0.637051 -0.012238 0.125439 0.000000
0.282237 -0.015896 -0.709946 1.000000
0.210250 -0.015896 0.307992 1.000000
0.306965 0.024072 0.646784 1.000000
-0.667103 0.226938 -0.001196 2.000000
0.316280 -0.015896 -0.586724 1.000000
-0.321726 -0.112513 0.125439 0.000000
0.174135 -0.037307 0.207693 1.000000
0.624102 -0.021407 -0.090985 0.000000
0.037184 -0.128924 -0.017145 0.000000
0.157797 0.014025 -0.496521 1.000000
0.182182 -0.104831 0.272413 1.000000
0.081371 0.008880 -0.903789 1.000000
0.193912 0.016440 0.174065 1.000000
0.234417 -0.128924 -0.003415 0.000000
-0.669932 0.016927 0.179674 2.000000
-0.648887 0.059090 -0.134733 2.000000
0.181036 -0.015896 -0.271342 1.000000
0.114853 0.011123 -0.600819 1.000000
-0.694683 0.016927 0.398927 2.000000
-0.078380 0.049190 0.125439 0.000000
0.249170 0.020171 0.485326 1.000000
-0.705364 0.053238 0.387587 2.000000
-0.146929 0.033754 0.125439 0.000000
-0.614113 0.178825 0.035968 2.000000
-0.334895 -0.111050 -0.006390 0.000000
0.278116 -0.015896 0.138242 1.000000
-0.582387 0.067869 0.125439 2.000000
-0.389592 0.076209 0.031017 0.000000
-0.552490 0.016927 -0.197502 2.000000
0.360760 -0.013750 -0.090985 0.000000
0.446061 -0.128924 0.077107 0.000000
0.295430 -0.015896 -0.010048 1.000000
0.309306 -0.015896 0.269755 1.000000
-0.705364 0.040045 0.050697 2.000000
0.191571 0.016293 -0.892694 1.000000
0.149359 0.013440 0.387733 1.000000
0.040549 -0.015896 0.258513 1.000000
0.601667 -0.065570 0.125439 0.000000
-0.086013 0.076209 0.021995 0.000000
0.039281 0.004710 -0.718896 1.000000
-0.083672 -0.128924 -0.089790 0.000000
0.336033 0.002832 0.688581 1.000000
-0.649716 0.059090 -0.162947 2.000000
-0.511448 0.059090 -0.168459 2.000000
0.263826 -0.015896 -0.813391 1.000000
0.162576 0.014342 -0.514835 1.000000
0.209495 -0.100710 -0.247981 1.000000
0.164064 -0.116805 0.125439 0.000000
-0.573291 0.059090 -0.083596 2.000000
-0.242351 -0.128924 -0.033459 0.000000
-0.676272 0.059090 0.008948 2.000000
-0.524422 0.114544 -0.001196 2.000000
0.121486 0.011562 -0.001172 1.000000
0.285920 0.022658 0.457404 1.000000
0.066911 -0.015896 -0.561192 1.000000
0.472081 -0.072447 -0.090985 0.000000
-0.312411 0.076209 0.080789 0.000000
-0.512960 0.208771 0.000169 2.000000
0.673533 0.013830 -0.078426 0.000000
-0.050971 -0.128924 0.005534 0.000000
0.124510 -0.015896 -0.088278 1.000000
0.039281 0.006002 -0.648152 1.000000
-0.322848 0.049775 -0.090985 0.000000
0.212592 -0.119950 -0.162777 0.000000
0.028332 -0.128924 -0.004391 0.000000
0.354346 0.055823 -0.090985 0.000000
-0.532713 0.016927 0.042796 2.000000
-0.411149 0.016927 -0.046139 2.000000
-0.377448 0.076209 0.112442 2.000000
0.265094 0.021244 -0.470233 1.000000
0.268850 -0.015896 0.062865 1.000000
-0.340674 -0.106904 0.125439 0.000000
-0.572925 0.030047 0.430945 2.000000
-0.132468 0.076209 0.025384 0.000000
-0.377789 -0.070252 -0.090985 0.000000
0.045988 -0.015896 0.183770 1.000000
-0.441290 0.107935 0.035968 2.000000
-0.127908 -0.031552 -0.090985 0.000000
-0.114252 -0.128924 0.099859 0.000000
-0.478186 0.076209 -0.042920 2.000000
0.694504 -0.074056 -0.005756 0.000000
-0.521959 -0.045183 -0.014657 2.000000
-0.161560 0.076209 -0.028191 0.000000
0.047890 -0.015896 -0.255126 1.000000
0.068496 0.008002 -0.386200 1.000000
-0.490086 0.059090 0.037114 2.000000
-0.518301 -0.046476 -0.090278 2.000000
-0.611503 0.122640 0.035968 2.000000
0.146701 -0.092272 -0.208305 1.000000
-0.185532 0.076209 0.114588 0.000000
-0.409613 0.016927 0.128268 2.000000
0.683628 -0.078690 0.075790 0.000000
-0.588727 0.076209 -0.046578 2.000000
-0.655666 0.192261 0.035968 2.000000
-0.496719 0.016927 -0.183529 2.000000
0.092467 -0.015896 0.478229 1.000000
-0.675906 0.059090 -0.384298 2.000000
-0.589166 -0.021505 -0.042042 2.000000
0.275653 0.021951 -0.787591 1.000000
0.346445 -0.079958 -0.090985 0.000000
-0.667640 0.059090 -0.361546 2.000000
0.437892 0.076209 0.039504 0.000000
-0.334553 -0.111171 0.022507 0.000000
0.212153 -0.015896 -0.707361 1.000000
0.342032 -0.015896 -0.796101 1.000000
0.121901 -0.015896 -0.560363 1.000000
-0.626013 0.111130 0.035968 2.000000
-0.626769 0.059090 0.329720 2.000000
0.155334 -0.015896 -0.084328 1.000000
0.115877 -0.015896 -0.878891 1.000000
-0.594726 0.082355 -0.001196 2.000000
0.351176 -0.015896 -0.489010 1.000000
-0.436096 0.076209 0.047673 2.000000
-0.290074 0.076209 0.074058 0.000000
0.190669 0.016245 0.785247 1.000000
-0.676077 0.016927 0.210985 2.000000
0.138068 -0.047329 0.237053 1.000000
0.531095 -0.121852 0.125439 0.000000
0.135581 -0.106880 -0.171970 1.000000
-0.649667 0.005393 0.125439 2.000000
-0.633134 -0.006020 0.085325 2.000000
0.008287 -0.128924 0.062573 0.000000
0.274336 0.021878 0.914541 1.000000
0.289187 0.022877 -0.230228 1.000000
-0.506498 0.016927 0.023970 2.000000
0.245561 0.019927 -0.181359 1.000000
0.311549 -0.015896 0.390343 1.000000
0.247707 -0.035673 0.273071 1.000000
0.190717 -0.015896 0.232298 1.000000
0.184475 -0.015896 -0.455626 1.000000
0.319304 0.017805 -0.581579 1.000000
0.046890 -0.063278 0.125439 0.000000
-0.600383 0.076209 -0.022973 2.000000
-0.669517 0.069625 -0.015803 2.000000
0.193571 0.016440 0.133316 1.000000
0.325010 0.012709 -0.945343 1.000000
0.121218 -0.106733 -0.188187 1.000000
0.130509 -0.060400 0.259879 1.000000
0.347884 -0.015896 -0.508153 1.000000
0.050889 -0.015896 -0.633326 1.000000
-0.539224 0.155610 0.035968 2.000000
0.712721 -0.021041 -0.072305 0.000000
0.242293 -0.128924 0.050770 0.000000
0.078884 -0.015896 -0.314579 1.000000
-0.705364 0.017122 -0.003952 2.000000
0.128558 -0.015896 -0.196210 1.000000
0.173477 -0.015896 0.237175 1.000000
0.265826 -0.098223 0.281899 1.000000
0.041257 0.006173 0.351325 1.000000
-0.644473 -0.002020 0.020532 2.000000
0.039281 -0.002606 -0.491278 1.000000
-0.609845 -0.014238 0.036699 2.000000
0.214689 0.076209 0.037333 0.000000
0.467838 -0.058376 0.125439 0.000000
0.153285 0.013708 0.633006 1.000000
-0.549856 -0.035356 0.008339 2.000000
0.219493 0.076209 -0.025972 0.000000
0.154578 0.013806 0.701799 1.000000
0.125754 0.076209 -0.023729 0.000000
-0.632646 0.016927 0.001535 2.000000
0.155407 -0.080592 0.217545 1.000000
0.272020 -0.015896 0.747668 1.000000
0.228954 0.018805 -0.119736 1.000000
0.069959 -0.109343 -0.090985 0.000000
-0.106009 -0.028382 0.125439 0.000000
-0.366011 0.059090 -0.012584 2.000000
0.347079 -0.007044 0.319356 1.000000
0.489298 0.070284 -0.090985 0.000000
0.309550 0.024243 0.704213 1.000000
0.098051 0.010002 0.048478 1.000000
0.240757 0.019610 -0.060698 1.000000
0.223614 -0.015896 -0.156412 1.000000
-0.366743 0.059090 0.089495 2.000000
0.070934 -0.128924 0.016679 0.000000
-0.406638 0.064285 0.125439 2.000000
-0.669517 0.239107 0.028701 2.000000
0.106538 -0.015896 0.808535 1.000000
-0.480112 0.016927 -0.226692 2.000000
0.303648 -0.015896 -0.112956 1.000000
0.160040 -0.115146 0.223446 1.000000
-0.669517 0.276661 0.021361 2.000000
0.064521 0.007734 -0.580457 1.000000
0.064691 -0.015896 -0.245298 1.000000
0.301185 -0.015896 -0.504081 1.000000
-0.558708 0.059090 0.193622 2.000000
0.175281 -0.015896 0.061744 1.000000
-0.623916 0.305168 0.035968 2.000000
0.103953 0.059505 0.125439 0.000000
0.139507 0.012782 0.038504 1.000000
0.618347 0.049409 0.125439 0.000000
-0.577095 0.016927 0.370322 2.000000
0.097295 0.009953 -0.884427 1.000000
-0.653252 0.016927 -0.077207 2.000000
0.599156 -0.114756 -0.023339 0.000000
0.292162 0.023073 0.563775 1.000000
-0.512180 0.016927 0.255660 2.000000
-0.596335 0.059090 -0.198136 2.000000
-0.596091 0.076209 0.113393 2.000000
0.225711 -0.015896 -0.313310 1.000000
-0.015757 -0.128924 0.069888 0.000000
0.461595 0.076209 0.004559 0.000000
-0.428293 0.016927 0.179454 2.000000
0.259510 -0.015896 0.447723 1.000000
0.011725 0.076209 0.037333 0.000000
0.293504 -0.015896 -0.637764 1.000000
-0.396250 0.016927 -0.004196 2.000000
0.247146 -0.095784 0.184673 1.000000
-0.661958 0.173167 0.035968 2.000000
0.214006 0.017805 0.405023 1.000000
0.237441 0.019390 0.467768 1.000000
0.260168 0.020902 0.724965 1.000000
-0.345186 0.040021 -0.017437 0.000000
0.141775 0.012928 0.126439 1.000000
0.556529 -0.014091 0.125439 0.000000
0.427162 -0.125047 0.125439 0.000000
-0.257592 0.076209 -0.001952 0.000000
0.097929 -0.087298 -0.194430 1.000000
0.230198 -0.015896 -0.552560 1.000000
-0.601822 0.166169 0.035968 2.000000
0.568381 -0.102612 0.125439 0.000000
0.323962 -0.027577 0.262732 1.000000
0.668680 0.018147 0.050185 0.000000
-0.623233 0.071917 -0.090985 2.000000
-0.705364 0.030608 -0.167386 2.000000
0.068422 -0.015896 -0.222863 1.000000
0.248122 -0.019847 0.226275 1.000000
-0.112618 0.076209 -0.079377 0.000000
-0.610991 0.113007 0.035968 2.000000
0.328522 -0.015896 0.752009 1.000000
0.039208 0.076209 0.104248 0.000000
0.185670 -0.015896 -0.255931 1.000000
-0.366255 -0.100027 0.004096 0.000000
0.163308 -0.015896 -0.328454 1.000000
0.328571 -0.033039 -0.222034 1.000000
0.230954 -0.015896 -0.677001 1.000000
-0.705364 0.017537 0.451673 2.000000
-0.316776 0.076209 -0.010219 0.000000
-0.258323 0.076209 -0.074915 0.000000
0.224516 0.018512 0.928392 1.000000
0.329912 0.008319 0.230006 1.000000
-0.617770 0.016927 -0.252882 2.000000
0.064033 -0.015896 -0.212987 1.000000
-0.641669 0.059090 0.394732 2.000000
-0.578997 0.016927 -0.339233 2.000000
0.236368 -0.015896 0.320599 1.000000
0.153895 0.013757 -0.772862 1.000000
0.167990 -0.128924 -0.003074 0.000000
0.115438 -0.015896 -0.802417 1.000000
0.694651 -0.004947 -0.045871 0.000000
0.202471 -0.015896 -0.537855 1.000000
0.320499 -0.015896 0.253319 1.000000
-0.008588 -0.117073 0.125439 0.000000
0.076226 -0.090395 -0.090985 0.000000
0.243683 -0.128924 0.117929 0.000000
0.262899 -0.095613 -0.090985 0.000000
0.553505 -0.052158 -0.090985 0.000000
-0.412978 0.023048 -0.169849 2.000000
-0.324458 -0.011994 -0.090985 0.000000
0.564894 0.076209 -0.084888 0.000000
0.039281 -0.004215 -0.643275 1.000000
0.514391 -0.121096 0.125439 0.000000
-0.426586 0.059090 -0.078621 2.000000
0.044622 -0.015896 -0.041969 1.000000
-0.093451 -0.128924 0.099322 0.000000
0.344129 -0.015896 0.436359 1.000000
-0.312435 -0.118975 0.106540 0.000000
0.039281 -0.012799 0.843944 1.000000
0.252974 -0.015896 -0.039628 1.000000
0.149700 -0.015896 0.350691 1.000000
0.318475 -0.031698 0.205084 1.000000
0.020163 -0.128924 -0.089692 0.000000
-0.650472 0.327627 -0.001196 2.000000
0.236051 0.019293 -0.492132 1.000000
-0.356306 0.022926 -0.103934 0.000000
-0.626671 0.297559 -0.001196 2.000000
0.434795 -0.128924 -0.011194 0.000000
0.172257 0.015001 0.371809 1.000000
0.171989 0.014976 -0.556852 1.000000
-0.616478 0.059090 0.366859 2.000000
0.066789 0.007880 0.803585 1.000000
-0.347258 0.076209 0.037016 0.000000
-0.666176 0.016927 0.135243 2.000000
0.217420 -0.015896 -0.366618 1.000000
-0.617234 0.059090 -0.037726 2.000000
-0.669517 0.254494 0.000462 2.000000
0.085883 -0.015896 0.086300 1.000000
0.079152 0.008709 -0.165484 1.000000
0.312890 -0.093443 -0.188406 0.000000
0.268338 0.021463 0.131365 1.000000
-0.345186 0.053823 0.060402 0.000000
-0.455215 -0.068691 0.121806 0.000000
0.056473 0.007197 0.876255 1.000000
0.236148 -0.121096 0.260683 1.000000
-0.597238 -0.018676 -0.019217 2.000000
-0.614308 0.059090 0.030871 2.000000
-0.585776 0.076209 0.055379 2.000000
-0.591775 0.059090 0.052623 2.000000
0.113780 0.011050 0.199280 1.000000
0.121925 -0.085518 -0.229204 1.000000
-0.512668 0.059090 0.273657 2.000000
-0.440900 0.059090 0.135633 2.000000
0.205081 -0.015896 0.412875 1.000000
0.304697 -0.015896 0.899446 1.000000
0.039281 -0.015798 -0.205281 1.000000
-0.705364 0.041435 -0.197990 2.000000
0.191742 0.016293 0.453356 1.000000
-0.278588 -0.123950 -0.090985 0.000000
0.299966 -0.015896 0.356690 1.000000
0.327717 0.010294 -0.378079 1.000000
0.282433 -0.128168 0.125439 0.000000
0.212933 -0.015896 -0.509763 1.000000
0.551091 0.076209 -0.068647 0.000000
-0.445387 -0.072154 0.009143 0.000000
-0.255812 0.076209 -0.023631 0.000000
0.276629 -0.128924 0.081935 0.000000
-0.365133 -0.100417 0.058427 0.000000
0.470252 0.076209 -0.054504 0.000000
0.173867 -0.015896 0.075497 1.000000
-0.559659 0.059090 0.391074 2.000000
-0.366889 0.059090 0.065743 2.000000
-0.581631 0.059090 0.149411 2.000000
-0.519496 -0.046037 0.017898 2.000000
-0.557440 0.059090 0.004242 2.000000
0.228345 0.018781 0.483521 1.000000
0.223102 -0.128924 0.094347 0.000000
0.251609 0.020341 -0.532929 1.000000
0.154821 0.013806 0.487130 1.000000
0.348250 -0.008093 -0.513591 1.000000
0.257754 -0.015896 0.758496 1.000000
0.197131 -0.015896 0.078131 1.000000
0.172916 -0.049402 -0.233423 1.000000
0.062741 -0.050597 -0.090985 0.000000
-0.642181 0.059090 0.089958 2.000000
-0.562439 0.059090 -0.219815 2.000000
-0.462189 0.076209 -0.057137 2.000000
0.352347 -0.011750 0.449210 1.000000
0.141287 0.012904 -0.490547 1.000000
-0.669517 0.199870 0.022726 2.000000
0.259802 0.020902 0.027360 1.000000
0.278311 -0.015896 0.026969 1.000000
0.278823 0.022170 0.613449 1.000000
0.125363 0.011831 -0.772349 1.000000
0.264728 -0.015896 0.192769 1.000000
0.101319 0.010221 0.111418 1.000000
-0.012880 -0.088468 -0.090985 0.000000
0.090175 -0.015896 -0.345036 1.000000
0.556554 0.076209 0.005754 0.000000
-0.653813 0.059090 -0.173482 2.000000
0.078762 -0.015896 0.098834 1.000000
-0.432024 0.059090 0.183673 2.000000
0.315305 0.021390 0.108418 1.000000
0.330082 0.008173 0.369225 1.000000
0.250341 0.020244 -0.643568 1.000000
-0.249398 -0.128924 -0.002342 0.000000
0.072958 -0.015896 0.503054 1.000000
-0.407004 0.016927 0.180673 2.000000
-0.619160 0.059090 0.162286 2.000000
0.355931 -0.015896 -0.513226 1.000000
0.110878 0.010855 0.620618 1.000000
0.638344 -0.098028 0.061768 0.000000
0.264558 -0.015896 -0.359448 1.000000
0.253121 0.076209 0.019068 0.000000
-0.705364 0.020853 0.439066 2.000000
0.331034 0.007319 -0.464625 1.000000
-0.500914 0.016927 0.039821 2.000000
0.500393 -0.101563 0.125439 0.000000
0.105708 -0.051353 0.125439 0.000000
0.282433 -0.128924 -0.005708 0.000000
0.062814 0.007612 0.510662 1.000000
-0.693196 0.059090 0.218837 2.000000
0.298674 0.023511 -0.873941 1.000000
0.189279 0.016147 0.636347 1.000000
0.124656 -0.015896 -0.170727 1.000000
0.115658 -0.005556 0.931757 1.000000
-0.547491 0.247227 0.001681 2.000000
0.305282 -0.062814 -0.180261 1.000000
-0.452044 0.066723 0.125439 2.000000
0.336423 0.002491 0.079472 1.000000
0.388365 0.076209 -0.052211 0.000000
0.308184 0.024146 -0.239934 1.000000
0.176476 0.015269 0.695507 1.000000
0.704088 -0.069959 -0.046822 0.000000
0.043842 -0.015896 -0.158143 1.000000
0.052816 0.006954 0.626081 1.000000
-0.549880 0.016927 0.038138 2.000000
-0.416417 -0.082347 0.055281 0.000000
0.039281 -0.009361 -0.981580 1.000000
0.061594 0.007539 -0.600941 1.000000
-0.549368 0.016927 -0.182627 2.000000
-0.642083 0.059090 0.447454 2.000000
0.156846 0.013952 0.366493 1.000000
-0.503474 0.091231 0.035968 2.000000
0.351737 -0.011214 -0.287437 1.000000
0.185401 -0.128924 0.052477 0.000000
0.220663 -0.015896 0.337255 1.000000
-0.653301 0.016927 -0.093277 2.000000
0.074787 -0.015896 -0.437069 1.000000
0.065423 0.007807 0.283362 1.000000
0.126363 -0.015896 0.080667 1.000000
0.052060 -0.015896 0.046576 1.000000
-0.584508 0.147318 0.035968 2.000000
-0.560756 -0.031527 0.116758 2.000000
0.414140 -0.128924 0.047429 0.000000
0.278141 -0.108782 0.192622 1.000000
-0.189458 0.076209 0.032651 0.000000
0.191303 0.016269 0.154532 1.000000
0.039281 -0.009556 -0.028240 1.000000
0.609642 -0.054231 -0.090985 0.000000
0.048450 -0.015896 -0.124052 1.000000
0.205837 0.076209 0.030676 0.000000
0.179402 -0.015896 0.571798 1.000000
0.231198 -0.015896 0.790295 1.000000
0.605203 -0.082201 -0.090985 0.000000
0.246610 -0.025602 -0.186529 1.000000
-0.470041 0.111886 -0.001196 2.000000
0.150334 0.035022 -0.090985 0.000000
-0.624720 0.076209 -0.081279 2.000000
0.246585 0.020000 -0.436069 1.000000
-0.473358 0.005125 -0.090985 0.000000
0.183597 -0.121438 0.222812 1.000000
0.292309 -0.015896 0.446991 1.000000
-0.496646 0.190579 0.012070 2.000000
-0.038973 -0.128924 0.066596 0.000000
0.200935 0.016927 -0.979458 1.000000
0.165283 0.037216 0.125439 1.000000
-0.149684 -0.039697 0.125439 0.000000
0.327254 0.010709 0.450064 1.000000
-0.098133 0.076209 -0.083864 0.000000
0.056620 -0.128924 -0.051431 0.000000
-0.373961 -0.095540 0.125439 0.000000
-0.618892 0.059090 0.306187 2.000000
-0.620477 0.059090 0.294482 2.000000
-0.127640 -0.012945 0.125439 0.000000
-0.417733 0.059090 0.184307 2.000000
0.341202 -0.015896 0.154995 1.000000
0.070227 0.017366 0.125439 0.000000
-0.703170 0.059090 0.429287 2.000000
0.162381 -0.015896 0.241272 1.000000
0.530729 -0.128924 0.096518 0.000000
0.104245 0.010416 -0.120540 1.000000
-0.505693 0.059090 0.153556 2.000000
0.230247 -0.015896 -0.262588 1.000000
-0.594336 0.076209 0.071547 2.000000
-0.566097 0.016927 0.233493 2.000000
-0.647497 0.059090 0.048551 2.000000
0.325644 -0.055011 0.180917 1.000000
0.223004 0.018415 -0.915324 1.000000
0.256291 0.020658 0.547192 1.000000
-0.375887 -0.096613 -0.010390 0.000000
0.286334 -0.128924 0.026604 0.000000
0.580671 -0.122657 -0.026850 0.000000
0.070593 0.008148 -0.195649 1.000000
-0.645400 0.292414 -0.001196 2.000000
0.105586 0.010489 -0.258369 1.000000
0.550921 -0.018213 -0.090985 0.000000
0.352517 -0.128924 0.033797 0.000000
0.204056 0.017147 -0.295582 1.000000
0.276531 -0.131924 -0.206720 0.000000
0.348201 -0.008068 0.896202 1.000000
-0.501035 0.059090 -0.122443 2.000000
0.181963 0.015635 -0.103519 1.000000
0.205959 -0.096564 0.284167 1.000000
0.187694 -0.073934 -0.090985 0.000000
0.047987 -0.015896 -0.461162 1.000000
0.669850 0.017122 -0.050236 0.000000
0.038330 -0.128924 0.084569 0.000000
-0.654154 0.016927 -0.389638 2.000000
-0.448216 0.076209 0.123464 2.000000
-0.700317 0.016927 -0.147365 2.000000
0.181963 -0.015896 0.100712 1.000000
0.282140 0.076209 -0.018388 0.000000
0.068618 0.008002 -0.466502 1.000000
0.151944 -0.102393 0.233542 1.000000
-0.674199 0.016927 0.351447 2.000000
-0.356232 0.016927 -0.032678 2.000000
0.271459 -0.111367 -0.242543 0.000000
-0.518910 0.016927 -0.172263 2.000000
-0.533200 -0.041233 -0.000660 2.000000
-0.078405 -0.128924 0.087178 0.000000
0.120706 -0.015896 -0.525272 1.000000
-0.658007 0.002735 0.093689 2.000000
0.326108 -0.015896 0.291556 1.000000
-0.521276 0.016927 0.342546 2.000000
0.156407 0.017732 -0.090985 0.000000
0.256486 0.020658 -0.596942 1.000000
0.319426 0.017708 -0.885841 1.000000
-0.062773 0.076209 -0.068843 0.000000
0.625029 0.049751 0.058915 0.000000
0.305721 0.023975 -0.926175 1.000000
0.280457 -0.015896 0.062183 1.000000
0.181183 0.015586 -0.637593 1.000000
-0.190287 -0.128924 0.086008 0.000000
0.119706 0.076209 0.075180 0.000000
0.209812 -0.015896 -0.683366 1.000000
-0.223135 -0.128924 -0.058625 0.000000
0.191181 0.016269 -0.806563 1.000000
0.238660 0.019463 -0.570727 1.000000
-0.593507 0.059090 -0.210183 2.000000
0.136508 -0.128924 0.031969 0.000000
0.173964 -0.015896 -0.479793 1.000000
0.327205 -0.015896 -0.439239 1.000000
0.121291 0.011562 -0.160753 1.000000
-0.685441 0.059090 0.047502 2.000000
0.624273 0.050092 -0.059673 0.000000
0.298625 -0.015896 -0.143780 1.000000
-0.597750 -0.018481 0.063353 2.000000
0.591304 -0.061498 -0.090985 0.000000
-0.260859 -0.086176 -0.090985 0.000000
0.576111 0.072283 -0.018705 0.000000
-0.023146 0.076209 0.007729 0.000000
0.055742 0.007149 -0.233154 1.000000
-0.173387 0.076209 0.104687 0.000000
0.309208 -0.015896 0.068084 1.000000
0.160284 -0.024407 -0.090985 0.000000
0.126461 -0.015896 0.384173 1.000000
0.196887 -0.015896 0.647516 1.000000
0.192644 0.016366 -0.110250 1.000000
0.554359 0.076209 -0.029362 0.000000
0.312452 -0.110903 -0.238202 0.000000
0.093125 0.009660 -0.043628 1.000000
0.235734 0.019268 -0.756864 1.000000
0.075031 -0.015896 -0.525809 1.000000
0.085371 0.009148 -0.495643 1.000000
0.099295 -0.015896 -0.758401 1.000000
-0.584386 0.059090 -0.038019 2.000000
0.215128 -0.015896 0.174991 1.000000
0.353712 -0.012994 -0.881720 1.000000
0.269728 -0.015896 0.338523 1.000000
0.135313 -0.015896 -0.102446 1.000000
-0.428878 0.016927 0.229786 2.000000
-0.098620 -0.077641 -0.090985 0.000000
0.350884 -0.010434 0.724160 1.000000
0.299015 -0.015896 0.144095 1.000000
0.119852 -0.093979 0.213155 1.000000
0.120267 -0.015896 0.072888 1.000000
0.511757 -0.045842 -0.090985 0.000000
0.107757 -0.015896 0.598695 1.000000
0.130948 0.012221 0.705408 1.000000
-0.122397 0.076209 -0.051992 0.000000
0.002971 0.035778 -0.090985 0.000000
0.326717 0.011172 -0.752060 1.000000
-0.591483 0.016927 0.358178 2.000000
0.307794 -0.035819 0.253221 1.000000
-0.096645 -0.095150 0.125439 0.000000
0.108635 0.010709 -0.344232 1.000000
0.346421 -0.006459 -0.701630 1.000000
0.252340 0.020390 0.778980 1.000000
-0.276296 -0.128924 -0.080987 0.000000
-0.602700 0.089695 0.035968 2.000000
0.082615 -0.015896 -0.817805 1.000000
-0.399127 0.021341 -0.153730 2.000000
-0.421416 0.059090 -0.012731 2.000000
0.249682 -0.117292 0.265682 1.000000
-0.669517 0.131833 0.006388 2.000000
0.039281 -0.008556 0.267024 1.000000
0.233246 -0.015896 0.103297 1.000000
-0.661616 0.059090 -0.045481 2.000000
0.514098 -0.026577 0.125439 0.000000
0.060351 -0.015896 0.555947 1.000000
-0.641010 0.002881 -0.090985 2.000000
-0.118032 -0.080372 -0.090985 0.000000
-0.375229 -0.007020 -0.090985 0.000000
-0.607041 0.124274 -0.001196 2.000000
-0.408760 0.016927 0.193134 2.000000
0.165088 -0.015896 0.911614 1.000000
0.082347 -0.128924 0.071986 0.000000
0.294138 0.023194 -0.494985 1.000000
-0.203919 -0.009166 -0.090985 0.000000
0.278726 -0.015896 -0.081109 1.000000
0.395485 -0.114073 0.125439 0.000000
-0.345186 0.034046 0.035114 0.000000
0.338910 0.000272 -0.135660 1.000000
0.092467 0.009612 0.314356 1.000000
0.296625 -0.015896 0.255148 1.000000
0.680361 -0.076275 -0.090985 0.000000
-0.527299 0.076209 -0.041408 2.000000
0.246195 -0.015896 0.501567 1.000000
-0.541735 0.059090 -0.250688 2.000000
-0.671054 0.059090 -0.264295 2.000000
-0.491427 -0.055938 -0.007951 2.000000
-0.656154 0.287317 0.035968 2.000000
0.110683 -0.015896 0.057744 1.000000
-0.134712 -0.128924 0.026701 0.000000
0.318060 -0.015896 -0.183602 1.000000
-0.481795 0.059090 0.006827 2.000000
-0.393909 0.016927 0.132097 2.000000
0.039281 0.003271 -0.311482 1.000000
0.658974 -0.089224 0.081399 0.000000
0.458206 0.076209 0.048453 0.000000
0.218737 0.018122 0.045990 1.000000
-0.478893 0.016927 0.022117 2.000000
-0.547198 0.016927 0.210107 2.000000
-0.409247 0.076209 0.053574 2.000000
0.494126 0.076209 -0.057235 0.000000
0.269557 0.021536 0.035578 1.000000
-0.427585 0.016927 0.201670 2.000000
-0.552124 0.201114 0.035968 2.000000
0.057546 -0.015896 -0.287193 1.000000
-0.494476 0.076209 -0.060820 2.000000
0.617177 0.053360 -0.078621 0.000000
0.047475 -0.015896 0.623618 1.000000
-0.609357 0.016927 0.198109 2.000000
-0.617722 0.027950 -0.393052 2.000000
-0.463018 0.016927 -0.014121 2.000000
0.650976 -0.036551 0.125439 0.000000
0.265045 0.021244 0.433262 1.000000
0.277165 0.022048 -0.125052 1.000000
0.039281 -0.015067 -0.258491 1.000000
-0.705364 0.047775 0.080765 2.000000
0.202032 -0.015896 -0.244225 1.000000
-0.307997 -0.009556 0.125439 0.000000
-0.219647 -0.023139 -0.090985 0.000000
0.241245 0.019634 -0.445409 1.000000
0.351566 -0.011068 -0.100983 1.000000
0.202252 0.017000 -0.483353 1.000000
0.243196 0.019780 -0.465966 1.000000
0.611251 -0.015506 0.125439 0.000000
-0.664323 0.059090 -0.085596 2.000000
0.124827 -0.072593 -0.188040 1.000000
0.648171 0.036412 0.106760 0.000000
-0.215892 -0.048402 -0.090985 0.000000
-0.243936 0.005929 0.125439 0.000000
0.145530 -0.117439 0.125439 0.000000
0.212470 -0.015896 -0.489961 1.000000
-0.564170 0.265785 0.011753 2.000000
0.281238 -0.015896 0.363396 1.000000
0.151139 -0.109635 0.125439 0.000000
0.518439 0.056944 -0.090985 0.000000
-0.601237 -0.007849 0.125439 2.000000
0.343812 -0.015896 -0.312457 1.000000
0.253633 0.076209 0.052209 0.000000
-0.573218 0.243179 -0.001196 2.000000
0.286237 0.022658 -0.899643 1.000000
0.568649 0.075697 -0.057698 0.000000
-0.503889 -0.051548 0.112295 2.000000
0.202545 0.017025 -0.929223 1.000000
0.294016 -0.015896 0.023921 1.000000
-0.652008 0.016927 -0.145024 2.000000
0.098173 -0.015896 0.680046 1.000000
-0.484843 0.016927 0.088178 2.000000
0.261583 -0.015896 -0.942880 1.000000
-0.469944 0.016927 0.183453 2.000000
0.294260 0.023219 -0.242153 1.000000
0.243757 -0.053597 0.284411 1.000000
0.309208 -0.029381 -0.188162 1.000000
0.052864 0.006954 -0.247274 1.000000
0.130948 0.012221 -0.958755 1.000000
0.106001 -0.015896 -0.439605 1.000000
0.327449 -0.015896 0.076936 1.000000
0.336057 -0.026699 -0.184529 1.000000
-0.384105 -0.093736 0.018751 0.000000
0.295747 -0.128924 0.074107 0.000000
0.124120 -0.069959 -0.228618 1.000000
0.346519 -0.015896 -0.330161 1.000000
