0.199366 -0.002984 -0.089732 0.000000
0.106744 -0.035406 -0.181980 1.000000
0.230066 0.018231 0.321788 3.000000
-0.010712 -0.011795 -0.150981 1.000000
0.066361 0.084696 -0.323472 3.000000
-0.083367 -0.053351 0.507083 1.000000
-0.000703 0.055694 -0.326342 3.000000
0.682295 0.110179 0.040902 0.000000
-0.051420 -0.029516 0.379219 1.000000
-0.088234 -0.018234 -0.146963 1.000000
-0.514605 0.115870 0.022133 2.000000
0.063416 0.077034 0.371756 3.000000
0.217337 0.084172 -0.339371 3.000000
0.676379 0.115196 0.019987 0.000000
-0.504397 0.169706 -0.000704 2.000000
-0.191663 -0.042170 -0.302132 1.000000
-0.027135 0.055594 0.357704 3.000000
0.213518 0.082275 0.328727 3.000000
-0.599765 0.143449 0.015269 2.000000
-0.055438 -0.041072 0.300224 1.000000
0.585330 0.126128 0.016168 0.000000
-0.247346 -0.066255 0.724374 1.000000
-0.635706 0.143349 0.010627 2.000000
-0.003199 -0.027394 0.110038 0.000000
-0.574257 0.288984 0.017066 2.000000
-0.128592 -0.045789 0.581260 1.000000
0.069381 -0.032111 0.149473 1.000000
-0.649857 0.283119 0.007183 2.000000
0.026976 -0.125582 0.239100 1.000000
0.549389 -0.010023 -0.088584 0.000000
-0.031602 -0.127030 0.172635 1.000000
0.277937 -0.014690 0.109040 0.000000
-0.394354 -0.097404 -0.857266 1.000000
-0.228203 0.104289 -0.053842 0.000000
-0.112095 -0.055373 -0.517876 1.000000
0.157785 0.008896 -0.091729 0.000000
0.284950 -0.078210 -0.030530 0.000000
0.065762 -0.036878 -0.206590 1.000000
-0.286357 -0.068027 -0.837349 1.000000
-0.604432 0.359842 0.010827 2.000000
-0.227654 0.059662 0.108865 0.000000
0.187411 -0.033259 0.360175 3.000000
0.630555 0.108706 0.061768 0.000000
-0.140598 -0.037353 -0.187172 1.000000
0.070804 0.057566 -0.087311 0.000000
-0.711231 0.366206 0.012599 2.000000
0.205506 0.044188 0.306089 3.000000
0.472291 0.068697 0.104297 0.000000
-0.402690 0.020502 0.113557 0.000000
-0.000853 -0.099051 -0.181581 1.000000
0.200240 0.004828 0.383312 3.000000
0.089997 -0.033309 0.169490 1.000000
0.463356 0.125329 0.025902 0.000000
0.494979 -0.045414 0.093091 0.000000
0.058798 0.012540 -0.092328 0.000000
-0.255583 -0.085648 -0.030106 0.000000
-0.052718 -0.087495 0.056676 0.000000
0.676829 0.047582 -0.084316 0.000000
0.507658 0.126577 0.018115 0.000000
0.093516 -0.010148 0.153641 1.000000
0.210698 0.084072 0.096510 0.000000
0.200240 0.001433 0.368262 3.000000
0.080263 0.015061 0.413263 3.000000
0.716114 0.035003 0.105396 0.000000
-0.389113 0.017856 0.113931 0.000000
-0.523017 -0.024025 0.064563 0.000000
-0.074756 -0.066829 0.355383 1.000000
-0.082643 -0.031962 0.395991 1.000000
0.327605 0.001783 -0.090531 0.000000
-0.314860 -0.017111 -0.085739 0.000000
0.082684 0.046833 -0.295543 3.000000
0.801947 0.046010 0.054879 0.000000
-0.472400 0.148241 0.000693 2.000000
0.513298 0.023547 0.116178 0.000000
0.185614 0.043639 0.303643 3.000000
-0.303629 -0.065182 0.828203 1.000000
-0.122478 -0.038051 0.249608 1.000000
-0.032426 -0.024000 -0.291774 1.000000
0.038382 -0.133419 0.183641 1.000000
0.099980 0.014637 -0.092678 0.000000
-0.159242 -0.043742 0.551010 1.000000
-0.665257 0.347962 0.014745 2.000000
0.014621 -0.087495 -0.021969 0.000000
-0.544831 0.096002 0.048190 0.000000
0.169815 0.047258 -0.089982 0.000000
0.047317 0.127650 0.011176 0.000000
-0.117586 -0.046463 -0.367923 1.000000
-0.370094 0.006550 0.112983 0.000000
-0.038865 -0.014440 0.191454 1.000000
0.005911 -0.134168 0.171037 3.000000
0.026651 0.004478 -0.368348 3.000000
-0.313762 -0.066430 -0.812864 1.000000
-0.170923 -0.030464 -0.173344 1.000000
0.756896 0.031808 0.096710 0.000000
-0.309669 -0.066380 0.845624 1.000000
-0.197379 -0.045839 -0.387915 1.000000
0.651945 0.110778 0.052633 0.000000
-0.003574 -0.052428 0.197144 1.000000
-0.085963 -0.040073 -0.260251 1.000000
-0.015130 -0.045015 0.366689 1.000000
0.198443 0.046359 -0.090132 0.000000
-0.063175 -0.042669 -0.304229 1.000000
0.268278 0.115520 -0.034873 0.000000
0.006085 -0.134268 -0.197804 3.000000
-0.618259 0.301014 0.017016 2.000000
0.086952 -0.013792 0.111036 0.000000
-0.689766 0.408786 0.011800 2.000000
0.035412 -0.122911 -0.199576 1.000000
-0.336824 -0.069000 -0.755334 1.000000
-0.174242 -0.045589 -0.549074 1.000000
-0.035646 0.074987 0.101153 0.000000
-0.196430 -0.055098 -0.513483 1.000000
-0.413947 -0.051529 0.075545 0.000000
0.682918 -0.144975 -0.010014 3.000000
-0.000005 -0.140907 -0.146064 3.000000
-0.208111 -0.054250 0.200963 1.000000
-0.006294 -0.169085 0.174232 1.000000
0.254850 0.125578 0.024379 0.000000
-0.335701 -0.068826 0.777861 1.000000
0.200889 -0.010372 0.346024 3.000000
0.113184 -0.032261 0.152193 1.000000
-0.105031 -0.066405 -0.351376 1.000000
0.019488 -0.043642 -0.348755 1.000000
-0.402266 -0.075689 -0.006994 0.000000
-0.077876 0.068647 -0.081746 0.000000
-0.077127 0.118091 0.052483 0.000000
0.185240 0.028139 0.303244 3.000000
-0.719442 0.380533 0.010278 2.000000
0.095787 0.056567 0.415134 3.000000
0.116353 -0.028692 0.351040 3.000000
-0.580796 0.051750 -0.050971 0.000000
-0.119033 -0.039898 0.515743 1.000000
0.050961 0.065353 -0.321974 3.000000
0.273918 -0.008326 -0.088859 0.000000
0.324710 0.038647 -0.091280 0.000000
0.293686 0.106560 0.074172 0.000000
-0.534473 0.099022 0.046443 0.000000
0.057950 -0.087495 0.067508 0.000000
-0.435810 0.182510 0.011800 2.000000
0.666371 -0.065232 0.034438 0.000000
0.304693 -0.082927 0.031867 0.000000
-0.112868 -0.032635 0.346623 1.000000
-0.056486 -0.049408 -0.349454 1.000000
-0.170723 0.123133 0.039779 0.000000
-0.057435 0.103390 0.077317 0.000000
0.160381 0.046434 -0.281042 3.000000
-0.336000 -0.072744 0.872729 1.000000
-0.159417 0.093981 -0.064100 0.000000
-0.469255 0.019803 -0.081746 0.000000
0.611436 0.064604 -0.082120 0.000000
-0.149533 -0.043143 -0.525588 1.000000
-0.465337 -0.032211 -0.058759 0.000000
-0.345335 -0.078210 -0.021520 0.000000
-0.192986 -0.032136 -0.157845 1.000000
-0.202795 -0.046687 -0.396801 1.000000
-0.681405 0.290481 0.012773 2.000000
0.005362 -0.009374 0.152817 1.000000
-0.026960 -0.030614 -0.101039 1.000000
-0.022942 -0.041895 -0.291175 1.000000
-0.044406 -0.011645 -0.129617 1.000000
-0.626221 0.294999 0.005286 2.000000
-0.183477 -0.067104 0.564114 1.000000
0.401708 -0.082428 0.034038 0.000000
0.067983 -0.087495 -0.057436 0.000000
-0.017251 -0.164268 0.185189 1.000000
-0.423930 -0.070323 -0.010164 0.000000
0.047492 -0.005006 0.121744 1.000000
0.214666 -0.018833 -0.383223 3.000000
-0.179508 -0.061937 -0.351201 1.000000
-0.508590 0.063531 -0.068118 0.000000
-0.118284 -0.043018 -0.309969 1.000000
-0.120057 -0.033784 -0.348655 1.000000
0.665597 -0.134417 0.018714 0.000000
0.864818 -0.045914 -0.026537 0.000000
0.168467 0.098024 0.394618 3.000000
-0.245450 -0.055398 0.693899 1.000000
0.362772 -0.057494 -0.058784 0.000000
-0.105281 -0.046263 0.563215 1.000000
0.214716 0.056268 0.110562 0.000000
0.085230 -0.030838 0.128033 1.000000
-0.174442 -0.042344 -0.362482 1.000000
-0.328238 -0.067952 0.791963 1.000000
-0.582369 0.131569 0.006134 2.000000
-0.134957 -0.059142 -0.581421 1.000000
-0.548599 0.302586 0.011026 2.000000
0.012175 -0.142953 0.207203 3.000000
0.627535 0.002831 0.113283 0.000000
0.071677 -0.049233 0.203858 1.000000
0.179275 -0.023026 0.111036 0.000000
-0.010363 -0.048335 -0.399347 1.000000
-0.537018 0.056468 -0.063650 0.000000
0.203609 -0.041271 0.103524 0.000000
-0.016927 -0.037378 -0.214951 1.000000
0.524829 0.114397 0.059696 0.000000
-0.143643 -0.036903 0.230240 1.000000
0.099232 0.077059 -0.392857 3.000000
-0.011236 -0.101073 -0.165707 3.000000
0.122943 0.088040 -0.386867 3.000000
-0.006219 -0.131323 0.188034 3.000000
-0.548824 0.207793 0.001068 2.000000
-0.109224 -0.050157 0.453321 1.000000
0.768053 -0.005530 0.099106 0.000000
0.295433 0.063756 0.106793 0.000000
-0.149932 -0.039824 -0.457326 1.000000
-0.600339 0.128524 0.007881 2.000000
-0.090505 -0.029940 0.364967 1.000000
-0.178984 -0.039649 0.276214 1.000000
-0.120855 -0.087495 0.051659 0.000000
-0.630988 0.062957 -0.009440 0.000000
-0.013333 -0.155857 -0.134109 3.000000
0.429162 0.125229 0.026626 0.000000
0.462432 0.089263 -0.068767 0.000000
0.654715 0.025344 -0.090980 0.000000
0.424220 0.121735 -0.022768 0.000000
-0.122702 -0.038626 -0.235866 1.000000
0.086453 -0.079633 0.102126 0.000000
0.160905 -0.008351 0.424394 3.000000
0.561494 -0.083177 0.030694 0.000000
0.125563 0.100320 -0.356942 3.000000
0.755574 0.013563 -0.078551 0.000000
0.305042 0.095553 -0.062527 0.000000
-0.066245 -0.054599 0.111036 0.000000
0.179799 0.092134 0.335740 3.000000
0.099082 -0.036779 -0.349454 1.000000
-0.004148 -0.061438 0.198367 1.000000
0.645156 -0.085249 0.003788 0.000000
0.090222 0.074238 -0.374862 3.000000
0.678251 -0.166390 -0.006370 3.000000
-0.345734 0.064080 -0.084067 0.000000
0.659357 -0.152388 0.027025 3.000000
-0.253836 -0.058268 -0.566645 1.000000
-0.230050 0.002182 -0.090606 0.000000
-0.154500 -0.061238 -0.616663 1.000000
0.187561 -0.033085 -0.336076 3.000000
-0.496460 0.232802 0.013672 2.000000
-0.620281 0.024545 0.042225 0.000000
0.390177 -0.064907 -0.049124 0.000000
-0.156946 -0.033484 -0.149334 1.000000
0.651071 -0.074916 -0.037593 0.000000
-0.214176 -0.054799 -0.171048 1.000000
-0.018000 0.051825 -0.333206 3.000000
-0.181979 -0.044216 0.468646 1.000000
-0.013258 -0.002585 -0.089807 0.000000
-0.157345 -0.044616 -0.336725 1.000000
0.010803 -0.154035 -0.208911 3.000000
-0.058907 -0.052927 0.499695 1.000000
0.202661 0.096576 -0.326716 3.000000
0.200240 0.016558 -0.355394 3.000000
0.200240 0.021625 0.373403 3.000000
0.697145 -0.083776 0.018214 0.000000
-0.117361 -0.029840 -0.088210 1.000000
-0.189617 -0.055198 -0.677737 1.000000
-0.374087 0.123582 0.009104 2.000000
0.017192 0.106011 0.074721 0.000000
0.168417 0.079704 -0.076180 0.000000
0.144232 0.083573 -0.300934 3.000000
-0.004372 0.122958 -0.018275 0.000000
0.160481 0.096302 -0.375037 3.000000
-0.041861 -0.050731 0.352288 1.000000
-0.262222 0.126103 0.001542 0.000000
0.101603 -0.031487 -0.115839 1.000000
0.181246 0.126452 0.003713 0.000000
0.087451 -0.037527 -0.217696 1.000000
-0.001926 -0.139534 -0.195158 3.000000
-0.215150 -0.087495 -0.033650 0.000000
0.183942 -0.054749 0.100279 0.000000
-0.232446 -0.062287 0.657559 1.000000
0.207778 0.088739 0.407223 3.000000
0.038132 -0.087495 -0.047652 0.000000
-0.003898 0.039421 0.113757 0.000000
-0.183227 -0.029615 -0.139226 1.000000
-0.172270 -0.042719 -0.304977 1.000000
-0.201297 -0.032910 0.177202 1.000000
0.114906 0.092234 -0.376459 3.000000
-0.443722 -0.009399 0.100753 0.000000
-0.156571 -0.058717 0.348719 1.000000
0.677253 -0.053526 -0.063301 0.000000
-0.095123 -0.056721 0.563714 1.000000
-0.117461 -0.050756 -0.440054 1.000000
-0.131388 -0.030239 -0.241108 1.000000
-0.139400 -0.050706 -0.439480 1.000000
0.066461 0.039296 -0.091205 0.000000
-0.628068 0.146244 0.012773 2.000000
-0.051669 0.057965 -0.087112 0.000000
0.046843 -0.035955 0.214091 1.000000
-0.049673 -0.038151 0.461059 1.000000
-0.337273 -0.069574 0.825957 1.000000
-0.136679 0.100220 0.080462 0.000000
0.142810 0.033830 0.302845 3.000000
0.081486 -0.087495 0.004687 0.000000
-0.022642 -0.116198 0.235606 1.000000
0.630181 0.027565 0.114031 0.000000
0.119199 0.099247 0.363020 3.000000
-0.634433 0.049354 0.034088 0.000000
0.005786 0.063256 -0.360186 3.000000
-0.576928 0.086069 -0.023741 0.000000
-0.008865 -0.041820 0.312753 1.000000
-0.137128 -0.086996 0.087500 0.000000
0.174058 -0.087495 -0.003450 0.000000
-0.461219 0.120786 0.000494 0.000000
-0.122827 -0.042095 -0.294245 1.000000
-0.109274 -0.013891 0.111036 0.000000
0.089473 -0.018259 -0.334129 3.000000
-0.473473 -0.059841 0.012823 0.000000
0.037234 -0.017286 -0.220117 1.000000
0.324685 -0.073393 -0.038093 0.000000
0.034663 -0.036853 -0.349454 1.000000
-0.498981 0.105162 -0.028883 0.000000
0.039530 0.042241 -0.090756 0.000000
0.053208 -0.006753 0.377222 3.000000
0.187586 -0.028817 -0.321350 3.000000
-0.185648 -0.033808 0.217585 1.000000
0.000644 -0.046438 -0.179859 1.000000
0.083657 -0.015139 -0.173819 1.000000
0.168742 -0.019058 -0.088435 0.000000
0.012175 0.127251 0.013897 0.000000
-0.376683 0.125578 -0.002526 0.000000
0.068557 -0.087495 0.052832 0.000000
0.052084 -0.027394 -0.339845 1.000000
-0.172745 -0.057444 -0.552968 1.000000
0.025728 -0.112279 0.172909 1.000000
0.056901 -0.018783 0.360025 3.000000
0.223676 -0.079733 -0.036545 0.000000
-0.155024 -0.087495 0.046143 0.000000
-0.169300 -0.038526 0.257594 1.000000
-0.131587 -0.046513 0.356406 1.000000
-0.083442 -0.036579 0.224848 1.000000
0.695747 -0.075764 0.012025 0.000000
0.040004 0.085095 0.095512 0.000000
-0.045055 -0.037452 -0.216249 1.000000
0.004962 -0.073768 0.226371 3.000000
-0.378031 -0.078934 0.027849 0.000000
-0.193386 -0.032386 0.183741 1.000000
0.507658 0.087891 0.092741 0.000000
0.207203 0.047058 0.420151 3.000000
-0.035147 -0.008650 0.120795 1.000000
-0.619408 0.136610 0.013248 2.000000
-0.456127 0.067774 -0.075731 0.000000
-0.213852 -0.058343 0.590919 1.000000
0.035262 -0.029590 -0.293421 1.000000
0.407124 0.041692 0.113432 0.000000
-0.639524 0.314442 0.006234 2.000000
-0.148959 -0.050606 0.111036 0.000000
0.593915 0.121385 -0.018525 0.000000
0.047168 -0.041121 0.301148 1.000000
-0.265092 -0.060190 0.622143 1.000000
-0.201622 0.104738 0.075969 0.000000
-0.184800 -0.070997 -0.085589 0.000000
0.200240 0.057116 0.399435 3.000000
-0.139749 -0.038326 -0.231149 1.000000
-0.605830 0.257686 0.018564 2.000000
-0.099990 -0.044491 0.354360 1.000000
0.211372 0.082250 -0.332432 3.000000
0.592243 -0.020056 -0.084092 0.000000
-0.066570 -0.087495 0.019188 0.000000
0.036885 -0.039774 -0.255509 1.000000
0.200240 0.014711 -0.328913 3.000000
-0.001278 -0.034308 -0.359063 1.000000
0.383263 0.068148 -0.081995 0.000000
0.207278 0.031559 0.422073 3.000000
-0.160889 -0.057569 0.578165 1.000000
0.073849 0.018855 -0.292348 3.000000
-0.262746 -0.066305 -0.819803 1.000000
-0.093900 -0.024149 0.251480 1.000000
0.008656 -0.153037 0.169215 3.000000
-0.020496 0.033480 -0.336650 3.000000
0.212719 0.088565 -0.381726 3.000000
-0.238436 0.036151 -0.091679 0.000000
-0.243079 -0.071621 -0.791325 1.000000
0.786597 -0.017685 -0.070464 0.000000
0.004488 -0.036379 0.192677 1.000000
0.278311 -0.065207 -0.048750 0.000000
0.086078 -0.010247 -0.135931 1.000000
-0.120057 -0.054400 0.524878 1.000000
-0.082518 -0.037003 -0.179534 1.000000
-0.248220 -0.071746 0.816572 1.000000
0.752129 -0.058243 0.072375 0.000000
0.004962 -0.093285 0.215489 3.000000
0.003639 0.020377 -0.344387 3.000000
-0.193485 -0.068701 -0.539715 1.000000
-0.131238 -0.037153 -0.426627 1.000000
0.092468 0.087566 0.367064 3.000000
-0.195208 0.117966 0.052732 0.000000
0.004738 -0.115049 0.192801 1.000000
0.057251 0.037099 -0.091529 0.000000
-0.298188 -0.063709 0.782403 1.000000
-0.151679 -0.060764 -0.608776 1.000000
-0.165257 0.125154 -0.004498 0.000000
0.655713 -0.084500 0.030744 0.000000
-0.104357 -0.029441 0.313852 1.000000
-0.023266 -0.160824 -0.143544 3.000000
-0.259252 -0.057320 -0.666980 1.000000
-0.307248 -0.029391 0.103374 0.000000
-0.417091 0.074388 -0.076978 0.000000
0.068457 0.053622 0.320765 3.000000
-0.640223 0.041417 0.022882 0.000000
0.227894 -0.010023 -0.378531 3.000000
0.782854 0.055494 -0.041337 0.000000
-0.003599 0.063181 0.363969 3.000000
-0.535047 0.093107 0.019487 2.000000
-0.246623 -0.072120 -0.066096 0.000000
-0.086237 -0.041621 0.516567 1.000000
-0.547901 -0.021679 0.051859 0.000000
0.236979 -0.072420 0.066036 0.000000
0.013273 0.000485 -0.345585 3.000000
0.581386 0.058639 -0.086613 0.000000
0.442316 0.116194 0.056152 0.000000
-0.037118 -0.034233 -0.162213 1.000000
-0.097469 -0.015339 0.112808 1.000000
-0.349952 0.104463 0.076418 0.000000
0.046294 -0.048983 0.362996 1.000000
-0.110422 -0.057420 0.597184 1.000000
0.056752 0.048406 -0.089807 0.000000
-0.329636 -0.067877 -0.728553 1.000000
-0.076828 -0.087495 -0.001453 0.000000
-0.125023 0.107458 -0.050647 0.000000
0.145081 0.052324 -0.413448 3.000000
-0.180407 0.012116 0.114855 0.000000
-0.068217 -0.042419 0.373079 1.000000
0.206430 -0.085598 -0.019299 0.000000
0.117377 -0.025073 0.342654 3.000000
0.567559 -0.084500 0.024729 0.000000
0.549139 0.110254 -0.045181 0.000000
0.621944 -0.064333 0.073798 0.000000
-0.138052 -0.036130 -0.340244 1.000000
0.013823 -0.136639 -0.160241 3.000000
-0.634108 0.185005 0.009055 2.000000
-0.030729 -0.050132 -0.429796 1.000000
-0.497958 -0.050731 -0.000430 0.000000
-0.124349 -0.052677 -0.472725 1.000000
-0.545979 0.111077 0.003489 2.000000
-0.285608 -0.062836 0.563565 1.000000
-0.124025 0.015535 -0.092827 0.000000
-0.281840 -0.062411 -0.772506 1.000000
-0.260026 -0.062786 0.665671 1.000000
-0.153551 -0.040497 -0.469905 1.000000
0.064165 -0.031637 -0.339845 1.000000
0.075072 0.042316 0.317845 3.000000
-0.121205 -0.035007 0.404502 1.000000
-0.285958 -0.036779 0.103524 0.000000
-0.111246 -0.030165 -0.286707 1.000000
-0.085039 -0.032086 -0.373240 1.000000
-0.017750 -0.016237 0.372605 1.000000
-0.094948 -0.052053 -0.462143 1.000000
0.084980 0.059088 -0.387741 3.000000
-0.096346 -0.018634 -0.138352 1.000000
-0.375884 -0.032710 -0.075756 0.000000
0.076744 0.089139 0.353536 3.000000
0.117177 -0.002909 0.112359 0.000000
0.014971 -0.136838 -0.198877 3.000000
-0.194983 -0.052128 -0.463441 1.000000
0.101328 -0.087495 0.013123 0.000000
0.529247 0.040219 0.113657 0.000000
-0.150456 -0.082378 -0.076130 0.000000
-0.168277 -0.042319 0.470917 1.000000
0.088474 -0.033808 -0.225733 1.000000
0.635921 0.104214 -0.045955 0.000000
-0.566495 -0.005131 0.060844 0.000000
-0.328687 -0.061862 -0.052169 0.000000
-0.164034 -0.054499 -0.503200 1.000000
0.422698 -0.015214 0.108765 0.000000
-0.204717 -0.051205 0.471017 1.000000
0.715939 -0.075989 0.047416 0.000000
-0.027160 0.040993 -0.325743 3.000000
0.311007 0.025519 0.115878 0.000000
0.437474 0.097874 -0.060206 0.000000
0.001518 -0.087495 -0.015430 0.000000
-0.007667 -0.031013 0.374252 1.000000
0.563216 -0.044416 0.093590 0.000000
0.225099 0.030211 0.315100 3.000000
0.013573 -0.033259 0.358353 1.000000
-0.290001 0.033356 0.114680 0.000000
-0.053816 -0.038700 0.260440 1.000000
0.217561 0.079804 0.098707 0.000000
-0.182054 -0.034283 -0.207363 1.000000
0.484072 -0.086546 0.015569 0.000000
-0.108176 -0.046263 0.387580 1.000000
-0.695607 0.356522 0.008905 2.000000
0.571877 0.123831 0.035261 0.000000
-0.599515 0.032981 -0.041712 0.000000
-0.160590 -0.052203 0.487715 1.000000
-0.652852 0.193042 0.012075 2.000000
0.771947 -0.043393 0.083906 0.000000
-0.316632 -0.066155 -0.748945 1.000000
-0.437283 0.044762 0.107717 0.000000
0.095213 0.080952 -0.307972 3.000000
-0.133160 -0.070523 0.359476 1.000000
-0.307772 -0.064658 0.746188 1.000000
0.860500 -0.008750 -0.037718 0.000000
0.147876 0.094255 0.402381 3.000000
0.118300 -0.026221 0.397888 3.000000
-0.202770 -0.085823 -0.059857 0.000000
0.441367 -0.053077 -0.064524 0.000000
-0.115814 -0.074741 -0.083642 0.000000
-0.523416 0.107309 -0.004997 0.000000
0.818220 -0.054899 -0.044532 0.000000
-0.195232 -0.086571 0.081735 0.000000
-0.307772 -0.084799 -0.006145 0.000000
-0.082718 -0.067453 0.349643 1.000000
-0.592552 0.089089 0.003015 0.000000
-0.295667 -0.062960 -0.645515 1.000000
-0.059207 -0.039574 0.275240 1.000000
-0.548350 0.187377 0.021459 2.000000
-0.194509 -0.050656 0.461483 1.000000
-0.157345 -0.044965 0.576643 1.000000
0.024355 -0.151240 -0.210259 1.000000
0.685265 0.099222 -0.041287 0.000000
0.253852 0.116219 -0.033550 0.000000
0.147178 -0.040747 -0.088435 0.000000
-0.126321 -0.048684 -0.576704 1.000000
-0.051744 -0.062611 -0.348406 1.000000
0.809734 -0.012219 -0.065847 0.000000
0.162727 -0.003983 0.314550 3.000000
0.457665 -0.009648 0.111236 0.000000
0.800749 -0.012943 -0.067869 0.000000
0.007583 -0.013891 0.211046 1.000000
0.007483 -0.128402 -0.167554 1.000000
0.690756 0.088540 -0.053467 0.000000
0.146953 -0.031587 0.364368 1.000000
-0.078076 -0.027768 -0.310194 1.000000
-0.286856 0.081776 0.097733 0.000000
-0.133684 -0.034482 -0.166306 1.000000
-0.576728 0.297570 0.006234 2.000000
0.004164 0.042166 0.392572 3.000000
0.123267 0.041268 0.113482 0.000000
-0.095422 0.124855 -0.006395 0.000000
-0.157644 -0.029565 -0.184251 1.000000
0.656787 0.119563 0.010103 0.000000
-0.061229 -0.043118 -0.330635 1.000000
0.564963 0.064929 -0.083618 0.000000
0.101253 -0.001562 -0.399771 3.000000
-0.571586 0.047932 0.077492 0.000000
-0.055388 0.097824 -0.060256 0.000000
0.642385 -0.138411 0.034163 0.000000
0.025379 -0.020456 0.274716 1.000000
-0.123526 -0.046737 0.395592 1.000000
-0.138177 -0.049358 -0.593152 1.000000
-0.554515 0.200580 0.021334 2.000000
-0.430844 0.109829 -0.041437 0.000000
0.002342 0.054970 -0.338222 3.000000
0.660930 -0.148894 0.034313 3.000000
0.681521 -0.134218 0.000718 3.000000
0.067908 -0.033484 0.172709 1.000000
0.011726 -0.015813 -0.214227 1.000000
0.009030 -0.011371 0.180072 1.000000
-0.031553 -0.125008 -0.147862 3.000000
-0.278470 -0.087495 0.003688 0.000000
-0.129990 -0.041047 0.300099 1.000000
0.002591 -0.132496 0.198392 3.000000
-0.147436 -0.024699 -0.133360 1.000000
0.541127 -0.006404 -0.089183 0.000000
-0.102610 -0.032411 0.154614 1.000000
-0.541187 0.087891 0.009254 2.000000
0.124914 0.042965 -0.414197 3.000000
-0.082843 -0.058268 0.374352 1.000000
0.164000 -0.030040 0.114456 1.000000
-0.248944 0.079529 -0.076255 0.000000
0.094764 0.114322 0.059846 0.000000
0.265582 -0.080856 0.041201 0.000000
-0.126571 -0.087495 -0.029856 0.000000
0.021610 -0.164867 0.185988 1.000000
0.645430 -0.084774 -0.008841 0.000000
0.080887 -0.019981 0.111036 0.000000
0.656063 -0.024224 -0.082919 0.000000
0.235107 0.125903 0.022333 0.000000
-0.031727 0.121435 -0.023367 0.000000
-0.051769 -0.027020 -0.317282 1.000000
0.124590 0.005626 -0.091180 0.000000
0.730765 0.084421 0.065262 0.000000
-0.035172 -0.110956 0.199765 3.000000
-0.321699 -0.067178 -0.716448 1.000000
0.050163 0.042366 0.331497 3.000000
-0.194933 -0.076738 0.101801 0.000000
-0.601113 0.328544 0.007407 2.000000
0.009105 -0.043118 0.334817 1.000000
-0.031178 -0.142704 -0.185499 1.000000
-0.461119 -0.041271 -0.050198 0.000000
0.282454 -0.016762 -0.085365 0.000000
-0.348005 -0.063659 -0.047677 0.000000
-0.159367 -0.033209 -0.173444 1.000000
-0.317356 -0.055598 0.084006 0.000000
0.495852 0.059513 0.108940 0.000000
-0.068392 0.039570 -0.346434 3.000000
0.110663 0.112300 0.063789 0.000000
-0.302156 0.111926 0.064488 0.000000
-0.083367 -0.017910 -0.339845 1.000000
0.001618 -0.046787 0.404577 1.000000
-0.432691 0.140254 0.005361 2.000000
-0.011436 -0.151964 -0.210034 1.000000
-0.427025 -0.031862 0.903678 1.000000
0.275915 0.114597 0.059322 0.000000
0.365917 -0.085997 0.017990 0.000000
-0.010837 -0.007801 -0.100814 1.000000
0.208501 -0.028592 0.351939 3.000000
0.200240 0.043564 -0.323871 3.000000
-0.043658 -0.047037 0.477007 1.000000
-0.566071 0.037798 -0.058359 0.000000
0.611811 0.002781 -0.090681 0.000000
0.072900 -0.046687 -0.345510 1.000000
0.028049 -0.151340 0.212519 1.000000
0.492233 0.122509 0.043647 0.000000
0.004812 -0.080631 -0.150083 3.000000
0.028748 0.062358 0.393520 3.000000
0.178701 -0.038750 0.109514 0.000000
0.116328 0.008222 0.310881 3.000000
-0.498732 0.104613 0.053032 0.000000
-0.020845 -0.030189 0.117001 1.000000
0.676754 0.101768 0.063390 0.000000
0.612734 -0.082952 -0.013408 0.000000
-0.441426 -0.001487 -0.081870 0.000000
-0.041062 -0.043692 0.369385 1.000000
-0.086312 -0.044765 0.362421 1.000000
-0.514630 0.096801 0.059471 0.000000
-0.217596 -0.049682 0.513697 1.000000
0.529497 -0.061538 0.076094 0.000000
0.200989 -0.065082 -0.066321 0.000000
-0.058957 0.039171 -0.343364 3.000000
-0.091529 -0.087495 0.059546 0.000000
0.281206 0.008497 -0.091654 0.000000
0.286373 -0.054225 -0.063051 0.000000
-0.179658 -0.037253 -0.253712 1.000000
0.187236 -0.061837 -0.074807 0.000000
-0.284286 -0.070847 -0.557236 1.000000
0.041053 -0.018010 -0.346559 1.000000
-0.324045 0.120512 -0.025264 0.000000
0.189133 -0.027569 -0.378157 3.000000
-0.611021 0.129921 0.013772 2.000000
0.797504 0.014137 -0.064399 0.000000
0.356707 0.120662 0.047466 0.000000
-0.554989 -0.026496 0.032316 0.000000
0.659956 -0.042444 -0.073110 0.000000
0.587326 0.095403 0.084430 0.000000
-0.018524 0.048581 -0.324869 3.000000
-0.033549 -0.137862 0.231163 1.000000
0.576544 0.106760 0.073997 0.000000
0.063041 0.081801 -0.372391 3.000000
-0.236290 -0.071297 -0.070988 0.000000
-0.115389 -0.029965 0.296730 1.000000
0.380093 -0.078011 -0.031354 0.000000
0.036984 -0.147321 -0.142221 3.000000
0.055629 0.067674 -0.305676 3.000000
-0.148410 -0.054999 -0.325493 1.000000
0.159407 -0.058593 0.103923 0.000000
-0.450087 0.117891 0.022857 2.000000
0.755324 -0.025872 0.095412 0.000000
-0.291798 0.113374 0.061668 0.000000
-0.095622 -0.053077 -0.479240 1.000000
-0.480711 0.151985 0.022607 2.000000
-0.093925 -0.040722 -0.492218 1.000000
0.677602 -0.038451 -0.074857 0.000000
0.005411 -0.121464 -0.187895 1.000000
0.742196 0.018830 0.102950 0.000000
0.057575 0.079505 0.401407 3.000000
-0.003873 -0.145549 0.197344 3.000000
0.216588 0.123881 0.034987 0.000000
-0.280592 -0.059791 -0.618011 1.000000
0.857431 -0.058892 0.038780 0.000000
0.570978 -0.081555 -0.015380 0.000000
-0.242005 -0.066080 -0.698328 1.000000
0.062942 0.048456 0.411366 3.000000
-0.020047 -0.010971 0.111036 0.000000
-0.219642 -0.062037 -0.747322 1.000000
0.058599 -0.014590 0.345974 3.000000
-0.226755 -0.055922 -0.526986 1.000000
0.570155 -0.023026 0.104697 0.000000
0.877822 -0.039424 -0.019099 0.000000
-0.194259 -0.031063 0.131877 1.000000
-0.553891 0.114622 0.004113 2.000000
-0.177112 -0.087495 0.001492 0.000000
0.794459 -0.052528 -0.050547 0.000000
-0.645789 0.360765 0.014121 2.000000
0.386807 -0.083202 -0.008042 0.000000
-0.067643 -0.032985 -0.141148 1.000000
-0.230225 -0.046787 -0.086163 0.000000
-0.293121 -0.066604 -0.706814 1.000000
0.649049 0.094130 0.079688 0.000000
0.079689 -0.003484 -0.320577 3.000000
-0.701597 0.324575 0.012075 2.000000
0.835816 -0.070498 -0.001353 0.000000
0.003964 -0.019382 -0.254685 1.000000
0.024380 -0.009524 -0.142445 1.000000
-0.127295 -0.035830 0.398961 1.000000
-0.202146 -0.060240 -0.599791 1.000000
-0.264743 -0.057969 -0.656248 1.000000
-0.201522 -0.023301 0.111036 0.000000
-0.049049 0.037349 0.363794 3.000000
0.593890 0.063107 -0.083742 0.000000
-0.081046 -0.034058 0.182269 1.000000
-0.296740 -0.063959 0.080761 0.000000
-0.286831 -0.061563 -0.704019 1.000000
-0.087161 -0.054000 -0.494689 1.000000
0.069131 0.021875 0.318244 3.000000
-0.381949 0.125504 0.026201 0.000000
-0.381425 -0.064633 -0.042710 0.000000
0.131903 -0.030489 -0.345161 1.000000
-0.551569 0.098548 0.037108 0.000000
-0.598866 0.086343 0.022233 0.000000
-0.177187 -0.049383 -0.620432 1.000000
0.344702 -0.062187 0.075245 0.000000
0.115580 -0.011121 -0.395004 3.000000
0.133850 -0.046388 -0.088435 0.000000
0.243918 -0.063509 -0.052444 0.000000
0.455693 -0.086721 0.007832 0.000000
0.054081 -0.006279 -0.118435 1.000000
-0.074007 -0.015439 0.156062 1.000000
0.066036 0.031983 -0.304403 3.000000
-0.289427 -0.061088 -0.614242 1.000000
-0.237538 -0.068426 0.096860 0.000000
-0.470728 0.076859 -0.068717 0.000000
0.022034 -0.126555 0.209773 1.000000
0.576769 0.122534 -0.020871 0.000000
-0.252488 -0.066579 -0.706515 1.000000
0.148625 -0.024050 -0.087087 0.000000
-0.128343 0.090886 -0.067145 0.000000
0.126337 -0.043767 -0.344612 1.000000
0.225823 0.110603 -0.044482 0.000000
-0.298762 0.051351 0.111960 0.000000
0.116703 0.015685 -0.092852 0.000000
-0.129316 -0.046288 -0.336425 1.000000
0.063266 0.052674 -0.309245 3.000000
-0.366999 0.098573 0.082733 0.000000
-0.010986 0.023197 0.391474 3.000000
-0.330135 -0.068975 -0.746748 1.000000
-0.244950 -0.054774 -0.615265 1.000000
0.000445 -0.015863 0.231637 1.000000
0.008806 -0.090415 -0.159492 1.000000
-0.334103 -0.069000 0.813802 1.000000
0.520437 0.122259 -0.021720 0.000000
-0.088334 0.019578 -0.093501 0.000000
0.023507 -0.028043 0.111036 0.000000
0.110638 0.003779 -0.090856 0.000000
0.323112 -0.011620 -0.088035 0.000000
-0.524389 -0.038950 0.033889 0.000000
-0.246897 0.127650 0.011326 0.000000
0.275116 0.048356 -0.089807 0.000000
-0.017451 -0.035456 -0.182779 1.000000
-0.226032 -0.052403 0.654739 1.000000
-0.326266 0.019004 0.115878 0.000000
-0.544331 0.088090 0.060470 0.000000
0.326082 0.010793 -0.092029 0.000000
0.159931 0.004453 -0.409155 3.000000
-0.253686 0.096601 0.084056 0.000000
-0.151879 -0.087495 0.011351 0.000000
-0.482109 -0.020281 -0.063276 0.000000
-0.241132 -0.087495 0.051310 0.000000
-0.012309 0.051775 0.349068 3.000000
-0.352149 -0.081754 0.025652 0.000000
-0.543707 0.101743 0.018988 2.000000
0.155838 -0.030015 0.394294 3.000000
-0.157345 -0.028293 0.189657 1.000000
-0.071412 -0.025397 -0.284586 1.000000
-0.452982 0.185105 0.008655 2.000000
0.366915 0.098274 0.082408 0.000000
-0.098143 -0.053201 0.504512 1.000000
0.387781 -0.087145 0.009828 0.000000
-0.069914 0.096127 0.084530 0.000000
-0.217121 -0.044116 -0.088435 0.000000
0.030096 -0.011720 0.196370 1.000000
0.764833 -0.067728 -0.035023 0.000000
0.228369 0.054496 0.417605 3.000000
0.183093 -0.023600 0.333769 3.000000
0.516094 0.064904 -0.083618 0.000000
-0.026261 -0.041072 0.300449 1.000000
-0.130389 -0.047261 0.111036 0.000000
-0.122428 -0.040472 -0.267240 1.000000
0.677927 -0.157005 -0.011611 3.000000
0.012899 -0.056022 0.371956 1.000000
-0.098417 -0.050331 -0.543334 1.000000
-0.124973 -0.035780 0.211121 1.000000
0.483672 0.022299 -0.093776 0.000000
-0.119383 -0.039524 0.274467 1.000000
-0.053916 0.029911 -0.354221 3.000000
-0.201248 -0.037078 0.233010 1.000000
0.011801 -0.087495 0.035561 0.000000
0.173584 0.085944 0.094638 0.000000
0.345525 -0.044416 -0.071013 0.000000
0.268927 0.072865 0.102226 0.000000
-0.122253 -0.044865 -0.340968 1.000000
0.665323 0.014587 -0.091729 0.000000
0.102701 -0.038226 0.362996 1.000000
-0.141346 -0.048609 0.199915 1.000000
0.178151 -0.013891 -0.299162 3.000000
-0.280791 0.080328 -0.075855 0.000000
-0.178161 -0.045015 0.557400 1.000000
-0.004422 0.039620 -0.359687 3.000000
-0.101662 -0.043168 -0.312665 1.000000
-0.219842 -0.050007 0.450851 1.000000
-0.300384 -0.074142 -0.833755 1.000000
-0.251914 -0.072694 0.832596 1.000000
-0.498307 0.060361 0.094538 0.000000
0.364169 0.091210 -0.066845 0.000000
-0.118160 -0.047211 -0.380752 1.000000
0.048391 -0.023051 0.277661 1.000000
-0.389387 -0.051030 -0.059532 0.000000
0.504463 0.008022 0.114156 0.000000
0.045570 -0.031637 -0.118510 1.000000
-0.072136 -0.052503 -0.088435 0.000000
0.066860 0.024870 0.327953 3.000000
-0.261348 -0.057145 -0.618884 1.000000
-0.160465 -0.071372 0.348994 1.000000
0.094864 -0.018783 0.383362 3.000000
-0.045829 -0.024599 0.313902 1.000000
-0.299036 0.123232 0.039155 0.000000
-0.091454 -0.051355 -0.450188 1.000000
-0.411551 0.010019 -0.088460 0.000000
-0.432391 0.124206 0.003788 0.000000
0.606120 0.089064 -0.066496 0.000000
-0.248619 -0.056072 0.704432 1.000000
0.118400 -0.021978 0.179224 1.000000
0.200240 0.070045 -0.350852 3.000000
0.129182 0.087516 -0.070489 0.000000
-0.248145 -0.072694 -0.809270 1.000000
0.019338 -0.140632 -0.191015 1.000000
0.489712 -0.079658 0.046568 0.000000
-0.497509 0.086867 0.077666 0.000000
-0.127819 0.023697 -0.093576 0.000000
0.030171 -0.013891 -0.199127 1.000000
-0.425378 0.152259 0.008106 2.000000
-0.170274 -0.032810 -0.138178 1.000000
-0.089757 -0.043867 -0.330410 1.000000
0.002916 -0.073793 0.175680 3.000000
0.588549 -0.045165 -0.070963 0.000000
0.467774 0.057141 -0.087536 0.000000
-0.508940 0.204723 0.003214 2.000000
-0.185598 -0.045938 0.212020 1.000000
-0.234992 -0.055298 -0.516728 1.000000
-0.260100 -0.057644 -0.557486 1.000000
0.617876 0.011966 0.114630 0.000000
0.098358 0.069321 -0.398648 3.000000
-0.278096 -0.072095 0.822338 1.000000
-0.445894 0.113174 0.055628 0.000000
0.594839 -0.086621 0.017266 0.000000
-0.084216 -0.048060 -0.394929 1.000000
0.061095 -0.014715 0.111036 0.000000
-0.211056 -0.031138 0.134772 1.000000
-0.037019 -0.087495 -0.048925 0.000000
0.171562 -0.081355 -0.055863 0.000000
0.229791 -0.018184 0.366989 3.000000
-0.096520 -0.043493 0.341157 1.000000
-0.085688 0.122484 0.043772 0.000000
-0.255658 0.019903 -0.093551 0.000000
-0.214101 -0.048335 -0.399347 1.000000
0.119124 -0.033833 0.178300 1.000000
0.515145 -0.040997 0.095387 0.000000
0.609664 -0.023625 0.105371 0.000000
-0.559132 0.075137 -0.045880 0.000000
-0.000179 -0.089991 -0.156148 3.000000
-0.164433 -0.065381 -0.351351 1.000000
-0.176913 -0.042544 -0.348680 1.000000
0.137668 -0.016587 0.110687 0.000000
-0.140822 0.037748 0.114031 0.000000
-0.168177 -0.039524 0.330923 1.000000
-0.055164 0.051451 0.111935 0.000000
0.034613 -0.042344 -0.322923 1.000000
-0.260824 -0.054499 -0.076604 0.000000
0.083857 0.049878 -0.405012 3.000000
0.163725 0.116119 -0.033725 0.000000
-0.017725 0.108831 0.070553 0.000000
0.032192 -0.011420 -0.170474 1.000000
0.568882 0.004204 0.113532 0.000000
0.191230 0.101768 0.377896 3.000000
-0.266265 -0.060714 0.630978 1.000000
-0.303454 -0.064608 -0.774103 1.000000
-0.138177 -0.087495 0.063340 0.000000
0.549089 -0.017011 0.107817 0.000000
0.193900 -0.000264 -0.289453 3.000000
-0.091778 0.083049 0.097084 0.000000
-0.045529 -0.012993 0.110911 0.000000
-0.559357 0.296796 0.008655 2.000000
0.244841 0.123956 -0.012011 0.000000
0.886582 -0.038700 -0.006420 0.000000
-0.145265 -0.059716 -0.590831 1.000000
-0.015304 -0.022901 0.311331 1.000000
0.565961 -0.065207 0.071327 0.000000
0.219533 0.045635 -0.288080 3.000000
-0.184001 0.053647 0.111610 0.000000
0.675930 -0.159227 0.019313 0.000000
0.047866 -0.038950 0.264758 1.000000
-0.139250 -0.037278 -0.352923 1.000000
0.076394 -0.041695 0.204707 1.000000
0.087276 -0.087495 0.059272 0.000000
-0.047901 -0.051754 -0.349454 1.000000
-0.699301 0.386947 0.009728 2.000000
-0.468357 -0.045414 0.063914 0.000000
0.207278 -0.013717 -0.088435 0.000000
0.136420 -0.035181 0.111036 0.000000
0.014696 0.024196 -0.093501 0.000000
0.010029 -0.087495 0.016667 0.000000
-0.113542 -0.018459 0.128358 1.000000
0.553557 -0.085398 0.020685 0.000000
-0.039939 -0.020680 0.268701 1.000000
-0.155199 -0.033209 0.263235 1.000000
-0.026136 0.008572 -0.352723 3.000000
-0.238012 -0.086971 -0.033550 0.000000
-0.737862 0.404344 0.011451 2.000000
-0.010437 -0.157979 -0.162837 3.000000
-0.030729 -0.087495 -0.055988 0.000000
-0.010662 -0.033609 0.174906 1.000000
0.041552 -0.006454 -0.113568 1.000000
-0.117985 -0.051030 0.348569 1.000000
0.221405 0.015560 0.314625 3.000000
0.027475 -0.136888 -0.163636 3.000000
0.002366 0.032557 -0.379180 3.000000
0.094015 -0.032610 0.157784 1.000000
0.722453 -0.081230 0.026426 0.000000
-0.110023 -0.039399 -0.491494 1.000000
-0.229077 -0.035606 0.111036 0.000000
0.186787 -0.037003 0.108890 0.000000
-0.241331 -0.067203 0.816797 1.000000
-0.124175 -0.020031 0.131677 1.000000
0.383163 0.088864 0.091768 0.000000
-0.048525 0.025818 -0.348031 3.000000
-0.015729 -0.030714 -0.354845 1.000000
0.218884 0.125054 -0.005122 0.000000
-0.101737 -0.023101 -0.339845 1.000000
0.091195 -0.007452 -0.322299 3.000000
-0.241232 -0.019632 -0.088435 0.000000
0.211896 0.057616 0.326106 3.000000
0.025503 0.122209 -0.021844 0.000000
-0.194234 -0.087495 0.068781 0.000000
0.445435 -0.011246 0.110812 0.000000
0.653767 -0.141131 0.005510 3.000000
0.645281 -0.138985 0.011800 3.000000
-0.334852 -0.074541 0.863744 1.000000
0.193676 0.089189 0.410392 3.000000
0.374203 0.032881 -0.092178 0.000000
0.045720 -0.030289 0.111036 0.000000
0.664249 -0.103119 0.024205 0.000000
0.219383 0.057890 -0.291624 3.000000
0.016418 -0.016113 0.243842 1.000000
-0.272230 -0.058118 0.592816 1.000000
-0.016178 0.035702 -0.359487 3.000000
0.120097 0.037249 0.436874 3.000000
-0.112968 -0.055897 -0.526612 1.000000
-0.001577 0.030460 0.383961 3.000000
0.195872 0.127076 0.014995 0.000000
-0.053741 0.000385 -0.090307 0.000000
-0.006070 -0.058967 -0.346858 1.000000
0.056078 0.075311 -0.382250 3.000000
0.417631 -0.000638 -0.090132 0.000000
0.775965 0.071892 -0.021445 0.000000
-0.589781 0.318610 0.007258 2.000000
-0.097968 -0.029890 -0.312839 1.000000
0.006285 -0.044516 0.358503 1.000000
-0.165457 -0.056621 -0.538742 1.000000
-0.370344 -0.059192 -0.050996 0.000000
0.083582 0.114771 -0.036371 0.000000
0.744991 0.046983 0.093316 0.000000
-0.296141 -0.064533 -0.799686 1.000000
0.110214 0.001883 0.426715 3.000000
0.220407 -0.012718 -0.309769 3.000000
-0.022468 0.023472 0.374526 3.000000
-0.411825 -0.056920 0.893894 1.000000
-0.223336 0.040319 -0.091030 0.000000
0.326382 0.123607 0.036784 0.000000
-0.160115 -0.036804 -0.205142 1.000000
-0.001702 -0.133319 -0.168802 3.000000
-0.099865 -0.051130 0.469844 1.000000
-0.193336 -0.055947 -0.686523 1.000000
0.022084 -0.025946 -0.293247 1.000000
-0.287655 -0.067578 0.746488 1.000000
0.082459 -0.006479 0.407223 3.000000
0.000020 -0.087395 0.185014 3.000000
0.211072 0.007024 -0.406360 3.000000
0.011701 -0.098502 0.199815 1.000000
0.316573 0.122933 -0.018425 0.000000
-0.360709 -0.073019 -0.822823 1.000000
-0.091878 -0.015314 -0.099317 1.000000
-0.025762 -0.012269 0.372605 1.000000
-0.126496 -0.048085 -0.088435 0.000000
0.340858 -0.079982 0.045095 0.000000
-0.348979 -0.075240 0.881041 1.000000
0.832422 -0.064258 -0.024415 0.000000
0.533715 -0.066230 -0.047402 0.000000
-0.304727 -0.064982 0.818494 1.000000
-0.174367 -0.044641 0.360525 1.000000
-0.137103 0.121685 0.045444 0.000000
0.059123 0.084521 0.389951 3.000000
0.261040 0.106859 -0.051296 0.000000
-0.601637 0.311172 0.016517 2.000000
-0.561278 0.104763 0.005111 2.000000
-0.586487 0.116419 0.007033 2.000000
-0.066944 -0.064608 0.374102 1.000000
0.116079 -0.038301 0.372605 1.000000
0.603724 -0.058093 -0.058759 0.000000
-0.091603 0.116369 0.055852 0.000000
-0.294444 -0.086771 -0.004373 0.000000
-0.251090 -0.020855 0.111036 0.000000
0.273145 0.123282 -0.016204 0.000000
-0.200698 -0.067004 -0.713503 1.000000
0.091270 0.013488 -0.092478 0.000000
-0.072909 -0.048634 -0.502526 1.000000
-0.181555 -0.048484 0.621843 1.000000
-0.146538 -0.037103 0.341606 1.000000
0.001243 -0.019632 0.362996 1.000000
-0.104033 -0.049033 -0.411327 1.000000
0.096786 0.034529 -0.293871 3.000000
0.066061 -0.087495 -0.005147 0.000000
0.213518 0.049604 -0.409929 3.000000
0.069506 -0.072095 0.107792 0.000000
-0.406559 0.069546 0.102650 0.000000
0.557725 -0.065381 0.071127 0.000000
-0.041336 -0.035306 -0.179959 1.000000
-0.168976 -0.046488 0.595287 1.000000
0.091644 0.101019 0.079663 0.000000
-0.290101 0.120961 -0.024290 0.000000
-0.043258 -0.009673 0.128757 1.000000
-0.113318 -0.033509 -0.342391 1.000000
0.162452 0.066326 0.105495 0.000000
0.477008 -0.028617 -0.079200 0.000000
-0.150157 -0.050281 -0.179484 1.000000
-0.192537 -0.064133 0.736829 1.000000
0.099506 0.054870 -0.288979 3.000000
0.673110 0.073390 -0.071687 0.000000
-0.049248 -0.037328 0.237228 1.000000
-0.493890 0.113299 0.029546 0.000000
-0.341716 0.043988 -0.090057 0.000000
-0.571112 0.079230 -0.037144 0.000000
-0.061828 0.113374 0.061668 0.000000
-0.554440 0.051601 0.083057 0.000000
0.647327 0.091709 -0.060231 0.000000
-0.206189 -0.065930 0.106094 0.000000
0.081636 -0.032486 -0.132786 1.000000
-0.493615 0.099996 -0.039715 0.000000
