0.118770 -0.124732 -0.136927 3.000000
0.099341 -0.105782 0.218254 3.000000
-0.027360 -0.030210 0.269736 1.000000
-0.002866 -0.039559 0.372624 1.000000
-0.709121 0.065093 -0.195843 2.000000
-0.469503 -0.081717 -0.012192 0.000000
0.032286 -0.044271 0.269584 1.000000
-0.072491 -0.018090 0.408860 1.000000
-0.071509 0.090670 0.018299 0.000000
0.198777 -0.105984 -0.198287 3.000000
0.188445 -0.103691 -0.245233 3.000000
0.581148 -0.102053 -0.015619 0.000000
0.107934 -0.051403 0.250257 1.000000
-0.770960 0.050855 -0.184982 2.000000
0.158332 -0.112284 -0.268441 3.000000
-0.675581 0.204620 0.007917 2.000000
0.114511 -0.062163 -0.183218 1.000000
0.575831 -0.048732 -0.086403 0.000000
0.452103 -0.081390 0.057962 0.000000
-0.240972 -0.099835 -0.025396 0.000000
0.508524 0.066327 -0.066874 0.000000
0.209537 -0.024465 0.050579 0.000000
-0.626519 0.216917 -0.007026 2.000000
-0.015466 0.041859 -0.084589 0.000000
0.250435 -0.124682 -0.241050 3.000000
0.099240 -0.065010 -0.145445 1.000000
0.805369 -0.086707 0.044809 0.000000
0.108665 -0.080558 0.238791 3.000000
0.918841 -0.039080 -0.061456 0.000000
0.030623 -0.014461 0.271550 1.000000
-0.661016 0.125898 0.008774 2.000000
-0.729885 0.069150 0.207494 2.000000
0.683330 -0.076425 -0.065614 0.000000
-0.097640 -0.011336 0.489245 1.000000
0.953364 -0.027993 0.048311 0.000000
0.740406 -0.099659 0.016686 0.000000
0.162188 0.095634 -0.001860 0.000000
0.180810 -0.023079 -0.093912 0.000000
0.663322 -0.012218 -0.094442 0.000000
0.163246 -0.069143 -0.137633 1.000000
0.101861 0.094676 0.002373 0.000000
-0.112382 -0.001458 -0.582069 1.000000
-0.787591 0.071972 -0.013427 0.000000
-0.777789 0.256732 0.002550 2.000000
0.720751 -0.102683 0.000861 0.000000
0.501821 -0.098928 -0.029352 0.000000
-0.532702 -0.034948 0.070360 0.000000
-0.095045 0.084042 0.041432 0.000000
0.090093 0.062522 -0.071636 0.000000
0.200440 -0.081793 0.275254 3.000000
-0.693599 -0.027741 -0.014938 0.000000
-0.791018 0.057230 0.163219 2.000000
0.259960 -0.041424 0.068168 0.000000
-0.822265 0.041607 -0.001029 0.000000
0.236626 -0.046514 0.144899 1.000000
-0.680974 0.257891 0.007010 2.000000
-0.463102 0.128443 -0.001079 2.000000
-0.061757 -0.018921 -0.389800 1.000000
-0.712422 0.231306 0.007010 2.000000
-0.777033 0.050427 -0.118834 2.000000
-0.007528 0.005925 -0.095021 0.000000
0.682725 -0.012420 -0.093912 0.000000
-0.536709 -0.006271 -0.087335 0.000000
0.107682 -0.086581 0.124715 1.000000
0.255727 -0.137911 -0.246165 3.000000
-0.351143 0.041053 0.081599 0.000000
0.463065 0.087091 -0.034896 0.000000
-0.291497 -0.077383 0.061339 0.000000
-0.601823 0.233271 -0.004103 2.000000
0.213644 -0.127832 -0.207006 3.000000
0.064037 -0.055283 0.191845 1.000000
0.024651 -0.038904 -0.325265 1.000000
0.099089 -0.014108 -0.225376 1.000000
-0.061883 0.004438 0.464298 1.000000
-0.021791 -0.022600 -0.285123 1.000000
-0.396652 0.058818 -0.075567 0.000000
0.238969 -0.057350 -0.131913 1.000000
0.131520 -0.067631 0.146840 1.000000
0.390718 0.086764 -0.036408 0.000000
-0.651037 0.058138 -0.080053 2.000000
-0.140831 0.005925 0.627537 1.000000
-0.200200 0.030293 0.774045 1.000000
0.074293 -0.007002 -0.328844 1.000000
0.250385 -0.108781 0.239472 3.000000
-0.393099 -0.063221 0.066303 0.000000
0.432423 0.093744 0.003961 0.000000
-0.697908 0.234153 0.006960 2.000000
-0.069215 -0.016174 0.463970 1.000000
0.213720 0.087217 -0.035047 0.000000
-0.054222 -0.021214 -0.508311 1.000000
0.044357 -0.024868 -0.420115 1.000000
-0.739738 0.289264 0.006481 2.000000
-0.034138 0.006732 0.461249 1.000000
0.052295 -0.003550 0.364434 1.000000
-0.088518 0.006958 -0.503574 1.000000
-0.253648 -0.071134 -0.071989 0.000000
0.733174 -0.087891 0.047127 0.000000
0.940310 -0.070655 0.021222 0.000000
-0.618127 0.095206 -0.011990 2.000000
0.998949 -0.045305 -0.007001 0.000000
0.068901 -0.024591 -0.142521 1.000000
-0.698966 0.064639 0.174458 2.000000
-0.126543 -0.001231 -0.570528 1.000000
-0.580883 0.099061 0.008774 2.000000
0.197265 -0.080457 -0.272120 3.000000
0.148555 -0.087765 -0.270659 3.000000
0.067389 -0.026355 -0.115836 1.000000
0.087800 -0.042356 0.309550 1.000000
0.281178 -0.071663 -0.212676 3.000000
-0.725727 0.035660 -0.095324 2.000000
-0.010174 -0.045355 0.028404 0.000000
-0.218495 0.062699 0.788182 1.000000
-0.700579 0.255245 -0.009848 2.000000
-0.769246 0.072451 -0.250424 2.000000
-0.676892 0.109317 -0.011990 2.000000
-0.514105 0.086915 0.013184 0.000000
0.017167 -0.046691 0.208300 1.000000
-0.689239 0.080036 -0.004884 0.000000
0.119727 -0.063498 -0.079095 0.000000
-0.522850 0.086058 -0.028143 0.000000
-0.152372 0.005295 0.582860 1.000000
-0.367749 0.083337 0.042137 0.000000
-0.007352 -0.031092 0.371061 1.000000
0.276944 -0.101070 0.016686 0.000000
-0.166308 -0.006044 -0.511033 1.000000
0.377993 -0.052612 -0.084538 0.000000
-0.601471 -0.050218 -0.029730 0.000000
0.451347 0.064185 0.066329 0.000000
0.180432 -0.125614 -0.264888 3.000000
0.832156 -0.035880 -0.082573 0.000000
0.120735 -0.093510 -0.201916 3.000000
0.023038 -0.030084 0.099138 1.000000
0.089161 -0.051201 -0.224595 1.000000
0.036948 -0.009522 0.445474 1.000000
0.529086 -0.090537 0.046497 0.000000
0.731309 -0.049059 -0.084236 0.000000
0.027347 0.000507 0.411581 1.000000
-0.045503 -0.101549 0.014595 0.000000
-0.044168 -0.020257 0.449204 1.000000
0.141247 -0.034267 -0.286811 1.000000
0.106246 -0.095526 0.117558 1.000000
-0.500196 0.090518 -0.011990 2.000000
0.194065 0.089712 0.022104 0.000000
-0.036129 -0.094040 -0.045354 0.000000
0.237583 -0.093233 -0.190526 3.000000
-0.697782 0.062169 0.126832 2.000000
-0.386094 -0.094569 -0.010781 0.000000
0.230049 -0.054124 0.253180 3.000000
0.024828 -0.043667 -0.270432 1.000000
-0.125183 0.012704 -0.568436 1.000000
-0.655901 0.026362 0.062347 2.000000
0.583189 -0.020307 0.091780 0.000000
0.687034 -0.034368 -0.092325 0.000000
0.095360 -0.025423 -0.103034 1.000000
0.162767 -0.021441 0.118516 1.000000
-0.795126 0.060683 -0.192794 2.000000
-0.728676 0.377889 -0.002692 2.000000
-0.030913 0.029209 0.087445 0.000000
0.286369 -0.057904 -0.243998 3.000000
0.110630 -0.117550 -0.246392 3.000000
-0.703300 0.215078 -0.010529 2.000000
-0.716152 0.055996 0.065220 2.000000
0.203867 -0.094241 -0.068764 0.000000
0.163725 -0.122767 0.207746 3.000000
-0.731826 0.091879 0.003331 2.000000
0.049371 -0.043944 -0.298731 1.000000
0.366351 -0.028950 -0.095021 0.000000
0.132226 -0.073956 -0.101321 1.000000
-0.247373 -0.069672 0.070461 0.000000
0.120609 -0.014663 0.235792 1.000000
-0.164140 0.021700 -0.747350 1.000000
-0.679865 0.051813 -0.163437 2.000000
0.188722 -0.087261 0.079684 0.000000
-0.440801 0.042867 -0.083178 0.000000
-0.109257 0.003808 -0.628360 1.000000
-0.300493 -0.078063 -0.063749 0.000000
0.098661 -0.023155 -0.135819 1.000000
0.876632 0.018348 0.070915 0.000000
0.055822 -0.028245 -0.060297 0.000000
0.675266 0.069906 -0.060902 0.000000
-0.815764 0.329658 -0.002641 2.000000
0.182070 -0.060424 0.181740 1.000000
0.037024 0.088729 0.025934 0.000000
-0.751052 0.059246 0.112040 2.000000
-0.697051 0.071292 -0.036912 0.000000
0.183834 0.029436 -0.090586 0.000000
-0.709272 0.042413 0.051134 0.000000
0.998042 -0.024742 -0.025648 0.000000
0.113478 -0.081087 0.254969 3.000000
0.176047 -0.053847 -0.212802 1.000000
0.138879 -0.050823 -0.252843 1.000000
0.152486 -0.022197 0.043977 0.000000
-0.761434 0.066705 -0.188938 2.000000
-0.077279 -0.009194 -0.409355 1.000000
-0.003673 -0.003701 0.367760 1.000000
0.080744 -0.064481 0.138146 1.000000
0.499402 -0.022499 -0.095021 0.000000
0.735417 -0.100113 -0.017937 0.000000
-0.735983 0.039742 -0.121077 2.000000
0.770317 0.080313 -0.043741 0.000000
0.101282 -0.022424 0.348634 1.000000
-0.688408 0.263334 0.006456 2.000000
-0.055709 0.063429 0.067236 0.000000
0.263085 -0.077106 0.263209 3.000000
-0.542026 0.132097 0.003910 2.000000
0.071622 -0.013856 -0.095021 0.000000
0.914507 -0.075569 0.029991 0.000000
0.215081 -0.050571 -0.230542 3.000000
0.155233 -0.022021 -0.081817 0.000000
0.371365 -0.102985 -0.011587 0.000000
0.389232 -0.083532 0.055291 0.000000
0.051765 -0.008237 -0.300394 1.000000
0.100601 -0.090587 -0.215498 3.000000
0.067086 -0.019828 -0.205872 1.000000
0.045491 -0.062138 0.193256 1.000000
0.167757 -0.055359 -0.216682 3.000000
-0.000850 -0.043616 0.175693 1.000000
0.088405 -0.025901 0.099037 1.000000
0.421386 -0.039610 0.087546 0.000000
-0.162074 -0.053268 0.080138 0.000000
0.203716 -0.024188 -0.021364 0.000000
-0.523177 -0.071688 0.013385 0.000000
0.254744 0.063480 0.067185 0.000000
0.453439 0.056752 -0.077432 0.000000
0.293929 0.091048 0.015880 0.000000
-0.638438 0.176624 0.007967 2.000000
0.354583 -0.007103 -0.095021 0.000000
0.015504 -0.052436 0.183555 1.000000
0.270796 0.086083 -0.039331 0.000000
-0.111021 -0.059139 0.077467 0.000000
0.040350 -0.029202 0.075728 0.000000
0.139836 -0.101146 0.016409 0.000000
-0.200049 0.075349 -0.055559 0.000000
-0.445791 0.016232 -0.092426 0.000000
-0.105628 0.085932 0.037072 0.000000
0.584172 -0.025095 -0.095021 0.000000
0.807788 -0.066396 -0.070452 0.000000
-0.322718 0.029285 0.087420 0.000000
0.089438 -0.026128 -0.095752 0.000000
0.098913 -0.071512 0.100398 1.000000
0.132604 -0.121103 -0.247904 3.000000
0.101534 -0.139297 0.129780 3.000000
-0.295478 -0.001685 0.091780 0.000000
0.275432 -0.122137 0.255549 3.000000
0.107455 -0.100138 0.221832 3.000000
-0.483010 0.027874 0.086992 0.000000
-0.477642 0.137162 -0.001029 2.000000
0.790023 -0.015066 0.087773 0.000000
-0.579522 -0.060197 0.005523 0.000000
-0.563193 -0.057879 -0.035728 0.000000
-0.713077 0.031023 0.063254 2.000000
0.206614 -0.097038 -0.190652 3.000000
0.197920 -0.085850 -0.084538 0.000000
0.680483 -0.082750 0.054561 0.000000
0.110958 -0.093258 0.245696 3.000000
-0.457634 0.032057 0.085152 0.000000
0.259532 -0.067001 -0.273431 3.000000
0.604810 -0.045607 0.084648 0.000000
0.013286 -0.055888 0.134795 1.000000
-0.028393 -0.090713 -0.049512 0.000000
0.498999 -0.090184 0.046950 0.000000
-0.708668 0.058717 -0.211895 2.000000
0.787906 -0.076627 -0.062036 0.000000
0.291434 0.065823 0.064262 0.000000
-0.405397 0.112542 -0.002616 2.000000
0.278986 -0.013554 0.091780 0.000000
-0.664695 0.217270 -0.010957 2.000000
0.095662 -0.009194 0.310810 1.000000
-0.786533 0.047403 0.030999 0.000000
0.844277 0.037071 -0.071737 0.000000
-0.683922 0.242343 0.006834 2.000000
0.681491 -0.004205 0.090721 0.000000
-0.738906 0.071695 -0.028622 0.000000
-0.102932 0.020843 -0.638918 1.000000
-0.050215 -0.012747 -0.360796 1.000000
-0.100462 -0.008489 -0.518063 1.000000
0.289267 -0.008438 0.091780 0.000000
0.158987 -0.063801 -0.171148 1.000000
-0.471847 0.088981 0.008698 0.000000
-0.171725 0.077717 -0.052561 0.000000
-0.025319 0.014846 0.091780 0.000000
0.040854 -0.103489 -0.038600 0.000000
0.037427 -0.053494 -0.228123 1.000000
-0.240746 0.092232 0.012100 0.000000
0.262001 -0.025196 0.091780 0.000000
-0.063747 -0.029606 -0.380754 1.000000
-0.430066 -0.004961 -0.092778 0.000000
-0.033156 -0.021668 0.300050 1.000000
0.278129 -0.134585 0.235818 3.000000
0.104028 -0.133779 0.113274 1.000000
0.191998 -0.082070 0.057106 0.000000
0.266462 -0.128915 0.235036 3.000000
0.396564 -0.101221 -0.019222 0.000000
-0.682738 0.069654 -0.041524 0.000000
0.067137 -0.065161 -0.131509 1.000000
0.412163 -0.039383 0.087622 0.000000
-0.703577 0.254691 0.006607 2.000000
0.189226 -0.131082 0.208199 3.000000
0.077746 -0.010101 -0.272826 1.000000
0.236727 -0.046363 -0.087512 0.000000
-0.066645 -0.012647 -0.381938 1.000000
0.075049 -0.045733 -0.087562 0.000000
-0.045755 0.085756 0.037778 0.000000
-0.210053 0.018625 0.091780 0.000000
-0.796209 0.074341 0.271399 2.000000
-0.576700 0.038760 -0.077079 0.000000
0.106951 -0.013907 -0.236035 1.000000
-0.789481 0.295815 0.002424 2.000000
-0.613768 0.175036 0.005901 2.000000
0.249452 -0.078089 -0.268567 3.000000
-0.000850 -0.040265 -0.111879 1.000000
-0.014760 0.093542 0.006909 0.000000
-0.202115 -0.057677 -0.081212 0.000000
-0.473333 0.029259 0.086387 0.000000
-0.710684 0.297781 -0.009042 2.000000
-0.442439 -0.082221 0.024523 0.000000
0.351811 -0.096812 -0.038575 0.000000
0.133058 -0.051075 0.248820 1.000000
0.238667 -0.092654 0.187259 3.000000
-0.439642 -0.029404 -0.086151 0.000000
0.642407 -0.038123 -0.091468 0.000000
-0.752942 0.069326 0.211501 2.000000
-0.720536 0.151248 0.006657 2.000000
0.591580 -0.001786 -0.095021 0.000000
0.334298 -0.043541 0.085631 0.000000
-0.051979 -0.016804 0.478964 1.000000
0.074898 -0.056468 0.192198 1.000000
-0.809237 0.401022 0.003734 2.000000
-0.517205 0.086361 0.023137 0.000000
0.257944 -0.132594 -0.259118 3.000000
-0.804374 0.016433 -0.009218 0.000000
0.015907 0.001414 0.414429 1.000000
0.282841 0.091274 0.015124 0.000000
0.007188 0.051636 0.076660 0.000000
-0.089753 0.070258 -0.061935 0.000000
-0.716882 0.062799 0.136911 2.000000
0.158105 -0.019828 0.160624 1.000000
-0.288952 -0.065943 -0.077054 0.000000
-0.673893 0.023892 -0.064203 0.000000
-0.753900 0.053451 -0.086655 2.000000
0.575629 0.036769 -0.087058 0.000000
-0.043865 0.006933 -0.570024 1.000000
-0.722981 0.055744 -0.067353 2.000000
0.124112 -0.023961 -0.020306 0.000000
-0.665678 -0.017661 0.046925 0.000000
0.566255 0.075273 0.052393 0.000000
-0.031971 -0.022348 0.440409 1.000000
0.210066 -0.079651 0.060155 0.000000
0.283597 0.082178 0.043775 0.000000
-0.625763 -0.019854 -0.061632 0.000000
-0.176564 0.011797 0.619323 1.000000
0.093470 0.083664 -0.045102 0.000000
0.869249 -0.089655 0.017367 0.000000
0.660399 0.056525 -0.076979 0.000000
-0.582697 0.011318 0.077290 0.000000
0.075906 -0.052890 0.080868 0.000000
-0.426665 -0.086052 -0.021339 0.000000
0.166043 -0.022373 0.033847 0.000000
0.082836 -0.009346 0.290878 1.000000
-0.160688 0.007235 0.625925 1.000000
0.233400 -0.099432 -0.048050 0.000000
0.308720 -0.089000 -0.051679 0.000000
0.308141 0.089233 -0.026202 0.000000
-0.201561 -0.049084 -0.085118 0.000000
-0.582748 -0.015595 0.070713 0.000000
-0.024462 0.001289 -0.544044 1.000000
0.032942 -0.073628 0.089058 0.000000
-0.703099 0.297907 0.006330 2.000000
0.215232 -0.098097 0.050705 0.000000
0.324067 0.083211 -0.045681 0.000000
0.524878 -0.047119 0.083918 0.000000
-0.686064 0.203259 -0.011184 2.000000
-0.431553 0.090569 0.012655 0.000000
0.045340 -0.028900 -0.003574 0.000000
-0.012795 -0.059945 0.018299 0.000000
-0.778192 0.056601 0.223470 2.000000
-0.766071 0.337974 -0.008412 2.000000
0.174712 -0.057829 0.212458 3.000000
0.158433 -0.074536 0.103044 1.000000
-0.661520 0.259806 -0.006421 2.000000
-0.002262 -0.104951 -0.000348 0.000000
0.003106 -0.067177 0.083615 0.000000
-0.781795 0.054509 0.173526 2.000000
-0.286356 0.085050 -0.043388 0.000000
-0.746617 0.307256 -0.013653 2.000000
-0.563269 -0.061508 -0.019752 0.000000
-0.115305 0.009403 0.661178 1.000000
-0.694329 0.064790 0.154803 2.000000
0.018981 -0.024037 -0.436847 1.000000
-0.468520 0.089158 -0.011058 2.000000
-0.208793 0.025253 -0.716557 1.000000
0.160197 -0.077761 0.203941 3.000000
-0.606636 0.131341 -0.011789 2.000000
0.238213 -0.059240 0.263360 3.000000
0.064541 -0.018417 0.218052 1.000000
0.426274 -0.102129 -0.015266 0.000000
-0.773530 0.277874 0.004011 2.000000
0.012102 0.000003 0.474277 1.000000
0.824747 -0.096434 -0.003624 0.000000
-0.666409 0.142781 -0.011789 2.000000
-0.655926 0.068595 0.044355 0.000000
0.702708 0.067083 0.060029 0.000000
-0.772421 0.392605 0.004087 2.000000
0.916623 0.007084 0.059726 0.000000
0.917203 0.047403 -0.017433 0.000000
0.396287 -0.036535 -0.092249 0.000000
0.171663 -0.103842 -0.261638 3.000000
0.175140 -0.022827 0.055745 0.000000
0.201750 -0.055208 0.176675 1.000000
-0.681957 0.259428 -0.008437 2.000000
-0.392747 0.004539 -0.093610 0.000000
-0.148618 0.015602 0.704470 1.000000
0.957345 -0.034973 -0.047067 0.000000
0.210469 -0.044775 -0.088268 0.000000
0.833769 -0.063801 -0.067781 0.000000
0.325201 -0.027363 -0.095021 0.000000
0.782363 -0.004936 -0.091216 0.000000
0.105918 -0.014310 0.221379 1.000000
0.185623 -0.056871 0.220043 1.000000
-0.630198 0.024698 -0.073526 0.000000
0.057864 -0.074989 -0.069117 0.000000
0.421537 -0.063423 0.076055 0.000000
-0.617371 0.272405 -0.002389 2.000000
0.380966 -0.101675 0.014015 0.000000
-0.005915 -0.053948 -0.095223 0.000000
0.835281 -0.074762 -0.055837 0.000000
-0.091920 -0.021542 -0.517660 1.000000
-0.612735 0.005623 0.072855 0.000000
-0.677169 0.182117 0.008320 2.000000
0.002703 0.001263 -0.400989 1.000000
-0.136699 0.000180 -0.571082 1.000000
0.915313 -0.022474 -0.065790 0.000000
0.024953 -0.093032 0.062977 0.000000
0.801993 0.081170 -0.029756 0.000000
-0.632844 0.069729 0.045817 0.000000
-0.706878 0.074164 -0.031570 0.000000
0.346065 -0.003575 0.091780 0.000000
-0.088266 0.009831 0.519156 1.000000
0.663221 -0.054653 -0.083052 0.000000
0.143818 -0.034419 0.242899 1.000000
0.265680 0.031200 -0.089729 0.000000
-0.066897 0.013812 -0.552989 1.000000
0.821421 -0.115610 -0.003397 0.000000
0.511447 -0.102406 -0.014107 0.000000
-0.323071 0.092030 0.012856 0.000000
-0.613113 -0.037946 0.042011 0.000000
0.253408 -0.059744 -0.265821 3.000000
0.258423 -0.039962 0.029991 0.000000
-0.069669 0.006580 -0.487270 1.000000
-0.289960 0.088931 -0.028395 0.000000
-0.518087 -0.041071 -0.073224 0.000000
-0.095624 -0.096459 0.036871 0.000000
0.302824 0.087721 0.029084 0.000000
0.678492 -0.067404 -0.076323 0.000000
0.196207 0.067159 -0.065841 0.000000
0.160373 -0.103414 0.192173 3.000000
-0.050593 -0.003399 0.404223 1.000000
-0.081210 0.001263 0.605589 1.000000
-0.519372 -0.046791 -0.066319 0.000000
-0.104973 0.058591 0.073309 0.000000
-0.199142 0.021599 0.684261 1.000000
-0.231750 -0.103817 -0.007883 0.000000
0.275080 -0.060928 -0.049310 0.000000
-0.098018 -0.002567 0.583313 1.000000
0.246957 -0.098097 -0.045429 0.000000
-0.135514 0.057634 0.073762 0.000000
-0.709802 0.193784 0.007665 2.000000
0.193183 -0.054880 0.253079 3.000000
0.115393 -0.099659 0.048563 0.000000
-0.012140 -0.046237 0.061793 0.000000
0.251468 -0.078215 0.061969 0.000000
-0.133927 -0.093762 0.042465 0.000000
0.271451 -0.109839 0.274599 3.000000
0.594277 0.046596 0.079533 0.000000
0.686959 -0.103615 0.000786 0.000000
-0.057095 -0.017082 0.469161 1.000000
-0.702544 0.232213 -0.010251 2.000000
0.419118 0.035584 -0.087613 0.000000
-0.735782 0.306046 -0.008966 2.000000
-0.622713 -0.005717 -0.071132 0.000000
-0.150029 0.025656 0.674660 1.000000
0.136963 -0.060071 0.233575 3.000000
0.157979 -0.038904 0.242899 1.000000
0.152033 -0.065439 0.220219 1.000000
-0.197151 0.018726 0.712307 1.000000
-0.567074 0.157800 0.003835 2.000000
-0.656505 -0.039761 0.012453 0.000000
0.065726 0.086940 0.033041 0.000000
-0.613667 0.136356 0.008648 2.000000
0.180281 -0.074536 0.066555 0.000000
0.349064 -0.059643 -0.081111 0.000000
-0.562236 -0.043389 -0.055887 0.000000
0.143767 -0.019551 -0.143580 1.000000
-0.728146 0.141244 -0.008412 2.000000
0.123558 -0.147966 0.144925 3.000000
0.192099 -0.081390 -0.232029 3.000000
0.710092 -0.048177 -0.085168 0.000000
-0.460532 0.046319 0.077945 0.000000
-0.152675 0.017013 0.613930 1.000000
0.863100 -0.067102 -0.059188 0.000000
0.162641 -0.054880 -0.231625 3.000000
0.201272 -0.077811 0.196104 3.000000
-0.239788 0.116751 0.787098 1.000000
0.506181 -0.042482 0.086135 0.000000
-0.576524 -0.006750 0.077668 0.000000
-0.523757 0.085731 0.033242 0.000000
0.490910 -0.072343 0.069327 0.000000
-0.000145 -0.053772 -0.104420 1.000000
-0.667694 0.284879 0.001819 2.000000
0.186152 -0.096030 0.059852 0.000000
-0.207155 0.089133 -0.027689 0.000000
0.024853 -0.000551 0.451270 1.000000
-0.006949 -0.011185 -0.323980 1.000000
0.830266 -0.087135 0.039618 0.000000
-0.008360 -0.042281 0.198498 1.000000
0.882504 0.061943 0.020945 0.000000
-0.313546 0.092383 0.011470 0.000000
-0.750750 0.058868 -0.254002 2.000000
0.633260 0.092308 -0.012116 0.000000
-0.117220 -0.005591 0.527925 1.000000
-0.671776 0.047025 0.143387 2.000000
-0.015516 -0.086707 0.051285 0.000000
0.524173 0.086411 0.034704 0.000000
-0.056616 0.009755 -0.500752 1.000000
-0.786205 0.075827 0.287854 2.000000
0.766815 -0.076652 0.059147 0.000000
-0.727567 0.198219 0.007514 2.000000
0.251418 -0.131259 0.258446 3.000000
0.008045 0.089183 -0.027462 0.000000
-0.016398 -0.038879 -0.090485 0.000000
0.084272 -0.144841 -0.128486 3.000000
-0.115128 -0.066547 -0.077130 0.000000
0.158282 -0.075443 0.195071 3.000000
0.786470 0.085806 -0.023027 0.000000
0.033370 -0.001005 0.436075 1.000000
0.103953 -0.082801 0.056199 0.000000
0.111034 -0.110721 -0.239563 3.000000
0.102592 -0.146353 -0.137431 3.000000
0.107607 0.061590 -0.072821 0.000000
0.828023 0.075046 0.020416 0.000000
0.141751 -0.018644 -0.268315 1.000000
0.252148 -0.094115 0.009379 0.000000
0.227705 -0.025322 0.029412 0.000000
0.883688 -0.087866 0.018702 0.000000
0.609497 0.083614 0.041936 0.000000
0.226849 -0.067026 0.124060 1.000000
-0.076271 0.025228 -0.092602 0.000000
0.599468 -0.085875 -0.055610 0.000000
0.210721 0.020717 0.091528 0.000000
0.640920 -0.070453 0.071696 0.000000
0.776038 -0.078920 -0.059667 0.000000
0.821648 -0.137810 -0.018088 0.000000
0.014118 -0.042281 -0.272524 1.000000
0.427257 -0.055283 -0.083203 0.000000
0.184892 -0.078063 -0.276782 3.000000
-0.666081 0.249248 0.007161 2.000000
0.616653 -0.056065 -0.082875 0.000000
0.689176 -0.048278 0.082330 0.000000
-0.635792 0.039768 -0.094568 2.000000
-0.658421 -0.032377 0.032083 0.000000
-0.512442 0.058364 0.071091 0.000000
0.087876 0.095256 -0.003297 0.000000
0.497109 -0.006170 -0.095021 0.000000
0.236601 -0.054477 -0.140304 1.000000
-0.155346 0.005749 -0.618532 1.000000
-0.054827 -0.100062 -0.024313 0.000000
-0.592928 0.208803 -0.005237 2.000000
0.146665 -0.080886 -0.265291 3.000000
0.423779 0.089385 0.021676 0.000000
0.119979 -0.095249 0.063985 0.000000
-0.050493 -0.018972 -0.458946 1.000000
-0.795907 0.074920 -0.000978 0.000000
-0.246365 0.013712 0.091780 0.000000
-0.065158 -0.001509 0.427432 1.000000
-0.609106 0.065219 -0.057223 0.000000
0.901907 0.056172 -0.008689 0.000000
0.844176 -0.013251 -0.081540 0.000000
-0.147811 0.089435 -0.026379 0.000000
-0.779830 0.007311 0.021550 0.000000
0.252980 -0.088294 -0.066773 0.000000
-0.067023 -0.018745 -0.364122 1.000000
-0.424170 -0.086102 0.019559 0.000000
-0.652952 0.058112 -0.106436 2.000000
0.182448 -0.074485 0.193357 3.000000
0.698676 -0.070201 -0.072796 0.000000
-0.163007 0.017063 0.623329 1.000000
0.046297 -0.032151 0.224604 1.000000
0.867258 0.061918 -0.039155 0.000000
-0.155270 0.085857 -0.040616 0.000000
0.063181 -0.007834 -0.298075 1.000000
-0.380147 -0.088395 0.038509 0.000000
0.061064 -0.068110 0.106950 1.000000
-0.116413 -0.099483 0.023667 0.000000
-0.772144 0.052342 0.104631 2.000000
-0.697832 0.266207 -0.010352 2.000000
-0.476156 -0.069823 0.043297 0.000000
0.303555 -0.030891 0.091729 0.000000
-0.427673 0.086386 0.035888 0.000000
-0.538952 0.161328 -0.004834 2.000000
0.449155 -0.032529 -0.094164 0.000000
0.971935 -0.054074 -0.025572 0.000000
-0.718924 0.039415 0.048992 0.000000
0.708227 -0.059718 0.076156 0.000000
-0.007604 -0.102229 -0.014888 0.000000
0.309829 -0.046212 0.084346 0.000000
0.138778 -0.017636 -0.190677 1.000000
-0.040237 0.012099 0.547278 1.000000
-0.342298 -0.072091 0.064842 0.000000
-0.685409 0.062573 -0.132391 2.000000
-0.802837 0.381996 -0.007127 2.000000
0.634847 0.056878 0.074115 0.000000
-0.056994 0.012401 -0.537971 1.000000
0.088732 -0.040945 0.318319 1.000000
-0.743316 0.049545 0.044481 2.000000
-0.253648 -0.092125 0.044506 0.000000
-0.044243 -0.026405 0.348256 1.000000
-0.787768 0.056197 0.028076 0.000000
-0.635212 0.101354 0.008774 2.000000
-0.008914 -0.035502 -0.321385 1.000000
-0.059993 0.038608 -0.086151 0.000000
-0.222728 -0.052360 0.080289 0.000000
0.160373 -0.096081 0.200161 3.000000
0.924410 0.016887 0.050126 0.000000
0.371088 0.085327 0.039416 0.000000
-0.753749 0.040372 -0.072720 2.000000
0.605742 0.061388 0.069806 0.000000
0.162767 0.062774 0.068093 0.000000
0.587700 0.079179 -0.050772 0.000000
-0.131583 -0.015922 0.091780 0.000000
-0.674750 0.055265 -0.152803 2.000000
0.806201 -0.143455 0.005674 0.000000
-0.750624 0.039994 -0.093560 2.000000
-0.590408 0.133055 -0.010529 2.000000
0.694745 0.026966 -0.090183 0.000000
0.880236 0.005220 0.071822 0.000000
0.799876 0.000659 0.086286 0.000000
-0.234522 0.063908 0.066656 0.000000
-0.006092 -0.016174 -0.489387 1.000000
-0.169231 0.015954 0.706990 1.000000
-0.524387 -0.074082 0.001743 0.000000
0.163977 -0.114375 0.215205 3.000000
-0.774891 0.056978 -0.232104 2.000000
0.480654 0.087873 0.028278 0.000000
-0.054953 -0.065287 -0.077861 0.000000
-0.705518 0.275203 -0.009495 2.000000
0.143843 0.049494 -0.080910 0.000000
0.367107 0.019029 0.091780 0.000000
0.581022 -0.091747 -0.048226 0.000000
0.024349 -0.049210 0.200211 1.000000
0.044206 -0.080079 -0.086705 0.000000
0.563962 0.041960 0.081826 0.000000
-0.034516 0.063505 -0.070402 0.000000
-0.744904 0.042388 -0.136196 2.000000
0.118795 -0.064859 0.159565 1.000000
-0.702569 0.026160 -0.056567 0.000000
-0.465446 -0.051579 0.067941 0.000000
0.664481 0.043472 0.079911 0.000000
0.110605 -0.065287 -0.150258 1.000000
0.107607 -0.046439 0.281403 1.000000
0.274072 -0.057224 -0.020810 0.000000
0.236853 0.059876 0.071721 0.000000
0.130689 -0.023558 0.065043 0.000000
0.174611 0.045664 0.079533 0.000000
0.163019 -0.130830 0.230148 3.000000
-0.070148 -0.102683 0.009605 0.000000
-0.004252 -0.045405 -0.149451 1.000000
-0.651894 0.040952 0.111561 2.000000
0.778205 0.084319 0.027270 0.000000
-0.243165 -0.096005 -0.042078 0.000000
-0.114070 -0.011261 0.091780 0.000000
-0.129895 -0.013680 -0.509420 1.000000
0.224959 -0.052562 0.153921 1.000000
-0.089526 -0.097492 -0.035652 0.000000
0.556730 -0.055283 -0.083203 0.000000
-0.247045 0.077163 0.050050 0.000000
-0.675732 0.148754 -0.011688 2.000000
-0.780309 0.347423 0.005019 2.000000
0.925241 -0.079046 -0.000978 0.000000
0.820136 -0.092956 -0.034014 0.000000
-0.288448 0.059801 0.071797 0.000000
0.282413 -0.092906 0.199153 3.000000
-0.085620 -0.007934 -0.541549 1.000000
-0.561329 0.084899 -0.023909 0.000000
0.172494 -0.065590 -0.205897 3.000000
-0.767079 0.193129 0.001592 2.000000
-0.716152 0.048033 0.190963 2.000000
-0.471620 0.106369 0.006153 2.000000
0.362697 0.054534 -0.086882 0.000000
-0.255260 0.017945 -0.095021 0.000000
0.087498 -0.074057 0.091956 0.000000
0.494261 -0.102885 0.008774 0.000000
0.031278 -0.020484 0.231181 1.000000
-0.239259 0.069124 0.060130 0.000000
-0.604117 0.050855 0.064565 0.000000
-0.706349 -0.008993 0.037602 0.000000
0.033924 -0.048077 0.227905 1.000000
-0.359761 -0.032755 -0.089654 0.000000
0.985921 -0.020484 -0.033813 0.000000
0.178340 -0.033940 -0.230567 1.000000
0.254769 -0.086984 0.200640 3.000000
-0.597968 0.146838 -0.010075 2.000000
0.185346 -0.023306 -0.052485 0.000000
-0.713355 -0.014789 -0.030108 0.000000
0.116199 -0.116794 -0.118809 3.000000
-0.454510 0.008319 -0.092249 0.000000
0.547961 -0.050571 0.082254 0.000000
0.991817 -0.048580 -0.013250 0.000000
0.229318 0.092434 -0.014258 0.000000
0.749629 -0.030387 -0.092098 0.000000
0.171839 -0.045053 -0.088091 0.000000
-0.699697 0.130862 -0.011990 2.000000
0.144448 -0.015998 0.240782 1.000000
-0.718520 0.059171 -0.102581 2.000000
0.135174 -0.036712 -0.092022 0.000000
0.117359 -0.121885 0.112493 3.000000
0.254114 -0.101373 -0.231827 3.000000
0.115998 -0.120700 -0.085874 3.000000
-0.703023 0.344676 0.000030 2.000000
0.035865 -0.029480 -0.057021 0.000000
0.673855 0.083034 0.041281 0.000000
0.334373 0.091350 -0.017559 0.000000
0.131520 0.041935 -0.084564 0.000000
0.979092 -0.057173 0.006582 0.000000
0.296247 0.044177 0.080238 0.000000
0.028431 -0.038098 0.336236 1.000000
-0.181704 0.019255 0.653997 1.000000
-0.137606 0.038256 -0.086328 0.000000
-0.526831 -0.058786 -0.048730 0.000000
-0.751682 -0.011185 0.000660 0.000000
0.110908 -0.058383 -0.210206 1.000000
0.715232 -0.082498 0.053527 0.000000
-0.811984 0.292766 -0.001583 2.000000
0.019964 -0.069899 0.071570 0.000000
-0.342147 0.064866 -0.068638 0.000000
-0.764559 0.050250 0.035510 0.000000
0.278910 -0.087236 -0.053871 0.000000
0.652612 0.090871 0.013864 0.000000
0.108539 -0.135769 -0.130879 3.000000
0.005500 -0.038299 -0.035753 0.000000
-0.267910 0.088503 0.026917 0.000000
0.136585 -0.076677 0.258220 3.000000
-0.139496 0.026412 -0.698615 1.000000
-0.102982 -0.005893 -0.542834 1.000000
-0.278796 0.002397 -0.095021 0.000000
-0.031770 -0.006246 -0.374731 1.000000
-0.764912 0.107351 -0.002490 2.000000
0.231662 -0.025498 -0.081262 0.000000
0.420478 0.044505 0.080087 0.000000
0.777549 0.054837 0.071041 0.000000
-0.135565 0.004917 -0.625916 1.000000
0.945249 0.003808 0.045993 0.000000
0.254265 -0.097668 -0.282074 3.000000
-0.030056 0.080640 0.045665 0.000000
0.800355 0.087772 -0.000273 0.000000
0.025029 -0.030160 0.014015 0.000000
-0.810673 0.068872 0.294708 2.000000
0.439856 -0.103641 -0.008639 0.000000
-0.770179 0.045664 0.063884 2.000000
0.129933 -0.124505 0.223243 3.000000
-0.011963 0.073358 0.054813 0.000000
0.156316 -0.085018 0.053427 0.000000
0.718155 0.013938 -0.092955 0.000000
0.152158 -0.087941 -0.082472 0.000000
0.131142 -0.134358 0.099995 3.000000
-0.700982 0.062346 -0.132744 2.000000
-0.424119 0.091199 -0.008614 2.000000
-0.759015 0.165410 -0.004884 2.000000
0.185925 -0.021265 -0.160715 1.000000
0.218508 0.060380 0.071066 0.000000
0.828401 0.060557 -0.055207 0.000000
0.018629 -0.020861 0.453412 1.000000
0.152914 0.036517 0.083943 0.000000
0.187966 -0.095174 0.189300 3.000000
0.249251 -0.042457 0.115190 1.000000
0.890593 0.035761 -0.062918 0.000000
-0.723711 0.291330 -0.012141 2.000000
0.009758 0.003456 -0.449623 1.000000
0.571900 0.061943 0.069126 0.000000
0.078527 -0.026808 0.058819 0.000000
0.181893 -0.083607 0.250030 3.000000
-0.109937 0.011948 0.091780 0.000000
-0.003244 0.055366 -0.078087 0.000000
0.204043 -0.102859 0.193256 3.000000
-0.739007 0.152256 -0.007278 2.000000
-0.537364 0.133508 -0.006724 2.000000
0.789191 0.023338 0.085858 0.000000
-0.055230 -0.022852 -0.363618 1.000000
0.282337 -0.071638 0.269080 3.000000
0.271123 -0.076803 0.063733 0.000000
0.440310 -0.040492 -0.090334 0.000000
-0.702695 -0.023407 -0.020860 0.000000
-0.211868 0.062976 0.067815 0.000000
-0.121352 -0.080331 0.058819 0.000000
0.173779 -0.132745 -0.232205 3.000000
0.636409 0.076583 -0.053997 0.000000
-0.085771 0.016282 -0.576324 1.000000
0.143288 -0.022777 0.052242 0.000000
-0.572189 0.084949 0.005271 0.000000
-0.485756 -0.073729 -0.036484 0.000000
0.127993 -0.112863 -0.208316 3.000000
0.475009 0.028756 -0.090914 0.000000
-0.690449 0.067839 0.039189 0.000000
-0.048552 -0.093939 -0.045455 0.000000
0.202985 -0.134131 -0.226989 3.000000
-0.339400 0.011116 0.091553 0.000000
-0.027864 -0.030689 0.294204 1.000000
-0.700831 0.329481 0.000962 2.000000
-0.304399 -0.085144 -0.055559 0.000000
-0.755613 0.351984 -0.008185 2.000000
0.277196 -0.069546 -0.019046 0.000000
-0.497524 0.119523 -0.007303 2.000000
-0.000523 -0.032201 -0.203251 1.000000
0.182675 -0.021920 -0.135768 1.000000
0.208630 -0.051529 -0.248156 1.000000
0.042316 -0.060600 0.147671 1.000000
-0.080555 -0.017384 -0.377931 1.000000
-0.489965 0.148653 -0.000978 2.000000
0.002703 -0.078971 0.005574 0.000000
-0.234370 -0.074914 0.064489 0.000000
0.540527 -0.057854 -0.082018 0.000000
0.455354 -0.100667 -0.021717 0.000000
-0.361676 0.007538 -0.094290 0.000000
-0.078665 -0.053998 -0.083253 0.000000
-0.496642 0.079582 -0.049436 0.000000
0.030119 -0.016326 0.448246 1.000000
-0.441759 0.119220 -0.003397 2.000000
0.264874 -0.103892 -0.007606 0.000000
0.517218 -0.075670 -0.068386 0.000000
0.677988 -0.033310 0.089789 0.000000
-0.120269 0.077062 0.050176 0.000000
0.192099 -0.023633 -0.005161 0.000000
-0.734774 0.027370 0.044758 0.000000
0.013639 -0.037820 0.087849 0.000000
-0.722729 0.342383 0.005548 2.000000
-0.765870 0.072501 0.246981 2.000000
0.090043 -0.038173 0.335455 1.000000
0.011497 -0.080609 0.071696 0.000000
-0.372083 -0.094796 -0.018920 0.000000
0.113050 -0.084338 -0.249819 3.000000
0.682977 0.055164 0.073712 0.000000
0.179298 -0.020836 0.160523 1.000000
-0.248910 0.117179 -0.791121 1.000000
0.263790 -0.053116 0.225889 3.000000
0.201549 -0.112385 0.198145 3.000000
0.731990 -0.044397 0.083288 0.000000
0.717324 -0.006448 -0.092980 0.000000
0.597426 -0.018342 0.091780 0.000000
-0.744223 0.010864 -0.041549 0.000000
-0.707181 0.314891 -0.005816 2.000000
0.231586 -0.025498 0.000181 0.000000
0.162742 -0.124354 -0.213759 3.000000
0.204472 -0.077282 -0.277387 3.000000
-0.062059 0.008747 -0.095021 0.000000
0.033219 -0.101070 0.016737 0.000000
-0.137177 0.000759 -0.556467 1.000000
-0.673464 0.074013 0.034427 0.000000
0.213997 0.051032 -0.080179 0.000000
0.262757 -0.083481 -0.021692 0.000000
0.072403 -0.072948 0.068294 0.000000
0.782287 -0.020937 -0.091216 0.000000
-0.123898 -0.023835 -0.095021 0.000000
-0.330127 0.046118 0.079306 0.000000
-0.452191 0.087873 0.030218 0.000000
0.056604 -0.030891 -0.388792 1.000000
0.153570 -0.031848 0.219690 1.000000
-0.761031 0.071241 -0.236338 2.000000
0.122323 -0.031999 -0.233112 1.000000
0.621618 -0.044397 0.085228 0.000000
0.037881 -0.000072 -0.416688 1.000000
-0.315259 -0.002794 -0.095021 0.000000
0.111815 -0.099785 -0.051402 0.000000
-0.453401 0.059776 -0.074383 0.000000
0.175316 -0.080558 -0.091519 0.000000
0.816759 -0.045632 0.076811 0.000000
0.156241 -0.131586 -0.237749 3.000000
0.720045 -0.035049 -0.091292 0.000000
-0.229507 0.078373 -0.791650 1.000000
0.536167 -0.069773 0.072553 0.000000
0.561442 0.010411 -0.095021 0.000000
-0.072491 0.006757 0.487279 1.000000
0.059703 -0.015519 -0.246417 1.000000
0.784807 -0.095678 0.034452 0.000000
0.536167 -0.082196 -0.060196 0.000000
0.107682 -0.113771 0.246174 3.000000
0.405813 -0.014310 0.091780 0.000000
0.161986 -0.099583 0.023163 0.000000
-0.120218 -0.004129 0.091780 0.000000
0.396917 -0.035855 0.089335 0.000000
0.130336 -0.069017 -0.076399 0.000000
-0.191834 0.025706 -0.776379 1.000000
0.283622 -0.087967 -0.198262 3.000000
0.158357 0.019079 -0.095021 0.000000
0.110756 -0.015167 -0.209148 1.000000
-0.008687 -0.039710 -0.379343 1.000000
0.888854 -0.027413 -0.073526 0.000000
-0.028771 0.007412 0.537350 1.000000
0.167102 -0.126395 0.238086 3.000000
0.251468 -0.064733 -0.102808 1.000000
-0.177496 0.013258 -0.675785 1.000000
0.566104 -0.099936 -0.024892 0.000000
0.176803 -0.081415 0.188821 3.000000
0.062525 -0.042936 -0.312641 1.000000
0.629001 -0.068059 -0.077054 0.000000
0.128421 -0.016830 -0.194003 1.000000
0.488239 0.085680 0.037929 0.000000
-0.572290 0.108485 -0.011990 2.000000
-0.645544 0.081270 -0.006673 0.000000
0.548213 -0.015066 0.091780 0.000000
0.959689 -0.042079 0.039315 0.000000
0.065272 -0.048404 -0.267509 1.000000
0.149790 -0.019249 0.091780 0.000000
0.110706 -0.044397 0.293700 1.000000
-0.686568 0.113147 0.008774 2.000000
-0.157967 0.023338 0.660649 1.000000
-0.098346 -0.100163 -0.023935 0.000000
0.182549 -0.068841 0.130662 1.000000
0.450365 0.023187 -0.093585 0.000000
0.034932 -0.060626 0.195978 1.000000
0.185144 -0.103363 -0.022675 0.000000
-0.366514 0.081623 -0.047521 0.000000
-0.274966 0.002649 0.091780 0.000000
-0.641890 0.143613 0.008522 2.000000
-0.697832 -0.015469 -0.036962 0.000000
0.191141 -0.065262 0.198725 3.000000
0.735643 -0.067782 0.070965 0.000000
0.220347 -0.099256 -0.049411 0.000000
-0.495231 -0.071411 -0.040415 0.000000
-0.059665 -0.070882 0.070033 0.000000
0.061139 -0.005112 0.391472 1.000000
0.174057 -0.121028 -0.236060 3.000000
-0.133095 0.021448 0.632174 1.000000
0.449079 -0.055636 -0.083052 0.000000
0.015882 -0.026254 0.207821 1.000000
0.179122 -0.053394 -0.244099 3.000000
0.184086 -0.036611 0.219867 1.000000
-0.802207 0.072652 -0.270961 2.000000
-0.216907 0.094374 -0.006799 0.000000
0.197996 -0.114174 0.264595 3.000000
-0.688634 0.040473 -0.059717 0.000000
0.768024 0.047378 0.074921 0.000000
-0.231523 0.050880 -0.792255 1.000000
0.016209 -0.104170 -0.006396 0.000000
-0.099253 0.092358 0.011621 0.000000
0.283673 -0.062264 -0.225502 3.000000
-0.636523 -0.046565 0.006153 0.000000
-0.058103 -0.020937 -0.426616 1.000000
-0.798679 0.061892 -0.205418 2.000000
0.226445 0.081749 -0.047521 0.000000
-0.157765 0.062673 0.068219 0.000000
-0.052131 -0.013680 0.507917 1.000000
-0.510830 0.045966 0.077492 0.000000
-0.659378 0.150644 0.008396 2.000000
0.480654 -0.100818 -0.021087 0.000000
0.552597 -0.039156 0.087748 0.000000
-0.140731 -0.080306 0.058744 0.000000
0.822958 -0.137558 0.010765 3.000000
0.045566 -0.028875 -0.097163 0.000000
0.647925 -0.049639 0.082557 0.000000
0.503207 0.028428 -0.091065 0.000000
0.089665 -0.071461 -0.228602 1.000000
-0.140000 -0.087992 0.049672 0.000000
0.216290 -0.059341 0.151502 1.000000
0.494362 -0.086808 -0.054425 0.000000
-0.237545 -0.096938 0.034754 0.000000
0.579812 -0.071839 -0.073199 0.000000
0.291056 -0.076073 0.064640 0.000000
0.598560 0.027622 -0.091443 0.000000
-0.032526 -0.014511 0.328072 1.000000
0.170151 -0.072116 0.114282 1.000000
0.166572 0.073963 0.054057 0.000000
0.063810 -0.040870 0.322175 1.000000
0.485341 0.094878 -0.002289 0.000000
0.281354 -0.099835 -0.197254 3.000000
0.886183 -0.023129 0.070764 0.000000
0.267066 -0.084691 -0.057071 0.000000
-0.685459 0.033720 0.101708 2.000000
0.751872 -0.058131 -0.078869 0.000000
-0.552484 0.088150 0.008774 2.000000
0.245219 -0.027186 0.023112 0.000000
0.198978 -0.014083 -0.095021 0.000000
0.031404 -0.025019 0.170199 1.000000
-0.644687 -0.008842 -0.064203 0.000000
-0.451889 -0.071134 -0.049386 0.000000
0.014244 -0.034368 0.023591 0.000000
-0.681377 0.056550 -0.068562 2.000000
-0.452393 0.067008 -0.065437 0.000000
0.092386 -0.008489 -0.323249 1.000000
-0.423666 -0.061684 -0.065992 0.000000
-0.023504 -0.000198 -0.408725 1.000000
0.171738 -0.096282 -0.214616 3.000000
0.010036 -0.035981 0.336967 1.000000
0.551211 0.049343 -0.080985 0.000000
-0.217537 0.085176 0.039996 0.000000
0.459184 0.089057 -0.026303 0.000000
-0.048703 0.094021 -0.008236 0.000000
-0.014206 0.019104 -0.095021 0.000000
-0.769423 0.049041 0.148276 2.000000
0.133209 -0.072520 -0.110947 1.000000
-0.769927 0.046521 -0.080532 2.000000
0.130689 -0.104296 0.025456 0.000000
0.438042 -0.036787 0.088882 0.000000
0.053328 -0.064733 -0.078365 0.000000
-0.205820 -0.096736 0.035661 0.000000
-0.624881 -0.036031 0.040348 0.000000
-0.248179 0.035383 -0.087713 0.000000
0.006483 -0.028875 -0.214490 1.000000
0.108287 -0.071436 -0.107898 1.000000
0.417228 0.031427 0.086387 0.000000
-0.837007 0.427783 -0.003221 2.000000
0.993279 0.003808 0.013058 0.000000
0.287805 -0.072419 0.204596 3.000000
-0.560749 0.110401 0.008774 2.000000
0.538335 -0.101625 0.014267 0.000000
0.251292 -0.093989 0.213567 3.000000
0.261447 -0.084741 0.039517 0.000000
-0.776403 0.049242 0.094174 2.000000
0.363856 -0.066195 0.074720 0.000000
-0.042504 -0.098500 0.027976 0.000000
0.234182 -0.025624 -0.050898 0.000000
0.418664 0.084370 -0.044245 0.000000
-0.038095 -0.100843 -0.020961 0.000000
0.154779 -0.022046 -0.061355 0.000000
0.543778 -0.089101 -0.051553 0.000000
0.026541 -0.030059 0.025582 0.000000
