0.049008 -0.010683 0.076489 1.000000
-0.839855 0.235124 0.003820 2.000000
-0.339616 -0.020919 -0.070252 0.000000
0.118819 -0.083092 -0.009638 0.000000
-0.034053 -0.060021 0.073943 0.000000
-0.021374 -0.015671 -0.409045 1.000000
-0.044601 0.005218 -0.341754 1.000000
0.222042 -0.074856 0.259655 3.000000
-0.182535 0.050243 0.074099 0.000000
-0.277781 0.064091 0.068019 0.000000
0.098372 0.029848 0.031178 0.000000
0.185097 -0.010761 -0.268851 3.000000
0.135889 -0.046433 -0.222683 3.000000
0.369562 -0.026245 -0.064978 0.000000
-0.603662 -0.036482 -0.038529 0.000000
-0.262375 -0.072388 -0.022577 0.000000
0.174159 -0.032455 -0.302393 3.000000
-0.254346 0.089318 0.046740 0.000000
0.002918 -0.074284 0.063680 0.000000
-0.510597 0.020001 -0.076098 0.000000
-0.136133 0.025613 0.661296 1.000000
-0.026986 -0.025154 -0.178229 1.000000
-0.117608 0.029848 -0.020836 0.000000
0.240281 0.085759 -0.047986 0.000000
0.161584 -0.088132 -0.262902 3.000000
-0.156112 0.037460 0.738486 1.000000
-0.024128 -0.018555 -0.070824 1.000000
0.216586 -0.011930 -0.090907 1.000000
0.578502 -0.059657 -0.029332 0.000000
-0.040029 -0.025492 0.173554 1.000000
-0.696336 -0.023959 -0.022057 2.000000
0.124301 -0.041730 -0.057158 1.000000
0.148022 -0.044744 -0.309226 3.000000
-0.136418 0.025041 -0.649785 1.000000
0.008894 -0.001771 0.235908 1.000000
-0.088665 0.029848 0.025280 0.000000
0.376188 -0.016840 0.073267 0.000000
-0.145927 0.018572 -0.556877 1.000000
-0.030676 -0.009591 0.202653 1.000000
0.009413 0.038006 -0.074435 0.000000
-0.331952 -0.075453 -0.011613 0.000000
0.398661 -0.066360 0.010341 0.000000
-0.029792 0.011141 -0.521439 1.000000
0.084161 0.008206 0.361007 1.000000
-0.346787 0.032524 0.079061 0.000000
-0.103682 0.029536 -0.712348 1.000000
0.010115 -0.089042 0.131205 1.000000
-0.593139 0.047307 -0.042401 2.000000
0.092085 0.058141 -0.067576 0.000000
0.034927 0.007478 -0.310681 1.000000
-0.187731 0.054426 0.799100 1.000000
-0.033819 -0.035676 -0.090206 1.000000
0.251063 -0.129000 0.258798 3.000000
0.020325 0.000047 -0.240038 1.000000
0.082472 -0.039574 -0.274151 1.000000
-0.253801 0.024340 -0.075916 0.000000
-0.117790 0.034239 0.762362 1.000000
0.778556 0.024833 0.080906 0.000000
0.017753 -0.026557 0.190260 1.000000
-0.019867 0.000723 -0.283635 1.000000
-0.077545 0.029848 0.009847 0.000000
-0.715458 0.193450 0.009146 2.000000
0.089902 -0.042509 0.259110 1.000000
0.179433 -0.039236 0.131673 1.000000
-0.044601 0.026860 0.564075 1.000000
0.770528 -0.146719 0.020058 3.000000
-0.051772 0.005971 0.358721 1.000000
0.043838 0.011869 0.460489 1.000000
-0.013450 0.006361 0.078255 0.000000
0.629165 0.004984 -0.075318 0.000000
-0.719979 0.055907 -0.052767 2.000000
0.150256 0.039850 0.078645 0.000000
-0.220805 0.111506 -0.801411 0.000000
0.223549 0.085213 0.052690 0.000000
0.011829 -0.015048 0.094468 1.000000
0.236540 -0.076545 -0.288545 3.000000
-0.680799 0.034888 0.061264 2.000000
-0.767862 0.046787 -0.090569 2.000000
0.014999 -0.162438 -0.156094 3.000000
-0.143745 -0.044328 0.062121 0.000000
-0.842713 0.057024 -0.156951 2.000000
-0.208126 -0.046640 0.060588 0.000000
-0.037457 -0.156047 0.183816 3.000000
-0.069881 0.009167 0.490445 1.000000
0.177069 -0.127519 0.267216 3.000000
0.369355 -0.065243 0.018135 0.000000
-0.063126 0.016493 0.579066 1.000000
-0.025999 0.023015 -0.508838 1.000000
-0.046524 0.012674 -0.417775 1.000000
-0.197552 0.039279 -0.785744 1.000000
-0.040574 -0.019179 0.408890 1.000000
0.391257 -0.039002 0.060147 0.000000
0.266366 -0.103539 0.273295 3.000000
-0.674616 0.041877 -0.057677 2.000000
0.850316 0.035590 0.069396 0.000000
-0.077000 0.034031 -0.667323 1.000000
-0.706650 0.209585 -0.004338 2.000000
0.113415 0.091085 -0.041231 0.000000
-0.155930 0.057544 -0.067420 0.000000
-0.400568 0.101841 0.025306 0.000000
-0.037612 0.002620 0.315956 1.000000
0.565615 0.008595 -0.075760 0.000000
-0.019660 -0.018113 -0.109172 1.000000
-0.819278 0.050451 0.085400 2.000000
-0.178742 0.067910 0.801022 1.000000
0.104868 0.005659 -0.273788 1.000000
-0.840713 0.306936 0.007145 2.000000
0.006114 -0.035676 -0.114264 1.000000
0.095774 0.029848 0.049001 0.000000
0.232019 -0.119102 -0.275762 3.000000
0.208454 -0.014684 0.113901 1.000000
-0.098538 0.018312 0.515594 1.000000
0.014246 -0.041392 -0.174878 1.000000
0.404273 -0.012891 -0.020888 3.000000
-0.089107 0.017689 -0.497978 1.000000
-0.806677 0.091449 -0.000987 2.000000
0.405520 -0.014242 0.003820 3.000000
0.175068 0.098204 -0.029592 0.000000
0.774555 0.102127 0.020214 0.000000
0.658861 -0.039704 0.059627 0.000000
0.257194 -0.060073 -0.259914 3.000000
-0.217453 0.005581 -0.022499 0.000000
0.367848 -0.014918 0.051391 0.000000
0.164416 -0.042795 0.108653 1.000000
0.215781 -0.118582 0.288312 3.000000
-0.721745 0.045592 0.104263 2.000000
-0.683813 0.229876 0.007457 2.000000
0.098840 0.100750 -0.023772 0.000000
-0.169934 0.105972 0.806348 1.000000
0.202582 -0.016944 0.146222 1.000000
0.251557 -0.121154 0.283090 3.000000
0.034563 -0.161840 -0.181659 3.000000
-0.075207 -0.078311 0.030710 0.000000
0.120482 -0.055604 -0.300548 3.000000
0.032874 -0.147187 -0.190492 3.000000
-0.698622 0.048476 -0.117772 2.000000
-0.728163 0.059804 0.115278 2.000000
0.215261 0.086512 0.051157 0.000000
0.119599 -0.002213 -0.127151 1.000000
0.281461 -0.045991 -0.049285 1.000000
-0.877164 0.032939 0.026215 2.000000
-0.063620 -0.030272 -0.118525 1.000000
-0.629253 0.005919 0.067395 0.000000
-0.020257 -0.032585 0.129100 1.000000
-0.029922 0.003659 -0.436065 1.000000
0.018688 -0.011722 0.295925 1.000000
-0.090250 0.027483 -0.689796 1.000000
-0.898261 0.039902 -0.015614 2.000000
0.147944 -0.000732 0.152665 1.000000
0.164286 0.052477 0.074410 0.000000
-0.155411 -0.066438 -0.034996 0.000000
0.068260 -0.030506 -0.065446 1.000000
-0.750169 0.072924 -0.026474 2.000000
0.938469 0.030315 -0.003689 0.000000
0.384839 -0.021075 -0.034191 3.000000
0.181797 -0.032559 -0.156275 1.000000
0.005126 -0.029051 -0.163238 1.000000
0.201361 -0.063190 0.286987 3.000000
0.045709 0.014649 -0.427310 1.000000
0.128796 -0.003408 -0.095610 1.000000
-0.671966 0.086045 0.031412 2.000000
0.006867 -0.028999 -0.080333 1.000000
-0.076714 -0.076986 0.005664 0.000000
0.050567 0.012181 -0.358018 1.000000
-0.455076 0.103998 0.017356 0.000000
0.014298 -0.010111 -0.143363 1.000000
0.220068 -0.063736 -0.020317 1.000000
0.642597 -0.046874 0.052326 0.000000
0.279876 -0.058280 0.068409 0.000000
-0.020933 -0.072050 -0.061964 0.000000
-0.048317 -0.041132 -0.270878 1.000000
-0.635644 0.072613 0.052976 2.000000
0.265119 0.025223 -0.059132 1.000000
-0.108775 0.020676 -0.609359 1.000000
0.141241 -0.102760 0.309097 3.000000
-0.161464 0.039513 -0.757867 1.000000
0.028120 -0.075505 -0.165291 1.000000
-0.059618 0.020313 -0.065212 0.000000
-0.043640 -0.032741 0.181062 1.000000
-0.058995 0.018104 -0.593562 1.000000
0.086499 -0.086236 0.312864 3.000000
-0.027428 -0.083092 0.036868 0.000000
0.019754 -0.062281 0.181582 1.000000
0.610874 0.016857 -0.076747 0.000000
0.410665 0.069599 -0.061678 0.000000
-0.185964 0.088695 -0.043362 0.000000
-0.072583 0.029692 -0.046973 0.000000
-0.842999 0.010934 -0.016368 2.000000
0.909085 -0.012423 -0.055209 0.000000
0.661434 0.047931 0.076125 0.000000
0.972557 -0.016762 -0.021772 0.000000
-0.870903 0.068144 -0.289584 2.000000
0.273225 -0.086365 0.261604 3.000000
-0.109060 -0.066464 0.038972 0.000000
0.140514 0.000411 0.174177 1.000000
0.256337 -0.086651 -0.254380 3.000000
0.498740 0.061259 0.071085 0.000000
-0.053617 0.030134 -0.631209 1.000000
0.278525 -0.063944 0.023955 1.000000
0.134668 -0.093432 0.310500 3.000000
0.067377 -0.102630 -0.263213 3.000000
-0.148058 0.063259 -0.793409 1.000000
-0.372196 0.011583 -0.076721 0.000000
0.193073 -0.127234 0.258954 3.000000
0.237345 -0.060722 -0.247443 3.000000
-0.088743 -0.000056 -0.075422 0.000000
-0.694102 0.253103 0.003248 2.000000
0.010608 -0.062411 0.106367 1.000000
0.223367 -0.007305 0.279401 3.000000
0.036719 -0.019984 0.242404 1.000000
0.209000 -0.100369 -0.212706 3.000000
0.369329 0.005114 0.050975 0.000000
-0.038106 0.029848 0.025306 0.000000
-0.066451 0.008206 0.396705 1.000000
0.548728 0.102283 0.024683 0.000000
0.491699 0.098853 0.032217 0.000000
0.318718 -0.018555 -0.068563 0.000000
0.227680 -0.017516 -0.091193 1.000000
-0.069907 -0.028142 0.078853 1.000000
-0.013944 0.103140 -0.018342 0.000000
0.081043 0.007816 -0.291481 1.000000
0.267587 -0.060073 0.257733 3.000000
0.182655 -0.068049 -0.250457 3.000000
0.239683 -0.129286 -0.253263 3.000000
0.136019 -0.099278 0.233596 3.000000
-0.568223 0.087370 0.046325 0.000000
-0.036184 -0.022270 0.085166 1.000000
0.005282 -0.082364 -0.127514 1.000000
0.011544 -0.040561 -0.071110 1.000000
-0.279938 -0.010994 -0.073786 0.000000
0.168235 -0.090730 0.278881 3.000000
-0.076298 0.010128 0.499330 1.000000
0.226875 -0.032585 -0.241337 3.000000
-0.134963 -0.062853 -0.011951 0.000000
0.175848 -0.064879 0.333285 3.000000
-0.453075 0.071625 -0.059756 0.000000
0.110661 -0.004084 -0.068460 1.000000
-0.770460 0.221692 0.009250 2.000000
-0.108723 0.037460 0.709985 1.000000
0.133369 -0.109826 0.275997 3.000000
0.134928 -0.061709 -0.262824 3.000000
0.216092 -0.049810 0.063420 1.000000
-0.462766 -0.025466 0.070721 0.000000
0.938573 -0.000888 0.048091 0.000000
0.058907 -0.004213 0.369321 1.000000
0.268808 -0.053318 0.287663 3.000000
0.242567 0.083784 0.054379 0.000000
0.021027 -0.007487 0.166513 1.000000
0.162753 -0.096836 -0.271423 3.000000
0.265171 -0.023751 0.271165 3.000000
0.651015 0.026184 0.080282 0.000000
0.035446 -0.001407 -0.075111 1.000000
-0.402646 -0.006500 0.078541 0.000000
0.277486 -0.026141 0.296184 3.000000
0.288320 -0.031701 0.291716 3.000000
-0.148707 0.031303 -0.671739 1.000000
-0.056683 0.000073 0.376466 1.000000
0.063376 -0.101071 -0.250898 3.000000
-0.770408 0.071833 0.030892 2.000000
-0.633280 0.053724 0.064252 2.000000
0.267015 -0.106501 -0.266331 3.000000
-0.847312 0.039565 -0.033021 2.000000
0.074418 -0.028532 0.267553 1.000000
-0.543567 0.081810 0.054275 0.000000
-0.824345 0.123899 0.004184 2.000000
0.100243 0.002879 -0.205691 1.000000
-0.159542 -0.059631 -0.043778 0.000000
-0.771005 0.055621 0.211097 2.000000
-0.814913 -0.002005 0.002287 2.000000
0.122769 -0.028895 -0.273190 1.000000
-0.829229 0.374564 0.005690 2.000000
-0.859341 0.334008 0.006652 2.000000
-0.090432 0.100230 -0.024370 0.000000
-0.048680 0.029848 -0.043232 0.000000
0.068026 -0.002395 0.173814 1.000000
0.641818 0.054893 -0.069421 0.000000
-0.177027 0.032680 0.708997 1.000000
0.125497 -0.123440 0.267527 3.000000
0.283253 -0.030610 -0.263187 3.000000
0.037940 -0.083092 0.030346 0.000000
-0.785555 0.188488 0.008600 2.000000
0.146905 -0.019984 -0.284024 1.000000
-0.055306 -0.015541 0.179634 1.000000
0.039473 -0.021387 0.179660 1.000000
-0.763549 0.082018 -0.011431 2.000000
0.583542 0.079965 0.058510 0.000000
0.263482 -0.111047 -0.236115 3.000000
-0.094641 0.007062 0.442198 1.000000
0.057790 0.009037 0.319567 1.000000
-0.016802 -0.160671 -0.186232 3.000000
0.801342 0.095658 -0.022343 0.000000
0.025469 -0.157813 0.152847 3.000000
-0.011164 -0.052694 -0.049987 1.000000
0.241840 -0.115568 -0.225697 3.000000
0.132122 -0.116348 0.305408 3.000000
0.345348 -0.053889 -0.039932 0.000000
0.121002 -0.014580 0.280882 1.000000
-0.573134 0.094567 0.034945 0.000000
-0.064113 -0.041912 -0.072590 1.000000
0.672424 -0.004759 0.077814 0.000000
-0.914239 0.405144 0.005041 2.000000
-0.097733 0.013428 0.529312 1.000000
-0.687554 0.052373 -0.051832 2.000000
-0.821305 0.395219 0.000858 2.000000
0.270886 -0.064827 0.065629 1.000000
-0.020647 -0.152825 -0.177632 3.000000
0.266911 -0.092965 -0.311148 3.000000
0.026691 0.102906 0.023020 0.000000
0.012895 -0.056046 -0.099637 1.000000
0.250309 -0.068646 -0.248664 3.000000
-0.801533 0.111142 0.006678 2.000000
0.218457 -0.081975 0.265501 3.000000
-0.071336 -0.051447 -0.052949 0.000000
0.796535 -0.073609 -0.029410 0.000000
-0.116647 0.014727 0.500136 1.000000
0.151296 -0.023387 -0.273190 1.000000
0.860682 0.057647 -0.051260 0.000000
-0.066166 0.023352 0.651787 1.000000
0.210247 0.067858 -0.062900 0.000000
0.829583 0.062636 -0.057028 0.000000
-0.806859 0.378747 0.003378 2.000000
-0.246812 -0.035443 -0.063913 0.000000
0.239501 -0.011202 0.273815 3.000000
-0.484097 0.015506 0.080568 0.000000
-0.109788 0.007218 0.428376 1.000000
-0.057774 0.024496 0.545317 1.000000
-0.042861 -0.000056 -0.297950 1.000000
0.047761 0.001269 0.423388 1.000000
0.260520 -0.056150 -0.306368 3.000000
-0.662197 0.160091 0.009172 2.000000
0.191982 -0.091406 -0.208965 3.000000
0.161065 -0.001927 -0.074487 1.000000
0.154517 -0.040613 -0.118083 1.000000
0.089617 -0.006266 -0.079657 1.000000
0.087408 -0.006058 -0.341520 1.000000
0.142072 -0.050953 -0.260252 3.000000
-0.083235 0.006829 0.446615 1.000000
-0.675083 -0.033520 0.017434 2.000000
0.030276 -0.171609 -0.187946 3.000000
0.125626 -0.052590 0.050612 1.000000
-0.610624 0.039695 0.046065 2.000000
-0.636164 0.165131 0.008652 2.000000
-0.117218 0.011869 -0.466567 1.000000
0.736571 -0.020581 -0.067784 0.000000
0.838261 0.018598 0.074982 0.000000
-0.159542 -0.064723 0.042116 0.000000
0.012115 -0.030922 0.156303 1.000000
0.246464 -0.024583 0.304291 3.000000
-0.056605 0.009712 -0.398185 1.000000
-0.743362 0.062324 0.154848 2.000000
-0.146031 0.039487 -0.746903 1.000000
0.270575 -0.065191 0.267553 3.000000
-0.694439 0.057985 0.123021 2.000000
-0.312440 -0.049031 -0.054923 0.000000
-0.009293 -0.012060 0.155965 1.000000
0.047579 -0.002057 -0.192207 1.000000
-0.830606 0.060375 0.246379 2.000000
0.296712 -0.066412 -0.005897 1.000000
-0.267103 -0.054331 -0.049727 0.000000
0.132667 0.082563 0.055158 0.000000
0.816307 0.083161 -0.040400 0.000000
0.551196 0.106024 0.003430 0.000000
0.087330 -0.034248 -0.150741 1.000000
0.649248 0.072015 -0.059990 0.000000
0.088032 -0.025206 -0.273190 1.000000
-0.795973 0.051360 -0.058431 2.000000
0.275901 0.029848 0.028736 1.000000
0.122431 -0.070569 -0.218058 3.000000
-0.772824 0.249673 0.008574 2.000000
-0.762328 0.047645 -0.107873 2.000000
0.256363 -0.078831 0.265293 3.000000
0.751588 0.054270 -0.069655 0.000000
0.247400 -0.119699 0.290521 3.000000
-0.118777 0.032732 -0.743551 1.000000
0.248984 -0.035365 0.317021 3.000000
0.377591 -0.023413 0.043051 3.000000
-0.095135 0.029744 -0.617127 1.000000
0.233448 -0.079091 0.269346 3.000000
0.279876 -0.084755 0.326400 3.000000
-0.810107 0.051776 0.127152 2.000000
0.764526 -0.066308 0.010731 0.000000
-0.708131 0.059648 0.110134 2.000000
0.874660 -0.004889 -0.063341 0.000000
0.280422 -0.118894 -0.288103 3.000000
0.161402 -0.053707 -0.253523 3.000000
0.273121 -0.060670 -0.064354 1.000000
-0.085028 0.029042 -0.603955 1.000000
0.717475 0.081732 -0.052767 0.000000
-0.032130 -0.023102 0.195378 1.000000
0.102945 0.005322 0.310448 1.000000
0.422720 0.036967 0.079009 0.000000
0.239917 -0.036638 0.090077 1.000000
0.477903 -0.050694 -0.043700 0.000000
0.692689 -0.048329 -0.046506 0.000000
-0.170064 -0.000576 -0.049182 0.000000
0.956994 -0.046485 -0.012782 0.000000
0.778816 0.094463 0.038634 0.000000
0.130043 -0.058098 0.320503 3.000000
-0.759730 0.061051 -0.227775 2.000000
0.115987 -0.056513 -0.042375 1.000000
-0.003473 -0.113022 0.189039 1.000000
0.506820 0.103868 -0.014289 0.000000
0.252076 -0.101409 -0.220812 3.000000
0.072054 -0.045160 -0.262954 1.000000
0.691416 0.105582 -0.002416 0.000000
0.160363 -0.062983 0.332740 3.000000
-0.163880 0.027431 -0.662750 1.000000
-0.664665 0.149023 0.009717 2.000000
0.178836 -0.026271 0.186207 1.000000
0.158311 -0.083092 0.027930 0.000000
-0.775890 0.050165 0.031048 2.000000
-0.162218 0.006023 -0.559449 1.000000
-0.066607 -0.018061 0.212032 1.000000
0.145060 -0.117569 0.286961 3.000000
0.137474 0.064273 -0.064588 0.000000
-0.183184 -0.059891 0.047546 0.000000
0.248439 -0.131131 0.279323 3.000000
0.145892 -0.120583 0.300809 3.000000
-0.162503 -0.005253 -0.407356 1.000000
-0.109762 0.029978 -0.629131 1.000000
-0.044965 0.001243 -0.400082 1.000000
0.363691 -0.066490 0.009562 0.000000
-0.530213 0.064740 0.067733 0.000000
-0.084716 0.000281 -0.364332 1.000000
0.030640 -0.034845 -0.130346 1.000000
0.269847 -0.049057 -0.236375 3.000000
0.198633 0.092878 -0.039543 0.000000
0.103491 -0.046926 -0.303458 3.000000
-0.086431 -0.011644 -0.244975 1.000000
0.552079 -0.062905 0.026215 0.000000
-0.251125 -0.067555 -0.032658 0.000000
-0.034027 0.009037 0.378155 1.000000
-0.766381 0.012518 0.040531 2.000000
0.152439 0.024444 0.080490 0.000000
0.288294 0.029848 0.009588 1.000000
0.023495 0.077003 -0.055625 0.000000
0.190111 -0.126610 0.296081 3.000000
-0.028181 -0.004161 0.249886 1.000000
0.173691 0.029848 0.018707 1.000000
0.333839 -0.059527 -0.031930 0.000000
-0.090250 -0.009825 0.262279 1.000000
0.221107 -0.022946 -0.235544 3.000000
0.921452 -0.055812 -0.013510 0.000000
0.141085 -0.064334 -0.028579 1.000000
0.085616 -0.039807 0.115772 1.000000
0.072417 -0.097044 0.271996 3.000000
-0.074999 0.005244 0.551812 1.000000
-0.754040 0.057751 0.100521 2.000000
-0.040860 0.009531 -0.500862 1.000000
0.134642 -0.115776 -0.266825 3.000000
0.560237 -0.067477 0.002755 0.000000
0.078549 -0.021517 0.239987 1.000000
-0.150032 0.067754 0.801256 1.000000
-0.282354 0.078198 -0.054612 0.000000
-0.460766 -0.066438 -0.021382 0.000000
-0.168479 0.029848 -0.000337 0.000000
0.224121 -0.033286 0.252614 3.000000
-0.753157 0.083603 -0.006599 2.000000
0.809266 0.011583 0.078723 0.000000
-0.104280 0.028315 0.703152 1.000000
-0.016334 -0.005305 -0.222137 1.000000
0.037135 -0.143680 -0.156197 3.000000
0.053451 -0.010111 0.096780 1.000000
0.114766 0.029848 -0.043180 0.000000
0.739740 -0.065269 -0.013899 0.000000
0.264235 -0.066594 -0.004754 1.000000
-0.107476 0.014285 -0.530506 1.000000
0.059453 -0.036716 -0.061445 1.000000
0.092267 -0.024738 -0.216188 1.000000
-0.093939 0.105219 -0.004598 0.000000
-0.085418 -0.019516 0.075450 0.000000
-0.067725 -0.023154 0.405149 1.000000
0.226225 0.067494 -0.063159 0.000000
-0.019270 0.028315 -0.055339 0.000000
0.148750 -0.001122 0.140506 1.000000
0.141345 0.034550 -0.074981 1.000000
0.476345 0.003815 -0.075189 0.000000
-0.408414 0.046657 0.075683 0.000000
0.211130 -0.125857 -0.240818 3.000000
0.682063 0.105790 -0.001013 0.000000
-0.023297 0.024755 -0.569556 1.000000
-0.463234 -0.026427 -0.066303 0.000000
-0.722837 0.107063 0.011328 2.000000
-0.076662 0.003971 0.075683 0.000000
0.010426 -0.072907 -0.115355 1.000000
0.191488 -0.002655 -0.084360 1.000000
0.053399 -0.005512 -0.350848 1.000000
-0.146343 0.020598 0.574753 1.000000
0.045943 0.009712 -0.330089 1.000000
0.048463 -0.005512 0.158173 1.000000
0.277564 -0.081351 0.282025 3.000000
-0.177365 0.037824 0.759479 1.000000
0.151426 -0.083508 -0.239077 3.000000
0.269951 -0.089743 -0.278620 3.000000
0.762578 -0.150876 0.005846 3.000000
0.075977 -0.081559 -0.046765 0.000000
-0.763497 0.261105 -0.003949 2.000000
-0.037794 0.024755 0.065629 0.000000
-0.754715 0.054088 -0.189765 2.000000
0.261871 -0.083430 -0.318033 3.000000
-0.337746 -0.044692 -0.057807 0.000000
0.236955 -0.069504 0.266488 3.000000
0.571357 -0.024089 -0.066459 0.000000
-0.612963 0.093839 -0.008002 2.000000
0.755121 0.105141 -0.000389 0.000000
0.278629 -0.071452 0.274828 3.000000
-0.132807 -0.005824 0.078827 0.000000
-0.072193 -0.009176 0.283194 1.000000
-0.036781 -0.014112 -0.265708 1.000000
-0.099811 0.037200 -0.710711 1.000000
-0.145278 0.031848 0.677950 1.000000
-0.176065 0.089708 -0.797514 0.000000
0.266989 0.094878 -0.036893 0.000000
0.031003 0.012804 -0.370671 1.000000
0.269172 -0.112528 0.316112 3.000000
-0.668952 -0.035521 -0.010106 2.000000
-0.056735 -0.020737 -0.277061 1.000000
0.056933 -0.009721 0.071319 1.000000
0.187098 -0.010215 -0.148611 1.000000
-0.104773 0.008803 0.465659 1.000000
0.063298 -0.101980 0.286546 3.000000
0.271276 -0.123207 0.264306 3.000000
-0.156164 0.042604 -0.784783 1.000000
0.140981 -0.049394 0.279816 1.000000
-0.118933 0.016571 0.556619 1.000000
-0.802235 0.337048 0.006314 2.000000
0.132096 -0.038353 0.248925 1.000000
-0.725123 0.052217 0.162798 2.000000
0.263144 -0.065814 -0.248300 3.000000
-0.197526 -0.051967 0.056457 0.000000
-0.113061 0.014051 0.528221 1.000000
-0.130157 0.013739 0.504760 1.000000
-0.141771 0.042708 -0.789849 1.000000
0.016870 -0.066282 0.034893 0.000000
-0.010644 -0.001823 -0.377920 1.000000
0.149555 -0.009747 0.251575 1.000000
-0.152968 -0.035884 -0.051754 0.000000
0.034589 -0.136301 -0.196884 3.000000
0.054231 -0.085586 -0.276126 1.000000
0.306636 0.026860 -0.051780 1.000000
-0.110100 0.027042 -0.683743 1.000000
-0.888232 0.033251 0.021487 2.000000
-0.746375 0.171808 -0.005975 2.000000
-0.083027 0.083525 -0.049156 0.000000
0.127601 -0.092445 0.245080 3.000000
-0.121427 0.011479 0.488522 1.000000
-0.170661 0.039902 0.772547 1.000000
-0.011631 -0.008163 -0.190441 1.000000
0.123418 -0.085118 0.227283 3.000000
-0.083573 -0.034455 0.181738 1.000000
-0.735204 0.292438 0.006340 2.000000
0.160909 0.105479 -0.003221 0.000000
0.027366 -0.016269 -0.075578 1.000000
0.014454 -0.078883 0.155549 1.000000
0.248673 -0.059787 0.267190 3.000000
0.131056 -0.041366 0.236272 3.000000
0.197386 -0.074180 0.262357 3.000000
0.231655 -0.125675 -0.287817 3.000000
-0.133612 0.014337 -0.504266 1.000000
0.653587 0.075678 0.061498 0.000000
0.123678 -0.077896 0.058692 0.000000
0.227628 -0.130403 0.281583 3.000000
0.155894 -0.003954 0.209174 1.000000
-0.008332 0.090046 -0.042115 0.000000
0.178030 0.100594 0.028398 0.000000
0.141891 -0.036066 0.256174 1.000000
0.420459 0.089085 -0.044037 0.000000
-0.334394 -0.067269 0.037335 0.000000
0.516200 0.058349 0.072202 0.000000
-0.806911 0.080641 -0.003793 2.000000
0.272263 -0.072440 0.290157 3.000000
0.777075 0.029770 -0.076202 0.000000
0.263976 -0.080935 0.229049 3.000000
-0.204541 0.063026 -0.792863 1.000000
-0.361596 0.021846 0.080256 0.000000
-0.516002 -0.012268 0.073241 0.000000
0.493726 0.098853 -0.028137 0.000000
-0.449282 -0.030454 -0.064095 0.000000
-0.129430 0.019014 0.573792 1.000000
0.849666 -0.042847 0.051573 0.000000
-0.071752 -0.024271 -0.123072 1.000000
0.085356 -0.083092 -0.013821 0.000000
-0.145304 -0.021543 -0.263525 1.000000
0.306948 0.029848 0.045104 1.000000
0.166131 -0.088288 0.266072 3.000000
-0.078351 0.014077 0.460177 1.000000
-0.851417 0.198958 0.004209 2.000000
-0.694933 0.067053 -0.042582 2.000000
0.034407 -0.046147 0.172982 1.000000
0.335397 0.029848 -0.020473 1.000000
0.507860 0.082719 -0.051572 0.000000
0.008140 -0.008448 0.170358 1.000000
0.113961 -0.069452 -0.019251 1.000000
0.038538 -0.040613 0.178334 1.000000
-0.060320 0.007738 0.387274 1.000000
-0.802598 0.067598 -0.241104 2.000000
0.300609 -0.018399 0.072670 0.000000
0.039629 -0.150045 0.184648 3.000000
0.601521 -0.065970 -0.008989 0.000000
-0.785607 0.288177 -0.003559 2.000000
0.274160 -0.032351 -0.235336 3.000000
-0.672433 -0.030714 0.025748 2.000000
0.724360 -0.064801 0.021227 0.000000
-0.144784 0.033745 0.755867 1.000000
0.005594 -0.000238 0.254693 1.000000
-0.827306 0.176667 -0.002572 2.000000
0.243113 -0.054850 -0.318943 3.000000
0.146827 0.056218 -0.068719 0.000000
0.765773 -0.138457 0.025488 3.000000
0.252778 -0.073973 -0.317826 3.000000
0.222848 -0.080390 0.053236 0.000000
0.146905 -0.073453 -0.293092 3.000000
0.231161 -0.074648 0.290495 3.000000
0.243476 -0.059813 -0.311122 3.000000
-0.297683 -0.067763 -0.032242 0.000000
0.191956 -0.035417 0.062641 1.000000
0.082342 -0.105436 0.273113 3.000000
-0.710444 0.045826 0.109199 2.000000
0.741715 0.006283 0.079632 0.000000
0.178758 -0.038301 0.232297 3.000000
-0.260192 0.065338 0.067188 0.000000
0.107232 -0.004837 -0.089530 1.000000
0.432567 0.063155 0.070253 0.000000
0.167846 -0.014372 -0.273190 1.000000
-0.075233 -0.019776 0.180621 1.000000
0.764344 0.059232 0.071864 0.000000
-0.138263 0.032056 -0.670025 1.000000
0.129835 -0.031831 -0.294884 3.000000
-0.746427 0.063701 -0.186933 2.000000
-0.499322 0.011895 -0.075682 0.000000
-0.159204 0.024392 0.630171 1.000000
0.395336 0.016052 0.037517 1.000000
-0.014048 -0.002681 0.249419 1.000000
-0.737984 0.051932 -0.015614 2.000000
0.012245 -0.024557 -0.181217 1.000000
0.140799 -0.031286 -0.064017 1.000000
-0.335589 -0.076025 0.011952 0.000000
0.741325 0.087967 -0.045180 0.000000
0.304844 0.001684 0.079009 0.000000
-0.106047 -0.019490 -0.410708 1.000000
0.195567 -0.018165 0.293664 3.000000
-0.645959 0.091968 0.024501 2.000000
0.018091 0.016312 0.419231 1.000000
0.254726 -0.013333 0.062459 1.000000
-0.260660 0.097502 -0.030060 0.000000
0.667929 0.037278 -0.074903 0.000000
-0.049174 0.007608 0.480078 1.000000
0.169534 -0.055344 -0.261421 3.000000
-0.066036 -0.027752 -0.070720 1.000000
-0.712470 0.043410 -0.077007 2.000000
-0.774201 0.257650 -0.004364 2.000000
-0.089185 0.002905 0.365892 1.000000
-0.507843 0.028549 -0.075163 0.000000
-0.092407 -0.022452 -0.182438 1.000000
0.078601 0.105790 -0.001091 0.000000
-0.107112 0.011817 -0.491379 1.000000
0.269795 -0.088522 0.284623 3.000000
-0.393579 0.035590 -0.074695 0.000000
-0.082871 -0.018451 -0.180802 1.000000
-0.671680 0.056894 0.070149 2.000000
-0.365805 0.105712 -0.001324 0.000000
0.267457 -0.064204 0.250068 3.000000
-0.057488 -0.034767 -0.077891 1.000000
0.102685 -0.022114 -0.234660 1.000000
0.207025 -0.085924 -0.267916 3.000000
-0.914681 0.040916 0.012991 2.000000
-0.083989 -0.031675 0.064148 1.000000
-0.110152 -0.005123 -0.074825 0.000000
0.127939 -0.007305 0.270100 1.000000
0.151737 -0.110840 -0.261836 3.000000
-0.070375 0.002750 0.351680 1.000000
-0.381238 -0.053318 0.054379 0.000000
0.049762 -0.094627 0.282934 3.000000
0.248647 -0.074986 -0.237882 3.000000
0.284604 -0.066126 -0.220630 3.000000
-0.662613 0.035044 0.065057 2.000000
-0.081157 -0.023491 0.165266 1.000000
0.022716 0.009946 0.496213 1.000000
0.233188 -0.081871 0.040453 0.000000
-0.680825 0.080173 -0.033203 2.000000
-0.685346 0.152452 0.010133 2.000000
0.351662 -0.037339 -0.057210 0.000000
0.090630 -0.041262 0.299354 1.000000
0.368549 0.027380 -0.037464 1.000000
0.277927 -0.041470 0.074878 0.000000
-0.091757 0.033511 0.658360 1.000000
-0.791141 0.056115 -0.207718 2.000000
-0.042965 -0.020140 -0.276386 1.000000
0.907526 -0.057319 0.018057 0.000000
0.152958 -0.100655 0.252874 3.000000
-0.653103 0.036161 0.022032 2.000000
0.207519 -0.119907 0.242741 3.000000
-0.036365 0.017403 -0.456409 1.000000
-0.885218 0.329513 0.001378 2.000000
0.361223 0.028990 0.039959 1.000000
-0.016932 -0.133547 0.169085 3.000000
0.142592 -0.038872 -0.128164 1.000000
-0.048576 0.014493 -0.555422 1.000000
0.166027 -0.066958 -0.252197 3.000000
0.212793 0.016597 0.080776 1.000000
-0.856847 0.188592 0.002962 2.000000
0.132122 -0.025674 -0.067238 1.000000
0.174627 -0.090470 -0.315851 3.000000
0.253583 0.019377 -0.077033 1.000000
-0.027636 0.000879 -0.403615 1.000000
-0.586488 -0.053344 0.000104 0.000000
0.150023 -0.003304 -0.220994 1.000000
-0.140108 0.000307 0.407176 1.000000
0.103127 -0.068698 0.318268 3.000000
0.366367 0.096151 0.038115 0.000000
0.275849 -0.067737 -0.316397 3.000000
-0.228677 0.105894 0.004158 0.000000
-0.209347 0.103868 -0.802320 0.000000
-0.714263 0.087682 -0.009950 2.000000
-0.797974 0.012596 0.036712 2.000000
0.537452 -0.007045 -0.072876 0.000000
-0.411272 0.099373 -0.026552 0.000000
0.794483 -0.020114 -0.067784 0.000000
-0.045511 -0.012060 -0.188544 1.000000
-0.026103 -0.032819 0.079658 1.000000
-0.014541 -0.022920 0.073293 1.000000
-0.593633 0.052685 0.033958 2.000000
-0.814732 0.047463 0.041622 2.000000
0.137162 -0.090367 -0.310915 3.000000
0.152621 -0.024011 0.267553 1.000000
-0.108541 0.009115 -0.462826 1.000000
-0.808782 0.055725 0.117721 2.000000
-0.126572 0.038889 0.733549 1.000000
-0.446268 0.003919 0.079425 0.000000
-0.182924 0.105686 -0.802788 0.000000
-0.855704 0.061778 0.218553 2.000000
0.276317 0.029848 0.019253 1.000000
0.145814 -0.099018 -0.309668 3.000000
0.225082 -0.086391 -0.271501 3.000000
0.245243 -0.052954 0.045104 1.000000
0.151659 -0.057812 0.315021 3.000000
-0.376353 0.044605 0.076125 0.000000
0.835299 -0.044848 -0.047025 0.000000
-0.083599 -0.023102 -0.157886 1.000000
0.015571 -0.014840 0.079658 1.000000
0.213806 0.092150 0.044480 0.000000
0.082680 -0.035676 0.143832 1.000000
0.061687 0.004620 -0.256640 1.000000
0.129264 -0.004759 0.078593 1.000000
0.178264 -0.066568 0.070617 0.000000
-0.018049 0.017974 -0.574622 1.000000
-0.047485 -0.009540 -0.287350 1.000000
-0.316909 0.041643 0.077164 0.000000
-0.056449 -0.020841 0.200938 1.000000
-0.214959 0.029848 -0.000363 0.000000
-0.677162 0.056426 -0.031333 2.000000
-0.034729 -0.157476 -0.144740 3.000000
0.267847 -0.066542 0.233648 3.000000
0.266106 -0.039522 -0.243000 3.000000
0.260234 -0.028817 -0.275476 3.000000
-0.122051 0.027483 -0.685639 1.000000
-0.768875 0.061259 -0.239207 2.000000
-0.179131 0.032836 0.718688 1.000000
0.612044 0.104647 -0.008833 0.000000
0.771489 0.077211 -0.055859 0.000000
0.562108 0.101296 -0.022785 0.000000
0.005464 0.026236 0.079840 0.000000
-0.832684 0.115429 0.001352 2.000000
-0.026986 -0.011644 -0.175839 1.000000
-0.835023 0.026366 -0.033437 2.000000
-0.447827 -0.050771 -0.048142 0.000000
0.003282 -0.015931 0.104444 1.000000
-0.060814 -0.006915 -0.249937 1.000000
-0.741803 0.057102 -0.196104 2.000000
-0.134574 0.017559 0.558827 1.000000
-0.527927 -0.013437 0.071890 0.000000
-0.547023 0.101919 0.017226 0.000000
-0.784100 0.062168 -0.164823 2.000000
0.112688 -0.049550 -0.050481 1.000000
0.275199 -0.077610 -0.020473 0.000000
0.410353 0.018494 0.016031 1.000000
0.306403 -0.059345 0.034062 0.000000
-0.081598 -0.025778 -0.123955 1.000000
-0.058657 0.015272 0.455630 1.000000
0.207571 -0.128663 -0.274671 3.000000
0.212377 -0.043237 0.056639 1.000000
0.232201 -0.120790 0.279790 3.000000
-0.055072 0.000697 -0.388936 1.000000
-0.030728 0.001424 0.413307 1.000000
-0.196487 0.052997 -0.791226 1.000000
0.211156 -0.070387 0.291248 3.000000
0.264183 -0.073531 0.287039 3.000000
-0.066919 0.029848 0.019175 0.000000
-0.116153 -0.075765 -0.009534 0.000000
0.458132 -0.065113 0.018993 0.000000
0.268288 -0.069114 0.306499 3.000000
-0.066244 0.026210 0.567920 1.000000
0.479436 -0.067269 0.004028 0.000000
0.508145 -0.066646 0.008496 0.000000
0.637583 0.010934 0.080100 0.000000
-0.005708 -0.048121 0.058718 1.000000
0.260988 -0.110970 -0.308291 3.000000
-0.797792 0.148607 0.006937 2.000000
-0.028207 0.060947 0.070253 0.000000
-0.527043 -0.057682 -0.023720 0.000000
0.229421 -0.105929 -0.301691 3.000000
0.121729 -0.039106 -0.123877 1.000000
0.231681 -0.123337 -0.266019 3.000000
-0.761029 0.050243 -0.144428 2.000000
-0.038652 0.019092 0.479013 1.000000
-0.886361 0.042293 -0.020706 2.000000
-0.100902 0.003581 0.399745 1.000000
-0.087210 0.009972 0.425648 1.000000
-0.337823 -0.072206 0.027073 0.000000
0.185097 -0.083092 0.009432 0.000000
-0.796909 0.186669 -0.004286 2.000000
0.234981 -0.110944 -0.220968 3.000000
-0.073181 -0.024297 0.123670 1.000000
0.784792 0.100828 -0.017381 0.000000
-0.822032 0.053439 -0.134685 2.000000
-0.115426 -0.023076 -0.258693 1.000000
0.131576 -0.095563 -0.212654 3.000000
-0.667705 0.041877 0.067473 2.000000
0.174393 -0.086080 -0.276905 3.000000
0.082394 -0.026012 0.210213 1.000000
0.007439 -0.002551 -0.375010 1.000000
-0.439046 -0.016840 0.074358 0.000000
-0.184691 -0.001511 -0.042712 0.000000
-0.059203 -0.010787 0.077476 1.000000
0.448337 -0.064230 0.023332 0.000000
-0.749779 -0.011462 -0.017355 2.000000
0.602872 -0.027934 -0.063783 0.000000
0.501208 0.012129 0.080256 0.000000
-0.205996 0.092592 0.043077 0.000000
-0.791920 0.078406 0.004911 2.000000
-0.838608 0.035044 -0.034996 2.000000
-0.141199 0.020962 -0.586703 1.000000
0.019520 -0.130897 -0.164200 1.000000
0.001125 -0.083092 0.014420 0.000000
0.237683 -0.060956 -0.269111 3.000000
0.031081 0.091371 0.044792 0.000000
-0.770486 0.055933 -0.210160 2.000000
-0.630890 0.132499 -0.005767 2.000000
0.227576 0.102647 -0.019823 0.000000
-0.034988 0.003867 0.440561 1.000000
0.009205 0.000879 -0.414085 1.000000
-0.080169 0.035382 -0.074669 0.000000
0.095384 -0.004655 -0.119071 1.000000
0.714955 -0.066126 -0.007976 0.000000
-0.067075 -0.027259 0.139415 1.000000
0.415003 0.044527 -0.073318 0.000000
-0.502076 -0.051941 0.045363 0.000000
-0.035430 0.029848 0.049962 0.000000
0.706199 0.029016 0.079944 0.000000
-0.077338 0.012466 0.527364 1.000000
0.125652 -0.106085 -0.238531 3.000000
-0.237848 0.073600 0.061732 0.000000
-0.327639 0.102958 0.022786 0.000000
-0.031273 0.020261 0.070851 0.000000
0.644234 -0.031857 -0.061029 0.000000
0.121989 -0.102162 -0.298704 3.000000
-0.057878 -0.000576 -0.363552 1.000000
0.156180 -0.048511 0.050378 1.000000
0.019702 -0.023881 0.072773 1.000000
0.483723 -0.036092 0.062147 0.000000
0.080445 0.008361 0.308162 1.000000
-0.105267 0.102595 -0.019459 0.000000
0.403312 -0.042432 -0.053520 0.000000
0.250699 0.105660 0.005924 0.000000
0.545220 0.070014 0.065473 0.000000
0.047008 -0.000576 0.212422 1.000000
0.023573 -0.001278 0.396913 1.000000
-0.849598 0.271679 -0.002805 2.000000
-0.100019 0.014311 0.475714 1.000000
0.322875 0.077627 0.060147 0.000000
0.246464 -0.050070 -0.212810 3.000000
-0.048862 -0.017308 0.231752 1.000000
0.880999 0.009557 0.067473 0.000000
-0.252606 0.101763 0.025280 0.000000
-0.717744 0.227226 -0.004027 2.000000
0.263742 0.008517 -0.070902 1.000000
0.112220 0.029848 0.032139 1.000000
0.884065 0.071365 0.020006 0.000000
0.875621 -0.002239 0.067551 0.000000
-0.074376 -0.023050 -0.136244 1.000000
-0.095420 -0.000264 0.352823 1.000000
0.192735 -0.090782 -0.258823 3.000000
-0.719641 0.021040 -0.047675 2.000000
0.610069 0.054192 -0.069681 0.000000
0.491855 0.028601 0.079996 0.000000
-0.120570 0.028471 -0.047389 0.000000
-0.051356 -0.014606 0.251315 1.000000
-0.043900 -0.035313 0.089038 1.000000
0.050255 -0.043497 0.069240 1.000000
-0.012151 0.019170 0.071890 0.000000
0.379877 0.031640 -0.075578 0.000000
0.269354 -0.100759 0.298133 3.000000
-0.021790 0.014987 -0.560593 1.000000
0.879674 -0.014892 0.064018 0.000000
0.207233 0.025405 -0.061185 1.000000
0.717916 -0.037417 -0.057158 0.000000
-0.061567 -0.043783 -0.264954 1.000000
0.217755 0.029848 -0.016056 1.000000
0.266236 -0.083612 0.322815 3.000000
-0.071362 -0.005720 -0.301665 1.000000
0.188293 -0.075609 -0.057911 0.000000
0.109284 -0.083092 -0.006910 0.000000
-0.124467 0.020521 0.595980 1.000000
-0.031897 -0.082728 -0.023486 0.000000
0.955617 0.014077 0.022214 0.000000
0.157349 0.096489 0.037387 0.000000
-0.051772 -0.013437 0.193819 1.000000
-0.140342 0.024366 0.635315 1.000000
0.769541 -0.109930 0.002053 0.000000
0.119001 0.001892 -0.184335 1.000000
0.075119 -0.037703 -0.259680 1.000000
-0.039405 0.017741 -0.590834 1.000000
0.848471 -0.001537 -0.068122 0.000000
0.845094 -0.056305 0.033516 0.000000
-0.049304 0.002386 -0.320372 1.000000
-0.799792 0.207376 0.008211 2.000000
-0.016282 0.009764 0.512243 1.000000
0.106556 -0.103565 0.244950 3.000000
-0.542086 0.102023 -0.013795 0.000000
0.210792 -0.039548 -0.104131 1.000000
0.085356 0.011453 -0.072409 1.000000
-0.037197 -0.004733 0.334662 1.000000
0.918074 -0.034845 0.047312 0.000000
0.274550 -0.059397 -0.308524 3.000000
-0.036210 0.017299 0.459345 1.000000
-0.049148 -0.024089 -0.084776 1.000000
-0.822682 0.316860 -0.003533 2.000000
-0.152189 0.033355 -0.744694 1.000000
0.142878 -0.048667 0.327102 3.000000
0.232668 -0.058384 -0.279556 3.000000
-0.081962 -0.014008 0.220034 1.000000
0.233292 -0.027726 0.078801 1.000000
-0.005994 0.003789 0.305979 1.000000
0.035212 -0.030324 -0.177424 1.000000
0.266678 -0.079792 -0.209770 3.000000
0.273173 -0.013385 -0.071941 1.000000
0.136694 -0.072699 -0.316267 3.000000
0.295880 0.076588 0.060874 0.000000
-0.797532 0.063909 0.281713 2.000000
-0.752091 0.062558 0.160356 2.000000
-0.011398 0.000151 0.404733 1.000000
0.443141 -0.056643 -0.035905 0.000000
0.013492 0.019585 -0.473426 1.000000
0.193801 -0.039392 0.123540 1.000000
-0.168739 0.032732 -0.728352 1.000000
0.077172 -0.006682 -0.113563 1.000000
-0.667627 -0.016035 -0.044063 2.000000
-0.044082 0.019871 -0.609229 1.000000
0.225524 -0.071245 -0.235414 3.000000
-0.094589 -0.011644 -0.069603 0.000000
-0.140030 0.021664 0.582833 1.000000
0.880428 0.047255 -0.050585 0.000000
0.058543 -0.013930 -0.283894 1.000000
0.919529 0.001528 -0.053157 0.000000
-0.432992 0.038525 -0.074409 0.000000
-0.915902 0.383138 -0.000675 2.000000
0.005568 0.103816 0.018031 0.000000
0.107674 -0.002758 0.134141 1.000000
-0.035326 -0.033208 -0.112445 1.000000
0.132537 0.001710 -0.200183 1.000000
0.164078 0.016779 -0.069603 1.000000
0.640311 0.037278 0.078957 0.000000
0.130381 -0.047576 -0.061445 1.000000
0.141137 -0.094757 -0.301302 3.000000
0.277304 -0.060151 0.032295 1.000000
-0.620315 -0.019256 0.055990 0.000000
-0.064633 -0.072154 -0.022785 0.000000
-0.744193 0.074587 0.029749 2.000000
-0.422548 0.103166 -0.018316 0.000000
0.225186 -0.057241 -0.034632 1.000000
0.363145 -0.048407 -0.046402 0.000000
0.269795 -0.098525 0.230193 3.000000
-0.102617 0.023301 0.564621 1.000000
-0.839206 0.056868 0.173580 2.000000
-0.576096 0.125536 -0.004546 2.000000
0.155089 -0.000576 0.076956 1.000000
-0.054422 -0.010059 -0.280777 1.000000
0.650911 0.090176 -0.042738 0.000000
-0.208360 0.075107 -0.795123 0.000000
0.065610 -0.086469 -0.286389 3.000000
0.619422 -0.049109 0.049676 0.000000
-0.084768 -0.026115 -0.132867 1.000000
0.244022 -0.083404 0.244820 3.000000
-0.529356 0.090150 -0.040894 0.000000
0.228433 -0.079325 -0.256121 3.000000
-0.164634 0.027717 0.662180 1.000000
0.952629 -0.006240 -0.036503 0.000000
0.212533 -0.065607 -0.284180 3.000000
0.068806 0.000151 0.399303 1.000000
0.093228 0.007374 -0.326373 1.000000
0.247140 0.067468 -0.063159 0.000000
0.429657 0.095164 -0.036243 0.000000
-0.366507 -0.075142 -0.013639 0.000000
0.141631 -0.044198 -0.091427 1.000000
-0.019867 0.016052 0.080983 0.000000
0.156778 -0.083092 -0.026630 0.000000
-0.033819 0.024652 -0.075916 0.000000
-0.073233 0.026132 0.676755 1.000000
0.246672 -0.076155 -0.291715 3.000000
0.033420 -0.155137 0.161577 3.000000
-0.150448 0.024184 0.634224 1.000000
-0.223481 0.087422 -0.044817 0.000000
0.100321 -0.061502 -0.036867 1.000000
0.595676 -0.059059 -0.030631 0.000000
-0.156346 0.038525 0.797333 1.000000
0.198477 -0.009332 0.076099 1.000000
-0.783762 0.119690 0.006574 2.000000
0.147736 -0.084261 -0.216396 3.000000
0.199828 -0.123051 0.305304 3.000000
0.161636 -0.074492 0.287897 3.000000
-0.205632 0.075289 0.060614 0.000000
-0.085807 -0.008526 0.281635 1.000000
-0.113997 0.029848 0.002235 0.000000
0.260624 -0.047628 -0.304965 3.000000
-0.825150 0.051334 0.091584 2.000000
0.214897 -0.092393 0.287533 3.000000
0.028535 -0.011462 -0.295846 1.000000
-0.217453 0.015142 -0.016653 0.000000
-0.823097 0.061077 0.261708 2.000000
0.810980 -0.037339 -0.056067 0.000000
0.070884 0.021222 -0.076436 1.000000
0.141137 -0.106397 -0.285479 3.000000
-0.121531 0.012440 -0.489171 1.000000
-0.228339 -0.048927 0.059081 0.000000
