0.090391 -0.027925 -0.073705 1.000000
0.191001 -0.041345 0.067192 0.000000
0.662582 0.049843 0.025873 0.000000
0.220912 0.000159 -0.479535 1.000000
-0.671349 0.035549 0.017297 2.000000
-0.850468 0.183461 0.015762 2.000000
0.154923 -0.015564 -0.299807 1.000000
0.200557 -0.066041 0.062216 1.000000
-0.050798 0.114534 -0.044138 0.000000
0.156459 -0.066041 0.160630 1.000000
0.301750 -0.066041 -0.006552 1.000000
0.093514 -0.009237 0.771016 1.000000
0.586509 -0.017337 0.048187 0.000000
0.315673 -0.066041 -0.103562 1.000000
0.354345 -0.053150 0.039029 1.000000
-0.852188 0.094470 -0.049221 2.000000
-0.875931 0.089732 0.144774 2.000000
0.665811 -0.079884 0.005704 0.000000
0.185654 -0.092510 0.207189 1.000000
-0.313851 0.108287 0.019680 0.000000
0.007356 -0.035072 0.488057 1.000000
-0.198497 -0.059476 0.023782 1.000000
0.284624 -0.003758 -0.434802 1.000000
0.374832 0.109134 0.031538 0.000000
0.104764 -0.023557 -0.208435 1.000000
0.115590 -0.027210 0.610585 1.000000
-0.836386 0.095291 -0.265026 2.000000
-0.937076 0.066968 0.016794 2.000000
0.096188 -0.021652 -0.667495 1.000000
-0.884375 0.092961 -0.161213 2.000000
-0.005058 -0.014875 -0.307748 1.000000
0.392646 -0.027925 0.015762 1.000000
0.047166 -0.064241 -0.180747 1.000000
0.184754 -0.027925 0.103164 1.000000
0.364138 -0.064241 0.074630 1.000000
0.114293 -0.067311 0.238662 1.000000
-0.144076 -0.056724 0.034847 1.000000
0.006985 -0.002091 0.563363 1.000000
0.171758 0.022579 0.742270 1.000000
0.331501 -0.032636 -0.001734 1.000000
0.273983 -0.024457 0.641898 1.000000
0.144336 -0.040948 -0.446951 1.000000
-0.854041 0.089467 0.053190 2.000000
-0.025493 -0.050715 0.036011 1.000000
0.200186 0.037296 -0.903894 1.000000
0.055107 0.137430 -0.016795 0.000000
0.360856 -0.031736 -0.431281 1.000000
0.016011 -0.080361 0.158327 1.000000
-0.797343 0.088303 0.116479 2.000000
0.198307 -0.066041 0.113911 1.000000
-0.877361 0.093702 -0.191335 2.000000
-0.782944 0.276289 -0.005943 2.000000
0.081497 -0.075888 0.121481 1.000000
0.204951 0.014029 -0.638140 1.000000
0.130095 -0.052939 -0.310051 1.000000
-0.884693 0.174832 -0.009490 2.000000
0.191319 0.035602 0.926180 1.000000
0.304450 -0.034013 -0.018595 1.000000
-0.023163 -0.066041 -0.052662 0.000000
0.092799 -0.066041 0.049643 1.000000
0.225120 0.085418 -0.061026 0.000000
0.083985 -0.027925 0.079024 1.000000
0.172129 0.016650 0.674720 1.000000
0.186528 0.021203 -0.720090 1.000000
0.036340 -0.065353 -0.167857 1.000000
0.056457 0.004077 -0.524348 1.000000
0.329649 -0.066041 0.099538 1.000000
0.309532 -0.013314 -0.325642 1.000000
-0.668252 0.082029 0.027065 0.000000
-0.821139 0.088303 0.167009 2.000000
-0.030204 -0.023452 0.289245 1.000000
0.034514 -0.016887 0.291310 1.000000
-0.792976 0.088303 0.063248 2.000000
0.018314 0.001297 -0.535412 1.000000
-0.820928 0.095291 -0.184559 2.000000
0.295741 -0.013764 -0.320374 1.000000
0.081073 -0.026945 0.613523 1.000000
0.158629 -0.091584 -0.034795 1.000000
0.171493 -0.102754 0.240938 1.000000
-0.673466 0.091479 -0.005466 2.000000
0.528196 -0.006802 0.058563 0.000000
0.321046 -0.004764 0.719242 1.000000
-0.432382 -0.022816 0.049669 0.000000
-0.264803 0.085312 -0.053932 0.000000
0.185654 -0.057121 -0.223046 1.000000
-0.153843 0.000953 -0.064520 0.000000
0.041925 -0.066041 0.111846 1.000000
0.256672 -0.005558 -0.414129 1.000000
-0.026896 -0.027925 -0.014148 1.000000
0.096399 -0.024669 0.202319 1.000000
-0.815237 0.183858 -0.009172 2.000000
-0.029251 -0.061621 -0.149540 1.000000
0.296800 0.016888 0.764214 1.000000
0.002724 -0.005082 -0.599468 1.000000
-0.010485 -0.049074 0.342157 1.000000
0.165723 -0.041027 0.039849 1.000000
0.120195 0.000795 0.493537 1.000000
-0.785829 0.075227 -0.007822 0.000000
0.101164 -0.041663 -0.438931 1.000000
0.302835 0.014215 0.855825 1.000000
0.287297 0.012176 -0.891639 1.000000
0.212442 -0.020169 -0.247107 1.000000
-0.030443 -0.027925 0.067510 1.000000
0.413424 0.108922 -0.019548 0.000000
0.033984 -0.050742 -0.335012 1.000000
0.185152 -0.039942 0.464897 1.000000
0.065748 0.011779 0.760508 1.000000
0.165591 0.015538 -0.655266 1.000000
-0.000241 -0.061515 -0.129847 1.000000
-0.655573 0.013606 0.037758 0.000000
0.321972 -0.000926 -0.520828 1.000000
0.074165 -0.055347 0.134557 1.000000
-0.024143 -0.050636 -0.020819 1.000000
-0.149688 -0.028163 -0.011078 1.000000
0.257519 -0.045739 0.398696 1.000000
-0.046536 -0.048227 0.246894 1.000000
-0.857853 0.211915 0.014783 2.000000
-0.580849 -0.036554 -0.016187 0.000000
-0.350962 -0.069826 0.009198 0.000000
0.099179 -0.033139 0.542929 1.000000
0.237217 0.012812 -0.065261 0.000000
0.250028 -0.089916 0.003295 1.000000
-0.830192 0.088594 -0.038130 2.000000
0.520652 0.098626 -0.035430 0.000000
-0.871802 -0.015272 0.003189 2.000000
-0.045239 -0.025278 -0.373842 1.000000
0.345424 0.102120 0.051655 0.000000
0.081523 -0.050212 -0.341073 1.000000
0.048595 -0.040524 0.458464 1.000000
-0.080814 -0.053521 0.050622 1.000000
0.037981 -0.018502 -0.266244 1.000000
0.139545 0.002780 0.516089 1.000000
0.195369 -0.059265 -0.237498 1.000000
-0.178751 -0.061329 0.048743 1.000000
0.138724 0.028111 -0.798943 1.000000
-0.445908 -0.052224 -0.018463 0.000000
-0.892342 0.091532 0.061660 2.000000
0.331793 -0.116148 0.053428 1.000000
-0.002226 -0.005558 0.548514 1.000000
0.221865 -0.056724 0.273125 1.000000
-0.646070 0.022447 0.039479 0.000000
0.309902 -0.010561 0.710004 1.000000
0.303523 -0.057227 0.267461 1.000000
0.164320 0.034146 0.884517 1.000000
0.457761 0.099658 -0.040697 0.000000
0.659194 0.086979 0.118728 0.000000
-0.840489 0.262154 0.013036 2.000000
0.286556 -0.066041 0.022538 1.000000
0.304185 -0.122315 0.002739 1.000000
-0.142382 0.121787 -0.024736 0.000000
0.661523 -0.092034 0.021638 0.000000
0.161911 -0.027925 -0.135167 1.000000
-0.858117 0.088303 0.263331 2.000000
0.273242 -0.047459 0.379135 1.000000
-0.509964 -0.015749 0.044852 0.000000
-0.841706 0.095291 -0.226407 2.000000
0.271469 -0.019402 -0.255841 1.000000
-0.021655 -0.013208 -0.479403 1.000000
0.215433 -0.098545 -0.011184 1.000000
-0.171181 -0.078985 -0.018092 0.000000
0.330469 -0.035813 0.458147 1.000000
0.127157 -0.021228 -0.672471 1.000000
0.006377 -0.029566 -0.062614 0.000000
0.387617 -0.066041 0.040617 1.000000
-0.229546 -0.061356 0.014174 1.000000
0.070194 0.001350 0.499889 1.000000
0.070539 -0.014743 0.711778 1.000000
-0.187618 -0.058921 -0.010310 1.000000
-0.131000 -0.056856 -0.048347 1.000000
0.178322 0.018556 0.962073 1.000000
0.256328 -0.009502 0.375853 1.000000
-0.256889 -0.043489 -0.015075 1.000000
0.012676 -0.044971 -0.400947 1.000000
0.373323 -0.033192 0.076430 1.000000
-0.092514 -0.051694 -0.057267 0.000000
0.254210 0.106170 0.047737 0.000000
0.311649 -0.026390 -0.400391 1.000000
0.057807 -0.010799 -0.708682 1.000000
0.293994 -0.028057 0.600791 1.000000
-0.849568 0.329440 0.004565 2.000000
0.206962 0.023664 -0.748306 1.000000
-0.020808 0.134360 -0.033524 0.000000
0.384573 0.054051 0.072433 0.000000
0.143012 0.029196 -0.869510 1.000000
0.180969 -0.011514 -0.346076 1.000000
-0.265942 -0.005346 -0.058088 0.000000
0.122710 -0.041663 0.445388 1.000000
0.210615 -0.005717 0.418840 1.000000
0.134621 -0.035919 0.511006 1.000000
0.331501 -0.027925 0.068013 1.000000
0.262178 0.017867 -0.681921 1.000000
-0.782044 0.088303 0.205734 2.000000
0.370597 -0.019772 -0.396871 1.000000
0.291268 -0.034675 -0.043318 1.000000
0.067521 -0.061594 0.217671 1.000000
0.170329 -0.053600 -0.155019 1.000000
-0.881305 0.204663 -0.008431 2.000000
0.010479 0.012494 0.071824 0.000000
0.166967 -0.027925 -0.150969 1.000000
0.322925 -0.027925 -0.051629 1.000000
0.341719 -0.027845 -0.489064 1.000000
0.346324 -0.032134 -0.431864 1.000000
-0.113689 -0.031948 -0.039480 1.000000
0.144918 0.030335 0.830996 1.000000
-0.470021 -0.052886 0.017880 0.000000
0.278748 0.021282 0.741238 1.000000
0.665467 -0.167101 0.000569 0.000000
-0.795914 0.095291 0.226645 2.000000
-0.752319 0.095291 0.234003 2.000000
0.660941 -0.204212 -0.013725 0.000000
0.356171 -0.064770 -0.040909 1.000000
0.164320 -0.066041 0.003242 1.000000
0.278986 0.024167 0.874538 1.000000
-0.801843 0.075650 0.009145 0.000000
-0.025149 -0.014928 -0.459233 1.000000
0.354159 -0.062468 0.003295 1.000000
0.301432 0.109902 0.034555 0.000000
-0.423382 -0.015643 -0.046124 0.000000
-0.662375 0.060272 -0.010707 2.000000
0.391746 0.080388 -0.060417 0.000000
0.307149 -0.066041 -0.017748 1.000000
0.501250 0.052622 0.076721 0.000000
0.171096 -0.050424 -0.338717 1.000000
0.064848 -0.106936 -0.144140 1.000000
-0.030548 -0.050980 -0.013646 1.000000
0.496274 -0.046083 0.054063 0.000000
0.214903 -0.034225 0.530541 1.000000
0.308367 0.004315 0.551081 1.000000
0.114822 -0.065909 -0.161742 1.000000
-0.218323 0.116810 0.001151 0.000000
0.437776 -0.022340 -0.398962 1.000000
0.241505 0.040869 0.073598 0.000000
-0.135871 0.085418 0.067616 0.000000
-0.524046 0.096746 0.027065 0.000000
0.235920 -0.005876 0.854475 1.000000
0.471684 -0.058100 -0.008484 1.000000
0.369220 -0.035495 -0.269659 1.000000
-0.345774 -0.055374 -0.034821 0.000000
-0.026710 -0.015802 0.447294 1.000000
0.107014 -0.071255 -0.232310 1.000000
-0.058950 -0.035733 -0.274582 1.000000
0.463902 -0.055824 0.023491 1.000000
0.249314 -0.027925 0.105600 1.000000
0.310935 -0.061435 0.219471 1.000000
0.206883 -0.003123 0.448565 1.000000
0.106167 -0.055824 0.127278 1.000000
0.332560 -0.124300 0.032411 1.000000
-0.198894 -0.046771 -0.046388 1.000000
0.182346 0.097461 0.056366 0.000000
-0.859520 0.090976 0.317408 2.000000
0.099867 0.020858 0.810826 1.000000
0.148968 -0.004023 -0.856170 1.000000
0.384282 -0.100928 0.003295 1.000000
0.141239 -0.120595 0.207163 1.000000
0.648262 0.004924 -0.005758 0.000000
-0.044101 -0.030651 0.261849 1.000000
0.076256 -0.044574 -0.405421 1.000000
0.249790 -0.019402 0.262617 1.000000
0.056695 -0.066041 -0.131885 1.000000
0.311649 -0.096216 0.003295 1.000000
-0.891310 0.091373 0.180852 2.000000
-0.068744 -0.056724 0.098109 1.000000
0.346218 -0.007623 0.591130 1.000000
0.109211 -0.114189 -0.199250 1.000000
0.385579 0.103152 -0.041730 0.000000
-0.108369 -0.058524 -0.056632 1.000000
0.205427 -0.044971 0.407511 1.000000
0.066992 -0.040789 0.455473 1.000000
0.356886 -0.031260 0.417040 1.000000
-0.803458 0.088303 0.200731 2.000000
-0.904809 0.102887 -0.010707 2.000000
0.168158 -0.010137 0.805744 1.000000
-0.765977 0.062495 -0.018648 0.000000
-0.007626 -0.023716 0.213251 1.000000
0.214956 -0.031551 -0.554391 1.000000
0.024508 -0.014134 -0.316324 1.000000
0.330760 -0.019613 0.434933 1.000000
0.048357 -0.032610 0.548831 1.000000
0.014000 -0.010799 -0.354229 1.000000
0.132398 -0.024246 0.644519 1.000000
0.034249 -0.027925 -0.140779 1.000000
0.648262 0.038884 -0.031407 0.000000
0.450508 -0.017152 0.446050 1.000000
0.157676 0.004712 0.538191 1.000000
-0.151990 -0.064426 -0.016028 1.000000
0.370994 -0.066041 -0.035403 1.000000
0.380046 0.095344 0.055916 0.000000
0.666393 -0.021757 0.016477 0.000000
0.274274 0.025676 0.906514 1.000000
-0.136347 -0.027925 -0.000278 1.000000
0.466284 0.059080 0.068172 0.000000
0.243993 0.035231 0.894046 1.000000
0.064927 -0.035919 -0.504496 1.000000
0.265195 0.002092 -0.501558 1.000000
0.104208 -0.002620 -0.811224 1.000000
0.042322 -0.016331 0.297609 1.000000
-0.931411 0.154212 -0.010205 2.000000
0.122207 -0.000635 -0.470430 1.000000
0.290421 -0.057862 0.260261 1.000000
0.397093 -0.109424 0.003295 1.000000
0.172843 -0.040657 0.013512 1.000000
0.175278 0.024352 -0.756036 1.000000
0.634736 0.089123 0.002845 0.000000
0.159185 -0.119139 0.226353 1.000000
0.237191 -0.066041 -0.148772 1.000000
0.375176 0.015088 -0.063832 0.000000
-0.554539 0.003203 -0.039692 0.000000
0.135442 -0.027925 -0.147819 1.000000
-0.206597 -0.049656 -0.041809 1.000000
0.274407 -0.009370 0.377256 1.000000
0.012332 -0.006167 -0.407326 1.000000
-0.168957 -0.058603 0.003295 1.000000
0.211595 0.031499 -0.837668 1.000000
0.185072 -0.004420 0.870939 1.000000
-0.926964 0.059027 0.006921 0.000000
-0.866640 0.317555 0.003136 2.000000
0.180413 -0.027925 -0.042894 1.000000
0.291135 -0.000264 0.481255 1.000000
0.204527 -0.001958 -0.892565 1.000000
0.267260 -0.025304 -0.188662 1.000000
0.105134 -0.057650 0.262537 1.000000
0.270542 -0.059979 -0.229345 1.000000
-0.915186 0.084279 -0.010707 2.000000
0.152541 0.085470 -0.060973 0.000000
-0.495962 0.090844 0.037149 0.000000
0.133536 -0.114586 -0.231040 1.000000
-0.893216 0.050584 0.011156 0.000000
0.466708 0.034358 0.067642 0.000000
-0.865688 -0.002144 -0.004567 2.000000
-0.109057 -0.032504 0.049934 1.000000
0.051719 -0.013605 0.328896 1.000000
0.169746 0.010959 0.609711 1.000000
0.254422 0.003150 -0.513601 1.000000
-0.729237 0.095291 -0.159784 2.000000
0.131445 -0.055771 -0.050279 1.000000
0.280759 -0.027925 0.165235 1.000000
0.126945 0.025888 0.858789 1.000000
-0.347203 0.010112 -0.053720 0.000000
-0.809625 0.042563 -0.010707 2.000000
0.139439 0.029911 -0.819615 1.000000
0.233352 0.032929 -0.854264 1.000000
0.041052 -0.066041 0.137839 1.000000
0.128507 -0.083511 -0.233104 1.000000
-0.821245 0.090923 0.010389 2.000000
-0.170704 -0.071335 0.046281 1.000000
0.477878 0.048069 0.044005 0.000000
0.266228 0.005665 0.549096 1.000000
0.240314 -0.029407 -0.578743 1.000000
-0.787232 0.090632 0.331173 2.000000
0.705039 0.037693 0.032226 0.000000
0.073080 0.002330 0.793383 1.000000
-0.053047 -0.053044 -0.156925 1.000000
-0.040130 -0.036977 0.165924 1.000000
0.245026 0.091823 0.061634 0.000000
0.070486 -0.001191 -0.464156 1.000000
0.018155 -0.082055 0.026588 1.000000
-0.210091 -0.053944 -0.053270 0.000000
0.010850 -0.094310 0.004407 0.000000
-0.058103 -0.072764 -0.035695 0.000000
0.151826 -0.002488 0.455844 1.000000
-0.567879 0.034887 0.047367 0.000000
-0.772065 0.176843 -0.009410 2.000000
-0.410068 0.032479 0.057584 0.000000
0.519567 -0.060668 0.013327 0.000000
0.302914 -0.066041 -0.083234 1.000000
0.043831 -0.057438 0.265105 1.000000
0.099655 -0.088805 -0.021507 1.000000
-0.071126 -0.027925 0.028970 1.000000
0.263448 0.029011 0.859636 1.000000
-0.942926 0.182772 0.007080 2.000000
0.215512 -0.086634 -0.001099 0.000000
-0.236666 0.013103 -0.061158 0.000000
0.081762 -0.011778 0.349701 1.000000
0.115378 -0.054527 0.298297 1.000000
-0.174648 -0.058259 -0.026536 1.000000
0.447438 0.075624 -0.058935 0.000000
0.472399 0.105587 0.028467 0.000000
0.294682 -0.066041 0.062057 1.000000
0.078268 -0.038169 0.485172 1.000000
-0.843612 0.095291 -0.287605 2.000000
0.284174 0.022076 -0.854793 1.000000
-0.208953 -0.063076 0.015736 1.000000
0.230017 -0.027501 0.170106 1.000000
0.119269 -0.080970 -0.036065 0.000000
0.232770 -0.025860 -0.182150 1.000000
0.148994 -0.126312 0.142710 1.000000
-0.819869 0.088303 0.058775 2.000000
-0.180657 -0.034675 -0.022672 1.000000
0.066462 -0.046056 0.047949 1.000000
-0.724287 0.037534 -0.024313 0.000000
0.139677 -0.085602 -0.027489 0.000000
0.141371 -0.027925 0.025794 1.000000
0.496036 0.107149 0.012030 0.000000
0.165458 -0.027925 -0.024816 1.000000
0.353339 -0.056962 -0.120026 1.000000
-0.121233 0.079330 -0.062985 0.000000
0.135362 -0.055162 -0.284481 1.000000
0.066224 -0.054659 -0.138926 1.000000
0.240605 -0.004235 -0.866757 1.000000
0.402678 -0.027925 0.011130 1.000000
0.353233 -0.028216 -0.448884 1.000000
-0.860817 0.032717 -0.004593 0.000000
0.136580 0.006644 -0.553835 1.000000
0.185654 -0.072605 -0.157851 1.000000
-0.125971 0.069430 0.071639 0.000000
0.043751 -0.026151 -0.601242 1.000000
0.402413 -0.028322 -0.034292 1.000000
0.333010 -0.030360 -0.379560 1.000000
0.711947 0.031949 -0.017166 0.000000
0.094996 -0.019296 -0.694547 1.000000
0.082397 -0.053944 0.156289 1.000000
0.648262 0.068874 0.010124 0.000000
0.285074 -0.099975 0.003295 1.000000
-0.726723 0.146324 0.017059 2.000000
-0.842130 0.260063 -0.006499 2.000000
0.183696 -0.033722 -0.529483 1.000000
0.264798 -0.058179 -0.249965 1.000000
0.067918 0.015406 -0.675992 1.000000
0.179937 -0.073320 0.056869 0.000000
-0.013820 -0.014690 0.567572 1.000000
0.187084 -0.096163 0.011977 1.000000
0.140974 -0.051906 0.187867 1.000000
0.303391 0.014003 -0.748756 1.000000
0.552310 0.078191 -0.048929 0.000000
0.440265 -0.054924 0.051258 0.000000
0.648262 0.033670 -0.006472 0.000000
0.067309 -0.104104 -0.208488 1.000000
0.139995 0.020303 -0.709899 1.000000
0.012676 -0.060403 -0.224581 1.000000
-0.404060 -0.015034 -0.048056 0.000000
0.026202 -0.078614 0.037758 0.000000
-0.820054 0.095291 -0.226222 2.000000
0.607393 -0.036104 0.011898 0.000000
0.304053 -0.030307 0.567598 1.000000
0.114399 0.094973 0.058696 0.000000
0.050157 -0.020143 -0.247477 1.000000
0.233035 0.019006 -0.695050 1.000000
0.264428 0.003944 -0.522945 1.000000
0.185654 -0.063526 -0.116030 1.000000
-0.081529 -0.042113 0.095965 1.000000
0.075833 -0.066041 0.145674 1.000000
0.378194 0.042855 0.047499 0.000000
0.665123 0.149130 0.218360 0.000000
0.024270 0.139574 0.028123 0.000000
0.263078 -0.003599 -0.843597 1.000000
-0.733499 0.088620 0.017297 2.000000
0.511229 -0.055188 -0.024604 0.000000
0.256169 0.023929 -0.966336 1.000000
-0.887763 0.289444 0.001786 2.000000
0.648262 -0.009714 -0.000649 0.000000
0.094070 0.009953 0.598038 1.000000
0.188698 -0.011673 -0.781632 1.000000
0.664752 -0.179277 -0.010231 0.000000
0.047695 -0.053786 0.306821 1.000000
0.073265 0.012176 -0.783802 1.000000
-0.823363 0.095291 0.130243 2.000000
0.089438 0.012494 0.852436 1.000000
-0.814972 0.088303 0.248111 2.000000
0.127369 -0.116942 -0.213437 1.000000
0.114901 -0.050768 0.205416 1.000000
0.116331 -0.022737 -0.655054 1.000000
0.326102 0.004394 -0.756909 1.000000
-0.785459 0.040472 0.017297 2.000000
0.331475 -0.022525 -0.427629 1.000000
-0.032216 -0.087772 -0.013725 0.000000
-0.830007 0.088303 0.126669 2.000000
-0.756316 0.026443 0.025953 0.000000
0.246640 -0.016437 -0.289802 1.000000
0.062571 -0.066041 0.104541 1.000000
0.663270 0.123719 -0.103986 0.000000
-0.150535 -0.044045 -0.058935 1.000000
0.158073 -0.124433 -0.140779 1.000000
-0.158264 -0.074432 0.037573 1.000000
0.345848 -0.031895 -0.038474 1.000000
0.111090 -0.027872 0.165871 1.000000
-0.635879 -0.001667 0.036144 0.000000
0.110111 -0.018555 -0.702911 1.000000
-0.747078 0.204213 0.015047 2.000000
0.428274 -0.040339 -0.040300 1.000000
-0.000506 -0.050477 0.344513 1.000000
-0.236163 -0.040551 -0.016081 1.000000
0.362709 -0.038566 -0.199567 1.000000
0.541828 -0.057677 -0.002925 0.000000
0.023714 0.115805 -0.042338 0.000000
-0.194421 -0.042615 0.044508 1.000000
0.130201 -0.014240 -0.315107 1.000000
-0.452287 0.104211 -0.007928 0.000000
0.174034 0.113475 0.021877 0.000000
0.030834 -0.027290 0.579854 1.000000
0.544157 -0.052965 0.020024 0.000000
-0.514940 -0.024854 -0.034953 0.000000
0.189704 -0.066041 0.003110 1.000000
0.319405 -0.012943 0.444091 1.000000
0.229753 -0.017390 -0.278896 1.000000
0.648262 0.074936 0.032464 0.000000
-0.859838 0.088938 0.277916 2.000000
0.352942 -0.041927 -0.001284 1.000000
0.219800 -0.027528 -0.163092 1.000000
0.235708 0.113952 -0.005228 0.000000
-0.536089 -0.036872 0.031988 0.000000
-0.030813 -0.063262 0.115949 1.000000
0.062439 -0.027925 -0.080269 1.000000
0.212945 -0.048730 0.364471 1.000000
0.281765 0.020461 -0.736369 1.000000
0.027473 0.004580 0.619425 1.000000
0.425892 -0.119483 -0.010760 1.000000
0.199286 0.009000 -0.580463 1.000000
0.097590 -0.027925 -0.097448 1.000000
-0.049448 -0.030042 -0.304651 1.000000
-0.676219 0.047910 0.037388 0.000000
0.130016 -0.044601 0.056869 0.000000
0.124775 -0.023610 -0.207799 1.000000
0.235047 -0.015484 0.744706 1.000000
0.230361 -0.099472 -0.033418 1.000000
-0.625530 0.101696 0.004274 2.000000
0.307441 -0.012811 -0.063673 0.000000
-0.656737 0.004606 0.017297 2.000000
0.292115 -0.019931 0.256661 1.000000
0.302782 0.113952 0.019230 0.000000
0.185734 -0.073532 -0.050279 1.000000
-0.091402 -0.066041 -0.021507 1.000000
0.029881 -0.007543 0.398088 1.000000
0.707898 0.007385 0.005360 0.000000
0.081576 0.127901 0.005333 0.000000
0.116251 -0.057835 0.260658 1.000000
0.127686 -0.026416 -0.613206 1.000000
0.059342 -0.027925 -0.002899 1.000000
0.260748 -0.022552 0.663868 1.000000
-0.185501 -0.081420 -0.011237 0.000000
0.209715 0.032452 0.855136 1.000000
0.198492 -0.027925 -0.090566 1.000000
0.025779 -0.009767 0.666329 1.000000
-0.301067 -0.049259 -0.046521 0.000000
0.151932 -0.049206 0.229530 1.000000
-0.041321 -0.024325 0.356954 1.000000
-0.427114 0.089361 0.043979 0.000000
0.142880 -0.092484 0.006498 1.000000
-0.611316 -0.015008 0.017297 2.000000
0.031046 -0.066041 -0.043424 1.000000
0.156432 -0.015167 0.748226 1.000000
-0.478201 0.104290 -0.005890 0.000000
0.472213 0.051722 -0.040221 0.000000
0.098226 -0.084331 -0.042365 1.000000
0.075991 -0.040524 0.458464 1.000000
0.033375 -0.054765 0.237841 1.000000
0.128480 -0.066041 -0.106183 1.000000
0.346801 0.109796 -0.027039 0.000000
-0.020305 -0.040127 -0.388427 1.000000
-0.871749 0.094311 0.187549 2.000000
0.024561 -0.049392 0.356901 1.000000
0.312126 -0.048121 0.371565 1.000000
0.139280 -0.119165 -0.216614 1.000000
0.008679 -0.075967 -0.159440 1.000000
-0.778285 0.095291 0.143689 2.000000
-0.749751 0.095291 0.160338 2.000000
0.433038 -0.032398 -0.439937 1.000000
0.254290 0.100055 -0.047368 0.000000
-0.028722 0.110722 0.052766 0.000000
-0.201065 -0.072897 0.038923 0.000000
-0.831621 0.095291 0.235565 2.000000
0.100211 -0.009555 0.777713 1.000000
0.288991 -0.025093 -0.628214 1.000000
0.387034 0.105428 0.042655 0.000000
0.237746 -0.005743 -0.412223 1.000000
-0.005667 0.137721 0.036964 0.000000
-0.828657 0.092564 -0.330485 2.000000
-0.791996 0.088303 -0.114044 2.000000
0.111275 -0.050662 -0.200414 1.000000
-0.839880 0.088303 -0.083102 2.000000
0.109528 -0.011752 0.350098 1.000000
-0.016440 -0.027925 0.026191 1.000000
-0.711026 0.095291 -0.052529 2.000000
0.200027 -0.071573 0.053508 0.000000
-0.409618 0.101908 0.026826 0.000000
0.213659 0.056592 0.074339 0.000000
-0.688871 -0.007093 0.026112 0.000000
0.215062 -0.036819 -0.494279 1.000000
-0.133144 -0.029989 0.031088 1.000000
0.329066 -0.012758 -0.638696 1.000000
0.077818 -0.049445 0.225956 1.000000
0.017388 -0.053627 0.056869 0.000000
0.153335 -0.041663 -0.040909 1.000000
0.291612 -0.001323 -0.804713 1.000000
-0.031475 -0.036713 0.391364 1.000000
-0.061703 -0.046771 -0.058855 0.000000
-0.344477 0.048519 0.062878 0.000000
0.037796 -0.005426 0.422254 1.000000
0.330919 -0.020090 -0.281199 1.000000
0.158444 -0.016808 -0.285673 1.000000
-0.889695 0.122025 -0.010707 2.000000
-0.887684 0.009847 0.016503 2.000000
0.111805 -0.066041 0.018991 1.000000
-0.268350 0.070939 -0.058379 0.000000
-0.880458 0.090209 0.229027 2.000000
0.352015 -0.037480 -0.150149 1.000000
-0.885857 0.092803 -0.070449 2.000000
-0.696124 0.130442 -0.010707 2.000000
0.283565 -0.081287 0.016794 0.000000
0.272157 -0.012970 0.336175 1.000000
-0.691095 -0.021546 0.010998 2.000000
0.283195 -0.027925 0.021400 1.000000
0.354530 -0.031022 0.087494 1.000000
-0.614413 -0.027078 0.012612 2.000000
-0.862670 0.186293 -0.009093 2.000000
-0.840594 0.033061 -0.010707 2.000000
0.665599 -0.196218 0.002289 0.000000
0.374673 -0.041980 -0.220531 1.000000
0.472240 -0.071864 0.004089 0.000000
0.075621 -0.026204 -0.178312 1.000000
0.343466 -0.032028 0.016371 1.000000
0.366918 -0.045977 -0.224131 1.000000
0.045181 -0.019852 -0.640496 1.000000
0.232426 -0.005135 0.425642 1.000000
0.001744 -0.074061 -0.131223 1.000000
0.245899 0.004315 0.533770 1.000000
-0.752398 0.090394 0.287710 2.000000
0.324196 -0.098943 0.003295 1.000000
0.490133 0.099182 0.045805 0.000000
0.288118 0.013421 -0.631258 1.000000
-0.813463 0.088303 0.091518 2.000000
-0.671401 -0.008232 -0.010707 2.000000
-0.135712 -0.048545 0.079792 1.000000
0.129486 0.027608 0.833696 1.000000
0.214744 -0.066041 -0.134902 1.000000
0.041581 -0.053865 0.157506 1.000000
-0.247916 -0.076814 0.018780 0.000000
0.286053 -0.009952 0.763340 1.000000
-0.814548 0.061516 0.017297 2.000000
0.206301 -0.066041 0.101153 1.000000
-0.709094 0.009927 0.028256 0.000000
0.458264 0.080732 -0.057400 0.000000
-0.138597 -0.044283 0.070925 1.000000
-0.815131 0.008815 -0.010707 2.000000
0.056510 -0.041318 0.449306 1.000000
0.662211 0.082003 0.142948 0.000000
0.415913 -0.106089 -0.047606 1.000000
-0.877652 0.083406 -0.010707 2.000000
0.299050 -0.047909 -0.058485 0.000000
0.420598 0.029382 0.069336 0.000000
-0.189577 0.085020 0.066742 0.000000
0.218821 -0.005135 -0.418973 1.000000
0.378988 -0.063685 0.062216 1.000000
0.658664 -0.130759 -0.019442 0.000000
-0.816163 0.088303 0.198349 2.000000
0.659961 0.097329 0.166559 0.000000
-0.074541 -0.066041 0.037414 1.000000
0.123107 0.019906 -0.705399 1.000000
0.101905 -0.000052 -0.477206 1.000000
0.368453 -0.042457 -0.256000 1.000000
-0.718676 -0.008179 0.011368 0.000000
-0.141164 -0.029063 -0.017881 1.000000
0.077897 -0.047830 0.003295 1.000000
0.031893 -0.066041 0.049855 1.000000
-0.843083 0.095291 0.137257 2.000000
-0.834348 0.095291 -0.205999 2.000000
-0.005641 -0.007067 -0.547297 1.000000
0.257016 -0.002779 0.866651 1.000000
0.335472 -0.027581 -0.208858 1.000000
-0.522511 -0.033695 0.038076 0.000000
0.042057 -0.032398 -0.544597 1.000000
0.103070 -0.027316 0.171985 1.000000
-0.002438 -0.038089 0.447056 1.000000
-0.783923 0.093835 -0.311374 2.000000
0.252702 0.001271 0.901193 1.000000
0.382879 -0.016543 -0.061529 0.000000
-0.721164 0.095291 0.109120 2.000000
0.341242 -0.071044 -0.035801 0.000000
0.069374 -0.066041 0.006180 1.000000
0.141450 -0.035204 -0.512516 1.000000
0.245952 0.028138 0.806035 1.000000
-0.271633 0.002171 -0.058194 0.000000
0.008521 -0.018608 -0.265079 1.000000
0.660597 -0.112415 0.013459 0.000000
0.153573 -0.066041 -0.038739 1.000000
-0.871379 0.094338 -0.163622 2.000000
0.598446 -0.005505 0.050914 0.000000
-0.394239 0.031023 -0.051947 0.000000
0.661682 0.169882 -0.199620 0.000000
0.359162 -0.040577 0.151656 1.000000
0.326128 -0.003943 -0.490811 1.000000
0.150900 -0.046083 0.394832 1.000000
-0.000241 -0.066782 0.190249 1.000000
0.665361 0.047857 0.037970 0.000000
-0.000638 -0.012837 -0.331015 1.000000
0.664938 0.139468 -0.159466 0.000000
-0.125574 0.132745 -0.014890 0.000000
0.184331 0.037164 0.909028 1.000000
0.098014 0.001642 0.503013 1.000000
0.161382 0.013818 0.642375 1.000000
-0.831304 0.091188 -0.008352 2.000000
-0.486459 0.074459 -0.042921 0.000000
0.259319 0.001139 -0.490758 1.000000
0.059924 -0.062838 -0.231781 1.000000
0.057277 0.000980 -0.488985 1.000000
0.296641 -0.006167 -0.407353 1.000000
0.218450 -0.038354 -0.012825 1.000000
0.370200 0.000953 -0.063170 0.000000
-0.212712 0.008259 0.069019 0.000000
-0.779979 0.085153 0.017297 2.000000
0.245661 -0.033828 -0.528345 1.000000
-0.145691 0.025755 0.072645 0.000000
0.193992 -0.010534 -0.794628 1.000000
-0.934085 0.219856 0.002263 2.000000
-0.641359 -0.003176 0.017297 2.000000
-0.912142 0.115381 0.017297 2.000000
0.065086 -0.008126 -0.385013 1.000000
-0.620130 0.097885 -0.007028 2.000000
-0.295376 -0.012202 0.062322 0.000000
-0.901501 0.054157 0.017297 2.000000
0.210642 -0.002011 0.898626 1.000000
0.259504 -0.007490 -0.392027 1.000000
0.235152 0.027211 -0.788911 1.000000
-0.845147 0.066545 -0.010707 0.000000
0.278880 -0.018502 0.710004 1.000000
0.274963 -0.016384 0.296974 1.000000
-0.001167 -0.011752 0.349913 1.000000
0.231182 -0.023187 0.219233 1.000000
0.232611 -0.031763 -0.551903 1.000000
0.271971 -0.005611 0.420057 1.000000
0.009553 -0.050530 0.209307 1.000000
0.300532 -0.042483 -0.429481 1.000000
0.349051 -0.016940 0.415557 1.000000
-0.721138 0.182852 0.015789 2.000000
-0.853167 0.281530 -0.005758 2.000000
0.031787 -0.030889 -0.552167 1.000000
0.043116 -0.053653 -0.154384 1.000000
0.011273 -0.002144 0.625116 1.000000
0.106537 -0.014717 -0.309495 1.000000
0.186104 -0.025304 0.194987 1.000000
-0.624021 0.043093 -0.010707 2.000000
-0.790461 0.095291 -0.091413 2.000000
0.243279 -0.066041 0.100756 1.000000
-0.753616 0.088303 0.248455 2.000000
0.130042 0.018926 0.930230 1.000000
0.153494 0.005374 -0.539197 1.000000
0.263819 -0.057174 -0.261585 1.000000
0.046743 -0.047062 0.028070 1.000000
-0.872808 0.089388 -0.133208 2.000000
-0.056330 -0.038354 -0.222755 1.000000
0.462684 0.099473 0.047155 0.000000
0.317367 -0.048439 -0.050279 1.000000
0.282718 0.015432 0.925757 1.000000
-0.136876 -0.072579 -0.036198 0.000000
0.279965 -0.006696 -0.401159 1.000000
0.346880 -0.018290 0.554575 1.000000
-0.195242 -0.056591 0.060337 0.000000
0.210853 0.009821 -0.590072 1.000000
0.293888 -0.039333 -0.061264 0.000000
0.399952 -0.066041 0.041173 1.000000
-0.619204 0.055507 -0.037495 0.000000
0.330998 -0.051086 0.056869 0.000000
0.224856 -0.018793 -0.700211 1.000000
-0.712747 0.088620 -0.138026 2.000000
0.246164 -0.107598 0.006710 1.000000
0.109184 -0.064585 0.183420 1.000000
0.157517 -0.022234 0.667415 1.000000
-0.857667 0.095291 0.169841 2.000000
-0.933979 0.136398 -0.010707 2.000000
0.137453 -0.104872 -0.234507 1.000000
0.270833 0.026602 0.072698 0.000000
-0.040951 0.156594 0.012109 0.000000
0.587117 0.000583 -0.046812 0.000000
-0.612930 0.092035 0.026615 0.000000
-0.021125 -0.067259 0.057796 1.000000
0.045737 -0.083167 0.035058 1.000000
-0.871776 0.094285 -0.087892 2.000000
0.104552 -0.065882 -0.161928 1.000000
0.273692 -0.027925 0.015577 1.000000
0.365621 -0.027925 -0.005546 1.000000
0.000580 -0.027925 0.016053 1.000000
0.144256 0.070409 0.071427 0.000000
-0.868308 0.094682 0.157427 2.000000
-0.849038 0.088303 0.220795 2.000000
0.127554 -0.066041 0.158142 1.000000
0.188434 -0.057068 0.269260 1.000000
-0.917674 0.031473 -0.010707 2.000000
-0.047939 0.000927 0.071110 0.000000
0.201166 0.016888 0.677447 1.000000
-0.190477 -0.051403 -0.055864 0.000000
0.282321 0.003574 -0.064679 0.000000
0.131921 -0.003864 -0.433531 1.000000
-0.074488 -0.066041 -0.038845 1.000000
0.090682 -0.017205 0.069972 0.000000
-0.925826 0.099817 0.017297 2.000000
-0.047912 -0.032742 0.100703 1.000000
0.228032 -0.065194 0.176511 1.000000
-0.743531 0.088303 -0.028071 2.000000
-0.932867 0.040393 -0.008272 2.000000
-0.884904 0.043358 0.010998 0.000000
0.151244 -0.005955 0.416299 1.000000
0.188143 -0.027157 -0.167222 1.000000
-0.058288 -0.052383 -0.049379 1.000000
-0.569679 0.039996 -0.040989 0.000000
0.055292 -0.047512 -0.371990 1.000000
-0.279759 0.077715 0.062772 0.000000
0.114002 -0.002382 0.457009 1.000000
0.097299 0.048440 0.074074 0.000000
0.135336 -0.042562 -0.026351 1.000000
-0.022766 -0.014399 0.423975 1.000000
-0.784188 0.161676 -0.009940 2.000000
0.333778 -0.005585 0.507089 1.000000
0.625339 0.090870 0.004142 0.000000
0.256725 -0.026760 0.178311 1.000000
0.168185 -0.027925 0.075027 1.000000
-0.041719 -0.040736 -0.324080 1.000000
0.180440 -0.008443 -0.381280 1.000000
-0.010749 -0.015272 -0.321618 1.000000
0.010082 -0.021096 -0.236492 1.000000
-0.083540 -0.068767 0.003295 1.000000
0.072709 -0.085417 -0.028521 1.000000
-0.570050 0.084094 -0.031010 0.000000
-0.877758 0.092300 0.050014 2.000000
-0.136135 -0.057888 0.003295 1.000000
-0.885804 0.092379 0.260473 2.000000
-0.285556 -0.075385 -0.006208 0.000000
-0.362185 0.096402 0.042496 0.000000
0.010612 -0.049127 -0.224290 1.000000
0.333963 -0.021255 0.388056 1.000000
0.262866 0.023188 -0.742801 1.000000
-0.055086 -0.052224 0.022432 1.000000
0.253840 -0.012255 0.344196 1.000000
0.383117 -0.029195 -0.429164 1.000000
-0.824766 0.095291 -0.285567 2.000000
0.299870 0.015617 -0.768609 1.000000
-0.774712 0.100135 -0.010707 2.000000
0.253125 0.012626 -0.622100 1.000000
0.039490 0.005083 -0.699761 1.000000
0.005874 0.068080 -0.065340 0.000000
-0.275603 0.109743 0.020580 0.000000
0.100290 0.018159 0.691740 1.000000
0.140524 0.022685 0.931633 1.000000
0.265831 -0.002091 -0.064335 0.000000
0.665335 0.086873 0.105811 0.000000
-0.150641 -0.070011 0.050040 1.000000
-0.265836 -0.063765 -0.036833 0.000000
0.187772 0.010853 -0.601639 1.000000
-0.469572 0.003971 -0.045330 0.000000
0.164929 -0.028084 0.600500 1.000000
0.083165 -0.013578 -0.322465 1.000000
0.174299 -0.000238 0.481625 1.000000
0.165194 0.002250 -0.503411 1.000000
-0.471371 -0.057730 -0.000199 0.000000
-0.492918 0.004341 -0.043821 0.000000
0.159053 -0.083855 0.036276 0.000000
0.347515 -0.017840 -0.549441 1.000000
0.100555 -0.111489 -0.213781 1.000000
0.173505 -0.052436 -0.315636 1.000000
0.035705 -0.083167 0.033470 0.000000
0.171811 -0.026469 0.618949 1.000000
0.102037 -0.089069 0.020950 1.000000
0.148677 -0.048703 -0.358278 1.000000
0.308949 -0.069032 -0.050279 1.000000
0.426156 -0.102754 -0.019363 1.000000
-0.151885 0.117975 0.032253 0.000000
0.309082 -0.073002 0.042443 0.000000
-0.690592 0.195478 0.003110 2.000000
0.222526 -0.014822 -0.745607 1.000000
0.030226 -0.056538 0.120237 1.000000
0.043407 0.143862 0.018118 0.000000
-0.163134 -0.029725 0.069204 0.000000
0.162388 -0.004976 0.864692 1.000000
-0.002358 -0.087958 0.022988 0.000000
0.662026 0.129807 0.210578 0.000000
0.119825 -0.001217 0.470296 1.000000
0.058971 -0.047803 0.375324 1.000000
0.331184 -0.002514 -0.547456 1.000000
-0.834771 0.095291 0.062243 2.000000
0.064980 0.010482 -0.765379 1.000000
-0.304693 -0.047195 0.053455 0.000000
-0.029278 -0.066041 -0.077675 1.000000
0.165855 -0.046930 0.003295 1.000000
0.168026 -0.072897 -0.045409 0.000000
-0.196247 0.030017 0.071454 0.000000
-0.797767 0.095291 -0.035245 2.000000
0.282612 -0.032425 -0.544412 1.000000
-0.872411 0.122369 -0.010707 2.000000
0.664699 0.023241 0.052713 0.000000
0.648262 0.055851 0.017959 0.000000
0.092535 -0.027925 -0.049644 1.000000
0.128533 0.006697 0.560769 1.000000
0.048966 0.123216 0.040590 0.000000
0.342936 -0.043859 0.348590 1.000000
0.136686 -0.022446 -0.221272 1.000000
-0.282670 0.027635 -0.059041 0.000000
0.290183 -0.011646 -0.344594 1.000000
0.263475 -0.036077 0.021400 1.000000
0.422398 -0.024669 -0.448142 1.000000
0.299262 0.036740 0.073333 0.000000
0.104261 -0.023399 0.217036 1.000000
0.060639 -0.054659 0.145330 1.000000
-0.004026 -0.033378 -0.472362 1.000000
0.172261 -0.027925 0.110788 1.000000
0.067971 -0.000211 0.481837 1.000000
-0.549748 0.098970 0.018383 0.000000
0.106617 -0.036369 -0.499361 1.000000
-0.000585 -0.006538 -0.444013 1.000000
0.240155 -0.048386 -0.361931 1.000000
0.307229 -0.005717 -0.412303 1.000000
0.046240 -0.027925 0.088738 1.000000
0.195872 0.050716 0.074207 0.000000
0.256910 -0.020037 -0.685865 1.000000
0.081735 -0.023425 -0.647114 1.000000
-0.271447 0.097832 -0.041730 0.000000
0.002406 -0.009952 -0.363890 1.000000
0.374250 0.061224 0.071798 0.000000
0.083297 -0.032954 0.544914 1.000000
0.072762 -0.051747 0.329981 1.000000
0.046716 -0.057650 -0.256027 1.000000
0.365382 0.107017 -0.033895 0.000000
0.610860 -0.014664 -0.036833 0.000000
0.149974 -0.050927 -0.196285 1.000000
0.353603 -0.042298 0.325058 1.000000
0.044149 -0.090552 -0.226910 1.000000
0.303973 -0.009026 0.734277 1.000000
0.254634 0.027423 -0.066161 0.000000
0.142774 0.011435 -0.913264 1.000000
0.351168 -0.081684 -0.049247 1.000000
0.208498 -0.007146 -0.396183 1.000000
0.272130 0.021838 -0.727237 1.000000
0.417077 0.054819 -0.059279 2.000000
-0.852320 0.002833 -0.008193 2.000000
0.658214 -0.004817 -0.031909 0.000000
0.235470 -0.055241 0.062719 0.000000
0.424992 -0.017575 0.452615 1.000000
0.665573 -0.120648 0.023941 0.000000
0.073874 -0.072023 0.050225 0.000000
0.269880 -0.030148 -0.570273 1.000000
0.186449 -0.027925 0.086409 1.000000
0.343148 -0.023954 -0.399809 1.000000
-0.147279 0.044363 -0.067220 0.000000
0.537752 0.054819 0.065922 0.000000
0.319140 -0.043330 0.415796 1.000000
0.164399 0.112522 -0.018648 0.000000
0.277504 0.004050 -0.523898 1.000000
0.349951 -0.031895 -0.001020 1.000000
-0.712059 0.091082 -0.215978 2.000000
0.055186 0.004606 -0.769614 1.000000
-0.270733 0.022050 0.066081 0.000000
0.288647 -0.066041 -0.019839 1.000000
0.095949 -0.086528 0.003295 1.000000
-0.727517 0.088303 -0.099168 2.000000
0.692148 0.021785 -0.032254 0.000000
0.320543 0.006512 0.738088 1.000000
0.279224 0.000477 0.849340 1.000000
0.220541 0.023400 -0.745077 1.000000
-0.050851 -0.038010 0.204304 1.000000
0.210933 -0.032901 0.545655 1.000000
-0.841574 0.095291 0.202848 2.000000
0.185866 0.024538 0.764690 1.000000
0.099311 -0.114533 0.169656 1.000000
-0.944990 0.110749 -0.005387 2.000000
-0.581987 0.055295 -0.040486 0.000000
0.093779 0.018000 -0.809239 1.000000
0.075938 -0.027925 0.048558 1.000000
-0.062682 -0.046639 0.166612 1.000000
-0.019855 -0.014558 0.556137 1.000000
0.074483 -0.053018 -0.164045 1.000000
-0.502632 -0.050874 -0.007822 0.000000
0.211198 -0.065538 -0.165819 1.000000
-0.728655 0.088303 -0.032915 2.000000
0.104075 -0.027925 0.012612 1.000000
-0.709491 0.088885 0.140328 2.000000
-0.267450 -0.074511 -0.012507 0.000000
0.045022 -0.083511 0.121984 1.000000
-0.702688 0.183884 0.012268 2.000000
0.051401 -0.027925 -0.127120 1.000000
-0.136903 0.112205 0.047023 0.000000
0.110084 -0.116254 -0.170001 1.000000
-0.342280 0.078218 -0.051867 0.000000
0.223638 -0.041186 -0.060655 0.000000
0.285947 0.103417 0.050808 0.000000
-0.488259 0.086582 -0.035139 0.000000
0.199657 0.037720 0.915566 1.000000
0.057489 0.018688 -0.065632 0.000000
-0.291538 0.008153 0.063831 0.000000
0.212680 -0.010931 -0.789996 1.000000
0.081232 -0.008523 0.759290 1.000000
-0.769683 0.088303 0.071322 2.000000
0.060745 0.010244 -0.749021 1.000000
0.156697 -0.041477 0.006498 1.000000
0.317128 -0.123533 0.033444 1.000000
-0.814204 0.291906 0.011977 2.000000
0.112387 -0.066041 0.132281 1.000000
0.268028 0.026946 -0.820833 1.000000
0.004921 -0.035839 0.478025 1.000000
-0.721720 0.091797 0.261823 2.000000
0.299738 -0.066041 0.047711 1.000000
0.136765 -0.061329 -0.214073 1.000000
-0.101407 -0.032875 -0.047738 1.000000
0.097802 -0.046348 0.391841 1.000000
0.311940 -0.038910 -0.468074 1.000000
-0.504935 -0.040524 0.032464 0.000000
0.155135 0.032637 0.869298 1.000000
0.005715 -0.027925 0.127490 1.000000
0.002591 -0.004817 -0.588378 1.000000
-0.726908 0.243970 0.008854 2.000000
-0.864179 0.035973 0.011950 0.000000
-0.746734 0.088303 0.043343 2.000000
0.666261 -0.004473 0.012506 0.000000
-0.342465 -0.061144 -0.024022 0.000000
0.282295 -0.027925 -0.066426 1.000000
0.197169 -0.004102 0.437527 1.000000
0.213262 0.034437 -0.871310 1.000000
0.523723 -0.007940 -0.052132 0.000000
0.434679 0.099288 0.049008 0.000000
-0.181345 0.037111 0.072883 0.000000
-0.894672 0.091717 0.097076 2.000000
0.348627 -0.022128 0.333634 1.000000
0.220356 -0.082558 -0.050094 1.000000
0.183987 -0.046771 0.003295 1.000000
0.267604 -0.087693 0.003295 1.000000
0.222659 0.020832 0.722339 1.000000
0.191557 -0.016887 -0.284799 1.000000
0.646938 -0.018158 -0.013354 0.000000
0.234861 -0.066041 0.007768 1.000000
0.169270 -0.045315 -0.059332 0.000000
0.336689 -0.087587 0.003295 1.000000
0.171202 0.035125 -0.892036 1.000000
-0.090211 -0.058762 0.055652 1.000000
0.172340 0.013368 0.071877 0.000000
0.144283 -0.046004 -0.389248 1.000000
-0.824263 0.095291 0.143424 2.000000
0.103149 -0.056538 -0.268864 1.000000
0.194284 0.103496 -0.044165 0.000000
