0.089478 -0.047565 -0.095200 1.000000
0.072686 -0.023798 0.165558 3.000000
-0.069698 0.035231 0.108497 3.000000
-0.285474 0.016421 0.024486 0.000000
-0.059783 -0.001805 0.521336 1.000000
0.460251 -0.039230 -0.004409 0.000000
-0.044959 -0.032304 0.138729 3.000000
-0.014436 -0.040396 0.184708 1.000000
0.106368 -0.042316 0.130636 1.000000
0.218667 -0.060931 0.026552 0.000000
0.008140 -0.020129 0.049517 0.000000
-0.042918 0.003371 -0.509862 1.000000
0.281924 0.047941 0.116055 3.000000
0.236285 -0.018015 -0.120085 3.000000
0.464795 0.024732 0.037317 0.000000
0.101678 -0.074881 -0.006839 0.000000
-0.025129 -0.060567 -0.046791 1.000000
-0.115847 -0.051016 0.030221 0.000000
0.662344 0.003906 0.000038 0.000000
-0.487397 0.059119 -0.148032 2.000000
0.414660 0.034866 0.014911 0.000000
0.603947 0.039483 0.010683 0.000000
0.280976 0.052947 0.125824 3.000000
-0.336216 0.048354 0.023344 2.000000
-0.601689 0.070250 -0.241837 2.000000
-0.008798 -0.054905 -0.084264 1.000000
-0.066126 -0.015754 -0.421597 1.000000
0.518769 0.003128 0.050659 0.000000
-0.499961 0.062497 -0.156489 2.000000
-0.023428 0.034380 0.099190 3.000000
-0.608833 0.076252 0.289789 2.000000
-0.049479 -0.032401 0.120041 3.000000
-0.066126 -0.003409 0.157757 3.000000
-0.080294 0.029520 -0.033765 0.000000
-0.483971 0.060820 0.159652 2.000000
0.045565 -0.041660 0.148206 3.000000
0.039878 0.030589 -0.032356 0.000000
0.071641 -0.031696 0.216883 1.000000
-0.036308 -0.018744 0.106966 3.000000
0.564821 0.037005 -0.022635 0.000000
0.161193 -0.032401 0.113382 3.000000
-0.591093 0.068937 -0.230707 2.000000
0.255970 0.011901 0.177879 3.000000
0.326931 -0.051721 -0.038699 0.000000
-0.365524 0.061477 0.144440 2.000000
0.541370 -0.010189 -0.054908 0.000000
-0.349290 0.054672 0.107865 2.000000
-0.014096 -0.059255 0.055106 1.000000
0.057327 -0.022024 -0.113767 3.000000
-0.000754 0.001694 0.542940 1.000000
-0.076624 -0.065525 0.044098 1.000000
0.071616 0.057467 -0.130972 3.000000
-0.089674 -0.004746 0.098947 3.000000
0.603534 -0.052450 -0.029415 0.000000
-0.045931 -0.032401 -0.125091 3.000000
0.333978 -0.013251 0.052360 0.000000
-0.136796 0.049496 0.876847 1.000000
-0.091789 -0.068489 -0.010752 0.000000
0.089065 -0.013640 0.103054 3.000000
0.084861 -0.046715 -0.162589 3.000000
0.485597 0.024805 -0.041736 0.000000
-0.378477 0.062303 -0.154740 2.000000
-0.129554 0.059265 -0.948387 1.000000
0.130354 -0.049461 0.073017 1.000000
-0.332717 0.051391 -0.083001 2.000000
0.113124 -0.067469 -0.029245 0.000000
-0.125908 -0.057772 -0.027131 0.000000
0.095092 -0.046715 -0.171484 3.000000
0.331913 -0.074881 -0.023316 0.000000
-0.155702 -0.004284 0.043855 0.000000
0.314707 -0.072621 0.016661 0.000000
-0.178789 0.017709 -0.038650 0.000000
-0.202872 0.046677 0.040525 2.000000
0.055845 -0.035998 -0.272895 1.000000
0.377576 -0.067663 0.004777 0.000000
0.165980 0.027964 0.182399 3.000000
-0.252910 0.054672 -0.084386 2.000000
0.014969 -0.051672 0.090004 1.000000
0.033098 -0.046715 -0.169369 3.000000
-0.473643 0.065413 -0.183440 2.000000
-0.405233 0.055012 -0.113451 2.000000
0.025151 0.054721 0.157733 3.000000
0.046172 -0.038622 -0.172966 1.000000
0.460251 -0.051065 -0.025916 0.000000
-0.161559 0.048427 -0.893198 1.000000
0.009841 -0.039084 -0.048711 0.000000
0.011761 -0.035585 0.273263 1.000000
-0.078107 -0.043045 0.211561 1.000000
0.038347 -0.030433 0.311028 1.000000
-0.074923 0.015133 0.604715 1.000000
0.054629 -0.057359 -0.015296 0.000000
0.453495 -0.009655 0.052166 0.000000
0.102139 0.039362 -0.179236 3.000000
-0.054826 0.057710 0.148887 3.000000
-0.035166 -0.000177 -0.481356 1.000000
0.146369 -0.046715 0.162666 3.000000
0.064204 0.037952 0.015640 0.000000
0.287611 0.023566 -0.105018 3.000000
-0.059176 -0.026010 0.311053 1.000000
0.088142 -0.046715 0.146578 3.000000
-0.072833 -0.029752 0.125144 3.000000
-0.272229 0.047795 0.018265 2.000000
0.184158 -0.044115 0.159239 3.000000
0.029647 -0.065816 -0.053863 1.000000
-0.168048 0.054089 0.928561 1.000000
-0.100076 -0.021635 0.164975 3.000000
0.123744 -0.046350 -0.138166 1.000000
0.460251 0.033530 0.002566 0.000000
-0.547180 0.065948 -0.188471 2.000000
0.043937 -0.045087 0.123977 3.000000
0.252252 -0.030676 -0.134107 3.000000
0.035796 -0.038525 -0.254377 1.000000
-0.073125 -0.056557 0.118145 1.000000
-0.001435 -0.059279 0.046989 1.000000
-0.233590 0.051877 -0.058577 2.000000
0.253612 0.033554 0.106820 3.000000
-0.063356 -0.074881 -0.026426 0.000000
0.004471 -0.019716 0.389863 1.000000
0.048360 -0.000906 -0.054446 0.000000
0.231522 -0.029145 -0.126015 3.000000
0.213077 0.034137 0.020841 0.000000
-0.021143 -0.053762 0.097100 1.000000
0.126538 -0.001149 0.051753 0.000000
0.058396 0.040942 0.002104 0.000000
0.078542 0.040893 0.175351 3.000000
-0.117014 0.044806 0.834853 1.000000
-0.092348 0.037078 0.770308 1.000000
0.006220 0.053263 0.161256 3.000000
-0.192228 0.041816 -0.002319 2.000000
0.085371 -0.013300 0.176153 3.000000
0.257379 -0.023798 -0.131677 3.000000
-0.063744 -0.060348 0.091194 1.000000
-0.064911 -0.059643 -0.030193 0.000000
0.222944 0.038074 0.015154 0.000000
-0.041727 -0.020226 0.170199 3.000000
-0.466425 0.059921 0.130102 2.000000
-0.060998 -0.009509 0.464883 1.000000
0.214584 0.004222 0.115496 3.000000
0.055456 -0.044382 0.026746 1.000000
-0.457798 0.053190 -0.070728 2.000000
0.232324 -0.021733 0.110563 3.000000
0.111447 0.029423 0.026406 0.000000
0.025322 -0.004430 0.434311 1.000000
0.565113 -0.024236 0.052069 0.000000
0.000704 -0.024795 0.287115 1.000000
-0.262314 0.047382 -0.017046 2.000000
0.472936 0.035182 -0.026329 0.000000
-0.106151 -0.018039 0.400240 1.000000
-0.097208 0.035814 0.762410 1.000000
-0.430896 0.057758 0.110077 2.000000
0.460251 -0.026447 -0.047301 0.000000
-0.186323 0.040164 -0.008321 0.000000
-0.080804 0.041525 -0.000521 0.000000
-0.375269 0.050103 0.039480 2.000000
0.214122 0.043931 0.129567 3.000000
-0.069747 -0.052936 -0.141957 1.000000
-0.097816 -0.055026 0.027791 0.000000
-0.068751 0.023614 0.708095 1.000000
0.048238 -0.046739 -0.193963 1.000000
-0.082821 0.034963 0.752227 1.000000
0.054557 0.014088 -0.187717 3.000000
-0.432548 0.065073 0.177709 2.000000
0.114388 -0.062341 -0.079356 1.000000
-0.083064 -0.031624 0.141912 3.000000
0.166029 0.003954 -0.052915 0.000000
-0.143479 0.043834 -0.844473 1.000000
0.602051 -0.056897 -0.024531 0.000000
0.122213 -0.074881 -0.004628 0.000000
-0.224549 0.020407 0.030489 0.000000
-0.103842 -0.023555 -0.131896 3.000000
-0.127148 0.053749 -0.932178 1.000000
-0.062845 0.008985 -0.558344 1.000000
-0.614787 0.074162 0.261501 2.000000
0.182992 0.057588 0.129227 3.000000
-0.317139 -0.002607 -0.010168 0.000000
0.226297 -0.024479 0.145728 3.000000
-0.018033 -0.029145 -0.323224 1.000000
0.264475 0.015060 -0.047058 0.000000
0.058955 0.057199 -0.154448 3.000000
0.163113 -0.018306 -0.175007 3.000000
-0.013513 -0.046715 -0.111580 3.000000
0.125931 0.002399 -0.097922 3.000000
0.206929 0.008839 -0.097072 3.000000
0.111909 0.055401 -0.125529 3.000000
-0.321368 0.049156 -0.033498 2.000000
0.218205 -0.069121 -0.029245 0.000000
0.212931 -0.060518 -0.018674 0.000000
0.557506 0.032533 0.033866 0.000000
0.014993 -0.046715 0.119700 1.000000
0.239517 0.013456 0.045215 0.000000
0.082649 0.058366 -0.146574 3.000000
-0.534421 0.071635 0.250808 2.000000
0.253151 0.042934 -0.166356 3.000000
-0.038811 -0.046715 -0.132309 3.000000
-0.556317 0.061720 0.167308 2.000000
0.224523 0.031294 0.173407 3.000000
0.561176 0.024076 0.042348 0.000000
0.035601 0.047236 0.109372 3.000000
-0.048167 -0.062560 -0.077727 1.000000
0.226176 0.014890 -0.096585 3.000000
-0.108873 0.021816 0.176615 3.000000
0.573132 0.024489 -0.045309 0.000000
0.489826 0.022059 0.041497 0.000000
0.130621 -0.028877 0.156032 3.000000
0.247586 -0.002802 0.174209 3.000000
0.060656 -0.074492 0.006794 0.000000
-0.601348 0.072145 0.255061 2.000000
-0.061970 -0.030651 0.127161 3.000000
-0.084668 0.028645 0.745131 1.000000
0.005807 -0.046229 0.026552 1.000000
0.074120 -0.043288 0.216567 1.000000
-0.657947 0.112437 -0.290805 2.000000
-0.185399 0.042181 -0.001347 2.000000
0.462365 0.041428 -0.002659 0.000000
-0.023136 -0.067663 0.003100 0.000000
0.165616 0.001670 -0.186308 3.000000
-0.277211 0.051343 -0.082466 2.000000
0.029161 -0.064382 -0.064337 1.000000
-0.018276 0.004708 -0.512681 1.000000
-0.092664 0.024465 0.678933 1.000000
-0.072542 -0.066011 0.026552 0.000000
-0.107220 -0.003142 0.137489 3.000000
0.460251 -0.049388 -0.016365 0.000000
-0.120003 0.040601 -0.835700 1.000000
-0.416971 0.058585 0.140867 2.000000
-0.587035 0.073919 0.270153 2.000000
0.163234 -0.074881 -0.003704 0.000000
0.074557 0.033773 0.025507 0.000000
-0.570509 0.073530 0.255815 2.000000
0.586304 0.031585 0.034207 0.000000
0.075796 -0.021198 -0.112698 3.000000
-0.010767 -0.007783 0.179774 3.000000
-0.532696 0.070055 0.223639 2.000000
-0.096989 0.050273 0.149033 3.000000
-0.230187 0.044927 0.025677 2.000000
-0.169311 0.029447 -0.030606 0.000000
-0.028458 0.058828 -0.143050 3.000000
-0.123794 -0.015220 0.112604 3.000000
-0.049236 -0.005402 -0.183440 3.000000
0.223308 -0.038987 0.046066 0.000000
0.042284 -0.014564 0.052409 0.000000
0.288656 -0.011234 -0.174813 3.000000
0.155360 -0.068878 -0.004773 0.000000
0.253005 -0.030773 0.132532 3.000000
-0.104547 0.035692 -0.767023 1.000000
0.052321 0.038050 -0.104095 3.000000
-0.026295 -0.047322 -0.147182 1.000000
-0.068799 -0.025694 -0.322641 1.000000
0.156648 -0.044406 -0.046548 0.000000
0.092613 -0.022753 0.112045 3.000000
-0.308075 0.033335 0.016369 0.000000
0.158544 -0.032401 0.140211 3.000000
-0.661155 0.136496 0.287237 2.000000
-0.148436 0.030395 0.757938 1.000000
0.052442 -0.059619 0.096589 1.000000
-0.365475 0.053554 0.071413 2.000000
-0.442634 0.063834 -0.187814 2.000000
0.166199 -0.044188 -0.180111 3.000000
-0.071886 -0.016605 0.383545 1.000000
-0.145593 0.037977 0.015567 0.000000
-0.139979 -0.011696 0.046430 0.000000
-0.059394 0.021500 -0.695308 1.000000
-0.268195 0.054915 -0.086695 2.000000
-0.236214 0.044587 0.022882 2.000000
-0.100926 -0.011696 -0.440480 1.000000
-0.062481 -0.007929 0.436839 1.000000
-0.191572 -0.033033 -0.023316 0.000000
-0.068702 0.023250 0.132969 3.000000
-0.067147 0.020479 0.184197 3.000000
-0.645626 0.124637 -0.291364 2.000000
0.156454 -0.046715 -0.119599 3.000000
0.327247 -0.059668 0.027475 0.000000
-0.270139 -0.016848 0.011096 0.000000
-0.020609 -0.008124 0.474992 1.000000
0.058882 -0.046715 -0.171459 3.000000
0.005856 -0.074881 0.007232 0.000000
0.245010 0.036835 0.020719 0.000000
0.001506 -0.032717 -0.180111 3.000000
-0.136115 0.063688 0.980688 1.000000
-0.300687 0.052704 -0.066208 2.000000
-0.010864 -0.052377 0.100089 1.000000
0.102626 -0.032401 -0.143998 3.000000
0.616122 0.010103 0.035981 0.000000
-0.092980 -0.060518 0.021910 0.000000
0.478355 -0.056144 0.031266 0.000000
0.238278 -0.010530 -0.180913 3.000000
0.541418 -0.022292 -0.055491 0.000000
0.537870 0.034307 -0.033012 0.000000
0.008505 0.014841 0.040914 0.000000
0.078688 -0.041223 0.142787 1.000000
0.216868 0.038390 -0.113232 3.000000
-0.610850 0.075280 0.271878 2.000000
-0.034607 -0.010967 -0.456786 1.000000
-0.101995 0.044830 -0.833440 1.000000
-0.081242 0.028110 -0.743815 1.000000
0.016038 0.003055 0.095131 3.000000
0.201461 -0.046812 -0.043972 0.000000
-0.146881 0.054599 0.917868 1.000000
-0.254027 0.043955 0.017511 2.000000
-0.043890 -0.016775 -0.176174 3.000000
-0.642734 0.053481 -0.299797 2.000000
0.206175 -0.061782 -0.008200 0.000000
-0.650778 0.170810 -0.285775 2.000000
0.236626 -0.009120 0.170491 3.000000
-0.411624 0.043785 -0.018844 2.000000
-0.139736 0.036907 0.805764 1.000000
0.289142 0.001451 -0.178677 3.000000
0.037983 -0.033592 0.101523 3.000000
-0.053003 -0.011113 -0.412047 1.000000
-0.333032 0.040626 0.003538 0.000000
-0.438113 0.049812 -0.039549 2.000000
-0.386472 0.045413 0.029832 2.000000
-0.201341 -0.038185 -0.018285 0.000000
-0.084255 -0.009242 -0.469521 1.000000
-0.133879 0.007600 0.126481 3.000000
0.147827 -0.011526 -0.054957 0.000000
0.301122 0.037928 0.015713 0.000000
-0.064182 -0.066254 0.047816 1.000000
0.460251 0.005510 -0.013692 0.000000
0.053730 -0.060300 0.002396 0.000000
-0.162944 0.041525 -0.000472 0.000000
0.047922 -0.034686 0.198900 1.000000
-0.466984 0.062376 -0.175420 2.000000
0.468635 0.029666 -0.034154 0.000000
-0.023647 -0.034880 -0.230804 1.000000
0.272884 0.039508 -0.108299 3.000000
-0.302874 0.045535 -0.033522 2.000000
0.055504 -0.049607 -0.046791 1.000000
-0.485721 0.069666 0.230395 2.000000
0.063451 -0.044382 0.038508 0.000000
-0.204282 -0.018501 0.030926 0.000000
-0.138181 0.001767 -0.149661 3.000000
0.027168 0.048402 -0.170755 3.000000
-0.050816 -0.054807 0.044098 1.000000
-0.138035 0.004610 0.131244 3.000000
0.036865 -0.050822 0.036953 0.000000
0.053730 -0.065354 -0.025576 0.000000
-0.091789 -0.070628 -0.030922 1.000000
0.205616 -0.033057 -0.051165 0.000000
-0.117208 -0.006447 -0.052089 0.000000
0.040850 -0.032401 -0.121203 3.000000
0.024884 -0.004794 -0.434186 1.000000
-0.041363 -0.046715 0.125824 1.000000
-0.333664 0.052169 0.086747 2.000000
-0.006514 -0.048635 -0.180086 1.000000
0.158228 -0.036460 -0.180111 3.000000
-0.075725 0.013991 -0.103998 3.000000
0.171351 -0.014151 -0.178191 3.000000
-0.161632 0.050103 0.896968 1.000000
-0.053684 0.040553 0.003927 0.000000
-0.518261 0.062327 0.172484 2.000000
-0.335754 0.020941 -0.019840 0.000000
-0.380081 0.053822 0.073794 2.000000
-0.144451 0.040285 -0.007762 0.000000
0.202773 0.051950 0.163444 3.000000
0.024665 -0.047638 -0.043073 0.000000
0.502171 0.020504 0.041522 0.000000
-0.073076 0.035158 0.099578 3.000000
-0.056673 0.013869 -0.591029 1.000000
0.499984 -0.060397 0.026697 0.000000
-0.100416 0.028912 0.031801 0.000000
-0.114365 0.051003 0.880006 1.000000
-0.044400 -0.034224 0.283203 1.000000
0.090086 -0.016192 0.052506 0.000000
0.148604 0.036300 0.100065 3.000000
0.069964 -0.038598 -0.167134 1.000000
-0.044886 0.016008 0.652347 1.000000
-0.036016 -0.031842 0.143735 3.000000
0.042795 -0.011599 0.376740 1.000000
0.148920 -0.002000 -0.099477 3.000000
0.215459 0.038341 0.168450 3.000000
0.180659 -0.034758 0.047791 0.000000
-0.047438 -0.032401 0.154476 3.000000
0.460251 -0.038282 -0.043559 0.000000
0.278109 0.036907 -0.177243 3.000000
0.156503 -0.067663 -0.014178 0.000000
0.553739 0.009544 -0.052502 0.000000
0.205398 0.055061 -0.159576 3.000000
-0.027729 -0.016313 -0.362593 1.000000
-0.527495 0.060918 -0.163124 2.000000
-0.012492 -0.003409 0.447653 1.000000
-0.654764 0.141429 0.284977 2.000000
-0.650851 0.137079 -0.288132 2.000000
0.134145 0.051294 0.164294 3.000000
-0.602078 0.053919 -0.297367 2.000000
-0.053416 -0.033981 0.284977 1.000000
0.152347 -0.057894 -0.046791 1.000000
0.053998 -0.041004 0.233457 1.000000
-0.131644 0.014793 0.125120 3.000000
-0.468612 0.058099 -0.115881 2.000000
-0.031423 -0.056023 0.031388 0.000000
0.018906 -0.032401 0.131511 3.000000
0.043329 0.036130 0.022420 0.000000
0.612939 -0.037675 -0.039962 0.000000
0.266517 0.045608 0.168766 3.000000
-0.250261 0.046069 -0.004895 2.000000
0.572476 -0.000469 0.051728 0.000000
0.022405 -0.025888 0.271295 1.000000
-0.078083 -0.041830 -0.230027 1.000000
-0.206323 0.043785 0.016223 2.000000
-0.047098 -0.062924 0.072360 1.000000
0.009841 0.027211 0.031655 0.000000
0.095651 0.051513 -0.166696 3.000000
0.055140 0.038827 -0.179625 3.000000
0.141824 -0.032401 0.113625 3.000000
-0.600109 0.075717 0.276034 2.000000
0.007290 -0.004333 0.097756 3.000000
-0.597120 0.077443 -0.294548 2.000000
0.005540 -0.018258 0.172362 3.000000
0.265447 -0.028416 0.126189 3.000000
-0.065008 -0.035560 0.251051 1.000000
-0.010985 -0.031016 -0.250999 1.000000
-0.052420 -0.027760 0.158778 3.000000
-0.022383 -0.029193 -0.157996 3.000000
0.222312 0.059071 -0.142249 3.000000
0.105760 0.039945 0.006697 0.000000
0.253758 0.029423 -0.033887 0.000000
0.537044 -0.059935 -0.029877 0.000000
0.042916 -0.046715 -0.125091 3.000000
-0.118375 -0.002437 0.513559 1.000000
-0.222411 0.004902 0.033964 0.000000
0.639768 -0.009922 -0.035515 0.000000
-0.007802 -0.013713 0.433971 1.000000
0.307805 -0.040202 0.042615 0.000000
-0.355633 0.045923 0.034109 2.000000
0.088652 -0.032401 0.168936 3.000000
0.361561 0.027308 -0.036633 0.000000
0.541856 0.038074 0.025677 0.000000
0.278741 -0.008974 0.175522 3.000000
0.291572 -0.012935 0.052336 0.000000
-0.433010 0.060310 -0.136392 2.000000
0.048724 -0.030408 -0.233356 1.000000
-0.131012 -0.067128 -0.008394 0.000000
0.004446 -0.044892 -0.207499 1.000000
-0.320809 0.055936 0.093284 2.000000
0.037375 -0.044868 -0.130559 1.000000
-0.095653 0.049058 -0.154910 3.000000
-0.429681 0.052363 -0.091166 2.000000
-0.106734 -0.016338 0.163201 3.000000
-0.032638 -0.050895 0.124609 1.000000
-0.413885 0.061331 -0.145724 2.000000
-0.157914 -0.054905 0.012384 0.000000
-0.429340 0.059168 0.145728 2.000000
0.046464 -0.067663 -0.013182 0.000000
0.038080 -0.021101 -0.305970 1.000000
-0.132373 0.028864 0.732761 1.000000
-0.307491 0.042618 -0.009026 2.000000
-0.074826 0.022497 0.124269 3.000000
0.287149 -0.004527 -0.108129 3.000000
-0.482634 0.067188 -0.199795 2.000000
-0.063744 0.030322 0.713612 1.000000
0.234317 0.031610 0.105654 3.000000
-0.618335 0.135694 0.287334 2.000000
0.549268 0.024076 0.038192 0.000000
0.230599 -0.006836 -0.054738 0.000000
-0.263675 -0.006884 -0.023850 0.000000
-0.603463 0.049083 0.297638 2.000000
0.002526 -0.028610 -0.327136 1.000000
-0.005299 -0.059279 -0.052113 1.000000
0.046950 -0.032401 0.122325 3.000000
0.040437 -0.064309 -0.064823 1.000000
-0.370190 0.055450 0.114500 2.000000
0.117523 -0.063337 0.069396 1.000000
-0.117111 0.042570 -0.821532 1.000000
0.633182 -0.050919 -0.006863 0.000000
0.020413 -0.032401 -0.115371 3.000000
0.174850 -0.032401 -0.162832 3.000000
-0.010985 -0.045573 -0.149588 3.000000
0.155239 -0.062633 0.003708 0.000000
0.580350 -0.054953 0.031922 0.000000
0.061726 -0.018403 -0.340940 1.000000
-0.055992 -0.033495 -0.291243 1.000000
0.023305 0.015789 -0.096828 3.000000
-0.022577 -0.032620 -0.051360 0.000000
0.262069 0.033651 -0.023121 0.000000
0.137717 -0.049340 -0.041226 0.000000
-0.079176 -0.050725 -0.164582 1.000000
0.104157 -0.058720 -0.105990 1.000000
-0.091837 0.026992 0.034377 0.000000
-0.033610 0.028135 0.032870 0.000000
0.053998 -0.040396 -0.048201 0.000000
-0.510970 0.070493 -0.243830 2.000000
0.496241 -0.026180 -0.053960 0.000000
-0.049163 -0.058307 -0.089708 1.000000
0.202943 -0.006568 -0.182954 3.000000
0.124351 -0.031478 -0.149272 3.000000
0.008335 -0.046715 0.167405 3.000000
0.173490 -0.063969 0.026552 0.000000
-0.028410 0.008863 -0.602403 1.000000
0.345741 0.028159 -0.035539 0.000000
0.485403 -0.062851 -0.024433 0.000000
0.454856 -0.074881 0.006697 0.000000
0.217767 0.045729 0.171633 3.000000
-0.059808 -0.058671 -0.106233 1.000000
-0.040804 0.037588 0.177879 3.000000
-0.121923 0.005485 -0.571661 1.000000
-0.096941 -0.025791 -0.054130 0.000000
-0.307491 0.013942 0.021132 0.000000
0.239104 0.007940 -0.104289 3.000000
-0.010912 -0.046715 0.177028 3.000000
-0.017401 -0.035706 0.272291 1.000000
-0.071375 -0.045378 0.201330 1.000000
0.108045 0.057637 -0.152115 3.000000
0.260611 0.026676 0.175303 3.000000
-0.258839 -0.011161 -0.021104 0.000000
0.271571 -0.021077 -0.125140 3.000000
0.250235 -0.063921 -0.029245 0.000000
-0.174196 0.043688 0.015276 2.000000
-0.587181 0.071149 -0.236369 2.000000
0.028870 0.028815 -0.034665 0.000000
0.654227 0.015012 -0.014470 0.000000
-0.065421 0.004805 -0.052453 0.000000
-0.170697 0.056106 -0.949578 1.000000
0.369046 -0.067663 0.005919 0.000000
0.019878 -0.021879 -0.304463 1.000000
0.113124 0.014647 0.093965 3.000000
0.085833 -0.059230 0.027937 0.000000
-0.262946 0.048378 0.054888 2.000000
0.010911 0.048864 -0.114156 3.000000
0.162821 -0.046715 -0.124557 3.000000
-0.654569 0.160409 -0.287039 2.000000
-0.110477 0.048645 -0.128397 3.000000
-0.114511 0.012338 -0.101033 3.000000
0.070450 -0.050530 0.163419 1.000000
-0.074923 0.045608 -0.110097 3.000000
0.061045 -0.033009 0.177417 3.000000
0.283577 0.046361 -0.117072 3.000000
-0.153126 -0.020639 0.041424 0.000000
-0.581081 0.067917 -0.206527 2.000000
-0.524336 0.068597 0.225194 2.000000
-0.084620 -0.071333 0.026552 0.000000
-0.060828 -0.047371 0.040671 0.000000
-0.035093 -0.037942 0.255985 1.000000
-0.558480 0.067188 -0.216004 2.000000
-0.004351 -0.019448 0.327578 1.000000
-0.664387 0.053846 0.293701 2.000000
-0.033950 -0.053082 0.144658 1.000000
-0.100319 0.043542 -0.857231 1.000000
-0.006951 -0.033811 -0.288910 1.000000
0.177281 0.048427 0.110903 3.000000
0.229943 -0.020396 -0.111458 3.000000
0.001360 -0.040785 -0.176077 1.000000
-0.110112 0.023955 -0.136951 3.000000
-0.078520 0.052849 -0.119939 3.000000
-0.345451 0.021306 0.015689 0.000000
-0.285887 0.040188 0.005506 0.000000
-0.120100 0.021646 -0.181180 3.000000
-0.051521 -0.030992 -0.309566 1.000000
-0.088071 -0.028294 0.050416 0.000000
0.281389 0.054526 -0.149150 3.000000
-0.507398 0.056835 -0.128834 2.000000
-0.076795 0.000188 -0.538659 1.000000
-0.453156 0.062740 -0.158871 2.000000
-0.157817 0.056276 -0.950793 1.000000
0.085784 -0.053325 -0.145578 1.000000
0.511503 0.041452 -0.002513 0.000000
0.489194 0.009981 0.047038 0.000000
0.233296 0.022278 0.040525 0.000000
-0.409291 0.047309 0.045872 2.000000
0.569633 -0.052329 -0.038042 0.000000
0.380686 -0.023993 -0.054859 0.000000
-0.518066 0.060820 -0.162419 2.000000
-0.562441 0.070760 -0.232870 2.000000
0.153829 -0.071916 0.044098 1.000000
-0.016891 -0.032401 0.117829 3.000000
-0.047705 -0.037213 0.101523 3.000000
0.284524 0.048840 0.161111 3.000000
-0.115240 0.008499 -0.599827 1.000000
0.053657 -0.021222 -0.302835 1.000000
-0.002844 -0.065087 0.056467 1.000000
-0.091473 0.009203 0.572054 1.000000
0.214316 -0.074881 0.024851 0.000000
0.268971 0.055960 0.146457 3.000000
0.016476 -0.057092 -0.117874 1.000000
0.025710 -0.010821 -0.386846 1.000000
0.314707 -0.062025 0.021691 0.000000
-0.665141 0.115767 0.289667 2.000000
0.377211 -0.008707 -0.054835 0.000000
-0.109529 0.044806 -0.835044 1.000000
-0.033003 -0.046715 0.107063 1.000000
0.037497 -0.021490 0.376862 1.000000
0.228655 -0.029412 0.049954 0.000000
0.095262 -0.046715 0.158389 3.000000
-0.016599 -0.068635 0.026552 0.000000
0.128021 0.042594 -0.107594 3.000000
-0.288317 0.053044 0.066528 2.000000
-0.337310 0.049763 -0.069270 2.000000
0.065517 -0.055998 -0.125991 1.000000
-0.043234 -0.067663 0.008981 0.000000
0.445038 -0.047493 -0.043219 0.000000
-0.028896 0.007041 -0.589037 1.000000
0.240149 -0.022632 -0.169588 3.000000
0.001676 -0.055002 -0.133233 1.000000
-0.076284 0.029252 -0.710376 1.000000
-0.023063 -0.074881 -0.025673 0.000000
-0.122093 0.023517 0.177806 3.000000
0.459181 -0.074881 -0.005794 0.000000
-0.139056 -0.045621 0.027135 0.000000
-0.259277 0.054089 0.076273 2.000000
-0.003330 -0.026058 0.279800 1.000000
-0.102117 0.029252 -0.136756 3.000000
-0.646841 0.107091 -0.293479 2.000000
0.305011 -0.061199 0.001521 0.000000
-0.066539 0.027065 -0.736160 1.000000
0.585745 0.020625 -0.044968 0.000000
-0.143163 0.046094 0.873299 1.000000
-0.549561 0.070225 -0.227961 2.000000
-0.127828 0.012654 -0.630301 1.000000
0.287416 0.008815 0.101474 3.000000
-0.101169 0.005267 -0.554310 1.000000
-0.026247 -0.028148 0.327918 1.000000
0.162262 -0.058015 -0.014008 0.000000
0.366446 -0.062122 -0.005745 0.000000
0.064059 -0.057967 0.108740 1.000000
0.152007 -0.053690 0.033891 0.000000
-0.078204 0.004635 -0.571418 1.000000
0.279275 -0.074881 0.011630 0.000000
0.082528 -0.052766 -0.057824 1.000000
0.064812 -0.020007 0.309206 1.000000
0.528830 0.021281 -0.043802 0.000000
0.004155 -0.057359 0.015762 0.000000
0.523241 0.032509 -0.034349 0.000000
0.067461 -0.030603 -0.129782 3.000000
0.203454 -0.032255 -0.143269 3.000000
0.214778 0.001621 -0.126890 3.000000
-0.283821 0.046069 -0.004846 2.000000
-0.021386 -0.018598 -0.343394 1.000000
0.017375 -0.062438 0.003465 0.000000
-0.006538 -0.032401 -0.131094 3.000000
0.263212 0.048670 -0.167960 3.000000
0.262215 0.056616 0.146384 3.000000
0.033681 -0.010627 -0.180913 3.000000
-0.037912 -0.052134 -0.154302 1.000000
-0.147027 0.026433 0.728800 1.000000
-0.159955 -0.051259 -0.020472 0.000000
-0.108678 0.031221 0.028374 0.000000
-0.102336 0.043979 0.824476 1.000000
-0.048799 -0.005912 -0.101081 3.000000
0.258546 -0.026472 0.158948 3.000000
-0.224719 0.032217 -0.024482 0.000000
-0.107099 0.034113 -0.787947 1.000000
-0.141680 0.039872 0.827684 1.000000
-0.061241 -0.040445 0.215522 1.000000
-0.272983 0.041962 -0.003534 2.000000
-0.082262 -0.048465 -0.029245 0.000000
0.226735 -0.067299 0.026552 0.000000
-0.101850 -0.003555 -0.140985 3.000000
0.181971 0.026482 0.183007 3.000000
0.375972 0.031658 0.028253 0.000000
0.137960 -0.015366 -0.177267 3.000000
0.256990 -0.058185 0.022469 0.000000
0.202919 -0.067663 0.018265 0.000000
0.523168 0.006069 -0.051797 0.000000
-0.104256 -0.016119 0.416255 1.000000
-0.165059 0.051659 0.909970 1.000000
0.263528 0.025364 0.097124 3.000000
-0.102968 0.016810 -0.660800 1.000000
-0.040609 -0.060834 -0.029245 0.000000
0.365522 -0.037432 -0.048687 0.000000
0.603607 0.022764 -0.039598 0.000000
-0.048945 -0.035998 -0.180111 3.000000
-0.433642 0.053919 -0.077484 2.000000
0.054338 -0.074249 -0.029245 0.000000
0.096113 -0.063216 -0.006839 0.000000
-0.047924 0.039799 -0.105431 3.000000
0.124327 -0.058234 -0.109465 1.000000
0.015917 -0.043920 -0.146769 1.000000
-0.346253 0.049301 -0.065406 2.000000
0.014337 -0.004454 0.097804 3.000000
-0.568881 0.070420 0.240553 2.000000
0.061944 -0.024284 -0.278120 1.000000
-0.315341 0.057078 0.103831 2.000000
-0.581105 0.074381 0.273919 2.000000
0.205349 0.033627 -0.182735 3.000000
-0.421540 0.057977 0.112143 2.000000
-0.126127 0.005607 0.148571 3.000000
-0.102725 0.036859 0.805424 1.000000
0.019368 -0.028051 0.256495 1.000000
0.008626 -0.035342 0.177417 3.000000
0.030741 -0.040421 -0.165311 1.000000
0.127924 0.015984 -0.187474 3.000000
-0.198085 -0.015900 0.033356 0.000000
-0.488783 0.066701 0.192776 2.000000
-0.070039 0.032509 -0.733973 1.000000
0.043183 -0.032717 0.214915 1.000000
-0.364333 0.042035 0.001399 2.000000
0.123161 -0.067663 0.003659 0.000000
-0.088873 0.026458 0.691594 1.000000
0.005807 0.000333 -0.527505 1.000000
0.024131 -0.067663 -0.022854 0.000000
-0.076722 0.009009 -0.603521 1.000000
0.009598 -0.044382 -0.029342 1.000000
0.071641 -0.062924 0.072409 1.000000
0.191424 -0.074881 -0.000788 0.000000
0.216236 0.010321 -0.187474 3.000000
0.266152 -0.074881 -0.012720 0.000000
-0.040172 -0.021976 0.373241 1.000000
0.163477 -0.067663 -0.013765 0.000000
0.031324 -0.046715 -0.147789 3.000000
0.275533 0.035279 0.102738 3.000000
-0.442634 0.047090 -0.046694 2.000000
-0.642346 0.173751 0.281477 2.000000
0.072710 -0.028513 0.122009 3.000000
-0.042894 -0.048805 0.176032 1.000000
0.105372 -0.044090 0.116808 1.000000
0.229335 -0.006520 0.098509 3.000000
0.111447 -0.043167 -0.045843 0.000000
0.397285 0.024052 0.038241 0.000000
-0.022043 -0.034345 0.230978 1.000000
-0.136820 0.023614 0.036540 0.000000
-0.175727 0.058317 -0.965617 1.000000
-0.055506 0.024732 -0.097995 3.000000
-0.023233 -0.074881 0.001715 0.000000
0.260587 -0.029971 0.148328 3.000000
-0.039686 -0.032401 -0.170050 3.000000
0.598698 -0.062803 -0.007301 0.000000
0.045079 -0.050312 0.164975 1.000000
-0.226153 0.004367 -0.036147 0.000000
-0.185180 0.005267 -0.041906 0.000000
0.111447 -0.073787 0.003076 0.000000
-0.089577 -0.007468 -0.460335 1.000000
-0.578748 0.065122 -0.198677 2.000000
-0.134851 0.002423 0.144318 3.000000
0.602124 -0.007297 0.046674 0.000000
-0.315389 0.052436 0.061084 2.000000
0.453446 -0.064504 -0.029245 0.000000
-0.178740 0.046993 -0.045770 2.000000
-0.048945 -0.074881 -0.042951 0.000000
0.620691 -0.056144 0.002298 0.000000
0.248631 -0.036508 0.047087 0.000000
-0.444408 0.058901 -0.123463 2.000000
0.015917 -0.043313 -0.104192 3.000000
0.019222 -0.044382 0.032165 1.000000
0.174972 -0.046715 -0.147206 3.000000
0.688177 -0.016629 -0.001347 0.000000
0.180926 -0.068149 0.026552 0.000000
0.283479 -0.015827 -0.167085 3.000000
-0.651775 0.047989 -0.298072 2.000000
-0.066126 -0.036654 -0.132698 3.000000
0.022089 -0.010189 -0.181229 3.000000
0.321585 0.023128 -0.042125 0.000000
-0.336726 0.054623 0.081206 2.000000
0.076793 -0.073423 -0.029245 0.000000
0.493228 0.039070 -0.021420 0.000000
-0.061144 0.009835 -0.609596 1.000000
-0.059783 -0.023094 0.364905 1.000000
-0.076187 -0.027808 0.311320 1.000000
0.205130 -0.040396 0.045507 0.000000
0.235095 -0.058623 0.028593 0.000000
-0.026052 -0.052013 0.112361 1.000000
-0.256579 0.017029 -0.031238 0.000000
0.069891 -0.067663 0.006916 0.000000
0.076331 -0.027128 -0.254936 1.000000
-0.053951 -0.046715 -0.118749 3.000000
-0.402827 0.049301 0.032117 2.000000
0.597896 -0.048367 -0.001347 0.000000
-0.313324 0.054210 0.077294 2.000000
0.030595 0.024854 0.037172 0.000000
-0.301586 0.051003 -0.079744 2.000000
0.621541 -0.053860 -0.015126 0.000000
0.088822 0.000917 -0.186065 3.000000
-0.058179 -0.026569 0.161621 3.000000
-0.594787 0.071222 -0.295325 2.000000
0.075602 -0.033543 0.202156 1.000000
0.001190 -0.016484 -0.107910 3.000000
-0.088629 0.014307 -0.608308 1.000000
-0.341611 0.045024 -0.029367 2.000000
0.531819 -0.002437 -0.054519 0.000000
0.038615 -0.032401 -0.114131 3.000000
0.592890 -0.064261 0.004510 0.000000
-0.202629 0.030468 -0.027787 0.000000
0.107170 -0.012036 -0.104508 3.000000
0.001846 0.036859 -0.023291 0.000000
-0.012176 -0.003628 -0.448767 1.000000
-0.045494 -0.010967 0.406364 1.000000
-0.009940 -0.031867 0.300554 1.000000
-0.318451 -0.004721 0.002736 0.000000
-0.166176 0.062157 -0.984135 1.000000
0.031446 -0.074881 -0.034713 0.000000
0.111010 0.038949 0.011120 0.000000
0.223284 0.039581 -0.011019 0.000000
-0.097816 0.039070 -0.170196 3.000000
0.276894 0.007648 -0.050971 0.000000
-0.107463 -0.032936 -0.049270 0.000000
0.645527 0.006336 -0.028054 0.000000
0.086732 -0.061661 0.081571 1.000000
-0.571725 0.069253 0.216227 2.000000
0.554469 0.040893 -0.005065 0.000000
0.090013 -0.056533 -0.121908 1.000000
0.214438 -0.015682 0.159896 3.000000
-0.039783 -0.019521 0.343738 1.000000
0.451478 0.041087 -0.004190 0.000000
-0.316289 0.047892 0.019067 2.000000
0.067194 -0.031696 0.301794 1.000000
-0.081120 0.026506 -0.098991 3.000000
-0.059394 -0.064455 0.054450 1.000000
-0.097257 -0.013810 -0.423542 1.000000
0.149139 -0.074881 -0.030558 1.000000
-0.085567 -0.038379 -0.255398 1.000000
0.386932 -0.065306 0.005336 0.000000
0.294974 -0.060640 -0.000423 0.000000
-0.042140 -0.032401 0.112896 3.000000
0.157548 -0.033713 0.044778 0.000000
0.043426 -0.028950 0.155861 3.000000
-0.524409 0.059241 -0.149077 2.000000
0.590508 0.019775 0.041619 0.000000
0.284451 -0.009387 0.104658 3.000000
0.054095 0.012411 0.185024 3.000000
-0.113612 0.037952 0.784305 1.000000
0.232397 -0.022632 0.167210 3.000000
-0.127391 0.018511 0.659759 1.000000
-0.048070 -0.046569 -0.195202 1.000000
-0.143916 0.041938 0.000500 2.000000
-0.546912 0.063469 -0.165603 2.000000
0.334683 -0.069218 0.026552 0.000000
0.000898 -0.038525 0.251635 1.000000
0.006439 -0.049874 -0.046791 1.000000
0.008140 -0.032401 0.110198 3.000000
-0.571287 0.064174 -0.190731 2.000000
0.046172 -0.074881 0.008981 0.000000
0.287562 -0.015852 0.164343 3.000000
0.207779 0.033335 0.098777 3.000000
0.270745 0.016300 -0.180354 3.000000
0.446836 0.038025 0.015276 0.000000
0.164012 -0.024479 0.114281 3.000000
0.148264 -0.046715 -0.144557 3.000000
0.116842 -0.046715 -0.126525 3.000000
0.530167 -0.015997 0.052482 0.000000
0.313079 0.013262 -0.048006 0.000000
-0.194682 0.050298 -0.058821 2.000000
-0.066928 -0.040591 -0.221521 1.000000
0.087461 -0.074881 0.033648 1.000000
0.120828 -0.032401 0.106359 3.000000
0.276480 -0.024211 0.131147 3.000000
-0.491602 0.059046 0.144683 2.000000
0.086052 -0.046715 0.160527 3.000000
-0.030305 0.006020 0.522697 1.000000
0.365522 0.039240 -0.004457 0.000000
0.150937 -0.065111 -0.007957 0.000000
-0.127707 0.045170 0.841925 1.000000
0.039611 -0.067663 -0.028638 0.000000
-0.002528 -0.021514 0.376522 1.000000
-0.031909 -0.074881 0.020744 0.000000
-0.081193 -0.040251 0.238852 1.000000
-0.381539 0.046580 -0.009561 2.000000
0.033536 -0.002753 -0.099793 3.000000
0.097206 0.057588 -0.152407 3.000000
-0.094340 0.023736 0.145242 3.000000
0.290308 -0.051551 -0.038893 0.000000
-0.045883 -0.012109 0.398515 1.000000
-0.079298 0.051051 0.135740 3.000000
-0.058860 0.008985 0.600705 1.000000
0.264354 0.041379 0.000111 0.000000
-0.033878 0.016518 0.184708 3.000000
0.597021 -0.027565 -0.049027 0.000000
0.282629 0.040699 0.003198 0.000000
-0.409972 0.049058 0.029881 2.000000
0.503119 0.039386 0.009176 0.000000
-0.439401 0.059630 0.149664 2.000000
-0.048483 -0.054564 -0.136416 1.000000
0.063378 0.057297 0.151511 3.000000
-0.017207 -0.046739 -0.193987 1.000000
-0.604508 0.063372 -0.298630 2.000000
0.544529 -0.054905 -0.035272 0.000000
0.258521 -0.074881 0.020185 0.000000
0.011397 0.012946 -0.096537 3.000000
-0.461394 0.064879 -0.196612 2.000000
0.632793 -0.005694 0.035811 0.000000
-0.093368 -0.011550 -0.435790 1.000000
-0.117451 0.019362 0.676940 1.000000
-0.078010 0.026895 -0.153379 3.000000
-0.315851 0.009495 -0.020181 0.000000
-0.428125 0.055523 0.089493 2.000000
-0.086224 0.027041 -0.736111 1.000000
-0.058908 -0.015633 -0.384391 1.000000
0.499887 -0.039619 0.045823 0.000000
-0.075822 0.029763 -0.176393 3.000000
0.036865 -0.041684 -0.231072 1.000000
-0.059200 -0.053981 0.137975 1.000000
-0.017182 -0.007273 0.420702 1.000000
-0.415343 0.055741 0.116881 2.000000
0.106222 -0.036557 -0.188641 1.000000
-0.238912 0.047625 -0.019354 2.000000
0.268971 0.024732 -0.100109 3.000000
0.214827 0.008207 0.151973 3.000000
-0.029382 0.014647 -0.096683 3.000000
-0.654229 0.167165 0.283519 2.000000
0.007290 -0.032401 -0.160426 3.000000
0.248266 -0.015098 0.165363 3.000000
0.056914 -0.031162 0.129956 3.000000
-0.407056 0.052388 0.060477 2.000000
-0.339229 0.056422 0.097829 2.000000
0.087534 0.013092 0.045410 0.000000
-0.025299 -0.010870 0.100915 3.000000
-0.114171 0.002520 0.134403 3.000000
-0.516973 0.066483 0.190783 2.000000
-0.052031 -0.046715 0.176980 3.000000
-0.650098 0.060796 0.296253 2.000000
-0.125738 0.023663 0.708508 1.000000
-0.026563 0.011950 -0.569571 1.000000
-0.080124 0.031026 0.721923 1.000000
-0.086467 0.050249 0.164537 3.000000
-0.075871 -0.010116 0.430083 1.000000
-0.098545 0.028961 -0.750206 1.000000
-0.099104 0.039435 -0.792273 1.000000
-0.358015 0.053967 0.101863 2.000000
0.139832 -0.074881 0.005798 0.000000
-0.431042 0.053044 -0.069343 2.000000
-0.143697 -0.064820 -0.005867 0.000000
-0.136285 0.047333 -0.885032 1.000000
0.148969 -0.032401 -0.106865 3.000000
-0.261585 0.053433 0.070198 2.000000
-0.089626 -0.003774 -0.138457 3.000000
0.121751 -0.032401 -0.109660 3.000000
-0.349922 0.049739 0.036127 2.000000
0.098737 -0.032401 0.115229 3.000000
0.247318 0.048427 -0.157267 3.000000
0.289555 -0.006957 0.175133 3.000000
-0.003743 0.054939 0.121766 3.000000
0.173052 0.025170 -0.039452 0.000000
-0.042991 -0.025718 -0.348401 1.000000
0.460251 -0.007881 -0.046743 0.000000
-0.293518 0.014380 0.023441 0.000000
0.072589 -0.046715 -0.158774 3.000000
0.078640 0.007502 -0.097242 3.000000
0.096088 -0.046715 0.103394 1.000000
0.314683 0.024441 -0.035175 0.000000
0.027193 -0.023507 -0.364658 1.000000
0.162116 -0.003895 0.181378 3.000000
0.035188 -0.046448 -0.196126 1.000000
-0.251087 0.046555 0.006721 2.000000
-0.059735 -0.047493 0.185704 1.000000
0.282434 -0.027881 0.132580 3.000000
-0.611385 0.113215 0.290056 2.000000
-0.187100 0.050589 -0.046645 2.000000
0.264305 -0.000274 -0.177948 3.000000
-0.085203 -0.024090 -0.360406 1.000000
0.376312 -0.058040 -0.031918 0.000000
0.012782 -0.056581 0.057245 1.000000
-0.077232 -0.019132 -0.372848 1.000000
-0.067463 -0.023069 -0.367866 1.000000
0.477480 0.032023 0.027791 0.000000
-0.432281 0.044878 -0.027957 2.000000
-0.006538 -0.046715 -0.173306 3.000000
0.339616 0.031415 0.028593 0.000000
0.017982 0.034988 -0.102151 3.000000
-0.505770 0.058244 -0.140620 2.000000
0.625819 -0.028707 0.035859 0.000000
-0.038544 0.020334 -0.635818 1.000000
0.157329 -0.057359 0.024437 0.000000
-0.000536 -0.004576 0.436207 1.000000
-0.082676 0.015789 0.613075 1.000000
-0.085179 -0.029922 -0.129636 3.000000
-0.038908 -0.041952 0.189325 1.000000
-0.006927 -0.063119 0.070902 1.000000
-0.379254 0.058755 0.142180 2.000000
0.012806 -0.015171 0.353386 1.000000
0.214171 0.040213 -0.155906 3.000000
0.032077 -0.049510 -0.099769 1.000000
-0.066442 -0.024430 0.143832 3.000000
0.075140 -0.046715 -0.138773 3.000000
0.052345 -0.013737 -0.364780 1.000000
-0.099468 0.027892 0.739663 1.000000
-0.475417 0.054745 -0.111215 2.000000
-0.394808 0.059168 0.123224 2.000000
0.117279 -0.008950 0.052141 0.000000
0.088652 -0.044260 0.209447 1.000000
-0.021022 -0.000590 0.470958 1.000000
0.081920 -0.064091 0.063831 1.000000
0.162262 -0.057359 -0.029002 1.000000
0.244937 -0.069899 -0.029245 0.000000
0.261656 -0.043483 0.044243 0.000000
-0.093854 0.040188 0.829871 1.000000
0.013973 -0.023798 -0.362447 1.000000
-0.217793 0.048111 -0.055321 2.000000
-0.164111 0.057856 -0.962458 1.000000
-0.026150 -0.042365 0.178268 1.000000
-0.010159 0.022812 -0.186575 3.000000
0.403554 0.006676 0.048788 0.000000
0.248631 -0.007200 0.099457 3.000000
0.191133 -0.031526 0.132823 3.000000
-0.037839 -0.057699 -0.113475 1.000000
-0.229094 0.048645 0.057075 2.000000
-0.058179 0.048864 -0.170147 3.000000
-0.505988 0.057904 0.111486 2.000000
0.032199 -0.017383 -0.409617 1.000000
-0.639454 0.170543 -0.285823 2.000000
0.054897 0.053238 -0.163999 3.000000
0.244013 0.027235 0.034061 0.000000
0.231376 -0.031988 0.135618 3.000000
-0.506377 0.061793 -0.170487 2.000000
-0.006271 -0.044382 -0.041105 1.000000
-0.472476 0.062619 -0.157802 2.000000
-0.079978 -0.015973 0.393411 1.000000
0.002575 -0.067663 -0.001177 0.000000
-0.090063 0.051051 0.135740 3.000000
-0.125836 0.046361 0.875267 1.000000
0.019756 0.029155 0.181889 3.000000
-0.085738 0.032169 0.732105 1.000000
-0.074996 -0.013494 -0.438147 1.000000
0.133683 0.028548 -0.184850 3.000000
-0.066126 -0.013835 0.119749 3.000000
0.213077 -0.071163 -0.004263 0.000000
-0.634229 0.073895 -0.272555 2.000000
-0.274149 0.052947 -0.096075 2.000000
0.063427 -0.060421 0.090684 1.000000
-0.034631 -0.060057 -0.096124 1.000000
0.493957 0.043542 -0.001323 0.000000
0.313128 0.034575 0.016223 0.000000
-0.476899 0.068160 -0.224170 2.000000
-0.050014 -0.007735 -0.434064 1.000000
-0.066126 0.033044 0.734997 1.000000
0.007557 -0.046715 -0.114326 3.000000
-0.041873 -0.046715 0.153699 1.000000
-0.091764 0.046094 -0.171921 3.000000
0.480494 -0.002510 0.051825 0.000000
-0.475635 0.069812 0.221330 2.000000
0.064569 0.012752 -0.048298 0.000000
-0.129821 0.017515 -0.128105 3.000000
-0.047073 -0.003142 -0.514333 1.000000
0.005394 -0.044406 -0.148616 1.000000
0.127195 0.005704 -0.186842 3.000000
-0.083550 0.001305 -0.185700 3.000000
-0.069577 0.045632 0.107282 3.000000
