-0.621884 0.055828 -0.019796 0.000000
0.109337 -0.023288 0.340032 1.000000
-0.653491 0.203363 0.000248 2.000000
0.004395 -0.047283 -0.165838 1.000000
-0.002664 -0.030973 -0.087710 0.000000
-0.444234 0.093049 -0.017652 2.000000
-0.455677 0.122681 0.031470 2.000000
-0.525759 0.024461 -0.105465 2.000000
0.045374 -0.130181 0.171923 3.000000
0.050144 0.058719 -0.066822 0.000000
-0.639880 0.044264 0.163973 2.000000
-0.608368 0.136124 -0.040370 2.000000
0.074886 -0.019987 0.085025 0.000000
0.031088 -0.065568 0.083797 0.000000
-0.587481 0.231165 0.005476 2.000000
-0.440187 0.033544 -0.061281 2.000000
0.301152 -0.118690 -0.253554 3.000000
0.083342 -0.083926 0.004801 0.000000
0.125406 -0.039694 -0.245893 1.000000
-0.703577 0.048215 0.000971 0.000000
0.301417 -0.078120 0.207771 3.000000
-0.554042 0.097988 -0.029384 2.000000
0.529418 -0.038731 -0.076387 0.000000
0.170384 -0.020445 -0.136976 1.000000
-0.082671 -0.026926 -0.335320 1.000000
0.650428 -0.084143 -0.002306 0.000000
-0.616969 0.032676 -0.032661 0.000000
-0.182048 -0.054173 -0.065184 0.000000
-0.066530 0.088713 0.019063 0.000000
-0.000616 -0.010327 -0.450284 1.000000
-0.519351 0.016680 -0.077085 2.000000
-0.614512 0.236874 -0.003486 2.000000
-0.532167 0.065489 0.019931 0.000000
-0.526434 -0.031744 0.003524 0.000000
-0.418191 -0.009170 -0.066220 0.000000
-0.066482 -0.008424 -0.551468 1.000000
0.669220 -0.035599 0.078545 0.000000
0.355599 -0.020204 -0.084072 0.000000
0.907074 -0.058196 0.031350 0.000000
0.184068 -0.059521 -0.056945 1.000000
0.008515 -0.015940 -0.336453 1.000000
0.184478 -0.039309 0.057826 1.000000
-0.519640 0.028340 -0.119920 2.000000
-0.068385 0.079124 0.044697 0.000000
0.254824 -0.045669 0.057826 1.000000
-0.053521 -0.035478 -0.224356 1.000000
-0.515039 0.101505 -0.014520 2.000000
-0.600972 0.034869 -0.135868 2.000000
0.046386 -0.066195 -0.116282 1.000000
-0.160583 -0.019482 -0.618105 1.000000
0.757442 0.081823 -0.034275 0.000000
-0.651396 0.096446 -0.028035 2.000000
0.209003 -0.048295 0.188112 1.000000
-0.063928 -0.029070 -0.393091 1.000000
0.089606 0.081847 -0.037551 0.000000
-0.206862 -0.004256 -0.724058 1.000000
0.066430 -0.033744 0.338370 1.000000
0.042291 -0.035599 0.280382 1.000000
-0.062459 -0.023216 -0.340548 1.000000
-0.119025 -0.021505 0.584632 1.000000
-0.569509 0.176959 0.007307 2.000000
0.705622 -0.036153 -0.077350 0.000000
0.572999 -0.046560 0.071920 0.000000
-0.161426 -0.017458 0.523078 1.000000
-0.426623 0.112443 0.037662 2.000000
-0.247601 -0.021312 0.744141 1.000000
-0.050051 -0.035406 -0.233679 1.000000
0.374727 -0.036635 -0.077254 0.000000
-0.420480 -0.059064 0.004464 0.000000
-0.667561 0.177272 0.002705 2.000000
0.828006 0.054286 -0.059378 0.000000
0.662209 0.004538 0.088085 0.000000
0.036171 -0.131819 0.140267 3.000000
0.172818 -0.023914 0.094156 1.000000
0.034726 -0.039574 0.101143 1.000000
-0.375140 0.121260 -0.028565 2.000000
-0.101511 -0.026637 -0.430891 1.000000
0.873129 -0.055787 -0.045333 0.000000
0.183610 -0.100115 0.277106 3.000000
-0.194889 -0.019602 -0.554046 1.000000
0.623422 -0.006352 -0.086119 0.000000
-0.718659 0.115767 -0.015508 2.000000
0.055035 -0.015916 -0.290968 1.000000
-0.281593 0.045830 -0.073929 0.000000
-0.140322 0.020775 -0.085084 0.000000
-0.113171 -0.008954 0.559408 1.000000
-0.566763 0.160409 0.009210 2.000000
-0.004880 -0.022276 0.084086 0.000000
0.210617 0.053467 -0.070846 0.000000
0.816105 -0.027287 0.076714 0.000000
0.066141 0.074162 -0.050296 0.000000
0.178431 -0.019963 0.139496 1.000000
0.148028 -0.015796 0.214396 1.000000
-0.388655 0.146436 -0.041165 2.000000
-0.188673 -0.080770 -0.024060 0.000000
-0.109461 0.080305 0.042167 0.000000
-0.166919 0.053322 -0.070966 0.000000
-0.500945 -0.013170 -0.046128 0.000000
0.249838 -0.097417 0.206639 3.000000
-0.566618 0.203484 0.006343 2.000000
-0.113773 -0.008303 -0.569488 1.000000
-0.262417 -0.005605 0.086326 0.000000
0.054987 -0.053908 0.135352 1.000000
0.645586 -0.079589 0.027808 0.000000
0.002058 0.024822 -0.084554 0.000000
-0.106859 -0.079059 0.029061 0.000000
0.663149 0.076956 -0.046586 0.000000
0.139138 -0.029913 -0.056945 1.000000
0.303007 -0.109800 0.269686 3.000000
0.037906 -0.079084 0.044118 0.000000
0.153400 -0.009652 0.086567 0.000000
0.238466 -0.045259 0.224731 3.000000
0.926515 0.006995 -0.057354 0.000000
-0.321802 0.064886 0.054526 0.000000
-0.224738 -0.075422 0.037855 0.000000
0.199390 -0.044031 -0.251844 3.000000
-0.539612 0.021353 -0.030203 2.000000
-0.011698 -0.021361 0.296282 1.000000
0.885367 0.052792 0.045010 0.000000
-0.035404 -0.027697 0.457405 1.000000
-0.631400 0.038506 0.142315 2.000000
-0.017914 -0.025938 0.256797 1.000000
-0.193443 -0.014374 0.721326 1.000000
0.091557 0.068066 0.059127 0.000000
-0.138346 -0.023818 -0.484928 1.000000
0.400481 -0.083179 0.010415 0.000000
-0.198165 0.072716 0.053056 0.000000
0.031088 -0.091780 0.021593 0.000000
-0.049088 -0.011170 0.464585 1.000000
0.022897 -0.035502 -0.245508 1.000000
0.835835 0.045396 0.065391 0.000000
-0.617571 0.056286 0.021015 0.000000
-0.683750 0.334276 -0.000836 2.000000
0.005214 -0.019120 0.301101 1.000000
-0.520387 0.031158 0.127667 2.000000
0.033425 -0.115293 0.140195 3.000000
-0.680642 0.153205 0.009860 2.000000
0.891920 0.061995 -0.027144 0.000000
0.598728 -0.017024 -0.084722 0.000000
-0.416071 0.135233 -0.042924 2.000000
-0.024346 0.053636 -0.070725 0.000000
-0.618824 0.319074 0.003018 2.000000
0.061660 -0.124544 -0.163862 3.000000
-0.506727 0.175249 0.008222 2.000000
0.073248 -0.050632 -0.162658 1.000000
-0.141936 -0.020421 -0.602156 1.000000
-0.513738 0.198979 0.007403 2.000000
-0.277691 0.038651 0.757487 1.000000
-0.386776 0.118779 0.039228 2.000000
0.273399 0.088327 0.022051 0.000000
0.272941 -0.054727 0.120777 1.000000
0.162121 -0.043284 -0.221850 1.000000
0.019235 -0.042898 -0.086818 1.000000
-0.653997 0.031062 0.021834 0.000000
0.052698 -0.065641 -0.127677 1.000000
0.139547 -0.068556 0.057826 1.000000
-0.029839 -0.079782 -0.047043 0.000000
-0.381862 0.029689 -0.070147 0.000000
0.922179 0.056213 -0.019146 0.000000
-0.541105 0.103384 -0.019146 2.000000
0.079970 -0.049692 0.171730 1.000000
0.209750 -0.120183 0.234416 3.000000
0.145064 0.023473 -0.084746 0.000000
0.325990 -0.046970 -0.056945 1.000000
-0.618872 0.032965 -0.113800 2.000000
-0.167473 -0.009074 0.612265 1.000000
0.389856 0.049709 -0.073737 0.000000
-0.650215 0.279564 0.002922 2.000000
0.612364 -0.026709 -0.081373 0.000000
-0.351169 0.046216 0.067559 0.000000
0.033088 -0.015290 -0.321492 1.000000
0.938440 0.040795 -0.030372 0.000000
-0.461291 0.121453 0.042360 2.000000
-0.419830 0.071367 -0.027746 0.000000
-0.500584 0.026653 -0.053789 0.000000
-0.053135 -0.060437 0.057826 1.000000
0.045061 -0.133867 -0.169090 3.000000
0.287083 -0.107294 0.226923 3.000000
0.048530 -0.044561 -0.090287 0.000000
0.226180 -0.055498 -0.148902 1.000000
-0.589505 0.040988 -0.161453 2.000000
0.135789 0.023473 -0.084746 0.000000
0.045688 -0.033358 -0.342066 1.000000
-0.210813 -0.012302 -0.737140 1.000000
0.138343 -0.054510 -0.149022 1.000000
-0.445680 0.017089 -0.022302 2.000000
-0.192383 -0.017410 -0.657663 1.000000
0.005070 0.007886 0.087675 0.000000
0.259619 0.008344 -0.086722 0.000000
0.282216 0.081895 0.038312 0.000000
-0.003170 0.034363 -0.080964 0.000000
-0.526723 0.041060 0.097047 2.000000
-0.620366 0.165155 -0.006931 2.000000
-0.604201 0.015090 0.050430 2.000000
-0.043137 -0.032587 0.279756 1.000000
-0.119121 -0.023963 -0.082506 0.000000
0.193681 -0.054390 0.155854 1.000000
-0.274318 -0.008014 0.745393 1.000000
0.089172 -0.026010 0.146410 1.000000
-0.420119 0.069753 0.032482 0.000000
0.807986 0.082618 -0.021001 0.000000
-0.286243 0.029858 -0.755546 1.000000
-0.567196 0.042000 0.164768 2.000000
0.767103 -0.066893 -0.049477 0.000000
-0.046462 -0.032081 0.296355 1.000000
-0.530216 0.012030 0.055730 2.000000
0.558400 -0.050246 0.069077 0.000000
0.001359 0.064477 -0.062414 0.000000
0.119335 -0.029648 0.077075 1.000000
0.292889 0.088857 0.017907 0.000000
-0.230375 -0.015073 0.697355 1.000000
0.160700 -0.009676 -0.085686 0.000000
-0.264199 0.040241 0.759101 1.000000
-0.401255 -0.057835 -0.027192 0.000000
0.687168 -0.067520 0.051105 0.000000
0.488800 -0.002160 -0.086674 0.000000
0.091317 -0.123363 -0.168608 3.000000
0.173227 -0.055209 0.245570 3.000000
0.531610 -0.071519 0.045925 0.000000
-0.551585 0.058020 0.185679 2.000000
0.242369 -0.063810 -0.098912 1.000000
-0.660574 0.065778 0.246221 2.000000
0.369138 -0.082071 0.018895 0.000000
-0.119242 -0.041766 -0.475508 1.000000
-0.598346 0.059899 0.197098 2.000000
0.255644 0.079510 -0.043237 0.000000
-0.628292 -0.000811 0.010150 0.000000
0.600969 0.005694 0.087965 0.000000
-0.709239 0.333842 0.000272 2.000000
-0.531228 -0.012230 0.039059 0.000000
0.822898 -0.021337 -0.077254 0.000000
0.239382 0.039036 0.079894 0.000000
0.054890 -0.012013 -0.374951 1.000000
-0.516508 0.013837 -0.066678 2.000000
0.291540 -0.044416 0.231164 3.000000
0.032196 0.080955 -0.039720 0.000000
0.086402 -0.035237 -0.307013 1.000000
0.179154 -0.070218 -0.060583 1.000000
0.078717 -0.029576 0.126728 1.000000
0.572782 0.055178 0.070402 0.000000
0.200306 0.089917 0.009885 0.000000
0.266822 -0.040128 0.250413 3.000000
0.287083 -0.086215 -0.229824 3.000000
-0.028321 -0.029889 -0.400728 1.000000
0.454831 -0.073470 -0.041671 0.000000
0.015043 -0.073808 -0.074507 0.000000
0.091630 -0.033816 0.066258 1.000000
0.695672 0.015090 0.086591 0.000000
0.375618 -0.060124 -0.059908 0.000000
-0.531541 0.208302 0.007018 2.000000
-0.422070 -0.027311 0.057971 0.000000
-0.578110 0.097241 0.011740 2.000000
-0.083948 -0.018952 -0.407932 1.000000
-0.673752 0.115912 -0.033938 2.000000
-0.691508 0.168166 -0.002426 2.000000
0.037352 -0.027962 0.180307 1.000000
-0.034175 -0.014446 -0.400463 1.000000
-0.477986 0.054142 -0.043165 0.000000
0.642093 -0.029046 0.081291 0.000000
0.044362 -0.036683 -0.109681 1.000000
0.170818 0.089532 -0.011990 0.000000
-0.213656 -0.014711 0.722651 1.000000
-0.237530 -0.024131 -0.743331 1.000000
0.035304 -0.061545 -0.079976 1.000000
0.139620 -0.014326 -0.255819 1.000000
-0.030899 -0.048873 0.139135 1.000000
-0.460520 0.172936 -0.008232 2.000000
-0.144899 0.074378 0.050912 0.000000
0.217025 -0.023264 0.070233 1.000000
0.029040 -0.142492 0.176958 3.000000
-0.201273 -0.018807 -0.579293 1.000000
0.205943 -0.021337 -0.083590 0.000000
0.004347 -0.017193 0.325096 1.000000
-0.315056 -0.069905 0.041227 0.000000
0.092666 -0.083179 0.010415 0.000000
0.036340 -0.135578 -0.023410 0.000000
-0.391089 0.057635 -0.052392 0.000000
0.099748 -0.078048 -0.030613 0.000000
-0.023431 -0.036586 -0.235076 1.000000
0.052987 -0.101392 -0.016736 0.000000
0.054722 0.059610 0.067029 0.000000
0.796832 0.054479 0.065873 0.000000
-0.496416 0.170671 -0.011774 2.000000
0.051999 -0.069736 0.002392 0.000000
0.190573 -0.025312 0.062934 1.000000
0.091076 -0.024733 -0.154732 1.000000
0.169565 -0.001461 -0.086746 0.000000
0.065467 -0.137168 0.162142 3.000000
0.350467 0.082545 -0.035889 0.000000
0.161278 -0.079589 -0.061811 0.000000
-0.153957 -0.006569 0.671867 1.000000
-0.491525 0.003935 0.020051 2.000000
-0.216956 -0.006472 -0.741260 1.000000
0.239575 -0.057040 -0.278874 3.000000
-0.644987 0.085364 0.012559 2.000000
-0.184529 -0.005051 0.691525 1.000000
0.253138 -0.077277 0.069173 0.000000
-0.408916 0.073848 0.010174 2.000000
-0.401520 0.016631 0.071004 0.000000
0.071345 -0.057401 -0.087469 0.000000
-0.462568 0.154964 0.024942 2.000000
-0.111581 -0.020638 0.428809 1.000000
-0.448884 0.031616 0.037132 2.000000
-0.093030 -0.027624 0.405127 1.000000
0.230805 -0.078481 -0.065377 0.000000
-0.084791 0.075173 -0.048971 0.000000
-0.039427 -0.031696 0.326204 1.000000
-0.302794 -0.056293 0.061079 0.000000
-0.337774 0.013042 -0.079591 0.000000
0.999970 0.005670 -0.005317 0.000000
0.011984 -0.039212 -0.128954 1.000000
-0.132372 -0.024252 0.478774 1.000000
0.014610 -0.012543 -0.384539 1.000000
0.439701 0.002177 -0.087228 0.000000
0.306597 -0.048801 -0.232258 3.000000
0.592296 -0.084095 0.003500 0.000000
0.841666 0.078450 -0.004691 0.000000
-0.456063 -0.030009 -0.046056 0.000000
0.091582 -0.015699 -0.254807 1.000000
0.268340 0.030532 0.083435 0.000000
0.018368 -0.056703 -0.056945 1.000000
-0.010204 -0.077494 -0.031938 0.000000
0.079439 -0.036297 0.280430 1.000000
0.275495 -0.046151 -0.213924 3.000000
0.318522 0.037711 0.080448 0.000000
0.062913 -0.032684 0.361016 1.000000
0.565458 0.044409 -0.076796 0.000000
-0.420576 -0.051884 0.031133 0.000000
-0.130179 0.027834 0.084544 0.000000
0.228758 0.005260 -0.087131 0.000000
-0.260417 -0.011194 0.710075 1.000000
0.167831 -0.014687 0.241426 1.000000
-0.110183 -0.026829 -0.374011 1.000000
0.061660 0.041614 -0.077953 0.000000
0.017693 -0.065665 0.179199 1.000000
-0.718153 0.104493 -0.006763 2.000000
-0.030995 -0.037960 -0.221850 1.000000
-0.029550 -0.028203 -0.249483 1.000000
0.068887 -0.008713 0.086688 0.000000
-0.580254 0.055948 -0.002884 2.000000
-0.543274 0.036627 -0.087902 2.000000
-0.593865 0.139064 -0.039430 2.000000
0.026270 -0.119099 -0.160032 3.000000
-0.039186 -0.022806 -0.314963 1.000000
0.226035 -0.083179 0.204446 3.000000
-0.246492 -0.014398 -0.693848 1.000000
-0.055882 0.087677 -0.023458 0.000000
-0.375429 0.032122 0.070908 0.000000
-0.030345 -0.039959 0.207843 1.000000
-0.612922 0.098759 -0.032878 2.000000
0.263497 -0.105849 0.211216 3.000000
0.079367 -0.148178 0.166237 3.000000
-0.504462 0.098662 -0.003173 2.000000
0.658499 0.083051 0.035445 0.000000
0.569674 0.068596 0.058429 0.000000
-0.050943 -0.064051 -0.082650 0.000000
-0.623185 0.040940 0.138677 2.000000
0.033907 -0.114136 -0.138615 3.000000
0.162217 -0.035575 -0.259963 1.000000
0.689505 0.090158 0.006512 0.000000
0.037906 -0.034129 -0.318890 1.000000
-0.258562 0.086496 0.023303 0.000000
-0.299276 0.087243 0.000417 0.000000
0.019597 0.085195 -0.029457 0.000000
-0.364949 -0.071760 0.005452 0.000000
0.194789 -0.027046 -0.056945 1.000000
0.763971 -0.127724 -0.016303 0.000000
0.287733 -0.024950 0.097794 1.000000
0.427198 0.089339 0.014269 0.000000
-0.042680 -0.045428 0.154577 1.000000
0.085896 -0.038514 0.253906 1.000000
-0.566666 0.040193 -0.111006 2.000000
0.304742 -0.046006 -0.089420 0.000000
-0.573701 0.009259 -0.037768 2.000000
0.222108 -0.056871 0.141496 1.000000
0.868841 -0.065568 -0.032155 0.000000
0.321847 -0.077253 0.045877 0.000000
-0.380705 0.047468 0.001404 2.000000
0.448423 -0.084456 0.000079 0.000000
0.180406 0.020534 0.086013 0.000000
0.111192 -0.031359 -0.067376 1.000000
0.470105 -0.042633 -0.074050 0.000000
-0.674716 0.169539 0.004199 2.000000
-0.653419 0.267808 0.002585 2.000000
-0.537492 0.018944 -0.083590 2.000000
-0.520411 0.014897 0.068017 2.000000
0.175974 -0.061545 -0.250712 1.000000
-0.013457 -0.041356 0.090928 0.000000
0.318739 0.042867 -0.077447 0.000000
-0.615307 0.023449 0.034000 0.000000
-0.461508 0.168118 -0.021290 2.000000
0.282505 -0.113655 -0.271093 3.000000
-0.557656 0.047324 -0.134929 2.000000
0.282168 -0.045910 -0.265528 3.000000
-0.156897 0.047035 -0.075712 0.000000
-0.054581 -0.024902 0.518164 1.000000
0.123936 -0.036538 0.057826 1.000000
0.294455 -0.043886 -0.105778 1.000000
0.210400 -0.063159 0.210517 3.000000
-0.557439 0.005790 0.025448 2.000000
-0.081635 -0.023192 0.552807 1.000000
-0.508148 0.045975 -0.045381 0.000000
-0.703240 0.037061 -0.000523 0.000000
0.125912 -0.054366 0.057826 1.000000
-0.560282 0.039976 -0.041141 0.000000
-0.609645 0.309148 -0.002498 2.000000
-0.046871 -0.028805 -0.419881 1.000000
-0.498078 0.046408 -0.126593 2.000000
0.017886 -0.147262 0.133979 3.000000
0.641491 -0.076265 0.035807 0.000000
0.133043 -0.080095 0.058862 0.000000
-0.186240 -0.013097 -0.715361 1.000000
0.488342 -0.031479 -0.079398 0.000000
-0.031019 0.088737 -0.018086 0.000000
0.255114 -0.079445 -0.044297 0.000000
-0.568401 0.027617 -0.068798 2.000000
0.482921 0.054358 -0.070171 0.000000
0.081969 -0.018638 0.220660 1.000000
-0.031333 0.089363 0.014052 0.000000
0.151738 0.056358 0.069511 0.000000
0.005310 -0.049090 -0.056945 1.000000
0.901557 0.065272 0.003356 0.000000
0.286986 -0.101079 0.282044 3.000000
0.953353 -0.050367 0.018750 0.000000
-0.050051 -0.002907 0.087459 0.000000
-0.277498 -0.075614 0.037132 0.000000
0.486921 -0.025456 0.082761 0.000000
-0.043234 0.085822 0.028820 0.000000
-0.522965 -0.018903 0.035759 0.000000
-0.607477 0.324230 0.000079 2.000000
0.015766 -0.014446 -0.350932 1.000000
-0.213029 -0.016880 -0.649375 1.000000
0.235094 -0.065930 -0.247218 1.000000
0.249838 -0.040754 -0.056945 1.000000
-0.516821 0.019233 0.084544 2.000000
-0.220859 -0.005051 -0.086288 0.000000
0.385520 -0.080674 0.025158 0.000000
-0.555705 0.153615 0.031832 2.000000
-0.214234 -0.018253 0.085435 0.000000
0.482391 -0.083805 -0.004739 0.000000
0.167542 -0.016036 -0.202143 1.000000
0.004395 -0.079469 0.045227 0.000000
0.037015 -0.048367 -0.168946 1.000000
0.257234 -0.064725 -0.093636 1.000000
-0.430117 0.063995 -0.038611 0.000000
-0.078696 0.056045 0.069752 0.000000
-0.596275 0.054142 -0.027120 0.000000
0.639322 0.065826 -0.061161 0.000000
0.213098 -0.054390 0.216396 3.000000
-0.053593 -0.033093 -0.260420 1.000000
-0.643229 0.222926 0.002272 2.000000
-0.594733 0.001020 -0.030155 0.000000
0.052891 -0.032973 -0.352377 1.000000
-0.033404 -0.081926 -0.019001 0.000000
0.033377 -0.126038 -0.003992 0.000000
-0.031622 -0.026058 0.275612 1.000000
0.379280 -0.082529 0.015377 0.000000
-0.164317 -0.015964 -0.538025 1.000000
0.069490 -0.132494 -0.132519 3.000000
-0.483937 0.072885 -0.002258 0.000000
-0.167184 -0.006569 -0.646388 1.000000
0.784063 0.036892 0.077653 0.000000
-0.613982 0.094037 0.029977 2.000000
-0.013168 -0.052318 -0.119655 1.000000
-0.102161 -0.026107 0.452418 1.000000
0.347335 -0.081661 0.021930 0.000000
-0.557921 -0.005412 -0.035744 0.000000
0.756816 0.074475 -0.047959 0.000000
0.309777 -0.006279 -0.086119 0.000000
0.044194 -0.133000 -0.128087 3.000000
-0.561125 0.038217 -0.101417 2.000000
0.841714 -0.074723 0.020822 0.000000
0.256583 -0.081854 0.020509 0.000000
-0.430719 0.043035 0.058814 0.000000
-0.256490 -0.010640 0.738021 1.000000
-0.182096 -0.020397 0.550181 1.000000
-0.015649 -0.010616 0.449841 1.000000
0.020343 -0.048319 0.164575 1.000000
0.209629 0.025208 -0.084505 0.000000
-0.056123 -0.013025 -0.085228 0.000000
0.084691 -0.066002 -0.056945 1.000000
-0.446306 0.087026 -0.011147 2.000000
0.376799 -0.003364 0.087386 0.000000
0.153593 -0.020614 0.147277 1.000000
-0.544310 0.051227 -0.148757 2.000000
0.030847 -0.135168 0.006150 0.000000
-0.093295 -0.022927 -0.384226 1.000000
0.026993 -0.059136 0.091193 1.000000
0.105892 -0.031913 0.068378 1.000000
0.552353 -0.012399 0.086206 0.000000
-0.366732 0.071198 0.040095 0.000000
0.040195 -0.104404 0.016534 0.000000
0.256993 0.047035 0.076593 0.000000
0.292527 -0.082095 -0.204504 3.000000
-0.057881 0.050287 -0.073303 0.000000
-0.619932 0.015812 0.030459 0.000000
0.062479 -0.059040 0.100950 1.000000
0.029691 -0.038104 -0.241509 1.000000
-0.624437 0.155687 0.027062 2.000000
0.046458 -0.026010 0.415968 1.000000
0.260799 0.088640 -0.018784 0.000000
0.092208 -0.029769 -0.239485 1.000000
0.044844 -0.014904 0.317676 1.000000
0.287083 -0.053884 -0.252350 3.000000
-0.144899 -0.036105 -0.476134 1.000000
-0.519110 0.065465 -0.008208 2.000000
0.087101 -0.026878 0.251448 1.000000
0.870021 -0.038851 -0.061570 0.000000
0.757105 -0.115196 -0.003245 0.000000
0.187995 -0.016133 -0.196482 1.000000
0.011213 -0.091298 0.022436 0.000000
0.875442 -0.069736 0.019015 0.000000
0.034437 -0.036201 0.124728 1.000000
0.293130 -0.061882 0.210734 3.000000
-0.092043 -0.008568 0.547892 1.000000
-0.573773 0.006200 0.022460 2.000000
-0.362709 0.080257 0.018871 0.000000
-0.210331 -0.017916 -0.604035 1.000000
0.234756 -0.061593 0.282743 3.000000
0.041062 -0.034876 0.301004 1.000000
0.903653 0.016752 0.061633 0.000000
0.051518 -0.047331 0.181246 1.000000
0.788520 -0.039092 -0.073592 0.000000
-0.622510 0.083581 -0.010593 2.000000
-0.601864 0.023232 -0.088577 2.000000
-0.495115 0.101457 0.013161 2.000000
-0.609236 0.274770 0.004392 2.000000
0.053565 -0.058871 -0.098599 1.000000
-0.129312 -0.019771 0.460513 1.000000
0.166843 -0.060389 -0.114403 1.000000
-0.235772 0.041229 0.078689 0.000000
0.550498 -0.079662 0.027616 0.000000
-0.291519 -0.083179 -0.001993 0.000000
-0.583627 0.031640 -0.089950 2.000000
-0.681317 0.138244 -0.019603 2.000000
0.696756 -0.004400 -0.086264 0.000000
0.602704 0.081750 -0.037816 0.000000
-0.583530 0.159999 -0.006305 2.000000
0.158893 -0.079252 0.028579 0.000000
-0.003194 -0.027094 -0.226476 1.000000
-0.578182 0.263134 -0.004185 2.000000
0.019091 -0.031021 -0.390851 1.000000
-0.044270 -0.010303 -0.475147 1.000000
-0.347170 0.067055 -0.047694 0.000000
-0.158005 -0.021626 0.545242 1.000000
0.472899 -0.009219 0.086615 0.000000
0.242996 -0.051523 0.275492 3.000000
0.187031 -0.058775 -0.126978 1.000000
0.275519 -0.077927 0.031784 0.000000
-0.072673 -0.028130 0.312496 1.000000
-0.159498 -0.013724 -0.552745 1.000000
-0.651396 0.055924 -0.211202 2.000000
-0.135889 -0.078626 0.030145 0.000000
0.371981 0.089243 0.015064 0.000000
0.163880 -0.057522 0.248750 3.000000
0.571409 -0.034852 -0.078001 0.000000
0.465937 -0.018325 0.085411 0.000000
-0.132998 -0.010182 0.560902 1.000000
0.297033 -0.022927 0.058742 1.000000
0.303682 0.040795 -0.078290 0.000000
-0.532529 0.025160 0.105310 2.000000
0.007503 -0.027263 0.456321 1.000000
0.396385 -0.050439 -0.068051 0.000000
0.742168 0.018968 0.085917 0.000000
-0.493043 -0.030395 0.032868 0.000000
0.161711 -0.045356 0.210204 1.000000
0.156749 -0.023288 0.114417 1.000000
0.086161 -0.065086 0.073438 1.000000
-0.018733 -0.020879 -0.308820 1.000000
-0.360203 0.076522 -0.028734 0.000000
-0.156873 -0.018927 -0.635137 1.000000
-0.177061 -0.019698 -0.592616 1.000000
0.420380 0.050962 0.073654 0.000000
-0.451943 0.009597 0.020051 2.000000
0.585045 0.087845 0.023930 0.000000
-0.589192 0.069367 0.002778 2.000000
-0.131793 -0.009315 0.571815 1.000000
0.008804 -0.127820 -0.021290 0.000000
-0.291543 0.068404 0.053538 0.000000
0.173685 -0.069929 -0.213322 3.000000
-0.604442 0.112924 0.041251 2.000000
0.137427 -0.084480 0.000272 0.000000
-0.650167 0.050624 0.183149 2.000000
0.152894 0.001189 0.087989 0.000000
0.245646 -0.068821 -0.072146 1.000000
0.850965 -0.002184 -0.076073 0.000000
-0.177471 -0.016783 0.682298 1.000000
-0.637953 0.000900 -0.005317 0.000000
0.120828 -0.035695 -0.239365 1.000000
0.269376 -0.061184 -0.107994 1.000000
0.133476 -0.071663 -0.254976 3.000000
0.426644 0.076980 -0.046634 0.000000
0.062624 -0.132928 0.126896 3.000000
-0.485117 0.042361 -0.098093 2.000000
0.095340 -0.040851 0.233500 1.000000
-0.125506 -0.021770 0.574706 1.000000
-0.582205 0.063730 -0.227777 2.000000
0.022801 -0.123508 0.163033 3.000000
-0.741642 0.154482 -0.000258 2.000000
0.006226 -0.024276 0.085387 0.000000
-0.321127 -0.034346 0.073943 0.000000
-0.249961 -0.083010 0.011667 0.000000
-0.583458 0.141473 0.014173 2.000000
0.047856 0.029761 -0.082867 0.000000
-0.466711 0.035085 -0.059330 2.000000
0.287083 -0.078385 -0.260926 3.000000
-0.509281 0.027762 -0.118089 2.000000
0.069152 -0.032274 -0.115246 1.000000
0.831909 -0.057811 0.053538 0.000000
-0.170918 -0.013338 0.697427 1.000000
0.053830 -0.016663 0.281514 1.000000
0.269111 -0.020879 -0.081398 1.000000
-0.415035 0.047733 -0.010738 2.000000
-0.417348 0.022004 -0.033287 2.000000
-0.296217 0.055467 -0.065184 0.000000
0.181539 -0.049885 -0.182196 1.000000
-0.163281 0.088954 -0.016447 0.000000
0.773583 -0.044127 -0.071086 0.000000
0.513614 -0.063376 0.056525 0.000000
-0.049907 -0.026492 -0.481796 1.000000
0.230034 -0.067520 -0.077784 1.000000
-0.579796 0.042698 0.166671 2.000000
0.259522 -0.076482 0.037830 0.000000
0.970988 0.007115 0.033494 0.000000
-0.229460 0.035326 -0.080506 0.000000
0.005624 -0.018349 0.309822 1.000000
0.957159 -0.014254 0.044962 0.000000
-0.242276 -0.083565 0.007427 0.000000
0.800204 -0.079397 0.021111 0.000000
-0.552645 0.018438 -0.079446 2.000000
-0.233363 -0.041453 0.075750 0.000000
-0.615933 0.046408 0.153132 2.000000
0.572035 0.001719 0.088061 0.000000
0.098640 -0.044440 0.210493 1.000000
-0.631689 0.035495 -0.129580 2.000000
0.164602 -0.024974 -0.085565 1.000000
-0.008084 -0.049885 -0.089589 0.000000
-0.349603 0.040578 -0.070075 0.000000
-0.608513 0.042915 0.137737 2.000000
-0.056845 -0.031045 0.323096 1.000000
0.068309 -0.054751 0.246462 1.000000
0.040821 -0.143046 -0.133266 3.000000
0.166000 -0.097248 -0.264709 3.000000
0.176383 -0.022276 0.084086 0.000000
-0.078744 -0.033165 -0.367627 1.000000
0.020488 -0.043043 0.079484 1.000000
-0.231267 -0.069206 -0.048031 0.000000
0.018199 -0.051812 -0.000210 0.000000
0.610244 -0.042200 -0.074387 0.000000
0.358345 0.016655 -0.085638 0.000000
0.092642 -0.060100 -0.245917 1.000000
0.716776 0.053178 -0.070701 0.000000
-0.143140 -0.003196 -0.086529 0.000000
-0.148248 -0.006472 0.633706 1.000000
-0.097150 0.091001 0.001766 0.000000
-0.504125 0.099072 0.031350 2.000000
0.051349 -0.081276 -0.125075 1.000000
-0.286701 0.086665 0.011210 0.000000
-0.337750 0.041735 0.071775 0.000000
-0.213535 -0.013073 0.629899 1.000000
-0.031911 -0.017024 -0.366446 1.000000
-0.433080 -0.004111 -0.064485 0.000000
0.062118 -0.026757 0.165346 1.000000
0.224397 0.040337 0.079364 0.000000
0.128200 -0.014085 -0.289956 1.000000
-0.609525 0.010560 -0.031384 0.000000
0.730869 0.031978 -0.081614 0.000000
0.964869 -0.049548 -0.009629 0.000000
-0.121000 0.072234 -0.052825 0.000000
-0.002471 -0.040080 -0.139530 1.000000
-0.193034 -0.011146 -0.619574 1.000000
0.294551 -0.024372 -0.084409 0.000000
-0.524410 0.027280 0.043203 2.000000
-0.113749 0.031207 0.083146 0.000000
-0.541394 -0.028010 -0.000523 0.000000
-0.365576 0.105408 -0.025048 2.000000
0.666281 -0.042441 0.075052 0.000000
0.065972 -0.038249 0.243089 1.000000
0.013020 -0.037719 0.239861 1.000000
0.033473 -0.045645 0.175416 1.000000
0.759731 -0.101874 -0.003269 0.000000
-0.701650 0.141979 0.004874 2.000000
-0.140852 -0.009315 0.580681 1.000000
0.611690 -0.028371 0.081556 0.000000
0.359598 -0.026661 0.082279 0.000000
0.220615 -0.023360 0.193244 1.000000
-0.543322 0.074547 0.007331 2.000000
0.620724 -0.077855 -0.031071 0.000000
0.090762 -0.027480 -0.359532 1.000000
-0.374731 -0.068652 -0.010954 0.000000
-0.174724 0.078980 -0.044008 0.000000
0.263160 -0.054655 -0.088601 0.000000
0.000661 -0.033165 0.322373 1.000000
-0.652070 0.178887 -0.001848 2.000000
0.272941 0.062790 0.064572 0.000000
-0.496103 0.002923 -0.022302 2.000000
-0.482587 0.116900 0.029567 2.000000
-0.116182 0.000803 0.087940 0.000000
0.073344 0.079654 0.043709 0.000000
0.137042 -0.017988 -0.188195 1.000000
0.126129 0.024557 -0.084602 0.000000
0.191320 -0.016928 0.218202 1.000000
0.173733 -0.108499 -0.255867 3.000000
0.103290 -0.013338 -0.314987 1.000000
-0.719743 0.110226 0.015377 2.000000
-0.405664 0.164480 0.016221 2.000000
0.015670 -0.018542 -0.295401 1.000000
-0.169496 -0.021626 0.518188 1.000000
0.227360 -0.052920 0.161853 1.000000
0.081632 -0.026637 0.372507 1.000000
0.104880 -0.041405 0.057826 1.000000
0.132826 -0.040489 0.239234 1.000000
0.470466 -0.037550 0.077750 0.000000
0.100760 -0.044320 -0.210720 1.000000
0.107361 -0.075590 0.242776 3.000000
0.097604 -0.038971 -0.089733 0.000000
0.002925 -0.043814 0.110514 1.000000
0.640961 -0.050391 0.068981 0.000000
0.185899 0.021016 -0.085059 0.000000
0.016103 -0.055305 0.179680 1.000000
0.255836 -0.080890 -0.023747 0.000000
0.314691 -0.039116 0.080665 1.000000
-0.032609 -0.023914 0.512575 1.000000
0.482656 -0.053715 0.066427 0.000000
0.816225 -0.026878 -0.075977 0.000000
0.641635 -0.038827 0.077244 0.000000
0.243742 -0.101296 -0.282608 3.000000
-0.598250 0.003213 0.031687 0.000000
0.443773 -0.009628 -0.085686 0.000000
-0.407928 -0.054294 -0.031818 0.000000
0.163205 -0.079252 -0.043671 0.000000
0.095725 -0.013194 0.322253 1.000000
-0.009000 -0.020373 0.490627 1.000000
0.193199 0.057924 -0.067449 0.000000
-0.385692 0.116442 -0.025530 2.000000
-0.670115 0.147736 -0.024566 2.000000
0.223241 -0.060581 0.239138 1.000000
-0.412337 0.146026 -0.041550 2.000000
0.587309 0.059683 0.066957 0.000000
-0.362444 0.157758 -0.034733 2.000000
0.181105 0.002996 0.088230 0.000000
-0.346423 -0.002232 0.080014 0.000000
0.253861 0.028075 0.084447 0.000000
-0.648336 0.057779 0.206229 2.000000
0.063852 -0.034948 -0.308459 1.000000
0.758575 -0.097706 -0.016423 0.000000
0.889415 -0.022493 -0.064702 0.000000
0.026463 -0.128085 -0.145481 1.000000
-0.365287 0.053732 0.059850 0.000000
0.114227 0.091001 -0.000812 0.000000
0.868744 0.053082 -0.050946 0.000000
-0.112882 -0.035406 -0.077760 0.000000
0.045639 -0.061232 0.107816 1.000000
-0.448956 0.065802 -0.011051 2.000000
-0.041451 -0.033286 -0.266130 1.000000
0.848387 0.030966 -0.069906 0.000000
0.029064 -0.129772 -0.132447 3.000000
-0.066048 -0.024854 0.517778 1.000000
0.096906 -0.038201 0.259182 1.000000
0.894377 0.039253 0.053707 0.000000
-0.022322 -0.054197 0.089675 0.000000
0.262823 0.067030 -0.059595 0.000000
0.180358 0.073439 0.052141 0.000000
0.230589 -0.019674 0.120247 1.000000
0.136873 -0.018325 0.185125 1.000000
-0.043932 0.086376 -0.026614 0.000000
-0.086598 -0.026299 -0.464691 1.000000
-0.056412 -0.077903 -0.061016 0.000000
-0.603622 0.033519 -0.036660 0.000000
-0.591191 0.034604 0.134557 2.000000
0.082355 -0.042947 0.218082 1.000000
-0.481985 0.037567 0.114393 2.000000
-0.083779 -0.080601 0.025351 0.000000
0.235262 -0.067231 -0.205805 3.000000
0.243477 -0.109896 0.214276 3.000000
0.072068 0.088399 -0.020543 0.000000
0.835040 -0.045235 -0.063160 0.000000
-0.177591 -0.019361 -0.605746 1.000000
-0.363504 0.122055 -0.037166 2.000000
0.188477 -0.031696 -0.088023 0.000000
0.045182 -0.061906 -0.080434 1.000000
0.947667 0.033327 -0.031191 0.000000
0.103194 0.032532 0.082592 0.000000
0.270339 -0.054607 0.277684 3.000000
-0.177230 -0.007195 0.086880 0.000000
0.160001 -0.077783 0.067945 0.000000
0.037569 -0.030732 0.159925 1.000000
0.176648 -0.016326 -0.238280 1.000000
-0.391619 0.170141 0.026291 2.000000
-0.014709 -0.034996 0.260435 1.000000
0.766139 -0.082697 -0.006859 0.000000
-0.662983 0.108347 0.034554 2.000000
0.520142 0.030653 0.083387 0.000000
-0.572978 0.111238 -0.038202 2.000000
0.223698 -0.041477 -0.090046 0.000000
-0.408073 0.008199 -0.070267 0.000000
0.209750 -0.028733 -0.211732 1.000000
0.794326 -0.029504 -0.077230 0.000000
-0.539202 0.045951 0.121235 2.000000
-0.673005 0.066549 0.247955 2.000000
0.068574 -0.015193 -0.291016 1.000000
0.078958 -0.034804 -0.315156 1.000000
-0.095415 -0.028275 0.369833 1.000000
0.002612 -0.040176 0.133642 1.000000
0.454301 -0.081324 0.023641 0.000000
0.215507 -0.117654 0.265108 3.000000
-0.669344 0.086304 0.002392 2.000000
0.310018 0.011789 0.087145 0.000000
0.249476 -0.046223 0.268746 3.000000
0.050458 -0.043549 -0.156803 1.000000
-0.093416 -0.008761 -0.544120 1.000000
0.208714 -0.056510 -0.142493 1.000000
0.125936 -0.068797 -0.080458 0.000000
0.164867 -0.096694 0.265735 3.000000
0.133019 -0.093852 0.259423 3.000000
-0.250010 -0.013748 0.718604 1.000000
-0.567341 0.151037 -0.031986 2.000000
-0.409808 0.109190 -0.019290 2.000000
0.299707 -0.036249 -0.098117 1.000000
0.150268 -0.014808 -0.264974 1.000000
0.023210 -0.072314 0.178765 1.000000
0.296936 -0.051258 0.215191 3.000000
-0.548044 0.042602 -0.112668 2.000000
0.725521 0.002779 -0.087131 0.000000
0.037906 -0.031383 -0.386225 1.000000
0.007045 -0.111896 0.160913 3.000000
0.207774 -0.049620 -0.182557 1.000000
-0.563968 0.092664 0.023400 2.000000
0.061805 -0.082962 0.012125 0.000000
-0.478107 0.039831 0.082231 2.000000
0.075513 -0.014278 0.304257 1.000000
-0.602996 0.087099 0.019979 2.000000
-0.614801 -0.005340 0.011523 0.000000
0.281783 -0.042031 0.057826 1.000000
0.057974 -0.024541 -0.186773 1.000000
0.275543 -0.107921 -0.212575 3.000000
-0.024852 -0.019313 0.333961 1.000000
0.592055 -0.083300 -0.008690 0.000000
0.400143 0.075390 -0.048706 0.000000
0.030414 -0.037020 0.255689 1.000000
-0.453654 0.059273 0.042046 0.000000
0.029498 -0.062461 -0.178245 1.000000
-0.063808 -0.051162 -0.086384 0.000000
-0.143839 -0.018807 0.641801 1.000000
0.199583 0.048191 -0.074917 0.000000
-0.757325 0.122489 0.001477 2.000000
0.121816 -0.076217 0.035951 0.000000
0.158772 -0.103006 -0.234667 3.000000
0.222373 -0.060822 -0.116450 1.000000
0.018247 -0.034587 -0.291089 1.000000
0.301827 -0.077325 0.067656 0.000000
-0.723983 0.155952 -0.000740 2.000000
0.027378 -0.126592 -0.169331 3.000000
-0.467651 -0.007291 0.057537 0.000000
0.165446 -0.046127 0.239788 1.000000
0.249187 -0.076168 0.287730 3.000000
-0.163714 -0.082191 0.017907 0.000000
-0.518339 0.071776 0.009186 2.000000
-0.440331 0.023835 0.067921 2.000000
0.641153 -0.070049 -0.046971 0.000000
-0.001435 -0.018614 -0.313542 1.000000
-0.099101 -0.023288 -0.545686 1.000000
-0.540961 0.039639 -0.098286 2.000000
-0.615668 0.053997 0.205771 2.000000
-0.076191 -0.028636 -0.390490 1.000000
-0.620510 0.123356 0.042384 2.000000
-0.064314 -0.024998 -0.327418 1.000000
-0.641928 0.239380 -0.001920 2.000000
0.056456 -0.038658 -0.244279 1.000000
-0.378513 0.167997 0.028507 2.000000
-0.492947 -0.021602 0.042841 0.000000
0.214905 -0.065930 -0.248857 1.000000
-0.203947 -0.014422 0.606145 1.000000
-0.328066 -0.077204 0.015064 0.000000
0.851808 0.074884 0.018292 0.000000
-0.072240 -0.023698 -0.541855 1.000000
0.262100 0.060911 -0.065136 0.000000
0.761152 -0.073543 -0.039840 0.000000
-0.088790 -0.028444 0.375832 1.000000
0.104615 -0.064966 0.084255 0.000000
0.591284 0.024798 -0.084554 0.000000
-0.021118 0.090423 -0.005197 0.000000
0.031040 0.087508 -0.023892 0.000000
0.032461 -0.055498 -0.115294 1.000000
0.084185 -0.033720 -0.075567 1.000000
0.998211 0.001936 -0.013966 0.000000
-0.020467 -0.016470 -0.084770 0.000000
0.177226 -0.084167 0.002850 0.000000
-0.129818 -0.032226 -0.478134 1.000000
0.024776 -0.131627 0.170164 3.000000
-0.370948 -0.038706 -0.061257 0.000000
0.063611 -0.012688 -0.349149 1.000000
-0.181446 -0.018687 -0.625597 1.000000
0.331604 0.052503 -0.071592 0.000000
0.927888 -0.005003 0.059730 0.000000
-0.665850 0.338347 -0.001246 2.000000
-0.574159 0.155687 -0.028686 2.000000
-0.015360 -0.035864 -0.247893 1.000000
0.779582 0.020992 0.083556 0.000000
0.155568 -0.069929 -0.059185 1.000000
-0.244806 -0.073205 -0.042249 0.000000
-0.140659 -0.022180 0.549338 1.000000
-0.598756 0.024172 0.091048 2.000000
0.054457 -0.066363 -0.056945 1.000000
0.583936 0.068090 -0.058198 0.000000
-0.153259 -0.009074 -0.595892 1.000000
0.010948 -0.064412 -0.175257 1.000000
0.541704 0.057996 -0.067376 0.000000
-0.304769 0.041735 0.074738 0.000000
0.775005 -0.127266 -0.014303 0.000000
0.220880 -0.022348 -0.077953 1.000000
0.147859 -0.053041 -0.159767 1.000000
-0.267452 0.087074 -0.015195 0.000000
0.104061 -0.015073 -0.258638 1.000000
-0.734679 0.162288 -0.000427 2.000000
0.298502 -0.023577 -0.069930 1.000000
-0.377332 0.078956 -0.018832 0.000000
-0.188432 -0.084311 -0.000932 0.000000
0.468202 0.083099 -0.034540 0.000000
-0.034079 -0.011676 -0.441973 1.000000
-0.205561 0.090230 -0.006594 0.000000
0.384147 -0.018879 0.085339 0.000000
-0.413373 0.158602 -0.022904 2.000000
0.005600 -0.039574 0.223647 1.000000
0.263497 -0.041260 -0.233149 3.000000
-0.565679 0.105239 0.035710 2.000000
-0.482660 0.030773 0.040914 2.000000
-0.127240 -0.022927 -0.537929 1.000000
0.957015 0.027400 -0.026325 0.000000
-0.370225 0.064573 0.048190 0.000000
0.921480 0.035374 0.046768 0.000000
-0.606441 0.063007 -0.214671 2.000000
0.706296 0.080401 -0.040274 0.000000
0.381087 0.000948 -0.087083 0.000000
-0.189613 -0.019457 -0.579028 1.000000
0.248729 -0.020349 0.103817 1.000000
0.283662 -0.022132 0.064981 1.000000
0.171806 -0.062846 0.227670 3.000000
0.875755 0.035013 -0.062920 0.000000
0.214520 -0.084022 -0.003125 0.000000
-0.628220 0.300861 -0.002643 2.000000
-0.041595 -0.009628 0.522717 1.000000
0.784063 -0.016663 0.083194 0.000000
0.072188 -0.041935 -0.222236 1.000000
0.045302 -0.039718 -0.067256 1.000000
0.528984 -0.066893 -0.051091 0.000000
-0.575917 0.042674 0.038698 0.000000
0.979010 -0.025119 0.030121 0.000000
-0.234278 -0.015699 0.656713 1.000000
0.532574 -0.059040 -0.061305 0.000000
0.049133 -0.115341 0.164045 3.000000
-0.146875 -0.065135 -0.053355 0.000000
-0.607887 0.156939 0.027495 2.000000
-0.541202 0.030460 -0.046971 0.000000
0.201583 -0.017410 0.169707 1.000000
0.060166 -0.076650 -0.069786 0.000000
-0.296964 -0.005316 -0.083686 0.000000
-0.585168 0.025063 0.097481 2.000000
-0.092573 -0.010423 0.517176 1.000000
0.395181 -0.080144 -0.025554 0.000000
-0.353964 0.133041 0.036265 2.000000
0.127767 0.090833 -0.002113 0.000000
0.114300 -0.034490 0.313652 1.000000
0.191609 -0.050583 -0.178124 1.000000
0.080957 0.084304 -0.031601 0.000000
0.241598 -0.068267 0.075630 1.000000
0.056770 0.084159 0.032844 0.000000
0.271255 -0.041525 -0.256758 3.000000
0.637467 -0.072362 0.044817 0.000000
-0.480732 0.104131 -0.033817 2.000000
-0.138515 -0.006183 0.636380 1.000000
-0.093560 -0.015627 -0.453898 1.000000
0.152292 -0.079782 0.061295 0.000000
-0.012565 -0.019674 -0.314770 1.000000
-0.353892 0.168142 -0.009967 2.000000
0.658620 -0.081902 -0.019170 0.000000
-0.000929 -0.030009 -0.204480 1.000000
0.223458 -0.081806 -0.019916 0.000000
-0.544550 0.018872 -0.047453 0.000000
-0.022997 0.083413 0.034650 0.000000
0.402480 0.041879 -0.077856 0.000000
0.687746 0.070114 0.056164 0.000000
0.047591 -0.050487 0.157613 1.000000
0.161639 -0.045982 0.251930 1.000000
-0.583988 0.153735 0.010969 2.000000
-0.343894 -0.031551 -0.071665 0.000000
0.460420 -0.004473 0.087242 0.000000
-0.520339 0.174791 0.008198 2.000000
0.217892 -0.068532 0.207482 3.000000
0.770283 -0.080698 -0.020760 0.000000
-0.251286 -0.075301 -0.037142 0.000000
0.162699 -0.060822 0.111839 1.000000
0.221169 -0.083830 0.005524 0.000000
-0.120157 -0.024613 -0.483073 1.000000
0.621591 -0.081734 0.021472 0.000000
0.122202 -0.020975 -0.164970 1.000000
-0.679534 0.032411 -0.012424 0.000000
0.054649 -0.037165 -0.085782 1.000000
0.027571 -0.026468 0.200929 1.000000
-0.260778 0.054190 0.069487 0.000000
-0.410313 0.078643 -0.000595 0.000000
0.781365 -0.072434 -0.001101 0.000000
-0.439994 -0.008496 -0.062173 0.000000
0.421416 -0.062726 0.057393 0.000000
0.265256 -0.034201 0.089940 0.000000
-0.050292 -0.022348 0.084062 0.000000
-0.035669 -0.026853 0.477184 1.000000
0.270363 -0.062774 -0.207684 3.000000
0.683650 0.089508 -0.010906 0.000000
0.854073 0.043060 -0.062293 0.000000
0.123262 -0.014904 0.238945 1.000000
-0.538913 0.037904 0.088687 2.000000
0.527105 -0.019192 -0.084433 0.000000
-0.391787 0.071054 -0.034805 0.000000
0.220446 -0.050848 -0.251796 1.000000
0.142270 -0.014615 -0.234594 1.000000
0.288022 0.069151 -0.056824 0.000000
0.175877 0.069416 -0.056487 0.000000
0.423464 0.031953 -0.081952 0.000000
-0.137599 0.088616 0.019738 0.000000
-0.251142 -0.014446 0.673384 1.000000
0.237551 -0.065568 -0.088264 1.000000
-0.456689 -0.038104 0.037493 0.000000
-0.214884 -0.030660 -0.079735 0.000000
