-0.037870 0.031046 0.044721 0.000000
-0.279382 0.009094 0.114324 2.000000
0.186799 0.034964 0.003371 0.000000
-0.212315 0.005990 0.112110 2.000000
-0.025286 -0.006556 -0.307025 1.000000
-0.273667 0.095919 -0.173477 2.000000
-0.289564 0.000881 0.138169 2.000000
0.107809 0.033885 0.015558 0.000000
0.346634 -0.066963 0.064232 0.000000
-0.306066 0.146749 0.188451 2.000000
-0.376937 0.051806 0.149543 2.000000
-0.294522 -0.070142 0.014764 0.000000
-0.331897 -0.010985 0.509256 1.000000
-0.182660 0.000389 -0.126544 1.000000
0.079574 -0.005686 0.180957 1.000000
-0.291683 0.026883 -0.137255 2.000000
-0.156847 0.026769 0.037927 0.000000
-0.419725 -0.001825 -0.031487 2.000000
-0.468966 -0.002658 0.155750 2.000000
0.413096 0.008507 0.068982 0.000000
0.122211 0.034169 0.003806 0.000000
-0.403147 0.022227 -0.121719 2.000000
-0.252018 0.182119 0.207640 2.000000
-0.389068 0.194760 0.214491 2.000000
-0.263391 -0.071372 0.006494 0.000000
0.449071 -0.003623 -0.132808 0.000000
0.491935 -0.008543 0.119112 0.000000
-0.146079 0.027602 -0.037032 0.000000
-0.204234 0.043006 0.132189 2.000000
0.405034 -0.070729 -0.010955 0.000000
-0.255254 0.021981 -0.067728 2.000000
0.269461 -0.067587 -0.054026 0.000000
0.615246 0.083467 -0.014796 0.000000
-0.368308 -0.006083 -0.332971 1.000000
-0.070647 -0.069309 0.022333 0.000000
-0.295090 0.020922 -0.134114 2.000000
0.136915 -0.000879 -0.116685 1.000000
-0.213034 -0.004910 -0.259507 1.000000
-0.229895 -0.012499 0.303227 1.000000
-0.234342 -0.068742 -0.033323 0.000000
-0.169167 -0.005024 -0.270615 1.000000
0.011825 -0.069158 -0.025962 0.000000
-0.405608 0.007921 0.000949 2.000000
-0.465976 0.002300 -0.130253 2.000000
-0.272778 -0.012631 -0.285092 1.000000
-0.137450 -0.013029 -0.232180 1.000000
0.036332 -0.013464 -0.173212 1.000000
0.346748 -0.002128 -0.121965 0.000000
0.325514 0.043385 -0.012904 0.000000
-0.308791 -0.013464 0.168353 2.000000
-0.378205 -0.024553 0.040803 2.000000
-0.236916 0.073929 -0.149764 2.000000
0.238349 -0.019841 -0.154609 0.000000
-0.380476 -0.006462 -0.380300 1.000000
-0.099961 -0.013180 0.208378 1.000000
-0.438176 0.104624 0.169735 2.000000
0.269877 -0.020977 0.152987 0.000000
-0.456003 -0.000784 -0.155366 2.000000
0.594845 -0.067001 -0.022271 0.000000
-0.483557 -0.005497 -0.008684 2.000000
0.172568 -0.008260 -0.209868 1.000000
0.793286 -0.065865 -0.011806 0.000000
0.386905 0.051390 0.013155 0.000000
0.461334 -0.000274 -0.090569 0.000000
-0.258395 0.005858 0.112054 2.000000
0.148364 -0.052410 0.129142 0.000000
-0.467585 0.001732 -0.140075 2.000000
0.051093 -0.068079 0.044437 0.000000
-0.246057 -0.067114 -0.062618 0.000000
-0.397527 -0.008165 0.511716 1.000000
-0.225751 -0.006310 -0.401060 1.000000
0.425946 -0.022775 -0.134284 0.000000
0.173495 -0.006537 -0.192325 1.000000
0.060707 -0.006310 -0.239390 1.000000
0.239712 -0.066963 0.064535 0.000000
0.093465 -0.048474 -0.133262 0.000000
0.516045 -0.064484 -0.098006 0.000000
0.488983 -0.064749 -0.094638 0.000000
0.221563 0.035058 -0.022593 0.000000
-0.230141 -0.006708 -0.433970 1.000000
0.183412 -0.067758 0.050001 0.000000
-0.129767 0.026883 0.057797 0.000000
-0.418344 -0.011004 -0.445760 1.000000
0.421764 -0.012555 -0.138240 0.000000
-0.018189 -0.013047 0.227284 1.000000
-0.073202 -0.012896 0.248044 1.000000
0.328031 0.031198 0.053899 0.000000
-0.249823 -0.012007 0.368175 1.000000
0.701011 0.082274 -0.011238 0.000000
-0.213109 -0.011439 0.448263 1.000000
0.466349 -0.069101 0.023923 0.000000
0.454408 -0.002526 0.118677 0.000000
0.427895 0.000181 -0.086046 0.000000
0.466009 0.048135 -0.046419 0.000000
0.554196 -0.065506 -0.046892 0.000000
0.975054 -0.026881 -0.027362 0.000000
0.015250 -0.002866 -0.140681 1.000000
0.554177 -0.066811 -0.026189 0.000000
-0.104124 -0.005572 -0.278261 1.000000
-0.253607 0.148926 -0.201276 2.000000
-0.295033 -0.005307 0.286574 1.000000
0.073840 -0.006746 -0.263916 1.000000
-0.296603 -0.011571 -0.428501 1.000000
0.730325 0.059508 0.025153 0.000000
-0.427900 0.010400 0.068414 2.000000
-0.199086 0.069311 -0.147247 2.000000
-0.446900 0.041000 -0.144655 2.000000
-0.127666 -0.003604 0.156261 1.000000
0.618312 0.052336 -0.042842 0.000000
-0.094075 -0.013047 0.227605 1.000000
-0.004109 0.032541 0.014934 0.000000
0.498937 -0.058106 -0.078193 0.000000
-0.341833 0.011554 0.029846 2.000000
-0.203117 0.120066 0.185347 2.000000
-0.016297 -0.050518 -0.131540 0.000000
-0.345107 0.139880 -0.185531 2.000000
0.415727 -0.067039 -0.059287 0.000000
0.253526 -0.066376 0.075038 0.000000
-0.390165 -0.069158 -0.001284 2.000000
-0.106679 -0.012707 0.274367 1.000000
-0.285400 -0.012272 -0.333141 1.000000
-0.517961 -0.017135 -0.011144 2.000000
0.011011 -0.069480 0.019324 0.000000
0.016197 -0.013426 -0.177564 1.000000
0.442542 -0.069347 0.020346 0.000000
0.960104 -0.001485 0.006967 0.000000
0.216870 -0.001806 -0.126469 1.000000
0.630650 -0.016378 0.067165 0.000000
-0.232545 -0.010266 0.463005 1.000000
0.409879 0.020789 -0.061274 0.000000
-0.112735 -0.005534 -0.279699 1.000000
-0.216232 -0.067360 0.057287 0.000000
-0.105979 -0.013388 0.181052 1.000000
-0.292762 0.003511 0.129823 2.000000
-0.029487 0.026410 0.071612 0.000000
0.094392 -0.071372 -0.006167 0.000000
-0.376540 -0.063405 0.018700 2.000000
0.006091 -0.006727 0.300407 1.000000
0.130197 0.033715 0.032477 0.000000
-0.386740 0.137798 0.194658 2.000000
-0.123541 -0.013010 -0.233788 1.000000
0.264143 -0.069177 -0.025394 0.000000
-0.340924 -0.005648 -0.270237 1.000000
-0.306387 0.113783 -0.171376 2.000000
0.341941 0.000635 0.086222 0.000000
0.246089 -0.000747 0.113113 0.000000
-0.016656 -0.065714 0.086676 0.000000
-0.032534 -0.004929 -0.189070 1.000000
-0.102062 -0.012082 0.360076 1.000000
0.766489 -0.067057 -0.013282 0.000000
-0.078898 0.028681 0.061904 0.000000
-0.315149 0.014696 0.090366 2.000000
-0.207205 0.129869 -0.191284 2.000000
-0.207584 -0.006140 -0.378086 1.000000
-0.139021 -0.013445 0.172933 1.000000
-0.043207 -0.012385 -0.319989 1.000000
-0.379019 -0.013312 -0.186515 2.000000
-0.332257 0.088084 -0.157429 2.000000
-0.289715 0.120331 0.185480 2.000000
-0.379170 -0.012461 0.279174 1.000000
-0.472675 -0.010928 0.157661 2.000000
0.066365 -0.037744 0.140667 0.000000
-0.244770 -0.067228 0.059785 0.000000
-0.350689 0.196085 0.225240 2.000000
0.141286 -0.041983 0.137545 0.000000
0.700897 -0.046960 0.038722 0.000000
-0.233472 -0.012461 -0.306969 1.000000
-0.171911 0.070125 0.154217 2.000000
0.920381 -0.024213 0.041390 0.000000
-0.456230 0.009189 0.052461 2.000000
-0.027443 -0.057274 -0.125825 0.000000
0.990231 -0.008998 -0.009630 0.000000
-0.316228 -0.036495 -0.099596 0.000000
0.368662 0.013825 0.066711 0.000000
-0.011036 -0.006405 0.286176 1.000000
-0.173198 -0.005137 -0.284032 1.000000
0.178586 -0.056138 -0.126790 0.000000
-0.116652 -0.068798 0.031606 0.000000
-0.389598 -0.004039 -0.014739 2.000000
-0.425232 -0.020806 0.014707 2.000000
-0.299783 0.040489 -0.131616 2.000000
0.573120 0.029722 0.054656 0.000000
0.734412 -0.027581 0.057381 0.000000
0.017370 -0.012518 -0.301197 1.000000
-0.371317 0.096619 -0.173836 2.000000
0.785262 -0.062743 -0.021893 0.000000
0.198797 -0.001371 0.120759 0.000000
0.395516 0.030460 0.053312 0.000000
0.361263 -0.067606 -0.053004 0.000000
0.729568 0.036383 0.044607 0.000000
-0.128196 -0.005724 -0.302805 1.000000
-0.358429 0.205812 -0.229398 2.000000
0.347259 -0.001371 -0.111462 0.000000
-0.040084 0.026940 -0.070585 0.000000
0.413721 -0.069291 -0.022309 0.000000
-0.198424 -0.011552 0.431458 1.000000
-0.267498 -0.065960 0.082210 0.000000
0.044280 0.031974 0.042923 0.000000
0.305549 -0.056800 -0.126223 0.000000
-0.262067 -0.004342 -0.188238 1.000000
0.155252 -0.064313 -0.112616 0.000000
-0.182244 0.036061 -0.129213 2.000000
-0.314619 -0.012858 0.243502 1.000000
-0.405608 0.102486 -0.165245 2.000000
0.420628 -0.049212 -0.126185 0.000000
-0.175109 -0.004948 0.261064 1.000000
-0.226281 -0.068950 0.028862 0.000000
-0.215891 0.022587 0.025229 2.000000
0.691094 0.009832 0.058592 0.000000
0.484933 -0.068004 0.041409 0.000000
-0.085843 -0.064162 0.114684 0.000000
0.378086 -0.064635 0.104219 0.000000
-0.297114 -0.013483 -0.167175 2.000000
-0.152741 0.036667 -0.133319 2.000000
-0.299158 -0.012101 0.356253 1.000000
0.578798 -0.000103 0.066843 0.000000
-0.303549 -0.011250 0.472959 1.000000
-0.232374 -0.005648 -0.343303 1.000000
0.317983 -0.003301 0.138226 0.000000
-0.434789 -0.007957 -0.013074 2.000000
-0.104011 -0.004986 -0.233258 1.000000
0.928614 -0.047111 0.017413 0.000000
-0.202379 0.018367 0.131981 2.000000
-0.378924 -0.011382 0.453335 1.000000
0.531506 -0.064900 -0.084362 0.000000
-0.221928 0.149380 -0.201522 2.000000
-0.475930 -0.011761 -0.127472 2.000000
-0.146136 -0.064862 0.102005 0.000000
0.250063 -0.047149 0.133589 0.000000
-0.197327 0.024233 0.011565 0.000000
-0.448509 0.002849 0.129350 2.000000
-0.366699 -0.000122 0.111032 2.000000
0.536048 0.030838 -0.054216 0.000000
-0.383050 0.113518 -0.182712 2.000000
0.104895 -0.002677 -0.137520 1.000000
-0.205256 -0.013104 -0.219936 1.000000
-0.348210 -0.007048 -0.502419 1.000000
-0.419479 0.051882 0.149580 2.000000
0.665320 0.042723 -0.048084 0.000000
-0.021330 -0.069404 0.020611 0.000000
-0.045572 0.004571 -0.113184 0.000000
-0.077857 -0.003529 -0.154779 1.000000
0.620828 0.020297 0.057873 0.000000
0.636081 -0.031726 0.054826 0.000000
0.335601 -0.071372 -0.006015 0.000000
0.517426 -0.064011 0.105184 0.000000
0.587768 0.046053 0.046310 0.000000
-0.180332 -0.004815 -0.248038 1.000000
0.279169 -0.068552 0.035826 0.000000
-0.232791 0.138612 -0.195864 2.000000
0.101640 -0.006386 -0.221942 1.000000
-0.523052 -0.048531 -0.010349 2.000000
-0.436965 0.106857 0.178213 2.000000
-0.381101 0.015623 0.117333 2.000000
0.556978 -0.066073 0.033764 0.000000
0.067463 0.032882 -0.036351 0.000000
-0.193428 -0.002109 0.134214 1.000000
0.901287 -0.028073 -0.042104 0.000000
-0.404851 -0.011079 -0.471913 1.000000
-0.431704 -0.010606 -0.083113 2.000000
-0.283697 -0.013237 -0.202431 1.000000
-0.263240 0.095086 -0.161233 2.000000
-0.006759 -0.013445 -0.173779 1.000000
-0.277376 -0.004910 -0.240242 1.000000
0.523311 -0.000387 -0.087182 0.000000
-0.380873 -0.011231 0.475722 1.000000
-0.375556 -0.040715 -0.037903 2.000000
0.643878 0.043763 0.048014 0.000000
-0.099280 -0.006443 0.338861 1.000000
-0.393988 0.102164 -0.165074 2.000000
-0.173955 -0.006424 0.380514 1.000000
0.258068 -0.011836 0.157718 0.000000
0.014645 -0.065241 0.095192 0.000000
-0.440542 0.001184 -0.145336 2.000000
-0.278096 -0.011874 -0.389081 1.000000
-0.159156 0.009454 -0.128096 2.000000
-0.368100 0.207251 0.221266 2.000000
0.471421 -0.067814 0.044607 0.000000
-0.104806 0.025804 0.074129 0.000000
-0.092486 -0.012877 0.251242 1.000000
-0.311516 -0.011287 -0.469112 1.000000
-0.208246 -0.004304 0.187978 1.000000
0.004066 -0.070899 0.009692 0.000000
-0.010562 -0.012934 -0.243288 1.000000
0.520908 -0.027960 0.058706 0.000000
-0.194904 -0.012082 -0.358727 1.000000
-0.383466 -0.011685 -0.274722 1.000000
-0.269504 0.118495 0.184534 2.000000
-0.203818 -0.063481 -0.120583 0.000000
0.096095 -0.001655 0.125319 0.000000
0.924904 -0.033845 -0.032623 0.000000
-0.187126 0.023912 -0.057887 2.000000
-0.340413 0.067854 -0.146472 2.000000
0.692211 -0.022888 0.063342 0.000000
-0.436397 -0.004986 -0.106087 2.000000
0.092480 -0.069007 -0.028724 0.000000
-0.283167 0.125479 0.176926 2.000000
-0.286195 -0.011269 0.470120 1.000000
-0.452029 -0.003150 0.158323 2.000000
0.415765 -0.069158 0.023753 0.000000
-0.390392 -0.011363 0.429736 1.000000
-0.335096 0.051068 0.136579 2.000000
0.531544 0.035512 0.051628 0.000000
-0.227359 -0.067020 0.063532 0.000000
-0.198008 -0.005932 0.356631 1.000000
0.158545 -0.006159 -0.172265 1.000000
0.101980 0.032863 -0.040041 0.000000
-0.344558 -0.011420 -0.449280 1.000000
0.423259 -0.042380 0.127912 0.000000
0.436941 0.058903 0.010979 0.000000
0.502457 -0.057236 0.055697 0.000000
-0.332143 -0.011590 0.425364 1.000000
-0.107455 -0.064427 0.109953 0.000000
-0.353263 0.027678 0.136882 2.000000
0.471724 -0.005251 0.134763 0.000000
0.094335 -0.017589 -0.156085 0.000000
0.408573 -0.000236 -0.092708 0.000000
-0.207300 0.024782 -0.123100 2.000000
-0.445008 -0.005762 0.191555 2.000000
-0.351844 -0.029190 0.081737 2.000000
-0.312443 -0.006954 -0.491575 1.000000
0.177110 -0.001239 -0.120356 1.000000
-0.315566 -0.005629 -0.317264 1.000000
0.816392 0.028378 0.016107 0.000000
-0.443721 -0.011855 -0.103646 2.000000
-0.266060 -0.066963 0.064345 0.000000
-0.215570 0.055459 0.138945 2.000000
-0.282353 -0.067152 -0.061842 0.000000
0.289918 0.025369 0.059179 0.000000
-0.235118 0.014222 0.116576 2.000000
-0.004601 -0.005421 0.209078 1.000000
-0.427314 -0.033107 0.015350 2.000000
0.453424 0.061268 -0.013131 0.000000
-0.105563 -0.005156 -0.246808 1.000000
-0.142843 0.019370 0.131773 2.000000
-0.354644 -0.004399 -0.170278 2.000000
-0.233548 -0.005799 0.359375 1.000000
-0.167767 -0.011685 0.413764 1.000000
-0.442737 -0.017286 0.037151 2.000000
-0.406062 -0.050839 -0.017843 2.000000
0.349416 0.044577 -0.030220 0.000000
0.330037 -0.067795 0.049490 0.000000
0.881530 -0.048360 -0.026435 0.000000
-0.319843 0.181286 0.217481 2.000000
-0.118923 -0.008014 -0.392015 1.000000
-0.333676 -0.004702 0.180692 2.000000
-0.238714 -0.006840 -0.449052 1.000000
-0.288920 0.191884 -0.223834 2.000000
-0.012303 -0.001806 0.128101 1.000000
0.598403 -0.000482 -0.066592 0.000000
0.754339 0.002111 0.055413 0.000000
-0.222477 -0.012366 -0.322032 1.000000
-0.456571 0.002035 0.140080 2.000000
-0.494779 -0.051899 0.014366 2.000000
-0.386494 -0.011117 0.490199 1.000000
0.532830 0.061950 0.034804 0.000000
-0.198065 0.025104 0.122481 2.000000
0.677109 0.007183 0.060031 0.000000
0.711116 -0.053640 0.033385 0.000000
0.402896 0.039751 0.048316 0.000000
-0.358675 0.118912 0.184761 2.000000
0.000906 -0.048436 0.132492 0.000000
0.473635 -0.000349 -0.090948 0.000000
-0.018795 -0.005799 0.245848 1.000000
0.743628 -0.028982 0.055394 0.000000
-0.262199 -0.006310 -0.417335 1.000000
-0.225505 0.045183 0.146060 2.000000
0.062448 -0.064503 -0.109342 0.000000
-0.369159 0.076219 0.162335 2.000000
-0.130959 0.028813 0.032098 0.000000
-0.118261 0.029759 0.031720 0.000000
0.356248 -0.000766 -0.102908 0.000000
-0.147064 -0.005213 -0.275100 1.000000
0.022839 -0.013483 -0.170335 1.000000
-0.298307 -0.029360 0.121970 2.000000
-0.342192 0.083637 0.154236 2.000000
-0.291040 -0.012858 -0.254586 1.000000
-0.419252 0.104737 0.177305 2.000000
-0.314052 0.112269 -0.182049 2.000000
-0.408711 -0.004796 0.178970 2.000000
-0.179803 -0.035662 0.141992 0.000000
-0.200392 0.019711 -0.084135 2.000000
-0.289620 0.172600 0.212920 2.000000
0.653000 -0.070464 0.011092 0.000000
0.020606 -0.013350 -0.186440 1.000000
-0.272494 -0.069972 -0.016708 0.000000
-0.454905 0.002281 -0.107487 2.000000
0.270710 -0.067020 -0.064264 0.000000
-0.019041 -0.013539 0.161200 1.000000
0.111272 -0.028679 0.147328 0.000000
-0.138756 -0.006670 0.378243 1.000000
-0.394423 0.003057 0.126777 2.000000
-0.164133 0.033052 0.126796 2.000000
-0.476555 0.001032 0.147253 2.000000
0.138296 -0.006027 -0.174177 1.000000
-0.297569 -0.012877 0.250390 1.000000
-0.167256 -0.011666 -0.417733 1.000000
0.172133 -0.005856 -0.158697 1.000000
-0.094530 0.021452 -0.084740 0.000000
-0.096214 -0.013161 -0.211836 1.000000
0.636346 -0.071372 0.003087 0.000000
-0.260799 -0.012480 0.305422 1.000000
-0.421636 0.027186 0.123616 2.000000
-0.137507 -0.012082 0.358316 1.000000
-0.043055 -0.004285 0.162619 1.000000
-0.318537 0.196785 -0.216397 2.000000
0.376307 0.002092 0.075908 0.000000
0.485387 -0.046127 -0.120053 0.000000
-0.244429 -0.054738 -0.118520 0.000000
0.847769 -0.062591 -0.009819 0.000000
-0.265605 0.186074 -0.210587 2.000000
-0.059482 -0.065979 -0.082791 0.000000
0.127131 -0.006481 0.213980 1.000000
0.447803 -0.064957 -0.094051 0.000000
0.321048 -0.002696 -0.130708 0.000000
0.198078 -0.002090 0.129142 0.000000
-0.217159 -0.065884 -0.084646 0.000000
0.231782 -0.038671 -0.140775 0.000000
0.315504 -0.002639 0.129275 0.000000
-0.318537 0.189026 0.221550 2.000000
0.033607 0.032617 -0.033758 0.000000
0.511162 -0.022301 -0.063772 0.000000
0.145506 0.034055 0.026875 0.000000
-0.044778 -0.012934 0.244240 1.000000
-0.190097 -0.047168 0.133570 0.000000
0.103475 -0.069877 -0.017313 0.000000
0.004615 -0.000122 0.118071 1.000000
0.005145 -0.012783 -0.265108 1.000000
-0.221266 0.005971 -0.115038 2.000000
-0.376597 -0.006632 0.437438 1.000000
-0.290964 0.067230 0.157623 2.000000
-0.152135 -0.012896 0.249122 1.000000
0.550884 -0.064787 -0.062485 0.000000
0.248947 -0.013218 0.162203 1.000000
0.914231 0.008734 -0.001492 0.000000
0.282386 0.038483 -0.013850 0.000000
-0.163887 0.026845 -0.064681 2.000000
-0.230614 0.001051 0.126777 2.000000
-0.331216 -0.012669 0.254554 1.000000
-0.174296 -0.006973 -0.421972 1.000000
-0.130713 0.029059 -0.021212 0.000000
-0.264905 0.096051 0.172763 2.000000
0.166418 -0.039163 -0.140416 0.000000
0.292794 -0.048682 0.132284 0.000000
-0.045289 -0.067039 -0.063772 0.000000
0.228243 0.000465 0.100264 0.000000
-0.237616 -0.004361 0.188867 1.000000
-0.179954 0.006028 -0.113960 2.000000
0.161800 -0.013426 -0.177224 1.000000
0.025980 -0.006235 -0.253451 1.000000
-0.324044 0.082464 0.153592 2.000000
-0.370389 0.196350 -0.226162 2.000000
0.546815 0.058278 -0.039606 0.000000
0.624746 0.085548 -0.012166 0.000000
-0.285419 0.015755 -0.092878 2.000000
-0.031871 -0.068515 -0.037316 0.000000
-0.294030 -0.011136 0.488856 1.000000
-0.315566 -0.005194 -0.266244 1.000000
-0.323987 -0.013445 -0.170751 2.000000
0.472954 -0.048890 -0.120242 0.000000
-0.356972 0.014658 0.040501 2.000000
-0.224275 -0.050158 0.128007 2.000000
-0.169754 -0.012101 -0.357705 1.000000
-0.254610 0.056802 0.139683 2.000000
-0.307088 0.127655 -0.178908 2.000000
0.251445 0.027015 0.059122 0.000000
-0.089515 -0.012499 -0.304111 1.000000
-0.264678 0.167718 -0.211155 2.000000
0.801196 -0.001466 0.047805 0.000000
-0.311421 -0.006027 0.384677 1.000000
-0.444894 -0.011325 -0.166115 2.000000
-0.161238 0.026921 0.006380 0.000000
-0.170624 0.053453 0.150394 2.000000
-0.301107 -0.005024 0.249084 1.000000
-0.094738 -0.013464 -0.170789 1.000000
-0.315225 0.154262 -0.193328 2.000000
0.241812 -0.013521 0.163433 1.000000
-0.205672 -0.005232 -0.294649 1.000000
-0.405286 -0.066111 -0.011995 2.000000
0.910787 -0.049004 0.019930 0.000000
0.537202 0.044426 -0.047384 0.000000
-0.337120 0.073399 0.148672 2.000000
0.442391 -0.042040 -0.126620 0.000000
0.819155 -0.037800 -0.042274 0.000000
0.304641 -0.034810 0.142806 0.000000
0.044943 -0.012745 -0.270464 1.000000
-0.074508 0.026031 0.073599 0.000000
0.019489 -0.005137 0.173652 1.000000
-0.205048 -0.065165 0.096630 0.000000
-0.049849 -0.065316 0.094019 0.000000
-0.294825 -0.011515 0.435584 1.000000
0.664960 -0.057633 -0.032244 0.000000
0.041290 -0.003339 0.146647 1.000000
-0.394859 -0.022074 -0.058474 2.000000
-0.219714 0.105343 0.177626 2.000000
0.558530 -0.059923 -0.039417 0.000000
-0.161446 -0.012726 -0.272432 1.000000
-0.082096 -0.004248 -0.166266 1.000000
-0.293519 -0.005743 0.352184 1.000000
-0.378527 0.029551 0.137866 2.000000
0.536937 0.052828 0.042885 0.000000
-0.305101 0.014109 -0.041631 2.000000
0.144447 -0.068174 -0.043448 0.000000
0.361660 0.041606 0.042828 0.000000
-0.314336 0.033544 -0.127850 2.000000
-0.257582 0.211679 0.224142 2.000000
0.176883 -0.001314 0.120361 0.000000
0.106844 -0.013388 0.182338 1.000000
0.131729 0.033809 -0.030598 0.000000
-0.194280 0.048740 0.135311 2.000000
-0.301562 0.085189 0.167048 2.000000
0.496931 -0.009395 -0.102624 0.000000
0.090664 -0.013029 -0.230571 1.000000
-0.153914 -0.012120 -0.354526 1.000000
0.736664 -0.069726 0.000192 0.000000
0.294365 -0.028792 0.147234 0.000000
0.979577 -0.019841 -0.026719 0.000000
0.163541 0.026448 -0.065324 0.000000
-0.405986 0.032163 -0.140018 2.000000
0.458117 -0.065544 0.081945 0.000000
-0.173425 0.025747 -0.026870 0.000000
0.783937 -0.049174 -0.034818 0.000000
-0.214112 0.042836 -0.145620 2.000000
0.701219 0.041833 -0.045491 0.000000
-0.386343 -0.010928 -0.209092 2.000000
-0.267044 -0.012328 -0.325420 1.000000
0.475755 0.005896 -0.069109 0.000000
-0.238468 -0.011534 0.435035 1.000000
-0.377486 -0.011969 0.332219 1.000000
0.691586 0.007769 -0.059912 0.000000
0.095073 -0.005686 -0.172928 1.000000
0.412453 -0.004039 0.140743 0.000000
-0.276411 -0.006348 0.422337 1.000000
0.108150 -0.006348 0.214150 1.000000
-0.120002 0.019862 0.087187 0.000000
-0.470461 -0.013218 -0.109304 2.000000
-0.337934 0.163214 -0.208789 2.000000
-0.186748 -0.013218 0.205029 1.000000
-0.198197 -0.059166 -0.124236 0.000000
-0.122311 -0.044992 0.135330 0.000000
-0.405740 -0.006783 0.410509 1.000000
-0.285987 -0.006216 -0.406416 1.000000
-0.183360 0.087725 0.156450 2.000000
0.202033 0.009151 0.085143 0.000000
0.607146 -0.057311 -0.032793 0.000000
0.010708 -0.005478 0.204820 1.000000
-0.346072 0.010930 -0.025999 2.000000
0.308539 -0.000860 0.107076 0.000000
-0.410074 -0.011496 0.384280 1.000000
0.098385 -0.006575 -0.237876 1.000000
0.985178 -0.026124 -0.025242 0.000000
-0.230368 -0.004721 -0.237914 1.000000
-0.291589 -0.013142 0.214302 1.000000
0.489872 -0.019274 -0.080975 0.000000
0.204645 -0.037914 -0.141324 0.000000
0.084589 -0.006386 0.231466 1.000000
0.175161 0.024442 0.067260 0.000000
-0.097860 -0.070294 -0.014550 0.000000
-0.480775 -0.010758 0.156810 2.000000
0.588544 -0.004796 0.068206 0.000000
0.489986 0.065470 -0.002268 0.000000
-0.384980 0.014979 -0.061274 2.000000
-0.402315 -0.006973 0.456381 1.000000
-0.031095 -0.071088 0.008386 0.000000
0.129194 -0.046430 -0.134985 0.000000
-0.263883 0.201270 -0.218819 2.000000
0.586613 0.052866 0.041844 0.000000
-0.073278 -0.006102 -0.299853 1.000000
-0.468928 -0.057236 0.004526 2.000000
-0.303549 -0.013047 -0.222831 1.000000
-0.397697 -0.006878 0.375310 1.000000
-0.279591 -0.004153 0.169224 1.000000
0.185096 0.021471 -0.070964 0.000000
-0.234532 0.139293 0.184420 2.000000
0.259336 -0.000766 0.113019 0.000000
0.289596 -0.001182 -0.114187 0.000000
0.135420 -0.064446 -0.110137 0.000000
0.768495 0.010229 0.048638 0.000000
0.414345 -0.066509 0.068092 0.000000
-0.006664 -0.013312 -0.193271 1.000000
0.283143 0.004647 -0.083151 0.000000
-0.200033 -0.006765 -0.420704 1.000000
0.892355 0.009681 0.023071 0.000000
0.173533 0.034509 0.021879 0.000000
-0.210706 0.060209 0.153952 2.000000
-0.299329 -0.004910 -0.239068 1.000000
-0.303095 0.007599 -0.127131 2.000000
-0.259512 -0.065468 -0.092045 0.000000
-0.411758 -0.006992 0.430720 1.000000
-0.433956 0.112402 -0.178700 2.000000
-0.238336 0.020505 -0.027892 2.000000
0.479691 0.062158 0.023034 0.000000
0.756743 0.053434 -0.019016 0.000000
-0.091161 -0.005042 -0.229928 1.000000
-0.422715 -0.002790 0.104257 2.000000
-0.419176 -0.004494 -0.169408 2.000000
0.511938 -0.066319 -0.068579 0.000000
-0.206372 -0.066565 0.071555 0.000000
0.256479 -0.067228 0.059652 0.000000
-0.391509 0.030573 0.138396 2.000000
-0.057287 -0.012972 0.239225 1.000000
-0.314903 0.033563 0.127079 2.000000
-0.253380 -0.011306 -0.465214 1.000000
0.129686 -0.006689 0.228514 1.000000
-0.113246 -0.064181 0.114343 0.000000
0.126412 0.004609 0.097387 0.000000
-0.025532 -0.013199 -0.209073 1.000000
0.654570 -0.071372 -0.004161 0.000000
0.514001 0.006747 0.066446 0.000000
0.328448 -0.067379 0.057078 0.000000
0.282575 -0.069877 -0.017351 0.000000
-0.333676 0.151556 0.191063 2.000000
0.917240 -0.052940 -0.010671 0.000000
-0.280253 0.184257 0.219033 2.000000
-0.447638 -0.015167 -0.069601 2.000000
-0.221701 -0.011363 -0.457001 1.000000
-0.409336 0.051106 0.136579 2.000000
0.061085 -0.006632 -0.263083 1.000000
0.178510 0.028283 -0.060915 0.000000
0.135458 -0.006594 -0.218990 1.000000
0.577832 0.071071 -0.026719 0.000000
-0.384507 -0.011552 -0.392450 1.000000
0.166607 -0.013275 0.197308 1.000000
-0.489707 -0.010549 0.156261 2.000000
-0.347888 0.013314 0.086827 2.000000
0.286606 0.039089 -0.007245 0.000000
-0.291021 0.204847 -0.220768 2.000000
0.045321 0.024385 0.072994 0.000000
-0.304135 0.145746 0.198821 2.000000
-0.011679 -0.065979 -0.082848 0.000000
-0.372093 -0.011041 -0.502741 1.000000
-0.252926 -0.068117 0.043585 0.000000
-0.247987 -0.069953 -0.016840 0.000000
-0.124070 -0.004380 0.197118 1.000000
0.543125 0.061590 0.036129 0.000000
-0.331557 0.032314 0.139305 2.000000
-0.363558 0.151840 0.191233 2.000000
0.610250 0.028473 -0.056373 0.000000
-0.399211 0.013447 0.063872 2.000000
-0.429641 -0.013388 0.115782 2.000000
0.309807 0.041720 0.004942 0.000000
-0.412931 -0.019009 -0.015761 2.000000
0.405375 0.054172 0.012417 0.000000
0.044280 -0.006727 -0.280115 1.000000
0.582620 -0.071372 -0.006129 0.000000
0.438417 0.002376 -0.073840 0.000000
0.353768 -0.001977 0.118809 0.000000
-0.206675 -0.011893 -0.386129 1.000000
-0.309245 -0.004778 0.223650 1.000000
0.079669 -0.001201 -0.120962 1.000000
-0.319691 -0.006424 -0.431585 1.000000
0.723455 -0.009906 -0.062258 0.000000
0.660229 -0.016170 0.067316 0.000000
-0.138321 -0.012934 0.242461 1.000000
0.547345 0.014525 -0.060896 0.000000
-0.385018 -0.009830 -0.098366 2.000000
0.334598 0.026902 0.057230 0.000000
-0.221247 0.021016 -0.121056 2.000000
-0.271453 -0.013558 0.157945 1.000000
-0.285836 -0.012309 0.328945 1.000000
0.260377 0.012936 0.075284 0.000000
0.572136 -0.055116 -0.037846 0.000000
-0.311686 -0.006519 -0.441956 1.000000
-0.327602 0.178353 0.215929 2.000000
-0.066824 0.031519 0.028635 0.000000
-0.107379 -0.046543 0.134100 0.000000
-0.194450 -0.071372 -0.000433 0.000000
-0.363501 0.003928 -0.122267 2.000000
-0.194261 -0.012801 0.261082 1.000000
-0.423642 -0.013388 0.120740 2.000000
-0.100964 -0.054170 -0.128437 0.000000
0.005977 -0.064351 0.111145 0.000000
-0.296906 -0.012972 -0.237498 1.000000
-0.268425 0.013958 -0.117234 2.000000
-0.272248 0.087630 0.156393 2.000000
-0.220376 0.153449 -0.192874 2.000000
0.037657 0.033128 -0.003404 0.000000
-0.421561 0.000767 -0.123554 2.000000
0.185399 -0.003756 0.148483 0.000000
0.334617 -0.001579 -0.114736 0.000000
0.112692 -0.012915 0.247173 1.000000
0.085554 -0.006045 0.204196 1.000000
-0.272361 0.086040 0.167502 2.000000
0.101716 0.000957 -0.106390 1.000000
-0.008462 -0.005837 -0.243856 1.000000
0.359200 0.047359 -0.012601 0.000000
-0.283716 -0.071296 0.007005 0.000000
-0.203174 0.000294 0.126020 1.000000
-0.139816 -0.004399 -0.200027 1.000000
0.041555 -0.068004 -0.046419 0.000000
-0.318688 0.120237 -0.174877 2.000000
0.707294 -0.031858 -0.054708 0.000000
-0.375575 -0.012253 -0.301254 1.000000
0.146074 -0.065222 0.095551 0.000000
-0.427957 -0.019690 0.055678 2.000000
0.546948 -0.002166 0.081756 0.000000
0.075884 0.032503 0.040368 0.000000
0.893244 -0.030136 0.040463 0.000000
0.189695 -0.064257 -0.113676 0.000000
-0.232545 -0.070880 -0.010633 0.000000
0.481697 -0.009357 -0.116912 0.000000
0.065684 -0.002942 -0.140984 1.000000
-0.126474 -0.013161 0.211936 1.000000
-0.315490 -0.006708 0.462683 1.000000
0.039455 -0.068023 0.045421 0.000000
-0.013761 -0.003812 -0.157391 1.000000
0.072440 -0.068571 0.035410 0.000000
-0.058952 -0.004550 -0.176296 1.000000
-0.366434 -0.014334 0.133211 2.000000
-0.407651 -0.011023 0.478144 1.000000
-0.002803 -0.068552 -0.036559 0.000000
-0.166234 -0.042248 0.137355 0.000000
-0.196153 -0.012480 -0.305947 1.000000
-0.148275 -0.012726 -0.272867 1.000000
0.197397 0.009056 -0.086482 0.000000
-0.290680 0.187645 0.220812 2.000000
0.090607 0.033279 0.032193 0.000000
-0.204612 -0.003245 0.149315 1.000000
-0.247343 -0.004815 -0.248701 1.000000
-0.255197 -0.071372 -0.004520 0.000000
0.684566 0.010475 -0.059552 0.000000
-0.308961 -0.005440 0.286441 1.000000
0.215356 -0.065733 0.086316 0.000000
0.200198 -0.070672 0.011206 0.000000
-0.197270 0.009245 -0.114679 2.000000
-0.247684 -0.008354 0.471786 1.000000
0.681027 0.039695 0.047541 0.000000
0.389346 -0.022491 -0.139224 0.000000
0.429144 -0.001863 -0.113865 0.000000
0.514758 0.069917 -0.013358 0.000000
-0.381649 0.004741 0.114173 2.000000
-0.174012 -0.064938 -0.101337 0.000000
-0.119188 -0.005610 0.287898 1.000000
-0.176642 -0.012385 -0.319478 1.000000
-0.239698 0.132045 -0.192420 2.000000
-0.470972 -0.006783 0.183398 2.000000
-0.163301 -0.013275 -0.197946 1.000000
-0.279136 -0.005345 0.307882 1.000000
-0.245527 -0.013539 0.160083 1.000000
-0.079447 0.017250 0.091275 0.000000
0.221790 -0.068477 0.037302 0.000000
0.118350 0.033620 -0.031506 0.000000
-0.297266 0.057616 -0.153379 2.000000
0.079839 -0.006746 0.260912 1.000000
0.499315 -0.067285 -0.053534 0.000000
-0.382936 -0.009755 0.015350 2.000000
-0.019835 -0.012991 0.235024 1.000000
-0.087603 -0.012745 -0.270445 1.000000
0.933250 0.002754 0.017413 0.000000
-0.436927 0.060511 -0.142479 2.000000
0.683903 0.061117 0.032420 0.000000
-0.253040 0.084186 0.154539 2.000000
0.043012 0.007713 -0.101716 1.000000
-0.346318 -0.005894 0.329324 1.000000
0.196772 -0.022510 -0.152641 0.000000
0.325193 -0.031953 0.143279 0.000000
0.044167 -0.040620 0.138548 0.000000
-0.258622 -0.004929 0.259512 1.000000
-0.169129 -0.013331 0.187618 1.000000
0.985386 -0.015091 0.020479 0.000000
0.906851 0.008621 -0.018335 0.000000
-0.333582 -0.012839 0.235781 1.000000
0.427346 0.006255 -0.070945 0.000000
0.519337 -0.032861 -0.118331 0.000000
-0.215040 -0.001409 -0.132619 2.000000
-0.331349 0.011933 0.031739 2.000000
0.009478 -0.013029 -0.231688 1.000000
-0.276752 0.018745 -0.000281 2.000000
-0.320883 -0.015754 -0.125825 0.000000
-0.352449 -0.069158 -0.025962 0.000000
0.475168 -0.066433 0.066654 0.000000
-0.047484 -0.013369 -0.184112 1.000000
-0.368743 0.009378 0.094000 2.000000
-0.443740 0.009245 0.049868 2.000000
0.616249 -0.042550 -0.044697 0.000000
-0.387705 0.058770 0.140743 2.000000
-0.392512 -0.011496 0.314430 1.000000
-0.171930 -0.012518 -0.301765 1.000000
0.550903 -0.070691 0.009938 0.000000
0.247792 0.030005 -0.054026 0.000000
-0.372206 -0.012536 -0.271050 1.000000
-0.389484 0.167093 0.199503 2.000000
0.078685 0.030668 -0.054726 0.000000
0.160097 -0.006027 0.160765 1.000000
-0.056378 -0.005194 0.220944 1.000000
-0.164001 -0.011969 0.375594 1.000000
0.086652 -0.068931 0.029014 0.000000
-0.319899 -0.012726 0.262596 1.000000
0.321408 -0.068004 0.045629 0.000000
-0.214888 0.022492 0.035107 2.000000
-0.258263 -0.011477 0.441639 1.000000
0.444170 0.058600 -0.027135 0.000000
-0.304741 -0.005459 -0.300175 1.000000
-0.172592 -0.004418 -0.201333 1.000000
0.191701 -0.004248 0.154009 1.000000
-0.014404 -0.012877 0.251204 1.000000
-0.315698 -0.012026 -0.368454 1.000000
0.406794 -0.012442 0.139059 0.000000
-0.508840 -0.023702 0.011717 2.000000
-0.178251 0.036837 0.141689 2.000000
-0.203212 0.078035 -0.164090 2.000000
0.999731 -0.017268 -0.015477 0.000000
0.604856 0.066586 -0.030920 0.000000
-0.237938 -0.004153 0.169640 1.000000
-0.462191 0.003019 -0.118577 2.000000
-0.410074 0.094670 -0.161005 2.000000
-0.013590 -0.006121 0.266514 1.000000
-0.333525 -0.006670 -0.459442 1.000000
-0.266381 -0.011496 -0.440309 1.000000
0.374453 -0.071372 0.005510 0.000000
-0.121459 -0.012063 -0.361263 1.000000
0.413607 -0.064011 -0.113581 0.000000
-0.223934 -0.005232 0.293443 1.000000
-0.005585 -0.069442 -0.020795 0.000000
-0.003977 -0.067247 -0.060006 0.000000
0.666909 -0.022510 -0.064737 0.000000
-0.255689 0.050349 0.148767 2.000000
-0.316360 -0.013123 -0.205326 2.000000
0.328353 0.039581 -0.042880 0.000000
-0.201301 -0.004285 -0.187764 1.000000
0.232255 0.035531 -0.004501 0.000000
-0.241988 0.045523 -0.134360 2.000000
-0.355269 0.003303 -0.128058 2.000000
0.331570 0.043252 -0.028232 0.000000
-0.265568 0.010797 0.114722 2.000000
-0.245773 -0.011496 0.440125 1.000000
0.851062 -0.020920 -0.050544 0.000000
-0.056567 -0.012764 0.267611 1.000000
0.465233 -0.046411 -0.108528 0.000000
-0.159856 -0.070729 -0.011617 0.000000
-0.391622 0.112591 0.169943 2.000000
0.098177 0.025899 0.068130 0.000000
-0.258111 -0.066849 0.066370 0.000000
-0.360984 0.017023 -0.049409 2.000000
0.228395 -0.003207 0.141424 0.000000
-0.319010 0.007202 -0.111973 2.000000
-0.096517 -0.015621 0.156355 0.000000
-0.221758 -0.006481 -0.412907 1.000000
0.318002 -0.069404 -0.021458 0.000000
-0.233472 -0.046543 -0.128929 0.000000
0.431699 -0.065752 0.080393 0.000000
0.719065 0.022738 0.052650 0.000000
-0.187126 -0.013312 0.191214 1.000000
0.618047 0.007769 -0.062050 0.000000
-0.180825 -0.005762 0.333676 1.000000
-0.476631 -0.051729 -0.015705 2.000000
0.063545 -0.071372 -0.006753 0.000000
-0.195415 -0.012290 0.331140 1.000000
0.755835 0.020562 0.045705 0.000000
-0.238771 -0.005762 -0.355036 1.000000
0.211079 -0.046808 0.133873 0.000000
0.506582 0.068138 0.011622 0.000000
0.332289 -0.046941 -0.134549 0.000000
0.395061 -0.011590 -0.141400 0.000000
0.592366 -0.039333 -0.046305 0.000000
-0.381214 0.003606 -0.111613 2.000000
-0.206789 -0.004607 0.222780 1.000000
-0.102118 -0.012309 -0.329205 1.000000
0.188635 -0.069499 0.019040 0.000000
0.903520 0.010551 0.009484 0.000000
0.546948 -0.007824 -0.081012 0.000000
0.284657 -0.003661 -0.145128 0.000000
-0.092183 -0.069366 -0.022044 0.000000
0.517804 -0.049666 -0.045094 0.000000
-0.393988 -0.043610 -0.017786 2.000000
0.423069 -0.011855 0.137563 0.000000
-0.478977 -0.020787 0.012625 2.000000
0.215697 -0.021980 0.152249 0.000000
-0.023847 -0.012915 0.247041 1.000000
0.475111 -0.029398 0.125887 0.000000
0.030049 -0.012991 0.235535 1.000000
0.137293 0.034282 -0.014247 0.000000
-0.385813 -0.006708 -0.429504 1.000000
-0.273724 0.034793 -0.141400 2.000000
-0.315509 -0.068401 0.038741 0.000000
-0.257298 0.027223 -0.137426 2.000000
-0.373531 -0.000217 -0.144409 2.000000
-0.399003 0.058600 0.153100 2.000000
0.515004 -0.009130 -0.127358 0.000000
-0.152438 -0.011761 -0.404921 1.000000
-0.037700 -0.013123 -0.217911 1.000000
-0.049187 0.031614 -0.036181 0.000000
-0.241647 0.003417 0.122424 2.000000
0.141740 -0.005970 0.168013 1.000000
-0.342760 0.149077 0.189719 2.000000
0.960255 -0.021544 0.031436 0.000000
-0.247457 0.090582 0.158002 2.000000
-0.239414 0.020960 -0.017219 2.000000
0.081599 -0.012801 -0.263121 1.000000
-0.159440 0.004987 0.115100 1.000000
-0.479299 -0.055665 -0.000262 2.000000
0.558170 -0.071372 0.004166 0.000000
-0.191763 -0.064200 -0.114698 0.000000
0.594921 -0.071372 -0.004596 0.000000
-0.258301 -0.070066 0.015293 0.000000
-0.169962 -0.005667 -0.322203 1.000000
-0.112129 -0.013256 -0.199441 1.000000
-0.177115 -0.013445 -0.173363 1.000000
-0.073164 0.031349 -0.034269 0.000000
-0.257071 -0.046222 0.120910 2.000000
-0.224218 -0.006727 0.430361 1.000000
0.105254 -0.015035 0.157131 0.000000
-0.483992 0.002206 0.120096 2.000000
-0.013344 -0.005080 0.189189 1.000000
0.764653 0.049819 0.018189 0.000000
-0.441961 -0.000122 0.109177 2.000000
-0.446068 0.035456 0.140951 2.000000
-0.108817 -0.057141 -0.125939 0.000000
0.411128 0.054815 -0.017559 0.000000
-0.037719 -0.013521 -0.163466 1.000000
-0.313484 0.149380 -0.201522 2.000000
-0.357086 -0.005818 -0.313649 1.000000
-0.403545 0.167869 -0.211231 2.000000
-0.359735 -0.011950 0.360624 1.000000
0.446460 -0.001712 -0.110913 0.000000
-0.413575 0.000957 0.109385 2.000000
0.375891 -0.068250 0.039611 0.000000
-0.333033 -0.006291 0.413953 1.000000
0.137558 -0.068382 0.038968 0.000000
0.752731 -0.036230 0.048203 0.000000
0.017710 -0.013161 0.211879 1.000000
0.843965 -0.050953 0.028522 0.000000
-0.201812 -0.037744 -0.141267 0.000000
-0.317269 0.024347 -0.122873 2.000000
0.141229 0.010192 -0.090134 1.000000
0.019603 -0.012783 0.264811 1.000000
-0.189700 -0.011836 -0.394172 1.000000
-0.210971 -0.000065 -0.123100 2.000000
-0.355023 -0.006235 -0.379430 1.000000
-0.336458 -0.027127 -0.111973 0.000000
-0.283981 -0.065714 0.076722 2.000000
0.412661 0.055478 0.001252 0.000000
0.522403 0.000389 0.077365 0.000000
-0.355458 0.023041 -0.135231 2.000000
-0.423434 -0.014940 0.107152 2.000000
0.254794 0.000900 0.095684 0.000000
-0.091048 -0.004323 0.175469 1.000000
0.308123 -0.069044 -0.027854 0.000000
0.001492 -0.013123 -0.219538 1.000000
-0.309586 -0.000993 -0.148667 2.000000
-0.236840 0.181892 0.217803 2.000000
-0.390790 -0.013502 0.146098 2.000000
-0.387270 -0.001144 0.096838 2.000000
-0.118620 -0.003831 0.160046 1.000000
-0.104162 -0.006367 -0.337418 1.000000
-0.289072 -0.005213 -0.273984 1.000000
-0.089344 -0.004304 -0.174328 1.000000
0.979861 -0.040336 0.001592 0.000000
-0.435016 0.030289 0.125301 2.000000
-0.033518 -0.012366 -0.322070 1.000000
0.198097 0.035096 0.009843 0.000000
-0.467604 -0.004702 -0.173231 2.000000
0.287817 -0.008827 -0.155215 0.000000
-0.462059 -0.017154 0.046954 2.000000
0.431869 0.053036 0.038343 0.000000
-0.130770 -0.068969 0.028389 0.000000
-0.060050 -0.004796 0.194053 1.000000
0.409936 0.050292 -0.039000 0.000000
0.427744 0.024271 -0.058341 0.000000
0.442959 -0.049742 -0.123346 0.000000
-0.082967 -0.013256 -0.199233 1.000000
0.264067 0.003455 -0.086992 0.000000
-0.043983 -0.005364 0.227662 1.000000
-0.090953 0.031349 -0.022801 0.000000
0.346691 -0.067909 0.047313 0.000000
-0.319540 -0.012461 0.308166 1.000000
-0.286574 -0.011117 0.490407 1.000000
-0.226451 0.019086 0.084273 2.000000
0.397238 -0.071372 0.001592 0.000000
0.475679 -0.064200 0.104824 0.000000
-0.112981 -0.004683 0.214775 1.000000
0.486977 0.030800 -0.053402 0.000000
0.134530 -0.012063 0.233604 1.000000
0.171565 0.026561 -0.064794 0.000000
0.832951 -0.031026 0.045478 0.000000
-0.375896 0.013560 0.035770 2.000000
-0.356083 -0.011628 -0.421707 1.000000
0.060252 -0.006102 -0.224534 1.000000
-0.452483 0.078338 -0.156710 2.000000
0.540381 -0.049552 0.043112 0.000000
-0.161276 -0.005894 -0.333803 1.000000
-0.361590 -0.006405 0.417265 1.000000
-0.428468 0.001695 0.139834 2.000000
-0.269712 -0.013104 -0.220693 1.000000
-0.351503 -0.006859 0.216554 1.000000
-0.042753 0.020259 0.084197 0.000000
-0.260117 -0.004096 0.165023 1.000000
-0.044172 -0.006670 0.325406 1.000000
-0.060371 0.014563 0.094795 0.000000
-0.413121 0.035058 -0.128683 2.000000
0.662292 -0.041453 0.044645 0.000000
0.202961 -0.000217 0.107606 0.000000
0.691927 0.083410 -0.008949 0.000000
0.709432 -0.017173 0.064705 0.000000
-0.160235 -0.006386 0.368819 1.000000
-0.199597 0.026183 -0.123857 2.000000
0.488283 -0.066168 -0.071361 0.000000
0.320140 -0.065506 -0.091307 0.000000
0.101943 0.018935 0.078747 0.000000
-0.149372 -0.052997 0.128650 0.000000
-0.075549 -0.004702 0.195150 1.000000
-0.173349 -0.043364 0.136542 0.000000
0.349794 -0.000671 0.100964 0.000000
-0.289772 -0.011988 -0.371803 1.000000
-0.183644 -0.012745 -0.268798 1.000000
0.610628 -0.049647 -0.038565 0.000000
-0.278834 -0.005497 0.325198 1.000000
-0.311024 -0.006178 0.401274 1.000000
-0.402144 -0.011363 -0.399376 1.000000
0.821407 -0.016473 0.052177 0.000000
-0.096914 -0.066622 -0.071304 0.000000
0.837531 -0.040015 -0.038925 0.000000
-0.216951 -0.012404 -0.316317 1.000000
-0.333298 -0.071372 -0.004350 0.000000
-0.362347 -0.006424 -0.418565 1.000000
-0.066484 -0.005894 -0.280796 1.000000
0.613599 -0.031820 -0.054670 0.000000
0.777541 -0.035284 -0.047989 0.000000
-0.150508 -0.020314 -0.153720 0.000000
-0.246795 -0.005743 0.353528 1.000000
-0.382274 0.014733 -0.070188 2.000000
-0.262275 0.019067 -0.021931 2.000000
-0.241818 -0.006178 -0.400322 1.000000
-0.224615 -0.004285 -0.187272 1.000000
