0.861054 0.027308 -0.048132 0.000000
0.103870 0.004180 0.401301 1.000000
-0.837440 0.057492 0.268198 2.000000
-0.629504 0.122926 -0.003429 2.000000
0.213028 -0.081305 0.259263 3.000000
-0.604333 -0.014317 -0.035465 0.000000
-0.124660 0.007558 -0.527668 1.000000
0.247870 -0.057250 -0.239506 3.000000
0.027130 -0.020038 -0.084200 0.000000
0.203439 -0.080106 0.052008 0.000000
0.338994 -0.058504 0.239785 3.000000
0.865004 -0.004238 -0.047969 0.000000
0.209677 -0.030853 0.095486 0.000000
-0.060642 0.040493 -0.080659 0.000000
-0.258717 0.012761 -0.085889 0.000000
0.178295 -0.065859 0.272503 3.000000
0.142799 -0.080106 -0.022117 0.000000
0.325591 -0.080106 0.040458 0.000000
0.040506 0.006250 0.362809 1.000000
0.152715 -0.028429 -0.084200 0.000000
-0.156315 -0.049160 0.074237 0.000000
0.055080 -0.047443 0.117661 1.000000
0.342099 0.075281 -0.060500 0.000000
-0.013787 0.023766 -0.504268 1.000000
0.195784 -0.060002 -0.084200 0.000000
0.186304 -0.050168 0.132453 1.000000
-0.086549 0.003907 -0.510997 1.000000
-0.748523 0.253033 0.000957 2.000000
-0.849127 0.062913 0.319331 2.000000
0.106159 -0.045264 0.150405 1.000000
0.218912 -0.032079 0.225647 1.000000
0.214281 -0.009795 0.208103 1.000000
0.060447 -0.048942 0.106764 1.000000
0.605472 -0.012601 0.093552 0.000000
0.064833 -0.071906 0.029125 0.000000
0.754239 0.028724 -0.074502 0.000000
-0.019290 0.078413 -0.057177 0.000000
-0.203852 0.034718 -0.718987 1.000000
-0.755225 0.030114 -0.024541 2.000000
-0.175684 0.099798 0.028716 0.000000
-0.046776 -0.077110 0.082737 0.000000
0.206272 -0.024887 0.300044 1.000000
0.022499 -0.079643 0.072766 0.000000
0.347983 -0.089940 0.250382 3.000000
-0.182822 0.033737 0.769174 1.000000
0.091094 -0.039216 0.197016 1.000000
0.345559 -0.114839 -0.235583 3.000000
-0.239375 0.084025 0.061434 0.000000
0.163339 -0.025487 -0.285707 1.000000
0.109782 0.005623 -0.343542 1.000000
-0.179226 0.026136 0.664565 1.000000
-0.009510 0.022159 -0.551941 1.000000
-0.440256 0.093533 0.044244 0.000000
0.379856 -0.064687 0.056721 0.000000
-0.125805 0.023222 -0.591441 1.000000
-0.516015 0.103912 0.003518 2.000000
-0.525223 -0.023961 -0.050203 0.000000
-0.569463 0.068198 -0.048323 0.000000
0.075076 -0.134944 0.142151 3.000000
0.111062 -0.039135 -0.193113 1.000000
-0.055575 -0.027530 -0.237299 1.000000
0.517808 0.094595 -0.031678 0.000000
0.015525 0.019598 0.498691 1.000000
0.131684 -0.011375 -0.165381 1.000000
0.053882 -0.013527 -0.221526 1.000000
0.058240 -0.021537 0.347880 1.000000
-0.391221 0.100643 0.025883 0.000000
0.788536 -0.041042 0.066691 0.000000
-0.727956 0.085932 0.003627 2.000000
-0.034027 0.015131 -0.464904 1.000000
-0.594853 0.175421 0.006596 2.000000
0.075893 0.009682 0.349379 1.000000
0.311289 0.006441 0.096794 0.000000
-0.015912 -0.051448 -0.084200 0.000000
0.345804 -0.130994 -0.259991 3.000000
0.775161 -0.138758 -0.014135 3.000000
-0.701068 0.206095 -0.000895 2.000000
-0.768192 0.052506 -0.194366 2.000000
-0.773667 0.279839 0.009375 2.000000
0.344251 -0.119579 0.293288 3.000000
0.784968 -0.123475 -0.007624 3.000000
-0.056011 0.030114 0.594473 1.000000
-0.873890 0.061605 0.312711 2.000000
-0.523370 0.001537 -0.065594 0.000000
-0.040919 -0.013092 0.382532 1.000000
0.199543 -0.057904 -0.296986 3.000000
0.857703 -0.019521 0.058546 0.000000
0.061864 -0.013827 0.225511 1.000000
0.101010 -0.041614 -0.084200 0.000000
-0.075053 0.046186 0.090065 0.000000
-0.011934 0.001238 -0.523718 1.000000
0.061428 -0.119416 0.133842 3.000000
-0.227198 0.036761 -0.758406 1.000000
0.134681 0.002000 0.327340 1.000000
0.252174 -0.051339 0.256403 3.000000
-0.658353 0.169673 -0.002721 2.000000
-0.205487 0.081873 0.064131 0.000000
-0.019426 0.018808 -0.585530 1.000000
-0.090581 -0.040551 -0.080632 0.000000
0.044265 -0.074985 0.087885 0.000000
0.000760 -0.050958 0.073229 0.000000
0.080960 -0.007017 -0.235365 1.000000
0.551016 -0.011266 0.093988 0.000000
0.121605 -0.045645 -0.279033 1.000000
0.361659 -0.052292 -0.234302 3.000000
0.351824 -0.080106 -0.016287 0.000000
0.238581 -0.013418 -0.157372 1.000000
0.041214 -0.031725 0.115182 1.000000
-0.737681 0.171498 0.008939 2.000000
-0.751956 0.036080 -0.089131 2.000000
0.466376 -0.068746 -0.037317 0.000000
-0.771379 0.062913 0.023268 0.000000
0.107602 -0.055834 0.095486 0.000000
-0.009237 0.009492 0.097093 0.000000
-0.043426 -0.080106 -0.021708 0.000000
-0.004988 0.004997 0.397488 1.000000
0.048570 -0.071580 -0.017840 0.000000
0.069355 0.025020 -0.084664 0.000000
0.090631 -0.080106 0.004008 0.000000
0.915674 0.032702 0.012698 0.000000
0.154594 -0.039216 -0.209512 1.000000
0.025332 0.004588 0.367849 1.000000
-0.009510 -0.038835 -0.158461 1.000000
0.884727 0.054441 -0.012991 0.000000
-0.363434 0.061115 0.082192 0.000000
0.333082 -0.078962 0.263377 3.000000
0.126999 -0.038426 0.218755 1.000000
0.154567 -0.010041 -0.153367 1.000000
-0.667997 -0.017042 0.006923 0.000000
-0.018854 -0.079316 0.075191 0.000000
-0.371552 -0.068610 -0.031379 0.000000
0.036910 -0.147257 0.166233 3.000000
-0.125124 0.005651 -0.508926 1.000000
0.156665 -0.001568 -0.233104 1.000000
0.115611 -0.006472 -0.208150 1.000000
-0.647919 0.040193 -0.054561 2.000000
-0.507679 0.037197 0.081920 0.000000
-0.114118 0.099199 0.030460 0.000000
0.237219 -0.057005 0.324916 3.000000
-0.255611 -0.077491 -0.015088 0.000000
-0.119294 -0.079480 -0.000623 0.000000
-0.336519 -0.072233 -0.030289 0.000000
-0.057673 -0.009278 0.411381 1.000000
0.251493 -0.043602 -0.299955 3.000000
-0.057019 -0.033169 -0.191478 1.000000
-0.035008 0.013959 0.472430 1.000000
-0.009728 -0.077464 -0.066602 0.000000
-0.702158 0.149405 0.010819 2.000000
-0.160674 0.044743 -0.786955 1.000000
0.606126 0.003826 0.096548 0.000000
0.108474 -0.035430 0.239758 1.000000
-0.229814 0.084407 0.060971 0.000000
0.840078 0.070513 -0.015851 0.000000
-0.137083 0.040139 0.771081 1.000000
0.028547 -0.091085 -0.121440 1.000000
-0.120166 0.101242 -0.013100 0.000000
-0.174213 0.032457 -0.748653 1.000000
-0.766557 0.167957 0.007032 2.000000
0.834875 0.051771 -0.045054 0.000000
0.179739 -0.015434 -0.288868 1.000000
-0.630103 0.040302 -0.064477 2.000000
0.147975 -0.030199 -0.265004 1.000000
-0.778244 0.154009 0.005316 2.000000
-0.780151 0.055694 -0.260046 2.000000
0.169877 -0.007344 -0.155438 1.000000
0.325264 -0.046899 0.267763 3.000000
0.022227 -0.069945 -0.122502 1.000000
0.022881 -0.006826 -0.463215 1.000000
0.150971 -0.024479 0.300044 1.000000
0.063934 -0.077191 0.078651 0.000000
0.333082 -0.075039 -0.277399 3.000000
-0.030023 -0.014590 -0.301944 1.000000
-0.624410 -0.025950 0.013788 0.000000
-0.634271 0.026518 -0.045190 0.000000
0.272306 -0.044174 -0.314747 3.000000
-0.431293 0.092770 -0.034593 0.000000
-0.051925 -0.006172 0.431567 1.000000
0.361931 -0.037446 0.084235 0.000000
0.434067 0.016711 0.096794 0.000000
0.335125 -0.088088 -0.328668 3.000000
-0.781840 0.014341 -0.007815 0.000000
-0.148197 0.029297 -0.735250 1.000000
-0.303502 0.058772 0.935702 1.000000
-0.729427 0.227698 0.000358 2.000000
-0.780015 0.038341 -0.101989 2.000000
0.729667 -0.041232 -0.065431 0.000000
-0.003244 -0.021972 -0.302161 1.000000
-0.139235 0.065446 -0.068400 0.000000
0.085428 -0.076047 -0.028954 0.000000
0.710816 0.082663 -0.046961 0.000000
-0.794371 0.039430 0.100580 2.000000
0.201450 -0.075475 -0.303197 3.000000
0.546058 0.078876 -0.056577 0.000000
0.198399 -0.023171 -0.084200 0.000000
0.019149 -0.078662 -0.043311 0.000000
0.184860 -0.006363 0.160866 1.000000
-0.328946 -0.060193 -0.051129 0.000000
0.168379 -0.003993 -0.274784 1.000000
-0.000139 0.048747 0.088784 0.000000
0.022227 -0.062780 -0.093544 1.000000
-0.056801 -0.037800 0.167023 1.000000
-0.113655 -0.026358 0.088485 0.000000
0.379911 0.101405 -0.012636 0.000000
-0.757268 0.037306 0.111667 2.000000
-0.762880 0.192447 0.003491 2.000000
-0.640619 0.072502 -0.030943 0.000000
-0.297918 -0.061010 0.061434 0.000000
-0.007984 -0.000342 0.371908 1.000000
0.238172 -0.046054 0.252780 3.000000
-0.134141 0.026709 0.730436 1.000000
-0.707497 0.039076 -0.132936 2.000000
0.705885 0.090372 -0.034212 0.000000
-0.048247 -0.029001 0.240603 1.000000
-0.039775 -0.028211 0.222814 1.000000
-0.316660 -0.053791 0.070424 0.000000
0.508764 -0.074576 -0.023860 0.000000
0.035194 0.056756 -0.073522 0.000000
0.238989 -0.115466 -0.280423 3.000000
0.066086 -0.149164 0.143894 3.000000
-0.267761 0.099934 0.028281 0.000000
-0.224692 0.040384 0.810608 1.000000
0.302599 -0.068338 0.326686 3.000000
0.318426 -0.061773 -0.310770 3.000000
0.047780 -0.050958 0.052008 0.000000
0.058431 -0.045754 0.132698 1.000000
0.603402 -0.021700 0.090528 0.000000
-0.784210 0.048992 -0.212809 2.000000
0.224279 -0.039571 -0.254407 3.000000
0.085428 -0.052810 -0.053989 0.000000
0.176088 -0.016143 0.105974 1.000000
-0.107580 0.055558 -0.074121 0.000000
-0.052252 -0.032433 0.211563 1.000000
0.304696 -0.121187 -0.310661 3.000000
0.661862 0.092334 -0.036201 0.000000
0.266966 -0.021428 0.095486 0.000000
0.125609 0.070949 0.075273 0.000000
-0.675406 0.059317 -0.030616 0.000000
-0.111367 0.013769 0.608638 1.000000
-0.795815 0.329800 0.009157 2.000000
0.053255 0.013742 -0.387837 1.000000
0.140456 -0.024179 -0.265685 1.000000
0.127244 0.002709 -0.261326 1.000000
0.676491 0.101460 -0.011874 0.000000
-0.186772 0.045287 -0.830106 1.000000
-0.025964 -0.010776 -0.398842 1.000000
0.106867 -0.012710 0.191813 1.000000
0.017405 -0.080106 -0.010648 0.000000
-0.008338 -0.012438 0.306146 1.000000
0.017678 -0.142926 0.163400 3.000000
-0.052170 -0.043602 -0.100954 1.000000
0.157645 -0.035103 -0.248986 1.000000
-0.122209 0.035862 -0.660663 1.000000
0.008143 -0.127343 -0.159851 3.000000
-0.005260 -0.033605 -0.084200 0.000000
0.377513 0.081355 0.064757 0.000000
-0.719211 0.195417 0.010819 2.000000
-0.437450 -0.035784 0.068626 0.000000
0.343570 0.102550 -0.001004 0.000000
0.008279 -0.013636 0.400076 1.000000
0.106077 -0.028974 -0.282711 1.000000
-0.763397 0.133387 0.004825 2.000000
-0.146890 0.071167 -0.063796 0.000000
-0.024874 -0.070871 0.029125 0.000000
0.539247 0.052398 -0.075701 0.000000
0.180883 -0.075012 -0.297667 3.000000
-0.774730 0.044743 -0.129721 2.000000
0.375961 -0.006826 0.095486 0.000000
0.037237 -0.050958 -0.075973 0.000000
0.440006 0.010064 0.097175 0.000000
-0.451616 -0.062399 0.008857 0.000000
-0.397541 -0.030254 0.079522 0.000000
-0.519720 0.099880 -0.015987 0.000000
-0.694121 0.161555 -0.000296 2.000000
0.268029 -0.128351 0.299690 3.000000
0.073005 -0.147339 -0.151052 3.000000
0.226322 -0.037037 -0.191288 1.000000
0.206871 -0.011021 -0.228609 1.000000
-0.120166 0.039757 0.716134 1.000000
0.015117 -0.038699 -0.166525 1.000000
0.445890 0.097237 -0.024977 0.000000
0.186549 -0.072179 -0.079488 0.000000
-0.613105 -0.026712 0.022533 0.000000
-0.071185 0.004806 0.539608 1.000000
-0.808128 0.049346 -0.207633 2.000000
-0.079194 0.023140 -0.549952 1.000000
-0.104229 0.028534 -0.603319 1.000000
0.316465 -0.115738 0.270841 3.000000
0.015689 -0.008624 0.305193 1.000000
0.266803 -0.050113 -0.110053 1.000000
0.216515 -0.076701 0.319794 3.000000
-0.056120 -0.020283 -0.291891 1.000000
0.000869 -0.010340 -0.415378 1.000000
-0.190204 -0.022790 -0.078888 0.000000
0.003811 0.019816 0.547698 1.000000
0.009532 -0.005682 -0.084309 0.000000
-0.107117 0.035862 -0.710297 1.000000
-0.366022 0.088466 -0.043828 0.000000
0.043203 0.011099 -0.373290 1.000000
0.114413 -0.000778 0.395799 1.000000
0.769086 -0.069291 0.037434 0.000000
-0.076797 0.009546 0.486786 1.000000
0.536714 0.013306 0.097148 0.000000
0.428755 -0.077518 -0.014979 0.000000
0.704959 0.061360 0.079658 0.000000
0.278272 0.039866 -0.080850 0.000000
-0.116107 0.033192 -0.726179 1.000000
0.316383 -0.099748 -0.225394 3.000000
0.008088 0.009328 -0.536822 1.000000
0.091285 -0.027176 0.285633 1.000000
-0.751874 0.158232 0.007740 2.000000
-0.121065 0.084025 0.061461 0.000000
0.417286 -0.029001 -0.075865 0.000000
0.137296 -0.034149 0.262668 1.000000
0.245609 -0.099829 -0.308182 3.000000
-0.725586 0.114209 0.002864 2.000000
0.027185 0.017610 0.438950 1.000000
0.427638 -0.061500 -0.049522 0.000000
-0.639720 0.041119 0.071513 2.000000
-0.001364 -0.006499 0.333034 1.000000
0.346049 -0.050277 -0.300581 3.000000
0.688341 0.079639 0.065738 0.000000
0.651620 0.074681 0.072276 0.000000
-0.030704 -0.023280 -0.281158 1.000000
-0.734793 0.059099 0.030351 0.000000
0.114794 -0.015625 -0.150207 1.000000
-0.750376 0.052125 -0.186030 2.000000
0.085428 -0.051475 0.085897 0.000000
0.248088 -0.120642 -0.256613 3.000000
0.782925 -0.140038 -0.000977 3.000000
0.308619 -0.080106 -0.052082 0.000000
-0.746371 0.040793 -0.139256 2.000000
0.149527 -0.046190 -0.142225 1.000000
-0.054976 -0.016987 -0.326052 1.000000
-0.193119 0.049129 -0.839695 1.000000
0.034458 0.102277 0.014959 0.000000
0.130186 -0.028837 -0.295269 1.000000
0.057750 -0.018458 0.196062 1.000000
0.605636 0.086204 0.058737 0.000000
-0.675815 0.040329 0.075000 2.000000
0.246780 -0.069782 0.334968 3.000000
-0.256483 -0.029082 -0.075810 0.000000
-0.788051 0.356143 0.010001 2.000000
-0.190858 -0.076211 -0.018902 0.000000
-0.821395 0.041746 0.129783 2.000000
0.351498 -0.126063 0.313774 3.000000
-0.731088 0.294767 0.010056 2.000000
-0.071512 -0.013500 0.364307 1.000000
-0.220415 0.044552 0.801755 1.000000
-0.044924 -0.002467 0.393510 1.000000
0.169496 -0.080106 -0.043338 0.000000
0.247162 -0.097241 0.244307 3.000000
-0.746589 0.164770 0.003082 2.000000
-0.192629 0.025728 0.672847 1.000000
-0.035907 -0.010258 0.344094 1.000000
-0.021033 -0.078662 0.063668 0.000000
-0.742503 0.001810 0.016430 0.000000
0.028710 -0.011321 0.095486 0.000000
-0.413722 -0.067820 0.022533 0.000000
0.305159 -0.062426 0.237197 3.000000
-0.428433 0.063975 -0.066139 0.000000
-0.054077 -0.053872 -0.084200 0.000000
0.577958 -0.071988 -0.030807 0.000000
-0.022722 -0.061664 0.095486 0.000000
0.043557 0.041010 -0.080468 0.000000
-0.071131 -0.079888 -0.003129 0.000000
-0.169691 -0.067657 0.050755 0.000000
0.029637 -0.048833 -0.086107 1.000000
-0.742557 0.074681 0.005643 2.000000
-0.207257 0.039539 -0.802374 1.000000
-0.559275 0.037360 0.071949 0.000000
-0.742448 0.141723 0.007958 2.000000
0.596619 0.057573 -0.073113 0.000000
-0.813413 0.043272 -0.127379 2.000000
-0.846811 0.038668 0.002701 0.000000
0.057696 -0.005382 0.459680 1.000000
0.224360 -0.037119 -0.294861 3.000000
0.295734 -0.119879 -0.239260 3.000000
-0.155825 0.052643 0.086850 0.000000
-0.472701 -0.034967 -0.050448 0.000000
-0.719701 0.098136 0.008449 2.000000
0.133046 -0.072043 0.090909 0.000000
0.301400 -0.080106 -0.014979 0.000000
0.011194 0.100861 -0.014271 0.000000
0.288242 0.097537 0.035391 0.000000
0.266068 -0.092719 -0.226620 3.000000
-0.015857 -0.026140 -0.198534 1.000000
-0.725558 0.031966 -0.054480 2.000000
-0.680936 0.046186 -0.115637 2.000000
-0.016811 -0.130694 -0.129667 3.000000
-0.241037 0.048720 -0.829398 1.000000
0.436819 -0.078608 0.020871 0.000000
-0.358231 -0.003475 -0.084282 0.000000
0.259666 -0.054635 -0.320332 3.000000
0.913930 -0.039189 0.004635 0.000000
-0.363816 0.017256 0.096085 0.000000
-0.727057 0.043081 0.179881 2.000000
-0.275852 0.097183 -0.025140 0.000000
0.644074 0.051744 -0.076028 0.000000
0.657449 0.023303 0.096140 0.000000
0.279934 -0.098113 -0.241440 3.000000
-0.691561 0.039213 0.139100 2.000000
0.424832 -0.056161 0.067481 0.000000
0.255525 -0.033632 -0.252064 3.000000
-0.774103 0.042318 -0.011438 0.000000
0.267784 -0.116692 0.283753 3.000000
0.361577 0.062913 -0.070443 0.000000
0.195484 -0.017478 0.296448 1.000000
-0.126785 0.061660 -0.071070 0.000000
-0.815211 0.044007 0.145420 2.000000
-0.214613 0.102631 0.011500 0.000000
-0.281355 0.059998 -0.920058 1.000000
-0.326712 -0.031207 -0.074748 0.000000
0.663197 0.102795 0.001420 0.000000
-0.135012 0.027117 -0.621380 1.000000
0.310444 -0.102254 -0.243456 3.000000
0.491956 0.091408 0.049338 0.000000
0.158544 -0.001977 -0.206271 1.000000
-0.692732 0.046595 0.133434 2.000000
-0.746480 0.120257 0.007250 2.000000
0.008851 0.020579 -0.497022 1.000000
-0.368338 -0.027748 0.085679 0.000000
-0.094695 0.026136 0.698372 1.000000
0.107657 0.050600 0.087885 0.000000
-0.265037 0.047085 -0.838851 1.000000
-0.162772 0.019326 -0.621217 1.000000
-0.757023 0.046650 0.152339 2.000000
0.651320 -0.057005 -0.055106 0.000000
0.038136 -0.080106 0.041057 0.000000
-0.030677 -0.141237 0.178137 3.000000
-0.038686 -0.042703 0.132289 1.000000
0.220683 -0.078363 0.247822 3.000000
0.120678 0.015539 -0.085617 0.000000
0.098885 -0.023552 0.347526 1.000000
-0.036343 -0.077954 -0.054344 0.000000
-0.785436 0.271666 0.008340 2.000000
0.236238 -0.068528 0.093933 0.000000
0.180229 -0.095498 -0.277971 3.000000
-0.741876 0.296783 0.011799 2.000000
0.103489 0.006277 -0.306847 1.000000
-0.185273 0.041610 0.756915 1.000000
-0.288628 0.057682 0.923580 1.000000
-0.012043 -0.006826 -0.328314 1.000000
0.227412 -0.068883 -0.235201 3.000000
-0.755443 0.107153 0.004907 2.000000
-0.436170 0.018073 -0.078616 0.000000
-0.665981 0.232166 0.009184 2.000000
0.272851 -0.073051 -0.315510 3.000000
-0.244769 0.042754 -0.795836 1.000000
0.464115 -0.006254 0.095540 0.000000
-0.831692 0.054659 -0.230952 2.000000
-0.794180 0.046268 0.159640 2.000000
0.545050 0.007449 0.096902 0.000000
0.695152 0.081056 -0.051565 0.000000
0.327389 -0.091248 0.326196 3.000000
0.621708 0.021941 -0.084990 0.000000
-0.170290 0.094895 0.042365 0.000000
0.743125 0.094568 -0.007842 0.000000
0.843347 0.033682 0.062387 0.000000
-0.071839 0.099172 -0.019229 0.000000
-0.855147 0.045424 0.004335 0.000000
0.244329 -0.033060 -0.278979 1.000000
-0.035389 0.000093 0.399122 1.000000
0.356973 -0.065559 -0.312023 3.000000
-0.037623 0.004234 -0.541671 1.000000
0.717681 0.092552 -0.026448 0.000000
-0.727166 0.035889 -0.094362 2.000000
-0.028470 -0.038454 -0.118362 1.000000
-0.071103 -0.009823 -0.386611 1.000000
0.874184 -0.000588 0.056694 0.000000
-0.746998 0.029405 0.032040 2.000000
-0.147189 0.022295 0.617029 1.000000
0.258767 -0.047171 0.260625 3.000000
-0.852968 0.056075 -0.247896 2.000000
0.328669 -0.007589 -0.083928 0.000000
0.360978 -0.063353 -0.056877 0.000000
-0.657863 0.041310 -0.066875 2.000000
0.002014 -0.038290 0.179009 1.000000
0.662925 0.024911 -0.084691 0.000000
0.667420 0.046922 -0.078425 0.000000
-0.817717 0.053651 -0.218339 2.000000
0.301318 -0.039489 0.284053 3.000000
-0.613786 0.118840 0.015613 2.000000
0.194122 -0.071334 0.263213 3.000000
-0.838421 0.333369 0.005180 2.000000
0.076193 -0.050113 -0.088695 1.000000
0.222099 -0.104188 0.259318 3.000000
-0.017818 0.024556 -0.539709 1.000000
-0.421132 0.020933 -0.079733 0.000000
0.315920 -0.080106 -0.000923 0.000000
0.333082 -0.083947 0.293343 3.000000
0.235911 -0.118572 0.300235 3.000000
0.136833 0.078767 -0.056714 0.000000
-0.013269 0.000802 0.533560 1.000000
-0.233764 0.039812 0.798567 1.000000
0.074476 0.102223 -0.004382 0.000000
-0.238258 0.038068 0.777837 1.000000
-0.488256 0.075798 0.065466 0.000000
0.233514 -0.012819 -0.135824 1.000000
0.225014 -0.013391 -0.197335 1.000000
0.359779 -0.070245 0.250519 3.000000
0.086027 0.002273 -0.427855 1.000000
-0.010218 -0.000261 0.524298 1.000000
0.643256 0.101923 0.018719 0.000000
-0.858226 0.060543 -0.305322 2.000000
-0.077369 0.028643 0.593274 1.000000
-0.655166 0.042699 0.089302 2.000000
0.145605 -0.008542 0.353519 1.000000
0.296306 -0.079916 0.070750 0.000000
-0.643234 0.180951 0.013625 2.000000
-0.188978 0.037605 0.737165 1.000000
0.243675 0.055612 0.085379 0.000000
-0.596405 0.126849 -0.003293 2.000000
0.034377 -0.133255 -0.139447 3.000000
0.131793 -0.022081 0.337529 1.000000
-0.055984 -0.041668 -0.120241 1.000000
-0.051625 -0.010095 -0.387510 1.000000
0.293282 -0.063434 0.236952 3.000000
-0.125941 0.010609 -0.556790 1.000000
0.086109 0.018699 0.096603 0.000000
0.237927 -0.110263 0.257928 3.000000
0.589454 -0.069673 0.046723 0.000000
-0.132452 0.010663 0.567013 1.000000
0.192678 -0.080106 -0.038843 0.000000
0.682621 0.008811 -0.085590 0.000000
0.276801 -0.048233 0.122837 1.000000
0.007435 -0.050958 0.030542 0.000000
0.014681 -0.009005 -0.291047 1.000000
0.011330 -0.012165 0.415576 1.000000
0.318399 -0.031425 0.095486 0.000000
0.004356 0.021260 -0.505603 1.000000
0.286690 -0.022653 -0.103133 1.000000
0.179820 -0.050494 -0.282057 1.000000
0.285763 0.099144 -0.019338 0.000000
0.019012 -0.040578 -0.140863 1.000000
-0.308379 -0.005300 0.095622 0.000000
-0.703547 0.199367 0.011881 2.000000
0.094009 -0.079779 -0.060473 0.000000
0.249368 -0.076265 0.239159 3.000000
0.279334 -0.032406 0.095486 0.000000
-0.137192 0.038232 -0.686515 1.000000
-0.113682 0.014096 -0.597870 1.000000
0.343924 -0.131103 -0.291428 3.000000
-0.796196 0.286731 0.003354 2.000000
-0.586244 0.091353 -0.005390 2.000000
0.262907 0.089419 0.053343 0.000000
0.073659 0.008484 -0.331692 1.000000
0.119235 -0.015489 0.159858 1.000000
0.352860 -0.061228 -0.227628 3.000000
0.299112 -0.034722 0.318705 3.000000
-0.324479 -0.041668 0.080258 0.000000
-0.001855 -0.027393 -0.257104 1.000000
0.347847 -0.065396 0.338646 3.000000
0.351334 0.078359 0.068517 0.000000
-0.010763 -0.015434 0.095486 0.000000
-0.792546 0.037197 0.080939 2.000000
-0.153183 0.030332 0.756070 1.000000
-0.387679 0.086913 0.056803 0.000000
0.364192 0.076506 0.070805 0.000000
-0.403616 0.049973 -0.074012 0.000000
-0.771025 0.056402 -0.230352 2.000000
-0.085214 -0.069482 0.077261 0.000000
0.308783 -0.132111 0.272993 3.000000
0.623206 -0.035239 -0.072759 0.000000
0.082921 -0.080106 -0.015633 0.000000
0.173936 -0.038944 0.279558 1.000000
0.303171 -0.046572 0.311377 3.000000
0.788482 0.026899 0.078324 0.000000
0.018522 0.047576 -0.078098 0.000000
-0.012343 -0.069210 0.093334 0.000000
0.068511 -0.139875 0.159776 3.000000
0.151516 -0.013473 0.144031 1.000000
0.301863 -0.024778 -0.270942 3.000000
0.047752 0.049673 -0.077036 0.000000
-0.037351 -0.012710 -0.366806 1.000000
0.271434 -0.102635 -0.321694 3.000000
-0.726485 0.046677 0.143976 2.000000
-0.135040 0.015567 -0.591496 1.000000
0.502662 -0.071879 0.042283 0.000000
0.014191 -0.080106 0.021933 0.000000
0.281241 -0.023988 0.276834 1.000000
0.188946 -0.051802 -0.284209 3.000000
-0.000084 -0.026495 -0.178920 1.000000
-0.482998 -0.049786 -0.025958 0.000000
0.592423 -0.074413 -0.024323 0.000000
-0.191784 0.061442 0.082464 0.000000
-0.677477 0.228679 -0.000350 2.000000
0.037183 -0.010013 -0.438561 1.000000
0.358662 -0.051176 0.262287 3.000000
-0.820714 0.054032 -0.252309 2.000000
-0.730952 0.030550 -0.038216 2.000000
0.048134 -0.076864 -0.068182 0.000000
0.207007 -0.051094 -0.118307 1.000000
-0.613813 0.172615 0.001148 2.000000
0.014517 -0.132301 0.131064 3.000000
0.097795 -0.040796 0.286232 1.000000
-0.004879 -0.046163 -0.098557 1.000000
0.175107 -0.004483 -0.173880 1.000000
0.503016 -0.024506 0.089384 0.000000
-0.169936 -0.059321 0.063504 0.000000
0.665922 -0.072833 0.040376 0.000000
0.056388 -0.078662 -0.020210 0.000000
0.163911 -0.053573 -0.084773 1.000000
-0.154354 0.026109 -0.696758 1.000000
0.064615 0.010554 0.364280 1.000000
0.039662 -0.045264 -0.084200 0.000000
-0.131525 0.008566 -0.515083 1.000000
0.108774 -0.013391 -0.084200 0.000000
-0.425981 0.102141 0.014987 0.000000
0.079080 -0.126799 0.163454 3.000000
-0.716024 0.150931 0.001311 2.000000
-0.018772 -0.036220 -0.177449 1.000000
-0.459053 0.057029 -0.067556 0.000000
0.491166 0.060407 0.082982 0.000000
0.185459 -0.092311 0.302332 3.000000
0.028138 -0.130585 0.161220 3.000000
-0.671892 0.003989 0.041874 0.000000
0.109101 -0.001296 0.256621 1.000000
0.439570 0.100316 -0.015878 0.000000
0.099185 0.092797 -0.035274 0.000000
-0.251280 0.093805 0.044517 0.000000
0.708255 -0.048152 -0.061890 0.000000
-0.143566 -0.038399 -0.071152 0.000000
0.323003 -0.125001 0.258010 3.000000
0.240842 -0.013827 0.150569 1.000000
-0.059117 -0.012846 -0.363319 1.000000
-0.626480 0.067108 0.049148 0.000000
0.263589 -0.037092 0.166478 1.000000
0.309246 -0.043085 -0.259991 3.000000
-0.589649 -0.034258 0.009075 0.000000
-0.001637 -0.026958 0.189933 1.000000
0.072788 0.004833 -0.313113 1.000000
0.141191 -0.049950 0.292062 1.000000
-0.006322 -0.027775 0.265229 1.000000
-0.387080 0.067544 0.076526 0.000000
-0.677041 -0.004483 0.033293 0.000000
-0.183830 0.032620 0.704665 1.000000
-0.071812 -0.079861 -0.044972 0.000000
0.163938 -0.002712 0.225592 1.000000
-0.030268 0.025129 0.531762 1.000000
0.219103 0.062995 -0.070362 0.000000
-0.100987 -0.032297 0.090038 0.000000
0.281949 -0.117509 -0.313031 3.000000
0.004302 -0.017614 -0.240187 1.000000
-0.300560 -0.073214 -0.027946 0.000000
0.333082 -0.051938 0.279531 3.000000
0.228419 -0.056515 -0.314339 3.000000
0.608441 -0.001868 -0.084691 0.000000
0.748627 0.066373 0.068898 0.000000
-0.225673 0.040139 0.779852 1.000000
0.460410 0.070377 -0.064450 0.000000
0.022690 -0.129577 0.153647 3.000000
-0.043371 -0.018077 0.333633 1.000000
-0.086359 -0.000778 -0.466293 1.000000
-0.149805 0.011126 0.562572 1.000000
0.238499 -0.078036 -0.069136 0.000000
-0.298136 0.055830 -0.926841 1.000000
0.046962 0.014640 0.405769 1.000000
0.351307 -0.115738 -0.293444 3.000000
0.283448 -0.126581 0.313910 3.000000
0.038953 -0.132819 0.153020 3.000000
0.444555 0.055748 -0.074039 0.000000
-0.792845 0.277632 0.003382 2.000000
-0.689409 -0.011266 -0.004382 0.000000
0.554939 -0.029437 0.086932 0.000000
0.029991 -0.018431 -0.209649 1.000000
-0.610653 0.060870 0.054487 0.000000
-0.842861 0.049428 0.199359 2.000000
-0.001255 0.000720 -0.514620 1.000000
0.274812 -0.080106 -0.014625 0.000000
-0.782248 0.044007 -0.161921 2.000000
-0.346953 0.020116 0.096467 0.000000
-0.492342 0.020171 -0.073168 0.000000
-0.322572 -0.049650 -0.062571 0.000000
0.293691 -0.127970 -0.300581 3.000000
-0.796441 0.038014 -0.090194 2.000000
0.214472 -0.010395 -0.101281 1.000000
-0.729699 0.039512 0.083472 2.000000
0.185950 -0.005845 -0.196028 1.000000
-0.175494 0.042400 0.823930 1.000000
-0.660151 0.009682 0.047404 0.000000
-0.043017 -0.004538 -0.367950 1.000000
0.188320 -0.018131 -0.264023 1.000000
-0.775111 0.035235 0.022751 0.000000
0.284074 -0.025841 -0.279224 3.000000
0.221473 0.014096 0.097066 0.000000
-0.239103 0.052152 -0.901779 1.000000
-0.207884 0.026136 -0.084555 0.000000
-0.611116 -0.029110 0.012153 0.000000
0.324419 -0.081496 0.327749 3.000000
0.222780 -0.040197 -0.183551 1.000000
-0.037051 0.071794 -0.063306 0.000000
-0.018064 -0.000397 0.518005 1.000000
-0.155825 0.044961 -0.745929 1.000000
0.097877 -0.016415 0.095486 0.000000
-0.029478 0.060788 0.082791 0.000000
0.410040 0.016956 -0.085481 0.000000
-0.025773 0.003090 -0.393421 1.000000
0.339729 -0.072751 0.341125 3.000000
0.074395 -0.010558 -0.220600 1.000000
0.248360 -0.016933 0.174923 1.000000
0.832259 0.028724 -0.056005 0.000000
0.233160 0.000911 -0.084963 0.000000
0.263997 -0.112142 0.325842 3.000000
0.711061 0.099635 0.008176 0.000000
0.515738 0.023930 -0.084773 0.000000
-0.458807 -0.045645 -0.042167 0.000000
0.299193 0.077324 -0.058512 0.000000
-0.158195 0.016166 0.607440 1.000000
0.364873 -0.046299 -0.249040 3.000000
0.513204 0.031993 0.094778 0.000000
-0.002754 -0.078090 0.073447 0.000000
0.104905 -0.021754 -0.343787 1.000000
-0.808836 0.055176 -0.228881 2.000000
0.246944 -0.032842 0.283753 1.000000
-0.702212 0.043653 -0.099728 2.000000
0.021246 -0.016687 -0.230625 1.000000
-0.036261 -0.015897 0.357878 1.000000
-0.305028 0.058718 -0.948253 1.000000
0.900636 0.029950 -0.025985 0.000000
-0.035607 -0.025732 -0.259229 1.000000
-0.736128 0.041119 -0.087769 2.000000
-0.097991 -0.002522 -0.427174 1.000000
0.388192 -0.059103 -0.052491 0.000000
-0.063258 0.002654 -0.424177 1.000000
0.785867 -0.123557 0.008285 0.000000
0.085428 -0.078063 0.077942 0.000000
0.240052 0.019653 0.096494 0.000000
0.001469 0.021723 -0.515927 1.000000
0.037646 -0.030771 0.125588 1.000000
0.330685 -0.042840 0.298927 3.000000
0.275139 -0.026712 -0.142688 1.000000
-0.041982 0.021642 0.521764 1.000000
0.204338 -0.013119 -0.245145 1.000000
-0.044461 -0.052401 0.095486 0.000000
-0.362998 -0.042159 0.078242 0.000000
-0.323961 0.060652 -0.940544 1.000000
-0.319575 0.088874 -0.043147 0.000000
0.777994 0.023167 0.081729 0.000000
-0.155907 0.098736 0.031876 0.000000
0.358826 -0.067166 0.325515 3.000000
0.150672 0.019598 0.096494 0.000000
-0.681481 0.038368 0.127277 2.000000
-0.399039 -0.006581 0.090065 0.000000
0.485036 0.080920 -0.054017 0.000000
0.009478 -0.117455 -0.140645 3.000000
0.023235 -0.057768 -0.085590 1.000000
0.034458 -0.120533 0.167186 3.000000
-0.002182 -0.134236 0.152012 3.000000
-0.339489 0.052779 0.086796 0.000000
-0.266154 0.059317 0.925241 1.000000
0.267893 0.066590 -0.067474 0.000000
0.726997 -0.073350 0.032694 0.000000
0.177614 -0.024724 -0.084200 0.000000
-0.540342 0.004670 -0.062816 0.000000
-0.504819 0.001292 0.079849 0.000000
-0.249863 0.057356 0.903176 1.000000
-0.756505 0.226717 0.009211 2.000000
0.285464 -0.040061 -0.262988 3.000000
0.333573 -0.066840 -0.312323 3.000000
0.215371 -0.020883 -0.287233 1.000000
0.179820 -0.045972 -0.155792 1.000000
-0.019889 0.002654 0.398605 1.000000
0.743915 -0.052320 0.066610 0.000000
0.587275 0.102114 0.016648 0.000000
0.107793 -0.048097 -0.114548 1.000000
-0.024711 -0.150907 0.175794 3.000000
0.106404 -0.017532 0.374686 1.000000
-0.132615 -0.025350 0.088975 0.000000
-0.225291 0.050491 -0.830814 1.000000
-0.689790 0.214377 0.013107 2.000000
-0.235888 0.054223 -0.864322 1.000000
0.362040 -0.042949 -0.261299 3.000000
-0.389995 -0.064742 -0.031842 0.000000
-0.724687 0.045587 -0.122611 2.000000
-0.078731 0.094214 0.043727 0.000000
0.326190 -0.024506 0.094233 0.000000
-0.225972 0.043571 0.845805 1.000000
0.321504 -0.073813 -0.075456 0.000000
0.284374 0.101596 -0.010593 0.000000
0.141382 0.000611 0.252671 1.000000
0.058976 -0.006690 -0.260046 1.000000
0.673604 -0.016415 0.092299 0.000000
0.641513 0.098627 -0.020918 0.000000
-0.776936 0.052915 -0.247542 2.000000
-0.505963 -0.050386 0.025965 0.000000
-0.081782 -0.000615 0.482918 1.000000
0.315075 -0.080651 -0.221798 3.000000
-0.026400 -0.050958 0.040621 0.000000
-0.767838 0.039158 0.127604 2.000000
-0.065955 -0.016333 0.339190 1.000000
-0.125587 0.088711 -0.043474 0.000000
0.258903 -0.017832 -0.139093 1.000000
-0.082027 -0.004129 0.447776 1.000000
0.268574 -0.024233 -0.150262 1.000000
-0.335348 0.086204 -0.047424 0.000000
0.075348 -0.073868 -0.075538 0.000000
0.298812 -0.037201 -0.109644 1.000000
0.365146 -0.042921 0.311295 3.000000
-0.630921 0.158967 0.015232 2.000000
-0.013269 -0.029382 0.248884 1.000000
-0.175439 0.067190 0.078296 0.000000
-0.854384 0.056811 0.004172 0.000000
-0.686112 0.169700 0.012290 2.000000
0.755737 -0.019139 0.083173 0.000000
0.077555 -0.076129 0.085134 0.000000
-0.517214 0.090182 0.048085 0.000000
0.150672 -0.022517 -0.285272 1.000000
0.163829 -0.002821 0.204099 1.000000
0.039471 -0.036601 0.203663 1.000000
0.274049 -0.017478 -0.264187 1.000000
0.904423 0.046377 0.006814 0.000000
-0.015830 -0.008515 -0.425049 1.000000
0.075103 -0.134590 -0.142198 3.000000
0.027457 -0.132955 0.139236 3.000000
-0.320774 -0.013446 -0.081994 0.000000
0.010050 -0.025350 -0.177858 1.000000
0.330303 -0.026685 -0.266938 3.000000
0.327579 -0.053382 0.241420 3.000000
0.355965 -0.080106 0.007359 0.000000
0.274213 0.099444 0.029724 0.000000
0.287398 -0.058231 -0.226212 3.000000
-0.773613 0.047630 0.213034 2.000000
0.498712 -0.064252 0.057347 0.000000
0.792596 0.004343 0.079577 0.000000
0.601958 -0.078036 0.024766 0.000000
-0.042608 -0.013582 -0.359750 1.000000
-0.008692 -0.019248 -0.325971 1.000000
0.180256 -0.049623 -0.269063 1.000000
-0.182658 0.030114 0.732724 1.000000
0.678180 0.021396 0.096330 0.000000
-0.833844 0.051635 0.215704 2.000000
0.858030 0.047031 0.050864 0.000000
0.557717 -0.011811 -0.082512 0.000000
0.174236 -0.037909 0.238396 1.000000
-0.293559 0.054550 0.911539 1.000000
0.897966 -0.044855 0.011472 0.000000
0.091557 -0.022544 -0.084200 0.000000
0.116756 0.081955 0.064022 0.000000
0.443711 0.041147 -0.080441 0.000000
0.181700 -0.068855 0.309606 3.000000
-0.005859 -0.132819 -0.151705 3.000000
-0.817799 0.033655 0.014224 0.000000
-0.602044 0.024529 -0.052219 0.000000
0.808695 0.003226 -0.064777 0.000000
0.635983 0.075035 0.071976 0.000000
0.138740 -0.037936 0.228235 1.000000
-0.404133 -0.050685 0.061570 0.000000
0.184669 -0.005873 0.179772 1.000000
0.319516 -0.133364 -0.265086 3.000000
0.587384 -0.041695 0.080231 0.000000
-0.041737 0.027962 -0.554393 1.000000
-0.824201 0.042699 0.138936 2.000000
-0.085133 -0.077300 -0.051946 0.000000
-0.243462 -0.000233 -0.084854 0.000000
0.069546 -0.135026 0.169338 3.000000
-0.243353 0.090427 -0.040042 0.000000
0.020511 -0.041777 0.158333 1.000000
-0.166749 0.036979 -0.786383 1.000000
0.413009 -0.079289 0.014033 0.000000
0.890448 0.033083 -0.031733 0.000000
0.124029 0.003226 0.288548 1.000000
0.604382 0.046268 -0.078725 0.000000
0.508492 0.078441 0.068435 0.000000
-0.761327 0.072012 0.016212 0.000000
0.010186 -0.015489 -0.370429 1.000000
0.153832 -0.029954 0.287649 1.000000
-0.147816 -0.072124 0.041792 0.000000
0.594194 0.071140 0.075109 0.000000
0.129859 0.000720 0.250028 1.000000
-0.551920 -0.037446 0.032067 0.000000
-0.693141 0.035698 -0.102343 2.000000
-0.596923 0.088820 0.015967 2.000000
-0.299007 0.061169 0.082601 0.000000
-0.085787 0.003308 -0.494079 1.000000
0.194040 0.057682 -0.073059 0.000000
-0.046558 0.028833 0.599240 1.000000
0.157972 -0.011266 0.154110 1.000000
-0.082300 0.102441 0.013488 0.000000
-0.395525 0.062831 -0.068428 0.000000
0.033968 -0.017913 0.222514 1.000000
0.196438 -0.059048 0.267109 3.000000
-0.088592 0.011344 0.506809 1.000000
-0.631384 0.110531 0.014333 2.000000
0.749799 0.088929 -0.023560 0.000000
0.184914 -0.017478 -0.278107 1.000000
0.799433 0.037605 -0.061808 0.000000
0.749363 0.093260 0.020489 0.000000
-0.056611 0.055367 0.085488 0.000000
-0.154626 0.022050 0.655848 1.000000
0.684037 0.040057 -0.080468 0.000000
0.601658 -0.070517 0.045034 0.000000
-0.165986 0.033165 0.693578 1.000000
0.099648 -0.040388 0.189415 1.000000
0.025714 -0.078662 -0.053554 0.000000
0.008552 -0.009523 0.439522 1.000000
-0.098073 0.103013 0.007713 0.000000
-0.160075 0.096883 -0.026121 0.000000
-0.695947 0.030822 -0.051456 2.000000
0.154267 -0.019711 0.100280 1.000000
0.104579 -0.049677 -0.100491 1.000000
-0.639202 0.124397 0.014169 2.000000
-0.036397 -0.015652 0.314727 1.000000
0.305731 -0.048015 -0.251138 3.000000
0.312678 0.038613 -0.081286 0.000000
-0.211071 0.039648 -0.753584 1.000000
-0.823874 0.047303 0.189279 2.000000
-0.103140 0.007721 -0.085644 0.000000
0.891728 -0.043684 0.024875 0.000000
-0.324969 -0.079834 0.008340 0.000000
0.782707 -0.070245 -0.008278 0.000000
0.342481 -0.064715 0.080231 0.000000
0.361468 -0.119116 -0.288078 3.000000
0.823351 0.077705 0.021906 0.000000
0.302544 -0.033169 0.260652 3.000000
-0.198404 0.041446 -0.753639 1.000000
0.084229 0.090481 -0.039905 0.000000
-0.051435 0.017419 0.505692 1.000000
0.282249 -0.043085 -0.084200 0.000000
-0.588832 0.041228 0.064893 0.000000
0.200687 -0.017478 -0.270779 1.000000
0.041732 0.029978 -0.084146 0.000000
-0.273291 -0.076265 0.030024 0.000000
0.319298 -0.026903 0.276589 3.000000
0.181918 0.067980 0.077643 0.000000
-0.808918 0.060025 0.283563 2.000000
0.341881 -0.075284 0.064267 0.000000
-0.028851 -0.133173 -0.160259 3.000000
0.530230 -0.066785 0.052498 0.000000
-0.002808 -0.018513 -0.335723 1.000000
0.495634 0.038259 0.092680 0.000000
0.257187 -0.059648 -0.312404 3.000000
0.700001 -0.062208 -0.047152 0.000000
-0.513727 -0.044256 0.037243 0.000000
0.315293 0.094077 -0.032714 0.000000
-0.327530 -0.052701 0.071404 0.000000
0.249722 -0.086590 0.240357 3.000000
0.050640 -0.005191 -0.277480 1.000000
-0.741032 0.044988 -0.122339 2.000000
-0.791538 0.228243 0.006760 2.000000
-0.635143 0.016302 0.055168 0.000000
-0.738989 0.041991 -0.153858 2.000000
0.333082 -0.059239 -0.266666 3.000000
-0.057019 0.078141 -0.057504 0.000000
0.167180 -0.010313 -0.139637 1.000000
-0.406721 0.070323 -0.062053 0.000000
0.082867 0.005487 0.441102 1.000000
-0.029587 0.012652 -0.583568 1.000000
-0.256892 -0.035157 0.084072 0.000000
-0.709785 0.050354 0.172090 2.000000
0.485826 -0.007480 0.095241 0.000000
0.096787 -0.024043 -0.328858 1.000000
-0.030677 -0.036056 0.188871 1.000000
0.331148 -0.114049 0.246460 3.000000
0.312651 -0.117128 -0.261408 3.000000
-0.119103 0.029896 -0.624186 1.000000
-0.077614 0.022922 0.560230 1.000000
-0.268933 -0.079126 -0.004382 0.000000
0.146204 -0.045182 0.162691 1.000000
0.261627 -0.052783 -0.084200 0.000000
-0.030595 0.052588 -0.075592 0.000000
0.288705 -0.037309 0.322083 3.000000
0.286308 -0.043875 0.267844 3.000000
-0.713545 0.039921 -0.139964 2.000000
-0.010164 -0.003748 -0.474956 1.000000
-0.467089 0.103094 0.004608 0.000000
0.162004 -0.006009 -0.170094 1.000000
-0.004797 -0.138458 -0.130566 3.000000
0.767887 -0.138104 -0.006643 3.000000
0.255525 -0.098821 -0.319596 3.000000
-0.588832 -0.002004 0.059690 0.000000
0.057205 -0.134971 0.178056 3.000000
-0.816192 0.056048 0.287404 2.000000
0.575288 -0.032106 0.085597 0.000000
0.790035 -0.007017 0.079005 0.000000
0.299602 -0.040252 -0.238443 3.000000
-0.617354 -0.014372 0.042119 0.000000
0.340683 0.005569 0.096712 0.000000
0.333763 -0.131757 0.304920 3.000000
0.673440 0.034963 0.093770 0.000000
0.841358 -0.030935 -0.047915 0.000000
0.066358 0.009628 0.460280 1.000000
0.158953 -0.032787 -0.258738 1.000000
-0.281655 0.054386 0.938045 1.000000
0.550852 0.102168 0.016022 0.000000
0.063634 -0.050958 -0.055569 0.000000
0.401486 -0.031289 -0.074720 0.000000
0.035221 -0.027775 0.279803 1.000000
0.704169 -0.060111 0.060725 0.000000
-0.339325 0.028615 -0.084309 0.000000
0.000515 0.004398 -0.085317 0.000000
-0.000547 0.013742 -0.554828 1.000000
0.302953 -0.100292 0.255204 3.000000
0.265386 -0.074930 -0.076791 0.000000
-0.122563 0.003090 0.491281 1.000000
0.054154 -0.034994 -0.209376 1.000000
0.017569 -0.032842 -0.216023 1.000000
0.086517 -0.046708 -0.120023 1.000000
0.815942 -0.032515 0.066010 0.000000
-0.803524 0.058009 0.299472 2.000000
0.181210 -0.075312 0.266400 3.000000
-0.056665 0.030386 -0.612744 1.000000
0.014191 -0.032869 0.227717 1.000000
0.305595 -0.027911 0.285442 1.000000
0.790307 0.064193 -0.048841 0.000000
0.160942 -0.002222 0.235127 1.000000
-0.627543 0.090046 0.007849 0.000000
0.196274 -0.011457 0.119186 1.000000
-0.303884 0.056838 0.951012 1.000000
-0.077233 0.007694 0.566059 1.000000
0.155466 -0.080106 0.036698 0.000000
-0.156996 0.091271 -0.038353 0.000000
-0.183421 0.035726 -0.709126 1.000000
0.856178 0.063403 0.031413 0.000000
0.171484 -0.046354 -0.148872 1.000000
-0.005641 0.092879 -0.035111 0.000000
0.107139 0.005760 0.316661 1.000000
0.252910 -0.072424 0.248257 3.000000
-0.140216 -0.045945 -0.065540 0.000000
0.355121 -0.131566 -0.279578 3.000000
-0.520101 -0.047008 -0.016151 0.000000
-0.054186 0.000856 0.509751 1.000000
0.081505 -0.011893 -0.206652 1.000000
0.109863 -0.019984 0.361338 1.000000
-0.050645 0.017692 -0.493671 1.000000
