-0.008121 0.078515 0.058444 0.000000
-0.491686 -0.007935 0.067968 0.000000
-0.808835 0.382422 -0.011102 0.000000
-0.027468 0.087822 0.046858 0.000000
0.570930 0.006283 -0.102980 0.000000
0.049051 -0.013091 0.441910 1.000000
0.409724 0.001290 -0.102464 0.000000
-0.323804 -0.079733 0.020646 0.000000
-0.765257 0.030433 0.035054 2.000000
-0.294363 0.104971 -0.003586 0.000000
0.520189 -0.066112 0.048377 0.000000
0.360312 -0.089068 -0.279707 3.000000
-0.017862 -0.083397 -0.033542 1.000000
0.360312 -0.092948 0.261193 3.000000
-0.785309 0.053226 -0.220336 2.000000
0.358114 0.104917 -0.013463 0.000000
0.732788 0.094416 0.031988 0.000000
0.116074 -0.021476 0.373720 1.000000
-0.166967 0.023514 0.690598 1.000000
0.026584 -0.025166 0.314106 1.000000
-0.413213 0.075205 0.058742 0.000000
0.023247 -0.035748 0.129021 1.000000
0.039717 -0.035911 0.085063 0.000000
-0.765962 0.042182 -0.173095 2.000000
-0.111775 0.030840 0.658009 1.000000
-0.091397 0.073143 0.063111 0.000000
-0.255371 0.050458 0.885153 1.000000
0.025417 -0.012548 0.434312 1.000000
0.671247 -0.042586 0.071034 0.000000
-0.668278 0.030894 -0.085261 2.000000
-0.286440 -0.082366 0.012722 0.000000
0.250091 -0.061770 0.246758 3.000000
-0.029774 -0.030566 -0.239059 1.000000
-0.755542 0.039089 -0.144197 2.000000
-0.655362 0.003651 -0.053323 0.000000
-0.802865 0.057377 -0.261934 2.000000
-0.664262 0.096316 -0.015362 0.000000
0.044384 -0.051839 -0.164792 1.000000
0.152488 -0.028015 -0.295852 1.000000
-0.030480 0.026227 -0.643934 1.000000
-0.122737 0.020257 0.606969 1.000000
-0.163792 0.015889 -0.631696 1.000000
0.513215 -0.075175 -0.048575 0.000000
0.181360 -0.023429 -0.300845 1.000000
-0.169734 0.035833 -0.833632 1.000000
-0.790953 0.255243 -0.010966 0.000000
-0.086133 -0.046494 -0.095653 0.000000
-0.267772 0.051733 0.910686 1.000000
0.132300 -0.004761 0.238645 1.000000
0.738785 0.100304 0.014540 0.000000
0.134797 -0.030349 0.314703 1.000000
0.072740 -0.023863 -0.362847 1.000000
0.074422 -0.038109 0.217588 1.000000
0.269384 -0.016890 0.118818 1.000000
-0.005001 -0.083559 0.016195 1.000000
0.708801 0.078217 0.058824 0.000000
-0.094300 -0.004842 -0.466691 1.000000
-0.358944 0.050729 0.076977 0.000000
-0.180290 0.035453 0.804726 1.000000
-0.101871 0.018901 -0.698475 1.000000
-0.068631 0.036999 -0.098882 0.000000
0.185430 -0.084889 0.057874 0.000000
0.243715 -0.100817 0.322083 3.000000
-0.564054 0.098839 0.006753 0.000000
0.382997 -0.078675 -0.353160 3.000000
0.094855 -0.021937 -0.392234 1.000000
-0.015502 -0.035233 -0.229644 1.000000
-0.346380 -0.026278 -0.095599 0.000000
-0.037209 -0.002753 0.498838 1.000000
0.113170 -0.014393 0.199652 1.000000
-0.675333 0.187976 -0.016800 0.000000
-0.198063 0.095691 0.032151 0.000000
0.361886 -0.069124 0.248223 3.000000
-0.791903 0.007586 -0.016719 0.000000
0.384815 -0.049153 -0.319079 3.000000
-0.829077 0.043186 0.142263 2.000000
-0.017130 -0.083397 0.056300 1.000000
-0.117935 0.008535 -0.552735 1.000000
-0.569589 0.092083 -0.040109 0.000000
0.032961 -0.031190 -0.279680 1.000000
0.288812 -0.041121 0.252727 3.000000
-0.234966 -0.015316 0.082892 0.000000
-0.338077 0.017273 -0.102654 0.000000
0.225399 0.056563 0.074291 0.000000
0.101258 -0.017161 -0.417686 1.000000
0.115531 0.010543 0.086935 0.000000
-0.146453 0.014071 -0.606868 1.000000
-0.435653 -0.046249 -0.066212 0.000000
-0.761838 0.049264 -0.179716 2.000000
0.111922 0.078407 0.058607 0.000000
0.809687 -0.074469 -0.034465 0.000000
0.910384 0.063293 0.015409 0.000000
-0.802105 0.375747 -0.010993 0.000000
0.248789 -0.070236 0.242471 3.000000
0.045388 -0.096503 -0.159419 1.000000
-0.731094 0.032766 0.069868 2.000000
0.164536 0.060661 0.072255 0.000000
0.347396 -0.084889 -0.039430 0.000000
-0.051672 0.030677 -0.622498 1.000000
-0.009234 -0.149605 0.164974 3.000000
0.641914 0.033119 0.083788 0.000000
-0.651807 0.068258 -0.049959 0.000000
0.200110 -0.046629 -0.201994 1.000000
-0.095549 0.037488 -0.735622 1.000000
0.247405 -0.013851 -0.203432 1.000000
-0.082524 0.100386 0.020184 0.000000
0.021510 -0.084889 -0.051695 1.000000
-0.115899 0.017273 -0.672615 1.000000
0.247052 -0.106380 -0.268039 3.000000
-0.015013 0.025169 0.541276 1.000000
-0.120350 0.062913 -0.087540 0.000000
-0.137743 0.027882 0.754445 1.000000
0.056161 -0.054634 0.026127 1.000000
-0.360572 -0.045652 -0.083823 0.000000
-0.000089 -0.081362 0.072771 1.000000
-0.169599 0.042806 -0.787530 1.000000
-0.229403 0.052086 -0.925509 1.000000
0.061533 -0.027120 0.311528 1.000000
-0.475188 -0.056045 -0.039756 0.000000
-0.700351 0.129800 -0.002500 0.000000
0.093389 -0.004191 -0.290859 1.000000
0.281785 -0.074415 0.243963 3.000000
0.033856 -0.140786 0.161528 3.000000
-0.095304 -0.002698 -0.486689 1.000000
0.360312 -0.054363 0.292588 3.000000
-0.003508 -0.005032 -0.508560 1.000000
0.077380 -0.043427 -0.188236 1.000000
0.360149 -0.038543 0.254383 3.000000
-0.066379 0.002756 0.537830 1.000000
0.011090 0.016269 -0.595825 1.000000
0.869845 -0.064430 0.021704 0.000000
0.090323 -0.022778 0.366638 1.000000
0.807218 -0.023945 0.069949 0.000000
-0.153969 -0.001694 -0.102165 0.000000
0.452868 -0.026930 0.078876 0.000000
0.265775 -0.036237 0.294162 3.000000
-0.006954 0.097591 0.028325 0.000000
0.847486 0.043457 0.058553 0.000000
0.831151 -0.074686 -0.026026 0.000000
0.140549 -0.053304 0.109511 1.000000
-0.158664 0.024816 0.708859 1.000000
0.074124 -0.054634 -0.100483 0.000000
-0.828507 0.061963 -0.310152 2.000000
0.103212 -0.073113 -0.064041 0.000000
-0.237435 -0.072868 -0.053188 0.000000
-0.034224 -0.080303 0.075403 0.000000
-0.233202 -0.042803 0.070926 0.000000
0.059064 -0.023755 0.342868 1.000000
-0.101518 -0.083966 -0.017614 0.000000
0.888893 0.062560 0.029790 0.000000
-0.752151 0.044923 0.188826 2.000000
0.029650 -0.020689 -0.247987 1.000000
-0.009885 0.060308 0.072445 0.000000
0.043516 -0.152535 0.136999 3.000000
0.134824 0.003190 0.346097 1.000000
0.006206 0.015265 0.464784 1.000000
0.038605 -0.084889 -0.016447 0.000000
0.186298 -0.031163 -0.299000 1.000000
0.018552 -0.031542 0.085063 0.000000
0.004117 0.022428 0.524073 1.000000
0.476258 0.055614 0.074779 0.000000
-0.176844 0.035371 -0.822045 1.000000
0.088831 -0.015615 0.213952 1.000000
0.474006 0.098242 -0.042985 0.000000
0.569628 -0.060387 -0.071938 0.000000
-0.327848 0.049101 0.078035 0.000000
-0.011106 -0.074144 0.080342 1.000000
-0.505090 0.083535 -0.063824 0.000000
-0.009016 -0.084889 -0.042090 1.000000
0.153899 -0.011192 -0.197218 1.000000
0.348726 -0.030131 0.271613 3.000000
-0.896696 0.059738 0.289658 2.000000
-0.163358 0.020719 -0.657664 1.000000
0.042566 -0.019522 -0.244351 1.000000
0.184941 -0.047606 -0.186717 1.000000
0.324006 0.049481 0.077845 0.000000
0.289192 -0.084889 -0.050338 0.000000
0.130130 -0.036183 -0.272136 1.000000
0.039527 -0.011164 -0.301035 1.000000
0.375643 -0.121222 -0.280657 3.000000
0.337519 -0.084889 -0.046377 0.000000
0.101123 -0.005466 0.261845 1.000000
-0.264108 0.079139 0.057711 0.000000
-0.216107 0.044760 0.883416 1.000000
-0.822239 0.039496 0.105387 2.000000
0.241924 -0.112322 -0.299271 3.000000
0.015432 -0.043373 0.156997 1.000000
0.100444 -0.023673 0.144461 1.000000
-0.787480 0.045493 -0.200935 2.000000
-0.802105 0.188112 -0.008660 0.000000
0.018634 -0.083397 0.045012 1.000000
0.123265 -0.051215 0.121857 1.000000
0.100689 -0.021503 0.160144 1.000000
-0.559929 -0.046087 -0.008063 0.000000
-0.023208 -0.076504 0.017742 1.000000
0.301729 -0.114873 -0.325700 3.000000
-0.219499 -0.032981 -0.092234 0.000000
-0.785798 0.326878 -0.013354 0.000000
-0.072321 0.033662 -0.655168 1.000000
0.002244 -0.072353 0.083896 1.000000
0.130645 0.040201 0.081427 0.000000
0.002054 -0.016429 -0.401215 1.000000
-0.165067 -0.076532 -0.045861 0.000000
0.065983 0.022238 -0.102165 0.000000
0.367855 -0.126052 0.287677 3.000000
0.765214 -0.078268 0.019235 0.000000
0.079252 -0.033930 0.258263 1.000000
0.445759 0.055370 -0.091312 0.000000
-0.630425 0.186972 -0.003776 0.000000
-0.213258 -0.053657 -0.078694 0.000000
-0.142980 0.041314 0.742940 1.000000
0.358765 -0.039927 0.082865 0.000000
-0.240257 -0.071376 0.039803 0.000000
-0.178336 0.038058 0.834520 1.000000
-0.771769 0.072003 0.005369 0.000000
-0.013711 -0.021720 -0.287847 1.000000
-0.187291 0.033987 -0.798900 1.000000
-0.638620 0.156798 0.002058 0.000000
0.073174 -0.054634 -0.051153 0.000000
0.035511 -0.025084 0.085063 0.000000
-0.496245 0.018222 -0.089955 0.000000
0.576249 -0.084563 -0.004752 0.000000
-0.152613 0.028561 0.678197 1.000000
-0.043559 0.007287 -0.613001 1.000000
0.034263 -0.052328 -0.103522 1.000000
-0.145856 0.042806 0.812703 1.000000
0.076702 -0.028965 -0.315443 1.000000
-0.760997 0.037434 -0.031914 0.000000
0.113225 -0.050157 0.127963 1.000000
-0.154593 0.015427 -0.632158 1.000000
0.331549 -0.109989 -0.268690 3.000000
-0.162761 -0.072516 0.037550 0.000000
-0.058808 0.001480 -0.543998 1.000000
0.131920 -0.021964 -0.142298 1.000000
-0.012951 0.003732 0.086311 0.000000
-0.027441 0.003624 0.569795 1.000000
0.269818 -0.095770 -0.254038 3.000000
-0.115411 0.012931 0.612505 1.000000
-0.853335 0.054610 0.255007 2.000000
0.435176 0.029619 0.084954 0.000000
-0.142030 0.039577 -0.822615 1.000000
-0.426834 0.036321 -0.092858 0.000000
0.521193 0.014125 0.086583 0.000000
0.242982 -0.055557 -0.134890 1.000000
-0.239986 -0.081606 -0.031399 0.000000
0.343733 0.104836 -0.002283 0.000000
0.941399 -0.050944 -0.008361 0.000000
-0.226039 -0.012711 -0.100158 0.000000
-0.659947 0.072084 -0.045427 0.000000
-0.407705 -0.073547 -0.025239 0.000000
0.126575 0.103533 -0.027166 0.000000
0.485755 0.065219 0.069488 0.000000
0.011552 -0.143391 0.147690 3.000000
-0.256375 0.052222 0.897092 1.000000
-0.318730 0.061773 0.071713 0.000000
-0.476464 0.080740 0.051715 0.000000
0.331929 -0.030701 0.284882 3.000000
0.026150 0.015617 -0.570508 1.000000
0.381803 -0.135142 0.265861 3.000000
-0.165094 0.039523 0.750348 1.000000
0.346175 -0.111807 0.236175 3.000000
-0.090746 -0.003730 -0.478766 1.000000
0.002679 -0.004109 -0.522019 1.000000
0.256875 -0.123936 0.299426 3.000000
-0.716523 0.042128 0.089242 2.000000
0.125978 -0.021557 0.135995 1.000000
0.392792 -0.087874 0.239052 3.000000
-0.151934 0.023215 0.696974 1.000000
0.006260 -0.069558 -0.032592 0.000000
0.070949 -0.084889 -0.028468 0.000000
0.356432 -0.049913 0.329247 3.000000
-0.830027 0.048559 -0.192496 2.000000
0.041698 -0.086246 0.151380 1.000000
-0.717825 0.296867 -0.006977 0.000000
0.941317 0.045031 -0.031670 0.000000
0.195171 -0.011707 -0.101460 0.000000
-0.718531 0.225747 -0.014982 0.000000
0.004090 -0.004869 -0.373972 1.000000
-0.325650 -0.016076 0.082648 0.000000
-0.158582 0.017490 0.635596 1.000000
-0.143224 0.026444 -0.101758 0.000000
0.068344 -0.083397 0.053913 1.000000
0.472134 0.103750 -0.024995 0.000000
0.318281 -0.025627 -0.106751 1.000000
0.206676 -0.036698 -0.289340 1.000000
0.137293 -0.047986 -0.296612 1.000000
-0.600740 -0.029019 -0.039132 0.000000
0.229442 -0.016944 0.251371 1.000000
0.771726 -0.066736 0.043656 0.000000
0.853456 0.027041 0.062541 0.000000
0.036597 -0.106841 0.135018 1.000000
-0.177088 0.034449 0.795799 1.000000
-0.055905 -0.084835 0.037686 0.000000
-0.113892 0.035317 -0.700157 1.000000
0.036949 -0.051703 -0.092343 1.000000
0.389075 -0.033632 0.278071 3.000000
-0.008501 0.006826 0.432684 1.000000
-0.811765 0.302864 -0.010858 0.000000
0.807273 0.090726 -0.029825 0.000000
0.211642 -0.008749 -0.260604 1.000000
-0.824356 0.059385 -0.320409 2.000000
-0.301798 -0.002617 -0.102084 0.000000
-0.636476 0.034530 -0.071775 2.000000
0.316625 -0.063616 -0.336852 3.000000
0.360312 -0.087195 0.295329 3.000000
-0.737525 0.044760 0.019560 0.000000
0.131595 -0.045761 0.168854 1.000000
0.716806 0.073658 -0.079101 0.000000
0.016571 -0.015072 -0.420888 1.000000
-0.546037 0.088935 -0.050854 0.000000
-0.075306 0.002321 0.529663 1.000000
0.094936 -0.054634 -0.048249 0.000000
-0.490221 -0.023131 0.059882 0.000000
-0.403879 -0.067143 -0.045400 0.000000
-0.392401 0.003271 -0.098855 0.000000
0.324006 -0.032085 0.109783 1.000000
0.084896 -0.084889 0.041078 1.000000
0.067747 -0.010296 -0.278052 1.000000
-0.289127 0.100928 0.018583 0.000000
-0.227314 -0.046792 -0.084202 0.000000
0.232861 -0.047742 0.288192 3.000000
-0.038864 0.022374 0.545591 1.000000
-0.639569 0.094498 -0.016854 0.000000
-0.834938 0.062940 0.311772 2.000000
0.115314 -0.010269 0.085063 0.000000
0.246998 -0.035938 0.292724 3.000000
0.576466 0.092028 -0.055874 0.000000
0.075915 0.043213 0.080423 0.000000
0.238885 -0.084482 -0.077337 0.000000
0.820053 -0.025546 -0.083280 0.000000
-0.851680 0.063320 -0.336364 2.000000
-0.024185 0.002973 -0.579761 1.000000
0.178945 -0.018599 -0.125148 1.000000
-0.349908 -0.008180 0.085117 0.000000
-0.261015 0.031410 0.084357 0.000000
0.218425 -0.014231 -0.281145 1.000000
-0.086513 0.016920 0.672689 1.000000
0.495008 0.105026 -0.004183 0.000000
-0.633708 0.203741 -0.010478 0.000000
-0.771769 0.041504 -0.164439 2.000000
0.044357 -0.015370 -0.430765 1.000000
-0.143550 0.031274 -0.700944 1.000000
0.120117 -0.028069 0.096514 1.000000
0.107798 0.006609 0.325964 1.000000
-0.320494 -0.024379 -0.096277 0.000000
0.841896 0.038926 -0.078043 0.000000
-0.022855 -0.084889 0.034810 1.000000
0.047206 -0.124533 0.163645 3.000000
-0.209975 0.014261 -0.102980 0.000000
0.299232 -0.063263 0.248169 3.000000
-0.159966 -0.063995 0.051009 0.000000
0.100851 -0.047606 0.145383 1.000000
-0.042962 -0.033686 0.218321 1.000000
0.095859 0.022048 0.085796 0.000000
0.381775 0.008183 0.086745 0.000000
0.042811 -0.079544 0.141259 1.000000
0.484941 0.070809 -0.081380 0.000000
-0.801427 0.010001 0.000620 0.000000
0.105871 -0.022371 0.376271 1.000000
-0.053897 0.000910 -0.456190 1.000000
-0.368224 0.097862 -0.043745 0.000000
0.099278 -0.020444 0.389296 1.000000
0.302678 -0.085106 -0.341628 3.000000
0.815142 -0.142848 -0.028956 3.000000
0.037302 -0.118373 0.139848 1.000000
-0.778173 0.052683 -0.213580 2.000000
-0.222972 0.041287 -0.850699 1.000000
0.382861 -0.037648 0.261600 3.000000
0.374313 -0.005086 0.085443 0.000000
0.281323 -0.132890 0.279753 3.000000
0.255545 -0.042776 0.259050 3.000000
-0.758663 0.157477 -0.010722 0.000000
0.311497 -0.030946 0.085063 0.000000
-0.120458 -0.009238 0.084900 0.000000
0.283467 -0.039140 -0.300031 3.000000
-0.110554 0.007070 0.523693 1.000000
0.019176 0.018819 -0.489077 1.000000
0.301132 -0.089285 -0.245924 3.000000
0.705328 0.099300 -0.039865 0.000000
0.243145 -0.013362 -0.118555 1.000000
0.244203 -0.121141 -0.299407 3.000000
0.184887 -0.083397 0.067778 0.000000
-0.243405 0.043403 -0.858379 1.000000
0.087501 -0.084699 0.059448 1.000000
-0.055172 0.018874 -0.554119 1.000000
-0.738556 0.121714 -0.011210 0.000000
0.831477 -0.058270 -0.060053 0.000000
0.054695 -0.004381 0.315164 1.000000
0.048373 -0.008315 0.477429 1.000000
0.141472 -0.025220 -0.112911 1.000000
0.630437 -0.073520 0.035488 0.000000
-0.169219 0.023595 -0.102030 0.000000
0.871446 -0.029507 -0.070282 0.000000
0.082644 -0.030050 -0.131172 1.000000
-0.207289 -0.079408 -0.037992 0.000000
-0.114868 0.039414 0.756508 1.000000
0.632255 0.064867 0.069759 0.000000
0.284064 -0.068907 -0.350555 3.000000
-0.015447 -0.084889 0.014676 0.000000
0.099169 -0.029752 -0.318645 1.000000
-0.369580 0.070158 -0.081218 0.000000
0.501330 0.063781 0.070627 0.000000
0.588704 0.015943 0.086393 0.000000
-0.767970 0.223387 -0.004617 0.000000
0.847513 0.077891 0.026045 0.000000
-0.013521 -0.001287 -0.541691 1.000000
0.805319 0.023893 -0.090742 0.000000
0.602461 -0.084781 -0.009420 0.000000
0.082481 -0.054634 0.044877 1.000000
0.343136 0.071894 -0.080512 0.000000
0.301647 -0.028856 0.288165 3.000000
0.105003 -0.045788 0.161338 1.000000
-0.570648 0.134087 -0.011400 0.000000
-0.252468 0.075558 0.061185 0.000000
0.933937 -0.048610 -0.030503 0.000000
-0.275342 -0.031461 0.076597 0.000000
0.175444 -0.027689 -0.101460 0.000000
0.387826 -0.115605 -0.327735 3.000000
-0.037291 0.018738 0.523042 1.000000
-0.063258 -0.009618 0.420962 1.000000
0.567756 0.073631 -0.079101 0.000000
-0.696552 0.212533 -0.000357 0.000000
0.016056 -0.014014 -0.430792 1.000000
0.730563 0.098839 -0.038101 0.000000
-0.085455 0.013202 -0.551107 1.000000
-0.722900 0.029429 -0.054300 2.000000
0.165323 -0.039520 -0.255340 1.000000
-0.035825 0.064215 0.070275 0.000000
-0.173696 -0.084536 -0.004508 0.000000
0.133928 -0.039791 0.225349 1.000000
0.108015 0.007151 0.386474 1.000000
0.014455 -0.079788 0.072662 1.000000
0.070732 -0.016727 0.417217 1.000000
-0.808129 0.341965 -0.012106 0.000000
0.820080 0.090373 -0.019459 0.000000
0.291933 -0.030213 -0.291131 3.000000
-0.272819 -0.051595 0.063952 0.000000
0.194357 0.066712 -0.084691 0.000000
0.495605 0.083996 0.051633 0.000000
-0.807478 0.060064 0.275032 2.000000
-0.032352 0.027855 0.583199 1.000000
0.782092 0.096370 -0.027518 0.000000
-0.569671 -0.027744 -0.052238 0.000000
-0.034496 -0.032329 -0.231000 1.000000
0.136479 0.002918 -0.354978 1.000000
0.200489 -0.100003 0.281300 3.000000
-0.512010 -0.053874 -0.029065 0.000000
-0.046815 -0.026007 -0.101460 0.000000
0.145379 -0.002671 -0.254010 1.000000
0.243471 -0.048095 -0.185143 1.000000
0.029813 -0.038869 0.197780 1.000000
-0.172692 -0.012358 0.083869 0.000000
0.976077 -0.007827 0.021677 0.000000
-0.834531 0.062750 0.302275 2.000000
0.052063 -0.033116 0.121993 1.000000
-0.088005 -0.074225 0.054509 0.000000
0.251638 -0.045707 0.175801 1.000000
-0.843350 0.060769 -0.302229 2.000000
-0.034387 -0.045381 0.111655 1.000000
-0.673542 0.001670 0.031499 0.000000
-0.230163 0.056373 0.908868 1.000000
0.747794 0.090807 0.035678 0.000000
-0.147973 -0.044594 0.069569 0.000000
-0.218441 0.039713 -0.097987 0.000000
-0.181619 0.047311 0.811672 1.000000
0.562030 -0.035613 -0.090932 0.000000
0.386171 -0.093409 0.337550 3.000000
0.761062 0.100359 -0.001306 0.000000
0.110348 0.052358 0.076407 0.000000
0.067747 -0.141682 0.164269 3.000000
-0.852359 0.048776 0.183751 2.000000
0.223065 -0.029779 -0.288173 1.000000
-0.103390 0.022564 -0.102138 0.000000
0.388993 -0.038218 0.307756 3.000000
0.061126 -0.083397 -0.070445 1.000000
0.667041 -0.021204 -0.097336 0.000000
-0.010834 -0.019658 0.285180 1.000000
0.672495 -0.083370 -0.023611 0.000000
-0.754810 0.047365 -0.161319 2.000000
-0.029069 -0.038136 0.085063 0.000000
-0.497954 0.069072 0.059665 0.000000
0.052905 0.012551 -0.423167 1.000000
-0.549048 0.092137 0.029546 0.000000
-0.539389 0.011276 0.066313 0.000000
0.049459 0.007233 0.382132 1.000000
-0.829973 0.043295 -0.159528 2.000000
-0.832279 0.305659 -0.007086 0.000000
-0.124365 0.021723 -0.631479 1.000000
0.132409 -0.016211 0.169072 1.000000
0.315621 -0.036345 0.130079 1.000000
0.344086 -0.092622 0.340752 3.000000
0.181522 -0.056859 -0.106263 1.000000
0.651520 -0.056696 0.059855 0.000000
0.168932 -0.002237 0.233408 1.000000
0.012908 0.010625 -0.448267 1.000000
0.850145 0.070022 0.037795 0.000000
0.119981 -0.016239 -0.195373 1.000000
-0.758120 0.038627 0.122509 2.000000
0.154686 -0.033116 -0.310695 1.000000
0.022243 0.014613 0.564124 1.000000
-0.176003 0.020257 -0.665533 1.000000
0.768144 0.097916 0.011583 0.000000
-0.022909 -0.024650 -0.314276 1.000000
-0.758934 0.316594 -0.013354 0.000000
0.006260 -0.033279 0.162641 1.000000
-0.059975 0.024300 0.575195 1.000000
-0.160943 0.043132 0.768203 1.000000
0.250824 0.037922 0.082187 0.000000
0.355781 -0.111996 0.254871 3.000000
-0.627006 0.141386 -0.018781 0.000000
-0.768377 0.044407 -0.195291 2.000000
0.119004 -0.032601 -0.299868 1.000000
0.802361 -0.068310 0.034430 0.000000
0.317412 -0.138453 -0.284021 3.000000
0.288487 -0.005548 -0.101786 0.000000
0.862736 0.082287 0.000023 0.000000
0.039554 0.003163 0.526542 1.000000
0.055917 -0.049587 0.117027 1.000000
-0.042880 -0.040551 -0.173909 1.000000
-0.744065 0.275349 -0.001740 0.000000
-0.208754 0.024653 -0.101921 0.000000
0.817367 0.079872 0.034050 0.000000
0.782119 0.057296 0.066829 0.000000
0.485565 -0.070426 0.041702 0.000000
0.057029 0.007721 -0.103115 0.000000
-0.673270 -0.020282 -0.003369 0.000000
-0.377260 0.083915 0.051009 0.000000
-0.230624 -0.068663 -0.061599 0.000000
0.601321 -0.046114 -0.084745 0.000000
-0.571380 -0.038597 0.016575 0.000000
-0.319680 -0.052789 0.063003 0.000000
0.117892 0.002294 -0.430982 1.000000
0.074178 0.012280 0.456128 1.000000
0.518642 -0.015696 -0.099154 0.000000
0.310059 0.071487 0.064441 0.000000
0.378031 -0.114140 -0.346241 3.000000
0.047885 -0.054634 -0.057448 0.000000
0.086009 -0.132700 0.125168 3.000000
0.056106 -0.033252 -0.270535 1.000000
-0.726509 0.245013 -0.001469 0.000000
-0.418287 0.056862 -0.086726 0.000000
0.106115 -0.063670 0.085063 0.000000
0.118272 0.002810 0.412957 1.000000
-0.795050 0.028561 0.010497 0.000000
0.259968 -0.016944 0.181581 1.000000
0.039989 0.064785 0.069813 0.000000
0.983077 -0.000691 -0.035116 0.000000
-0.829104 0.047636 0.190915 2.000000
-0.737525 0.040147 0.078198 2.000000
-0.558356 0.136529 -0.007303 0.000000
-0.745801 0.054257 0.017959 0.000000
-0.888122 0.057866 0.271098 2.000000
0.105057 -0.046982 -0.166447 1.000000
0.295460 0.040174 0.081427 0.000000
-0.147918 -0.031244 0.076706 0.000000
-0.513529 0.070348 -0.074407 0.000000
-0.420539 -0.072489 -0.003450 0.000000
0.278013 0.101824 -0.032348 0.000000
-0.179123 0.026987 0.718112 1.000000
0.001783 -0.005113 0.496152 1.000000
-0.449030 0.080170 0.053370 0.000000
-0.418775 -0.031542 0.065825 0.000000
-0.121055 0.018032 -0.607899 1.000000
-0.373841 0.104293 -0.019161 0.000000
-0.102414 0.001616 -0.524841 1.000000
0.899503 0.035914 0.046912 0.000000
0.079144 -0.045381 -0.172525 1.000000
-0.032461 0.026444 0.632883 1.000000
0.658982 0.066929 -0.084501 0.000000
0.267023 -0.080168 -0.258135 3.000000
0.715666 -0.051975 -0.080051 0.000000
-0.126183 0.039984 -0.796159 1.000000
0.431920 0.066359 0.068565 0.000000
-0.010726 -0.017677 0.368402 1.000000
-0.747049 0.045574 -0.143844 2.000000
0.012013 -0.054634 -0.090308 0.000000
-0.086621 0.010706 -0.621901 1.000000
0.048129 -0.044893 0.153388 1.000000
0.038795 0.007775 0.537532 1.000000
-0.098669 0.037732 0.693121 1.000000
-0.794236 0.064025 -0.024941 0.000000
0.305853 -0.034609 -0.101460 0.000000
0.920858 -0.051893 -0.034926 0.000000
0.798047 -0.106895 -0.045373 0.000000
0.647857 -0.043102 -0.087160 0.000000
-0.561775 0.074689 -0.062902 0.000000
0.092847 -0.126188 -0.149624 3.000000
0.240133 -0.058080 0.097274 1.000000
-0.551084 -0.034310 -0.050447 0.000000
-0.664506 -0.006959 0.027429 0.000000
-0.493504 0.090672 0.038473 0.000000
0.022351 -0.033605 0.239350 1.000000
0.183992 -0.022995 -0.312133 1.000000
0.712084 -0.082176 -0.029689 0.000000
-0.040981 -0.002834 -0.424823 1.000000
0.203529 0.031084 0.084466 0.000000
0.242874 -0.013986 0.203722 1.000000
0.327642 -0.042695 -0.296015 3.000000
-0.095033 0.003895 0.535388 1.000000
0.275652 -0.060169 0.089567 1.000000
0.144511 -0.037892 -0.262395 1.000000
0.105383 -0.041691 0.195962 1.000000
0.233838 -0.011680 -0.179472 1.000000
0.932200 0.058354 -0.019758 0.000000
0.141825 -0.016374 0.370926 1.000000
0.102154 -0.049017 -0.148918 1.000000
-0.263512 0.001399 -0.102491 0.000000
-0.598162 0.089966 0.019560 0.000000
0.175417 -0.002753 -0.311644 1.000000
0.698436 0.083698 0.052013 0.000000
-0.549347 0.122365 -0.006435 0.000000
0.259399 -0.090669 0.331987 3.000000
-0.392374 0.104999 -0.012024 0.000000
0.256875 -0.056398 -0.335631 3.000000
0.391327 -0.129227 0.277393 3.000000
-0.023506 -0.036155 0.204482 1.000000
0.307454 -0.116772 0.308489 3.000000
0.837907 0.081934 0.022029 0.000000
-0.504765 -0.002753 -0.084854 0.000000
0.001783 0.069154 -0.082710 0.000000
-0.051265 0.039631 -0.098014 0.000000
-0.377639 0.101742 0.015599 0.000000
0.276683 -0.076206 0.327103 3.000000
-0.502621 -0.034663 -0.064910 0.000000
0.223255 -0.086761 0.258670 3.000000
0.035701 -0.066655 0.094234 1.000000
-0.133456 0.012198 0.570962 1.000000
0.264418 -0.016239 -0.128622 1.000000
0.110430 -0.028259 -0.338508 1.000000
-0.113837 0.055749 -0.091122 0.000000
-0.702684 0.019389 -0.047191 0.000000
-0.872655 0.060905 -0.006706 0.000000
0.085656 -0.024786 -0.360107 1.000000
-0.366379 0.028805 -0.100592 0.000000
-0.038078 0.104022 0.006047 0.000000
0.181495 -0.006904 -0.101650 0.000000
0.235195 -0.014448 -0.105829 1.000000
-0.854339 0.054745 -0.272435 2.000000
0.307590 -0.037675 0.138192 1.000000
-0.132153 -0.071810 -0.055494 0.000000
-0.727295 0.241241 -0.014819 0.000000
-0.019897 -0.015370 -0.339729 1.000000
0.310737 -0.045381 -0.101460 0.000000
-0.749926 0.221243 -0.003477 0.000000
0.060204 -0.080629 -0.090959 1.000000
-0.033492 -0.010215 -0.444088 1.000000
-0.693459 0.260914 -0.011156 0.000000
0.027045 -0.013498 0.284963 1.000000
-0.346435 0.068964 0.066476 0.000000
0.011497 -0.038896 0.116186 1.000000
0.202715 -0.084781 0.306997 3.000000
-0.745883 0.049671 0.162234 2.000000
0.392494 -0.049261 0.261058 3.000000
0.999629 -0.011626 -0.024615 0.000000
0.372713 -0.053087 0.310307 3.000000
0.610140 -0.038272 -0.089602 0.000000
0.376050 -0.060631 -0.267822 3.000000
-0.854475 0.058544 0.269307 2.000000
-0.204982 0.051137 -0.093428 0.000000
0.144674 -0.011463 0.188880 1.000000
-0.840799 0.046361 -0.015878 0.000000
0.044384 -0.069205 -0.115027 1.000000
0.105600 -0.038896 -0.237431 1.000000
0.590712 0.104049 0.005830 0.000000
-0.627033 0.164695 -0.015606 0.000000
-0.178879 -0.066817 0.047482 0.000000
-0.661114 0.198640 -0.000628 0.000000
0.290576 -0.073031 -0.099723 0.000000
0.073283 0.010842 -0.395436 1.000000
0.265368 -0.128386 0.281029 3.000000
-0.743440 0.102231 -0.005919 0.000000
0.149205 0.000612 -0.270590 1.000000
-0.358510 -0.084156 -0.009121 0.000000
0.060692 -0.079245 -0.032592 0.000000
-0.118884 0.029809 -0.773447 1.000000
-0.685345 -0.004218 0.023712 0.000000
0.151837 0.104239 0.003822 0.000000
0.378655 -0.048529 0.268113 3.000000
0.326448 -0.042369 0.248115 3.000000
0.278773 -0.048583 0.145030 1.000000
0.011497 -0.020417 -0.367352 1.000000
0.248545 -0.102445 0.250177 3.000000
0.102154 -0.028802 0.314377 1.000000
0.281947 -0.048854 -0.156082 1.000000
-0.240339 -0.083695 -0.020246 0.000000
-0.022801 0.018331 -0.522833 1.000000
-0.787561 0.034829 -0.088164 2.000000
-0.817246 0.043322 -0.166284 2.000000
0.168688 -0.052138 0.126552 1.000000
-0.646950 0.025657 0.043927 0.000000
0.087773 -0.147814 0.164377 3.000000
0.645849 0.105351 -0.007222 0.000000
-0.143333 -0.024515 -0.096223 0.000000
0.324060 -0.052192 -0.273330 3.000000
0.543145 0.088202 -0.062766 0.000000
-0.028743 -0.031298 0.217425 1.000000
0.844121 -0.074524 -0.015661 0.000000
0.327289 -0.120164 -0.281416 3.000000
-0.115303 0.076127 -0.077093 0.000000
0.163261 -0.048149 -0.173095 1.000000
-0.764714 0.050214 0.221251 2.000000
-0.768079 0.203796 -0.011156 0.000000
0.343136 -0.053901 0.312586 3.000000
0.681124 -0.062693 0.052637 0.000000
-0.030860 -0.025084 0.267326 1.000000
0.038795 -0.033795 -0.143383 1.000000
0.994555 0.014532 -0.004752 0.000000
0.775498 0.025929 0.079989 0.000000
0.963839 -0.003594 -0.043446 0.000000
-0.136440 0.025847 -0.747832 1.000000
0.717131 -0.074117 -0.050745 0.000000
0.270659 -0.083804 0.065743 0.000000
-0.819444 0.051245 0.196640 2.000000
-0.520503 0.013528 0.070546 0.000000
-0.084261 0.011520 -0.631914 1.000000
-0.679186 0.030677 -0.079807 2.000000
-0.093296 -0.080765 0.031988 0.000000
-0.812742 0.042833 0.122020 2.000000
0.519700 0.042779 -0.096983 0.000000
0.316571 -0.037675 0.254193 3.000000
0.770641 -0.020065 0.077330 0.000000
0.730645 -0.083071 0.006264 0.000000
-0.539226 -0.049994 -0.014195 0.000000
0.285665 -0.109364 0.329980 3.000000
-0.225143 0.037895 0.799000 1.000000
0.204885 -0.009943 -0.101460 0.000000
0.261271 -0.018409 -0.207068 1.000000
0.106170 -0.030539 0.279889 1.000000
-0.298949 0.030080 -0.101189 0.000000
0.116264 -0.047498 0.286591 1.000000
-0.731691 0.035860 -0.056254 2.000000
0.084815 -0.027255 -0.298375 1.000000
-0.502865 0.098188 -0.040516 0.000000
0.207680 -0.010486 0.275168 1.000000
-0.846470 0.297844 -0.008253 0.000000
0.158458 -0.027418 0.085063 0.000000
0.081152 -0.152698 -0.136192 3.000000
0.131106 0.102149 0.014947 0.000000
0.048997 -0.068907 0.016195 1.000000
0.079008 -0.013607 0.433444 1.000000
-0.375523 -0.020119 -0.095029 0.000000
0.000752 -0.013715 0.411546 1.000000
0.132002 -0.028775 0.328677 1.000000
-0.750088 0.046252 -0.211925 2.000000
0.360312 -0.122172 0.291448 3.000000
-0.797682 0.290653 -0.004834 0.000000
0.521220 -0.057646 0.058960 0.000000
0.029026 -0.046629 0.134068 1.000000
-0.028770 -0.027011 0.277908 1.000000
0.328266 -0.140623 0.278804 3.000000
0.290658 -0.123067 0.286781 3.000000
-0.763954 0.032848 0.023196 0.000000
-0.091831 -0.002916 0.471269 1.000000
0.164102 -0.003024 0.220654 1.000000
-0.080679 0.000612 -0.525600 1.000000
-0.022828 -0.043292 -0.161102 1.000000
-0.021064 -0.082637 0.069678 1.000000
0.817502 -0.050347 0.053858 0.000000
0.152516 0.000286 -0.288987 1.000000
0.241571 -0.084889 -0.058587 0.000000
0.376457 -0.084075 0.230993 3.000000
0.437808 0.095746 0.032015 0.000000
-0.513611 -0.028883 -0.068139 0.000000
-0.756112 0.049210 0.210289 2.000000
0.293588 -0.033903 0.277637 3.000000
0.446871 0.023052 -0.102084 0.000000
0.000155 0.075503 0.061212 0.000000
-0.641442 0.000992 -0.055575 0.000000
0.242738 -0.038163 -0.305946 1.000000
0.746328 -0.080330 -0.031968 0.000000
-0.701165 0.162497 -0.014602 0.000000
-0.796407 0.223984 -0.009799 0.000000
0.340911 -0.032709 -0.322444 3.000000
-0.661576 0.043050 0.081400 2.000000
-0.842482 0.019769 -0.014575 0.000000
-0.383853 0.098649 0.024634 0.000000
0.057707 -0.029182 -0.304834 1.000000
-0.824084 0.060417 0.002737 0.000000
-0.754159 0.012578 0.016874 0.000000
0.095696 -0.084726 -0.075682 1.000000
0.254650 0.099138 0.023902 0.000000
0.033992 -0.155602 -0.184492 3.000000
0.020994 -0.039710 0.101262 1.000000
0.013994 -0.011354 -0.455078 1.000000
0.755256 -0.051975 0.061293 0.000000
-0.059812 0.011222 -0.517487 1.000000
0.257689 -0.032275 0.297445 1.000000
0.042186 -0.113380 -0.166013 1.000000
0.032120 -0.133840 -0.151252 3.000000
0.453953 0.098432 0.026018 0.000000
-0.488647 0.030189 0.073205 0.000000
-0.037535 0.015020 -0.651450 1.000000
0.314807 -0.028042 -0.134293 1.000000
0.542711 -0.009374 0.084873 0.000000
0.248056 -0.013932 0.117842 1.000000
-0.495648 0.003434 0.071903 0.000000
0.318091 -0.084889 0.011338 0.000000
-0.197954 0.099816 0.021921 0.000000
0.234733 -0.061173 -0.273792 3.000000
-0.823786 0.042128 -0.149705 2.000000
-0.011649 -0.015777 0.386148 1.000000
0.701936 -0.074388 -0.050203 0.000000
0.028429 -0.054634 -0.064421 0.000000
0.224259 -0.010432 -0.168564 1.000000
-0.053517 0.003488 -0.566791 1.000000
0.250607 0.055478 -0.091257 0.000000
-0.827693 0.342616 -0.010885 0.000000
0.370949 -0.136716 -0.319730 3.000000
0.182147 -0.003838 -0.287630 1.000000
-0.304105 -0.001722 0.085768 0.000000
0.575733 0.051815 0.076678 0.000000
-0.033546 -0.016727 0.367072 1.000000
-0.741650 0.068910 -0.031616 0.000000
0.029515 -0.036128 0.120419 1.000000
-0.114516 -0.070345 0.054401 0.000000
0.221220 -0.080819 0.074209 0.000000
0.529550 0.038600 0.081970 0.000000
0.320750 -0.053657 -0.347191 3.000000
0.378004 -0.125564 0.278098 3.000000
0.385086 -0.102988 -0.250374 3.000000
-0.806800 0.317679 -0.011617 0.000000
-0.062472 0.030840 0.679880 1.000000
-0.010590 -0.133243 -0.148349 3.000000
-0.384694 0.031762 -0.098041 0.000000
-0.500613 0.046388 -0.086970 0.000000
-0.533256 0.089423 -0.053106 0.000000
-0.427241 -0.070535 0.003714 0.000000
-0.826554 0.062289 0.296333 2.000000
-0.008691 0.041368 -0.097444 0.000000
-0.013955 -0.013769 0.404274 1.000000
0.018172 -0.035368 -0.151333 1.000000
-0.845602 0.058381 -0.014955 0.000000
-0.021851 -0.036020 0.173196 1.000000
0.314292 -0.054878 -0.269721 3.000000
-0.771796 0.048613 -0.176894 2.000000
0.503990 -0.076206 -0.046540 0.000000
0.159381 -0.000473 -0.319839 1.000000
0.038930 -0.159672 -0.145906 3.000000
-0.023208 -0.080982 -0.079644 0.000000
0.364545 -0.092215 -0.340461 3.000000
0.186081 -0.010106 0.160551 1.000000
0.205889 0.025711 -0.101813 0.000000
0.006016 -0.013959 0.306617 1.000000
0.774033 -0.056968 -0.072128 0.000000
-0.018269 -0.084889 -0.004535 0.000000
0.009381 -0.143147 0.157160 3.000000
-0.276102 0.045547 0.079663 0.000000
-0.814533 0.033635 -0.060324 2.000000
-0.796787 0.043837 0.164866 2.000000
-0.027794 -0.008424 0.368592 1.000000
-0.256538 0.104971 -0.003504 0.000000
0.808195 0.075693 -0.059890 0.000000
-0.643097 0.036972 -0.085532 2.000000
-0.127187 0.036457 0.702727 1.000000
-0.209107 0.045411 -0.833957 1.000000
-0.146100 0.043783 -0.777165 1.000000
-0.648470 -0.020173 0.016440 0.000000
0.229551 -0.011137 0.158326 1.000000
0.052118 -0.015587 0.417461 1.000000
0.083594 -0.123827 0.130106 3.000000
-0.193016 0.039903 -0.789810 1.000000
-0.339543 -0.071240 -0.056498 0.000000
0.222740 -0.011246 0.121233 1.000000
-0.111178 0.014451 -0.579490 1.000000
0.036488 -0.128657 0.170428 3.000000
0.243443 -0.049940 0.161989 1.000000
0.208955 -0.084889 -0.001252 0.000000
0.674829 -0.057130 -0.075899 0.000000
-0.019192 0.022292 -0.542749 1.000000
-0.417392 -0.067686 -0.038969 0.000000
0.271229 -0.104969 0.251344 3.000000
0.974313 0.017897 -0.033515 0.000000
0.004035 0.022645 0.558561 1.000000
0.224639 -0.084889 0.015137 0.000000
-0.251817 0.047989 -0.902581 1.000000
-0.816704 0.054203 0.265698 2.000000
0.045497 -0.155819 -0.171630 3.000000
-0.085237 -0.005276 0.451922 1.000000
0.420361 -0.056506 -0.076415 0.000000
0.227244 0.090373 -0.059211 0.000000
-0.758392 0.042318 0.160443 2.000000
0.003655 -0.145318 -0.136464 3.000000
-0.859359 0.051462 -0.004128 0.000000
-0.779611 0.276598 -0.012377 0.000000
0.206052 -0.054444 0.117787 1.000000
-0.170196 -0.077780 0.026507 0.000000
0.206540 -0.075039 -0.323611 3.000000
0.181224 -0.072841 0.278478 3.000000
0.270904 0.101417 0.017118 0.000000
-0.066569 0.015048 0.529174 1.000000
-0.070531 -0.047525 0.082784 0.000000
-0.019545 -0.019006 -0.366483 1.000000
0.326258 -0.103123 0.232512 3.000000
0.867755 0.072708 -0.041981 0.000000
0.259806 -0.015397 0.146116 1.000000
-0.437254 -0.068283 -0.023665 0.000000
0.374286 0.063157 0.071034 0.000000
0.174359 -0.038923 0.249580 1.000000
0.018417 -0.050510 -0.114213 1.000000
-0.010427 0.105161 -0.010966 0.000000
-0.226690 0.054908 0.896386 1.000000
-0.761865 0.189767 -0.005159 0.000000
0.274458 0.027964 0.085199 0.000000
-0.032732 -0.005113 -0.493039 1.000000
0.219402 0.104944 -0.003341 0.000000
-0.450957 0.103913 0.005097 0.000000
0.557363 0.081364 -0.071313 0.000000
0.052009 0.054610 -0.091692 0.000000
-0.667219 -0.020824 -0.019785 0.000000
0.763125 0.052927 0.071414 0.000000
-0.050831 0.015373 -0.531434 1.000000
-0.023208 -0.077101 -0.067298 0.000000
-0.062200 -0.004598 -0.484383 1.000000
0.387609 0.082368 0.053668 0.000000
-0.714732 0.043675 0.101914 2.000000
-0.512661 -0.013932 0.062813 0.000000
-0.107841 -0.001233 0.479898 1.000000
-0.034577 -0.059925 -0.101460 0.000000
0.816878 -0.032872 0.064631 0.000000
0.832969 -0.150528 -0.026569 3.000000
0.346338 0.000205 0.085958 0.000000
0.152244 0.080496 -0.072399 0.000000
0.297713 -0.057809 -0.105883 1.000000
-0.857568 0.030107 -0.003776 0.000000
0.610710 0.046442 0.079338 0.000000
0.286180 -0.127599 -0.274117 3.000000
0.928564 0.001209 0.042299 0.000000
-0.027007 0.080089 0.056490 0.000000
-0.176871 0.028995 -0.101487 0.000000
-0.008257 -0.044323 -0.108461 1.000000
-0.082741 0.021614 0.579400 1.000000
-0.170711 0.047311 0.804047 1.000000
-0.479503 0.053497 -0.084935 0.000000
0.256360 -0.045137 -0.190136 1.000000
0.033829 -0.025953 -0.324587 1.000000
-0.097312 0.005171 -0.561337 1.000000
-0.206448 0.040201 -0.851758 1.000000
0.859751 0.018087 -0.079372 0.000000
0.599747 -0.034012 -0.091719 0.000000
0.338333 -0.068608 0.231698 3.000000
0.150209 0.096343 -0.047245 0.000000
0.325173 -0.124397 -0.303477 3.000000
-0.321769 0.021587 -0.102247 0.000000
0.068236 -0.004571 -0.491248 1.000000
0.655238 -0.067007 -0.063634 0.000000
0.016083 -0.021394 0.345392 1.000000
0.234842 -0.084889 0.002493 0.000000
0.159543 -0.041094 -0.238028 1.000000
0.617656 0.069615 0.065960 0.000000
-0.260608 -0.064131 0.050873 0.000000
-0.012625 -0.019278 -0.101460 0.000000
0.086253 -0.084184 -0.079562 1.000000
0.118679 -0.053603 -0.115841 1.000000
0.222713 -0.054417 0.122617 1.000000
0.360312 -0.111264 -0.329119 3.000000
-0.265981 0.048287 0.877528 1.000000
0.834977 -0.141682 0.002384 3.000000
0.366200 -0.039167 -0.269396 3.000000
-0.862181 0.057323 -0.296395 2.000000
-0.423280 -0.045761 0.053017 0.000000
0.091056 -0.075663 0.079012 1.000000
0.705789 0.059114 0.073042 0.000000
0.394095 -0.053684 0.323711 3.000000
0.883385 -0.053060 0.034159 0.000000
0.289084 -0.118536 -0.281281 3.000000
-0.000713 -0.020010 -0.285948 1.000000
-0.651129 0.150585 0.001054 0.000000
0.581133 0.042155 0.080776 0.000000
0.177479 0.102367 -0.030747 0.000000
0.208766 0.004628 0.086393 0.000000
0.185484 -0.080900 -0.090389 0.000000
-0.018622 0.003624 0.574842 1.000000
0.038171 -0.016483 -0.417442 1.000000
0.078140 -0.040470 -0.212685 1.000000
-0.827829 0.393222 -0.010261 0.000000
-0.024022 0.104185 -0.020870 0.000000
0.375372 -0.032384 0.273241 3.000000
0.124323 -0.084889 -0.046757 0.000000
0.001213 -0.027581 0.211184 1.000000
-0.262806 0.104293 0.003144 0.000000
-0.423660 -0.012467 -0.091285 0.000000
-0.650776 0.029347 -0.068654 2.000000
-0.796868 0.032576 0.042407 0.000000
0.248029 0.096316 -0.047299 0.000000
-0.104177 -0.001179 -0.496892 1.000000
-0.673325 0.084268 0.008923 0.000000
0.510610 -0.007284 0.085226 0.000000
0.474820 0.021533 0.085850 0.000000
-0.111477 0.020664 0.696052 1.000000
-0.022882 -0.037811 -0.205928 1.000000
-0.156466 0.043593 -0.845842 1.000000
-0.121136 0.021424 -0.712449 1.000000
0.235954 -0.022127 -0.263019 1.000000
0.041237 -0.079191 0.016195 1.000000
0.133413 -0.029372 -0.338426 1.000000
0.343136 -0.043834 0.289468 3.000000
0.173789 -0.084889 0.018936 0.000000
0.272477 -0.057944 0.242091 3.000000
0.039202 -0.005276 0.085416 0.000000
0.192702 -0.065081 -0.296123 3.000000
-0.679403 -0.016483 0.007404 0.000000
-0.248425 0.000368 0.085986 0.000000
0.336515 -0.033632 -0.275745 3.000000
0.220596 -0.045110 -0.213607 1.000000
-0.087788 0.026363 0.717542 1.000000
0.100906 -0.072027 0.016195 1.000000
0.001457 0.012714 -0.103115 0.000000
-0.746344 0.047718 0.145492 2.000000
0.374693 0.093114 0.037279 0.000000
0.184317 -0.020499 0.093610 1.000000
0.152217 0.006446 -0.102980 0.000000
-0.072104 0.026851 0.600538 1.000000
0.004198 0.003841 0.405332 1.000000
-0.078481 0.032224 0.084086 0.000000
0.035593 -0.022018 0.348458 1.000000
0.775796 -0.081117 -0.024018 0.000000
-0.744689 0.044109 0.114151 2.000000
0.238424 -0.056859 -0.121567 1.000000
0.039582 -0.079923 -0.088734 1.000000
0.002787 -0.005222 0.358417 1.000000
-0.674790 0.044326 0.108426 2.000000
-0.121788 0.030487 0.763590 1.000000
-0.217654 0.043837 -0.885187 1.000000
0.348400 -0.095119 -0.355277 3.000000
