0.151934 -0.003851 0.034551 0.000000
-0.038114 0.020264 0.549158 1.000000
-0.441676 -0.031127 -0.009121 0.000000
-0.892744 0.059610 0.145854 2.000000
0.081634 -0.016077 -0.273794 1.000000
-0.355964 0.026066 -0.060123 0.000000
0.155560 -0.045658 0.234648 3.000000
0.610720 0.047073 -0.051161 0.000000
0.162036 -0.035945 -0.455371 3.000000
-0.007419 0.004904 0.397135 1.000000
0.224927 -0.042161 -0.028496 0.000000
0.158513 -0.029106 -0.055512 1.000000
0.026980 -0.008669 -0.375643 1.000000
0.039257 -0.002582 -0.058129 0.000000
0.097176 -0.004680 -0.210565 1.000000
0.091710 -0.003204 0.231695 1.000000
0.207080 -0.052056 0.170099 3.000000
-0.367077 -0.000588 0.033567 0.000000
0.268366 -0.047083 -0.193780 3.000000
0.294657 -0.055657 0.208875 3.000000
-0.753155 0.106338 -0.014612 2.000000
0.054255 -0.013876 -0.304488 1.000000
0.122715 -0.034261 0.070814 0.000000
0.195787 -0.075420 -0.203209 3.000000
-0.852569 0.195081 -0.009691 2.000000
0.076505 -0.009032 -0.357718 1.000000
0.141806 -0.009524 -0.058077 0.000000
0.168874 -0.012244 0.034370 0.000000
0.018691 0.005422 0.392576 1.000000
0.292118 -0.074255 0.228095 3.000000
0.475146 0.030936 -0.059424 0.000000
0.016644 -0.008436 0.227836 1.000000
-0.833556 0.166665 -0.008940 2.000000
-0.351172 0.040105 0.032038 0.000000
-0.086940 0.029174 0.623058 1.000000
-0.751316 0.059921 -0.017151 0.000000
0.116680 -0.019004 0.207710 1.000000
0.043816 -0.001831 0.409543 1.000000
0.137843 -0.075602 -0.490028 3.000000
0.502810 0.067148 -0.010468 0.000000
-0.724869 0.003142 -0.031941 0.000000
0.055421 0.002521 0.337870 1.000000
0.026151 -0.013461 -0.282523 1.000000
-0.155634 0.043550 0.749100 1.000000
0.089819 -0.001080 0.289329 1.000000
0.003253 -0.012891 0.188386 1.000000
0.907149 0.037308 -0.046343 0.000000
0.116033 0.065982 -0.001583 0.000000
0.001465 -0.009006 0.325541 1.000000
-0.012185 0.014151 0.492016 1.000000
-0.357778 -0.004654 0.031857 0.000000
0.733991 -0.012192 0.026832 0.000000
0.012215 -0.014316 -0.127910 1.000000
0.131937 -0.074799 -0.063724 3.000000
0.215758 0.066060 -0.021295 0.000000
-0.092406 0.012856 -0.535384 1.000000
-0.641903 0.054507 0.017766 0.000000
0.029337 -0.029935 0.480827 3.000000
-0.058939 0.004956 0.484816 1.000000
-0.074170 0.021948 -0.647309 1.000000
-0.162342 0.056372 0.018569 0.000000
0.048867 -0.046824 -0.523598 3.000000
0.305847 -0.033562 -0.013317 0.000000
0.122664 -0.006804 0.250242 1.000000
0.471701 0.039251 -0.055953 0.000000
-0.208864 -0.023952 0.014088 0.000000
-0.020370 0.006872 -0.059735 0.000000
-0.788771 0.057616 -0.008059 0.000000
0.069848 -0.023770 0.038566 1.000000
0.205837 -0.005483 -0.069578 1.000000
0.175531 -0.024107 -0.134723 1.000000
0.098548 0.028346 0.036235 0.000000
-0.164777 0.041323 0.738195 1.000000
0.393190 0.039380 -0.055901 0.000000
0.096373 -0.009110 -0.330935 1.000000
0.170065 -0.017139 0.487587 3.000000
-0.430538 -0.005509 0.031520 0.000000
0.566505 0.062485 0.008622 0.000000
0.143930 -0.011441 0.471424 3.000000
0.114064 -0.009550 -0.058077 0.000000
-0.017728 -0.009213 -0.288040 1.000000
0.154498 -0.013435 0.201907 1.000000
0.162321 -0.008876 0.206440 1.000000
0.086452 -0.026412 -0.096335 1.000000
-0.068705 0.030029 -0.059579 0.000000
0.103755 -0.028407 -0.065977 1.000000
-0.614161 0.056605 -0.040256 0.000000
-0.194617 0.047358 -0.817437 1.000000
0.131548 -0.014471 -0.260687 1.000000
0.283907 0.066759 -0.007619 0.000000
-0.826925 0.045260 -0.070769 2.000000
-0.035109 0.005240 -0.516579 1.000000
0.054125 -0.018512 0.212761 1.000000
-0.351975 -0.012865 -0.049892 0.000000
-0.399248 0.063003 0.007327 0.000000
-0.172522 0.038189 0.731564 1.000000
0.172164 0.036194 0.033644 0.000000
0.089249 -0.095365 0.048357 3.000000
0.181411 -0.025739 -0.107318 1.000000
0.117872 -0.001960 -0.508005 3.000000
0.141598 -0.054154 0.466062 3.000000
0.589351 -0.013617 0.025744 0.000000
-0.174724 0.021792 -0.060667 0.000000
0.756837 -0.002038 0.032841 0.000000
-0.819284 0.053134 0.035535 2.000000
-0.725024 0.046426 -0.040049 0.000000
0.583238 0.066422 -0.004977 0.000000
-0.069663 -0.030842 -0.016581 0.000000
-0.729117 0.048446 0.014450 0.000000
-0.263751 -0.015818 0.024060 0.000000
-0.490476 -0.022423 0.014813 0.000000
-0.124214 0.020653 0.583867 1.000000
0.063683 0.033733 0.034680 0.000000
0.179209 0.061682 -0.034143 0.000000
0.027782 0.001873 0.334347 1.000000
0.013329 -0.049906 -0.515750 3.000000
-0.231606 -0.004369 0.031986 0.000000
-0.857853 0.113980 -0.013369 2.000000
0.282716 -0.081533 0.215273 3.000000
0.457765 -0.027397 0.006809 0.000000
0.044697 -0.067701 -0.505440 3.000000
-0.108750 0.020316 0.609873 1.000000
0.139811 -0.033095 0.027143 0.000000
-0.354022 0.004075 0.035483 0.000000
0.184312 -0.004525 -0.092346 1.000000
-0.596884 -0.021802 0.000877 0.000000
0.147841 -0.073452 -0.482879 3.000000
0.399536 0.066656 -0.016892 0.000000
0.745103 0.060206 -0.037096 0.000000
-0.302009 -0.030013 -0.022953 0.000000
0.003589 -0.056304 -0.496918 3.000000
0.062596 -0.003696 0.237601 1.000000
0.187006 -0.033458 0.026884 0.000000
-0.337755 -0.030272 -0.002568 0.000000
-0.847725 0.041996 -0.030957 2.000000
-0.166254 -0.028433 -0.027848 0.000000
0.427667 0.036194 0.033644 0.000000
-0.399014 0.045208 0.029008 0.000000
0.004082 0.064920 -0.026320 0.000000
0.109402 -0.000665 -0.505440 3.000000
0.140925 -0.035737 -0.481558 3.000000
-0.858397 0.054300 -0.081260 2.000000
0.258575 0.067018 -0.009587 0.000000
0.311442 0.002080 0.034654 0.000000
0.132869 -0.047109 -0.503161 3.000000
-0.466594 0.010317 -0.060045 0.000000
0.173459 -0.030091 0.029111 0.000000
-0.122193 0.002132 -0.058258 0.000000
-0.035731 0.059455 0.014554 0.000000
-0.401708 0.008012 -0.059890 0.000000
-0.176382 0.053057 -0.046447 0.000000
0.767016 0.018192 0.037219 0.000000
-0.023505 0.030599 -0.059527 0.000000
-0.800530 0.011509 -0.019301 0.000000
0.074122 -0.003359 0.448733 3.000000
0.197289 -0.008773 0.100732 1.000000
0.114763 -0.028744 -0.091750 1.000000
0.108055 -0.021128 0.173311 1.000000
0.426112 0.064998 0.002509 0.000000
-0.183324 0.044017 0.794222 1.000000
-0.636541 0.061320 -0.032589 0.000000
0.794344 0.039484 -0.054839 0.000000
0.124244 -0.016958 0.033800 0.000000
0.020711 -0.013591 0.447930 3.000000
-0.801851 0.148482 -0.008862 2.000000
0.270049 -0.090470 0.215092 3.000000
0.048660 -0.007322 0.195872 1.000000
-0.683632 0.040986 -0.047042 0.000000
0.169055 -0.055838 -0.517718 3.000000
-0.198140 0.031609 0.035561 0.000000
0.091011 -0.070473 0.060531 3.000000
-0.875803 0.024460 -0.010105 0.000000
0.215058 -0.070758 -0.197433 3.000000
-0.474857 -0.027397 -0.029221 0.000000
0.292015 -0.083217 -0.213466 3.000000
0.092720 -0.005431 0.147383 1.000000
0.110386 -0.027734 -0.079110 1.000000
-0.028685 0.015938 -0.575870 1.000000
0.167812 -0.035168 0.181134 3.000000
-0.782295 0.015938 -0.031345 0.000000
0.300770 -0.021180 -0.219942 3.000000
0.139863 -0.048015 -0.221341 3.000000
0.139656 -0.079953 -0.107292 3.000000
0.081012 -0.005613 0.170306 1.000000
-0.180189 0.046555 0.779950 1.000000
0.032626 -0.001391 0.288396 1.000000
0.179649 -0.016673 -0.057429 0.000000
0.101786 -0.006752 -0.078514 1.000000
0.027938 -0.005146 -0.494820 1.000000
0.210007 0.054999 0.020330 0.000000
0.189337 -0.065189 0.241616 3.000000
0.027990 -0.018694 0.025485 1.000000
0.197522 0.056139 -0.042432 0.000000
-0.831898 0.048757 0.007509 2.000000
0.062285 -0.003566 -0.263044 1.000000
0.385497 -0.029469 0.001784 0.000000
0.277924 -0.089615 0.201467 3.000000
0.152011 -0.025480 -0.117730 1.000000
0.402671 0.018166 0.037581 0.000000
-0.029333 -0.003307 -0.493577 1.000000
-0.472008 -0.029650 -0.000754 0.000000
0.089327 -0.007970 0.040405 1.000000
0.162398 0.019202 0.037452 0.000000
0.024985 -0.007789 -0.485314 3.000000
-0.039202 0.002158 -0.487982 1.000000
-0.801541 0.100717 -0.007670 2.000000
-0.051169 -0.000018 -0.412994 1.000000
0.088161 -0.025506 -0.116953 1.000000
0.092125 0.001096 -0.058129 0.000000
0.137765 -0.023226 -0.157517 1.000000
0.140433 -0.052833 -0.511528 3.000000
0.940823 0.026843 0.019346 3.000000
0.043609 -0.061925 -0.513496 3.000000
-0.708188 0.053342 -0.036526 0.000000
0.111862 -0.076404 -0.483915 3.000000
-0.883341 0.062667 0.127956 2.000000
0.139682 -0.052730 -0.501477 3.000000
0.772922 -0.031282 -0.010287 0.000000
-0.712876 0.065283 -0.017643 2.000000
-0.054018 -0.031930 0.009425 0.000000
0.021436 -0.019911 0.491136 3.000000
-0.640996 0.032516 0.029526 0.000000
0.147193 -0.001520 0.476656 3.000000
0.160533 -0.061355 0.178310 3.000000
0.293258 -0.088138 0.207658 3.000000
0.021514 -0.012995 -0.129931 1.000000
-0.359254 0.012001 -0.060408 0.000000
0.177551 -0.035323 0.179035 3.000000
0.279297 -0.058065 -0.252372 3.000000
0.138620 -0.056848 -0.492178 3.000000
0.660583 0.066371 -0.019068 0.000000
-0.018505 0.005862 0.417339 1.000000
0.157218 -0.062469 -0.505000 3.000000
0.001569 -0.001883 0.435678 1.000000
-0.658999 0.043939 -0.047716 0.000000
-0.641359 0.062744 0.005048 0.000000
-0.349256 0.048316 0.026625 0.000000
0.334806 -0.030065 -0.001039 0.000000
0.172837 -0.064023 0.239337 3.000000
-0.532698 -0.027967 -0.001013 0.000000
-0.705856 0.041478 0.020874 0.000000
0.231532 -0.013539 0.054962 1.000000
-0.932763 0.034977 -0.012436 0.000000
0.082981 -0.053636 0.501730 3.000000
0.210085 -0.026672 -0.084756 1.000000
0.012345 -0.016621 -0.106851 1.000000
0.119270 -0.004447 -0.178705 1.000000
-0.783927 0.081472 -0.006997 2.000000
0.059565 -0.020688 -0.177047 1.000000
0.123570 -0.004343 -0.200023 1.000000
0.126989 -0.005509 -0.069914 1.000000
-0.359824 -0.030376 -0.003500 0.000000
0.664183 -0.025376 -0.035231 0.000000
0.026928 -0.007944 -0.385460 1.000000
-0.381012 0.067277 -0.011582 0.000000
-0.715881 0.000708 -0.031345 0.000000
0.029337 -0.051719 0.455546 3.000000
0.163901 -0.060189 -0.213052 3.000000
-0.333559 -0.027241 -0.030724 0.000000
-0.055546 -0.020818 -0.047690 0.000000
0.681797 -0.012244 -0.050358 0.000000
0.860343 0.060491 -0.003966 0.000000
0.190088 -0.042161 0.010902 0.000000
0.165403 -0.059335 -0.464281 3.000000
-0.731137 0.007468 0.011757 0.000000
0.029492 0.003531 -0.382118 1.000000
0.027264 0.021067 0.037193 0.000000
0.708710 0.041349 -0.055098 0.000000
0.162994 -0.071120 0.472201 3.000000
0.176696 -0.023693 -0.249264 3.000000
0.025658 -0.056149 0.441999 3.000000
0.308877 -0.046746 0.177145 3.000000
0.004885 -0.021957 -0.491427 3.000000
0.220783 -0.013772 -0.228568 3.000000
-0.907120 0.067458 0.204239 2.000000
0.566660 -0.011156 -0.051213 0.000000
0.004367 -0.040788 -0.006090 0.000000
0.838793 -0.011052 0.026754 0.000000
0.014883 -0.041695 0.001473 0.000000
0.089819 -0.026594 0.072861 1.000000
-0.345733 -0.030194 -0.021476 0.000000
0.142686 -0.027475 0.445962 3.000000
0.264739 0.034018 0.034551 0.000000
-0.901058 0.186015 -0.011789 2.000000
0.262201 -0.036022 0.021677 0.000000
0.047650 -0.009472 0.486940 3.000000
0.432096 0.053342 0.022506 0.000000
-0.859666 0.052616 -0.121875 2.000000
-0.253105 0.065723 -0.023911 0.000000
0.180919 -0.081870 -0.250248 3.000000
0.112458 -0.075083 0.478599 3.000000
0.374048 0.020445 -0.060848 0.000000
0.300045 -0.034909 -0.028833 0.000000
0.162813 -0.051227 -0.463867 3.000000
0.059954 -0.020818 -0.060797 1.000000
0.889743 0.032930 0.027894 0.000000
-0.510836 0.044068 0.029526 0.000000
-0.015786 -0.009058 -0.490417 1.000000
0.180090 -0.005742 0.034551 0.000000
0.118001 -0.073529 -0.505544 3.000000
-0.703292 0.052228 -0.018834 2.000000
-0.043450 0.006872 0.440082 1.000000
-0.095954 0.028009 -0.695255 1.000000
-0.849538 0.186377 -0.009432 2.000000
0.121809 -0.004343 0.176652 1.000000
0.063891 -0.021051 0.166291 1.000000
0.925722 0.030599 0.022454 0.000000
0.265775 -0.039441 -0.037536 0.000000
-0.769137 0.052927 -0.029247 0.000000
0.285125 -0.058920 0.235736 3.000000
-0.836665 0.047773 0.065349 2.000000
0.134605 -0.004603 0.098945 1.000000
-0.888496 0.058937 0.103037 2.000000
0.102097 -0.023045 -0.163423 1.000000
-0.470816 0.010499 0.036442 0.000000
-0.163586 0.041582 0.776271 1.000000
-0.749917 0.066189 -0.005909 2.000000
0.223477 -0.047549 0.247159 3.000000
-0.915253 0.055958 -0.120321 2.000000
-0.016019 -0.005017 0.401021 1.000000
-0.718808 -0.002997 -0.023005 0.000000
0.107019 -0.045891 -0.059424 0.000000
0.099740 0.001381 -0.479590 3.000000
0.163901 -0.045166 0.232239 3.000000
0.081064 -0.003307 0.336342 1.000000
0.396739 0.033371 0.034836 0.000000
-0.086552 0.039406 0.032323 0.000000
0.159653 -0.033510 -0.517563 3.000000
0.028042 0.005370 0.391204 1.000000
-0.660138 -0.013073 0.000618 0.000000
0.154368 -0.026153 0.213926 3.000000
-0.730619 0.048990 -0.018860 2.000000
-0.881554 0.061061 0.158598 2.000000
-0.884014 0.029382 -0.002827 0.000000
-0.133565 0.026766 -0.060020 0.000000
-0.289706 -0.030479 -0.004174 0.000000
0.908963 0.004386 -0.053699 0.000000
0.029337 -0.037887 -0.500027 3.000000
-0.201740 0.015032 0.037219 0.000000
0.276266 -0.062029 0.200198 3.000000
0.178510 -0.028588 0.037970 1.000000
0.297403 -0.027215 0.217294 3.000000
0.007319 -0.039960 -0.040411 0.000000
-0.010320 -0.022760 0.030277 0.000000
0.793204 0.030495 -0.058569 0.000000
0.069486 -0.084020 0.046388 3.000000
0.233812 0.065334 0.001706 0.000000
0.025192 -0.004369 0.471113 1.000000
0.026358 -0.013876 0.058666 1.000000
0.310043 -0.006260 0.031209 0.000000
-0.105098 0.031817 -0.671450 1.000000
-0.162032 -0.001183 -0.056885 0.000000
0.019364 -0.033044 0.436973 3.000000
0.113106 -0.053481 0.065919 0.000000
0.527184 -0.030635 -0.018135 0.000000
-0.123307 0.029537 -0.662073 1.000000
-0.025421 0.015083 0.495928 1.000000
0.061611 0.066215 -0.020233 0.000000
0.113442 -0.085108 0.059935 0.000000
0.148126 -0.055372 0.235244 3.000000
-0.461776 -0.016414 0.023490 0.000000
0.146520 -0.027630 0.058122 1.000000
0.239225 0.018166 -0.061159 0.000000
0.144629 -0.038431 -0.237323 3.000000
0.895312 -0.007167 -0.050720 0.000000
-0.056608 0.024590 0.590990 1.000000
0.070315 -0.042161 -0.006479 0.000000
0.088576 -0.042161 -0.017280 0.000000
-0.150868 0.067044 -0.013783 0.000000
0.045370 -0.010482 -0.119518 1.000000
0.106811 -0.052704 -0.070743 0.000000
0.733680 -0.025506 -0.034946 0.000000
-0.171719 0.036090 -0.057274 0.000000
0.083344 -0.034339 -0.528856 3.000000
0.223684 -0.075135 -0.264158 3.000000
0.132869 -0.040452 0.483935 3.000000
0.707363 0.065568 -0.024740 0.000000
-0.006772 -0.048611 -0.491738 3.000000
0.107044 -0.005302 0.034551 0.000000
0.077205 -0.020662 -0.205022 1.000000
0.216794 -0.017606 -0.215228 3.000000
0.128077 -0.086377 -0.087088 3.000000
-0.828661 0.024771 0.005048 0.000000
0.632556 0.061527 -0.034505 0.000000
0.946703 -0.011674 -0.041888 0.000000
-0.100927 0.011405 0.510355 1.000000
-0.071269 0.027568 0.611168 1.000000
-0.077175 0.014047 0.562938 1.000000
0.173744 -0.020040 -0.237582 3.000000
-0.392280 0.033189 -0.058465 0.000000
-0.646669 0.065568 -0.005261 0.000000
0.275256 -0.075886 0.238067 3.000000
0.240779 -0.091868 -0.239032 3.000000
-0.487316 0.062045 0.009607 0.000000
0.191202 0.051477 -0.047768 0.000000
0.001284 -0.010612 0.240969 1.000000
-0.318561 0.011638 -0.060356 0.000000
0.144292 -0.050139 0.180408 3.000000
-0.686948 -0.009964 -0.002878 0.000000
0.276111 -0.068090 -0.227739 3.000000
0.888137 -0.088553 0.002017 3.000000
0.113909 -0.004007 -0.239032 1.000000
-0.017832 -0.005069 -0.361836 1.000000
-0.058447 -0.021310 0.023128 0.000000
0.202288 0.031791 0.035483 0.000000
0.690941 -0.007141 0.030717 0.000000
0.008019 -0.006208 0.259567 1.000000
0.214462 -0.068711 -0.267007 3.000000
0.728370 0.066319 -0.004122 0.000000
0.299164 -0.057988 -0.202639 3.000000
0.268599 -0.065007 -0.257553 3.000000
-0.163249 0.036194 0.718042 1.000000
-0.032519 0.003298 0.470699 1.000000
-0.119474 -0.031308 -0.013110 0.000000
0.576529 -0.009291 0.029059 0.000000
-0.099684 0.017259 0.581613 1.000000
0.573239 0.027050 0.036416 0.000000
0.033481 -0.013850 0.216283 1.000000
0.391066 0.001873 0.034577 0.000000
0.150923 -0.067054 -0.208623 3.000000
0.536846 -0.004421 0.031961 0.000000
0.444218 0.066630 -0.006505 0.000000
0.850889 0.009437 -0.057895 0.000000
0.500505 -0.018512 -0.044763 0.000000
0.104843 -0.074824 -0.082114 1.000000
0.141935 -0.000277 0.458939 3.000000
-0.852698 0.046685 -0.024662 2.000000
-0.890801 0.056916 0.122179 2.000000
0.999881 0.001588 -0.015363 0.000000
0.504468 0.056502 -0.041965 0.000000
0.016049 -0.000406 -0.336970 1.000000
-0.017133 -0.008488 -0.297805 1.000000
0.123389 -0.103887 0.046026 3.000000
-0.050521 0.017518 -0.543673 1.000000
0.300770 -0.024055 0.226256 3.000000
0.138853 -0.014938 -0.478968 3.000000
0.224305 -0.008229 0.040664 1.000000
0.135537 -0.063013 -0.207716 3.000000
0.152193 0.054766 0.020667 0.000000
0.053659 -0.011026 0.442413 3.000000
-0.303563 0.052435 0.023465 0.000000
-0.876192 0.042359 -0.025103 0.000000
-0.090463 0.014410 -0.060719 0.000000
0.154757 -0.003230 -0.501451 3.000000
0.145277 -0.004810 0.050066 1.000000
-0.727692 0.061838 -0.014431 0.000000
-0.173973 0.048006 -0.810547 1.000000
0.149965 -0.000562 0.464922 3.000000
0.001103 -0.003877 -0.314176 1.000000
0.012189 -0.017010 0.071540 1.000000
-0.021381 -0.003307 0.424722 1.000000
0.885728 -0.026076 -0.032045 0.000000
0.015582 -0.065655 -0.496893 3.000000
-0.880984 0.062615 -0.150445 2.000000
0.014417 -0.013668 0.114719 1.000000
-0.054225 0.014928 0.568766 1.000000
0.100491 -0.090133 -0.086207 3.000000
-0.881502 0.060542 -0.179689 2.000000
0.095440 -0.004551 0.444097 3.000000
-0.829179 0.047824 -0.023186 2.000000
0.521071 0.056476 0.018414 0.000000
0.014883 -0.023123 0.443086 3.000000
0.589506 0.043317 -0.054036 0.000000
-0.080413 0.023916 -0.602290 1.000000
0.035165 0.000811 -0.495131 1.000000
-0.140273 0.036246 -0.716236 1.000000
-0.129809 0.050466 0.024967 0.000000
-0.123333 -0.026853 -0.031656 0.000000
0.759272 0.052098 -0.046887 0.000000
-0.045107 -0.002789 0.362141 1.000000
-0.314235 0.056165 0.018802 0.000000
-0.381919 -0.018953 -0.044193 0.000000
0.079173 -0.084175 -0.098329 3.000000
-0.127659 0.060776 0.012689 0.000000
0.208246 -0.028277 0.036727 1.000000
0.194233 -0.024962 0.092340 1.000000
0.132869 -0.022164 0.470051 3.000000
0.871041 0.028708 -0.055331 0.000000
0.340271 -0.004551 0.031909 0.000000
0.149887 -0.001883 0.456219 3.000000
-0.907715 0.065101 0.188386 2.000000
-0.539381 -0.027967 -0.018057 0.000000
0.129476 -0.069929 0.487561 3.000000
-0.011434 -0.047938 0.454794 3.000000
-0.866427 0.056010 0.073172 2.000000
0.670633 0.008401 -0.059942 0.000000
-0.837597 0.068495 -0.009587 2.000000
-0.451882 0.061061 0.012041 0.000000
0.029337 -0.013876 0.460700 3.000000
0.387777 -0.000354 -0.057222 0.000000
0.217389 -0.018383 0.189656 3.000000
0.711818 -0.021102 0.017792 0.000000
0.145898 -0.051149 -0.254393 3.000000
-0.859899 0.105173 -0.010546 2.000000
0.242437 -0.013824 -0.223206 3.000000
0.202444 -0.057314 -0.268898 3.000000
0.391403 0.064169 0.004556 0.000000
-0.531506 0.015006 0.036105 0.000000
-0.079584 0.014280 0.511288 1.000000
0.992006 0.009955 -0.016115 0.000000
-0.009258 0.066863 -0.008396 0.000000
0.080080 -0.000976 0.479816 3.000000
-0.724817 0.058341 -0.027434 0.000000
-0.295585 0.066137 -0.002749 0.000000
0.260595 -0.056175 -0.192874 3.000000
-0.688605 0.009022 0.021341 0.000000
0.119633 -0.044855 -0.451278 3.000000
0.568162 0.019383 0.037426 0.000000
-0.397952 0.030314 0.035975 0.000000
-0.021381 0.003557 -0.415999 1.000000
0.229072 0.034148 -0.058077 0.000000
0.081582 -0.000173 -0.329976 1.000000
-0.512209 0.066034 -0.021554 0.000000
-0.364409 0.052098 0.023724 0.000000
0.095751 -0.007426 -0.065692 1.000000
0.020038 -0.039182 -0.044374 0.000000
0.052494 -0.006157 -0.401364 1.000000
0.735674 -0.001986 0.032971 0.000000
0.024881 0.057952 0.016497 0.000000
0.074433 -0.071483 -0.473062 3.000000
0.550678 -0.010431 -0.051757 0.000000
0.207546 -0.015223 0.202011 1.000000
0.591734 0.059973 -0.037432 0.000000
-0.024308 -0.001106 -0.370410 1.000000
0.572825 -0.024159 -0.037407 0.000000
0.083033 -0.007685 0.071514 1.000000
0.122482 -0.040529 -0.222222 3.000000
-0.855055 0.053367 0.105653 2.000000
0.653667 0.043369 0.030406 0.000000
0.111344 -0.060604 0.204265 3.000000
-0.578597 -0.017191 0.013881 0.000000
0.589661 -0.014394 -0.048726 0.000000
-0.052775 -0.000380 -0.422992 1.000000
-0.676069 -0.012555 -0.009768 0.000000
-0.871037 0.116984 -0.012462 2.000000
0.349674 0.031273 -0.059268 0.000000
0.076946 -0.090780 -0.106825 3.000000
-0.158638 -0.019186 -0.043882 0.000000
0.068994 -0.001391 0.358022 1.000000
0.147401 -0.041099 -0.483423 3.000000
0.112924 0.065179 -0.025673 0.000000
0.086944 -0.079694 -0.085508 3.000000
0.080753 -0.024029 -0.143167 1.000000
0.077671 -0.025454 0.066696 1.000000
-0.036145 -0.002297 0.374626 1.000000
0.025736 0.005836 0.427441 1.000000
0.100128 -0.067442 0.492224 3.000000
0.137739 -0.098525 -0.107136 3.000000
-0.840498 0.046944 0.056283 2.000000
0.020556 -0.014135 0.168856 1.000000
0.358066 0.063521 0.006110 0.000000
0.085571 -0.075291 -0.480004 3.000000
0.247462 -0.088242 0.190407 3.000000
-0.939550 0.068417 0.201441 2.000000
-0.101912 0.016275 0.553147 1.000000
0.041744 -0.015663 -0.207535 1.000000
0.144940 -0.013176 0.217164 1.000000
0.267925 -0.020895 0.229986 3.000000
0.125720 -0.025946 0.088558 1.000000
0.117561 -0.062469 0.212009 3.000000
0.084276 -0.003048 0.235995 1.000000
0.017240 0.004541 0.467616 1.000000
-0.923930 0.061553 -0.168992 2.000000
0.117328 -0.050606 0.198100 3.000000
0.030969 -0.032862 -0.050928 0.000000
0.461625 -0.021646 -0.040670 0.000000
0.306986 -0.045451 -0.201707 3.000000
0.281395 -0.080290 0.233068 3.000000
0.156648 -0.043197 0.438916 3.000000
0.425335 -0.005172 -0.055228 0.000000
0.143956 -0.035064 -0.049166 0.000000
0.408499 -0.030427 -0.019767 0.000000
0.146934 -0.026361 -0.473088 3.000000
-0.825552 0.046270 0.054366 2.000000
-0.911031 0.065853 0.161681 2.000000
-0.758801 0.112943 -0.014276 2.000000
0.315612 -0.027915 -0.041214 0.000000
-0.815347 0.045105 0.042995 2.000000
0.950536 -0.021387 0.008104 0.000000
-0.160762 0.035857 -0.725975 1.000000
0.296315 -0.029132 0.195173 3.000000
-0.341122 -0.022009 0.016626 0.000000
-0.837364 0.057097 -0.013991 2.000000
0.035139 -0.017580 0.075451 1.000000
-0.055572 0.016767 0.515769 1.000000
0.014494 0.003375 -0.487283 1.000000
-0.894686 0.041478 -0.023160 0.000000
0.297195 -0.068271 0.233716 3.000000
0.032704 -0.042161 0.002898 0.000000
-0.409764 -0.022449 -0.039634 0.000000
0.218400 -0.042161 -0.012359 0.000000
-0.009129 -0.010845 -0.261257 1.000000
0.127456 -0.004343 -0.188937 1.000000
0.126109 -0.060630 -0.245119 3.000000
-0.488715 0.066785 -0.007852 0.000000
0.283337 -0.062754 -0.232064 3.000000
0.133413 -0.000821 0.453758 3.000000
0.055058 -0.038923 -0.044789 0.000000
-0.234274 0.041893 -0.054865 0.000000
-0.010294 -0.004758 -0.485366 1.000000
0.486336 -0.023796 0.014295 0.000000
0.003797 -0.015197 -0.154486 1.000000
-0.863551 0.048446 0.018258 2.000000
0.120177 -0.027604 0.030432 0.000000
0.095595 -0.006830 -0.093201 1.000000
-0.114915 -0.005276 0.031624 0.000000
0.901658 -0.030142 -0.006660 0.000000
0.137299 -0.046021 0.194448 3.000000
0.047779 0.003609 -0.385926 1.000000
-0.747068 0.043006 0.015642 0.000000
0.166750 -0.023356 -0.149202 1.000000
-0.855677 0.045908 -0.062843 2.000000
0.105361 -0.020636 -0.205670 1.000000
-0.404324 0.065827 -0.023186 0.000000
0.128259 0.066578 -0.006246 0.000000
0.359258 0.066241 -0.003604 0.000000
0.161129 -0.067105 0.464016 3.000000
0.378426 -0.000173 0.033722 0.000000
0.070263 -0.013876 0.280211 1.000000
-0.235958 0.018451 0.037530 0.000000
0.049074 -0.018020 0.437414 3.000000
0.316467 0.054999 0.020330 0.000000
0.623413 0.041919 -0.054865 0.000000
0.185322 -0.021569 -0.153735 1.000000
0.139863 -0.029702 0.477796 3.000000
0.055006 -0.009576 0.337378 1.000000
0.281213 -0.021776 -0.211446 3.000000
-0.067435 0.046607 -0.051523 0.000000
0.008951 -0.014135 0.162302 1.000000
0.242955 -0.002608 -0.057895 0.000000
-0.518115 0.034277 0.033929 0.000000
0.068631 -0.014549 -0.294878 1.000000
-0.308226 0.061138 0.011834 0.000000
-0.433491 -0.015378 0.024397 0.000000
0.125202 -0.037861 0.201415 3.000000
-0.787760 0.026247 0.012482 0.000000
-0.303900 0.014539 0.037167 0.000000
-0.876995 0.058755 -0.120709 2.000000
0.067439 -0.001183 0.271067 1.000000
-0.773229 0.062226 -0.017280 2.000000
0.885883 -0.039726 -0.029429 0.000000
-0.741265 0.010291 -0.035438 0.000000
-0.097405 0.017130 -0.609154 1.000000
0.138827 0.006691 -0.059709 0.000000
0.156000 -0.028770 0.037685 1.000000
0.063554 -0.012891 0.293421 1.000000
-0.926650 0.060568 0.133835 2.000000
-0.118852 0.024719 -0.671062 1.000000
0.124736 -0.024392 -0.527069 3.000000
0.277173 -0.072493 -0.250196 3.000000
0.163901 -0.038302 0.195924 3.000000
0.070263 -0.006208 0.173259 1.000000
0.006232 -0.058221 0.448992 3.000000
0.076117 -0.061925 0.495721 3.000000
0.147763 -0.042705 0.455028 3.000000
-0.080413 0.009126 0.036442 0.000000
0.170713 0.055906 0.019165 0.000000
0.138594 -0.042628 0.202607 3.000000
-0.209123 0.048265 0.810437 1.000000
-0.626543 -0.016051 0.006369 0.000000
0.334081 0.046244 0.028205 0.000000
0.085701 -0.040348 0.018698 0.000000
0.922821 0.048705 -0.025310 0.000000
0.244043 -0.023589 -0.061392 1.000000
0.274505 -0.036048 0.187247 3.000000
-0.783694 0.031972 -0.037432 0.000000
-0.067125 0.026843 -0.643320 1.000000
-0.324026 -0.014083 0.025381 0.000000
0.131289 -0.041306 0.427985 3.000000
0.268832 -0.065448 -0.195516 3.000000
0.006853 0.008660 0.438191 1.000000
0.217726 -0.088631 -0.216860 3.000000
-0.245412 0.050777 0.024734 0.000000
0.038040 0.053342 -0.046084 0.000000
0.214773 -0.038276 0.022092 0.000000
0.336593 -0.026801 0.008234 0.000000
0.147116 -0.035478 0.478780 3.000000
-0.470169 0.037334 0.033074 0.000000
-0.577380 0.048912 -0.048286 0.000000
-0.559196 0.043784 -0.052611 0.000000
0.843973 -0.030945 -0.015907 0.000000
0.482554 0.018321 -0.061133 0.000000
0.148722 -0.004369 0.104073 1.000000
0.303516 0.067122 -0.010338 0.000000
-0.826511 0.151979 -0.014949 2.000000
-0.530211 -0.005820 0.029759 0.000000
0.086711 -0.035504 -0.048752 0.000000
-0.010838 -0.019263 -0.054969 0.000000
0.304189 -0.083113 -0.221859 3.000000
0.623335 -0.021646 0.017118 0.000000
-0.051143 -0.026672 0.021081 0.000000
0.137661 -0.057496 -0.475523 3.000000
-0.847052 0.049586 -0.100531 2.000000
0.017499 0.007727 -0.466302 1.000000
0.083888 -0.022942 0.140285 1.000000
-0.861117 0.056113 -0.095480 2.000000
0.133077 -0.104146 -0.071676 3.000000
-0.581498 -0.011622 -0.044348 0.000000
-0.075621 0.026144 0.595860 1.000000
0.014676 0.006277 -0.431437 1.000000
-0.851662 0.044612 0.029500 2.000000
0.074770 -0.092283 -0.085637 3.000000
0.812942 -0.031256 -0.013550 0.000000
-0.861065 0.047539 0.051543 2.000000
-0.529123 0.065801 -0.023212 0.000000
-0.094245 0.014384 -0.562271 1.000000
0.051380 -0.039338 0.431327 3.000000
0.065600 -0.022009 -0.162646 1.000000
0.012345 -0.007530 0.367710 1.000000
0.143671 -0.032526 0.453370 3.000000
-0.653300 0.028320 -0.052585 0.000000
0.100621 -0.003515 -0.312078 1.000000
-0.528217 -0.011752 -0.048855 0.000000
-0.087950 0.031687 -0.675931 1.000000
-0.114086 0.025729 -0.679324 1.000000
0.153954 -0.024522 0.109642 1.000000
0.083499 -0.022164 0.154609 1.000000
0.150716 -0.009913 -0.237141 1.000000
-0.202362 0.017078 -0.061082 0.000000
0.027938 -0.011000 -0.168189 1.000000
-0.546970 0.012623 0.035017 0.000000
-0.029773 -0.003022 -0.391417 1.000000
0.078085 -0.024496 0.105679 1.000000
0.029337 -0.021698 0.485204 3.000000
0.799965 0.003816 -0.058465 0.000000
0.109194 -0.000898 -0.474046 3.000000
-0.875777 0.048835 0.055014 2.000000
-0.055779 0.019513 0.598891 1.000000
0.012034 -0.010457 -0.237685 1.000000
0.176981 -0.022579 -0.228283 3.000000
0.966803 0.008167 0.015979 0.000000
0.201174 -0.029055 0.025796 1.000000
0.033947 -0.014264 0.200405 1.000000
0.111241 -0.025454 -0.120580 1.000000
0.272044 -0.071975 -0.217818 3.000000
0.016593 0.006924 0.421147 1.000000
0.089716 -0.080989 0.043254 3.000000
-0.848891 0.150735 -0.014379 2.000000
0.065030 -0.009110 0.075322 1.000000
-0.047724 0.021326 0.552188 1.000000
0.929348 -0.025998 0.003882 0.000000
0.086633 -0.021180 0.172560 1.000000
-0.019334 0.009722 -0.546807 1.000000
0.056483 0.019694 0.037374 0.000000
-0.030628 0.007572 -0.461717 1.000000
0.362625 0.046892 -0.051290 0.000000
0.208324 -0.057910 -0.194117 3.000000
0.039490 -0.011363 -0.112136 1.000000
0.076635 -0.089174 -0.063516 3.000000
-0.756004 0.056942 0.001525 0.000000
0.132895 -0.062806 -0.226003 3.000000
-0.932893 0.064324 0.160904 2.000000
-0.191638 0.042903 0.766144 1.000000
0.413835 -0.016026 -0.047483 0.000000
-0.043916 0.000526 0.450365 1.000000
0.651413 -0.000303 -0.057248 0.000000
0.134812 -0.040037 -0.223206 3.000000
0.220368 -0.018642 0.033437 0.000000
-0.900178 0.055517 0.103245 2.000000
-0.943642 0.069064 -0.228412 2.000000
0.331905 0.011017 -0.060279 0.000000
0.690682 -0.030324 -0.020518 0.000000
0.272148 -0.054672 0.195225 3.000000
0.081556 -0.012891 -0.314564 1.000000
0.157684 -0.052755 -0.521811 3.000000
0.148514 -0.078762 0.220635 3.000000
0.977216 -0.023071 -0.013680 0.000000
-0.098104 0.027491 0.668309 1.000000
-0.075854 0.009566 -0.060097 0.000000
0.745465 0.039302 -0.055927 0.000000
0.076065 -0.025325 -0.071339 1.000000
0.278209 -0.070576 0.204834 3.000000
0.026021 -0.005380 0.395167 1.000000
-0.095203 0.014151 0.535326 1.000000
0.102693 -0.006234 0.075788 1.000000
0.086763 -0.007737 -0.081415 1.000000
0.169055 -0.034416 -0.205022 3.000000
-0.568832 -0.025350 -0.018239 0.000000
-0.746368 0.077612 -0.017203 2.000000
-0.903545 0.061164 0.154609 2.000000
0.149317 -0.029935 0.430446 3.000000
0.547777 0.059247 -0.038365 0.000000
0.148825 -0.020040 -0.205773 1.000000
-0.827417 0.055725 -0.091206 2.000000
-0.107714 0.027413 0.668646 1.000000
-0.149106 0.057305 0.017326 0.000000
0.057052 -0.019807 -0.093434 1.000000
-0.639572 -0.017321 -0.003681 0.000000
-0.905332 0.039587 -0.001557 0.000000
-0.006746 0.002598 0.466088 1.000000
-0.506199 0.067070 -0.009898 0.000000
0.310898 -0.026516 -0.245637 3.000000
-0.664335 -0.003126 -0.039815 0.000000
0.297273 -0.058817 -0.260350 3.000000
-0.637733 -0.016854 -0.023678 0.000000
0.163901 -0.053014 -0.241959 3.000000
0.154990 -0.014756 -0.475730 3.000000
0.163901 -0.029003 -0.230666 3.000000
0.068709 -0.038354 -0.045566 0.000000
-0.019542 0.011897 0.467823 1.000000
0.112562 -0.044311 0.057267 0.000000
-0.101005 0.034821 0.682634 1.000000
-0.485607 0.000319 -0.056963 0.000000
-0.891915 0.213782 -0.013006 2.000000
0.208893 0.008556 -0.059968 0.000000
-0.072124 -0.013953 0.025485 0.000000
-0.303900 0.067225 -0.011167 0.000000
0.197988 -0.042058 -0.035801 0.000000
0.090260 -0.072441 -0.065122 3.000000
-0.685678 0.064687 -0.010494 2.000000
0.142971 -0.027371 -0.526499 3.000000
0.528091 0.039769 -0.055746 0.000000
0.300407 -0.004836 0.031805 0.000000
-0.915978 0.063288 0.145751 2.000000
0.179209 -0.075472 0.182740 3.000000
0.763546 0.065542 -0.002334 0.000000
0.279659 -0.047860 0.205896 3.000000
0.193041 -0.088501 0.203203 3.000000
0.046899 -0.017398 -0.227739 1.000000
0.235340 -0.085108 0.231255 3.000000
0.081012 -0.074928 -0.500208 3.000000
0.193948 -0.084719 0.190743 3.000000
0.008718 -0.010664 0.472279 3.000000
-0.823195 0.112633 -0.008370 2.000000
0.151286 -0.044648 0.467202 3.000000
-0.909192 0.062744 -0.162542 2.000000
0.272329 -0.017735 0.193386 3.000000
0.666229 0.052746 -0.046783 0.000000
0.043609 -0.000070 0.459690 1.000000
-0.060131 0.019850 -0.564706 1.000000
0.951262 -0.025299 -0.024196 0.000000
0.200294 -0.018849 0.193178 3.000000
0.236868 -0.010534 -0.058025 0.000000
0.350062 0.055880 0.019217 0.000000
0.063347 0.061527 0.010928 0.000000
-0.280044 -0.031386 -0.011090 0.000000
-0.060390 0.023968 -0.599700 1.000000
-0.936001 0.064946 -0.193573 2.000000
0.635949 0.061993 0.009814 0.000000
-0.153225 0.037489 -0.769025 1.000000
-0.438231 0.061941 -0.033521 0.000000
-0.095851 0.018140 0.037581 0.000000
0.274531 -0.080704 0.217475 3.000000
-0.858034 0.052176 -0.012385 2.000000
0.429324 -0.031412 -0.011297 0.000000
-0.675058 0.049119 0.019579 0.000000
-0.652549 0.065956 -0.013783 0.000000
-0.368786 -0.025091 -0.035930 0.000000
0.167786 -0.010197 0.473522 3.000000
-0.003042 -0.048533 0.468808 3.000000
-0.889117 0.226008 -0.013006 2.000000
-0.498144 0.063029 0.007198 0.000000
0.703970 0.053108 -0.046369 0.000000
0.300459 -0.080808 0.227162 3.000000
0.290694 -0.036152 -0.038702 0.000000
0.084690 -0.006830 -0.124957 1.000000
-0.073523 0.002857 -0.462131 1.000000
-0.015941 0.011069 -0.484019 1.000000
-0.677804 0.056087 -0.006712 2.000000
0.655506 0.021585 0.037115 0.000000
0.802684 0.014073 -0.059968 0.000000
0.858194 0.055673 -0.034609 0.000000
0.026228 -0.003411 -0.443015 1.000000
0.101734 -0.076819 0.469688 3.000000
0.127378 0.001510 0.470543 3.000000
0.683299 0.061838 0.010177 0.000000
-0.006279 -0.004965 0.402860 1.000000
0.151286 -0.004499 0.070400 1.000000
0.724510 0.039432 0.032323 0.000000
0.092358 -0.071820 0.485929 3.000000
0.329781 0.057797 0.016704 0.000000
-0.409246 0.015731 -0.060900 0.000000
-0.797344 0.092921 -0.016115 2.000000
-0.017366 -0.006623 0.286272 1.000000
0.091840 -0.005043 0.174114 1.000000
0.120617 -0.005742 0.051880 1.000000
0.141909 -0.099225 -0.065252 3.000000
-0.046584 0.000500 0.467072 1.000000
-0.825112 0.135660 -0.015156 2.000000
-0.890102 0.066500 -0.182306 2.000000
-0.420980 0.013426 0.037012 0.000000
-0.010786 -0.033121 -0.474487 3.000000
-0.837442 0.099863 -0.009173 2.000000
0.235832 -0.023252 0.051180 1.000000
-0.047180 0.027957 -0.059864 0.000000
-0.357959 0.045674 0.028645 0.000000
0.163020 -0.004343 -0.123662 1.000000
-0.075388 0.021896 -0.585169 1.000000
-0.176718 0.050829 0.808727 1.000000
0.256217 -0.030168 0.027531 0.000000
0.033326 0.010317 0.036597 0.000000
-0.864070 0.061630 -0.137416 2.000000
0.131833 -0.004499 0.183957 1.000000
-0.058059 0.013400 0.557498 1.000000
-0.101938 0.028734 0.622695 1.000000
0.018561 -0.021621 -0.464670 3.000000
0.171671 -0.031671 -0.051731 0.000000
0.885987 0.021378 -0.055616 0.000000
-0.068057 0.008582 0.036390 0.000000
-0.050573 0.014047 -0.517304 1.000000
-0.244946 0.060646 -0.036578 0.000000
0.786961 0.065697 -0.008370 0.000000
0.103237 -0.005975 0.293629 1.000000
-0.014801 -0.005431 0.336601 1.000000
-0.035083 -0.001391 -0.380331 1.000000
0.170428 -0.049207 -0.199375 3.000000
-0.872151 0.063677 0.131815 2.000000
0.069123 -0.017424 -0.256050 1.000000
0.269428 -0.034468 -0.197899 3.000000
0.057700 0.055569 0.019605 0.000000
0.152037 0.027879 -0.059864 0.000000
-0.280795 -0.011622 0.027272 0.000000
0.126679 -0.057496 -0.215590 3.000000
0.053918 -0.014938 0.266405 1.000000
-0.024049 -0.003256 0.325851 1.000000
0.139345 -0.079280 0.202918 3.000000
0.073837 -0.003644 0.231385 1.000000
0.840554 0.058859 0.007120 0.000000
0.194958 -0.022113 -0.137934 1.000000
0.868788 -0.025972 -0.033236 0.000000
0.009392 0.001536 0.460363 1.000000
-0.290249 0.044897 0.029241 0.000000
0.131082 -0.017761 0.219366 1.000000
0.144862 -0.037007 -0.503834 3.000000
-0.171564 0.041116 0.772697 1.000000
0.286472 0.031842 -0.059035 0.000000
0.914091 0.003764 0.029422 0.000000
0.044878 -0.055657 -0.461173 3.000000
-0.066399 0.058470 -0.039401 0.000000
-0.112920 0.065749 -0.023678 0.000000
-0.806436 0.137370 -0.008214 2.000000
0.095077 -0.028744 -0.052844 1.000000
-0.459290 -0.030298 -0.020570 0.000000
0.004548 -0.050346 -0.466302 3.000000
0.136755 -0.026853 -0.464851 3.000000
0.139215 -0.004214 -0.509222 3.000000
-0.462528 0.067122 -0.010209 0.000000
0.131833 0.000604 -0.481636 3.000000
0.087592 -0.023745 -0.149409 1.000000
-0.603904 0.066241 -0.019896 0.000000
0.163124 0.066241 -0.020000 0.000000
-0.551917 0.037567 0.031831 0.000000
-0.031016 -0.043897 0.467254 3.000000
0.194699 -0.026542 0.067525 1.000000
-0.206092 -0.029676 0.001266 0.000000
0.167009 -0.046953 -0.263407 3.000000
0.420543 0.033267 -0.058439 0.000000
0.699773 0.034122 -0.058077 0.000000
0.109168 -0.005613 -0.466017 3.000000
-0.112946 0.016612 0.553354 1.000000
0.001750 -0.012917 0.203591 1.000000
0.897410 0.040468 -0.045410 0.000000
0.071118 0.001044 0.324090 1.000000
0.202988 -0.089770 0.213771 3.000000
-0.123437 0.022440 -0.627131 1.000000
0.772042 0.041116 0.031054 0.000000
0.099092 -0.056175 0.212605 3.000000
-0.044201 0.058574 -0.039272 0.000000
0.847858 -0.022527 -0.038753 0.000000
0.249457 -0.041177 -0.022305 0.000000
0.147711 -0.079927 -0.233075 3.000000
0.279892 -0.054310 -0.223672 3.000000
-0.139937 -0.025791 -0.034221 0.000000
0.274323 -0.065862 -0.208700 3.000000
0.059565 -0.009524 -0.101593 1.000000
-0.056271 0.004878 -0.512020 1.000000
0.084250 -0.075187 -0.094755 3.000000
-0.900696 0.062252 -0.189636 2.000000
0.153151 -0.062210 0.233664 3.000000
0.013691 -0.060423 -0.506969 3.000000
0.121809 -0.021621 -0.186839 1.000000
-0.182521 0.040468 -0.772263 1.000000
0.173562 -0.039778 0.433969 3.000000
-0.057515 0.007105 0.450520 1.000000
0.849361 0.054533 -0.037407 0.000000
0.126730 -0.041203 -0.232324 3.000000
-0.752274 0.014773 -0.036604 0.000000
0.180012 -0.007866 -0.058129 0.000000
0.115903 -0.028044 0.050559 1.000000
-0.322187 0.040494 -0.055461 0.000000
-0.018557 -0.007348 -0.314771 1.000000
0.426838 0.027387 0.036364 0.000000
-0.774006 0.011716 0.005514 0.000000
0.749221 -0.031386 -0.012514 0.000000
-0.466076 -0.025040 0.011912 0.000000
0.211898 -0.081585 0.182791 3.000000
-0.592455 -0.003126 -0.049917 0.000000
0.733887 0.057616 0.016937 0.000000
-0.773229 0.021430 0.012844 0.000000
0.272458 -0.015119 -0.237323 3.000000
0.005843 -0.033665 0.493312 3.000000
-0.061115 0.006251 -0.471301 1.000000
0.220498 -0.034986 -0.266748 3.000000
0.122120 -0.005043 0.235400 1.000000
0.347395 -0.026179 -0.033314 0.000000
0.060549 -0.021880 0.433399 3.000000
0.707078 0.007028 0.036183 0.000000
-0.090126 0.067174 -0.012903 0.000000
0.146624 -0.004473 -0.110866 1.000000
0.260465 0.056113 0.018880 0.000000
-0.131700 0.026636 0.643262 1.000000
0.132869 -0.012399 0.463265 3.000000
0.307971 -0.024237 0.211543 3.000000
0.186410 -0.028122 -0.067868 1.000000
-0.090152 0.005551 -0.059553 0.000000
0.106371 -0.033251 -0.072867 0.000000
0.114090 0.059455 0.014528 0.000000
0.090803 -0.022009 -0.181554 1.000000
0.104739 -0.071975 0.486292 3.000000
0.071921 -0.073581 0.455312 3.000000
0.029337 -0.025765 -0.473218 3.000000
0.087851 -0.025558 -0.452444 3.000000
0.068890 -0.021491 -0.187745 1.000000
0.025840 -0.017295 -0.093123 1.000000
0.291497 0.013322 -0.060589 0.000000
0.092099 -0.015922 0.250863 1.000000
0.027446 -0.042161 -0.018213 0.000000
0.067051 0.000008 -0.492489 3.000000
-0.137554 -0.013124 -0.049684 0.000000
-0.936674 0.066422 0.184164 2.000000
0.034958 -0.047601 0.435549 3.000000
0.138076 0.050000 -0.048907 0.000000
-0.388368 0.055906 -0.042742 0.000000
0.192989 -0.079591 -0.256154 3.000000
