0.142377 0.089616 -0.004399 0.000000
0.028236 -0.067009 0.055673 0.000000
-0.763422 0.055118 0.077280 2.000000
-0.068083 -0.051300 0.075192 0.000000
0.159809 -0.006546 -0.316239 1.000000
0.288016 -0.019985 -0.170313 1.000000
-0.099397 -0.017976 0.064780 0.000000
0.503199 0.028918 0.071904 0.000000
0.302499 0.087267 0.009014 0.000000
0.360926 -0.053492 0.326439 3.000000
-0.819971 0.260123 -0.000067 2.000000
-0.278386 0.066104 -0.057477 0.000000
-0.100128 -0.072411 0.026394 0.000000
0.019207 -0.010304 0.389538 1.000000
0.218889 -0.069253 -0.553629 3.000000
0.504034 0.082518 -0.030729 0.000000
-0.055191 -0.001170 0.070678 0.000000
0.851390 -0.003467 -0.066871 0.000000
0.455888 -0.051795 0.050454 0.000000
0.580885 0.025995 0.072661 0.000000
-0.080113 0.085806 0.014181 0.000000
-0.199212 -0.026170 -0.068907 0.000000
-0.533208 0.072445 0.038085 0.000000
0.031967 0.000213 -0.444133 1.000000
-0.349809 0.081370 -0.032921 0.000000
-0.071162 0.011721 0.694959 1.000000
-0.660867 0.069313 -0.041167 0.000000
-0.223585 0.069261 0.047322 0.000000
0.026539 -0.003336 -0.430642 1.000000
0.701785 0.070905 0.044217 0.000000
0.381046 -0.097228 -0.301521 3.000000
0.260850 -0.047725 -0.551751 3.000000
-0.074502 0.028135 0.072087 0.000000
0.439630 0.064564 -0.059069 0.000000
-0.796850 0.053604 0.083204 2.000000
-0.068187 0.027248 0.696995 1.000000
-0.609015 0.049220 0.048419 2.000000
0.067875 -0.029614 -0.383148 1.000000
-0.012525 -0.058084 0.106872 1.000000
-0.819135 0.074533 0.215560 2.000000
-0.028104 0.005980 0.517719 1.000000
-0.194985 0.020593 0.768548 1.000000
0.286554 -0.062703 -0.123107 1.000000
-0.011795 -0.050621 -0.175167 1.000000
0.168159 -0.054849 -0.183205 1.000000
0.487359 -0.033790 0.060788 0.000000
-0.824720 0.060284 0.140509 2.000000
-0.799172 0.154019 -0.005208 2.000000
0.260694 -0.030658 0.297134 1.000000
-0.299810 0.047419 -0.071073 0.000000
-0.046554 0.017488 0.591699 1.000000
-0.085410 -0.003623 0.578704 1.000000
-0.600560 0.079178 0.025481 0.000000
-0.830017 0.083014 0.269630 2.000000
0.297802 -0.065809 -0.085973 1.000000
0.100520 -0.021968 0.436092 1.000000
-0.155111 -0.000231 0.601955 1.000000
0.285484 -0.071759 0.031143 0.000000
0.013883 -0.023717 0.065120 0.000000
-0.628430 -0.001170 0.049723 0.000000
0.043762 0.004179 0.071356 0.000000
0.107253 -0.120635 0.121825 3.000000
-0.768328 0.065660 -0.032817 0.000000
-0.003079 -0.033946 0.337765 1.000000
-0.747999 0.043088 -0.024649 2.000000
-0.661545 0.025812 0.048784 0.000000
0.143891 -0.032981 -0.360210 1.000000
-0.717181 0.048176 -0.062409 2.000000
0.017328 -0.022699 0.430299 1.000000
0.583416 -0.072515 -0.027467 0.000000
0.165654 -0.043106 -0.279236 1.000000
0.038517 -0.040340 0.288131 1.000000
0.005585 -0.009417 -0.410548 1.000000
0.114612 -0.115390 -0.118644 3.000000
0.135149 -0.021525 0.520563 1.000000
0.331282 -0.096027 -0.323885 3.000000
0.743094 0.042174 -0.070629 0.000000
-0.090316 0.009268 0.580974 1.000000
-0.503485 0.074767 -0.042550 0.000000
0.402183 0.000004 -0.077074 0.000000
0.650821 0.040087 0.068173 0.000000
0.513428 -0.075307 -0.017525 0.000000
0.219072 -0.011922 0.237871 1.000000
-0.002505 0.037607 0.069190 0.000000
-0.149083 -0.010408 -0.525890 1.000000
-0.517890 0.039356 -0.041637 0.000000
-0.022259 -0.000988 -0.479310 1.000000
-0.162261 -0.000100 0.070808 0.000000
-0.275802 0.074872 -0.044742 0.000000
-0.404557 -0.056440 -0.028093 0.000000
-0.393936 0.046689 0.065146 0.000000
0.441222 -0.073742 -0.024336 0.000000
-0.020667 -0.029536 -0.378607 1.000000
0.768407 -0.071289 0.022506 0.000000
-0.792962 0.324422 0.000299 2.000000
-0.708961 0.197416 0.002595 2.000000
-0.058740 -0.064765 0.061492 0.000000
0.144595 -0.003780 -0.076292 0.000000
0.002845 0.017932 -0.597365 1.000000
0.219776 -0.034390 0.528366 1.000000
-0.016727 0.088389 -0.010087 0.000000
0.117769 -0.026065 -0.538624 3.000000
0.254483 -0.061346 -0.132762 1.000000
-0.715615 0.000917 0.007631 0.000000
0.202344 0.014095 0.072609 0.000000
0.301768 -0.074890 0.013033 0.000000
-0.343781 -0.023404 -0.069324 0.000000
-0.636676 0.065582 -0.046543 0.000000
-0.123222 0.015322 0.639480 1.000000
0.268627 -0.002475 -0.076657 0.000000
0.853687 -0.013174 0.058048 0.000000
-0.032749 -0.034677 0.286252 1.000000
0.100129 -0.139815 0.142310 3.000000
-0.813551 0.060859 -0.151212 2.000000
0.793641 0.069418 0.035449 0.000000
0.140316 -0.020716 0.242360 1.000000
0.609746 -0.042506 -0.063061 0.000000
0.254457 -0.094931 0.318819 3.000000
-0.626264 0.040347 -0.059356 0.000000
0.444562 -0.013592 -0.073056 0.000000
0.022286 -0.047907 -0.163450 1.000000
0.124162 -0.048377 -0.234117 1.000000
-0.052504 -0.042897 -0.071386 0.000000
-0.032149 -0.036399 0.316053 1.000000
0.056053 -0.121001 -0.120341 3.000000
-0.104460 -0.021368 0.417147 1.000000
0.564575 -0.037521 -0.065332 0.000000
-0.120482 0.009268 -0.687734 1.000000
0.262103 -0.064661 -0.105101 1.000000
-0.139897 -0.066383 0.041007 0.000000
-0.241148 -0.048664 -0.058129 0.000000
0.302003 0.060702 0.056482 0.000000
0.000705 -0.038904 0.297839 1.000000
0.359335 -0.039426 0.299718 3.000000
0.518334 0.070122 0.050506 0.000000
0.271732 0.016992 0.072974 0.000000
0.152398 -0.025335 -0.517748 3.000000
0.075599 -0.044671 -0.510389 3.000000
0.190001 0.022107 -0.079266 0.000000
0.274342 -0.045011 -0.312012 1.000000
0.263147 -0.020063 -0.154734 1.000000
0.097884 0.003579 0.411197 1.000000
0.343886 0.017488 0.073027 0.000000
-0.039560 -0.001249 -0.489983 1.000000
0.171839 -0.017950 -0.242467 1.000000
0.015866 0.017749 -0.571400 1.000000
-0.041596 0.013730 0.568631 1.000000
-0.456252 -0.010800 0.067677 0.000000
0.099137 -0.033972 0.300057 1.000000
0.190915 -0.021029 0.519754 3.000000
-0.201169 -0.062729 0.038346 0.000000
-0.681613 0.047863 0.054864 2.000000
0.689416 -0.036164 0.059352 0.000000
0.243941 0.028996 -0.078118 0.000000
-0.125179 -0.017428 0.456969 1.000000
0.048460 0.083196 -0.028589 0.000000
0.499806 0.077090 0.034614 0.000000
0.280683 -0.066252 -0.072221 0.000000
-0.500223 -0.041540 0.029708 0.000000
0.656640 -0.074890 0.013059 0.000000
-0.017849 -0.033320 -0.289726 1.000000
-0.695130 0.051647 -0.034748 2.000000
-0.118786 0.007598 -0.674138 1.000000
0.362649 -0.097854 -0.298259 3.000000
0.271054 -0.064608 0.099748 1.000000
0.080870 -0.128829 -0.113138 3.000000
0.469823 0.018192 -0.079266 0.000000
-0.774095 0.259079 0.001734 2.000000
0.017119 0.072471 0.042260 0.000000
0.361448 -0.050726 0.277693 3.000000
0.693434 -0.021342 0.063084 0.000000
0.009369 -0.016593 0.359815 1.000000
0.502833 0.087476 -0.014237 0.000000
-0.682134 0.032597 -0.052101 0.000000
-0.688476 0.069679 0.137430 2.000000
-0.823598 0.293525 -0.006617 2.000000
0.372956 0.033041 -0.076970 0.000000
-0.707082 0.176722 0.003482 2.000000
0.048512 -0.104091 0.110943 3.000000
-0.093030 0.006371 -0.666153 1.000000
-0.877276 0.078447 -0.273547 2.000000
-0.002035 -0.059885 0.124461 1.000000
-0.170064 0.036825 -0.801353 1.000000
0.163593 -0.022021 0.218717 1.000000
0.222829 0.019132 0.073027 0.000000
-0.365962 0.058901 -0.064288 0.000000
-0.371468 -0.064347 0.000951 0.000000
0.915115 0.046845 -0.001032 0.000000
0.203336 -0.030971 0.118667 1.000000
0.316147 0.077951 -0.039288 0.000000
0.095588 -0.010904 -0.336098 1.000000
-0.536913 0.030718 -0.008913 0.000000
-0.788734 0.301198 0.000847 2.000000
0.945073 0.024977 0.000220 0.000000
0.231937 -0.050151 -0.295728 3.000000
0.141960 -0.028936 -0.384113 1.000000
-0.838785 0.075028 0.228581 2.000000
0.411056 0.008198 -0.078118 0.000000
0.113724 -0.050621 -0.215459 1.000000
-0.072414 -0.032563 -0.333671 1.000000
0.119517 -0.041305 0.115640 1.000000
-0.173247 0.012634 0.072426 0.000000
-0.022233 0.003449 0.498930 1.000000
0.128834 -0.027553 0.211463 1.000000
-0.755489 0.060023 0.102932 2.000000
-0.178284 0.014957 -0.692248 1.000000
0.118265 -0.018706 0.269369 1.000000
-0.030479 -0.060903 0.086387 0.000000
0.514942 0.012973 -0.078718 0.000000
0.025313 -0.130708 0.107707 3.000000
-0.008637 -0.076195 0.006979 0.000000
-0.800347 0.275911 -0.007634 2.000000
-0.763474 0.055222 -0.111860 2.000000
0.179746 -0.049264 -0.561145 3.000000
-0.122753 0.019054 -0.667040 1.000000
0.886567 -0.060511 -0.031303 0.000000
0.031837 -0.032250 -0.073030 0.000000
0.075599 -0.037286 0.315270 1.000000
-0.796615 0.052873 -0.094010 2.000000
0.261372 -0.075047 -0.018673 0.000000
0.885680 0.004362 -0.063896 0.000000
-0.003157 0.014487 0.072661 0.000000
-0.456670 -0.052604 0.006222 0.000000
0.294696 -0.062181 -0.127830 1.000000
-0.102007 0.011982 -0.611196 1.000000
0.455000 -0.046342 -0.060608 0.000000
0.972682 -0.042349 0.012224 0.000000
0.093996 -0.006337 0.529201 1.000000
0.196212 -0.055632 -0.306192 3.000000
-0.654004 0.081996 -0.024805 0.000000
0.060072 -0.064086 -0.098655 1.000000
-0.109366 0.007911 0.587028 1.000000
-0.155763 0.021585 -0.785905 1.000000
0.396547 -0.065209 0.306502 3.000000
0.195925 -0.014714 0.238080 1.000000
0.143447 -0.057797 -0.156770 1.000000
0.141725 -0.061868 0.115771 1.000000
-0.699958 0.048437 0.058465 2.000000
0.490464 0.061119 -0.062357 0.000000
-0.828947 0.058745 -0.134432 2.000000
-0.811255 0.073724 -0.021569 0.000000
0.087237 -0.073924 -0.548880 3.000000
-0.037969 -0.014322 0.406552 1.000000
0.292034 -0.071941 -0.036392 0.000000
0.194698 -0.091904 0.302118 3.000000
-0.066856 0.044862 -0.072221 0.000000
0.214427 -0.030893 0.109116 1.000000
-0.020719 0.079282 0.030569 0.000000
0.363797 -0.069384 0.271039 3.000000
0.334831 0.089068 0.000742 0.000000
-0.063177 0.022002 -0.635412 1.000000
0.267165 -0.018550 -0.205229 1.000000
0.057854 -0.053805 -0.185892 1.000000
-0.226117 0.018036 0.745323 1.000000
-0.777618 0.077716 0.015721 0.000000
-0.644714 -0.007407 0.040903 0.000000
0.160435 -0.046289 0.246770 1.000000
0.583077 -0.069410 0.027386 0.000000
0.055792 -0.132039 -0.118644 3.000000
0.008247 -0.005868 -0.075691 0.000000
0.078756 -0.082144 0.103767 1.000000
0.642548 -0.030449 0.061858 0.000000
-0.614913 0.050316 -0.013506 2.000000
-0.774747 0.041731 -0.014106 2.000000
-0.186765 0.003605 -0.635752 1.000000
0.152241 -0.036843 -0.126865 1.000000
0.956372 -0.039818 0.028195 0.000000
0.204745 -0.064661 -0.319919 3.000000
0.567811 0.000787 0.070939 0.000000
0.023747 -0.036112 -0.242441 1.000000
0.091204 -0.066539 -0.065853 0.000000
-0.208841 0.040374 0.068042 0.000000
-0.817126 0.073097 0.233200 2.000000
0.390701 -0.041357 0.064180 0.000000
0.240940 -0.030084 -0.087982 1.000000
0.056575 -0.043471 -0.165564 1.000000
-0.745155 0.065243 0.178817 2.000000
-0.187182 0.029179 0.770244 1.000000
-0.043944 -0.045794 0.228347 1.000000
0.077243 -0.003702 0.520563 1.000000
0.815457 -0.027292 0.056873 0.000000
0.534539 -0.023717 0.063162 0.000000
0.044545 -0.021029 0.445435 1.000000
0.159522 -0.051665 -0.561145 3.000000
0.852095 -0.056049 -0.042811 0.000000
-0.769737 0.060415 -0.149228 2.000000
-0.062890 0.000108 -0.514460 1.000000
-0.046450 0.026987 -0.661717 1.000000
-0.227030 0.041652 0.067468 0.000000
-0.092847 -0.029066 0.063997 0.000000
0.096971 0.006632 0.431969 1.000000
-0.120743 0.018323 -0.761688 1.000000
-0.075990 -0.021551 -0.440036 1.000000
-0.038673 0.011303 0.655633 1.000000
0.220037 -0.013827 0.275397 1.000000
0.042875 -0.000205 -0.434112 1.000000
-0.767075 0.048281 -0.061626 2.000000
-0.504007 0.086954 0.009588 0.000000
0.199082 -0.015966 0.522808 1.000000
-0.062629 -0.074759 0.013633 0.000000
0.132643 -0.001562 0.357441 1.000000
0.480078 -0.076195 -0.013245 0.000000
0.185565 -0.017350 0.335677 1.000000
0.314476 -0.034155 0.149878 1.000000
-0.176718 0.084501 0.018252 0.000000
-0.464446 -0.051352 -0.013167 0.000000
-0.785629 0.080769 0.263184 2.000000
-0.593306 -0.023978 -0.032269 0.000000
0.904938 0.050786 -0.020395 0.000000
-0.683178 0.064486 -0.104605 2.000000
0.008768 -0.051378 -0.148472 1.000000
-0.612929 -0.002397 -0.058547 0.000000
0.101407 -0.044410 0.107838 1.000000
-0.074867 0.048176 0.064493 0.000000
-0.680282 0.011068 -0.049257 0.000000
0.278282 -0.025700 0.085135 1.000000
-0.143290 0.020541 0.684599 1.000000
0.220246 -0.015523 0.305485 1.000000
0.262808 -0.073533 0.272135 3.000000
0.459515 -0.018158 -0.070942 0.000000
-0.030610 -0.019150 -0.462321 1.000000
-0.105138 -0.007590 -0.551568 1.000000
-0.736648 0.010912 0.028560 0.000000
-0.453277 0.075524 -0.043646 0.000000
0.809350 -0.009938 -0.069194 0.000000
0.140603 -0.003049 -0.349615 1.000000
-0.739649 0.251747 0.001264 2.000000
0.005298 -0.052944 -0.190016 1.000000
0.101433 -0.054014 -0.186493 1.000000
0.056575 -0.041749 0.068355 0.000000
0.354168 -0.057015 0.273700 3.000000
-0.338771 -0.052996 -0.048917 0.000000
0.824460 0.015687 0.065433 0.000000
-0.691294 0.054622 -0.050692 2.000000
0.318182 0.065060 0.052333 0.000000
-0.174943 0.005693 -0.635987 1.000000
-0.762300 0.047289 -0.037044 2.000000
0.289425 -0.026431 -0.186832 1.000000
0.795259 -0.055423 -0.049831 0.000000
-0.076355 -0.014427 0.491702 1.000000
0.212443 -0.071419 -0.509215 3.000000
-0.739049 0.042540 0.014808 2.000000
0.513272 0.048646 0.065381 0.000000
-0.063072 -0.004902 0.479176 1.000000
0.776340 -0.073690 0.017443 0.000000
0.002401 -0.041723 0.219109 1.000000
-0.207537 0.073019 -0.047639 0.000000
-0.201143 0.022316 0.746184 1.000000
-0.029696 -0.043027 -0.240797 1.000000
-0.141098 0.059632 0.057421 0.000000
0.829052 0.074663 -0.019612 0.000000
0.020198 -0.015732 -0.363472 1.000000
0.139220 -0.024865 -0.225636 1.000000
0.286320 -0.054301 0.297030 1.000000
-0.211138 0.013678 0.707328 1.000000
-0.731716 0.018584 -0.040932 0.000000
-0.748130 0.186847 -0.009513 2.000000
0.085332 0.009450 0.072035 0.000000
0.433185 -0.058058 -0.050274 0.000000
0.127424 0.084501 -0.024518 0.000000
0.064247 -0.059546 0.131219 1.000000
0.246707 -0.087285 -0.331322 3.000000
0.238200 0.004075 -0.077570 0.000000
0.997499 -0.024787 -0.020134 0.000000
-0.270140 0.088676 -0.008757 0.000000
0.456044 0.085701 -0.020813 0.000000
0.241592 -0.046603 -0.310368 3.000000
-0.830409 0.038651 0.018800 0.000000
0.118526 -0.053674 0.184115 1.000000
0.396938 -0.076116 -0.299355 3.000000
-0.011690 -0.049238 0.180200 1.000000
0.390571 -0.055840 -0.052910 0.000000
-0.647401 0.065686 -0.045421 0.000000
-0.737013 0.085206 0.006170 2.000000
-0.624072 0.097470 0.005622 2.000000
0.224604 -0.016906 -0.211623 1.000000
0.193159 -0.027892 0.152722 1.000000
-0.223429 -0.073663 0.016191 0.000000
0.035307 -0.074968 -0.018986 0.000000
0.460689 -0.069149 0.027907 0.000000
0.153311 -0.067192 0.055882 0.000000
0.832367 -0.122514 -0.018673 0.000000
0.101877 0.073280 -0.047247 0.000000
-0.694008 0.051255 0.025715 2.000000
0.184704 -0.010852 -0.531396 1.000000
0.999299 -0.035929 -0.010505 0.000000
0.649359 0.081474 0.026498 0.000000
-0.777905 0.044653 -0.027832 2.000000
0.214296 -0.071471 -0.285029 3.000000
-0.714858 0.066965 0.176443 2.000000
0.195351 0.073149 0.041216 0.000000
-0.384568 -0.056206 0.029082 0.000000
0.356412 -0.046681 0.091267 1.000000
-0.140811 -0.013357 -0.073160 0.000000
0.709327 -0.061947 0.038815 0.000000
-0.832261 0.084736 -0.286569 2.000000
0.404558 0.087554 -0.013897 0.000000
0.063256 -0.128934 -0.148602 3.000000
-0.178492 0.032728 -0.846472 1.000000
-0.640434 0.177296 -0.002442 2.000000
0.235042 -0.075281 -0.333906 3.000000
-0.107174 0.000552 -0.077127 0.000000
-0.797607 0.047132 -0.052545 2.000000
-0.081104 -0.052030 0.077097 0.000000
-0.782184 0.056474 0.094216 2.000000
0.216227 -0.026300 -0.527691 1.000000
0.029306 -0.111424 -0.111625 3.000000
-0.317659 -0.053883 -0.048996 0.000000
0.315520 -0.093392 -0.286412 3.000000
-0.101015 0.022629 0.664584 1.000000
-0.019728 -0.017845 -0.473542 1.000000
0.339789 -0.087859 -0.331818 3.000000
-0.113358 0.031084 -0.771135 1.000000
0.207720 -0.023195 0.511586 3.000000
0.038178 -0.016436 -0.346693 1.000000
0.043188 -0.004093 -0.542565 1.000000
0.078391 -0.067479 0.054290 0.000000
0.146422 0.000630 0.070913 0.000000
0.029984 -0.057328 -0.154265 1.000000
-0.045902 -0.048951 -0.217364 1.000000
0.325176 -0.072515 -0.027467 0.000000
-0.191697 0.078290 0.032396 0.000000
0.675507 0.058171 -0.064940 0.000000
-0.807967 0.051777 -0.083233 2.000000
-0.173900 0.081056 -0.033469 0.000000
0.251508 0.066391 -0.057164 0.000000
0.136949 -0.033189 0.351778 1.000000
0.163619 -0.082301 0.526278 3.000000
-0.853686 0.337314 -0.002494 2.000000
0.047442 -0.057328 0.148964 1.000000
0.141229 -0.018524 0.254338 1.000000
-0.753010 0.063755 -0.130231 2.000000
0.176145 -0.061112 -0.130544 1.000000
-0.830043 0.078264 0.242308 2.000000
-0.046319 -0.026927 0.392174 1.000000
0.063647 0.085649 -0.020891 0.000000
-0.757811 0.049063 -0.067654 2.000000
0.400513 -0.081544 -0.291579 3.000000
-0.166436 0.080326 0.028612 0.000000
0.568646 -0.084806 -0.002911 0.000000
0.337571 -0.064687 0.073966 0.000000
0.972864 0.009163 -0.015307 0.000000
0.266591 -0.054901 0.182027 1.000000
0.301090 -0.025178 -0.307054 1.000000
-0.024268 -0.038330 0.258539 1.000000
-0.329428 0.007467 0.071774 0.000000
0.360117 0.065451 -0.058155 0.000000
-0.180424 0.024925 0.072922 0.000000
0.073381 -0.048638 -0.229315 1.000000
-0.040134 0.000526 0.615472 1.000000
0.104408 -0.024187 -0.254680 1.000000
-0.277185 0.010494 0.072165 0.000000
0.284571 -0.046237 0.315923 3.000000
0.331360 -0.076873 -0.008783 0.000000
-0.700871 0.057388 0.064676 2.000000
-0.624020 0.041130 0.007840 2.000000
0.079722 -0.073063 -0.515556 3.000000
0.091935 -0.051117 0.203843 1.000000
-0.037394 -0.064426 -0.075326 0.000000
0.157225 -0.009599 -0.300504 1.000000
-0.661806 0.042252 0.047923 0.000000
0.748000 -0.067140 -0.036496 0.000000
-0.233789 0.023020 0.783971 1.000000
0.129982 -0.023560 0.403604 1.000000
0.072154 -0.127551 0.126679 3.000000
0.330499 0.079465 0.030204 0.000000
0.000470 -0.003623 -0.589145 1.000000
-0.131234 0.021872 0.780813 1.000000
-0.049059 0.001987 0.626928 1.000000
0.102190 -0.104273 -0.104736 3.000000
-0.183738 0.043244 -0.846420 1.000000
0.473554 0.054335 0.061231 0.000000
-0.002766 0.008642 -0.531239 1.000000
-0.394537 0.082987 -0.029242 0.000000
-0.452416 -0.053727 -0.006512 0.000000
0.191541 -0.021238 0.531393 3.000000
0.295061 0.001309 0.070991 0.000000
0.206885 -0.072228 0.287166 3.000000
0.000392 0.074402 0.039233 0.000000
0.055584 -0.025700 0.274170 1.000000
0.221446 -0.068444 0.323725 3.000000
0.618828 0.020541 0.073027 0.000000
0.001905 -0.010565 -0.527143 1.000000
-0.379427 -0.062208 -0.015855 0.000000
-0.687693 0.193658 -0.007452 2.000000
0.214583 -0.067635 -0.060687 0.000000
0.002688 -0.058163 0.080960 1.000000
0.147100 -0.057510 -0.307784 1.000000
-0.577857 0.043923 -0.013506 2.000000
-0.798494 0.081448 -0.284116 2.000000
0.511836 -0.064269 -0.042159 0.000000
-0.111010 0.023803 -0.079266 0.000000
-0.129068 -0.063956 0.058152 0.000000
0.804027 -0.070871 0.020470 0.000000
-0.020276 -0.059624 0.101418 1.000000
0.889098 0.019576 0.055151 0.000000
0.031002 -0.007851 0.395436 1.000000
0.076277 -0.043967 -0.267206 1.000000
0.000053 -0.026065 0.311434 1.000000
-0.789204 0.067539 -0.167443 2.000000
-0.660632 0.044236 0.029134 2.000000
0.991731 -0.014140 0.017130 0.000000
-0.708778 0.041444 0.041555 0.000000
-0.117586 -0.008947 0.068590 0.000000
-0.434619 -0.034520 -0.062983 0.000000
-0.799277 0.337992 -0.006095 2.000000
-0.588661 -0.027240 0.006796 0.000000
0.098798 -0.044384 0.499139 3.000000
0.248846 -0.027161 -0.112799 1.000000
0.339476 -0.065156 -0.068489 0.000000
-0.789830 0.067904 0.163682 2.000000
0.092456 -0.130186 -0.108415 3.000000
0.179589 -0.029249 -0.303270 1.000000
0.025913 -0.064034 0.081690 1.000000
-0.178910 0.014565 0.720402 1.000000
-0.168968 0.016783 -0.694519 1.000000
-0.188644 0.006110 0.651171 1.000000
0.025000 -0.126272 -0.117679 3.000000
0.300594 -0.061320 -0.335628 3.000000
-0.311370 0.084788 -0.023605 0.000000
0.076799 -0.042192 0.505376 3.000000
0.831036 -0.115782 -0.003668 0.000000
0.735970 0.021011 -0.076996 0.000000
-0.139454 0.035233 -0.807642 1.000000
0.872032 -0.066539 -0.022953 0.000000
0.110593 -0.045428 0.251023 1.000000
-0.837194 0.046323 0.018043 0.000000
0.203571 -0.017167 -0.533379 1.000000
-0.797737 0.081918 -0.013584 0.000000
0.233659 -0.015340 0.208044 1.000000
0.599517 -0.040026 0.057943 0.000000
0.408942 -0.091695 0.304728 3.000000
-0.628613 0.008929 0.052594 0.000000
0.148849 -0.048142 0.231087 1.000000
-0.784350 0.211742 -0.008913 2.000000
0.239217 -0.053440 0.297030 1.000000
0.728481 0.026256 0.070678 0.000000
0.033533 -0.038983 0.212507 1.000000
-0.202109 0.030770 -0.796761 1.000000
0.352471 -0.062155 0.052176 0.000000
-0.031340 0.020985 0.601120 1.000000
-0.506877 0.047419 -0.066871 0.000000
0.059289 0.011747 0.499583 1.000000
0.866238 0.052143 -0.047639 0.000000
-0.088228 -0.018028 0.461640 1.000000
-0.643591 0.043453 0.024071 2.000000
0.972238 -0.018837 0.028716 0.000000
0.028679 -0.064139 -0.080467 0.000000
-0.057853 -0.013540 -0.433251 1.000000
0.135123 -0.028466 -0.208021 1.000000
0.042901 -0.008634 -0.388732 1.000000
-0.022650 0.083483 -0.027702 0.000000
-0.415987 -0.030162 -0.066688 0.000000
-0.405184 0.088885 -0.007869 0.000000
0.067770 0.001674 0.421348 1.000000
-0.707551 0.230374 -0.001920 2.000000
0.055740 -0.045350 0.144685 1.000000
-0.154328 0.017279 -0.750754 1.000000
0.372278 -0.098298 0.303945 3.000000
-0.521621 0.084214 0.017469 0.000000
0.111845 -0.008712 -0.527012 1.000000
-0.217244 0.039930 0.849731 1.000000
0.866604 -0.061660 -0.032921 0.000000
-0.881138 0.080822 -0.293275 2.000000
0.242662 -0.072046 0.028534 0.000000
-0.138462 -0.014401 0.488022 1.000000
-0.101276 0.059319 -0.063948 0.000000
0.154720 0.024247 0.073027 0.000000
-0.046450 -0.003545 -0.533223 1.000000
-0.185904 0.039930 0.068225 0.000000
0.659928 0.065947 -0.057633 0.000000
0.336919 -0.033476 0.302849 1.000000
0.312806 0.057910 -0.047117 0.000000
-0.120665 -0.045950 0.071122 0.000000
-0.100989 -0.028075 -0.382417 1.000000
-0.833984 0.074219 -0.247138 2.000000
-0.215026 0.026256 0.801011 1.000000
0.505573 -0.016358 -0.071777 0.000000
0.219881 -0.052865 -0.203011 1.000000
-0.349652 -0.043314 -0.059225 0.000000
-0.071345 -0.004145 0.575572 1.000000
0.730229 -0.072698 0.020235 0.000000
-0.334830 0.068452 0.048575 0.000000
-0.091334 -0.028753 0.363704 1.000000
0.212756 -0.033424 -0.078797 1.000000
-0.746068 0.260019 0.001160 2.000000
-0.798364 0.282826 0.001238 2.000000
0.639965 -0.031415 -0.067889 0.000000
0.224238 -0.094983 -0.321641 3.000000
0.646045 -0.055371 -0.053484 0.000000
-0.268339 -0.067740 -0.030546 0.000000
-0.041439 0.007624 0.536821 1.000000
0.354768 -0.062938 0.330354 3.000000
0.765823 -0.022490 0.060292 0.000000
0.072807 -0.047072 -0.241763 1.000000
0.125128 -0.025048 0.531184 3.000000
0.020511 -0.055866 0.160003 1.000000
-0.281726 0.086823 0.010972 0.000000
-0.080269 -0.002345 0.524765 1.000000
-0.865872 0.069835 0.005465 0.000000
0.035281 -0.009025 0.535359 1.000000
-0.594741 0.005849 -0.063296 0.000000
0.060933 -0.108475 0.103584 3.000000
0.343625 -0.093600 0.281999 3.000000
0.576449 0.041913 0.067338 0.000000
0.158504 -0.059781 0.301988 1.000000
-0.264451 0.089172 0.000299 0.000000
-0.132643 0.033928 -0.754564 1.000000
0.010151 0.014539 -0.541521 1.000000
-0.043344 0.003788 0.641698 1.000000
0.390336 0.047002 -0.053641 0.000000
0.043110 -0.041279 0.190874 1.000000
-0.043057 -0.038748 0.296612 1.000000
0.374418 -0.042714 0.287688 3.000000
0.249655 -0.060616 0.132550 1.000000
-0.230918 0.076150 0.036362 0.000000
-0.003757 -0.028284 -0.307419 1.000000
-0.210407 -0.021081 0.063658 0.000000
0.052818 -0.040131 -0.528734 1.000000
0.095040 0.001257 -0.406216 1.000000
-0.032201 0.085571 0.014938 0.000000
0.048538 0.005354 0.455794 1.000000
0.100468 -0.063617 -0.104892 1.000000
-0.202918 -0.072046 0.022140 0.000000
0.067353 -0.071419 0.032109 0.000000
-0.443126 0.086119 0.013190 0.000000
0.214322 -0.050699 -0.220260 1.000000
-0.243366 -0.043054 0.056091 0.000000
0.106444 -0.145896 0.098626 3.000000
-0.744972 0.072967 0.024280 0.000000
0.100572 -0.073846 0.018357 0.000000
-0.149840 0.002092 0.589116 1.000000
0.032855 -0.051978 0.112979 1.000000
-0.462567 0.045201 0.064989 0.000000
0.553041 0.063912 -0.059747 0.000000
0.308161 -0.048325 -0.327069 3.000000
-0.038621 -0.056545 0.150817 1.000000
0.070510 -0.042558 -0.159014 1.000000
0.665773 -0.073403 0.019479 0.000000
-0.202057 0.037868 -0.832903 1.000000
0.070536 -0.061503 -0.509163 3.000000
-0.305395 0.082726 0.023811 0.000000
-0.568671 0.090503 0.004213 2.000000
0.159939 -0.037547 -0.310916 1.000000
-0.020198 -0.010199 -0.528004 1.000000
-0.594663 0.044079 0.024124 2.000000
0.079357 -0.049134 -0.090566 1.000000
-0.148718 0.079073 -0.037175 0.000000
0.182642 -0.028727 -0.551281 3.000000
-0.050547 -0.034755 -0.304940 1.000000
-0.397120 0.056553 -0.066088 0.000000
0.071110 -0.077186 -0.525942 3.000000
-0.085671 0.069444 -0.053249 0.000000
0.239400 -0.068627 0.049227 0.000000
0.697062 0.082831 0.023341 0.000000
-0.131364 0.089303 -0.005938 0.000000
-0.799042 0.057414 0.106898 2.000000
-0.587695 0.032989 -0.064784 0.000000
-0.097675 0.027195 -0.690683 1.000000
-0.018841 -0.026744 -0.071594 0.000000
0.082071 -0.042427 -0.148576 1.000000
0.474546 0.032545 0.070887 0.000000
0.590697 0.064016 0.053429 0.000000
0.066439 -0.024108 -0.526829 1.000000
0.382951 -0.042427 -0.308724 1.000000
0.133218 -0.040053 0.295960 1.000000
0.147126 -0.016984 0.298100 1.000000
0.448738 0.053891 -0.067732 0.000000
-0.687771 0.024090 -0.050248 0.000000
-0.732812 0.005380 -0.018829 0.000000
0.035229 -0.054562 -0.178038 1.000000
-0.821406 0.059397 0.128140 2.000000
-0.167037 -0.058972 0.052620 0.000000
-0.795180 0.099349 -0.003564 2.000000
0.181024 -0.022986 -0.519836 3.000000
0.252343 0.082466 -0.030859 0.000000
0.703325 -0.055136 -0.053119 0.000000
0.779680 0.048594 -0.065149 0.000000
-0.133739 -0.048377 0.068642 0.000000
-0.167402 -0.071915 -0.028772 0.000000
-0.470527 0.002718 0.069608 0.000000
0.288564 -0.074264 -0.022170 0.000000
-0.079878 -0.066461 0.049306 0.000000
-0.183764 0.019419 -0.765994 1.000000
0.253987 -0.056623 -0.548750 3.000000
0.120431 -0.075412 0.505898 3.000000
0.708361 -0.068366 0.028977 0.000000
0.316121 -0.054666 -0.141478 1.000000
0.087890 -0.060825 -0.127934 1.000000
0.897188 0.002300 -0.061835 0.000000
0.188749 -0.037078 -0.312012 1.000000
-0.073171 -0.032120 0.348594 1.000000
0.066074 -0.036138 -0.330252 1.000000
-0.111558 -0.017767 -0.449822 1.000000
0.349758 -0.052344 -0.282654 3.000000
0.128494 -0.057902 -0.559475 3.000000
-0.048120 0.016627 -0.594938 1.000000
0.202579 -0.024030 0.528705 1.000000
0.602962 -0.059494 -0.048604 0.000000
-0.115863 0.013469 0.623458 1.000000
-0.052269 -0.064060 0.079446 0.000000
0.045511 -0.025674 -0.072116 0.000000
0.529033 0.030014 -0.077857 0.000000
-0.629813 0.024325 -0.060426 0.000000
-0.109548 -0.005320 -0.569756 1.000000
0.195925 -0.054823 0.303971 1.000000
0.264034 -0.016567 -0.191399 1.000000
0.871536 -0.069723 0.003795 0.000000
0.055401 -0.047933 0.227746 1.000000
-0.036116 0.013600 -0.569443 1.000000
0.094962 -0.128673 0.137691 3.000000
0.070589 -0.026352 0.403656 1.000000
0.227161 -0.011765 0.248623 1.000000
-0.124736 0.076725 0.035319 0.000000
0.137863 -0.073768 0.018774 0.000000
-0.850920 0.081109 -0.001815 0.000000
-0.183137 0.065164 -0.058468 0.000000
0.083741 0.053813 0.061545 0.000000
0.196108 -0.025778 -0.172793 1.000000
-0.684822 -0.002266 0.028534 0.000000
0.176797 -0.027370 -0.178716 1.000000
-0.717128 0.046976 0.010006 2.000000
0.277865 -0.041723 -0.303270 1.000000
0.396886 -0.074446 0.283825 3.000000
-0.726497 0.053552 -0.058860 2.000000
-0.389813 0.042226 -0.073421 0.000000
-0.851233 0.066808 0.186750 2.000000
0.780254 0.004284 -0.073421 0.000000
0.175362 -0.055188 0.554670 3.000000
-0.517524 -0.026352 0.055203 0.000000
0.515751 -0.013226 0.066998 0.000000
-0.877694 0.064042 0.003065 0.000000
0.844318 -0.043445 0.048288 0.000000
0.041101 -0.146313 0.108412 3.000000
-0.116594 0.032832 -0.735201 1.000000
-0.179719 0.022811 0.785510 1.000000
-0.178284 0.031840 0.776012 1.000000
0.087420 -0.038095 -0.315561 1.000000
0.433002 0.089381 -0.000719 0.000000
0.714937 0.062816 -0.059851 0.000000
-0.205110 -0.076351 0.005909 0.000000
0.946247 0.015896 0.028638 0.000000
-0.202631 0.024455 -0.765733 1.000000
-0.833305 0.297257 -0.005495 2.000000
-0.046032 -0.037417 -0.313499 1.000000
-0.645027 0.057623 0.042521 2.000000
0.294540 -0.060903 -0.279288 3.000000
-0.155163 0.014017 -0.723850 1.000000
-0.666816 0.185151 -0.000223 2.000000
0.246550 0.083379 0.021749 0.000000
0.153442 -0.055788 0.168092 1.000000
0.589783 0.084005 -0.026032 0.000000
-0.051564 0.012269 0.569962 1.000000
-0.029879 -0.015523 0.393922 1.000000
0.692730 0.066782 0.050141 0.000000
-0.023251 -0.010173 -0.426518 1.000000
-0.016231 -0.064165 -0.080284 0.000000
0.112759 -0.077760 -0.003094 0.000000
-0.103520 -0.003362 0.579826 1.000000
-0.138801 0.003344 -0.594860 1.000000
-0.689415 0.062503 0.089362 2.000000
0.061925 -0.045480 -0.254132 1.000000
-0.784794 0.171268 -0.008235 2.000000
0.006498 -0.038539 0.235079 1.000000
0.236947 -0.022673 0.260418 1.000000
0.039404 -0.002084 0.542953 1.000000
-0.379219 0.036877 -0.075665 0.000000
0.337910 -0.045193 -0.324433 3.000000
-0.089898 0.023986 -0.079266 0.000000
0.656849 -0.038043 -0.065097 0.000000
0.212835 -0.065235 0.072087 1.000000
0.014014 0.038129 -0.075274 0.000000
-0.092795 -0.031363 0.353552 1.000000
0.319121 -0.052865 0.325474 3.000000
0.197908 -0.021316 0.318245 1.000000
-0.750661 0.055091 0.032657 0.000000
-0.417083 -0.010225 0.068199 0.000000
0.062055 -0.031598 0.360624 1.000000
0.819710 0.060624 -0.049309 0.000000
0.894891 -0.029223 0.048105 0.000000
-0.135905 -0.011948 -0.503161 1.000000
0.619454 -0.002762 -0.076553 0.000000
0.254066 -0.058946 -0.529543 3.000000
0.057306 -0.045480 0.537186 3.000000
-0.015553 -0.052578 -0.162824 1.000000
-0.157981 0.006189 0.653807 1.000000
0.254875 -0.030110 0.236332 1.000000
0.326898 -0.023299 -0.111259 1.000000
0.767232 -0.077682 -0.003564 0.000000
0.398739 0.084658 -0.024049 0.000000
-0.030818 0.050159 0.063580 0.000000
-0.017170 -0.063747 -0.097116 1.000000
-0.018240 -0.021916 0.434213 1.000000
0.026800 -0.026718 -0.404520 1.000000
0.281466 -0.093000 0.322290 3.000000
0.205058 -0.068653 -0.053876 0.000000
-0.804626 0.060467 0.142258 2.000000
0.115133 -0.044515 -0.100508 1.000000
0.183843 -0.034912 0.520642 1.000000
0.370999 -0.054979 0.298569 1.000000
0.069910 -0.127446 -0.120341 3.000000
-0.017301 -0.044123 -0.225270 1.000000
0.180842 -0.065026 0.085317 1.000000
-0.811594 0.184551 -0.004399 2.000000
0.017458 -0.035225 0.245700 1.000000
0.068736 -0.039974 0.509629 3.000000
-0.000261 -0.018706 0.461770 1.000000
-0.153519 0.016314 0.671604 1.000000
-0.698548 0.044679 0.042286 0.000000
-0.015318 -0.059572 -0.132762 1.000000
0.015397 -0.046289 -0.244946 1.000000
-0.776600 0.049507 -0.056459 2.000000
-0.094648 -0.026848 -0.396300 1.000000
0.235720 0.004362 0.071382 0.000000
0.171526 -0.072567 0.546789 3.000000
0.509488 0.086563 0.011833 0.000000
0.336371 -0.068627 0.029473 0.000000
0.061794 -0.053727 -0.550367 3.000000
0.089012 0.007859 0.447131 1.000000
0.422016 0.039408 0.068486 0.000000
0.200387 0.042957 -0.073108 0.000000
0.064404 -0.017167 0.477767 1.000000
0.122310 -0.044437 0.522051 1.000000
0.156756 0.088598 0.002934 0.000000
-0.312623 0.059789 0.057265 0.000000
0.356229 -0.069306 0.027594 0.000000
0.410482 0.031084 0.071330 0.000000
0.110045 -0.064582 -0.080023 1.000000
0.044963 -0.034990 -0.338316 1.000000
0.259232 -0.076012 0.528888 3.000000
0.075834 0.009738 -0.475213 1.000000
-0.846953 0.069366 0.205356 2.000000
0.484645 0.054778 0.044034 0.000000
0.162575 -0.033816 -0.141191 1.000000
-0.744529 0.046845 -0.051945 2.000000
-0.475980 0.039356 0.038581 0.000000
-0.667260 0.155481 -0.008652 2.000000
0.521178 0.087841 0.006379 0.000000
0.027009 -0.001614 0.559263 1.000000
-0.633988 0.086536 -0.014602 2.000000
-0.678716 0.133195 0.004396 2.000000
0.840195 0.061981 -0.042080 0.000000
0.034603 -0.050491 -0.077440 0.000000
-0.783567 0.319804 -0.006173 2.000000
-0.743172 0.057022 -0.086364 2.000000
-0.026147 0.010390 -0.078379 0.000000
-0.559173 -0.034051 0.000194 0.000000
0.309701 0.041574 -0.073734 0.000000
-0.052973 -0.016932 0.472652 1.000000
-0.488819 0.039356 0.007266 0.000000
-0.302472 -0.064791 -0.032216 0.000000
-0.016414 -0.057328 -0.151577 1.000000
0.000548 0.065634 -0.057973 0.000000
-0.681404 0.064695 0.036623 0.000000
0.171787 0.040948 -0.074021 0.000000
0.321157 -0.063721 -0.312012 1.000000
0.591323 -0.063904 -0.042759 0.000000
0.134314 -0.044306 -0.267806 1.000000
-0.009290 -0.025256 0.065172 0.000000
-0.155241 0.027874 -0.741517 1.000000
0.667678 0.051829 -0.069011 0.000000
-0.666138 0.082570 -0.005416 2.000000
-0.077973 0.030979 -0.697076 1.000000
0.534174 0.087424 0.008284 0.000000
-0.615930 0.035207 0.055543 0.000000
0.342503 0.062737 0.054681 0.000000
0.112289 -0.062808 0.106194 1.000000
0.079226 -0.034416 -0.212927 1.000000
0.168812 -0.038591 0.073888 1.000000
-0.115133 0.031475 0.767348 1.000000
-0.733464 0.222859 -0.008757 2.000000
0.214427 -0.058215 0.315531 3.000000
0.053757 -0.035695 0.326987 1.000000
-0.174004 0.016836 0.739400 1.000000
-0.215548 0.015165 -0.725859 1.000000
-0.761517 0.079673 0.219213 2.000000
0.804262 0.033276 -0.069507 0.000000
0.305656 -0.051352 0.297030 1.000000
-0.772085 0.178158 0.003247 2.000000
-0.448946 0.084710 -0.023866 0.000000
-0.406723 0.023098 -0.079266 0.000000
0.067353 -0.012026 0.345385 1.000000
0.259285 -0.051221 -0.209457 1.000000
0.040057 -0.036399 -0.326364 1.000000
-0.708934 0.065112 0.112483 2.000000
0.155895 -0.047672 -0.309219 1.000000
0.231284 -0.037652 0.551330 3.000000
0.191384 -0.072594 -0.031590 0.000000
-0.398607 -0.019046 -0.070525 0.000000
0.811308 -0.067922 -0.031721 0.000000
-0.044597 -0.003441 0.583166 1.000000
0.034759 -0.050412 -0.130309 1.000000
-0.004853 -0.057980 -0.106380 1.000000
0.845388 0.076307 -0.002990 0.000000
-0.640486 0.088337 0.002151 0.000000
-0.239451 -0.063304 0.035475 0.000000
0.149084 -0.017976 -0.258281 1.000000
0.219672 -0.023795 -0.312012 1.000000
-0.002896 -0.017167 -0.071412 0.000000
-0.187626 0.019341 0.718836 1.000000
0.829679 0.057962 0.044295 0.000000
0.320609 -0.054666 -0.281376 3.000000
0.536601 0.041783 -0.073630 0.000000
0.288016 -0.027266 0.184402 1.000000
0.071945 0.070488 0.045365 0.000000
0.144334 -0.053779 -0.190955 1.000000
-0.029487 -0.003754 0.462031 1.000000
-0.041909 -0.033216 0.341288 1.000000
0.843405 -0.145661 -0.008783 0.000000
0.481461 -0.076691 0.003691 0.000000
-0.761934 0.250416 -0.008156 2.000000
-0.241957 0.032780 0.837101 1.000000
0.086585 -0.048664 0.223388 1.000000
-0.584303 0.046584 -0.060608 0.000000
-0.685475 0.041548 -0.015359 2.000000
0.312624 0.068087 -0.041402 0.000000
0.207120 -0.027788 0.303449 1.000000
-0.282404 -0.061999 -0.039993 0.000000
0.198848 -0.029510 -0.527247 1.000000
0.305239 -0.066566 -0.075535 0.000000
-0.039012 -0.044776 -0.254262 1.000000
0.062499 0.008798 -0.512059 1.000000
-0.020093 -0.011165 0.527922 1.000000
0.216906 -0.084232 -0.286569 3.000000
-0.208085 0.038338 0.833891 1.000000
-0.641608 0.046845 -0.054893 2.000000
0.216671 -0.030241 -0.295519 1.000000
-0.043605 0.052247 -0.068750 0.000000
0.338850 -0.076743 -0.336959 3.000000
0.335927 0.058562 -0.064575 0.000000
0.169464 -0.038017 0.304989 1.000000
-0.503276 0.039356 -0.047769 0.000000
-0.174187 0.018532 -0.759444 1.000000
-0.014796 -0.047281 -0.235395 1.000000
-0.031262 -0.016932 0.065276 0.000000
0.246159 -0.015679 -0.204003 1.000000
0.135357 0.046349 -0.071542 0.000000
-0.739075 0.108900 0.005361 2.000000
-0.720938 0.058771 -0.138947 2.000000
0.081705 0.004884 -0.486199 1.000000
-0.350122 -0.045898 0.050715 0.000000
0.302838 0.078316 0.032344 0.000000
-0.338771 0.076855 -0.041298 0.000000
0.183947 -0.038174 -0.535467 1.000000
-0.097049 0.005719 0.654355 1.000000
-0.026982 -0.002867 0.588751 1.000000
-0.081835 -0.011504 0.515109 1.000000
-0.756480 0.016079 -0.033782 0.000000
0.701707 0.060728 0.055804 0.000000
0.012083 0.029909 0.071643 0.000000
0.862455 0.009633 -0.067263 0.000000
-0.674332 0.055744 0.043565 2.000000
-0.256309 0.071610 -0.049857 0.000000
0.119831 -0.064634 0.081247 1.000000
-0.542654 0.032832 -0.066297 0.000000
0.086063 -0.121810 -0.104631 3.000000
0.507792 0.009111 0.071983 0.000000
-0.204588 0.034058 -0.853544 1.000000
0.196917 -0.018967 -0.219216 1.000000
-0.292216 -0.061346 -0.040097 0.000000
0.315703 -0.069723 0.048184 0.000000
0.188122 -0.011974 0.305772 1.000000
0.002166 0.001570 -0.476282 1.000000
-0.691033 -0.002005 -0.030077 0.000000
0.848546 -0.113146 0.007031 0.000000
-0.714623 0.056683 0.117702 2.000000
0.650742 -0.061425 -0.046334 0.000000
0.359256 -0.044228 -0.323442 3.000000
-0.058349 0.018688 0.686322 1.000000
0.642940 0.024142 -0.079266 0.000000
-0.750870 0.059293 -0.141817 2.000000
0.586391 0.082674 0.023993 0.000000
0.184939 -0.067270 0.498460 3.000000
-0.550118 0.093634 -0.006538 2.000000
-0.135748 0.030744 0.735146 1.000000
-0.136166 -0.002867 -0.556030 1.000000
0.068788 -0.031206 -0.370492 1.000000
-0.082722 0.083327 -0.028172 0.000000
0.271262 0.049768 0.063763 0.000000
-0.041674 -0.058267 0.136073 1.000000
0.278856 -0.045402 0.194970 1.000000
0.178780 -0.028571 -0.167469 1.000000
0.025339 0.016522 0.536977 1.000000
-0.056392 -0.007564 -0.554960 1.000000
-0.176483 -0.038278 -0.064966 0.000000
-0.762743 0.012530 -0.020395 0.000000
0.429218 -0.057589 0.044609 0.000000
-0.720651 0.074193 0.171406 2.000000
0.321209 -0.090234 0.324430 3.000000
0.865351 -0.041305 -0.053354 0.000000
-0.837794 0.061824 0.150687 2.000000
-0.741789 0.223720 0.002491 2.000000
0.325410 -0.054744 -0.130440 1.000000
0.065422 0.006423 0.450158 1.000000
0.643279 0.088520 -0.009461 0.000000
0.869892 0.033197 -0.060086 0.000000
-0.398764 -0.060042 0.007918 0.000000
0.048877 -0.127942 0.126339 3.000000
-0.203283 0.028866 -0.820716 1.000000
0.812560 -0.049603 -0.053510 0.000000
0.826156 -0.130839 -0.008913 0.000000
-0.508991 0.070723 0.041921 0.000000
-0.039221 -0.019646 -0.457729 1.000000
0.102869 -0.017715 0.444887 1.000000
0.384699 -0.093183 -0.292023 3.000000
0.039665 -0.053935 0.177356 1.000000
0.369016 -0.070297 -0.031877 0.000000
-0.274211 0.042200 -0.073447 0.000000
-0.516976 0.039356 -0.002128 0.000000
-0.723783 0.093060 0.006848 2.000000
-0.156207 0.013547 0.713800 1.000000
-0.473058 0.072889 0.040616 0.000000
0.406802 -0.049682 -0.293432 3.000000
0.560948 -0.076221 -0.013010 0.000000
-0.718068 0.191623 0.003169 2.000000
-0.812220 0.079178 -0.283855 2.000000
0.059133 -0.106518 0.136021 3.000000
0.212182 -0.020324 0.194109 1.000000
0.318652 -0.065965 -0.084146 0.000000
-0.676080 0.082570 -0.001554 2.000000
0.367946 -0.039896 -0.311881 3.000000
-0.058375 -0.034494 0.305902 1.000000
-0.183529 0.016288 -0.079136 0.000000
0.217558 -0.031650 -0.106536 1.000000
