-0.059865 -0.018460 -0.449679 1.000000
-0.618666 0.078674 0.004907 2.000000
-0.633714 0.206135 -0.003081 2.000000
0.001484 -0.041221 -0.254610 1.000000
0.504310 -0.055404 -0.059688 0.000000
0.684542 -0.066658 0.055908 0.000000
-0.567623 0.113110 0.002736 2.000000
0.034719 -0.057048 -0.072776 1.000000
-0.443829 0.016250 0.092789 3.000000
0.720644 -0.088618 0.025138 0.000000
-0.289013 0.015386 0.065476 0.000000
-0.288465 -0.074224 0.041682 0.000000
-0.275188 0.000444 -0.011869 0.000000
-0.221130 0.030096 -0.093134 3.000000
-0.318391 0.016271 -0.075241 3.000000
-0.215103 0.010939 -0.119604 3.000000
-0.249244 -0.011442 -0.066980 0.000000
0.302539 0.009548 0.069227 0.000000
0.779190 -0.076290 -0.040278 0.000000
-0.624757 -0.008239 -0.010014 0.000000
0.052759 -0.107122 -0.079309 3.000000
-0.568171 0.080697 0.012409 2.000000
0.083823 -0.122254 -0.066706 3.000000
-0.575421 0.220382 0.009122 2.000000
0.030967 -0.091822 0.015465 0.000000
0.081210 -0.042591 -0.248140 1.000000
-0.622628 -0.004593 0.020354 0.000000
0.707409 0.000212 -0.064936 0.000000
0.390906 0.027062 -0.052607 0.000000
-0.225725 -0.003139 -0.084957 3.000000
0.667071 -0.093866 -0.002638 0.000000
0.561823 -0.074941 -0.041564 0.000000
-0.296810 -0.007206 -0.060468 0.000000
0.173350 -0.011168 -0.067844 0.000000
-0.580436 -0.016500 -0.011848 0.000000
-0.202500 0.028031 -0.089909 3.000000
0.286353 0.048389 0.033379 0.000000
-0.308992 -0.085668 0.007478 0.000000
0.297270 -0.022211 -0.068308 0.000000
0.067280 -0.053697 0.152810 1.000000
-0.653925 0.131762 0.000397 2.000000
0.059081 -0.133824 -0.098698 3.000000
-0.518392 0.064807 -0.007254 2.000000
-0.549225 -0.018313 0.024738 0.000000
-0.382859 0.056166 0.010702 0.000000
-0.172279 0.002720 0.070955 0.000000
-0.586063 0.147399 0.011798 2.000000
-0.063659 -0.018165 0.384487 1.000000
0.027364 -0.038966 -0.289468 1.000000
-0.352849 0.007588 0.053463 0.000000
-0.073438 0.057705 0.010491 0.000000
-0.072510 -0.019472 -0.399500 1.000000
-0.015355 -0.041916 0.224591 1.000000
0.057395 -0.034646 -0.065146 0.000000
-0.349097 0.027610 0.120186 3.000000
-0.380836 0.009928 0.132304 3.000000
-0.147537 0.031993 0.054180 0.000000
-0.038306 0.059327 0.006487 0.000000
0.431327 -0.063350 0.058985 0.000000
0.113560 -0.061622 -0.111638 1.000000
0.948948 -0.018081 0.027625 0.000000
-0.329519 0.054965 -0.010541 0.000000
0.028186 -0.042148 -0.257897 1.000000
-0.534451 0.154881 0.012409 2.000000
-0.280309 0.009127 -0.080974 0.000000
-0.115313 0.027441 0.058879 0.000000
-0.647328 0.190687 -0.143650 2.000000
0.112633 -0.037343 0.123411 1.000000
-0.289329 -0.011906 -0.131132 3.000000
0.471412 -0.086806 -0.023966 0.000000
0.012211 -0.034667 0.308891 1.000000
0.023275 -0.028724 0.339070 1.000000
-0.104291 -0.011695 -0.067970 0.000000
0.091916 -0.041242 0.237826 1.000000
-0.232237 -0.011695 -0.119730 3.000000
-0.535146 0.081603 0.012409 2.000000
-0.643429 0.191846 0.113506 2.000000
0.725702 -0.003897 -0.065989 0.000000
-0.045282 -0.029988 -0.340342 1.000000
-0.053206 -0.015278 -0.407803 1.000000
-0.536095 0.166999 0.012409 2.000000
0.083275 -0.050937 0.059448 1.000000
-0.217506 0.019475 -0.127423 3.000000
0.205004 0.049001 0.031882 0.000000
0.173202 0.038274 0.047710 0.000000
0.062200 0.031804 0.054390 0.000000
-0.253206 0.052562 -0.016463 0.000000
-0.594177 0.001687 -0.019561 0.000000
-0.019907 -0.038018 0.259976 1.000000
0.449747 -0.043624 -0.062849 0.000000
0.058154 -0.026932 0.230029 1.000000
0.353751 -0.095278 0.004970 0.000000
0.164835 -0.069314 -0.059056 1.000000
-0.587159 0.087483 0.011714 2.000000
-0.450657 -0.047270 -0.018170 0.000000
0.035520 -0.023834 -0.305506 1.000000
0.085973 -0.011990 -0.068055 0.000000
0.405194 0.033890 -0.045589 0.000000
-0.360857 -0.063581 0.038416 0.000000
-0.366315 -0.000736 -0.005041 0.000000
0.972594 -0.046384 0.033779 0.000000
-0.004143 -0.059282 0.078964 1.000000
0.001547 -0.031105 -0.354905 1.000000
-0.583808 0.194755 -0.064746 2.000000
0.438472 0.030939 -0.048624 0.000000
-0.372807 -0.004972 -0.041437 0.000000
0.161779 -0.040652 0.086993 1.000000
-0.204608 -0.004593 0.072831 0.000000
-0.571227 -0.016964 -0.013513 0.000000
0.490716 0.050033 -0.022702 0.000000
0.331580 -0.024340 -0.067781 0.000000
-0.076135 -0.095826 0.003368 0.000000
0.272380 -0.038608 0.070787 0.000000
0.999064 -0.043097 0.003684 0.000000
0.065762 -0.027670 0.277005 1.000000
0.112127 -0.001706 0.072093 0.000000
0.263824 -0.060483 0.061640 0.000000
0.186648 0.017789 0.067120 0.000000
-0.363407 -0.059640 -0.034862 0.000000
-0.257527 -0.008745 -0.073787 0.000000
0.102538 0.009970 -0.062449 0.000000
0.654658 0.048642 0.032789 0.000000
-0.025366 -0.036542 0.252452 1.000000
0.356722 0.051677 -0.018634 0.000000
0.112296 0.011024 -0.062175 0.000000
-0.648529 0.213258 0.007140 2.000000
-0.263870 -0.002190 -0.017559 0.000000
-0.327432 -0.024656 -0.060426 0.000000
0.244646 -0.071737 0.051208 0.000000
0.029176 -0.057343 0.107541 1.000000
-0.090824 0.045586 -0.033534 0.000000
-0.204292 0.017662 -0.083819 3.000000
0.639484 0.057641 -0.003966 0.000000
0.473098 -0.083413 -0.033703 0.000000
-0.022268 0.035386 0.050702 0.000000
0.056110 -0.051864 -0.090605 1.000000
-0.678055 0.189971 0.180144 2.000000
-0.659425 0.195303 -0.046811 2.000000
-0.230003 0.028979 0.127710 3.000000
0.451622 0.042994 -0.036190 0.000000
-0.290614 -0.006195 0.054201 0.000000
-0.542628 0.039517 -0.001627 0.000000
0.070694 -0.107733 -0.105126 3.000000
-0.103785 -0.006195 0.483581 1.000000
-0.110087 -0.012981 -0.466160 1.000000
0.071368 -0.037175 -0.172839 1.000000
0.133813 -0.094688 -0.000109 0.000000
0.708610 0.058779 0.007857 0.000000
0.142117 -0.038861 0.161577 1.000000
0.944670 -0.071822 -0.030647 0.000000
0.739021 0.012815 0.068384 0.000000
0.874237 0.028705 -0.014398 0.000000
-0.574746 0.015407 0.028005 0.000000
0.865470 0.025060 -0.032080 0.000000
0.060957 -0.133213 0.081956 3.000000
-0.249097 -0.002970 0.019027 0.000000
-0.299234 0.025797 0.059512 0.000000
0.058660 -0.045162 0.122778 1.000000
-0.043237 -0.014245 -0.405548 1.000000
-0.095187 -0.067227 -0.048729 0.000000
0.063402 -0.051737 -0.084556 1.000000
-0.378665 -0.018650 0.062462 0.000000
0.150673 -0.088576 0.025265 0.000000
-0.542902 0.202721 0.002314 2.000000
-0.066546 -0.013128 -0.431007 1.000000
0.207069 -0.092918 -0.005504 0.000000
-0.497085 0.040086 0.005138 2.000000
0.824290 0.006535 -0.059477 0.000000
0.009724 -0.042823 -0.243124 1.000000
0.019187 -0.045963 0.196309 1.000000
0.780602 -0.009293 -0.067149 0.000000
0.611159 0.016313 0.067499 0.000000
0.390821 0.033869 0.052262 0.000000
-0.110782 -0.013297 0.075044 0.000000
0.208692 -0.095742 0.003073 0.000000
-0.068527 -0.055383 -0.059709 0.000000
-0.325283 -0.035362 -0.097918 3.000000
0.882415 -0.079072 0.041661 0.000000
-0.214724 0.032162 -0.097391 3.000000
0.558535 -0.094498 -0.000678 0.000000
-0.026504 -0.070873 -0.045336 0.000000
0.299167 -0.058397 -0.056927 0.000000
0.251032 0.029127 0.057151 0.000000
-0.233038 0.007209 -0.130753 3.000000
0.111684 -0.062696 -0.052923 0.000000
0.223255 -0.088977 0.024021 0.000000
-0.392427 -0.001916 0.021029 0.000000
0.119967 0.033553 0.052599 0.000000
-0.608108 0.216356 -0.004978 2.000000
-0.639594 0.013279 0.019006 0.000000
0.058112 -0.075636 -0.040910 0.000000
-0.109581 -0.010030 -0.503799 1.000000
-0.029201 -0.015847 0.075697 0.000000
0.933542 -0.008871 -0.018571 0.000000
0.225995 -0.065057 0.057404 0.000000
-0.275082 0.034459 -0.095010 3.000000
-0.011793 -0.038144 -0.244009 1.000000
-0.663619 0.194165 -0.069256 2.000000
0.748547 -0.056121 0.065687 0.000000
0.091684 -0.045099 -0.106032 1.000000
-0.206673 0.009169 -0.109888 3.000000
-0.034934 -0.052623 0.067204 0.000000
-0.137126 -0.094646 0.006909 0.000000
0.778326 -0.045394 0.069016 0.000000
0.894786 0.015281 0.029838 0.000000
0.568019 -0.054013 -0.060194 0.000000
-0.452301 0.049675 0.012409 2.000000
0.011494 -0.038797 0.070745 0.000000
0.045130 -0.023876 0.258838 1.000000
-0.575821 0.076609 0.012409 2.000000
0.586902 -0.075426 -0.041121 0.000000
-0.105113 -0.001432 0.519324 1.000000
-0.072405 -0.015868 -0.420090 1.000000
-0.109644 0.025776 -0.053914 0.000000
-0.413608 0.009886 0.081198 3.000000
-0.088633 -0.091527 -0.009698 0.000000
-0.263934 -0.018629 0.136056 3.000000
0.790528 0.055934 0.010892 0.000000
0.443108 -0.063118 -0.052544 0.000000
0.573773 -0.092328 0.013906 0.000000
0.137859 0.052457 -0.016716 0.000000
0.286964 0.022193 -0.057623 0.000000
0.539189 -0.077196 -0.039477 0.000000
-0.257506 -0.023202 0.094369 3.000000
-0.063216 -0.024930 0.346594 1.000000
-0.221510 -0.004466 0.035465 0.000000
-0.570826 0.044533 -0.007254 2.000000
-0.219550 -0.007649 -0.124451 3.000000
-0.223638 0.026092 0.060228 0.000000
-0.301489 0.006682 0.047056 0.000000
0.589073 -0.091906 -0.008539 0.000000
-0.408191 -0.027670 0.114686 3.000000
-0.171963 -0.038671 0.070766 0.000000
-0.013458 0.047083 0.036603 0.000000
-0.168443 0.035850 0.050218 0.000000
-0.061067 0.046219 -0.032101 0.000000
0.661444 -0.082380 0.041324 0.000000
-0.644610 0.172752 0.007436 2.000000
-0.175335 -0.094709 -0.000046 0.000000
0.196911 0.017894 0.067077 0.000000
-0.650679 0.193764 0.070976 2.000000
0.449410 -0.033718 0.072030 0.000000
0.120915 -0.091632 -0.009361 0.000000
-0.548951 -0.023666 -0.013176 0.000000
-0.464335 -0.017301 -0.040025 0.000000
-0.586085 0.198717 -0.044999 2.000000
0.351538 -0.027206 -0.067043 0.000000
-0.073817 -0.054941 0.066614 0.000000
-0.306020 -0.085794 -0.001901 0.000000
-0.039528 -0.005162 0.072978 0.000000
0.120957 -0.036964 -0.130415 1.000000
0.896261 -0.077912 0.041788 0.000000
0.073897 -0.118144 0.066424 3.000000
-0.237316 -0.007480 0.121598 3.000000
0.720939 0.015913 -0.060931 0.000000
-0.444925 0.009569 -0.077560 3.000000
-0.048590 -0.017533 -0.449953 1.000000
0.790170 -0.052222 -0.060131 0.000000
0.142285 0.014501 -0.061290 0.000000
0.016089 -0.026047 -0.359605 1.000000
0.835607 0.026746 0.047963 0.000000
0.111410 -0.047881 -0.066917 1.000000
-0.139002 0.060381 0.002736 0.000000
0.817188 -0.087249 -0.022596 0.000000
-0.171120 -0.085773 0.033716 0.000000
0.140557 -0.075046 -0.041458 0.000000
-0.481953 0.100002 0.012409 2.000000
0.074108 0.021097 -0.058740 0.000000
-0.018622 -0.035320 0.280545 1.000000
-0.385177 -0.064193 -0.022470 0.000000
0.109366 -0.063877 0.076667 1.000000
-0.343260 -0.020547 -0.123798 3.000000
0.050230 -0.105499 0.065750 3.000000
0.094255 0.012541 0.068447 0.000000
-0.543134 -0.025352 0.019385 0.000000
0.475290 -0.078460 0.044949 0.000000
-0.287833 -0.005246 0.043874 0.000000
-0.505873 0.065797 0.012409 2.000000
0.289325 -0.078271 0.045117 0.000000
-0.513439 -0.035130 0.011566 0.000000
0.750465 0.012014 0.068595 0.000000
0.815165 0.028284 0.052578 0.000000
0.553688 -0.094730 0.006656 0.000000
0.521992 -0.077386 -0.039288 0.000000
0.675607 -0.094519 -0.000657 0.000000
0.026036 -0.095110 0.005539 0.000000
-0.399234 0.051024 0.001956 2.000000
0.463340 -0.014351 -0.068666 0.000000
0.056721 -0.053192 -0.165421 1.000000
-0.409603 0.012415 0.126150 3.000000
-0.258665 -0.064593 -0.047127 0.000000
0.012948 -0.039577 -0.275495 1.000000
0.280115 -0.009229 0.074011 0.000000
0.826123 -0.074035 0.047984 0.000000
0.588125 0.016292 0.067499 0.000000
0.674110 0.023226 0.063200 0.000000
0.383192 0.004807 0.070428 0.000000
-0.369603 0.002552 0.076329 3.000000
0.025024 0.045671 -0.033408 0.000000
0.930444 -0.019746 0.043537 0.000000
0.035225 -0.046996 0.131145 1.000000
0.070925 -0.055636 0.136330 1.000000
0.076173 -0.050346 -0.201754 1.000000
-0.255483 -0.025120 -0.121374 3.000000
0.160557 -0.070536 -0.047233 1.000000
-0.507602 0.045924 0.005960 0.000000
0.196953 0.046851 -0.030478 0.000000
-0.650426 0.219792 -0.001205 2.000000
0.527829 -0.058418 0.063579 0.000000
0.107891 0.057768 0.010323 0.000000
-0.588424 0.137958 0.005391 2.000000
0.058681 -0.093761 0.009606 0.000000
0.021252 -0.048682 -0.061564 0.000000
0.016615 -0.048618 0.176751 1.000000
-0.257864 0.027546 -0.051616 0.000000
-0.559256 0.007736 -0.026263 0.000000
-0.023321 0.046640 0.037657 0.000000
0.484015 -0.071990 -0.044282 0.000000
0.804754 0.046324 0.030154 0.000000
0.391959 0.037641 -0.041711 0.000000
0.048375 -0.054540 0.137573 1.000000
0.037922 -0.031358 0.224402 1.000000
0.043275 -0.042148 -0.172038 1.000000
0.811160 0.049570 -0.013555 0.000000
-0.003111 -0.024993 0.375740 1.000000
0.965471 -0.036648 -0.028518 0.000000
-0.221657 -0.094456 0.007119 0.000000
0.475332 -0.065120 -0.050668 0.000000
0.074361 -0.046005 -0.116127 1.000000
0.898874 0.001877 0.045139 0.000000
-0.260203 0.038358 0.047098 0.000000
0.068502 -0.131401 0.113421 3.000000
0.105741 -0.058313 0.125202 1.000000
0.189725 -0.072475 -0.039035 1.000000
-0.237084 0.009485 0.123326 3.000000
-0.400099 0.000929 0.061240 0.000000
0.422455 -0.008808 -0.067233 0.000000
0.286227 -0.042970 0.069670 0.000000
0.022390 -0.063624 0.053105 1.000000
0.118955 -0.055215 -0.167381 1.000000
0.120241 -0.036585 -0.168308 1.000000
0.025762 -0.042970 0.234096 1.000000
-0.469119 0.005355 0.084043 3.000000
-0.264060 0.044786 -0.033766 0.000000
0.091073 -0.062549 -0.094462 1.000000
0.581929 -0.068766 0.053948 0.000000
0.691181 -0.072876 -0.043460 0.000000
-0.375167 -0.003961 0.029986 0.000000
0.038892 -0.061727 -0.086917 1.000000
-0.057905 -0.030389 0.314560 1.000000
-0.086567 0.057262 0.011587 0.000000
-0.190488 -0.000926 -0.132713 3.000000
-0.581279 0.180424 0.012156 2.000000
0.107533 -0.045584 -0.087612 1.000000
-0.064502 -0.045394 -0.062386 0.000000
0.910528 -0.078165 -0.034187 0.000000
-0.343786 -0.033044 0.096477 3.000000
-0.339171 -0.029082 0.126024 3.000000
0.200157 -0.025499 -0.067465 0.000000
-0.063048 -0.087185 -0.022786 0.000000
0.061948 -0.074477 -0.089973 1.000000
-0.273038 0.028895 0.131187 3.000000
0.471180 -0.095046 0.005707 0.000000
0.360621 -0.089230 0.023263 0.000000
-0.043596 -0.020631 0.353738 1.000000
-0.445410 0.010939 0.087141 3.000000
-0.313776 -0.034287 0.122336 3.000000
-0.033775 -0.029777 -0.308857 1.000000
0.538072 -0.012243 -0.068118 0.000000
0.419378 0.026472 -0.053197 0.000000
0.721276 -0.043286 0.069606 0.000000
0.050251 0.016250 -0.060847 0.000000
0.054782 -0.068618 0.054095 0.000000
-0.265156 -0.009271 -0.132312 3.000000
-0.204966 -0.003033 -0.031511 0.000000
0.761150 -0.012011 0.074728 0.000000
-0.523745 0.006176 0.040081 0.000000
0.539695 0.037367 -0.042006 0.000000
0.101547 -0.044593 0.087120 1.000000
0.588504 0.028073 -0.051553 0.000000
-0.130593 0.012963 0.068342 0.000000
-0.543387 0.126008 -0.007254 2.000000
-0.005555 -0.038545 -0.277055 1.000000
-0.178917 -0.006469 0.073316 0.000000
0.062938 -0.067501 0.055128 0.000000
-0.429751 -0.006700 0.081725 3.000000
-0.563176 0.109380 0.012409 2.000000
0.222623 0.047399 -0.029172 0.000000
-0.591164 0.199033 -0.028244 2.000000
0.236195 -0.033339 -0.065484 0.000000
-0.249645 0.037157 -0.107844 3.000000
-0.377295 0.025460 -0.110542 3.000000
0.053454 0.048263 0.033695 0.000000
0.650190 0.024743 -0.054988 0.000000
0.828779 -0.091000 -0.011300 0.000000
-0.406758 0.066387 0.010028 2.000000
-0.157821 -0.024909 -0.067633 0.000000
-0.464524 0.052436 0.012409 2.000000
-0.259887 0.050328 0.028637 0.000000
-0.362353 -0.003708 -0.059098 0.000000
-0.368950 -0.032053 -0.106706 3.000000
-0.329961 0.009485 0.066656 0.000000
-0.481511 0.122426 0.011124 2.000000
-0.068906 -0.006785 0.456626 1.000000
-0.431627 0.047525 -0.017707 0.000000
-0.643471 0.165165 -0.002343 2.000000
0.562203 -0.063708 -0.051996 0.000000
-0.367201 -0.016690 0.079364 3.000000
-0.033669 -0.033149 -0.065526 0.000000
0.001737 -0.020525 -0.329489 1.000000
-0.648045 0.193279 0.081134 2.000000
-0.250298 -0.007564 0.069101 0.000000
0.830971 -0.048323 0.065623 0.000000
0.920750 -0.040926 0.058163 0.000000
0.034213 -0.078608 0.044822 0.000000
0.125910 -0.049693 -0.183145 1.000000
-0.375083 0.008031 -0.125969 3.000000
-0.642312 0.188812 -0.199562 2.000000
-0.640142 0.220466 0.005686 2.000000
0.831308 -0.066279 0.055023 0.000000
-0.041340 -0.019092 -0.438067 1.000000
0.016889 -0.044698 -0.228477 1.000000
-0.339382 0.034269 -0.043081 0.000000
0.545511 0.015808 0.067625 0.000000
-0.339424 0.022868 -0.054209 0.000000
0.110420 -0.042928 -0.101922 1.000000
-0.437190 0.031003 0.044169 0.000000
0.580938 0.019643 -0.059983 0.000000
-0.279044 0.010497 0.073758 0.000000
-0.701638 0.216630 0.001935 2.000000
-0.014976 -0.023497 0.313064 1.000000
-0.036430 -0.032939 -0.293936 1.000000
0.408609 -0.070852 0.052009 0.000000
-0.333502 -0.001305 0.000839 0.000000
-0.611943 0.195829 0.098479 2.000000
0.043886 -0.025141 -0.285021 1.000000
-0.056788 0.009907 0.069122 0.000000
0.846440 -0.040526 0.066340 0.000000
0.013581 -0.027670 -0.277518 1.000000
-0.178285 0.049232 -0.024662 0.000000
0.098639 -0.014498 -0.068687 0.000000
-0.342943 0.010581 0.074348 0.000000
-0.296832 -0.016079 0.137868 3.000000
0.874259 0.029570 0.018732 0.000000
0.652698 0.031572 0.054622 0.000000
-0.077737 -0.013676 -0.436929 1.000000
-0.125324 0.054206 0.019069 0.000000
0.538240 0.026514 0.059828 0.000000
0.110757 -0.057512 0.134897 1.000000
-0.345704 0.030370 0.111250 3.000000
0.522118 0.016735 0.067394 0.000000
0.379504 -0.002780 0.072367 0.000000
0.198682 -0.036184 0.071419 0.000000
0.181189 -0.028197 -0.066790 0.000000
-0.272975 0.009190 0.064717 0.000000
-0.500626 0.053553 0.012409 2.000000
-0.515399 0.037093 0.005433 2.000000
-0.658119 0.192710 -0.127886 2.000000
0.870339 -0.084509 -0.030057 0.000000
-0.575273 0.036145 -0.007254 2.000000
-0.469899 0.046092 0.019153 0.000000
0.702182 -0.012728 0.074896 0.000000
-0.025872 -0.081706 0.041935 0.000000
0.884922 -0.100083 0.008342 0.000000
0.627872 0.039285 0.046677 0.000000
0.267133 -0.068070 0.054601 0.000000
-0.286252 -0.031042 -0.115642 3.000000
-0.426779 -0.013444 -0.115768 3.000000
0.161505 -0.040526 0.102315 1.000000
0.394889 -0.011653 -0.067970 0.000000
0.845555 0.037304 -0.021795 0.000000
0.775860 0.049612 0.030407 0.000000
0.296553 0.028516 -0.051089 0.000000
-0.550932 0.187758 -0.007254 2.000000
-0.406063 0.021224 0.090766 3.000000
-0.539446 0.176103 -0.007254 2.000000
0.281843 -0.081516 0.042104 0.000000
0.392065 -0.084909 -0.029677 0.000000
-0.647349 0.192942 -0.088097 2.000000
-0.279866 0.030708 0.054728 0.000000
-0.356579 -0.046764 0.054917 0.000000
-0.468360 0.013068 -0.041142 0.000000
0.325658 -0.047291 -0.061922 0.000000
-0.249919 0.053342 0.021219 0.000000
0.240052 -0.022064 -0.068350 0.000000
-0.667497 0.183606 -0.000552 2.000000
0.089176 -0.033234 0.167204 1.000000
-0.244018 -0.038840 0.069375 0.000000
-0.006651 -0.026869 0.287900 1.000000
-0.212532 -0.009904 0.100039 3.000000
0.025404 -0.038228 0.279576 1.000000
0.335858 0.042341 -0.036885 0.000000
-0.584736 0.042931 0.011882 2.000000
-0.203406 0.003542 0.145139 3.000000
-0.542017 0.037283 0.014032 0.000000
0.164582 -0.084741 0.036877 0.000000
-0.002289 -0.041832 -0.247191 1.000000
0.895586 -0.120547 0.008742 0.000000
-0.248380 -0.077933 0.042483 0.000000
-0.090845 -0.016205 0.416879 1.000000
-0.122036 -0.005120 -0.523799 1.000000
-0.598182 0.130898 -0.005715 2.000000
0.017416 -0.019746 0.343664 1.000000
0.937842 -0.060694 0.047857 0.000000
0.794743 -0.067291 0.054959 0.000000
-0.418750 0.013953 0.123095 3.000000
-0.139339 -0.042949 -0.063018 0.000000
0.632951 0.045734 0.039933 0.000000
-0.579446 -0.020821 -0.003692 0.000000
-0.292806 0.013089 0.083052 3.000000
0.905154 -0.088998 -0.012670 0.000000
0.489030 0.027589 0.058711 0.000000
0.448040 0.038695 0.047267 0.000000
0.371264 -0.042507 -0.063144 0.000000
-0.174724 -0.057175 -0.058044 0.000000
0.882056 0.016861 0.038268 0.000000
0.497777 -0.082739 0.040987 0.000000
0.521149 -0.095742 0.003642 0.000000
0.522961 -0.023876 -0.067886 0.000000
0.015815 -0.029524 -0.265569 1.000000
0.114277 -0.051400 -0.040257 1.000000
0.695038 0.031972 0.054201 0.000000
-0.215967 0.001161 0.138226 3.000000
0.680538 0.059369 0.000270 0.000000
0.082833 -0.041284 0.126445 1.000000
-0.297316 -0.017933 0.071651 0.000000
-0.347980 -0.009208 -0.077644 0.000000
-0.405747 0.053152 0.016392 0.000000
0.750949 -0.072222 -0.044093 0.000000
-0.284123 0.002847 0.020186 0.000000
-0.554535 0.199644 -0.012270 2.000000
0.715038 -0.095299 0.001682 0.000000
0.090820 -0.068618 -0.047444 0.000000
-0.596875 0.082699 0.010976 2.000000
-0.220351 0.010033 0.135613 3.000000
-0.321911 -0.036627 0.113548 3.000000
0.535016 0.047778 0.034917 0.000000
-0.436158 0.041119 -0.027233 0.000000
-0.652660 0.192436 0.144507 2.000000
0.050546 -0.093192 -0.102028 3.000000
0.086247 -0.000715 0.071840 0.000000
0.094677 -0.037491 -0.147591 1.000000
0.176026 -0.042717 0.068384 1.000000
-0.574283 0.026071 -0.013576 0.000000
-0.252827 -0.021326 -0.066685 0.000000
-0.452870 -0.026890 0.045771 0.000000
-0.239845 -0.007944 0.073337 0.000000
0.119292 -0.065457 0.066213 1.000000
0.356406 -0.092054 0.014749 0.000000
-0.393333 0.017199 0.125750 3.000000
0.058955 -0.092770 -0.110753 3.000000
0.836956 -0.001263 0.066066 0.000000
0.041990 -0.061221 0.078879 1.000000
-0.571690 0.199749 -0.034103 2.000000
-0.643977 0.196146 -0.008855 2.000000
-0.613566 0.023605 -0.003544 0.000000
-0.169497 0.059159 -0.000257 0.000000
0.069134 -0.042127 -0.144873 1.000000
-0.331036 -0.003139 -0.071490 3.000000
0.057353 -0.040441 0.154517 1.000000
-0.207453 0.005502 0.070260 0.000000
0.639948 -0.071737 0.051208 0.000000
-0.464229 0.020023 -0.039983 0.000000
0.094213 -0.078250 -0.038487 0.000000
0.068713 0.051213 -0.019793 0.000000
-0.657486 0.196799 0.002399 2.000000
0.449789 -0.009524 -0.067423 0.000000
-0.584462 -0.001937 -0.020362 0.000000
-0.608213 0.178843 0.010133 2.000000
-0.138475 0.007040 -0.063208 0.000000
0.004034 -0.045057 0.180292 1.000000
0.100704 -0.032201 0.072431 0.000000
0.384330 -0.079177 -0.037623 0.000000
-0.627981 0.180993 0.008658 2.000000
0.011178 -0.054540 -0.117370 1.000000
-0.200224 0.051825 0.024970 0.000000
0.318766 0.009085 0.069333 0.000000
0.033244 -0.027017 -0.335790 1.000000
0.205447 0.024596 0.061788 0.000000
0.037606 -0.045942 0.211230 1.000000
0.429894 -0.018544 0.075908 0.000000
-0.532681 -0.031590 -0.001479 0.000000
-0.230382 -0.075426 0.046719 0.000000
-0.228633 0.042109 -0.037011 0.000000
0.484837 -0.059409 -0.055979 0.000000
0.556407 0.041372 -0.037854 0.000000
0.916324 -0.061010 -0.048244 0.000000
0.151094 -0.039114 0.095529 1.000000
-0.128000 0.051487 -0.019140 0.000000
0.532972 0.043605 -0.035557 0.000000
-0.202837 0.036377 0.049670 0.000000
-0.530932 0.179728 -0.004451 2.000000
0.529789 -0.081411 0.042209 0.000000
-0.429350 0.002573 0.056519 0.000000
-0.227558 0.001371 -0.017159 0.000000
0.263824 -0.075952 0.047267 0.000000
0.073560 -0.105162 -0.094377 3.000000
-0.380773 0.027420 -0.089614 3.000000
-0.318897 -0.010599 -0.130394 3.000000
-0.449603 0.091530 0.009922 2.000000
0.538493 -0.087965 0.027098 0.000000
-0.389350 0.046472 0.034032 0.000000
0.375289 0.058379 -0.002154 0.000000
0.013644 0.025376 -0.054335 0.000000
-0.626043 0.203395 0.008805 2.000000
-0.331036 0.055239 0.016540 0.000000
-0.355799 0.004743 0.077699 3.000000
0.412655 -0.058882 0.063136 0.000000
-0.161657 0.024048 -0.055705 0.000000
0.134825 0.025249 0.061134 0.000000
0.458261 -0.069630 0.053168 0.000000
-0.263512 0.027062 0.134475 3.000000
-0.289561 -0.000736 -0.074377 3.000000
-0.216515 0.022236 -0.111764 3.000000
0.026626 -0.022422 -0.328751 1.000000
-0.261868 -0.031653 0.070176 0.000000
-0.494788 0.130982 -0.007254 2.000000
-0.412912 -0.011210 0.058795 0.000000
0.974048 -0.037659 0.030154 0.000000
0.005635 -0.049061 -0.166432 1.000000
-0.262880 0.015597 0.141388 3.000000
-0.119571 -0.006131 0.496310 1.000000
0.250273 0.027062 -0.052607 0.000000
0.882162 -0.132328 -0.006811 0.000000
-0.299002 -0.035573 0.067035 0.000000
-0.460520 0.010412 0.086108 3.000000
-0.444440 0.015323 0.116077 3.000000
-0.345156 -0.077491 0.011672 0.000000
-0.515821 0.045565 0.005897 2.000000
-0.341911 -0.033191 0.063221 0.000000
-0.389519 0.006767 -0.054209 0.000000
0.068249 -0.035973 0.171714 1.000000
0.873668 -0.064467 -0.048750 0.000000
0.649389 -0.069525 -0.046601 0.000000
0.790675 -0.090747 -0.012017 0.000000
0.128586 -0.041600 -0.093492 1.000000
-0.080434 -0.018629 0.418607 1.000000
-0.400162 -0.011800 0.077004 3.000000
-0.237274 0.026303 0.119196 3.000000
-0.196641 0.038969 -0.100889 3.000000
0.094993 -0.047986 0.210303 1.000000
-0.471648 -0.006237 0.047963 0.000000
0.183950 -0.058102 -0.100742 1.000000
0.222264 0.045060 0.040734 0.000000
-0.024375 -0.025921 -0.322028 1.000000
0.210863 -0.069419 -0.041669 1.000000
-0.270888 0.029485 -0.085905 3.000000
-0.624736 0.020339 0.015275 0.000000
-0.439572 0.024575 0.049290 0.000000
0.653267 -0.023813 0.074559 0.000000
-0.273207 0.043500 -0.034988 0.000000
-0.382986 -0.004698 -0.039056 0.000000
-0.654009 0.189950 0.213822 2.000000
-0.322880 -0.070705 0.039701 0.000000
-0.392427 0.008410 -0.079014 0.000000
0.559547 -0.028197 0.073442 0.000000
0.967641 -0.078566 -0.006326 0.000000
0.592255 -0.019598 -0.068982 0.000000
-0.659362 0.193343 -0.107528 2.000000
0.321928 -0.075763 -0.040805 0.000000
-0.643387 0.192668 0.150703 2.000000
0.716766 0.052921 -0.015599 0.000000
0.362138 0.013026 0.068342 0.000000
-0.345641 0.021519 -0.122196 3.000000
-0.422775 -0.056880 -0.013787 0.000000
-0.510447 0.153701 0.005433 2.000000
-0.320836 -0.049440 0.059870 0.000000
-0.533081 0.071361 0.010049 2.000000
-0.070866 -0.008976 -0.460322 1.000000
-0.559425 0.176483 -0.007254 2.000000
-0.549857 0.171973 0.012409 2.000000
-0.053290 -0.030494 -0.331660 1.000000
0.124877 -0.037343 -0.152818 1.000000
-0.633608 0.178042 -0.003081 2.000000
0.123423 -0.059957 0.062146 0.000000
-0.323765 0.051761 -0.018423 0.000000
0.807725 -0.092033 0.014833 0.000000
0.043107 0.033595 0.052536 0.000000
-0.680943 0.210477 0.004717 2.000000
-0.557591 0.061793 0.012409 2.000000
-0.007937 -0.058840 0.063179 0.000000
-0.331563 -0.078018 -0.011131 0.000000
0.919085 -0.029398 0.055212 0.000000
-0.670300 0.156419 0.001197 2.000000
-0.194429 0.007420 -0.137349 3.000000
0.123760 -0.044467 0.197152 1.000000
-0.353375 0.028389 0.097952 3.000000
-0.212637 0.011719 -0.100615 3.000000
0.036257 -0.040610 -0.277792 1.000000
-0.665179 0.166198 0.005897 2.000000
0.156574 0.028916 -0.050710 0.000000
0.039945 0.052394 -0.016864 0.000000
0.476912 0.022257 -0.057559 0.000000
-0.362648 0.028010 0.054749 0.000000
-0.612007 0.192942 -0.075642 2.000000
-0.254892 0.002320 0.016477 0.000000
0.187933 -0.046827 -0.052860 1.000000
-0.586970 0.220466 0.003621 2.000000
0.331474 0.026387 0.059954 0.000000
-0.364925 0.001624 0.064190 0.000000
-0.258981 -0.060821 0.057257 0.000000
0.564605 -0.029925 -0.066348 0.000000
-0.269139 0.007947 0.055950 0.000000
0.360537 -0.072391 0.050597 0.000000
0.363550 -0.063329 0.059006 0.000000
0.224625 -0.007375 0.073547 0.000000
0.188081 0.052583 -0.016421 0.000000
0.638430 -0.053360 0.067014 0.000000
-0.619952 0.197452 -0.035768 2.000000
-0.498013 0.008495 -0.037306 0.000000
0.742351 -0.094920 0.006108 0.000000
-0.296073 -0.029651 0.127815 3.000000
-0.549941 0.086935 -0.002280 2.000000
-0.004185 -0.050642 0.152452 1.000000
-0.640036 0.215050 -0.002596 2.000000
-0.663746 0.193511 -0.085294 2.000000
0.052316 -0.043961 -0.150437 1.000000
0.063739 -0.053023 -0.170289 1.000000
0.452149 -0.085289 -0.028518 0.000000
0.559400 0.036419 0.049627 0.000000
0.144667 -0.042212 0.168932 1.000000
-0.016093 -0.042928 0.211167 1.000000
-0.257948 -0.013950 -0.067317 0.000000
0.151221 -0.063919 -0.104514 1.000000
0.016974 -0.034119 0.228617 1.000000
-0.583872 0.011782 0.027204 0.000000
-0.558118 0.113806 -0.007254 2.000000
-0.256368 -0.031232 -0.105273 3.000000
0.798431 0.047589 -0.022322 0.000000
0.136047 -0.043560 -0.178719 1.000000
0.045446 0.010960 0.068869 0.000000
-0.373586 -0.052391 -0.039477 0.000000
-0.273523 -0.007354 0.066888 0.000000
0.892889 0.007820 0.042230 0.000000
-0.051288 0.009253 -0.062639 0.000000
-0.323491 0.056166 0.014285 0.000000
0.053834 -0.063223 0.065771 1.000000
-0.627750 0.197263 0.031840 2.000000
-0.110129 0.010096 -0.062428 0.000000
-0.067958 -0.014351 -0.477287 1.000000
-0.238222 0.015049 0.137383 3.000000
-0.107832 -0.051822 0.067415 0.000000
-0.274176 -0.054182 -0.055136 0.000000
0.398472 0.054312 -0.012185 0.000000
0.560137 -0.038144 -0.064240 0.000000
0.007300 -0.048323 0.151799 1.000000
-0.240730 0.036482 -0.114778 3.000000
0.800560 -0.030873 0.071798 0.000000
0.672424 -0.072454 -0.043861 0.000000
-0.626317 0.194734 0.111166 2.000000
-0.417232 0.004364 -0.120468 3.000000
0.097691 -0.063350 0.077573 1.000000
-0.213923 0.028874 -0.129615 3.000000
0.083908 -0.101116 -0.100847 3.000000
0.139019 -0.057723 0.138395 1.000000
-0.370046 -0.068450 -0.018192 0.000000
0.675628 -0.087923 0.027225 0.000000
-0.239993 -0.049251 -0.060299 0.000000
-0.641069 0.188959 -0.184704 2.000000
0.233013 -0.085099 0.035760 0.000000
0.448735 -0.091379 0.016793 0.000000
-0.392912 0.026914 -0.094230 3.000000
-0.619067 0.015681 0.020186 0.000000
-0.092742 -0.014603 0.451610 1.000000
0.042538 0.037030 -0.042322 0.000000
-0.397717 0.022699 -0.110436 3.000000
-0.619488 0.158695 0.009290 2.000000
-0.089939 -0.055826 0.065982 0.000000
0.326669 -0.087544 -0.021732 0.000000
0.015899 -0.055152 -0.059899 0.000000
0.255352 0.053869 0.019933 0.000000
-0.094765 -0.004698 -0.526181 1.000000
-0.005176 -0.032875 -0.333219 1.000000
0.151495 0.059348 0.000228 0.000000
-0.072068 0.055724 -0.008687 0.000000
-0.662734 0.188833 0.198458 2.000000
0.177038 0.052078 -0.017686 0.000000
0.418071 0.057367 0.011313 0.000000
-0.563029 0.198401 -0.032080 2.000000
0.215457 0.058084 -0.002891 0.000000
-0.007536 -0.021137 0.390156 1.000000
0.003739 -0.058418 0.091482 1.000000
-0.035039 -0.018228 0.360103 1.000000
-0.403597 0.045755 0.033800 0.000000
-0.452891 0.012204 0.050428 0.000000
-0.404314 0.024469 0.108152 3.000000
0.113012 -0.093529 0.010302 0.000000
-0.615610 0.146641 -0.004430 2.000000
0.732804 0.050855 0.027309 0.000000
-0.667539 0.192500 0.123790 2.000000
-0.286399 -0.034519 0.114981 3.000000
0.760285 -0.088028 -0.020257 0.000000
0.066774 -0.044762 0.236878 1.000000
-0.252026 -0.092264 0.001766 0.000000
0.907662 -0.046068 -0.054525 0.000000
0.668863 0.048769 -0.025779 0.000000
0.604310 0.019454 -0.060025 0.000000
-0.125893 0.025839 -0.053871 0.000000
0.490885 0.058653 0.008152 0.000000
0.164013 0.002552 -0.064346 0.000000
0.549473 0.032752 -0.046727 0.000000
0.541296 -0.027227 0.073695 0.000000
-0.238180 0.045565 0.039975 0.000000
0.023654 -0.023307 -0.293788 1.000000
0.228861 -0.091105 0.017594 0.000000
0.076826 -0.088260 -0.019540 0.000000
0.601107 -0.045689 -0.062322 0.000000
-0.496411 0.059981 -0.007254 2.000000
0.495648 -0.088661 -0.018339 0.000000
-0.142690 -0.060252 -0.055199 0.000000
-0.104123 -0.014646 -0.458994 1.000000
-0.192637 0.005628 0.140271 3.000000
-0.095903 -0.016268 0.432537 1.000000
-0.142879 -0.087712 0.027878 0.000000
0.043612 -0.040568 0.266615 1.000000
-0.334535 0.028979 0.097151 3.000000
0.290147 0.057936 0.009922 0.000000
-0.343744 0.005376 -0.039899 0.000000
-0.362480 -0.005267 0.044190 0.000000
-0.193101 0.035260 0.118985 3.000000
0.488588 -0.007438 -0.066896 0.000000
0.263255 0.051213 0.026466 0.000000
-0.249687 0.017220 -0.077349 3.000000
-0.003153 -0.040336 -0.261059 1.000000
-0.591859 -0.014856 0.017467 0.000000
0.058871 -0.044951 -0.246138 1.000000
-0.404946 0.064385 -0.006664 2.000000
-0.324714 0.002699 -0.024683 0.000000
-0.588297 0.005123 0.028089 0.000000
0.179798 -0.065605 -0.079730 1.000000
0.086795 -0.112075 0.073316 3.000000
0.007553 -0.025373 -0.067507 0.000000
-0.227074 0.005755 -0.042006 0.000000
-0.345135 0.010202 -0.071279 0.000000
0.590970 0.034480 0.051630 0.000000
0.410674 -0.048176 -0.061690 0.000000
0.333898 -0.095531 0.002420 0.000000
-0.656348 0.152099 0.006550 2.000000
-0.527960 0.064849 0.006824 2.000000
-0.252595 0.033995 -0.092143 3.000000
0.326606 -0.005899 -0.066495 0.000000
-0.195588 -0.004593 -0.066179 0.000000
-0.257295 0.011656 0.081914 0.000000
-0.055861 -0.094014 -0.002175 0.000000
0.734490 -0.003855 0.072641 0.000000
-0.221742 0.026851 0.097868 3.000000
0.722604 -0.085373 -0.028265 0.000000
-0.259276 -0.006469 0.141493 3.000000
-0.031077 -0.035720 0.276393 1.000000
-0.351479 -0.002654 0.090133 0.000000
-0.397001 0.046556 -0.026622 0.000000
0.062053 -0.052812 0.064865 1.000000
0.153497 -0.083708 -0.033281 0.000000
-0.190045 0.036103 -0.111680 3.000000
0.538957 0.049570 -0.023840 0.000000
0.217712 0.050750 -0.020931 0.000000
-0.124502 -0.001305 -0.559016 1.000000
-0.215103 0.000697 0.090492 0.000000
-0.522438 -0.018481 0.032367 0.000000
0.919422 0.000634 0.016793 0.000000
-0.351205 -0.032053 -0.109804 3.000000
0.437123 -0.087818 -0.020910 0.000000
-0.251352 -0.082612 -0.027528 0.000000
0.065256 -0.061369 0.093063 1.000000
0.912257 0.000065 0.029817 0.000000
0.049577 -0.053339 0.072072 1.000000
-0.496411 0.095028 -0.007254 2.000000
0.763615 -0.003097 -0.065779 0.000000
0.146563 -0.086490 0.031587 0.000000
-0.325725 -0.001621 -0.012586 0.000000
0.814427 -0.022085 -0.066811 0.000000
0.913711 -0.065478 0.054264 0.000000
-0.009370 -0.042633 -0.236401 1.000000
-0.645221 0.189022 0.184823 2.000000
0.246248 -0.005921 0.073168 0.000000
-0.190530 -0.012475 -0.112755 3.000000
0.832551 -0.015362 -0.063777 0.000000
-0.648424 0.196525 0.025939 2.000000
0.084118 -0.048892 0.204886 1.000000
-0.198644 0.046514 -0.031363 0.000000
-0.071520 0.038969 -0.040341 0.000000
0.151790 -0.042401 -0.141058 1.000000
-0.202711 -0.010705 0.128722 3.000000
0.553098 0.031256 0.054938 0.000000
-0.602586 0.195492 -0.008729 2.000000
0.066141 -0.111063 0.089080 1.000000
-0.380857 0.000381 -0.011553 0.000000
0.899274 -0.117639 -0.009467 0.000000
0.412381 0.008790 -0.062744 0.000000
-0.642059 0.019707 -0.003102 0.000000
0.821930 0.034227 -0.038318 0.000000
-0.061235 -0.020736 -0.424495 1.000000
0.106774 -0.088935 0.024169 0.000000
0.224878 0.038274 0.047731 0.000000
-0.058327 -0.058608 0.063389 0.000000
0.141484 -0.041390 -0.162850 1.000000
0.627872 -0.016858 0.075950 0.000000
-0.143680 -0.018018 -0.069382 0.000000
-0.234998 0.030455 0.104169 3.000000
0.155373 -0.065942 0.073274 1.000000
0.514700 -0.044256 -0.062681 0.000000
0.194382 0.040191 0.045750 0.000000
-0.534830 0.152542 -0.007254 2.000000
-0.513587 0.035239 0.025918 0.000000
-0.031098 -0.056669 -0.058529 0.000000
-0.216262 -0.000125 -0.118255 3.000000
-0.162690 0.024259 0.062146 0.000000
-0.272532 0.010328 -0.075052 3.000000
-0.310720 0.044385 0.040186 0.000000
0.018027 -0.056627 -0.123819 1.000000
-0.232722 -0.011611 0.088532 3.000000
-0.423450 0.017557 -0.046938 0.000000
0.659695 0.060402 0.002799 0.000000
-0.085218 0.000718 -0.064809 0.000000
-0.188401 0.007947 0.091988 3.000000
0.384541 -0.086680 0.030976 0.000000
-0.158643 -0.090578 0.019216 0.000000
0.506480 -0.094477 0.007457 0.000000
0.083739 -0.055510 -0.155389 1.000000
-0.628002 0.195872 -0.003502 2.000000
-0.331689 -0.018144 -0.075705 3.000000
0.194572 0.020697 -0.059161 0.000000
-0.681111 0.190055 0.004717 2.000000
0.068397 0.022531 0.063937 0.000000
-0.663408 0.190350 0.161788 2.000000
-0.310088 -0.030473 -0.119098 3.000000
-0.264840 0.009043 0.067899 0.000000
-0.479129 -0.031337 -0.026326 0.000000
0.830086 0.042299 -0.020868 0.000000
-0.305557 -0.015826 0.071714 0.000000
0.289051 -0.043350 -0.062912 0.000000
-0.330488 0.008094 0.080060 3.000000
0.204477 -0.051105 -0.066137 1.000000
-0.246884 -0.029925 -0.103819 3.000000
-0.392174 -0.000947 -0.006790 0.000000
-0.596938 0.193869 -0.048582 2.000000
0.370316 -0.047649 0.068490 0.000000
-0.011309 0.013742 -0.061500 0.000000
-0.430151 0.055660 0.001977 0.000000
0.136279 -0.040947 0.070197 0.000000
0.017121 -0.047396 -0.165126 1.000000
0.399251 0.040739 -0.038529 0.000000
0.061231 -0.089187 0.087373 1.000000
-0.382733 -0.013887 -0.056527 0.000000
-0.009264 0.058358 0.008869 0.000000
-0.570342 0.133448 -0.007254 2.000000
0.291516 0.007083 -0.063186 0.000000
-0.619214 -0.004235 -0.014145 0.000000
-0.663893 0.195092 0.047330 2.000000
-0.263849 -0.002717 -0.064261 0.000000
-0.104123 -0.090389 -0.013155 0.000000
0.079145 -0.127565 0.110344 3.000000
0.927852 -0.084909 -0.020868 0.000000
-0.317232 -0.002106 0.068700 0.000000
-0.383428 0.006219 -0.081922 0.000000
-0.220983 -0.007248 -0.080046 3.000000
0.583509 -0.086553 -0.024683 0.000000
0.850676 0.027272 -0.035578 0.000000
-0.299550 0.005355 -0.039814 0.000000
-0.216557 0.001835 -0.130521 3.000000
0.173097 -0.044551 -0.085104 1.000000
0.221295 0.060234 0.004295 0.000000
0.717482 -0.084066 0.038858 0.000000
0.036552 -0.088260 0.026213 0.000000
0.852657 0.039707 0.016961 0.000000
-0.057020 -0.008492 0.441874 1.000000
-0.479319 0.044196 0.012409 2.000000
-0.632196 0.193680 -0.134146 2.000000
-0.190256 -0.012032 0.124781 3.000000
0.490485 -0.039008 -0.064029 0.000000
-0.237885 0.012899 -0.061142 0.000000
-0.044902 -0.018460 0.432432 1.000000
-0.344271 -0.008808 0.082736 0.000000
-0.571859 0.072921 -0.007254 2.000000
-0.225746 -0.022970 -0.091237 3.000000
0.376490 -0.090789 -0.011911 0.000000
-0.651880 0.190856 -0.190437 2.000000
-0.047515 -0.012475 0.403559 1.000000
-0.651733 0.190118 0.160629 2.000000
0.883089 -0.121453 0.011250 0.000000
0.456533 0.056271 -0.007359 0.000000
0.064034 -0.049967 0.184970 1.000000
0.076848 -0.055215 -0.046853 1.000000
-0.597170 0.192900 -0.073197 2.000000
-0.210319 -0.025942 0.074032 0.000000
-0.282648 -0.042528 0.066213 0.000000
0.057922 -0.060441 0.090155 1.000000
-0.234155 -0.005647 0.048173 0.000000
0.184856 -0.092264 -0.007443 0.000000
0.967410 -0.017975 0.001977 0.000000
0.663088 0.023057 -0.056716 0.000000
0.253518 -0.047101 0.068616 0.000000
-0.210614 -0.006932 0.133506 3.000000
0.901424 -0.009461 0.055739 0.000000
-0.204966 0.003669 -0.070457 0.000000
0.189282 -0.058608 -0.093239 1.000000
-0.206989 -0.006679 -0.055916 0.000000
0.007047 -0.052981 0.137173 1.000000
-0.117379 -0.006110 -0.513515 1.000000
0.019966 -0.073845 0.049248 0.000000
-0.221447 0.016482 0.085961 3.000000
0.028291 -0.054182 0.085413 1.000000
-0.122921 -0.093065 0.011672 0.000000
-0.342311 -0.061811 0.043958 0.000000
0.201590 0.049485 -0.024029 0.000000
0.237586 0.039180 0.046803 0.000000
0.054150 -0.100336 -0.094377 3.000000
-0.243048 0.006724 0.047288 0.000000
0.894912 -0.059767 -0.051469 0.000000
-0.613608 0.015281 -0.014082 0.000000
0.465890 0.048200 0.033863 0.000000
-0.287769 0.052056 -0.017707 0.000000
-0.456305 -0.031653 -0.033555 0.000000
0.644964 -0.081221 0.042378 0.000000
0.014108 -0.050431 0.160755 1.000000
-0.536832 0.013089 0.036034 0.000000
0.851456 0.015766 0.054222 0.000000
0.708652 -0.036437 0.071335 0.000000
-0.607897 0.195640 0.007035 2.000000
-0.101804 -0.013592 0.456247 1.000000
0.628715 0.058400 0.008763 0.000000
0.104730 -0.044698 -0.218593 1.000000
0.186100 0.046809 0.037299 0.000000
0.107427 -0.059472 0.114939 1.000000
