0.789624 -0.127749 -0.059062 0.000000
-0.659069 -0.022263 -0.252176 2.000000
-0.740379 0.073863 -0.230754 2.000000
0.388244 -0.027266 -0.702457 1.000000
0.880436 -0.081768 0.051952 0.000000
0.039427 0.029199 0.043359 0.000000
0.017885 0.040424 0.039793 0.000000
0.577887 -0.208652 0.241213 0.000000
0.564579 -0.010822 -0.067727 0.000000
0.012643 0.040424 -0.038501 0.000000
-0.318198 0.018475 -0.111122 0.000000
0.493179 -0.026093 0.409434 1.000000
-0.211349 0.053637 -0.009826 0.000000
-0.104930 0.033244 -0.022464 0.000000
0.694599 -0.070375 -0.024690 0.000000
-0.506813 0.037720 0.165935 0.000000
-0.728243 0.113812 0.345382 2.000000
-0.475720 0.046361 -0.111146 0.000000
0.221363 0.033268 0.129983 0.000000
0.396909 -0.071954 -0.059900 0.000000
-0.500853 0.018475 0.022966 0.000000
0.410600 -0.041173 0.129457 1.000000
0.798217 -0.133541 -0.051187 0.000000
0.468596 -0.043519 -0.270703 1.000000
-0.752131 -0.033130 -0.222640 2.000000
-0.555929 -0.008117 -0.196047 2.000000
0.521088 -0.213343 -0.236307 0.000000
0.538489 -0.006753 0.076343 0.000000
-0.402333 0.018475 0.108920 0.000000
-0.053827 0.028145 -0.165337 0.000000
0.520537 -0.003211 0.174528 1.000000
0.503423 -0.116307 0.030290 0.000000
0.323306 0.055911 0.039984 0.000000
0.625855 -0.144432 0.045035 0.000000
0.478147 -0.032987 0.444117 1.000000
-0.782721 0.107014 -0.333558 2.000000
-0.086715 0.026949 -0.162776 0.000000
-0.529743 -0.020205 -0.252176 2.000000
0.777752 -0.207455 0.226899 0.000000
-0.749785 -0.102903 -0.319771 2.000000
0.382284 -0.036649 -0.274030 1.000000
0.472881 -0.162073 -0.159449 0.000000
-0.819702 -0.059268 0.316850 2.000000
0.496194 -0.043112 -0.130558 1.000000
0.444469 0.088703 -0.023924 0.000000
-0.755961 -0.026548 0.204663 2.000000
0.407177 -0.003905 0.597450 1.000000
0.021810 0.028169 -0.202605 0.000000
0.268780 0.082958 0.038692 0.000000
0.898747 -0.122914 -0.039674 0.000000
-0.711680 -0.048210 0.308473 2.000000
0.422544 -0.043423 0.302249 1.000000
-0.208237 0.053039 -0.044174 0.000000
0.646176 0.028600 -0.057482 0.000000
-0.850388 -0.080212 -0.301293 2.000000
0.476543 -0.070087 -0.062174 0.000000
-0.535967 0.062709 -0.203156 0.000000
0.483413 -0.222559 -0.235565 0.000000
0.513189 -0.004623 -0.230706 1.000000
0.412467 0.074270 0.061335 0.000000
0.537891 0.086118 0.006115 0.000000
0.444110 0.002654 -0.182834 1.000000
-0.340554 0.018475 0.135752 0.000000
0.532529 -0.010439 -0.210600 1.000000
0.400906 -0.000147 -0.287314 1.000000
0.524511 -0.039473 -0.119045 1.000000
-0.438284 0.018475 -0.156840 0.000000
-0.731522 0.013305 0.308473 2.000000
0.036148 0.052560 0.063848 0.000000
-0.150648 0.053709 0.112749 0.000000
0.636770 -0.071667 -0.067727 0.000000
-0.746674 0.092509 -0.318311 2.000000
-0.877699 0.128484 -0.343755 2.000000
0.711976 -0.147903 -0.026198 0.000000
0.301500 -0.068125 -0.013895 0.000000
0.732609 0.036308 0.033977 0.000000
0.415339 -0.041771 -0.089078 1.000000
0.506511 0.061656 0.071508 0.000000
0.068222 0.028121 -0.050637 0.000000
-0.458103 0.018475 -0.094320 0.000000
0.055440 0.025943 -0.001137 0.000000
0.469578 0.012587 0.076343 0.000000
0.782228 -0.011181 0.057841 0.000000
0.570778 -0.135504 0.012027 0.000000
0.485112 -0.011923 -0.068612 1.000000
-0.346491 0.018475 0.052503 0.000000
0.464910 -0.044045 -0.221299 1.000000
-0.817979 -0.063242 -0.299880 2.000000
-0.530677 -0.025878 -0.227522 0.000000
-0.926312 0.095716 0.336813 2.000000
-0.563589 -0.030138 0.241500 2.000000
0.153936 0.049759 0.106646 0.000000
-0.678720 0.069100 0.260793 2.000000
0.749316 -0.063361 -0.067727 0.000000
0.384941 -0.002756 -0.455990 1.000000
-0.270111 0.038557 -0.150832 0.000000
0.454019 -0.024154 0.617843 1.000000
0.383720 -0.037319 -0.511641 1.000000
0.113341 0.024220 0.182498 0.000000
0.798073 -0.090911 0.076343 0.000000
-0.633146 -0.033801 -0.241621 2.000000
-0.669098 0.002343 0.260793 2.000000
0.156593 0.036738 -0.097862 0.000000
-0.898834 -0.080619 -0.302513 2.000000
-0.072497 0.025776 0.230921 0.000000
-0.060792 0.026781 0.102888 0.000000
0.627482 0.025824 0.068420 0.000000
-0.134611 0.026757 -0.078546 0.000000
-0.874108 0.049759 0.292148 2.000000
0.476136 0.001361 0.266872 1.000000
0.491766 -0.001032 -0.232717 1.000000
-0.508010 0.044996 -0.130726 0.000000
0.131556 0.018475 0.115095 0.000000
0.579467 -0.027338 0.076343 0.000000
0.022289 0.055528 0.016623 0.000000
0.509239 -0.029564 0.334156 1.000000
0.653620 -0.044811 -0.064472 0.000000
-0.173434 0.025895 -0.072035 0.000000
-0.435340 0.048060 0.160047 0.000000
0.323306 -0.090002 0.026652 0.000000
0.740627 -0.075856 0.076343 0.000000
-0.346658 0.037026 -0.033044 0.000000
-0.702033 0.060961 0.204663 2.000000
0.534731 -0.035237 0.165767 1.000000
-0.320760 0.049759 0.091207 0.000000
-0.866425 0.078387 -0.319987 2.000000
0.071142 0.028576 0.105281 0.000000
0.558404 -0.009865 -0.093266 1.000000
0.515511 -0.019080 0.328387 1.000000
0.318519 -0.030138 0.052048 0.000000
0.406076 0.001672 -0.441078 1.000000
0.690146 -0.089140 0.100590 0.000000
0.832589 -0.136078 -0.038381 0.000000
0.436546 0.002007 0.124837 1.000000
-0.450181 0.015268 -0.177592 0.000000
-0.034272 0.018475 -0.247652 0.000000
-0.706916 0.060626 0.260793 2.000000
-0.150743 0.028504 -0.029501 0.000000
-0.308026 0.031616 0.260793 0.000000
0.462325 -0.036601 -0.480764 1.000000
0.911649 -0.124757 0.010878 0.000000
-0.522826 0.018475 -0.102266 0.000000
0.156784 0.031305 0.105976 0.000000
0.030068 0.025943 -0.119261 0.000000
-0.053707 0.019696 -0.256964 0.000000
0.564842 -0.016423 -0.107891 1.000000
-0.762112 0.055743 0.317832 2.000000
0.493274 -0.218250 0.245569 0.000000
-0.089109 0.040424 -0.062868 0.000000
-0.793851 0.023981 0.316850 2.000000
0.482934 0.001888 -0.140276 1.000000
0.398488 -0.224761 0.228336 0.000000
-0.124151 0.026661 0.145087 0.000000
0.464671 -0.070757 0.038213 0.000000
-0.133581 0.041693 -0.254977 0.000000
-0.176115 0.056198 0.056165 0.000000
0.374529 -0.007208 -0.416592 1.000000
-0.897900 0.094352 0.327789 2.000000
-0.749953 -0.034710 -0.237767 2.000000
-0.671635 0.073863 -0.228623 2.000000
-0.795934 0.033627 -0.254905 2.000000
-0.499010 0.045379 -0.069809 0.000000
-0.878584 0.034752 0.250907 2.000000
-0.392471 0.018475 0.122324 0.000000
0.368353 -0.030138 -0.472745 1.000000
-0.077356 0.049759 -0.252368 0.000000
0.411438 -0.042441 -0.245331 1.000000
-0.130685 0.040424 -0.110213 0.000000
-0.187724 0.028409 -0.105713 0.000000
0.375845 -0.010200 0.565304 1.000000
0.701564 -0.030665 -0.058057 0.000000
0.384797 -0.096153 0.015809 0.000000
-0.863888 0.056533 -0.301245 2.000000
0.440855 -0.036960 0.573299 1.000000
-0.161658 0.017279 0.255383 0.000000
-0.644109 0.032813 -0.196047 2.000000
0.796565 -0.202117 -0.226637 2.000000
0.382619 0.086525 -0.038908 0.000000
0.259373 0.079344 -0.012531 0.000000
-0.094207 0.025895 -0.139319 0.000000
-0.011317 0.028624 -0.071126 0.000000
0.133950 0.045978 0.163469 0.000000
0.415196 0.093634 0.001855 0.000000
0.414932 0.061679 -0.060809 0.000000
0.258703 0.079105 0.027753 0.000000
-0.922650 -0.048210 -0.300240 2.000000
0.556106 -0.023915 0.155283 1.000000
0.320529 -0.065228 0.057984 0.000000
0.362537 -0.027338 -0.138505 1.000000
-0.049973 0.028816 0.145589 0.000000
-0.723241 0.130519 -0.336359 2.000000
0.444756 -0.013934 0.643120 1.000000
-0.138967 0.030371 -0.065501 0.000000
-0.150624 0.040424 0.108704 0.000000
0.398153 -0.005437 -0.067727 0.000000
0.249847 0.029510 -0.106383 0.000000
-0.248880 0.045092 -0.173858 0.000000
-0.629053 -0.020061 0.204663 2.000000
0.503998 -0.037152 -0.277644 1.000000
-0.873510 0.024699 0.316850 2.000000
0.327040 -0.033896 -0.036921 0.000000
0.501771 0.058305 -0.063969 0.000000
0.323306 -0.036051 0.066338 0.000000
-0.288087 0.044206 -0.127399 0.000000
-0.337778 0.049759 0.004129 0.000000
0.377449 -0.034375 -0.096593 1.000000
-0.148134 0.060148 -0.022297 0.000000
-0.859579 0.085065 -0.314792 2.000000
-0.208668 0.026757 0.018682 0.000000
-0.788873 0.145192 0.360294 2.000000
-0.042793 0.026733 -0.037927 0.000000
-0.742365 0.074940 0.326951 2.000000
-0.046096 0.028169 0.117345 0.000000
-0.878632 0.101461 -0.330925 2.000000
-0.536613 0.043799 0.071795 0.000000
-0.758474 0.031496 0.308473 2.000000
0.363542 -0.012234 0.117082 1.000000
0.450094 0.001792 -0.356130 1.000000
-0.523568 -0.007854 -0.252176 2.000000
0.434368 -0.005652 -0.587302 1.000000
0.374457 -0.032676 -0.304356 1.000000
-0.508129 0.021300 -0.252176 2.000000
-0.091454 0.044111 -0.237528 0.000000
0.456868 -0.056013 0.076343 0.000000
-0.314895 -0.009506 -0.245307 0.000000
0.831033 -0.062141 0.061766 0.000000
-0.915709 0.012252 0.308473 2.000000
0.412060 -0.227394 -0.227858 0.000000
0.834647 -0.036793 0.038692 0.000000
-0.441037 0.018475 -0.117801 0.000000
0.084283 0.027906 0.086731 0.000000
-0.149331 0.049759 -0.244613 0.000000
0.687873 -0.227298 -0.228504 0.000000
0.427331 -0.088518 0.053269 0.000000
-0.471819 0.046528 0.039673 0.000000
0.025065 0.052225 0.087330 0.000000
0.481306 0.091551 -0.034217 0.000000
0.504213 -0.018721 0.373578 1.000000
-0.129608 0.040424 -0.077971 0.000000
0.290777 -0.020253 -0.011334 0.000000
0.452129 -0.044261 0.131204 1.000000
0.323306 0.047031 -0.058488 0.000000
-0.041524 0.040424 0.010113 0.000000
-0.899049 -0.080499 0.312518 2.000000
0.770308 -0.025112 -0.055543 0.000000
0.412108 -0.025255 -0.082663 1.000000
-0.435699 0.048036 -0.080556 0.000000
-0.607654 -0.032460 -0.247437 2.000000
0.460985 0.069650 0.060114 0.000000
-0.506262 0.018475 0.130199 0.000000
0.748143 0.030539 0.029596 0.000000
-0.400849 0.049496 -0.028783 0.000000
0.417589 0.001265 -0.175079 1.000000
0.676647 -0.131172 0.063035 0.000000
0.175526 0.049759 -0.087330 0.000000
-0.813527 0.105793 0.333222 2.000000
0.743882 -0.060609 0.076343 0.000000
-0.089779 0.027284 0.082423 0.000000
0.248387 0.074820 -0.069905 0.000000
0.381111 0.065749 -0.055735 0.000000
-0.626468 0.015172 -0.252176 2.000000
-0.878584 0.007273 0.272066 2.000000
-0.781093 -0.042417 -0.299880 2.000000
-0.627066 0.006555 -0.196047 2.000000
-0.219224 0.040424 0.018035 0.000000
-0.057705 0.057491 -0.082974 0.000000
0.421969 -0.027099 -0.067727 0.000000
0.241158 0.072379 -0.063370 0.000000
-0.408317 0.015627 0.234726 0.000000
0.183353 0.018068 -0.093984 0.000000
0.680979 -0.125092 0.146762 0.000000
0.524487 -0.031910 -0.247126 1.000000
0.029063 0.053637 0.056117 0.000000
0.496003 0.097272 0.035030 0.000000
-0.866640 -0.003474 -0.299880 2.000000
0.430706 -0.038755 0.583208 1.000000
-0.734155 -0.011732 -0.308234 2.000000
-0.051577 0.038677 -0.233698 0.000000
0.323306 0.088990 -0.009228 0.000000
0.681530 -0.134690 0.157868 0.000000
-0.473231 0.018236 0.204663 2.000000
0.711545 0.040736 0.051522 0.000000
-0.205915 0.036403 -0.252176 0.000000
0.758124 -0.181317 0.007336 0.000000
0.384677 -0.037247 0.204831 1.000000
-0.660146 0.048515 -0.196047 2.000000
-0.096768 0.028193 -0.127949 0.000000
-0.401088 0.049472 0.173044 0.000000
-0.474930 0.032741 0.189416 0.000000
-0.509565 0.060291 0.238652 0.000000
0.474030 -0.203769 -0.197363 0.000000
-0.733150 0.097081 -0.320489 2.000000
-0.686571 0.045714 -0.252176 2.000000
0.759560 -0.146778 -0.013704 0.000000
0.039259 0.026087 0.000323 0.000000
-0.699664 -0.019798 0.204663 2.000000
-0.815537 0.049759 -0.262804 2.000000
0.327351 0.067711 0.062245 0.000000
-0.540108 0.037959 -0.196047 2.000000
-0.501834 -0.003354 -0.208781 2.000000
0.393007 -0.061805 -0.067727 0.000000
0.473814 -0.010320 0.474252 1.000000
0.052376 0.049281 0.088048 0.000000
-0.564211 0.042411 0.260793 2.000000
-0.350990 0.018475 -0.221898 0.000000
-0.443742 -0.001703 -0.227522 0.000000
0.187231 0.042315 -0.137236 0.000000
-0.122834 0.020007 0.242003 0.000000
0.634376 -0.147903 0.031774 0.000000
0.506104 -0.002564 0.222304 1.000000
-0.195838 0.033316 -0.210504 0.000000
-0.472297 0.046504 -0.060498 0.000000
-0.708496 -0.031096 0.260793 2.000000
0.121599 0.033746 -0.120074 0.000000
-0.007344 0.029366 0.153991 0.000000
-0.770777 -0.009554 0.308473 2.000000
-0.278130 0.049759 0.255910 0.000000
0.446528 -0.024298 -0.671652 1.000000
-0.575317 0.066299 0.221777 2.000000
-0.437590 -0.019224 0.236115 0.000000
-0.059213 0.029294 0.026820 0.000000
-0.168121 0.029749 0.068707 0.000000
-0.826883 0.153449 0.364052 2.000000
0.423023 -0.227346 -0.228241 0.000000
-0.778269 -0.048377 0.308473 2.000000
-0.609904 0.044805 -0.196047 2.000000
-0.771639 -0.052016 -0.308234 2.000000
-0.486419 0.018475 0.061048 0.000000
-0.763357 0.033890 0.316850 2.000000
-0.404487 0.018475 0.039147 0.000000
-0.338376 0.049759 -0.150329 0.000000
0.070376 0.041406 0.216104 0.000000
-0.506861 0.060052 0.206123 0.000000
-0.361953 0.018475 -0.007815 0.000000
0.465030 0.002941 0.110954 1.000000
0.468237 -0.037654 0.450987 1.000000
-0.210487 0.049759 0.233841 0.000000
0.139838 0.018475 0.123808 0.000000
-0.026947 0.028648 -0.098580 0.000000
-0.726352 0.070033 0.204663 2.000000
-0.138273 0.060770 0.037950 0.000000
-0.390604 0.018475 -0.170531 0.000000
0.453996 -0.015250 0.607024 1.000000
-0.079247 0.028241 0.143076 0.000000
0.445163 0.002845 0.221322 1.000000
-0.348070 0.029965 -0.022297 0.000000
-0.535272 0.062637 0.245402 2.000000
-0.737985 -0.063720 -0.308234 2.000000
0.493921 -0.011564 0.396963 1.000000
0.369574 -0.028391 0.570594 1.000000
0.371297 -0.038205 0.709565 1.000000
-0.805077 0.043273 -0.308234 2.000000
0.386784 -0.208867 0.229197 0.000000
-0.890696 0.117282 -0.338441 2.000000
0.413688 -0.098427 0.032086 0.000000
-0.100191 0.050765 -0.147098 0.000000
0.412826 -0.040814 -0.676487 1.000000
-0.243351 0.049999 0.025623 0.000000
0.372686 0.071685 0.059492 0.000000
-0.213455 0.049759 0.223860 0.000000
0.350090 -0.093449 -0.004967 0.000000
-0.136645 0.028337 -0.202342 0.000000
-0.391825 0.049759 -0.083860 0.000000
-0.859603 0.166064 0.358092 2.000000
-0.546139 0.043393 0.038620 0.000000
0.379029 -0.033920 -0.658870 1.000000
0.310165 -0.064079 0.049487 0.000000
0.323306 0.059453 0.049798 0.000000
-0.734490 -0.039593 0.308473 2.000000
-0.145741 0.025680 0.077947 0.000000
0.819017 -0.048449 -0.051427 0.000000
-0.692148 -0.035117 0.215769 2.000000
-0.030514 0.056797 -0.076200 0.000000
-0.418873 0.052009 -0.229150 0.000000
-0.476725 -0.005987 0.236115 0.000000
-0.869465 0.104620 -0.332433 2.000000
0.367970 -0.030067 0.459915 1.000000
0.490139 -0.103262 -0.067727 0.000000
0.348008 -0.042489 0.076343 0.000000
0.473336 -0.085023 0.092500 0.000000
0.422017 0.003013 -0.451586 1.000000
0.368425 -0.016686 0.571599 1.000000
-0.171807 0.040424 0.080723 0.000000
0.413783 -0.039090 0.604200 1.000000
-0.158666 0.025680 -0.097000 0.000000
0.465102 -0.044691 -0.087354 1.000000
-0.466242 0.046744 0.064758 0.000000
-0.047723 0.029725 0.055806 0.000000
-0.464470 0.018475 0.114377 0.000000
-0.412841 -0.015633 0.260793 0.000000
0.116572 0.018475 -0.156026 0.000000
-0.659595 0.008279 -0.252176 2.000000
-0.742054 0.085424 0.331906 2.000000
-0.788633 0.062445 -0.312399 2.000000
0.725835 -0.147903 0.031966 0.000000
0.289604 0.040377 -0.085463 0.000000
0.105442 0.030659 0.019232 0.000000
0.520274 -0.025303 -0.082663 1.000000
0.616400 -0.147903 -0.018802 0.000000
0.374122 -0.025567 0.692356 1.000000
-0.279135 0.026350 0.117728 0.000000
0.516827 0.104429 -0.005757 0.000000
-0.422439 0.041358 -0.252176 2.000000
0.545694 -0.022168 -0.195927 1.000000
0.371489 -0.000458 -0.067727 0.000000
-0.820875 0.086836 -0.315630 2.000000
0.441070 -0.100558 0.025431 0.000000
0.889341 -0.094885 0.056835 0.000000
-0.792678 -0.083228 -0.310556 2.000000
-0.866185 0.018284 -0.308234 2.000000
-0.542405 0.039299 -0.131133 0.000000
-0.154286 0.043967 -0.141473 0.000000
0.378263 -0.034375 0.182714 1.000000
0.538776 -0.060968 -0.067727 0.000000
0.608286 -0.002421 -0.064304 0.000000
0.449496 -0.043112 -0.418147 1.000000
-0.251274 0.025752 0.012530 0.000000
-0.014979 0.055384 0.089005 0.000000
-0.241699 0.028576 0.161459 0.000000
-0.009905 0.028145 0.113300 0.000000
0.418164 0.087291 0.035437 0.000000
-0.198878 0.055145 -0.001353 0.000000
0.811142 -0.127725 -0.059062 0.000000
-0.656077 -0.012258 -0.252176 2.000000
-0.780471 0.019122 -0.196047 2.000000
0.463187 -0.080811 -0.089484 0.000000
0.381973 -0.005054 -0.197291 1.000000
0.639738 0.060243 -0.015475 0.000000
-0.325355 0.049759 0.076941 0.000000
0.431065 -0.041508 -0.517026 1.000000
-0.887847 0.143827 0.359648 2.000000
-0.887249 -0.083156 0.319124 2.000000
0.041485 0.025297 -0.227834 0.000000
-0.337227 0.049759 0.111122 0.000000
-0.078816 0.025800 0.112702 0.000000
0.206738 0.059190 -0.004201 0.000000
-0.109861 0.025656 0.133645 0.000000
0.724207 -0.080451 -0.067727 0.000000
-0.449845 0.054834 0.249327 0.000000
-0.185905 0.052105 0.103917 0.000000
0.383122 -0.037965 -0.420709 1.000000
0.453660 0.092198 0.014493 0.000000
-0.546905 0.007058 0.204663 2.000000
0.323306 0.043369 -0.024690 0.000000
-0.784636 -0.025662 -0.308234 2.000000
0.459980 0.002941 0.150329 1.000000
-0.228319 0.051459 0.039721 0.000000
-0.420572 0.048658 -0.126992 0.000000
0.410528 0.001098 0.276925 1.000000
-0.033123 0.027356 -0.115958 0.000000
0.495572 -0.014796 -0.392799 1.000000
0.868157 -0.078249 -0.046496 0.000000
0.417398 -0.043279 -0.326736 1.000000
-0.811277 -0.036553 0.316850 2.000000
0.289796 -0.019894 -0.080173 0.000000
0.452703 -0.043614 -0.359433 1.000000
0.476184 -0.137945 0.148940 0.000000
0.131221 0.019313 -0.154159 0.000000
0.681314 -0.192687 0.202198 0.000000
0.323306 0.047174 0.012722 0.000000
0.715638 -0.227202 0.237814 0.000000
0.468788 -0.024466 0.531579 1.000000
0.008167 0.025656 -0.064543 0.000000
0.400475 -0.041077 0.350576 1.000000
-0.508321 0.044996 -0.102793 0.000000
-0.048872 0.040424 0.020405 0.000000
0.484753 0.002223 -0.082806 1.000000
0.259589 -0.009123 -0.046591 0.000000
-0.260274 0.014095 0.236115 0.000000
-0.136741 0.029318 -0.102170 0.000000
-0.753567 0.016824 -0.299880 2.000000
-0.774056 -0.038540 -0.308234 2.000000
-0.273726 0.049759 -0.186090 0.000000
0.360000 -0.051848 0.010807 0.000000
-0.814843 0.049759 -0.216057 2.000000
-0.729248 0.072810 -0.317330 2.000000
0.217342 0.005933 -0.103511 0.000000
-0.089252 0.018475 0.034766 0.000000
-0.012466 0.026781 -0.120912 0.000000
0.383768 -0.034207 0.630841 1.000000
-0.342086 0.049759 0.184150 0.000000
-0.079582 0.040424 0.056428 0.000000
-0.829970 0.020079 -0.308234 2.000000
0.656158 -0.222654 -0.235493 0.000000
0.172031 0.018475 0.131539 0.000000
-0.813933 0.027858 -0.299880 2.000000
0.444685 0.000212 -0.478107 1.000000
-0.065723 0.057012 -0.089508 0.000000
-0.187724 0.036643 0.247149 0.000000
0.886875 -0.070422 -0.004345 0.000000
-0.554062 0.020175 -0.060187 0.000000
-0.273989 0.049759 0.158946 0.000000
-0.520265 0.044494 0.142502 0.000000
0.532074 0.089493 0.049487 0.000000
0.465509 -0.042681 -0.345143 1.000000
-0.876215 -0.087560 0.315294 2.000000
0.688136 -0.156328 -0.019089 0.000000
0.392624 -0.092204 -0.060163 0.000000
0.323306 0.026470 -0.036203 0.000000
0.474844 -0.101347 -0.067727 0.000000
0.807025 -0.026907 0.055088 0.000000
-0.444245 0.018475 -0.009323 0.000000
0.366678 -0.027721 0.475090 1.000000
0.494782 -0.020851 -0.407783 1.000000
0.731938 -0.147113 -0.006284 0.000000
0.032725 0.040424 0.076870 0.000000
0.091894 0.028624 0.003865 0.000000
0.556561 0.058879 0.065117 0.000000
0.545263 -0.014006 0.189751 1.000000
0.516564 -0.008333 0.258949 1.000000
0.394826 -0.040862 0.428511 1.000000
-0.058973 0.026422 -0.071126 0.000000
0.608789 -0.218633 0.225128 0.000000
0.328356 0.099642 0.001376 0.000000
-0.310276 -0.003139 0.260793 0.000000
0.345973 0.026135 0.076343 0.000000
-0.726424 -0.035117 -0.250429 2.000000
0.473838 -0.043351 -0.250094 1.000000
-0.827553 -0.076694 -0.299880 2.000000
-0.075848 0.029414 0.045059 0.000000
-0.219128 0.015818 -0.252176 0.000000
-0.668236 0.073863 0.218570 2.000000
-0.021514 0.027978 0.088766 0.000000
0.469171 -0.075353 -0.005877 0.000000
-0.692651 0.073863 0.236905 2.000000
0.395448 -0.001344 0.512310 1.000000
0.507013 -0.086771 -0.067727 0.000000
0.806499 -0.143858 0.033354 0.000000
0.222392 0.065174 0.061814 0.000000
-0.863481 0.093897 0.327597 2.000000
0.044956 0.051411 -0.061192 0.000000
0.436522 0.092940 0.035963 0.000000
-0.791410 0.041502 0.308473 2.000000
0.405525 -0.018003 -0.067727 0.000000
0.420366 -0.014748 -0.668684 1.000000
0.433052 0.002749 -0.299234 1.000000
0.459740 0.039826 0.076343 0.000000
-0.895603 0.052536 0.308473 2.000000
0.528675 -0.227274 0.233410 0.000000
0.541649 -0.010918 -0.178095 1.000000
-0.319252 0.018475 0.217756 0.000000
-0.234375 0.027308 -0.144657 0.000000
0.671453 -0.149339 0.016791 0.000000
0.649192 -0.147903 0.020166 0.000000
0.425943 0.003037 0.441987 1.000000
0.494208 -0.002492 0.277667 1.000000
0.580257 -0.222750 0.244013 0.000000
0.761044 -0.138855 0.052575 0.000000
0.313588 -0.040191 0.031391 0.000000
0.382619 -0.004072 0.330182 1.000000
0.323306 0.079823 -0.025672 0.000000
0.645961 -0.067071 -0.067727 0.000000
-0.676685 0.027978 0.260793 2.000000
0.669538 0.027020 0.063609 0.000000
0.529417 -0.111401 -0.067128 0.000000
-0.120680 0.061751 0.044891 0.000000
-0.369397 0.018475 0.095324 0.000000
0.073775 0.049999 0.006594 0.000000
0.733829 -0.037630 -0.061216 0.000000
0.317920 -0.029923 0.033977 0.000000
0.290011 0.042962 0.093864 0.000000
0.504261 -0.089906 0.076343 0.000000
-0.329185 -0.003689 -0.252176 0.000000
-0.692938 0.012420 -0.196047 2.000000
0.399637 -0.036529 -0.082663 1.000000
-0.460353 0.018475 -0.011980 0.000000
0.155851 0.018475 -0.073112 0.000000
0.749244 -0.147903 -0.031703 0.000000
-0.095069 0.040424 0.095707 0.000000
0.685288 0.048491 0.007719 0.000000
-0.103015 0.058089 0.088933 0.000000
0.264950 -0.011038 0.092571 0.000000
0.729497 0.024794 0.057075 0.000000
0.529824 0.083054 -0.021028 0.000000
0.383720 0.096698 -0.016456 0.000000
0.519819 -0.120975 0.033809 0.000000
-0.527781 0.052321 -0.252176 2.000000
0.494136 -0.113650 -0.043001 0.000000
0.696537 -0.157405 0.025192 0.000000
-0.453220 0.047294 0.077923 0.000000
-0.813191 0.049759 0.252678 2.000000
0.396550 -0.000554 0.318693 1.000000
0.497343 -0.011038 -0.067727 0.000000
0.528340 -0.031527 0.090776 1.000000
0.402988 -0.026668 0.712869 1.000000
-0.335911 0.032191 0.260793 0.000000
-0.377751 0.049759 0.011573 0.000000
0.532673 -0.033896 -0.187621 1.000000
-0.922913 -0.004766 -0.308234 2.000000
0.469410 -0.083180 0.023158 0.000000
-0.833848 0.164747 -0.355436 2.000000
-0.492571 0.018475 0.155427 0.000000
-0.029963 0.026254 0.204160 0.000000
0.429868 0.000571 -0.497758 1.000000
-0.247851 0.028217 -0.076751 0.000000
0.733877 -0.021928 0.062723 0.000000
0.333550 0.022951 0.076343 0.000000
-0.316858 0.018475 -0.152268 0.000000
0.649312 -0.221386 0.244732 0.000000
-0.019336 0.058472 -0.044533 0.000000
0.171457 0.049759 0.117273 0.000000
0.285583 -0.078704 -0.027156 0.000000
-0.368823 0.018475 0.154158 0.000000
-0.387517 0.049759 -0.218092 0.000000
-0.268675 0.039299 -0.252176 0.000000
0.305928 -0.080643 0.027849 0.000000
-0.315494 0.026829 0.002980 0.000000
-0.194019 0.029845 0.022751 0.000000
0.323306 0.010361 0.016073 0.000000
0.578199 -0.215306 0.225176 0.000000
0.555364 -0.088566 0.076343 0.000000
-0.273773 0.024316 -0.146069 0.000000
0.410432 -0.079303 0.036705 0.000000
0.499928 0.001984 -0.067727 0.000000
-0.225327 0.018475 -0.215818 0.000000
0.331612 -0.226771 0.231639 0.000000
-0.374256 0.018475 -0.020597 0.000000
-0.935025 0.028552 0.312733 2.000000
0.766621 -0.172987 0.000706 2.000000
-0.743418 0.030276 -0.196047 2.000000
0.921630 -0.089715 0.001161 0.000000
0.712814 -0.079327 -0.067727 0.000000
-0.650787 0.065078 -0.196047 2.000000
-0.079534 0.018739 0.245976 0.000000
-0.129991 0.028169 0.014493 0.000000
-0.338520 0.049759 -0.184199 0.000000
0.102163 0.037528 0.154015 0.000000
0.478913 -0.007088 0.423867 1.000000
-0.324709 0.029175 0.033785 0.000000
-0.696887 0.073863 -0.224602 2.000000
0.318471 -0.030114 -0.025408 0.000000
0.079807 0.039347 -0.200260 0.000000
-0.092268 0.028433 -0.184725 0.000000
0.300639 -0.066162 -0.040368 0.000000
0.448706 -0.008429 0.579331 1.000000
0.758842 -0.153216 -0.002358 0.000000
0.170164 0.018475 0.086611 0.000000
0.798336 -0.175836 0.005014 2.000000
0.539973 -0.037032 -0.105617 1.000000
-0.043176 0.056246 -0.088934 0.000000
0.695341 0.045906 0.012865 0.000000
0.195848 0.055001 0.108202 0.000000
-0.870470 -0.004623 -0.269817 2.000000
-0.480866 -0.025782 0.257657 2.000000
-0.386487 0.018475 0.229532 0.000000
-0.007224 0.040424 0.125914 0.000000
-0.842082 -0.100007 -0.315822 2.000000
-0.401351 0.049472 -0.003770 0.000000
-0.403984 0.018475 0.145924 0.000000
0.358994 0.093275 -0.001544 0.000000
-0.881887 0.060698 0.311824 2.000000
-0.338783 0.024914 -0.073471 0.000000
0.125333 0.027092 -0.113779 0.000000
0.121431 0.034680 -0.167252 0.000000
0.404257 -0.040622 0.547640 1.000000
-0.225040 0.029773 -0.087450 0.000000
0.004433 0.028840 0.164906 0.000000
-0.878847 -0.074180 0.308473 2.000000
0.799102 -0.012569 -0.042139 0.000000
-0.688031 0.073863 -0.240855 2.000000
-0.065795 0.039252 -0.258567 0.000000
0.457442 -0.032436 0.549674 1.000000
0.127295 0.025656 0.048123 0.000000
0.463043 -0.043016 0.349307 1.000000
-0.204719 0.029773 0.184724 0.000000
0.584589 -0.054361 -0.067727 0.000000
-0.118502 0.040424 -0.133455 0.000000
-0.729201 0.086333 -0.323744 2.000000
0.536550 -0.004168 0.122324 1.000000
-0.931339 0.002223 0.316850 2.000000
-0.179107 0.040424 0.104204 0.000000
0.506535 -0.013814 0.353113 1.000000
-0.845888 0.037193 0.316850 2.000000
0.370220 -0.027936 -0.658056 1.000000
-0.219798 0.027810 0.054537 0.000000
0.373451 -0.032700 -0.401297 1.000000
-0.691573 -0.077364 -0.308234 2.000000
0.880963 -0.128180 0.036346 0.000000
0.886564 -0.114847 -0.049966 0.000000
-0.864175 0.049759 0.262133 2.000000
0.525947 -0.038851 -0.137093 1.000000
0.387382 0.074844 0.060904 0.000000
-0.935025 0.048491 0.316467 2.000000
-0.446159 0.047605 -0.138122 0.000000
0.260259 -0.009362 0.079215 0.000000
0.404329 -0.042465 -0.362688 1.000000
-0.081353 0.029222 -0.046017 0.000000
0.428288 0.053900 0.074308 0.000000
0.310404 0.096315 0.034192 0.000000
0.023198 0.040424 -0.085798 0.000000
0.030068 0.029246 -0.174792 0.000000
0.676814 -0.227394 0.234200 0.000000
-0.104954 0.040424 -0.041373 0.000000
0.209132 0.060100 0.092428 0.000000
-0.327486 0.046624 -0.004034 0.000000
0.491383 -0.206809 -0.226182 0.000000
0.461583 -0.019439 0.576171 1.000000
-0.327797 0.018475 -0.151837 0.000000
0.434129 0.002869 -0.316636 1.000000
0.742183 -0.139549 -0.002143 0.000000
-0.509111 0.018475 -0.095827 0.000000
-0.392184 0.049759 0.159735 0.000000
0.475945 -0.217101 0.241237 0.000000
0.480373 -0.054385 -0.067727 0.000000
0.456892 -0.041915 0.430713 1.000000
-0.277675 0.018475 0.154637 0.000000
0.013002 0.018475 0.246862 0.000000
0.405190 0.090618 0.024833 0.000000
-0.235931 0.018475 0.213687 0.000000
0.442985 0.092485 -0.011119 0.000000
-0.050907 0.027164 -0.026509 0.000000
-0.768910 0.058544 -0.310556 2.000000
0.323306 0.002103 -0.009587 0.000000
-0.116683 0.028361 -0.087282 0.000000
-0.188370 0.025704 0.200618 0.000000
-0.802899 -0.083372 0.319220 2.000000
-0.792008 0.028337 -0.308234 2.000000
-0.856252 0.049759 0.294590 2.000000
-0.240287 0.025991 0.009155 0.000000
0.516037 0.087051 -0.007887 0.000000
0.342550 0.098397 0.019280 0.000000
-0.446303 0.047581 0.127877 0.000000
-0.102872 0.058137 -0.079934 0.000000
0.645578 -0.023532 -0.061886 0.000000
-0.253883 0.018475 -0.177161 0.000000
-0.018713 0.028074 -0.223788 0.000000
0.263035 -0.010343 -0.066530 0.000000
0.473575 -0.213104 -0.236211 0.000000
-0.225112 0.040424 0.051952 0.000000
0.492819 0.052057 -0.065764 0.000000
-0.859459 0.104166 0.340810 2.000000
-0.859699 -0.086268 0.320584 2.000000
-0.600617 0.022903 0.260793 2.000000
0.399685 -0.046558 -0.067727 0.000000
0.450333 -0.036888 0.537180 1.000000
0.430754 -0.042394 -0.699585 1.000000
0.372470 -0.008141 -0.363047 1.000000
0.402246 -0.039330 -0.571050 1.000000
-0.057441 0.040424 -0.120816 0.000000
0.457658 -0.036936 -0.499816 1.000000
-0.878584 0.041502 -0.270344 2.000000
0.505051 -0.001200 0.182427 1.000000
-0.185570 0.026374 -0.049248 0.000000
0.290203 -0.070949 -0.037663 0.000000
0.367396 -0.025854 -0.529808 1.000000
0.917369 -0.123297 -0.004680 0.000000
0.069203 0.028504 -0.138816 0.000000
-0.465811 0.046767 0.128260 0.000000
0.695197 -0.201399 -0.210624 0.000000
0.410600 0.000882 0.250716 1.000000
0.492221 -0.108911 0.072896 0.000000
0.024850 0.040424 0.108896 0.000000
-0.713211 -0.036577 -0.305817 2.000000
-0.062612 0.040424 0.138480 0.000000
-0.495659 0.018475 0.112342 0.000000
-0.833034 0.101341 0.331116 2.000000
0.490402 0.065796 -0.053940 0.000000
0.693043 -0.102353 -0.124933 0.000000
0.398943 -0.039880 -0.273886 1.000000
-0.076638 0.018475 -0.245833 0.000000
0.457753 -0.044380 0.092931 1.000000
-0.811707 0.065198 0.313954 2.000000
0.435948 -0.044380 0.312949 1.000000
-0.426149 0.018475 -0.111482 0.000000
-0.627832 -0.028942 0.211341 2.000000
-0.737435 -0.035117 -0.221179 2.000000
0.460051 -0.038803 -0.462405 1.000000
-0.103757 0.025967 0.090106 0.000000
-0.299959 0.018475 -0.132665 0.000000
0.323306 -0.031383 -0.016720 0.000000
0.419791 -0.070422 0.076343 0.000000
0.085910 0.049759 0.198200 0.000000
-0.415330 0.018475 0.175102 0.000000
0.660155 -0.147903 -0.022536 0.000000
-0.781189 0.064336 0.313547 2.000000
0.254131 0.014287 0.112749 0.000000
-0.716922 -0.094262 0.324318 2.000000
-0.508799 -0.025303 -0.227522 0.000000
0.368329 -0.029947 0.488183 1.000000
0.446240 -0.044069 -0.147553 1.000000
0.345399 0.086573 0.047452 0.000000
0.668844 -0.121454 -0.067583 0.000000
-0.925929 0.046959 -0.308234 2.000000
-0.721852 0.059573 -0.252176 2.000000
0.088950 0.038438 0.201839 0.000000
0.374217 -0.033250 0.120241 1.000000
0.207409 0.059430 0.062604 0.000000
0.660777 0.013521 -0.057099 0.000000
-0.493768 0.018475 -0.028664 0.000000
-0.426580 0.048419 0.093050 0.000000
0.280126 -0.016447 -0.066434 0.000000
0.177704 0.040616 -0.009156 0.000000
0.822847 -0.028750 -0.013799 0.000000
-0.930860 0.126450 -0.342797 2.000000
0.041150 0.025800 -0.037161 0.000000
0.879934 -0.130669 -0.002693 0.000000
-0.432923 0.048156 0.036418 0.000000
0.377353 -0.006442 -0.215172 1.000000
-0.133222 0.028720 0.084529 0.000000
-0.076494 0.040424 0.087401 0.000000
0.691224 -0.074827 -0.067727 0.000000
0.415363 -0.015011 -0.067727 0.000000
-0.681329 -0.029899 0.204663 2.000000
-0.331531 0.049759 -0.048961 0.000000
0.429270 -0.033106 0.090776 1.000000
0.439897 0.084490 -0.032589 0.000000
0.365265 -0.013288 0.378581 1.000000
0.417398 -0.226412 0.230753 0.000000
-0.460282 0.033411 -0.191595 0.000000
0.392097 -0.038803 0.256795 1.000000
-0.222886 0.028169 -0.019951 0.000000
0.579491 -0.043231 0.076343 0.000000
0.537077 0.106463 0.010304 0.000000
-0.081138 0.064025 0.022870 0.000000
-0.638891 -0.005101 0.260793 2.000000
0.096562 0.029486 0.061024 0.000000
-0.719219 -0.035117 0.246575 2.000000
-0.607056 -0.000386 -0.252176 2.000000
-0.437495 0.024531 0.260793 0.000000
-0.773338 -0.086244 0.314337 2.000000
0.428480 -0.043662 -0.283652 1.000000
-0.837462 0.009715 -0.278099 2.000000
0.399829 -0.002708 -0.551733 1.000000
0.499761 0.000404 -0.146739 1.000000
-0.454106 0.047270 -0.107795 0.000000
0.149364 0.022233 -0.049871 0.000000
0.347984 -0.061782 0.070838 0.000000
-0.284233 0.021013 0.178477 0.000000
0.419839 -0.084449 0.010591 0.000000
-0.308983 0.049759 0.228838 0.000000
-0.157397 0.029893 -0.140013 0.000000
-0.279853 0.026973 0.146738 0.000000
-0.592312 0.033531 0.204663 2.000000
-0.506861 0.018475 -0.053341 0.000000
-0.929855 0.057993 -0.301939 2.000000
-0.118837 0.058640 -0.069977 0.000000
0.481953 0.077693 0.048170 0.000000
-0.148326 0.030156 -0.123019 0.000000
-0.503294 0.018475 -0.144465 0.000000
-0.824322 0.096554 0.337196 2.000000
-0.229061 0.033220 0.197650 0.000000
-0.860967 -0.004623 -0.257442 2.000000
-0.771471 0.100599 0.330757 2.000000
-0.423540 0.018475 -0.096210 0.000000
0.387239 -0.036864 -0.562337 1.000000
-0.907882 0.004808 0.316850 2.000000
0.712862 -0.147903 0.007408 0.000000
-0.016152 0.029438 0.148581 0.000000
-0.861015 -0.093425 -0.310987 2.000000
-0.440008 0.047845 0.138097 0.000000
0.271676 -0.049742 -0.018156 0.000000
0.451339 -0.044596 -0.192959 1.000000
-0.129034 0.055743 0.102601 0.000000
-0.840430 0.041023 0.288367 2.000000
-0.589774 0.051172 -0.196047 2.000000
-0.748445 -0.109294 0.331355 2.000000
-0.426604 0.048419 0.188363 0.000000
0.425943 -0.043949 -0.474732 1.000000
0.795129 -0.067789 0.076343 0.000000
-0.478856 0.046217 0.029860 0.000000
0.124758 0.036667 -0.153417 0.000000
0.400331 -0.000865 -0.214669 1.000000
0.469267 -0.044261 0.146116 1.000000
0.481091 -0.028487 0.078330 1.000000
-0.760676 0.045236 -0.299880 2.000000
0.350401 -0.093473 -0.030818 0.000000
-0.238348 0.029055 0.150975 0.000000
-0.068428 0.053733 0.128212 0.000000
0.569199 0.067185 -0.042475 0.000000
0.593853 -0.142062 0.027705 0.000000
0.358563 -0.020612 -0.230850 1.000000
-0.324446 0.049759 0.173331 0.000000
0.435828 -0.018314 -0.671269 1.000000
0.060897 0.040424 0.028160 0.000000
0.532026 -0.005772 0.160214 1.000000
-0.866856 0.023406 -0.299880 2.000000
0.037321 0.027499 0.080843 0.000000
-0.337275 0.018475 -0.124191 0.000000
-0.766277 0.064121 -0.229366 2.000000
0.358492 -0.021186 -0.215028 1.000000
-0.266784 0.025728 0.061886 0.000000
0.837902 -0.038995 -0.037448 0.000000
0.561276 0.080230 0.012482 0.000000
-0.695738 -0.076287 0.316850 2.000000
0.473647 -0.002923 -0.383536 1.000000
-0.031854 0.030443 -0.145087 0.000000
0.303774 0.022736 -0.078019 0.000000
-0.040351 0.040424 0.092931 0.000000
-0.262883 0.049496 0.168855 0.000000
-0.612825 0.069722 0.251721 2.000000
0.478626 -0.128060 0.148964 0.000000
-0.408819 0.049185 -0.189417 0.000000
0.414238 -0.081385 0.076271 0.000000
-0.842633 0.096363 0.337124 2.000000
0.750967 -0.227537 0.235421 0.000000
0.494519 -0.029636 -0.388347 1.000000
-0.838300 -0.105105 0.328148 2.000000
0.144026 0.036595 0.077253 0.000000
0.385707 -0.008141 -0.609730 1.000000
-0.679438 -0.035117 0.221681 2.000000
-0.231024 0.042172 -0.252176 0.000000
0.244198 0.073528 -0.024977 0.000000
0.027435 0.027332 0.208708 0.000000
0.402103 -0.034016 0.076343 0.000000
-0.554062 0.024292 0.035604 0.000000
0.458711 -0.037295 0.080412 1.000000
-0.346227 0.049759 0.011381 0.000000
-0.669935 -0.035117 0.249447 2.000000
-0.538791 0.018475 0.126106 0.000000
0.464384 0.001864 0.265388 1.000000
0.089812 0.049759 -0.162824 0.000000
-0.311161 0.049759 0.206889 0.000000
-0.524765 0.017997 -0.144130 0.000000
0.491024 0.082456 0.037998 0.000000
-0.393836 0.049759 0.044341 0.000000
-0.287704 0.029677 -0.165361 0.000000
-0.763166 -0.032843 -0.299880 2.000000
-0.584365 -0.011349 -0.252176 2.000000
-0.554062 0.023286 0.088095 0.000000
0.323306 0.087075 0.041085 0.000000
-0.819917 -0.000721 0.308473 2.000000
0.501149 0.019146 -0.067727 0.000000
0.387526 -0.023101 0.090776 1.000000
-0.642601 0.013616 0.260793 2.000000
-0.385674 -0.020756 -0.236187 2.000000
-0.225088 0.029366 -0.139534 0.000000
0.393869 -0.045026 -0.712175 1.000000
-0.548413 0.043297 -0.014589 0.000000
0.581885 0.060243 -0.049392 0.000000
-0.182315 0.025752 0.187166 0.000000
0.461368 -0.044548 -0.146260 1.000000
-0.544081 0.063331 -0.196047 2.000000
-0.483332 0.046025 -0.070360 0.000000
-0.324446 0.036643 -0.027132 0.000000
-0.195671 0.018475 -0.232046 0.000000
-0.878584 0.025776 -0.279511 2.000000
-0.695140 0.031568 0.260793 2.000000
-0.546379 0.063666 0.209857 0.000000
0.287306 -0.065133 0.018346 0.000000
0.488080 0.086477 -0.019688 0.000000
0.399230 0.000499 -0.385212 1.000000
0.495117 0.103376 0.008581 0.000000
0.106806 0.049759 0.160789 0.000000
-0.320951 0.018475 -0.200020 0.000000
-0.065029 0.026350 -0.035366 0.000000
-0.845840 -0.082079 0.311249 2.000000
-0.539725 0.018475 0.011836 0.000000
-0.192799 0.049759 0.223237 0.000000
0.553928 -0.207072 0.232835 0.000000
0.676048 -0.207886 0.239897 0.000000
-0.284808 0.049759 0.182881 0.000000
0.681769 -0.137993 -0.153034 0.000000
-0.344336 0.049759 0.207487 0.000000
0.380297 0.019337 0.076343 0.000000
0.600172 0.055265 -0.051307 0.000000
-0.289092 0.048299 0.172134 0.000000
0.450262 0.000356 -0.450269 1.000000
-0.750791 -0.014101 -0.252176 2.000000
0.525659 -0.003785 -0.160311 1.000000
-0.229229 0.022808 0.197554 0.000000
0.359856 -0.018625 0.253947 1.000000
0.009507 0.057012 0.012865 0.000000
-0.325690 0.027403 -0.017773 0.000000
-0.521270 0.061368 -0.249831 0.000000
0.367300 -0.011468 0.398376 1.000000
-0.745860 0.024076 -0.252176 2.000000
-0.292060 0.018475 -0.219217 0.000000
-0.010934 0.022401 0.258136 0.000000
0.026597 0.052584 -0.071413 0.000000
0.852192 -0.077890 -0.053294 0.000000
-0.038125 0.040424 0.028184 0.000000
0.446073 -0.038995 -0.706096 1.000000
-0.258239 0.049759 -0.231807 0.000000
-0.403218 0.016656 -0.219695 0.000000
-0.300917 0.018475 0.209953 0.000000
0.382571 -0.039354 0.694677 1.000000
0.512303 0.052608 0.074955 0.000000
-0.708329 -0.002612 -0.196047 2.000000
-0.632356 -0.002564 -0.196047 2.000000
-0.030825 0.050478 -0.139893 0.000000
0.522069 -0.022575 0.298611 1.000000
0.229406 0.067879 -0.062868 0.000000
0.545143 -0.011205 -0.167108 1.000000
-0.554062 0.035230 0.082877 0.000000
0.541481 -0.019631 0.090776 1.000000
0.209922 0.060267 -0.104588 0.000000
0.480277 -0.069872 0.076343 0.000000
-0.322818 0.029582 0.120624 0.000000
-0.031447 0.040424 -0.087498 0.000000
-0.887560 -0.017883 0.316850 2.000000
0.500958 -0.010128 -0.340452 1.000000
-0.785115 -0.008979 -0.251937 2.000000
-0.796412 -0.002947 0.316850 2.000000
-0.350943 0.018475 -0.166007 0.000000
0.385802 -0.037104 0.132760 1.000000
-0.878584 0.034871 -0.294854 2.000000
0.463905 0.097487 -0.018323 0.000000
-0.251657 0.046265 0.209067 0.000000
0.817892 -0.025375 0.044101 0.000000
-0.781285 0.055432 -0.217613 2.000000
-0.005572 0.028385 -0.021219 0.000000
0.198552 0.056031 0.023588 0.000000
-0.894214 0.078387 0.328579 2.000000
-0.514999 0.044709 0.045250 0.000000
-0.854050 0.174369 -0.355436 2.000000
-0.379474 0.049759 0.232548 0.000000
-0.146483 0.018475 -0.239251 0.000000
0.529824 0.093873 -0.015259 0.000000
-0.620077 0.060124 -0.252176 2.000000
0.211526 0.023693 -0.126537 0.000000
0.529824 0.073576 -0.045060 0.000000
0.462660 -0.043878 0.281377 1.000000
-0.719507 -0.093975 -0.315582 2.000000
0.367300 -0.015083 -0.503503 1.000000
-0.881265 0.157543 -0.347896 2.000000
-0.242513 0.028959 -0.094272 0.000000
-0.284545 0.031137 -0.252176 0.000000
0.364452 -0.027075 -0.284203 1.000000
-0.282343 0.049759 -0.241645 0.000000
0.436786 -0.039354 0.554581 1.000000
-0.065149 0.049759 0.256221 0.000000
-0.079534 0.055863 0.110380 0.000000
0.386544 -0.037774 0.173068 1.000000
-0.027426 0.040424 0.070957 0.000000
