-0.336059 -0.019414 0.079135 0.000000
-0.850088 0.094102 -0.013000 2.000000
-0.798526 0.092660 0.211744 2.000000
0.176727 -0.058844 -0.163907 1.000000
0.371787 -0.056184 -0.091586 0.000000
-0.072407 -0.102003 0.034012 0.000000
0.030543 -0.026027 0.294681 1.000000
0.136427 -0.055811 0.168113 1.000000
-0.382524 0.084804 -0.050864 0.000000
0.047971 -0.090368 -0.065557 1.000000
-0.476673 -0.073711 -0.021105 0.000000
0.771728 -0.029806 0.078613 0.000000
-0.792385 0.088732 -0.189713 2.000000
-0.790123 0.076226 -0.030776 2.000000
0.240843 -0.060162 -0.085197 1.000000
0.729365 0.088632 -0.033859 0.000000
0.878879 -0.102053 0.002687 0.000000
0.056971 -0.045618 -0.290600 1.000000
-0.591184 0.088036 0.025286 2.000000
0.290566 -0.061529 -0.249977 3.000000
0.871272 -0.098249 -0.039378 0.000000
0.400228 0.089378 -0.031447 0.000000
0.087450 -0.023715 0.324166 1.000000
0.125040 -0.059018 0.134700 1.000000
-0.055824 -0.023168 -0.546545 1.000000
0.570204 0.013601 -0.097081 0.000000
0.135035 -0.034803 0.183353 1.000000
0.103685 -0.027246 0.279292 1.000000
0.242658 -0.124875 0.261914 3.000000
-0.074097 0.000972 0.687735 1.000000
0.181773 -0.081841 -0.073040 1.000000
-0.770706 0.277776 -0.016108 2.000000
0.043421 -0.059863 -0.147226 1.000000
-0.219759 0.062578 -0.073040 0.000000
-0.069150 -0.104787 -0.044027 0.000000
0.270577 0.092038 0.003483 0.000000
0.859761 0.030258 -0.077788 0.000000
0.640735 -0.039104 -0.095614 0.000000
-0.053139 -0.017699 0.603257 1.000000
-0.642000 0.095444 -0.023641 2.000000
-0.458202 0.087290 -0.045941 0.000000
-0.787090 0.076724 0.163290 2.000000
0.131827 -0.047383 0.280982 1.000000
-0.739406 0.060415 -0.046265 2.000000
0.695752 -0.017326 -0.100760 0.000000
-0.430854 -0.083506 -0.017376 0.000000
-0.023704 -0.015983 -0.441507 1.000000
-0.613211 0.156155 -0.018594 2.000000
-0.551978 -0.031546 -0.073811 0.000000
0.599391 0.002339 -0.099741 0.000000
-0.772944 0.086246 -0.038135 2.000000
0.243702 0.028095 -0.093675 0.000000
0.086555 -0.032864 0.401385 1.000000
-0.078274 -0.015859 -0.636169 1.000000
0.503402 0.073392 -0.063543 0.000000
0.998188 -0.044052 0.005496 0.000000
0.735704 -0.013472 0.082466 0.000000
-0.833182 0.068296 -0.110829 2.000000
0.083050 0.071205 -0.065457 0.000000
0.601504 0.047860 0.066829 0.000000
0.230178 -0.064885 -0.305914 3.000000
-0.115640 -0.017052 -0.603452 1.000000
0.587283 -0.019091 0.081149 0.000000
-0.031883 -0.043530 -0.279362 1.000000
0.071117 -0.063021 -0.122340 1.000000
-0.223388 0.009176 -0.098125 0.000000
0.160443 -0.045245 -0.094346 1.000000
-0.118126 -0.011036 0.665186 1.000000
0.704727 0.095394 -0.011708 0.000000
0.294568 -0.071946 0.214504 3.000000
-0.588524 0.105936 0.003309 2.000000
0.215361 -0.061728 0.221191 3.000000
-0.010925 -0.017674 0.571882 1.000000
0.612716 0.081870 -0.056085 0.000000
0.159921 -0.032541 0.212117 1.000000
-0.165959 -0.001067 0.729527 1.000000
-0.449823 0.093878 0.004601 2.000000
0.637378 0.069415 0.047835 0.000000
-0.288226 0.039084 -0.091263 0.000000
-0.119494 0.084083 0.029612 0.000000
-0.822715 0.059669 0.017877 2.000000
-0.331261 0.081099 0.038512 0.000000
0.227070 -0.042809 -0.100785 1.000000
0.317416 -0.027743 -0.015611 1.000000
0.005956 -0.028315 0.484869 1.000000
-0.758325 0.181464 -0.018072 2.000000
-0.068628 -0.011136 0.483924 1.000000
0.976211 -0.071150 -0.018843 0.000000
-0.830497 0.098552 0.290032 2.000000
0.172376 -0.089224 -0.301563 3.000000
-0.022734 -0.020384 -0.385594 1.000000
0.559091 0.078389 -0.059143 0.000000
-0.046477 -0.026400 0.487628 1.000000
0.823713 -0.147126 0.006093 0.000000
0.098563 -0.018519 -0.409336 1.000000
0.470486 -0.108193 -0.032864 0.000000
0.245592 0.010220 -0.097901 0.000000
-0.725136 0.080726 0.059917 2.000000
-0.239175 -0.057874 -0.091189 0.000000
0.035466 -0.056930 0.151207 1.000000
0.177497 -0.029359 0.253188 1.000000
-0.074445 0.000773 0.635278 1.000000
-0.633895 0.178605 -0.018122 2.000000
-0.112010 -0.074780 0.060066 0.000000
-0.646997 0.225244 -0.002012 2.000000
0.198107 -0.115030 -0.271606 3.000000
0.883603 -0.067297 -0.068043 0.000000
-0.537210 -0.061877 -0.014119 0.000000
0.206436 -0.060858 -0.239311 3.000000
0.226300 -0.060485 0.220943 3.000000
0.200842 0.033565 -0.041019 1.000000
-0.157059 0.040352 0.071602 0.000000
-0.713849 0.212515 -0.017426 2.000000
0.221924 -0.083655 0.212391 3.000000
0.071365 -0.064885 -0.107497 1.000000
0.098016 -0.076918 0.235487 3.000000
-0.417603 0.056909 -0.083929 0.000000
0.057095 -0.015536 0.427986 1.000000
0.472574 -0.039751 0.076276 0.000000
0.161661 -0.037737 -0.165126 1.000000
-0.661939 0.203242 -0.001564 2.000000
-0.800092 0.082243 -0.239958 2.000000
-0.059504 -0.009072 0.657454 1.000000
-0.182542 0.055467 0.060116 0.000000
0.430335 0.091466 0.005422 0.000000
-0.554141 0.135968 -0.012627 2.000000
0.357218 -0.107870 0.014695 0.000000
0.923903 0.004527 -0.058248 0.000000
-0.587778 0.061757 -0.081219 0.000000
-0.308040 -0.063791 0.065287 0.000000
0.214913 -0.114782 -0.255968 3.000000
-0.066390 -0.111177 0.003880 0.000000
0.750024 -0.074407 0.060415 0.000000
0.221327 0.050719 0.064293 0.000000
0.269558 0.087787 -0.036643 0.000000
-0.440501 0.087712 -0.043803 0.000000
-0.000682 -0.036444 -0.389945 1.000000
-0.030317 -0.046041 -0.121718 1.000000
-0.480726 0.075406 0.047039 0.000000
0.032706 -0.060883 -0.139096 1.000000
0.002077 -0.061728 -0.084227 1.000000
-0.326910 -0.056134 0.070334 0.000000
0.559961 -0.016083 0.081845 0.000000
0.514962 -0.096931 0.040575 0.000000
-0.256230 0.064766 0.051937 0.000000
0.328902 0.046965 -0.086788 0.000000
0.012792 -0.034132 0.191781 1.000000
0.153357 -0.081915 -0.301837 3.000000
-0.820354 0.084182 -0.131762 2.000000
0.867294 0.025659 0.055517 0.000000
0.058164 -0.162366 0.106855 1.000000
-0.008713 -0.017028 -0.428455 1.000000
0.182842 -0.057999 0.232105 3.000000
0.011276 -0.031024 0.231310 1.000000
-0.023778 -0.034207 0.190985 1.000000
-0.164890 0.021607 0.076027 0.000000
-0.714271 0.241652 -0.002335 2.000000
0.090110 -0.062151 0.109963 1.000000
-0.591532 0.107949 -0.022298 2.000000
0.818044 0.090273 -0.012006 0.000000
0.051949 -0.066650 0.067226 1.000000
-0.161360 0.074760 0.043136 0.000000
-0.089138 -0.089871 0.046791 0.000000
0.268887 0.082864 -0.052828 0.000000
-0.114024 -0.018693 -0.581549 1.000000
0.858319 -0.082512 0.039606 0.000000
0.931237 -0.086887 0.002513 0.000000
0.173196 0.091019 0.006889 0.000000
-0.749674 0.079434 -0.071424 2.000000
0.489853 -0.110481 0.006168 0.000000
0.244722 -0.040372 -0.276777 3.000000
0.009237 -0.032367 -0.450059 1.000000
-0.123969 -0.019887 -0.100139 0.000000
-0.046178 -0.036966 0.343508 1.000000
0.224758 -0.055214 0.014819 1.000000
-0.649632 0.137484 -0.000073 2.000000
0.356125 -0.026848 -0.053897 1.000000
0.182892 -0.053822 -0.250250 3.000000
0.797360 0.014521 -0.093724 0.000000
0.223988 -0.061355 -0.090368 1.000000
0.290939 -0.095191 0.276582 3.000000
-0.517645 -0.068092 -0.008302 0.000000
-0.076633 -0.014666 0.439273 1.000000
-0.308563 0.078141 0.041396 0.000000
0.070893 -0.117690 0.121672 1.000000
0.010555 -0.022895 0.334508 1.000000
0.139012 -0.114011 0.250577 3.000000
0.263492 -0.024411 0.033018 1.000000
-0.073153 -0.023119 0.520171 1.000000
0.057667 -0.036742 0.392982 1.000000
0.079395 -0.039427 0.366057 1.000000
-0.499471 -0.025505 0.072199 0.000000
0.022389 -0.015163 -0.537496 1.000000
-0.002721 -0.106279 -0.039129 1.000000
-0.117778 -0.018395 0.560198 1.000000
-0.052120 -0.013373 0.455657 1.000000
-0.778711 0.014745 0.013104 2.000000
0.641207 -0.114732 -0.011335 0.000000
-0.785722 0.311860 -0.003777 2.000000
-0.026811 -0.023193 -0.559348 1.000000
-0.062761 -0.014691 -0.458139 1.000000
-0.770482 0.227357 -0.002061 2.000000
-0.698932 0.104991 -0.022597 2.000000
0.817671 -0.092879 -0.025058 0.000000
-0.656817 0.164956 -0.018395 2.000000
-0.877236 0.090497 -0.311682 2.000000
0.124344 0.047462 0.067177 0.000000
-0.069299 -0.028116 -0.408466 1.000000
0.735033 0.030457 -0.093128 0.000000
-0.594142 0.093232 0.002364 2.000000
0.977528 -0.046836 -0.037986 0.000000
-0.663107 0.231832 -0.017053 2.000000
-0.098387 -0.011981 -0.680273 1.000000
0.002003 -0.033859 0.407277 1.000000
-0.665394 0.047462 0.056337 2.000000
0.174489 0.015366 -0.096683 1.000000
0.054460 0.052633 0.062627 0.000000
0.834825 -0.092879 -0.001365 0.000000
0.052123 -0.131836 0.101361 1.000000
0.314507 -0.071374 -0.082263 0.000000
-0.006947 -0.085545 0.050594 0.000000
0.534130 0.046120 0.068345 0.000000
0.348368 -0.029259 0.019990 1.000000
-0.612490 0.184074 -0.001166 2.000000
-0.367931 0.084132 0.032272 0.000000
0.028753 -0.022199 0.343508 1.000000
0.167851 -0.036966 0.155906 1.000000
-0.595261 -0.029906 0.040874 0.000000
0.235871 -0.000470 -0.100412 0.000000
-0.152559 0.088284 0.015839 0.000000
0.290342 0.002091 0.080627 0.000000
-0.166531 0.085574 0.024739 0.000000
0.064827 -0.135292 0.100739 1.000000
0.284027 -0.092655 -0.265962 3.000000
0.111864 -0.024909 -0.328264 1.000000
-0.343816 0.084132 0.030929 0.000000
0.777719 0.067475 0.049550 0.000000
-0.018558 -0.096782 0.040700 0.000000
-0.023604 -0.003975 -0.594104 1.000000
-0.062661 -0.016356 -0.436932 1.000000
-0.150297 0.083411 -0.051063 0.000000
0.059755 -0.039726 0.120653 1.000000
-0.856377 0.082889 -0.242817 2.000000
-0.028502 -0.022721 0.336821 1.000000
-0.360647 -0.087086 -0.053549 0.000000
0.693217 0.046294 0.068196 0.000000
-0.184704 0.001096 0.080850 0.000000
-0.013038 -0.004274 0.571186 1.000000
0.025969 -0.066650 0.074387 1.000000
0.267221 -0.043480 -0.095415 1.000000
0.795694 -0.101655 0.033167 0.000000
0.917837 0.040551 -0.025207 0.000000
0.338921 0.040750 0.071503 0.000000
-0.735627 0.090770 0.004949 2.000000
-0.737467 0.081945 -0.103321 2.000000
-0.021963 -0.043530 -0.284011 1.000000
-0.811553 0.074287 -0.014865 2.000000
0.153631 -0.043107 0.077942 1.000000
0.305706 0.041371 -0.090542 0.000000
0.236592 -0.049248 0.072696 1.000000
-0.280420 -0.028787 -0.098050 0.000000
0.002376 -0.025530 -0.320184 1.000000
0.138092 -0.051236 0.231012 1.000000
0.297900 -0.067670 0.229122 3.000000
-0.030317 -0.044996 -0.188793 1.000000
-0.809340 0.252144 -0.016630 2.000000
-0.409399 0.067948 0.054348 0.000000
-0.554141 0.017778 0.078513 0.000000
0.811854 -0.058173 -0.086813 0.000000
-0.783311 0.078414 -0.206494 2.000000
0.010928 -0.020956 0.080701 1.000000
-0.271196 0.092088 0.003358 0.000000
0.998188 -0.050118 -0.013696 0.000000
0.204422 -0.101729 -0.240281 3.000000
0.003594 -0.043654 -0.095316 1.000000
-0.252352 0.080403 -0.057377 0.000000
0.199151 0.007336 0.079384 0.000000
0.008118 -0.039850 0.328243 1.000000
-0.722053 0.080055 -0.079454 2.000000
-0.634591 -0.030577 0.012830 0.000000
0.853297 -0.099368 0.011214 0.000000
-0.761309 0.072199 -0.151800 2.000000
0.205889 0.064616 -0.071275 0.000000
-0.621887 -0.007406 -0.077341 0.000000
-0.126629 -0.111748 -0.021205 0.000000
0.724865 -0.111425 0.003060 0.000000
-0.007619 -0.023342 0.328915 1.000000
-0.282707 -0.080747 0.054423 0.000000
0.109303 -0.105583 0.243989 3.000000
0.081633 -0.062250 -0.128281 1.000000
0.333700 0.073343 0.044404 0.000000
-0.773167 0.022402 -0.045693 2.000000
0.269782 -0.090045 0.214230 3.000000
0.896108 -0.102525 -0.014989 0.000000
0.218817 -0.005616 0.082442 0.000000
-0.792907 0.378662 -0.005119 2.000000
0.458876 -0.073562 0.061136 0.000000
-0.000782 -0.061454 0.115432 1.000000
-0.258641 -0.004597 -0.101382 0.000000
0.287657 -0.105533 0.232702 3.000000
0.051874 -0.032765 -0.228397 1.000000
0.227046 -0.053872 0.004626 1.000000
0.267196 -0.052927 0.070434 1.000000
0.370743 -0.021627 0.080552 0.000000
-0.055526 -0.030055 -0.452645 1.000000
0.054783 -0.047905 0.239415 1.000000
-0.740425 0.085897 0.125600 2.000000
0.803749 0.041023 0.067301 0.000000
0.850040 0.069439 -0.050043 0.000000
0.465737 -0.099741 0.038114 0.000000
-0.512722 0.003881 -0.099641 0.000000
-0.279550 -0.100884 -0.056284 0.000000
-0.814288 0.080353 -0.083134 2.000000
0.564734 -0.087608 0.048780 0.000000
0.255313 -0.057079 -0.091387 0.000000
0.324874 0.004626 0.080030 0.000000
0.385958 -0.015834 0.081919 0.000000
0.170437 -0.061852 -0.131439 1.000000
0.320225 0.021681 0.076002 0.000000
-0.656221 0.146509 -0.000421 2.000000
0.546561 0.089403 0.012184 0.000000
-0.142515 -0.008973 -0.701480 1.000000
0.494402 -0.091387 -0.064637 0.000000
-0.099257 0.002140 0.652532 1.000000
0.016298 -0.039005 -0.362796 1.000000
0.959579 -0.062151 0.019816 0.000000
-0.738362 0.084505 0.107999 2.000000
0.219015 -0.055786 0.168287 1.000000
0.066194 -0.110530 -0.025182 1.000000
0.300386 -0.117889 0.271386 3.000000
0.160741 -0.060162 -0.144814 1.000000
-0.151241 -0.107845 -0.033958 0.000000
0.291958 0.092436 -0.021403 0.000000
-0.147462 0.091392 -0.024834 0.000000
-0.495941 -0.042038 0.058426 0.000000
0.182072 -0.031994 -0.097280 1.000000
0.171282 -0.067148 0.070334 1.000000
0.858543 -0.065954 -0.074507 0.000000
0.122455 -0.042734 -0.101581 1.000000
-0.402911 0.091591 -0.020682 2.000000
0.037082 -0.059689 0.129429 1.000000
-0.490248 0.087986 0.022825 0.000000
-0.404601 0.006068 0.082541 0.000000
-0.001627 0.018922 0.076649 1.000000
0.821823 -0.136560 -0.013150 0.000000
-0.211380 0.032148 -0.092705 0.000000
-0.442713 -0.043728 0.065238 0.000000
-0.794250 0.176069 -0.001017 2.000000
0.388842 0.035753 0.072671 0.000000
-0.348117 0.095071 -0.013647 0.000000
0.105375 -0.061231 0.117272 1.000000
0.140106 -0.041491 -0.117517 1.000000
-0.349012 -0.061902 -0.079554 0.000000
0.208996 -0.062474 0.109490 1.000000
-0.147711 -0.108467 0.012781 0.000000
0.539426 -0.096732 0.040749 0.000000
0.433567 -0.034878 0.077420 0.000000
-0.704252 0.064119 0.055368 2.000000
0.155644 -0.092183 -0.063941 1.000000
-0.833704 0.095892 -0.280581 2.000000
0.766582 -0.094221 -0.062151 0.000000
0.161387 -0.115229 -0.009719 1.000000
-0.136896 0.000972 0.637715 1.000000
0.220955 0.080353 0.038238 0.000000
0.059606 0.086594 -0.040546 0.000000
0.216405 -0.064811 -0.108169 1.000000
0.834005 -0.152869 -0.012528 0.000000
0.271273 0.012681 -0.097304 0.000000
0.011052 0.060788 -0.074631 0.000000
-0.005381 -0.014716 0.438527 1.000000
-0.479458 0.002115 0.081074 0.000000
0.192737 -0.113091 -0.002459 1.000000
-0.230499 0.087215 -0.038533 0.000000
0.933847 -0.045568 0.035479 0.000000
0.242012 -0.029881 -0.097777 1.000000
-0.005729 -0.053424 0.178952 1.000000
0.134761 -0.077838 -0.298953 3.000000
0.086307 -0.121618 -0.135864 1.000000
-0.418126 -0.077017 -0.051833 0.000000
-0.826420 0.074834 -0.170520 2.000000
-0.823785 0.069439 0.093977 2.000000
0.102442 -0.025182 0.305446 1.000000
-0.809440 0.339630 -0.004324 2.000000
0.591883 0.080527 0.038089 0.000000
-0.739008 0.196753 -0.001440 2.000000
0.031239 -0.105111 0.023744 0.000000
0.053664 -0.017226 0.406680 1.000000
0.535647 0.073716 0.044056 0.000000
-0.030317 -0.059938 -0.129524 1.000000
-0.092047 -0.021005 0.540856 1.000000
0.509617 0.092337 -0.021727 0.000000
-0.745373 0.079508 0.044702 2.000000
-0.037527 0.043087 -0.090144 0.000000
0.206958 -0.074879 0.216915 3.000000
-0.413750 -0.088777 -0.007755 0.000000
-0.786518 0.087911 -0.179222 2.000000
-0.274204 -0.031348 -0.017426 1.000000
0.385063 0.088309 0.015714 0.000000
0.608390 0.095121 -0.006661 0.000000
0.554740 -0.102301 -0.052206 0.000000
-0.558566 0.072199 0.050420 0.000000
0.201339 -0.101008 0.036995 1.000000
-0.817370 0.080353 0.055442 2.000000
-0.863239 0.059122 0.001543 2.000000
-0.508794 -0.010986 0.076276 0.000000
0.082006 -0.165473 0.115010 1.000000
0.300610 -0.090840 0.283394 3.000000
0.950479 -0.054369 -0.047632 0.000000
-0.817594 0.307286 -0.003677 2.000000
-0.764739 0.082019 0.076326 2.000000
-0.751638 0.089676 -0.036370 2.000000
-0.204320 0.094151 -0.003379 0.000000
-0.476798 0.019916 -0.099965 0.000000
-0.007022 -0.034828 -0.202069 1.000000
-0.771253 0.074536 -0.050541 2.000000
0.128123 -0.062822 -0.123881 1.000000
-0.565229 -0.008724 0.040700 2.000000
0.014682 -0.030502 -0.257062 1.000000
-0.220803 -0.082611 0.053180 0.000000
0.752734 0.063075 -0.072617 0.000000
0.441100 -0.083307 0.052558 0.000000
0.088221 -0.151079 -0.141632 1.000000
0.093541 0.023173 -0.094843 0.000000
0.096699 0.091939 0.003855 0.000000
-0.722500 0.077246 0.015963 2.000000
-0.017613 -0.033685 -0.420226 1.000000
-0.355227 0.043236 0.072025 0.000000
-0.108605 -0.006138 -0.755229 1.000000
0.411639 -0.031074 -0.097503 0.000000
0.456290 0.083038 -0.052256 0.000000
0.762231 -0.068813 0.065312 0.000000
-0.826470 0.078066 0.026081 2.000000
0.001282 -0.015859 -0.443123 1.000000
0.138167 -0.027444 -0.295945 1.000000
0.218319 -0.093525 0.287421 3.000000
0.017541 -0.011832 -0.494486 1.000000
-0.015400 -0.033809 0.195858 1.000000
0.191295 -0.061181 -0.138375 1.000000
-0.010900 -0.051933 0.190811 1.000000
0.812003 -0.072542 -0.077664 0.000000
0.432622 -0.069385 0.064815 0.000000
-0.033897 -0.033287 -0.418485 1.000000
0.400178 0.090472 0.008654 0.000000
0.116662 -0.035375 -0.195357 1.000000
0.929720 -0.091114 -0.012080 0.000000
0.013613 -0.034157 0.408619 1.000000
0.590938 -0.074755 0.060091 0.000000
-0.823710 0.073765 -0.161073 2.000000
-0.405347 -0.062847 -0.069709 0.000000
-0.739431 0.010146 0.026479 2.000000
-0.749798 0.071130 0.115432 2.000000
-0.731351 -0.005069 -0.000794 2.000000
0.113480 -0.030154 0.078538 1.000000
-0.782863 0.079806 0.048382 2.000000
0.106270 0.086942 -0.039403 0.000000
0.041756 -0.058173 0.141512 1.000000
0.595139 -0.108740 0.011836 0.000000
-0.058833 -0.031248 -0.435167 1.000000
0.659381 0.071080 -0.065582 0.000000
0.045261 0.087762 -0.036718 0.000000
0.132374 0.043758 -0.089622 0.000000
0.269782 -0.111450 -0.272302 3.000000
-0.036209 0.058849 -0.076347 0.000000
-0.692344 0.143128 -0.018843 2.000000
0.214516 -0.083233 0.052633 1.000000
0.269782 -0.083631 -0.266161 3.000000
0.132449 -0.056781 -0.172037 1.000000
0.457981 -0.086142 0.050072 0.000000
-0.658433 0.139548 -0.018917 2.000000
0.758974 0.021830 0.075953 0.000000
-0.026712 -0.025953 -0.521485 1.000000
-0.084290 0.014745 -0.096807 0.000000
0.043073 -0.070131 -0.083332 1.000000
0.248948 -0.042361 0.087165 1.000000
0.038648 -0.064935 -0.107100 1.000000
0.223988 -0.115726 0.229072 3.000000
0.910702 0.028692 0.029835 0.000000
0.840245 0.066332 -0.055960 0.000000
-0.011398 -0.040074 -0.095390 1.000000
0.329548 -0.108193 -0.032840 0.000000
-0.561251 0.045150 0.070409 0.000000
-0.388441 -0.078435 0.039506 0.000000
-0.739754 0.151257 -0.018694 2.000000
0.432448 -0.107597 -0.034779 0.000000
-0.140700 -0.000172 -0.659216 1.000000
0.003121 -0.011484 -0.571630 1.000000
-0.134485 -0.011409 -0.672019 1.000000
0.116911 -0.111226 0.003731 1.000000
-0.696918 0.076575 -0.073189 2.000000
0.765065 0.036896 0.072422 0.000000
-0.147885 -0.062499 0.070881 0.000000
-0.782565 0.176665 -0.001017 2.000000
-0.168594 0.066058 0.050818 0.000000
-0.738909 0.060738 -0.036196 2.000000
0.758701 0.067724 0.049351 0.000000
-0.003691 -0.028961 0.257439 1.000000
-0.816252 0.388109 -0.013870 2.000000
0.648442 -0.065581 -0.087360 0.000000
0.071365 -0.047234 0.256072 1.000000
0.154725 -0.073040 0.061608 1.000000
-0.446989 0.051987 0.070359 0.000000
-0.363506 0.021482 0.077967 0.000000
0.321568 -0.026201 0.003309 1.000000
-0.248001 -0.071449 0.063000 0.000000
0.028206 -0.112420 -0.018917 1.000000
0.066691 0.069862 0.047462 0.000000
-0.011596 -0.010365 -0.512908 1.000000
-0.360050 0.006690 -0.100561 0.000000
-0.537633 -0.032118 0.057904 0.000000
0.590615 0.073765 -0.063220 0.000000
0.061023 -0.049695 0.217810 1.000000
0.607769 0.037518 0.072273 0.000000
-0.801882 0.360265 -0.004746 2.000000
-0.097989 0.000674 0.633986 1.000000
0.060451 -0.160377 0.130075 1.000000
-0.046452 -0.027569 0.471692 1.000000
0.081160 -0.135118 -0.150010 1.000000
0.481201 -0.064264 -0.088504 0.000000
0.353141 -0.028290 -0.043207 1.000000
-0.773814 0.155310 -0.000595 2.000000
-0.144380 -0.059391 0.002861 0.000000
-0.089312 -0.015387 -0.637934 1.000000
0.285569 -0.107373 -0.277622 3.000000
0.015104 -0.053996 -0.088976 1.000000
-0.741867 0.089701 -0.036668 2.000000
-0.300607 0.051067 -0.084053 0.000000
-0.674096 0.244959 -0.016779 2.000000
-0.863140 0.096538 -0.288785 2.000000
-0.819633 0.339531 -0.014865 2.000000
0.143239 -0.035574 0.173533 1.000000
-0.135057 0.007485 0.720527 1.000000
-0.003790 -0.039477 -0.143123 1.000000
0.575424 0.004229 0.080105 0.000000
0.888053 -0.060435 -0.072220 0.000000
-0.852176 0.088384 0.264798 2.000000
-0.116038 -0.009047 0.553286 1.000000
0.371414 -0.061206 0.071204 0.000000
-0.630738 0.024068 -0.087062 0.000000
-0.278431 0.043634 0.070558 0.000000
0.028554 -0.032044 0.218506 1.000000
0.118054 -0.100138 0.269944 3.000000
0.077630 -0.118038 0.110485 1.000000
-0.766405 0.360165 -0.004746 2.000000
-0.179658 -0.078037 -0.076371 0.000000
-0.140352 -0.091213 -0.064786 0.000000
0.874802 0.010792 0.056685 0.000000
-0.562121 -0.048502 -0.041740 0.000000
0.154103 -0.039577 0.122717 1.000000
-0.149451 -0.003627 -0.690441 1.000000
0.265804 -0.080498 0.208587 3.000000
-0.743036 0.265544 -0.016357 2.000000
-0.030317 -0.042709 -0.224171 1.000000
0.215982 -0.043380 -0.273694 3.000000
-0.103384 -0.021030 -0.528645 1.000000
-0.030913 0.026280 0.074909 0.000000
-0.074222 0.014024 -0.096981 0.000000
0.542086 0.086469 -0.040994 0.000000
-0.802503 0.085102 -0.265962 2.000000
0.191071 -0.057526 0.271063 3.000000
0.331338 0.005074 -0.099094 0.000000
0.080812 -0.093227 -0.063021 1.000000
0.288030 -0.115875 0.277005 3.000000
0.137371 -0.061728 0.266936 3.000000
-0.090705 -0.016207 0.464110 1.000000
0.858195 -0.054444 0.058202 0.000000
0.577960 -0.049745 0.073914 0.000000
0.131131 -0.025679 -0.318295 1.000000
0.010381 -0.053648 -0.196475 1.000000
-0.599015 0.117869 -0.021229 2.000000
0.532937 -0.043554 0.075381 0.000000
0.202010 -0.048850 -0.253681 3.000000
-0.145523 -0.099144 0.038611 0.000000
0.016994 -0.045593 0.253983 1.000000
0.024850 -0.030826 -0.478326 1.000000
-0.805636 0.094673 0.237202 2.000000
-0.092097 -0.017102 0.593860 1.000000
0.012991 -0.040994 0.314868 1.000000
0.061644 -0.020806 0.361209 1.000000
0.706119 -0.114533 -0.007183 0.000000
-0.471254 -0.044574 -0.078833 0.000000
-0.776921 0.085649 0.122567 2.000000
0.515186 -0.037165 0.076873 0.000000
-0.101345 -0.078335 -0.076123 0.000000
-0.159122 0.092660 -0.020633 0.000000
-0.717105 0.082094 -0.109959 2.000000
0.084939 -0.097254 0.040302 1.000000
-0.792012 0.345373 -0.004448 2.000000
-0.659254 0.121822 -0.020807 2.000000
-0.616990 0.067774 -0.073214 2.000000
-0.607095 0.182781 -0.018047 2.000000
-0.284770 -0.043281 0.075282 0.000000
-0.102340 0.062876 0.053603 0.000000
-0.791142 0.211496 -0.017450 2.000000
0.070644 -0.022398 0.341072 1.000000
-0.213742 -0.014964 0.082118 0.000000
0.537163 -0.111226 -0.022920 0.000000
0.217275 -0.067521 -0.080672 1.000000
-0.270053 -0.109635 -0.028091 0.000000
-0.665195 -0.020483 -0.042262 0.000000
-0.693786 0.255102 -0.002608 2.000000
0.735157 -0.074332 -0.079653 0.000000
-0.782565 0.379657 -0.014045 2.000000
-0.252252 0.019295 -0.095738 0.000000
0.503302 0.091864 0.004104 0.000000
-0.027358 -0.025431 0.509307 1.000000
0.013265 -0.062921 0.103872 1.000000
0.118378 -0.073437 -0.248535 3.000000
-0.714122 0.279416 -0.016083 2.000000
0.073205 0.032545 0.073442 0.000000
-0.295958 0.095022 -0.013547 0.000000
-0.513866 0.067923 -0.074979 0.000000
0.537984 0.053131 -0.081393 0.000000
-0.034792 -0.019588 0.585581 1.000000
0.584797 -0.082064 0.053652 0.000000
-0.824331 0.078240 -0.056557 2.000000
0.244249 -0.079305 0.290977 3.000000
0.871123 0.014546 -0.078683 0.000000
-0.060051 -0.014094 -0.668539 1.000000
-0.379914 -0.082437 -0.056532 0.000000
0.151169 -0.026375 -0.309718 1.000000
-0.498651 0.093182 -0.021478 0.000000
0.035217 -0.020806 -0.380299 1.000000
-0.474486 0.061235 0.062826 0.000000
0.096997 -0.063717 0.097458 1.000000
0.230228 -0.080274 -0.074432 1.000000
0.058810 -0.024411 0.315440 1.000000
0.580596 -0.035847 -0.096385 0.000000
0.017814 -0.044549 0.268776 1.000000
0.939367 0.012110 -0.037538 0.000000
0.836690 -0.104887 -0.034083 0.000000
-0.142291 -0.000023 0.645621 1.000000
0.533882 0.021880 0.075953 0.000000
-0.696620 0.066655 0.045249 2.000000
0.269782 -0.092705 0.232379 3.000000
0.814141 0.040128 -0.085247 0.000000
0.244349 -0.102003 -0.053201 1.000000
0.700178 0.014720 -0.096832 0.000000
0.902199 0.050694 0.017952 0.000000
0.514266 0.044131 -0.089299 0.000000
0.430285 0.086768 -0.039975 0.000000
0.467751 -0.002260 -0.100835 0.000000
0.134562 -0.036767 -0.177606 1.000000
-0.303292 0.083088 -0.053126 0.000000
-0.084017 0.000350 0.629983 1.000000
0.570204 -0.057551 0.072074 0.000000
0.104878 -0.086017 -0.289158 3.000000
-0.093464 -0.006462 0.543441 1.000000
-0.152534 0.006914 -0.732506 1.000000
0.457011 0.070832 -0.065781 0.000000
-0.018657 -0.102674 -0.050963 0.000000
-0.795617 0.082467 0.082267 2.000000
-0.673350 0.225716 -0.017177 2.000000
0.235150 -0.038856 -0.095664 1.000000
-0.036607 -0.003951 0.575363 1.000000
0.201115 0.033341 -0.007854 1.000000
0.173122 0.087190 -0.038582 0.000000
0.185851 -0.039204 0.127490 1.000000
0.289646 -0.108840 0.265096 3.000000
-0.413402 0.095444 -0.007705 0.000000
0.266003 -0.087658 -0.228944 3.000000
-0.669472 -0.016008 0.026703 0.000000
0.427501 -0.014591 -0.101407 0.000000
0.210463 -0.060087 0.066033 1.000000
-0.724116 0.060614 0.021830 2.000000
0.836839 0.072995 0.031426 0.000000
0.226051 -0.047333 -0.181037 1.000000
-0.088865 0.015441 0.077469 0.000000
0.591957 0.014894 -0.096782 0.000000
-0.601526 0.062826 0.060042 2.000000
-0.641030 0.046020 -0.082462 0.000000
-0.087149 0.031352 -0.092904 0.000000
-0.740400 0.066009 -0.097130 2.000000
-0.021889 -0.014641 -0.458561 1.000000
0.202532 -0.044996 -0.221361 1.000000
0.596333 -0.101282 0.036374 0.000000
-0.044811 -0.021254 -0.374705 1.000000
-0.141869 -0.011260 0.644999 1.000000
0.324277 -0.093500 0.043608 0.000000
-0.102762 -0.022795 0.511445 1.000000
0.557848 -0.032118 0.078066 0.000000
-0.165860 -0.087285 -0.068242 0.000000
0.255984 0.042639 0.071055 0.000000
0.710868 0.091839 -0.023343 0.000000
0.128471 0.058749 -0.076421 0.000000
0.823290 -0.104812 -0.012304 0.000000
0.194005 -0.036767 0.158367 1.000000
-0.813940 0.166050 -0.016531 2.000000
-0.167774 -0.056134 -0.010465 0.000000
0.107961 -0.029955 -0.264222 1.000000
-0.445398 -0.063592 -0.062623 0.000000
0.339070 -0.084252 -0.070902 0.000000
-0.357440 -0.031024 0.075654 0.000000
0.625370 0.017629 -0.096136 0.000000
0.899812 -0.000818 -0.073065 0.000000
0.051377 -0.038955 -0.379230 1.000000
-0.063929 -0.008326 -0.538888 1.000000
0.208748 -0.036643 0.159884 1.000000
0.281914 -0.054245 0.277751 3.000000
0.141101 -0.033685 0.197549 1.000000
0.011002 -0.058322 0.071900 1.000000
-0.012889 -0.044474 -0.275086 1.000000
0.339840 -0.022422 -0.025555 1.000000
-0.849889 0.081124 0.199140 2.000000
-0.195370 -0.097031 -0.059665 0.000000
-0.336308 0.061782 -0.076172 0.000000
-0.605404 -0.015337 0.054249 0.000000
-0.096174 -0.092879 -0.063344 0.000000
-0.303665 -0.013025 -0.100959 0.000000
0.915823 -0.066228 -0.056507 0.000000
-0.585441 0.078464 0.042142 0.000000
0.003569 -0.050516 -0.221187 1.000000
-0.489427 -0.057253 -0.061654 0.000000
0.298596 0.053479 -0.081070 0.000000
0.198555 -0.069261 -0.084128 1.000000
0.284027 -0.067247 -0.259150 3.000000
0.727003 0.062578 0.053876 0.000000
0.573162 -0.017450 0.081547 0.000000
-0.013710 -0.007854 -0.545053 1.000000
0.103187 -0.056308 0.156155 1.000000
-0.027458 0.031054 -0.092979 0.000000
-0.380908 -0.056283 -0.080498 0.000000
0.008342 -0.008326 0.519624 1.000000
0.270901 -0.051261 -0.302782 3.000000
-0.810683 0.320238 -0.003951 2.000000
-0.011770 -0.022174 0.343782 1.000000
0.287707 -0.023690 -0.028191 1.000000
-0.016370 -0.024188 -0.550299 1.000000
-0.061319 -0.002086 -0.618220 1.000000
0.160269 -0.041342 -0.119331 1.000000
0.184036 -0.030577 -0.256341 1.000000
-0.661491 0.241429 -0.002335 2.000000
-0.782490 0.093555 -0.019365 2.000000
0.300610 -0.042833 -0.269020 3.000000
-0.403830 0.071254 -0.069783 0.000000
0.545989 -0.052753 -0.092407 0.000000
0.346876 -0.026997 -0.012230 1.000000
0.033750 -0.050043 0.073840 1.000000
-0.499943 -0.003006 0.078936 0.000000
-0.240045 -0.011931 0.082839 0.000000
-0.548721 0.062279 -0.080722 0.000000
0.035590 -0.031472 0.455035 1.000000
0.191693 -0.119530 0.260770 3.000000
0.155918 0.050843 0.064193 0.000000
0.097619 -0.090467 -0.285603 3.000000
0.430658 -0.067819 -0.085371 0.000000
0.824085 -0.168854 -0.021428 0.000000
0.814091 0.009027 0.072920 0.000000
0.231695 -0.065706 -0.100959 1.000000
0.772126 -0.114110 -0.005741 0.000000
0.812326 -0.105260 0.019493 0.000000
-0.663331 0.068445 -0.069932 2.000000
0.155197 -0.034331 -0.208608 1.000000
0.017839 -0.028091 -0.512286 1.000000
0.433641 0.047512 -0.086341 0.000000
0.067537 -0.119083 0.134849 1.000000
0.273486 -0.072766 0.061832 0.000000
0.140405 -0.054792 0.183751 1.000000
-0.116287 -0.001539 -0.625181 1.000000
0.298869 -0.070181 0.274891 3.000000
0.667958 0.004030 -0.099343 0.000000
-0.759170 0.084456 0.107477 2.000000
0.246661 -0.041292 -0.119953 1.000000
-0.046526 -0.024983 -0.525985 1.000000
0.895114 -0.039825 0.052111 0.000000
0.191768 -0.033511 0.077743 1.000000
-0.145996 0.018772 -0.095862 0.000000
0.184782 -0.092854 -0.063344 1.000000
-0.702587 0.273599 -0.016207 2.000000
-0.690355 0.156105 -0.018594 2.000000
0.725287 0.095643 -0.010837 0.000000
0.861178 -0.001688 -0.084526 0.000000
0.398861 0.017380 -0.096211 0.000000
0.614730 0.081323 0.037393 0.000000
-0.836116 0.069688 0.095767 2.000000
0.323382 -0.026922 -0.030378 1.000000
0.035615 -0.010663 0.490114 1.000000
-0.443136 -0.073413 0.030407 0.000000
-0.236316 0.004552 0.080030 0.000000
-0.698683 0.053454 0.048904 2.000000
0.220109 -0.005865 -0.101680 0.000000
-0.056918 -0.053921 -0.092133 0.000000
0.027336 -0.019414 -0.526731 1.000000
0.131703 0.077072 0.041122 0.000000
-0.030317 -0.047806 0.101435 1.000000
0.322164 0.086917 0.020314 0.000000
0.029101 -0.035524 0.396761 1.000000
-0.031908 -0.013348 0.455880 1.000000
-0.120090 -0.011981 -0.670428 1.000000
0.158876 0.005298 -0.099045 1.000000
0.998188 -0.055065 -0.024262 0.000000
-0.699628 0.096936 0.004278 2.000000
-0.154921 0.004055 -0.765174 1.000000
-0.020870 -0.040770 -0.126690 1.000000
0.060401 0.046691 -0.087037 0.000000
0.309460 0.002488 0.080527 0.000000
-0.673598 0.088632 -0.043530 2.000000
0.558444 -0.114359 -0.006636 0.000000
0.062539 -0.149239 -0.120674 1.000000
0.102566 -0.041267 0.351414 1.000000
-0.705694 0.060937 -0.053922 2.000000
-0.079691 -0.106304 -0.039080 0.000000
0.870054 0.047959 -0.061306 0.000000
0.809865 -0.156349 -0.025804 0.000000
0.194055 -0.112594 0.272281 3.000000
-0.306623 0.030134 -0.093799 0.000000
0.333103 -0.112047 -0.020185 0.000000
0.325595 0.086917 -0.039527 0.000000
0.093690 -0.025804 -0.316977 1.000000
0.002276 -0.027345 0.496479 1.000000
-0.006674 -0.013249 0.457049 1.000000
0.398214 0.028493 -0.093575 0.000000
0.183439 0.076724 0.041421 0.000000
0.798031 0.081273 0.029686 0.000000
0.881838 -0.092879 -0.015735 0.000000
-0.309607 -0.097528 -0.049024 0.000000
-0.835345 0.401708 -0.011658 2.000000
0.099757 -0.143322 -0.156698 1.000000
0.137073 -0.066576 0.067276 1.000000
-0.002298 -0.067545 0.067251 1.000000
0.513272 0.052956 -0.081518 0.000000
-0.794424 0.079235 -0.068888 2.000000
0.070943 -0.041615 -0.351534 1.000000
0.054335 -0.042709 0.309995 1.000000
0.314234 -0.090542 -0.065408 0.000000
-0.569853 -0.017773 -0.083507 0.000000
-0.374867 0.004303 0.082267 0.000000
0.194055 -0.093028 -0.302707 3.000000
0.056647 -0.057228 -0.091338 1.000000
-0.204046 0.082094 0.036150 0.000000
0.245020 -0.053325 -0.023964 1.000000
0.215858 0.028767 0.027648 1.000000
-0.618879 -0.032839 0.022352 0.000000
0.755941 0.053429 -0.081120 0.000000
-0.030317 -0.037215 -0.237670 1.000000
-0.854165 0.053851 0.003582 2.000000
0.124916 -0.055289 0.170077 1.000000
-0.441694 0.099695 -0.023169 2.000000
0.409104 -0.014591 0.082218 0.000000
-0.658557 0.081149 0.032819 2.000000
-0.370964 -0.093351 -0.023467 0.000000
0.612492 0.055816 -0.079032 0.000000
-0.692990 0.212416 -0.001738 2.000000
0.881639 0.040476 0.040973 0.000000
0.582087 0.089502 -0.031050 0.000000
0.127477 0.031899 0.073591 1.000000
0.754549 0.095320 -0.007282 0.000000
-0.679441 0.137037 -0.019166 2.000000
-0.030317 -0.047831 0.164409 1.000000
-0.545937 -0.018867 0.068494 0.000000
-0.646898 0.210501 -0.017475 2.000000
0.797584 0.011985 0.074958 0.000000
0.116190 -0.060982 0.119286 1.000000
-0.316841 0.075033 0.044479 0.000000
-0.033201 -0.019837 -0.392630 1.000000
-0.760065 0.065462 -0.090517 2.000000
0.178094 -0.061181 -0.136709 1.000000
-0.822517 0.049725 0.015863 2.000000
0.181028 -0.057129 -0.091363 1.000000
0.184185 -0.034878 -0.201647 1.000000
0.876493 -0.078012 -0.060883 0.000000
-0.759096 0.092560 -0.024312 2.000000
0.479137 0.005298 0.079856 0.000000
0.272815 -0.093078 -0.310613 3.000000
-0.878330 0.090994 0.288515 2.000000
0.122679 -0.107050 0.239763 3.000000
-0.114870 -0.059789 -0.090741 0.000000
0.055230 0.068544 0.048606 0.000000
-0.022834 -0.028936 0.463538 1.000000
0.087674 0.087886 0.017156 0.000000
0.626837 0.032570 0.073417 0.000000
-0.602869 0.088210 -0.044475 2.000000
0.172227 -0.028911 -0.277249 1.000000
0.586040 -0.059515 0.071627 0.000000
0.262299 -0.101804 0.034658 0.000000
0.036933 0.025982 0.074983 1.000000
0.016745 -0.025853 -0.316057 1.000000
-0.257846 -0.063816 -0.088901 0.000000
0.183862 -0.068316 0.221589 3.000000
0.670295 -0.095663 -0.060883 0.000000
0.891086 -0.100660 -0.024113 0.000000
0.317988 -0.032640 0.077942 0.000000
-0.678745 0.039681 0.056586 2.000000
-0.805288 0.092461 -0.236974 2.000000
0.097469 -0.136460 0.114040 1.000000
-0.247951 0.090845 -0.026575 0.000000
-0.639041 0.195908 -0.001415 2.000000
-0.806257 0.195709 -0.017774 2.000000
0.926563 0.034460 -0.003851 0.000000
0.439583 0.054374 0.061086 0.000000
-0.296505 -0.082537 0.050644 0.000000
-0.430109 0.066953 -0.074954 0.000000
-0.033027 -0.037986 -0.354667 1.000000
0.239600 -0.056408 -0.153068 1.000000
-0.252028 0.090721 0.007833 0.000000
-0.074048 -0.029085 -0.457890 1.000000
-0.706142 0.061086 0.027523 2.000000
-0.303739 0.086395 0.022054 0.000000
0.077730 -0.041566 0.336274 1.000000
0.267072 -0.016456 0.011811 1.000000
0.146272 -0.051908 -0.244905 1.000000
-0.058584 -0.002185 0.597788 1.000000
-0.787114 0.201278 -0.017674 2.000000
-0.511628 0.120454 0.001742 2.000000
-0.788059 0.060539 -0.043604 2.000000
-0.508695 -0.050366 -0.066203 0.000000
0.096525 -0.134173 0.101087 1.000000
0.698512 -0.106528 -0.038359 0.000000
0.163824 0.087339 0.018946 0.000000
0.122181 -0.088155 0.226686 3.000000
-0.081680 -0.012851 0.462320 1.000000
0.031165 -0.035574 -0.096459 1.000000
-0.591209 -0.039751 0.026181 0.000000
-0.044264 0.083486 -0.050764 0.000000
0.638845 0.053454 -0.081070 0.000000
0.431230 -0.102202 -0.052530 0.000000
0.085934 -0.043032 -0.097777 1.000000
0.149628 -0.091238 0.221763 3.000000
-0.080536 -0.014666 -0.651608 1.000000
0.011872 -0.016530 -0.434769 1.000000
0.087500 -0.029210 0.254356 1.000000
-0.283478 -0.025033 -0.013249 1.000000
0.300610 -0.055214 0.260149 3.000000
-0.093762 -0.024362 -0.513380 1.000000
-0.759494 0.261119 -0.016456 2.000000
-0.749176 0.327597 -0.015089 2.000000
-0.654878 -0.024660 0.013700 0.000000
0.734859 0.038264 0.072074 0.000000
-0.813368 0.228924 -0.002086 2.000000
-0.021516 -0.012478 0.466944 1.000000
0.782617 -0.079454 -0.074805 0.000000
-0.042822 -0.020135 0.369762 1.000000
0.294991 -0.119953 0.232578 3.000000
-0.742886 0.066928 0.077693 2.000000
0.737072 -0.001465 -0.100636 0.000000
-0.273359 0.086146 -0.042013 0.000000
-0.448406 -0.043430 -0.083855 0.000000
-0.804194 0.123512 -0.017625 2.000000
0.218518 -0.061231 0.130647 1.000000
0.039294 -0.024138 0.318970 1.000000
-0.822492 0.094549 -0.302334 2.000000
-0.298220 -0.106403 -0.027171 0.000000
-0.039565 -0.028687 -0.478699 1.000000
-0.436398 0.086246 0.027200 0.000000
0.176453 -0.065258 0.085425 1.000000
0.047001 -0.036742 -0.177830 1.000000
0.051799 -0.152695 0.134998 1.000000
-0.658732 0.092187 0.005645 2.000000
0.284201 -0.013497 -0.101655 0.000000
-0.562594 0.004179 -0.016854 2.000000
0.566972 0.085152 0.026156 0.000000
-0.025369 -0.021403 -0.584284 1.000000
0.079868 -0.104091 -0.046289 1.000000
-0.780228 0.055244 -0.054344 2.000000
-0.850162 0.074760 -0.169402 2.000000
0.019207 -0.037066 -0.173827 1.000000
0.841513 -0.107199 0.004328 0.000000
-0.080909 -0.024735 0.494788 1.000000
0.064081 -0.051709 -0.211864 1.000000
0.735008 -0.084103 0.051862 0.000000
0.831792 -0.165647 -0.005293 0.000000
0.069600 -0.144540 0.129504 1.000000
-0.095055 0.089154 0.013004 0.000000
-0.297947 0.082119 0.036796 0.000000
-0.031088 -0.035723 0.367101 1.000000
0.269782 -0.075203 0.278621 3.000000
-0.072531 -0.113538 -0.003901 0.000000
-0.029546 -0.023790 0.530688 1.000000
-0.839273 0.092859 -0.333361 2.000000
-0.458500 0.045001 -0.092183 0.000000
0.286140 -0.022248 -0.015561 1.000000
-0.247528 -0.064711 -0.088106 0.000000
-0.039043 -0.029955 0.442381 1.000000
-0.087821 -0.006014 -0.568174 1.000000
-0.345407 -0.081517 0.043708 0.000000
-0.815232 0.171693 -0.005666 2.000000
0.037479 -0.086017 0.050172 0.000000
0.421360 0.048357 0.066381 0.000000
-0.351597 0.071105 -0.068615 0.000000
-0.132670 0.003284 0.667150 1.000000
-0.029123 0.014496 -0.096882 0.000000
0.284027 -0.090020 0.264723 3.000000
-0.512846 0.090049 -0.034555 2.000000
0.826124 0.085251 0.004303 0.000000
0.354434 -0.081542 0.054100 0.000000
0.140056 -0.040447 0.308255 1.000000
-0.798053 0.311711 -0.003777 2.000000
-0.272738 0.065735 -0.070280 0.000000
0.297378 -0.012105 -0.101978 0.000000
0.067561 -0.067993 0.061185 1.000000
0.075094 -0.040273 0.352607 1.000000
-0.745397 0.121673 0.001618 2.000000
-0.225153 -0.102798 -0.050566 0.000000
-0.606399 0.052285 0.064392 2.000000
0.134960 -0.065880 -0.099592 1.000000
0.844472 -0.046065 0.063398 0.000000
-0.122601 0.060514 0.055691 0.000000
0.132449 -0.050988 -0.251344 1.000000
-0.047347 -0.017077 0.614395 1.000000
-0.045234 0.069713 0.047611 0.000000
0.272343 -0.045543 0.086444 1.000000
0.209394 -0.115428 0.231260 3.000000
0.267743 -0.124602 0.268875 3.000000
-0.081431 -0.001937 0.600796 1.000000
0.476577 -0.005940 0.082516 0.000000
0.319852 0.072025 -0.064761 0.000000
-0.048888 -0.005765 0.552391 1.000000
-0.345680 -0.051435 -0.090443 0.000000
-0.777443 0.036076 -0.051784 2.000000
0.746096 -0.020583 0.080801 0.000000
0.146321 -0.114011 0.261815 3.000000
0.744381 0.090223 -0.028613 0.000000
-0.099829 -0.111947 -0.020533 0.000000
0.214217 -0.046687 0.074635 1.000000
0.949883 -0.075774 0.012184 0.000000
0.388916 0.061434 0.054895 0.000000
0.056722 -0.039452 0.355491 1.000000
0.204248 -0.050864 0.238147 3.000000
0.773543 -0.017127 -0.100810 0.000000
-0.837781 0.087687 0.148572 2.000000
-0.787835 0.086867 -0.239162 2.000000
-0.564955 -0.007829 0.068867 0.000000
-0.288848 -0.105508 -0.036121 0.000000
0.116886 -0.028290 0.266190 1.000000
-0.494996 -0.050242 0.049401 0.000000
