0.256046 0.019453 -0.095016 0.000000
-0.062098 -0.066479 0.611741 3.000000
0.848183 0.086058 -0.030383 0.000000
0.593963 -0.069740 -0.064935 0.000000
0.000695 -0.128325 -0.103220 3.000000
0.607163 -0.020016 -0.092203 0.000000
-0.091390 -0.000216 0.647503 1.000000
0.167431 -0.015178 0.381923 1.000000
0.543845 -0.074867 0.050790 0.000000
-0.662913 0.186873 0.008192 2.000000
-0.228677 0.106016 0.010663 0.000000
-0.123707 -0.063376 0.063885 0.000000
-0.289234 -0.080547 -0.009847 0.000000
-0.049897 -0.031612 -0.081895 0.000000
0.081867 -0.045443 0.632067 3.000000
-0.762781 0.068388 -0.092097 2.000000
0.119022 0.000021 0.088339 0.000000
0.950471 0.047799 0.005089 0.000000
-0.052605 0.089529 0.051579 0.000000
-0.379584 0.045275 -0.086470 0.000000
-0.116686 -0.020174 0.607692 1.000000
0.073137 -0.049861 0.136406 1.000000
-0.886973 0.264759 -0.003010 2.000000
-0.039274 -0.051570 0.259651 1.000000
0.022520 -0.082861 0.585920 3.000000
0.129619 -0.058564 -0.275479 1.000000
0.028199 -0.051701 0.615396 3.000000
0.181762 0.035519 0.084263 0.000000
-0.040588 -0.023908 0.498147 1.000000
0.148262 -0.046048 0.283027 1.000000
0.014184 -0.007237 0.513188 1.000000
0.242267 -0.016361 -0.219812 1.000000
-0.158548 -0.070660 -0.063830 0.000000
-0.803065 0.069860 -0.075085 2.000000
-0.497123 -0.036608 -0.017656 0.000000
0.001352 -0.010681 -0.467249 1.000000
-0.670722 0.239884 -0.009531 2.000000
-0.796597 0.172674 0.003669 2.000000
0.107926 -0.049046 0.352499 1.000000
0.128673 -0.152622 -0.189678 3.000000
0.382209 -0.055882 -0.149736 1.000000
0.133353 -0.094641 -0.066618 0.000000
-0.016739 -0.046758 0.275822 1.000000
-0.117107 0.061577 -0.080633 0.000000
0.291965 -0.113705 -0.381159 3.000000
0.153337 -0.021620 -0.231908 1.000000
0.273874 -0.042761 -0.252970 1.000000
-0.818947 0.068204 0.091573 2.000000
0.726753 -0.010103 0.077532 0.000000
0.511817 -0.095325 -0.022810 0.000000
-0.211401 0.008961 -0.772876 1.000000
-0.842823 0.369045 -0.007848 2.000000
0.392070 -0.079469 -0.090730 0.000000
0.244686 -0.103003 0.318315 3.000000
-0.558311 0.056240 -0.019970 2.000000
0.654205 0.048667 0.076795 0.000000
0.102641 -0.044812 0.300040 1.000000
0.119890 -0.086989 0.071379 0.000000
-0.738406 0.019716 -0.024335 2.000000
0.266827 -0.097560 -0.058939 0.000000
0.168194 0.095156 -0.050551 0.000000
-0.117081 -0.023092 -0.623572 1.000000
-0.669460 0.093920 0.028150 2.000000
0.276188 -0.016335 -0.128095 1.000000
-0.858548 0.076066 -0.147212 2.000000
0.810765 -0.079495 -0.017051 0.000000
0.216051 -0.087279 0.072246 0.000000
0.478686 -0.097586 -0.033538 0.000000
0.110845 -0.066164 0.262175 1.000000
0.492701 0.131812 -0.005534 0.000000
0.477502 -0.098086 -0.005245 0.000000
0.089151 -0.051938 0.245688 1.000000
0.096856 -0.046916 0.285499 1.000000
0.275872 -0.123198 -0.368747 3.000000
-0.071459 -0.084097 -0.044714 0.000000
-0.140089 -0.009919 0.586551 1.000000
0.146921 -0.053227 -0.233302 1.000000
0.243030 -0.056698 0.187392 1.000000
-0.219105 0.029419 0.085815 0.000000
-0.098175 -0.000058 0.699409 1.000000
0.472086 -0.028273 -0.092729 0.000000
0.558149 0.042671 0.082081 0.000000
-0.277060 0.008225 0.834960 1.000000
0.026543 -0.096771 0.073167 0.000000
0.857834 -0.078417 0.022812 0.000000
-0.312163 -0.059301 -0.059176 0.000000
0.211449 -0.045154 0.268118 1.000000
0.678370 -0.067347 -0.062384 0.000000
-0.061309 -0.073579 -0.633538 3.000000
0.259832 -0.098507 0.337905 3.000000
0.198538 -0.086490 0.330385 3.000000
0.428094 0.091580 0.055339 0.000000
0.319680 0.004649 0.088470 0.000000
-0.089208 -0.013837 -0.593412 1.000000
-0.117791 0.002072 -0.663778 1.000000
0.291807 -0.055304 0.178794 1.000000
0.571086 -0.013600 0.086604 0.000000
-0.278637 0.045380 0.081187 0.000000
0.260253 -0.099322 0.352604 3.000000
-0.273799 0.004044 0.774508 1.000000
-0.861098 0.344407 -0.008742 2.000000
0.028567 -0.135320 -0.079003 0.000000
-0.450423 -0.046495 0.016369 0.000000
-0.008640 -0.120594 -0.097435 3.000000
-0.228940 -0.040473 -0.082026 0.000000
0.433274 -0.094773 0.056285 0.000000
-0.366436 0.104070 0.019446 0.000000
-0.660546 0.057502 -0.062463 2.000000
0.000905 -0.014573 -0.441111 1.000000
-0.834461 0.257712 0.002354 2.000000
0.103456 -0.076208 0.189601 1.000000
-0.079715 -0.021226 -0.632329 1.000000
0.094515 -0.099953 0.009980 0.000000
-0.496781 0.107068 0.010926 2.000000
-0.334988 -0.071055 -0.021706 0.000000
-0.381162 -0.051018 -0.052629 0.000000
-0.825337 0.136939 0.000093 3.000000
0.141058 -0.026669 -0.206376 1.000000
0.678975 -0.092169 -0.002642 0.000000
-0.703644 0.092579 0.026204 2.000000
-0.449003 0.007594 0.072904 0.000000
-0.230859 0.105254 -0.021548 0.000000
0.391728 0.120321 -0.037193 0.000000
0.531986 0.081088 0.061544 0.000000
-0.807036 0.089818 0.243480 2.000000
0.053705 -0.032690 -0.264803 1.000000
-0.608508 0.053663 0.024942 2.000000
-0.029045 -0.097192 0.014766 0.000000
0.067011 -0.054936 -0.645108 3.000000
0.354731 -0.016387 0.105694 1.000000
0.159701 -0.022540 0.223837 1.000000
0.085733 -0.022935 -0.473638 1.000000
0.115709 -0.018149 -0.306007 1.000000
0.232617 -0.015940 0.254497 1.000000
0.722151 -0.056093 -0.066302 0.000000
0.914000 -0.052569 -0.003089 0.000000
-0.788945 0.231654 0.004721 2.000000
0.256624 -0.017150 -0.188101 1.000000
0.128883 -0.122067 0.165226 1.000000
0.030908 -0.048520 -0.099670 0.000000
0.795435 -0.142735 0.015423 0.000000
-0.646268 0.061814 -0.094490 2.000000
0.038060 -0.040789 -0.339350 1.000000
0.096619 -0.030771 -0.401905 1.000000
0.327121 -0.098717 0.375980 3.000000
-0.611480 0.110960 0.013346 2.000000
0.149577 -0.020016 -0.252576 1.000000
0.224281 -0.074552 0.119025 1.000000
-0.873825 0.082824 0.206483 2.000000
0.253758 -0.069898 -0.382053 3.000000
0.369377 -0.066690 -0.138482 1.000000
0.164881 -0.093405 0.345162 3.000000
-0.031569 -0.089224 0.053156 0.000000
0.221547 0.093053 0.049554 0.000000
0.052733 -0.016519 -0.094858 0.000000
0.194200 0.100047 -0.042531 0.000000
0.061278 -0.045101 -0.175085 1.000000
0.028068 -0.084097 -0.654075 3.000000
0.586495 0.051612 -0.085839 0.000000
0.523019 -0.066006 0.061807 0.000000
0.175609 -0.037897 -0.324992 1.000000
-0.047951 -0.092117 0.037458 0.000000
0.278949 -0.017544 0.182291 1.000000
-0.054946 -0.005633 -0.657887 1.000000
0.666143 -0.060957 0.061334 0.000000
0.296409 -0.046022 -0.225413 1.000000
0.050366 -0.106947 -0.628753 3.000000
0.391334 -0.021804 0.129175 1.000000
0.105743 -0.058249 -0.280265 1.000000
0.081657 0.100520 -0.038929 0.000000
0.872033 -0.031822 -0.054049 0.000000
0.011844 -0.062325 -0.156073 1.000000
0.027463 0.033468 -0.092308 0.000000
-0.205826 -0.088856 0.016659 0.000000
0.350760 0.002624 -0.095858 1.000000
0.176267 -0.013889 0.332777 1.000000
0.154179 -0.134899 0.176953 3.000000
0.023782 -0.047021 -0.287049 1.000000
0.727174 0.026421 -0.083183 0.000000
0.118181 -0.053568 0.232041 1.000000
-0.844848 0.271938 -0.009242 2.000000
0.237166 -0.023040 0.112267 1.000000
0.030592 -0.052254 -0.166171 1.000000
0.139480 -0.076261 -0.091624 1.000000
0.008978 -0.066900 0.194755 1.000000
-0.203486 0.007594 0.777979 1.000000
-0.084843 -0.086016 -0.629725 3.000000
-0.216055 0.005885 0.821181 1.000000
-0.036986 -0.001268 -0.608111 1.000000
0.082551 -0.078496 -0.089494 0.000000
0.525622 0.103755 -0.055521 0.000000
-0.198832 0.006542 0.088313 0.000000
-0.179452 0.068178 0.069144 0.000000
0.745738 -0.058617 -0.060438 0.000000
0.236745 0.103623 0.036880 0.000000
0.021100 -0.052175 -0.628831 3.000000
0.389677 -0.071738 0.110479 0.000000
-0.607272 0.067915 0.060282 2.000000
0.479422 -0.091854 0.015660 0.000000
-0.752132 0.279037 0.004274 2.000000
-0.562229 0.155740 0.000461 2.000000
0.627700 0.070676 -0.074480 0.000000
-0.340010 -0.002766 0.082186 0.000000
0.010187 -0.067084 0.269564 1.000000
0.203797 -0.083150 -0.337956 3.000000
0.248341 -0.088409 0.380371 3.000000
0.092491 -0.096929 -0.056310 0.000000
-0.782318 0.073095 0.087787 2.000000
-0.481214 0.052164 0.072115 0.000000
0.109556 -0.038160 0.347371 1.000000
0.086180 -0.086095 0.573929 3.000000
0.065565 -0.053305 -0.237299 1.000000
0.144607 -0.129324 -0.162463 3.000000
-0.783844 0.063629 -0.074585 2.000000
0.730934 0.123555 -0.032487 0.000000
-0.015477 -0.018727 -0.615079 1.000000
-0.117423 0.098548 0.035880 0.000000
-0.016581 -0.034215 -0.616788 1.000000
-0.088130 0.000284 0.661702 1.000000
-0.615424 0.055819 -0.049237 2.000000
0.250550 -0.086516 -0.081027 0.000000
0.583839 -0.095009 -0.002326 0.000000
0.061910 -0.110155 0.604168 3.000000
0.807952 -0.073027 -0.034117 0.000000
-0.094572 -0.001268 0.632593 1.000000
-0.636355 0.188924 0.006456 2.000000
-0.258679 0.011012 -0.816394 1.000000
0.019469 -0.032006 -0.628437 3.000000
0.725096 0.108356 0.043296 0.000000
-0.625968 0.068125 -0.054653 2.000000
0.765985 -0.005133 0.072983 0.000000
-0.247294 0.001441 0.739772 1.000000
0.043319 -0.023618 -0.481579 1.000000
-0.341456 0.033074 -0.090520 0.000000
-0.365069 0.015561 0.082396 0.000000
-0.159048 -0.013127 0.604984 1.000000
0.228410 -0.059090 0.181818 1.000000
-0.002987 -0.151938 0.084631 0.000000
-0.088603 -0.034268 -0.430961 1.000000
0.067431 -0.068820 0.109165 1.000000
0.974320 0.001336 0.023680 0.000000
-0.227888 -0.069635 0.050422 0.000000
0.026753 -0.020910 0.374508 1.000000
0.080816 -0.108104 0.595360 3.000000
0.132459 -0.041999 0.094965 1.000000
-0.014819 0.107147 0.002354 0.000000
-0.528940 0.094262 -0.047501 2.000000
-0.136381 -0.008762 -0.644635 1.000000
-0.821288 0.316481 -0.010162 2.000000
0.382314 0.097260 0.051210 0.000000
0.084471 -0.054147 -0.593359 3.000000
0.223124 -0.044365 -0.266854 1.000000
0.995383 -0.013889 -0.002800 0.000000
0.070824 -0.063692 -0.648763 3.000000
0.614079 0.036466 0.082948 0.000000
0.015052 -0.072580 -0.618839 3.000000
0.134747 -0.099742 -0.025308 0.000000
0.356572 0.104596 -0.052997 0.000000
0.331118 0.115009 -0.039008 0.000000
-0.773141 0.087084 -0.231251 2.000000
-0.170749 -0.075577 0.049028 0.000000
-0.006694 -0.063929 0.252525 1.000000
0.731433 -0.087279 0.007377 0.000000
-0.026389 0.021767 -0.094622 0.000000
0.335299 -0.059458 0.161334 1.000000
-0.061414 -0.077918 0.621102 3.000000
-0.256155 0.002519 -0.753444 1.000000
-0.784475 0.068440 0.123601 2.000000
0.314500 -0.121331 -0.367985 3.000000
0.064066 -0.051886 -0.122047 1.000000
-0.053815 -0.027773 0.453393 1.000000
-0.652237 0.064707 -0.109873 2.000000
0.714894 0.069387 -0.070010 0.000000
0.581499 -0.051728 0.072220 0.000000
-0.805537 0.284349 0.003616 2.000000
0.037797 -0.048283 0.273377 1.000000
0.076793 -0.031139 0.355628 1.000000
0.092123 -0.044102 -0.599854 3.000000
0.559411 -0.087910 -0.034222 0.000000
-0.230517 -0.001084 -0.707506 1.000000
0.201773 0.107567 -0.022363 0.000000
0.024465 -0.059853 0.093388 3.000000
0.309004 -0.096613 0.310716 3.000000
-0.435908 0.106621 0.007508 0.000000
-0.007141 -0.029877 0.350001 1.000000
-0.089576 -0.017676 0.497411 1.000000
0.404350 -0.056435 0.137405 1.000000
-0.660546 0.073673 -0.121890 2.000000
0.301405 -0.104817 0.332725 3.000000
-0.708640 0.079458 -0.159229 2.000000
-0.061414 -0.093511 0.010558 0.000000
-0.196255 -0.002030 -0.714790 1.000000
-0.043560 -0.005291 0.636774 1.000000
0.218128 -0.083808 -0.336010 3.000000
0.460227 -0.094983 -0.005219 0.000000
0.300011 -0.111680 0.377374 3.000000
-0.446505 -0.032217 -0.055521 0.000000
0.145396 0.018611 0.087708 0.000000
-0.302198 0.031943 -0.092650 0.000000
0.606874 -0.094615 -0.002905 0.000000
0.240006 -0.040658 -0.280449 1.000000
-0.171669 -0.000295 -0.675295 1.000000
-0.187446 -0.056776 0.066909 0.000000
0.815919 0.039542 0.057022 0.000000
0.271139 -0.099585 -0.319707 3.000000
-0.889103 0.089345 -0.272429 2.000000
0.061278 -0.032822 0.259572 1.000000
0.014210 -0.104896 -0.075926 0.000000
-0.006431 -0.040526 -0.341374 1.000000
-0.203302 0.037938 0.083527 0.000000
0.443345 0.010486 0.088207 0.000000
0.106795 -0.019727 0.306772 1.000000
0.536824 0.121872 0.031410 0.000000
0.221757 -0.020805 -0.158913 1.000000
0.197513 -0.038528 -0.308847 1.000000
0.235404 -0.076208 -0.097330 0.000000
0.528751 0.077433 -0.071403 0.000000
-0.821130 0.090213 0.245136 2.000000
-0.769565 0.099469 -0.021837 2.000000
-0.121682 0.044144 0.081634 0.000000
-0.248845 0.035651 -0.091650 0.000000
0.300958 0.061367 0.073325 0.000000
-0.853946 0.218296 -0.006875 2.000000
-0.178558 -0.002766 -0.708795 1.000000
0.203824 0.061288 0.073377 0.000000
0.700800 0.099574 -0.056836 0.000000
0.106033 -0.045312 -0.111240 1.000000
-0.077428 -0.000479 0.656443 1.000000
-0.141272 -0.095693 -0.003431 0.000000
-0.726231 0.158869 0.008087 2.000000
0.918444 0.007094 -0.050472 0.000000
0.362356 -0.094142 -0.066039 0.000000
0.755993 -0.069030 0.043506 0.000000
0.127174 0.057265 -0.083236 0.000000
-0.799016 0.077381 0.148213 2.000000
-0.715897 0.061762 0.033067 2.000000
0.411186 0.030260 -0.093070 0.000000
-0.149082 -0.056882 -0.076426 0.000000
0.367326 -0.068425 0.136170 1.000000
0.765880 -0.082440 -0.021679 0.000000
-0.044848 -0.061510 -0.635957 3.000000
-0.705511 0.073147 -0.082868 2.000000
-0.764753 0.083166 -0.184209 2.000000
0.038297 -0.035714 0.377505 1.000000
0.287337 -0.046811 0.227650 1.000000
-0.731306 0.105096 0.006062 2.000000
-0.504065 0.050770 -0.076478 0.000000
0.881815 0.068309 0.021839 0.000000
-0.564859 0.004333 0.048371 2.000000
-0.682240 0.071885 0.065830 2.000000
0.030408 -0.037765 -0.616604 3.000000
-0.229992 0.003913 0.750500 1.000000
-0.828571 0.232364 0.003485 2.000000
0.310213 -0.072185 0.322654 3.000000
0.095041 -0.052648 -0.243478 1.000000
-0.059284 -0.065243 -0.616026 3.000000
0.172953 -0.102950 0.333303 3.000000
0.787047 0.080484 0.043769 0.000000
-0.039379 -0.028036 -0.630935 1.000000
0.036903 -0.013521 -0.093360 0.000000
0.080316 -0.030823 0.251210 1.000000
0.115236 -0.011391 0.413661 1.000000
0.838849 0.014404 -0.067906 0.000000
-0.838116 0.071464 0.113898 2.000000
-0.177296 0.005096 0.739299 1.000000
0.191781 -0.072632 -0.361595 3.000000
0.278686 0.039779 0.082975 0.000000
0.738402 0.041856 -0.077819 0.000000
-0.566936 0.006963 -0.056704 2.000000
-0.711269 0.255240 0.004458 2.000000
0.048841 -0.018175 0.086761 0.000000
-0.007825 -0.071738 0.588207 3.000000
-0.064622 -0.029666 0.438825 1.000000
0.919785 0.065022 -0.007112 0.000000
0.146054 0.089240 0.051868 0.000000
0.142399 -0.027826 -0.366039 1.000000
0.018628 0.065916 0.070564 0.000000
0.259490 -0.016335 -0.213975 1.000000
0.128620 -0.035162 0.164253 1.000000
0.454152 -0.016676 -0.093465 0.000000
0.475083 -0.079995 -0.050157 0.000000
-0.108246 -0.008446 0.581029 1.000000
-0.734909 0.214325 -0.014606 2.000000
0.252654 -0.018044 0.165042 1.000000
-0.811848 0.090344 -0.255968 2.000000
0.134668 0.058448 0.075113 0.000000
0.029330 -0.008078 0.492730 1.000000
0.075872 -0.079785 -0.655705 3.000000
0.926358 -0.026853 -0.038587 0.000000
-0.746978 0.075435 0.191258 2.000000
-0.773431 0.080615 0.230516 2.000000
0.498302 -0.054226 -0.088679 0.000000
0.086653 -0.042998 0.162859 1.000000
0.230513 -0.017781 -0.191019 1.000000
0.176240 0.059264 -0.082026 0.000000
0.443713 0.053216 -0.085129 0.000000
0.206322 -0.087699 -0.379371 3.000000
-0.811953 0.070360 -0.125729 2.000000
-0.647478 0.117980 0.012399 2.000000
0.660726 -0.045706 -0.079870 0.000000
0.681078 -0.020463 0.080871 0.000000
0.172927 -0.088699 0.341849 3.000000
0.086732 0.078774 0.061308 0.000000
-0.590233 0.067178 -0.058203 2.000000
-0.569040 0.024975 0.056233 2.000000
-0.346294 -0.062430 -0.048527 0.000000
-0.817896 0.198838 -0.009610 2.000000
-0.575482 -0.017755 -0.027149 0.000000
0.136456 -0.070397 0.120577 1.000000
0.295067 -0.016203 -0.115184 1.000000
-0.047872 -0.035661 -0.354811 1.000000
0.390808 0.024317 -0.094148 0.000000
-0.219631 0.086032 -0.062410 0.000000
0.055783 -0.008472 0.483054 1.000000
-0.800252 0.300994 -0.010846 2.000000
0.396934 -0.031638 0.143006 1.000000
0.674978 -0.081467 0.033935 0.000000
0.087968 -0.058722 -0.653128 3.000000
0.258728 -0.051360 -0.213870 1.000000
-0.169855 0.079826 -0.067959 0.000000
0.287915 -0.054646 0.336248 3.000000
-0.021288 -0.018386 0.550868 1.000000
-0.788077 0.074541 -0.189336 2.000000
-0.030176 -0.066847 -0.281211 1.000000
0.079343 -0.051780 0.246845 1.000000
-0.586999 0.055871 0.041245 2.000000
-0.007615 0.056397 -0.083709 0.000000
-0.397701 0.103965 -0.027333 0.000000
-0.185369 -0.094405 -0.003168 0.000000
0.194410 0.017060 0.087813 0.000000
0.053206 -0.017071 -0.373480 1.000000
-0.012900 -0.021935 0.602433 1.000000
-0.820893 0.078091 -0.211004 2.000000
0.047342 -0.006500 -0.522678 1.000000
0.488126 -0.068793 0.058652 0.000000
0.464118 -0.083229 0.072930 0.000000
0.219785 -0.031586 -0.364251 1.000000
0.977844 0.025764 0.009244 0.000000
0.159937 -0.033610 -0.125992 1.000000
-0.734830 0.073647 -0.039481 2.000000
-0.298280 0.004070 0.087629 0.000000
-0.257838 0.009881 -0.095253 0.000000
-0.096150 -0.028141 -0.441900 1.000000
-0.092416 -0.009235 0.566382 1.000000
-0.028887 -0.045627 0.280424 1.000000
0.055730 -0.122777 0.086840 0.000000
-0.769986 0.244486 0.005404 2.000000
-0.086526 0.010013 -0.095647 0.000000
-0.705195 0.068440 0.029280 2.000000
-0.685973 0.073252 -0.087864 2.000000
0.807873 -0.044996 -0.060543 0.000000
-0.007877 -0.023829 0.618710 1.000000
-0.249897 -0.016098 -0.091598 0.000000
0.070087 -0.062588 0.636432 3.000000
0.115394 -0.096903 -0.056468 0.000000
0.090939 -0.022488 0.302354 1.000000
0.298486 -0.012206 0.089075 1.000000
0.138744 -0.031244 0.394518 1.000000
-0.798017 0.079248 -0.227911 2.000000
-0.146189 -0.013206 0.570432 1.000000
0.038533 -0.025696 0.470248 1.000000
0.551654 0.008146 -0.095752 0.000000
-0.082135 -0.005422 0.583948 1.000000
-0.001304 -0.023987 -0.484840 1.000000
0.114868 -0.034294 -0.374716 1.000000
0.309293 -0.091170 0.064148 0.000000
-0.671353 0.058133 0.059414 2.000000
-0.821577 0.061315 -0.018077 2.000000
-0.109455 0.096944 -0.046870 0.000000
0.302009 -0.016466 0.142980 1.000000
0.914762 0.024344 -0.046055 0.000000
-0.023944 -0.002319 -0.603246 1.000000
-0.089182 -0.007815 0.087787 0.000000
0.263645 -0.053437 -0.199697 1.000000
-0.047793 -0.034610 -0.387338 1.000000
-0.811900 0.078801 0.024258 2.000000
-0.002250 -0.021173 -0.511924 1.000000
-0.148503 -0.002030 0.724810 1.000000
0.123387 -0.057854 0.108087 1.000000
-0.050423 -0.013810 -0.494438 1.000000
0.173637 -0.013916 0.357784 1.000000
-0.703433 0.264969 -0.009768 2.000000
-0.020446 -0.066032 0.592572 3.000000
-0.795519 0.089082 0.238484 2.000000
-0.179821 -0.009708 0.642217 1.000000
0.042556 -0.099716 -0.026728 0.000000
-0.688287 0.073016 0.077242 2.000000
0.101010 -0.049729 -0.265697 1.000000
-0.717133 0.225133 0.006640 2.000000
-0.314740 0.018427 0.086525 0.000000
-0.868645 0.091370 0.295439 2.000000
0.207321 -0.076235 -0.354233 3.000000
0.213711 -0.061404 0.344374 3.000000
-0.201908 0.013037 -0.809768 1.000000
0.340190 0.012485 0.088076 0.000000
0.351865 0.008067 0.088339 0.000000
0.444081 0.031733 0.085394 0.000000
-0.258285 0.006174 0.784763 1.000000
0.833774 -0.001478 0.062728 0.000000
0.451470 0.095156 -0.060622 0.000000
-0.832463 0.093736 -0.296909 2.000000
0.207978 -0.094773 -0.334432 3.000000
0.830802 0.087268 -0.034248 0.000000
0.494331 0.057817 0.075481 0.000000
-0.023392 -0.007053 0.532067 1.000000
0.054126 -0.066637 0.099804 1.000000
0.019759 -0.085122 0.641323 3.000000
-0.169224 0.003413 -0.765276 1.000000
0.448657 -0.099690 0.004484 0.000000
0.028094 -0.009603 -0.458545 1.000000
0.758938 -0.015204 0.072194 0.000000
0.329935 -0.033269 -0.213791 1.000000
-0.880399 0.085690 0.229517 2.000000
0.133748 -0.144234 -0.154995 3.000000
0.072875 -0.022698 -0.480212 1.000000
0.722414 0.039569 -0.080817 0.000000
-0.729465 0.066863 0.125415 2.000000
0.109504 -0.025065 0.262491 1.000000
0.163934 -0.031638 0.376322 1.000000
0.372980 -0.099690 -0.015737 0.000000
-0.233620 0.007042 -0.769615 1.000000
-0.367620 -0.025696 -0.075453 0.000000
0.354521 -0.077839 0.087997 0.000000
-0.249634 0.084349 -0.064014 0.000000
-0.262308 0.042303 0.082212 0.000000
0.441689 -0.088777 -0.031934 0.000000
-0.800252 0.310486 0.003012 2.000000
-0.882976 0.091081 0.272246 2.000000
-0.845558 0.091659 -0.268143 2.000000
0.157650 0.083692 -0.064987 0.000000
0.023282 -0.018307 -0.532644 1.000000
0.015867 -0.077339 0.575191 3.000000
0.303508 0.038648 -0.090730 0.000000
-0.133147 -0.080521 0.041797 0.000000
0.028331 -0.030902 -0.416394 1.000000
0.034563 -0.014021 0.547476 1.000000
-0.434330 -0.040105 0.043900 0.000000
0.019732 -0.108341 -0.621890 3.000000
-0.251238 -0.072580 -0.052208 0.000000
0.065854 -0.031191 0.412110 1.000000
-0.144953 -0.009209 -0.594017 1.000000
-0.155550 -0.009130 -0.636588 1.000000
0.791780 0.061472 -0.058335 0.000000
-0.062124 -0.023145 0.506482 1.000000
-0.291285 -0.026669 -0.084972 0.000000
-0.099910 0.046458 -0.088127 0.000000
0.532406 0.122950 -0.036641 0.000000
-0.693047 0.065364 -0.122573 2.000000
0.518023 0.071701 -0.074532 0.000000
-0.172747 -0.022461 0.538457 1.000000
-0.835618 0.081667 0.232146 2.000000
0.053390 -0.152517 0.053209 0.000000
-0.200515 -0.007684 0.644216 1.000000
0.061094 -0.074526 -0.582841 3.000000
0.135273 -0.047810 -0.356284 1.000000
-0.788209 0.084533 -0.195227 2.000000
0.670771 0.092027 -0.061990 0.000000
-0.162282 -0.094615 0.003169 0.000000
-0.645243 0.192132 -0.014159 2.000000
0.252838 -0.076761 -0.337220 3.000000
0.266643 -0.092774 0.061097 0.000000
-0.332148 -0.047336 0.058152 0.000000
-0.769197 0.070386 -0.038245 2.000000
0.200511 -0.013547 -0.319812 1.000000
0.042451 -0.053805 0.225283 1.000000
-0.080162 -0.007447 -0.656967 1.000000
0.477713 -0.047757 0.086104 0.000000
0.036614 -0.097402 -0.053286 0.000000
0.190071 0.098522 0.036932 0.000000
-0.280346 0.011196 -0.848605 1.000000
0.809503 0.093237 -0.038114 0.000000
-0.761545 0.205332 -0.014080 2.000000
-0.046373 -0.036608 0.367250 1.000000
-0.700173 0.149797 -0.016552 2.000000
0.145107 -0.142314 -0.161937 3.000000
0.113211 -0.131086 -0.165539 3.000000
0.123045 0.078012 0.061860 0.000000
-0.689234 0.076513 -0.156599 2.000000
-0.672458 0.074383 -0.108032 2.000000
0.369824 -0.031428 0.173377 1.000000
0.053732 -0.024171 -0.474585 1.000000
-0.163281 -0.005659 -0.629699 1.000000
-0.589418 0.099232 0.026414 2.000000
0.056782 0.105990 -0.018156 0.000000
-0.778506 0.309855 -0.010346 2.000000
-0.837328 0.072753 -0.131409 2.000000
-0.036197 -0.013048 -0.486286 1.000000
0.269141 -0.052411 0.204563 1.000000
0.507084 -0.058985 -0.074769 0.000000
0.079738 -0.011102 -0.403930 1.000000
0.277239 -0.073184 -0.139639 1.000000
-0.560388 0.105832 -0.016552 2.000000
0.132959 -0.028588 0.090495 0.000000
-0.747399 0.033731 0.025967 2.000000
0.552469 0.126973 0.020051 0.000000
0.300931 -0.079942 0.367724 3.000000
0.016104 -0.075945 0.640324 3.000000
0.289835 0.083350 0.058704 0.000000
-0.336802 0.038254 0.082370 0.000000
0.850629 -0.066769 0.010716 0.000000
0.702614 0.119716 0.033619 0.000000
0.337849 0.034231 -0.092097 0.000000
-0.493652 0.102808 -0.030199 2.000000
0.093017 -0.099427 0.030727 0.000000
0.044292 -0.076051 0.645636 3.000000
0.094436 -0.009524 0.088102 0.000000
-0.702513 0.077880 -0.140691 2.000000
0.736666 0.100284 0.046162 0.000000
-0.519579 0.022503 -0.071877 0.000000
0.130329 -0.150702 0.180608 3.000000
-0.349871 0.080589 0.059414 0.000000
-0.680951 0.005254 0.009533 2.000000
0.218943 -0.097744 0.049922 0.000000
0.010135 -0.034268 0.390153 1.000000
0.403245 -0.099821 -0.003720 0.000000
-0.442035 -0.020437 0.058573 0.000000
0.166196 -0.036214 -0.349815 1.000000
-0.047057 0.087320 -0.061253 0.000000
-0.239405 0.008514 0.799225 1.000000
-0.418763 0.017007 0.077900 0.000000
-0.057444 -0.025354 -0.472481 1.000000
-0.002224 -0.051176 -0.245687 1.000000
0.324150 -0.013863 -0.098251 1.000000
0.005323 -0.057854 -0.185734 1.000000
-0.062519 -0.024197 0.529359 1.000000
-0.038932 -0.081599 0.589154 3.000000
0.068404 -0.015993 0.372825 1.000000
0.092727 -0.013705 0.376401 1.000000
-0.784369 0.083113 -0.181632 2.000000
-0.101751 0.004491 -0.692518 1.000000
0.725885 -0.081152 0.027624 0.000000
0.204797 -0.023355 0.160440 1.000000
-0.861598 0.054504 0.008455 2.000000
-0.518527 0.103965 0.018499 2.000000
0.375320 -0.073553 0.120340 0.000000
0.245501 -0.123960 -0.348474 3.000000
-0.122708 0.027289 0.086183 0.000000
0.211186 -0.068662 -0.361858 3.000000
-0.843638 0.074935 -0.150367 2.000000
-0.741719 0.077802 -0.209478 2.000000
-0.836092 0.134152 -0.003063 2.000000
-0.269040 -0.055041 0.061097 0.000000
0.262356 -0.099953 -0.388942 3.000000
0.540716 0.127341 0.018578 0.000000
0.012475 -0.050571 -0.017972 0.000000
-0.730649 0.124896 -0.016631 2.000000
-0.072169 -0.014573 -0.506875 1.000000
0.082998 -0.127142 0.177479 3.000000
-0.520946 0.106463 0.007797 2.000000
0.014289 -0.014888 0.083553 0.000000
-0.230202 -0.080836 -0.040480 0.000000
0.846921 0.025843 0.055733 0.000000
-0.168908 -0.003582 -0.700985 1.000000
-0.100778 -0.012811 0.544715 1.000000
0.258439 0.011223 0.088155 0.000000
-0.180715 0.020899 0.087340 0.000000
0.040584 -0.058196 0.127177 1.000000
-0.160257 -0.022803 0.084684 0.000000
0.568615 -0.090013 -0.028621 0.000000
-0.803749 0.274278 -0.011714 2.000000
-0.732121 0.081798 0.031305 2.000000
0.040006 0.107436 -0.000354 0.000000
0.233432 -0.067847 -0.350998 3.000000
0.727331 -0.022093 0.074744 0.000000
-0.748188 0.221031 0.007561 2.000000
-0.927493 0.373831 -0.002589 2.000000
0.692937 -0.065349 -0.063068 0.000000
0.291018 -0.017465 0.107587 1.000000
0.531591 0.018717 -0.095121 0.000000
-0.124995 -0.005107 0.695202 1.000000
0.961699 0.018322 0.025257 0.000000
0.641005 0.114930 -0.046581 0.000000
-0.635408 0.054031 0.047924 2.000000
-0.273273 -0.043524 0.069117 0.000000
0.145054 -0.014862 0.319420 1.000000
0.096382 -0.026274 -0.262358 1.000000
-0.776323 0.059290 -0.031093 2.000000
-0.337617 0.088898 -0.058861 0.000000
0.090045 0.106279 -0.016894 0.000000
0.244213 -0.097560 -0.058966 0.000000
0.786101 -0.019990 -0.075058 0.000000
0.500221 0.130733 0.006193 0.000000
-0.089655 -0.084307 -0.042295 0.000000
0.318233 -0.017255 0.174560 1.000000
-0.783817 0.175409 0.005194 2.000000
0.247999 -0.043708 -0.361832 3.000000
0.063119 -0.037292 -0.222679 1.000000
-0.361808 0.071017 -0.074164 0.000000
0.105770 -0.100189 0.001066 0.000000
-0.182371 0.053268 0.077663 0.000000
-0.302802 -0.002083 -0.093570 0.000000
-0.038984 -0.026274 -0.465092 1.000000
-0.408193 -0.032690 0.054787 0.000000
-0.824390 0.075724 0.125283 2.000000
0.279843 -0.043050 0.251421 1.000000
-0.210875 0.090712 -0.057493 0.000000
-0.706641 0.066626 0.014187 2.000000
0.021441 -0.134531 0.049685 0.000000
-0.760336 0.085690 0.210637 2.000000
0.800195 -0.139264 -0.011661 0.000000
-0.091285 0.103728 -0.028464 0.000000
-0.082950 -0.052464 0.614529 1.000000
-0.269855 0.020452 0.087419 0.000000
-0.387630 -0.028062 0.062386 0.000000
-0.051790 -0.028220 -0.435931 1.000000
0.192859 0.076671 0.062859 0.000000
-0.001014 -0.054909 -0.284367 1.000000
-0.102434 -0.011970 -0.612897 1.000000
0.106795 -0.027799 0.245136 1.000000
0.628672 0.116192 -0.045371 0.000000
0.212133 -0.025985 0.120866 1.000000
0.243187 -0.074499 -0.385839 3.000000
0.731565 0.104991 -0.052234 0.000000
0.420837 -0.099716 -0.013843 0.000000
0.794252 -0.092459 -0.019155 0.000000
0.157913 -0.064691 -0.166355 1.000000
0.086995 0.043934 0.081713 0.000000
-0.168645 0.055267 -0.084209 0.000000
0.960726 -0.008998 -0.034932 0.000000
-0.632174 0.187978 -0.013554 2.000000
0.151181 -0.074105 -0.095148 1.000000
-0.535619 0.008330 -0.064435 0.000000
0.806295 0.039043 0.059756 0.000000
0.269956 -0.064060 0.323416 3.000000
-0.067068 0.066284 -0.077767 0.000000
-0.288577 0.005543 0.087945 0.000000
0.020179 -0.037003 -0.614895 3.000000
0.003876 -0.060642 -0.095647 0.000000
0.416840 0.108067 0.045241 0.000000
0.031644 -0.093221 -0.069747 0.000000
-0.297175 0.107226 -0.008953 0.000000
-0.130412 0.100547 0.031463 0.000000
0.001299 -0.026800 0.360939 1.000000
-0.050370 -0.015309 -0.483788 1.000000
0.088020 -0.033558 -0.217998 1.000000
-0.456260 0.104175 -0.026439 0.000000
0.525123 -0.094983 -0.002037 0.000000
0.627068 0.101046 0.049291 0.000000
0.202877 -0.016229 0.259099 1.000000
0.185365 -0.065191 -0.167038 1.000000
-0.846794 0.071096 -0.105876 2.000000
0.079133 -0.024486 0.470537 1.000000
-0.851921 0.074199 -0.135747 2.000000
0.190887 -0.027326 0.142743 1.000000
-0.135198 0.007778 -0.746765 1.000000
-0.015529 -0.094773 -0.055653 0.000000
-0.149450 0.029866 -0.093149 0.000000
-0.665279 0.187846 -0.015553 2.000000
0.244975 -0.016703 -0.209347 1.000000
-0.158285 -0.003660 0.717868 1.000000
0.149498 0.007462 -0.095805 0.000000
0.084234 -0.148756 0.178925 3.000000
-0.849239 0.056792 -0.021942 2.000000
0.638533 -0.013574 0.084316 0.000000
-0.701067 0.182061 -0.016000 2.000000
0.200090 -0.028667 0.113661 1.000000
-0.291916 -0.012759 0.083553 0.000000
0.250944 -0.097218 0.363017 3.000000
0.166984 -0.014599 -0.298461 1.000000
0.737639 0.025764 0.074902 0.000000
0.026359 -0.097876 0.631357 3.000000
0.006821 -0.064008 0.591336 3.000000
0.193805 -0.066374 -0.162069 1.000000
0.279659 -0.019911 -0.255442 1.000000
0.931749 -0.045522 0.004195 0.000000
-0.469224 -0.034320 0.040166 0.000000
-0.507641 0.093947 0.041718 2.000000
-0.731674 0.063050 -0.100170 2.000000
-0.423497 -0.051517 0.028623 0.000000
-0.007509 -0.060326 0.177505 1.000000
0.422730 0.097496 -0.059071 0.000000
0.322572 -0.053831 0.176112 1.000000
-0.814504 0.082166 -0.029883 2.000000
0.030881 -0.029561 -0.096278 0.000000
0.156572 -0.062588 0.167277 1.000000
0.106637 -0.034452 0.376559 1.000000
-0.141798 -0.006237 0.689575 1.000000
0.213895 -0.057539 0.188786 1.000000
0.264329 -0.057854 -0.348605 3.000000
0.138481 -0.122645 -0.188600 3.000000
0.286969 -0.081862 -0.087548 0.000000
0.305585 -0.107079 -0.385050 3.000000
0.129409 -0.041841 0.346898 1.000000
0.533695 -0.086884 -0.039770 0.000000
-0.116344 -0.017518 0.564936 1.000000
0.570061 -0.057486 0.068539 0.000000
0.023624 -0.076340 0.192704 1.000000
0.665854 -0.090828 0.008192 0.000000
0.199643 -0.113758 -0.344372 3.000000
0.155467 -0.052333 0.236433 1.000000
0.077397 -0.070003 -0.105823 1.000000
0.762277 -0.077392 -0.037378 0.000000
-0.779110 0.071833 -0.037483 2.000000
-0.593783 0.065233 -0.022889 2.000000
-0.495808 0.115509 -0.009768 2.000000
0.826674 0.119374 0.006930 0.000000
0.729514 -0.028430 -0.080238 0.000000
0.122967 0.015482 0.087892 0.000000
-0.066068 -0.007026 0.558152 1.000000
-0.572458 0.065443 0.034434 2.000000
0.297118 -0.080153 -0.324309 3.000000
-0.240483 -0.002346 0.722154 1.000000
-0.643954 0.098022 0.024968 2.000000
0.259122 -0.082177 0.346293 3.000000
0.308189 -0.052017 -0.359860 3.000000
0.114999 -0.074000 -0.192913 1.000000
-0.033016 -0.042682 0.432515 1.000000
-0.831175 0.039700 -0.014212 2.000000
-0.201724 -0.090697 -0.019418 0.000000
0.360069 0.059001 -0.082184 0.000000
-0.825206 0.082561 -0.252234 2.000000
-0.247898 -0.045654 0.069775 0.000000
-0.074877 -0.062009 -0.627306 3.000000
0.318575 -0.069503 0.316396 3.000000
0.028594 -0.037791 -0.627227 3.000000
0.054705 0.036150 -0.091493 0.000000
0.058070 -0.042551 0.322838 1.000000
-0.073957 -0.029508 0.617553 1.000000
0.043792 -0.151859 0.088970 0.000000
-0.154551 -0.094825 -0.007427 0.000000
0.549524 -0.094536 0.003958 0.000000
0.251944 -0.116598 -0.357362 3.000000
0.404981 -0.025433 0.123022 1.000000
-0.784606 0.282640 0.004221 2.000000
-0.295466 0.074383 0.064358 0.000000
0.243661 -0.103266 -0.336510 3.000000
-0.080688 -0.092196 -0.022048 0.000000
0.545501 0.071780 0.067303 0.000000
-0.072064 -0.044812 -0.443925 1.000000
-0.814661 0.246274 0.002486 2.000000
0.011476 -0.069714 -0.032119 0.000000
0.855388 0.009592 -0.064461 0.000000
0.834931 0.096655 0.020498 0.000000
0.198512 0.109724 -0.007217 0.000000
0.485943 0.128367 -0.019891 0.000000
-0.794283 0.074778 0.181292 2.000000
-0.539168 -0.029745 0.021234 0.000000
0.254547 -0.096508 -0.367143 3.000000
-0.233752 -0.011391 0.085788 0.000000
-0.772826 0.236361 -0.013134 2.000000
0.271481 -0.099716 -0.012713 0.000000
-0.332805 -0.070134 0.018184 0.000000
-0.636407 0.070150 0.058599 2.000000
-0.168198 0.002124 0.766882 1.000000
0.561568 -0.065980 -0.069221 0.000000
0.621599 0.008093 -0.094333 0.000000
0.300221 -0.036240 -0.247001 1.000000
0.377634 -0.018018 0.119499 1.000000
0.110345 -0.045680 0.111557 1.000000
0.105480 -0.018806 -0.309005 1.000000
0.328041 0.103544 -0.052234 0.000000
0.345186 -0.099716 -0.012134 0.000000
0.179790 0.014904 0.087918 0.000000
-0.441114 0.102203 0.026256 0.000000
-0.057864 -0.024302 -0.550315 1.000000
0.758991 0.016639 -0.080764 0.000000
-0.129886 -0.010050 0.646503 1.000000
0.224649 -0.046416 0.342060 1.000000
0.181394 -0.041341 0.343927 1.000000
0.488914 -0.076130 -0.077977 0.000000
0.007584 -0.030718 -0.419996 1.000000
-0.052211 -0.007158 -0.541453 1.000000
-0.205748 0.075330 0.063858 0.000000
0.549971 0.132101 -0.005166 0.000000
-0.209192 0.006016 0.760203 1.000000
0.137140 -0.073737 -0.360622 3.000000
0.190229 -0.080810 0.362307 3.000000
-0.830149 0.065101 0.038194 2.000000
-0.082634 -0.028667 -0.445345 1.000000
0.292280 0.039963 -0.090336 0.000000
-0.139984 -0.055593 0.069880 0.000000
0.382104 -0.092459 -0.069063 0.000000
-0.788366 0.089214 0.249764 2.000000
0.569772 0.024107 0.086761 0.000000
-0.754866 0.164365 -0.014448 2.000000
0.259306 -0.089146 -0.379318 3.000000
-0.196492 -0.003319 -0.698724 1.000000
0.167405 -0.085832 -0.347212 3.000000
0.056861 -0.139553 0.077795 0.000000
-0.021078 -0.043576 0.076874 0.000000
0.022414 0.053636 0.077505 0.000000
0.139769 -0.029456 -0.401774 1.000000
0.021126 -0.105948 -0.634169 3.000000
0.758991 0.085585 0.049159 0.000000
0.785496 0.125711 0.007876 0.000000
-0.135619 -0.035477 0.540403 1.000000
-0.082582 0.023239 -0.094333 0.000000
0.131328 -0.038554 -0.366407 1.000000
0.432196 -0.069345 0.082922 0.000000
0.680973 0.110118 -0.051077 0.000000
-0.099936 -0.003187 -0.609110 1.000000
-0.026231 -0.020594 0.427045 1.000000
-0.720920 0.070123 0.046398 2.000000
-0.104643 -0.000584 -0.095516 0.000000
-0.153973 0.004307 -0.769668 1.000000
0.023808 -0.059537 -0.262989 1.000000
0.024097 -0.032716 0.404037 1.000000
0.401562 0.018086 -0.095148 0.000000
0.347447 -0.062062 -0.156073 1.000000
-0.862939 0.107752 -0.006560 2.000000
0.057413 -0.041368 0.204905 1.000000
-0.144375 -0.016361 0.617395 1.000000
0.790518 -0.083019 -0.017946 0.000000
0.205296 -0.075104 0.343979 3.000000
0.731276 0.073884 -0.065671 0.000000
0.233642 -0.032638 -0.319707 1.000000
-0.233804 0.102940 -0.031146 0.000000
-0.671406 0.054977 0.033330 2.000000
-0.028493 -0.015493 -0.094122 0.000000
-0.152763 0.005122 -0.710767 1.000000
-0.194520 0.009198 0.788970 1.000000
0.345633 0.064496 0.071431 0.000000
-0.271932 0.096655 0.040061 0.000000
0.356861 -0.031007 -0.181264 1.000000
0.027963 -0.027615 0.083658 0.000000
0.171770 -0.019043 0.249317 1.000000
0.053679 0.051875 0.078294 0.000000
-0.839983 0.108225 -0.002274 2.000000
0.078449 -0.126590 -0.198908 3.000000
0.402693 -0.081467 -0.087207 0.000000
-0.788550 0.287215 -0.011424 2.000000
-0.075745 -0.075314 0.051000 0.000000
-0.007983 -0.099453 0.011137 0.000000
-0.010402 0.018533 0.087708 0.000000
0.248552 0.078249 0.061834 0.000000
-0.583660 0.104833 0.011295 2.000000
-0.188261 0.092606 0.047292 0.000000
-0.117659 -0.000400 -0.720943 1.000000
-0.249424 0.003623 0.758625 1.000000
-0.014346 -0.152280 -0.068406 3.000000
-0.432858 0.061656 0.072299 0.000000
0.057834 -0.100189 0.001145 0.000000
-0.125548 -0.085044 0.033514 0.000000
0.162172 -0.026432 0.189759 1.000000
-0.598832 0.054793 -0.041033 2.000000
0.716314 0.049666 0.070853 0.000000
-0.859494 0.084270 -0.211004 2.000000
-0.251553 0.004018 0.802880 1.000000
0.278738 -0.017097 0.200303 1.000000
-0.060178 -0.095062 -0.009531 0.000000
-0.242823 0.009750 0.810269 1.000000
0.082998 0.067809 -0.076846 0.000000
-0.703539 0.155845 0.008902 2.000000
0.018917 -0.131849 -0.083630 0.000000
0.152995 -0.038975 -0.325387 1.000000
0.300958 -0.073290 0.380976 3.000000
0.126148 -0.039869 0.331621 1.000000
0.282157 0.105254 -0.048053 0.000000
-0.054052 0.103597 0.021444 0.000000
-0.048503 0.077092 -0.069983 0.000000
-0.160020 0.106463 -0.016105 0.000000
-0.879636 0.092763 -0.013002 2.000000
0.675504 -0.091275 -0.013186 0.000000
0.125517 -0.038212 0.147029 1.000000
-0.045374 -0.069687 0.594176 3.000000
-0.802382 0.343197 0.000934 2.000000
0.083840 -0.056066 0.209875 1.000000
-0.008351 -0.008472 0.506877 1.000000
0.007058 -0.152148 0.088628 0.000000
0.052338 -0.097507 -0.594043 3.000000
-0.376560 -0.029929 -0.070325 0.000000
-0.029597 -0.016387 -0.561569 1.000000
0.179659 -0.099611 0.021602 0.000000
-0.111638 0.034967 -0.091861 0.000000
-0.368619 0.071307 0.066488 0.000000
-0.733199 0.071990 0.065331 2.000000
-0.006142 -0.040053 0.603774 1.000000
0.697934 -0.066427 0.054155 0.000000
-0.587630 0.097234 -0.038692 2.000000
0.270429 0.098864 -0.054127 0.000000
0.782551 0.015219 0.070432 0.000000
-0.710402 0.054162 -0.019102 2.000000
0.604376 0.044407 -0.088469 0.000000
-0.528361 -0.029614 -0.017630 0.000000
0.296540 -0.010182 -0.095305 1.000000
-0.089339 -0.016861 -0.501458 1.000000
0.009135 -0.066953 0.631042 3.000000
-0.059100 -0.078496 0.055181 0.000000
-0.674246 0.025133 -0.043478 2.000000
0.630119 0.030839 -0.091098 0.000000
0.060358 -0.027510 -0.292755 1.000000
-0.268172 0.005517 -0.790046 1.000000
0.420416 -0.087857 0.071063 0.000000
-0.043534 -0.042446 -0.311792 1.000000
-0.795808 0.065259 0.027545 2.000000
-0.199121 0.012590 -0.839428 1.000000
-0.119842 -0.004923 -0.685944 1.000000
0.800247 -0.095088 -0.005298 0.000000
0.250103 -0.072974 0.333251 3.000000
0.309845 0.029340 -0.093228 0.000000
-0.121025 -0.002135 0.718078 1.000000
0.311870 -0.090802 -0.322547 3.000000
-0.631569 -0.007263 -0.003720 2.000000
0.968062 0.037044 0.003774 0.000000
-0.178138 -0.075867 -0.055206 0.000000
0.060700 -0.011786 0.421418 1.000000
0.545449 0.000468 0.088181 0.000000
-0.588997 0.073226 0.052736 2.000000
0.149340 -0.026300 0.206009 1.000000
0.006401 -0.046968 0.224021 1.000000
-0.057233 -0.017045 0.480950 1.000000
0.430566 -0.086332 -0.038403 0.000000
0.069877 -0.016966 0.086998 0.000000
0.176004 -0.038370 0.329491 1.000000
0.390361 -0.069345 0.123785 0.000000
0.003508 -0.048231 -0.274848 1.000000
-0.200988 0.090476 0.050422 0.000000
0.117576 -0.093589 0.141166 1.000000
0.830250 -0.086963 -0.029542 0.000000
0.112843 -0.024591 -0.447107 1.000000
-0.217607 -0.000978 0.746530 1.000000
0.175662 -0.023408 -0.189626 1.000000
0.034983 -0.055988 -0.206796 1.000000
0.258859 -0.114888 -0.346370 3.000000
0.255704 -0.115888 0.322943 3.000000
-0.638353 0.059974 -0.080554 2.000000
0.658544 0.002966 -0.092413 0.000000
-0.579978 -0.007631 0.034907 0.000000
-0.341062 0.104754 0.016396 0.000000
0.430829 0.112721 -0.047659 0.000000
0.325123 -0.099769 0.000514 0.000000
0.117813 0.096813 0.039746 0.000000
-0.032200 -0.033952 0.604694 1.000000
-0.775692 0.073594 -0.183788 2.000000
