-0.016069 0.071168 0.098795 0.000000
0.219396 -0.055149 -0.287253 3.000000
-0.515791 -0.054881 0.001326 0.000000
-0.020595 -0.101246 0.018923 0.000000
-0.827458 0.064204 0.099358 2.000000
-0.540245 -0.030025 0.060681 0.000000
-0.341449 0.015429 -0.097483 0.000000
0.511028 -0.091308 -0.052752 0.000000
-0.316325 -0.047810 -0.079564 0.000000
0.250279 -0.058765 -0.083180 0.000000
0.396978 -0.049712 0.121295 0.000000
0.193790 -0.094576 0.115696 0.000000
-0.034362 -0.041355 -0.199747 1.000000
0.186960 -0.002115 -0.104099 0.000000
0.166603 -0.073389 0.142535 1.000000
0.004931 -0.038435 0.112804 1.000000
0.154818 0.013929 0.119179 0.000000
-0.072477 -0.017168 0.594259 1.000000
-0.805307 0.073525 0.047824 0.000000
-0.519139 -0.049498 -0.020772 0.000000
-0.250676 -0.058444 0.095072 0.000000
0.290911 -0.143405 0.248816 3.000000
-0.721337 0.055472 -0.048735 0.000000
-0.744773 0.059222 -0.045039 0.000000
0.103204 0.061739 0.105572 0.000000
-0.203803 0.133013 -0.836259 1.000000
0.045027 -0.158109 -0.154642 3.000000
0.203968 -0.045721 -0.204488 1.000000
0.422317 -0.111317 -0.013299 0.000000
0.186343 -0.063720 -0.252674 3.000000
0.520001 0.050570 0.110206 0.000000
0.004341 0.000670 -0.566751 1.000000
0.233083 -0.117156 0.231139 3.000000
0.186022 -0.072506 0.252486 3.000000
0.237663 -0.071648 -0.293252 3.000000
-0.703980 0.239750 0.021870 2.000000
-0.223462 -0.105076 0.000522 0.000000
0.408228 -0.030159 0.119312 0.000000
0.478324 -0.040578 -0.096653 0.000000
0.046126 -0.023275 0.515030 1.000000
-0.801316 0.294847 0.018870 2.000000
0.074678 -0.049605 -0.322287 1.000000
0.280090 -0.041650 0.252754 3.000000
-0.868679 0.080730 0.212523 2.000000
-0.664982 0.262357 0.007808 2.000000
0.156746 -0.069131 0.267539 1.000000
0.448807 -0.102049 0.081225 0.000000
0.131354 -0.018320 0.322983 1.000000
0.243931 -0.134485 -0.290895 3.000000
0.222181 -0.060720 -0.278440 3.000000
-0.259140 -0.084371 -0.051065 0.000000
-0.250488 0.116327 -0.015870 0.000000
0.014841 -0.083273 0.073698 0.000000
-0.239614 0.100899 0.067939 0.000000
-0.819261 0.222903 0.014745 2.000000
-0.226221 0.103363 0.064993 0.000000
0.451432 0.090453 -0.066975 0.000000
0.566258 -0.081880 -0.037860 0.000000
0.948341 -0.054774 0.056690 0.000000
-0.168366 0.048320 -0.817938 1.000000
0.389211 0.016473 0.118857 0.000000
-0.026675 -0.010070 -0.425569 1.000000
-0.778843 0.387415 0.003442 2.000000
-0.524469 0.112443 0.016432 2.000000
0.674789 0.048320 -0.100831 0.000000
0.402871 -0.046980 -0.106349 0.000000
0.320776 -0.034632 -0.104768 0.000000
-0.562101 0.139924 0.013486 2.000000
-0.398072 0.104461 0.059368 0.000000
0.733716 -0.034311 0.110206 0.000000
-0.547718 0.105157 0.042949 0.000000
-0.241997 -0.103870 0.008156 0.000000
-0.703471 0.059302 0.085108 2.000000
-0.224748 -0.082416 -0.059984 0.000000
-0.805119 0.011920 0.016861 0.000000
0.223735 -0.032382 0.169694 1.000000
0.551231 0.014866 -0.104206 0.000000
0.131917 -0.018668 0.304127 1.000000
0.048777 -0.027641 -0.151776 1.000000
-0.690936 0.012348 0.059904 0.000000
0.099749 -0.111879 0.021602 0.000000
0.194834 -0.063265 0.267539 3.000000
0.201530 -0.111718 0.312805 3.000000
-0.026782 -0.033668 -0.314841 1.000000
-0.748068 0.242188 -0.006844 2.000000
0.077223 -0.173832 0.145535 3.000000
-0.764487 0.086381 0.168409 2.000000
-0.000774 -0.040525 -0.197792 1.000000
-0.078450 -0.005758 0.538814 1.000000
-0.156849 0.001956 0.705790 1.000000
0.297848 -0.051453 0.238451 3.000000
0.701065 0.117184 0.024414 0.000000
0.600596 0.118175 -0.001942 0.000000
-0.201847 0.105184 0.061645 0.000000
0.154014 0.085149 -0.073216 0.000000
-0.222739 0.087721 -0.070511 0.000000
0.540143 0.108934 0.052592 0.000000
-0.826252 0.084587 -0.233978 2.000000
-0.182268 0.104059 0.844615 1.000000
-0.077807 -0.021186 0.446139 1.000000
-0.091441 -0.043900 -0.083662 0.000000
0.343114 -0.134914 0.279726 3.000000
0.569874 0.084613 0.088483 0.000000
0.064687 -0.013177 -0.480504 1.000000
-0.312656 0.051883 0.105893 0.000000
-0.479471 0.093131 0.068823 0.000000
-0.154920 0.016366 -0.791260 1.000000
0.044438 -0.137271 -0.190104 3.000000
-0.477890 0.114719 0.000281 0.000000
0.299589 -0.101808 -0.083903 0.000000
-0.134564 -0.002892 -0.651792 1.000000
-0.429651 0.047410 0.100938 0.000000
-0.751121 0.083837 0.201193 2.000000
-0.898330 0.085497 -0.192488 2.000000
-0.133225 -0.021722 0.554564 1.000000
0.218083 -0.061310 0.096090 0.000000
0.935190 -0.072345 -0.034673 0.000000
-0.716167 0.076444 0.151883 2.000000
-0.210365 0.111104 0.840678 1.000000
-0.751014 0.061632 0.108974 2.000000
0.338266 -0.068300 0.311091 3.000000
0.013823 0.116353 -0.015843 0.000000
-0.174848 -0.104995 0.014959 0.000000
0.580882 -0.105826 0.008799 0.000000
0.075026 -0.013713 -0.102572 0.000000
0.189397 -0.093585 -0.285940 3.000000
-0.001792 -0.091362 -0.069654 0.000000
0.199093 -0.119807 -0.023450 0.000000
-0.824645 0.098568 -0.270432 2.000000
-0.514291 0.019018 0.091885 0.000000
0.259653 -0.085202 0.119312 0.000000
-0.862251 0.072480 0.105786 2.000000
-0.427883 0.116916 0.012897 0.000000
0.663325 0.084640 0.088483 0.000000
-0.705078 0.051534 -0.032610 2.000000
0.288500 -0.145762 0.289074 3.000000
0.159452 0.111720 -0.031003 0.000000
-0.057317 -0.024802 0.366267 1.000000
-0.418857 -0.073443 -0.013593 0.000000
0.236538 -0.100630 0.313341 3.000000
-0.731943 0.074944 0.058833 2.000000
-0.215320 0.094658 0.076350 0.000000
0.392452 -0.112442 0.027039 0.000000
-0.631474 0.006884 -0.053985 0.000000
-0.864286 0.082230 -0.211211 2.000000
-0.571074 -0.041301 0.024548 0.000000
0.168398 0.084533 -0.073698 0.000000
0.168558 -0.025257 0.151026 1.000000
0.443852 -0.070604 -0.074073 0.000000
0.062732 -0.008196 -0.441157 1.000000
0.005065 -0.103522 -0.016888 0.000000
0.085847 -0.051667 -0.252727 1.000000
0.058339 -0.065702 -0.096090 1.000000
0.788571 -0.183260 0.030414 0.000000
0.176808 -0.115602 -0.243272 3.000000
-0.129475 0.008840 -0.700728 1.000000
0.399309 -0.060051 0.122393 0.000000
-0.791646 0.075882 -0.063386 2.000000
0.501439 -0.090398 0.064431 0.000000
0.857407 -0.092514 -0.024254 0.000000
0.234261 -0.067256 -0.107795 0.000000
-0.440981 0.106738 0.054895 0.000000
-0.056031 -0.001740 0.547225 1.000000
0.206753 0.074569 -0.081332 0.000000
0.065223 0.118496 0.000629 0.000000
-0.486060 -0.023757 -0.065368 0.000000
0.049902 -0.006937 -0.492906 1.000000
-0.394429 0.112952 -0.025861 0.000000
-0.820092 0.333068 0.017531 2.000000
-0.773379 0.055820 0.035316 2.000000
-0.003132 -0.031980 0.495343 1.000000
0.820980 -0.007258 0.104608 0.000000
-0.094655 -0.049899 -0.089956 0.000000
-0.010069 -0.061390 0.106188 0.000000
0.022796 -0.026677 -0.511896 1.000000
-0.694579 0.288231 0.001299 2.000000
-0.645134 0.177315 -0.007942 2.000000
0.026841 -0.080862 0.275467 1.000000
0.485073 0.084506 -0.076216 0.000000
-0.195955 -0.021749 -0.101527 0.000000
-0.091280 -0.028927 0.113607 0.000000
-0.116833 -0.092648 0.001487 0.000000
0.055581 -0.046069 -0.352473 1.000000
-0.023836 -0.019070 0.367473 1.000000
0.674334 -0.033721 -0.096760 0.000000
0.793231 0.047517 0.095045 0.000000
-0.227802 0.157950 0.851178 1.000000
0.100231 -0.135128 -0.186381 3.000000
0.346168 -0.135557 -0.259959 3.000000
0.227378 -0.098433 0.112991 0.000000
-0.125404 -0.006669 0.613892 1.000000
0.444521 -0.049739 0.104956 0.000000
0.042483 -0.146940 -0.179551 3.000000
-0.871465 0.076766 0.137526 2.000000
0.331945 -0.131887 0.254147 3.000000
0.744992 -0.096746 0.049244 0.000000
0.071276 -0.052363 0.307395 1.000000
-0.090959 0.090453 -0.066975 0.000000
0.534598 0.114693 -0.023825 0.000000
0.286384 -0.016981 0.117009 0.000000
-0.706873 0.103015 0.023504 0.000000
0.298759 -0.044944 0.106965 0.000000
0.814070 -0.153449 -0.013727 0.000000
-0.110029 -0.012588 0.555957 1.000000
-0.279041 0.062302 0.103054 0.000000
-0.730577 0.098917 0.014397 2.000000
0.788705 -0.046364 -0.085055 0.000000
-0.605921 0.002331 0.071582 0.000000
0.781098 0.014732 0.111331 0.000000
0.722493 -0.039212 0.108625 0.000000
-0.083137 0.002036 0.606258 1.000000
0.264716 -0.050355 0.114518 1.000000
-0.092673 -0.094067 -0.024736 0.000000
0.278269 0.092060 -0.064859 0.000000
-0.156661 -0.022954 0.091188 0.000000
-0.051290 -0.030748 -0.297511 1.000000
0.142899 -0.115683 0.000924 0.000000
-0.005917 -0.019981 -0.322635 1.000000
-0.127091 -0.043337 0.107661 0.000000
-0.444651 0.074703 -0.072841 0.000000
0.324767 -0.115040 -0.015924 0.000000
0.931949 -0.008731 0.058699 0.000000
0.095409 -0.071890 -0.075787 1.000000
0.738617 -0.099826 -0.026986 0.000000
-0.364511 -0.062622 -0.057279 0.000000
0.328570 -0.143753 -0.256022 3.000000
0.101650 -0.070309 0.089180 0.000000
0.506340 0.084372 0.090947 0.000000
0.014225 -0.018802 -0.306029 1.000000
-0.319298 0.117800 -0.004728 0.000000
0.263403 -0.112308 -0.055485 0.000000
-0.812887 0.065543 0.126839 2.000000
-0.384117 0.097631 -0.053851 0.000000
0.271921 -0.089300 -0.201086 3.000000
-0.193731 -0.053221 0.102277 0.000000
-0.255015 0.107247 0.056368 0.000000
0.053572 0.070712 -0.084278 0.000000
-0.044889 -0.090853 0.063815 0.000000
0.311401 0.116032 0.033012 0.000000
-0.657857 0.069882 -0.039842 2.000000
-0.182964 -0.034016 -0.075627 0.000000
0.163951 -0.090907 -0.048922 0.000000
0.063589 -0.059729 -0.195997 1.000000
-0.380903 -0.081264 0.024012 0.000000
0.303232 -0.056006 0.100161 0.000000
-0.286567 -0.037016 0.104340 0.000000
0.280652 -0.052069 -0.293118 3.000000
-0.133412 -0.001499 -0.704237 1.000000
0.207155 0.044329 -0.097912 0.000000
0.201771 -0.033775 -0.210568 1.000000
-0.571021 -0.012026 0.069305 0.000000
-0.199222 0.059570 0.106483 0.000000
0.192531 -0.099130 -0.098608 0.000000
0.139845 0.041972 -0.098903 0.000000
-0.203294 0.053972 -0.815099 1.000000
0.061821 -0.025391 0.185712 1.000000
0.237636 -0.042935 0.275467 3.000000
-0.136251 -0.008571 -0.103268 0.000000
-0.090021 -0.011222 0.551028 1.000000
0.012913 -0.048721 0.231728 1.000000
-0.328325 0.101622 0.065073 0.000000
0.342632 -0.138075 -0.268771 3.000000
0.025635 -0.034337 -0.460469 1.000000
0.519492 -0.074997 0.084492 0.000000
0.211762 -0.063077 -0.278226 3.000000
0.787044 -0.025472 -0.093680 0.000000
-0.021854 -0.038060 -0.152579 1.000000
-0.102369 -0.088951 -0.047744 0.000000
0.013636 -0.011919 0.594071 1.000000
-0.097708 -0.104620 -0.002960 0.000000
-0.264416 -0.042882 -0.089233 0.000000
0.041090 0.111077 -0.032584 0.000000
0.097525 -0.107406 -0.048762 0.000000
-0.600645 -0.035543 -0.004058 0.000000
0.169871 -0.114611 0.250316 3.000000
0.147613 -0.076229 0.120411 1.000000
0.511885 0.109657 0.050878 0.000000
-0.410821 0.082149 0.083582 0.000000
0.574936 -0.103121 0.029289 0.000000
-0.884321 0.079096 0.159891 2.000000
-0.250970 -0.075827 -0.063815 0.000000
-0.343244 -0.082336 0.045654 0.000000
0.740921 0.097792 -0.051011 0.000000
-0.015827 -0.032382 0.226264 1.000000
0.002359 -0.044301 0.260307 1.000000
0.163121 -0.077996 -0.080903 1.000000
-0.034336 -0.047301 0.141624 1.000000
-0.127413 -0.056247 -0.085108 0.000000
-0.730524 0.061177 -0.090064 2.000000
0.111212 -0.020731 -0.208666 1.000000
-0.838386 0.067418 -0.103510 2.000000
0.155836 -0.060747 -0.209872 1.000000
-0.736791 -0.003856 -0.007754 0.000000
-0.597725 -0.019017 -0.041155 0.000000
0.184924 -0.078827 0.079510 0.000000
0.162103 0.118630 0.013379 0.000000
-0.808869 0.424806 0.009897 2.000000
0.322437 -0.135101 -0.286904 3.000000
0.154443 -0.058872 0.235504 1.000000
0.852372 0.036267 -0.059020 0.000000
0.267555 -0.039534 -0.246004 3.000000
0.313223 -0.094201 -0.275173 3.000000
0.621515 0.079015 0.092769 0.000000
0.574347 0.027964 0.117330 0.000000
0.896138 0.022018 -0.041771 0.000000
0.087936 -0.146190 -0.154642 3.000000
-0.024372 0.008732 0.119875 0.000000
-0.433696 0.060802 -0.080341 0.000000
0.135372 -0.112468 0.263843 3.000000
0.191727 -0.112254 -0.067189 0.000000
-0.158590 0.115416 0.036976 0.000000
0.593792 0.117103 -0.009977 0.000000
-0.761755 0.082096 -0.195783 2.000000
-0.192606 0.038999 -0.810465 1.000000
-0.031925 -0.008410 -0.446541 1.000000
-0.213043 0.158593 -0.840303 1.000000
-0.110752 -0.008838 0.613142 1.000000
-0.325003 0.111452 -0.030494 0.000000
-0.062219 0.007259 0.652408 1.000000
0.175710 -0.059649 -0.196586 1.000000
-0.049094 0.000242 -0.542752 1.000000
-0.697177 0.084667 0.053047 0.000000
0.799419 0.096720 0.035021 0.000000
0.329481 -0.134780 -0.228996 3.000000
-0.888045 0.089703 0.225273 2.000000
-0.063719 -0.021079 -0.510316 1.000000
-0.027800 -0.091764 0.076323 0.000000
-0.157652 0.005545 -0.782207 1.000000
-0.079388 -0.016445 -0.563751 1.000000
0.084428 -0.142762 0.169507 3.000000
-0.164670 0.004983 -0.731825 1.000000
0.430004 -0.100871 -0.073564 0.000000
0.594408 -0.032998 -0.097054 0.000000
0.847926 0.068221 0.030387 0.000000
-0.702641 0.076819 -0.082778 2.000000
0.020037 -0.028284 -0.192462 1.000000
-0.170268 0.074810 0.838830 1.000000
0.020493 -0.039748 0.411480 1.000000
0.106579 -0.028739 0.111840 0.000000
0.002708 -0.007928 0.118214 0.000000
-0.794084 0.089328 -0.243138 2.000000
-0.770701 0.096747 0.000335 2.000000
0.172389 -0.036319 0.282619 1.000000
-0.757416 0.282151 0.020102 2.000000
-0.243872 -0.035623 -0.094269 0.000000
-0.788218 0.094899 -0.015522 0.000000
0.473904 -0.093291 -0.071555 0.000000
0.050224 -0.036400 0.446488 1.000000
0.799017 -0.073818 0.004969 0.000000
-0.097012 0.008732 0.673006 1.000000
-0.811494 0.236027 0.016111 2.000000
-0.121948 0.013313 -0.724031 1.000000
0.596873 0.106014 0.059690 0.000000
0.893513 -0.006910 -0.059797 0.000000
0.054161 -0.008812 0.509619 1.000000
0.439379 -0.070738 0.088858 0.000000
-0.469078 0.064391 -0.075493 0.000000
-0.308075 0.115818 0.034753 0.000000
0.541723 0.026919 -0.102599 0.000000
-0.733872 0.077542 -0.067564 2.000000
-0.030479 -0.038516 -0.163132 1.000000
0.210798 -0.091094 0.234165 3.000000
0.068116 -0.065756 0.145401 1.000000
0.197406 -0.059461 0.190265 1.000000
-0.235971 -0.010874 -0.108384 0.000000
0.070526 -0.095862 -0.036923 0.000000
0.011627 -0.003535 -0.480049 1.000000
0.132667 -0.042159 -0.093278 0.000000
-0.331191 -0.032302 0.101876 0.000000
0.863595 0.050517 0.044235 0.000000
-0.902803 0.088845 0.024468 0.000000
-0.314584 0.077328 -0.076403 0.000000
0.239243 -0.139173 -0.245067 3.000000
-0.760148 0.078239 0.196506 2.000000
-0.004042 -0.047623 0.198059 1.000000
-0.850814 0.073900 0.106509 2.000000
0.008654 0.004340 0.119821 0.000000
0.185085 -0.073095 0.296386 3.000000
0.627996 0.098622 -0.056342 0.000000
-0.108770 -0.070175 0.094296 0.000000
0.789830 0.096399 -0.029584 0.000000
0.076392 -0.068381 0.122259 1.000000
0.449825 -0.109522 -0.021682 0.000000
0.165853 -0.024481 -0.153892 1.000000
0.200298 -0.057694 -0.178694 1.000000
-0.860429 0.067391 0.094269 2.000000
-0.818940 0.057748 -0.031914 2.000000
-0.333548 0.068248 -0.082751 0.000000
-0.483140 -0.013526 -0.072386 0.000000
-0.130761 0.117264 -0.008852 0.000000
0.168344 0.117371 0.022888 0.000000
-0.259541 0.034580 -0.099706 0.000000
0.815570 0.078748 -0.045762 0.000000
-0.080030 -0.014865 -0.604946 1.000000
0.480841 -0.029704 -0.094804 0.000000
0.533098 -0.047355 -0.082082 0.000000
0.217816 -0.062890 -0.233415 3.000000
0.228101 -0.075880 0.122634 0.000000
0.180156 -0.091014 -0.048654 0.000000
0.238734 -0.052631 0.259289 3.000000
0.302214 -0.063506 0.122366 0.000000
-0.792745 0.077221 -0.189113 2.000000
-0.122002 -0.002223 -0.606553 1.000000
0.127578 -0.062970 0.227710 1.000000
-0.152322 -0.089487 -0.008477 0.000000
0.766500 0.085685 -0.059717 0.000000
-0.654053 0.024187 -0.057065 0.000000
0.025367 -0.102933 0.051386 0.000000
0.417013 0.102238 -0.051628 0.000000
-0.828449 0.098917 0.286556 2.000000
-0.797405 0.060105 -0.077769 2.000000
0.099106 -0.111826 0.036226 0.000000
-0.052978 -0.024829 -0.447398 1.000000
0.074919 -0.095219 -0.161552 3.000000
0.676289 0.002920 -0.104768 0.000000
0.259814 -0.116647 -0.032503 0.000000
0.111400 0.092247 0.079510 0.000000
0.109954 -0.042400 -0.342402 1.000000
-0.024907 0.004313 -0.604785 1.000000
0.691771 0.118951 0.010915 0.000000
0.443209 -0.102585 -0.067859 0.000000
-0.153929 0.009081 0.119821 0.000000
-0.140001 0.084667 -0.073564 0.000000
0.026707 -0.049578 -0.244317 1.000000
-0.679043 0.101702 0.023289 2.000000
0.328785 -0.114879 0.038690 0.000000
-0.196276 0.130924 0.844401 1.000000
0.312178 -0.143324 0.253825 3.000000
0.837185 -0.027936 -0.081787 0.000000
-0.788164 0.289275 -0.004888 2.000000
0.045429 -0.104165 -0.006495 0.000000
-0.580985 0.037017 -0.069091 0.000000
0.108132 0.109818 0.050503 0.000000
0.175522 -0.047542 -0.244049 1.000000
0.726189 0.040151 -0.097670 0.000000
-0.429142 0.005491 0.102010 0.000000
-0.160786 0.024107 0.819759 1.000000
0.431022 -0.093023 -0.043806 0.000000
0.312740 -0.102692 0.032584 0.000000
-0.859787 0.095274 0.018254 0.000000
-0.239105 0.007420 0.119286 0.000000
0.145416 -0.079282 -0.103751 0.000000
-0.736416 0.251080 0.021388 2.000000
0.537946 0.096399 0.074100 0.000000
0.292518 -0.037096 -0.104902 0.000000
0.077732 -0.040632 -0.096197 0.000000
0.048322 -0.107299 0.039307 0.000000
0.073312 -0.030802 0.451148 1.000000
0.809275 0.094042 -0.016379 0.000000
0.101490 -0.175895 -0.134928 3.000000
0.454726 -0.043712 0.107500 0.000000
-0.536522 0.122648 0.000790 2.000000
-0.187919 -0.105103 0.014316 0.000000
-0.670580 0.194136 -0.008799 2.000000
0.058554 -0.165770 0.209872 3.000000
-0.498247 -0.011919 -0.070323 0.000000
-0.091923 -0.024641 -0.541252 1.000000
-0.034657 -0.002437 0.525235 1.000000
-0.586851 -0.024909 0.051895 0.000000
0.299616 -0.010017 0.116821 0.000000
0.138506 0.115282 0.037298 0.000000
0.450360 -0.104219 0.020959 0.000000
0.236056 -0.047569 0.267539 3.000000
-0.044434 -0.099103 -0.000790 0.000000
0.016636 -0.004231 -0.574920 1.000000
0.373970 0.024401 -0.102947 0.000000
-0.803726 0.099372 0.012656 0.000000
-0.808762 0.074864 0.189569 2.000000
-0.001953 0.061873 0.105518 0.000000
0.478618 -0.078666 0.107206 0.000000
0.334945 -0.120745 -0.288645 3.000000
0.182915 -0.056274 -0.204059 1.000000
0.430165 0.108907 0.052645 0.000000
-0.047755 -0.000990 -0.702308 1.000000
0.695976 -0.103281 -0.013299 0.000000
-0.054746 0.000001 0.556198 1.000000
0.205870 -0.036319 0.220666 1.000000
0.669620 0.118469 0.014504 0.000000
0.162693 -0.029570 -0.285458 1.000000
0.215914 -0.141423 -0.245817 3.000000
-0.162715 0.003992 -0.705549 1.000000
0.561919 0.071248 0.098769 0.000000
0.123507 -0.106683 -0.063466 0.000000
0.329588 -0.123075 0.301716 3.000000
-0.831877 0.117773 0.004861 2.000000
-0.802950 0.095327 0.263843 2.000000
0.166523 0.093399 0.078010 0.000000
-0.387787 0.027803 0.109482 0.000000
0.433834 -0.097576 -0.032798 0.000000
0.026117 -0.103656 0.025137 0.000000
-0.700150 0.058766 -0.066413 2.000000
0.105802 0.116032 -0.018147 0.000000
0.078160 -0.048560 0.346340 1.000000
-0.712203 0.174396 0.024468 2.000000
-0.059567 -0.052524 -0.198434 1.000000
0.296857 -0.041569 -0.260602 3.000000
0.300018 -0.094790 0.054360 0.000000
-0.736872 0.316783 0.016218 2.000000
0.147800 -0.115495 -0.029932 0.000000
0.094847 -0.025311 -0.100242 0.000000
-0.070468 -0.010365 0.493522 1.000000
0.078026 -0.060185 -0.214211 1.000000
-0.357306 0.118523 0.014156 0.000000
-0.355752 0.043044 -0.092608 0.000000
0.055554 -0.019150 -0.264539 1.000000
0.331168 -0.034605 -0.096412 0.000000
-0.207070 -0.089005 0.066252 0.000000
0.340329 -0.071648 -0.073296 0.000000
-0.811387 0.410958 0.001647 2.000000
-0.492488 0.013152 0.094322 0.000000
0.723404 0.116862 0.008772 0.000000
0.001958 -0.026409 -0.247236 1.000000
0.911379 -0.080380 0.046137 0.000000
0.020118 0.106363 -0.043967 0.000000
0.335347 -0.076255 -0.300993 3.000000
0.559829 -0.077166 -0.054735 0.000000
0.175764 -0.122780 -0.266762 3.000000
-0.665812 0.099050 -0.024575 0.000000
-0.711024 0.077971 -0.126678 2.000000
-0.014488 -0.059167 0.097724 0.000000
-0.808387 0.087158 -0.156061 2.000000
0.456708 -0.019820 0.115214 0.000000
-0.868251 0.102211 0.308761 2.000000
-0.848055 0.060105 -0.022834 2.000000
0.173165 -0.069720 0.253584 3.000000
-0.070495 0.003295 0.600125 1.000000
0.484698 -0.034177 0.108893 0.000000
0.132613 -0.020061 -0.237969 1.000000
-0.605868 0.105639 0.007754 2.000000
-0.025738 0.002143 -0.661408 1.000000
-0.191401 0.086596 -0.071984 0.000000
-0.018265 -0.004097 0.497352 1.000000
-0.781495 0.090774 -0.201997 2.000000
0.772714 0.059704 -0.081841 0.000000
0.452905 -0.094335 -0.040646 0.000000
-0.158161 -0.034605 0.111250 0.000000
0.324981 -0.100228 -0.215362 3.000000
0.216182 0.096051 0.074528 0.000000
0.000136 -0.048185 0.105786 0.000000
0.554258 -0.023731 0.115777 0.000000
0.341213 -0.082362 -0.060065 0.000000
-0.049228 -0.039855 0.196533 1.000000
-0.020301 -0.035462 0.196426 1.000000
-0.153206 -0.065863 0.091483 0.000000
-0.086298 -0.103951 0.022914 0.000000
0.236967 -0.136307 -0.253745 3.000000
-0.671838 0.262357 0.013807 2.000000
0.226467 -0.062167 0.296547 3.000000
0.231208 -0.030400 -0.101233 1.000000
-0.730765 0.081774 0.139910 2.000000
0.115953 -0.028927 0.096358 1.000000
0.605712 0.082551 -0.075198 0.000000
-0.587654 0.028982 -0.067484 0.000000
-0.611171 0.035731 -0.064913 0.000000
-0.023059 -0.028820 -0.491352 1.000000
0.867693 0.043338 0.048145 0.000000
0.857756 -0.018159 -0.076002 0.000000
0.183424 -0.107379 0.242388 3.000000
0.020064 -0.025231 -0.226773 1.000000
0.122355 -0.021802 -0.187292 1.000000
0.081240 -0.024882 0.175480 1.000000
0.123453 -0.061149 -0.260602 3.000000
0.384202 -0.112763 0.016031 0.000000
-0.024425 0.101488 -0.052565 0.000000
-0.133171 0.051025 -0.816277 1.000000
0.222101 -0.136816 0.245334 3.000000
0.055045 0.118710 0.012709 0.000000
0.139336 -0.104299 0.020343 0.000000
-0.206293 -0.079041 -0.046485 0.000000
0.668763 0.095809 -0.060011 0.000000
0.017412 -0.012106 -0.372856 1.000000
0.076687 -0.083996 0.177060 1.000000
-0.637983 0.035169 0.075734 0.000000
-0.173857 -0.100790 0.039896 0.000000
-0.652982 0.095917 -0.030414 0.000000
0.985412 -0.022847 0.034164 0.000000
0.446718 -0.074809 0.084760 0.000000
-0.126207 -0.002839 -0.710638 1.000000
-0.873393 0.395557 0.002103 2.000000
0.363203 -0.047971 0.105733 0.000000
-0.281103 -0.010231 0.113795 0.000000
0.067955 -0.037900 -0.408641 1.000000
0.951770 -0.089166 0.001272 0.000000
0.220414 -0.136896 0.255941 3.000000
-0.397349 0.001554 -0.090064 0.000000
0.056706 -0.104031 -0.007460 0.000000
0.191647 0.116219 0.031593 0.000000
0.064500 -0.156101 0.208184 3.000000
-0.655339 0.157843 0.025218 2.000000
-0.068968 0.021562 -0.103322 0.000000
0.096695 -0.162502 -0.177409 3.000000
-0.890161 0.091926 -0.270807 2.000000
0.792669 -0.095032 -0.031619 0.000000
-0.068111 -0.004928 0.118616 0.000000
-0.815431 0.073042 0.077528 2.000000
-0.856064 0.283061 0.002986 2.000000
-0.356368 0.110568 -0.032235 0.000000
-0.166652 -0.039078 0.109402 0.000000
0.016234 -0.068515 -0.260602 3.000000
0.148336 0.043606 0.113098 0.000000
0.649853 -0.104647 0.017718 0.000000
0.301598 0.116943 -0.011236 0.000000
0.048724 -0.141583 0.179926 3.000000
0.078187 -0.123798 -0.132116 3.000000
0.325249 -0.044328 -0.246888 3.000000
-0.862974 0.212698 0.008906 2.000000
-0.105369 -0.020249 -0.101715 0.000000
-0.143483 0.051133 -0.095099 0.000000
0.130390 -0.021561 0.209041 1.000000
0.230886 -0.092594 -0.215175 3.000000
0.498010 -0.080996 -0.061806 0.000000
0.759697 -0.084425 -0.055377 0.000000
0.773009 0.105827 -0.015361 0.000000
-0.790548 0.232251 -0.009067 2.000000
0.914004 -0.092567 0.016432 0.000000
0.590418 -0.091924 0.061324 0.000000
0.013877 -0.015668 -0.338251 1.000000
0.446637 0.115978 0.033441 0.000000
0.363872 -0.057854 -0.083876 0.000000
0.178067 -0.068354 -0.274342 3.000000
-0.700498 0.063427 -0.049860 0.000000
0.427620 0.114398 -0.024575 0.000000
-0.776540 0.130978 0.017397 2.000000
-0.214356 -0.001928 0.118991 0.000000
-0.749648 0.079096 -0.177248 2.000000
-0.150260 -0.076604 -0.067752 0.000000
0.803222 0.043633 -0.078787 0.000000
0.441736 -0.098942 0.044369 0.000000
0.263216 -0.113433 0.064002 0.000000
0.137006 0.093131 -0.063493 0.000000
-0.051424 -0.036534 0.241344 1.000000
-0.145224 0.003375 -0.785769 1.000000
0.042751 -0.053783 -0.260602 3.000000
0.175576 0.099533 0.070002 0.000000
0.210878 -0.100549 0.234674 3.000000
-0.048558 -0.035703 0.261566 1.000000
-0.518175 -0.046685 0.042976 0.000000
0.368426 0.107461 -0.041315 0.000000
-0.883652 0.078373 -0.159195 2.000000
-0.299022 -0.004097 0.115268 0.000000
0.387470 0.116487 0.029557 0.000000
0.189451 -0.091416 0.062529 0.000000
0.138506 0.105131 0.061779 0.000000
0.067553 -0.167297 -0.193694 3.000000
0.160175 -0.022284 -0.217773 1.000000
0.939449 -0.030454 -0.047074 0.000000
0.416612 0.068114 0.101152 0.000000
-0.706953 0.154200 -0.010406 2.000000
0.335561 -0.046551 0.120732 0.000000
0.016689 -0.056247 -0.126277 1.000000
0.770036 -0.095621 -0.033950 0.000000
0.051322 0.055659 -0.093224 0.000000
-0.871893 0.089890 0.279833 2.000000
-0.238971 -0.002062 -0.103188 0.000000
-0.222498 0.023598 0.117920 0.000000
0.215539 -0.065997 0.307475 3.000000
-0.057719 -0.020891 -0.381695 1.000000
-0.057424 -0.013579 0.452300 1.000000
-0.522005 -0.012963 0.080100 0.000000
0.203245 0.035196 -0.101527 0.000000
0.003993 -0.035569 0.370071 1.000000
0.006216 -0.050997 0.213407 1.000000
0.873612 -0.096853 -0.000147 0.000000
-0.373510 0.071676 -0.078439 0.000000
0.331570 -0.114129 -0.219835 3.000000
-0.767138 0.065650 -0.118589 2.000000
-0.123743 -0.092032 0.014906 0.000000
0.179353 -0.077755 -0.079537 1.000000
0.233779 0.011036 -0.104688 0.000000
-0.377823 0.029303 -0.092742 0.000000
-0.319245 0.087613 -0.068368 0.000000
0.332025 -0.056649 -0.237433 3.000000
0.542982 -0.090987 -0.006897 0.000000
0.361355 -0.005410 0.118536 0.000000
-0.075423 -0.067738 0.091135 0.000000
0.277572 0.107755 0.055458 0.000000
-0.863162 0.076658 0.131285 2.000000
0.182031 -0.096130 -0.228835 3.000000
0.209271 -0.137351 0.289369 3.000000
0.549490 -0.105638 0.004701 0.000000
0.788437 0.097684 0.042547 0.000000
0.093106 -0.021454 -0.203363 1.000000
-0.835466 0.368049 0.016513 2.000000
-0.634795 0.047731 0.075787 0.000000
-0.069129 -0.020838 -0.467781 1.000000
0.251296 0.116166 -0.017129 0.000000
0.208628 -0.105129 0.098956 0.000000
-0.458043 0.058900 -0.079002 0.000000
0.183772 -0.066077 -0.261245 3.000000
0.064286 -0.059328 0.216889 1.000000
-0.005087 -0.022820 0.314787 1.000000
0.214414 -0.059408 -0.082671 0.000000
0.252528 -0.146646 -0.244799 3.000000
0.107114 -0.058256 -0.100242 0.000000
0.029680 0.057856 -0.092314 0.000000
0.261341 -0.101085 -0.024307 0.000000
0.053143 -0.065247 -0.078010 1.000000
-0.824538 0.090560 0.279967 2.000000
-0.657401 0.221028 0.018843 2.000000
-0.596038 0.141477 -0.006683 2.000000
0.073419 -0.189662 -0.178373 3.000000
0.232360 -0.126370 -0.282538 3.000000
-0.276550 -0.096558 0.028646 0.000000
0.490028 -0.087532 0.089822 0.000000
0.446985 -0.088442 -0.098581 0.000000
0.067741 -0.026623 0.162784 1.000000
-0.827484 0.078266 0.210139 2.000000
-0.395635 -0.019499 0.098661 0.000000
-0.800459 0.093292 -0.218041 2.000000
0.209780 -0.133575 0.248924 3.000000
-0.808012 0.089756 0.269842 2.000000
0.895495 -0.011704 0.074850 0.000000
-0.061817 0.006108 -0.105197 0.000000
0.203432 -0.059488 0.242308 3.000000
0.078214 0.019232 -0.103617 0.000000
0.740224 -0.089380 0.065047 0.000000
-0.891152 0.373915 0.010165 2.000000
0.111962 -0.071916 -0.131553 1.000000
0.421647 -0.017088 0.118027 0.000000
0.320829 -0.101085 0.098394 0.000000
0.067955 -0.184412 -0.154642 3.000000
0.271358 0.005572 0.119982 0.000000
0.157845 -0.038784 -0.102063 0.000000
0.050411 -0.037739 -0.095099 0.000000
0.449316 -0.094121 0.101260 0.000000
-0.073575 -0.001499 0.565251 1.000000
0.466190 0.104729 -0.047878 0.000000
-0.820761 0.097550 0.274664 2.000000
-0.353743 0.081051 0.087037 0.000000
0.768696 0.095729 -0.045547 0.000000
-0.069183 0.010447 -0.688541 1.000000
0.141104 -0.095273 0.053235 0.000000
0.136845 -0.095433 0.256691 3.000000
0.893111 0.026357 0.051306 0.000000
0.934708 0.018830 -0.005852 0.000000
0.240234 -0.058310 0.247102 3.000000
0.012136 -0.016954 -0.102143 0.000000
0.612060 0.052847 -0.094403 0.000000
0.894772 0.031687 -0.020772 0.000000
0.157443 0.105157 0.061725 0.000000
-0.020408 -0.044060 0.214961 1.000000
-0.018185 -0.038382 0.156677 1.000000
0.557579 0.105023 0.062020 0.000000
-0.845135 0.072025 -0.140178 2.000000
-0.005381 -0.066988 0.091724 0.000000
0.432468 0.074703 -0.081251 0.000000
0.796660 -0.184225 0.016138 0.000000
-0.823681 0.074328 0.090706 2.000000
0.107409 0.007018 -0.105224 0.000000
-0.211918 -0.067952 0.083635 0.000000
-0.837582 0.330818 0.015468 2.000000
0.028876 -0.009401 -0.398302 1.000000
0.020627 -0.024534 0.248522 1.000000
0.071491 0.103336 -0.050154 0.000000
-0.731086 0.277570 -0.005451 2.000000
0.327124 -0.056810 0.291083 3.000000
0.065384 -0.057292 -0.227496 1.000000
0.303232 -0.146271 -0.266896 3.000000
-0.793441 0.040017 0.051386 0.000000
0.552544 -0.062810 0.094938 0.000000
0.068973 -0.076764 0.082216 0.000000
0.143113 -0.022311 0.202318 1.000000
-0.718497 0.054829 -0.023905 2.000000
-0.852608 0.068194 -0.095340 2.000000
0.171103 -0.112040 -0.233147 3.000000
0.667691 -0.046069 -0.091644 0.000000
-0.131055 0.041704 0.113875 0.000000
-0.263157 -0.066077 -0.072654 0.000000
0.097016 -0.027561 -0.410569 1.000000
-0.111502 0.013955 0.752449 1.000000
-0.427910 0.037580 0.103161 0.000000
0.247868 -0.079952 -0.063199 0.000000
-0.027693 -0.023543 0.338143 1.000000
0.313223 -0.099344 0.258325 3.000000
0.011547 0.111237 0.047021 0.000000
0.801267 -0.190492 -0.003763 0.000000
0.139390 0.052499 0.109402 0.000000
-0.219552 -0.011624 -0.102867 0.000000
0.285500 0.100390 -0.054011 0.000000
0.480734 -0.076282 0.082832 0.000000
-0.794753 0.099586 0.015066 0.000000
-0.042746 0.089515 0.083046 0.000000
0.789026 -0.017302 0.109241 0.000000
0.020841 -0.002383 0.527993 1.000000
-0.544183 0.145468 0.007701 2.000000
0.063696 -0.051935 0.301502 1.000000
0.813052 -0.049926 0.094563 0.000000
0.040581 -0.150235 -0.147892 3.000000
-0.181705 -0.043391 -0.092769 0.000000
-0.504889 -0.032114 -0.054520 0.000000
0.081776 -0.011249 -0.394874 1.000000
0.820900 -0.075264 -0.059261 0.000000
0.039054 -0.040310 0.423212 1.000000
-0.536951 0.110809 0.017638 2.000000
0.198879 -0.054212 0.208264 1.000000
-0.655366 0.067096 -0.049565 2.000000
-0.715524 0.228474 0.022325 2.000000
-0.084664 0.111211 -0.032235 0.000000
-0.642322 0.008679 -0.052752 0.000000
0.032733 -0.012401 -0.360696 1.000000
-0.173991 -0.025043 -0.075386 0.000000
0.091285 -0.068568 -0.138249 1.000000
-0.053406 0.075158 0.095742 0.000000
-0.048478 0.012616 0.119366 0.000000
-0.048398 -0.103870 -0.008772 0.000000
0.190468 -0.123664 -0.272119 3.000000
0.022662 -0.049337 0.251656 1.000000
0.229226 -0.052176 -0.236978 3.000000
0.643960 -0.088871 0.066439 0.000000
-0.745121 0.286490 0.019941 2.000000
0.177451 0.076926 0.094376 0.000000
-0.034657 -0.039641 -0.220853 1.000000
0.552142 0.062971 -0.090198 0.000000
0.555463 -0.082496 0.060333 0.000000
-0.074352 -0.030695 -0.083582 0.000000
0.117212 -0.018909 -0.251093 1.000000
0.271840 -0.037819 -0.257388 3.000000
0.397648 -0.105049 0.014557 0.000000
0.730528 -0.080541 -0.061913 0.000000
-0.428285 0.052499 -0.085537 0.000000
-0.078638 0.054427 0.108599 0.000000
0.517001 -0.096156 -0.011906 0.000000
0.314374 -0.064604 0.228112 3.000000
0.213476 -0.056301 0.182846 1.000000
0.046259 -0.008035 -0.420239 1.000000
0.063321 -0.124173 -0.145535 3.000000
0.563954 0.092810 -0.063895 0.000000
0.008118 -0.038864 0.392999 1.000000
-0.006399 -0.029061 0.248040 1.000000
0.152595 -0.048453 -0.269039 1.000000
0.232547 -0.134003 0.295047 3.000000
0.553106 -0.009856 -0.103081 0.000000
0.442995 0.006402 -0.105224 0.000000
-0.492434 -0.026356 0.076752 0.000000
0.081106 -0.018052 -0.264727 1.000000
0.261957 -0.117424 0.001808 0.000000
0.191915 -0.103281 -0.013138 0.000000
0.247118 -0.117986 0.031218 0.000000
-0.171902 0.016071 -0.104045 0.000000
0.122703 -0.031659 0.112482 0.000000
-0.724042 0.080890 -0.119982 2.000000
0.787821 -0.098647 -0.023771 0.000000
-0.204231 0.026276 -0.102679 0.000000
0.122891 -0.059488 -0.236710 1.000000
0.484082 -0.101701 -0.022834 0.000000
0.037715 -0.057506 -0.169025 1.000000
0.054027 -0.137271 -0.165355 3.000000
0.136979 -0.084398 -0.245120 3.000000
-0.701596 0.100497 0.006683 2.000000
-0.914910 0.097952 0.318457 2.000000
0.148523 0.095568 0.075171 0.000000
0.505510 -0.094442 -0.040351 0.000000
0.484966 -0.078827 -0.064645 0.000000
0.247627 -0.087318 -0.203631 3.000000
-0.267711 -0.007044 -0.109536 0.000000
-0.129555 0.091390 0.080609 0.000000
0.072616 -0.158940 0.192274 3.000000
0.386666 -0.077970 0.080635 0.000000
-0.493238 -0.050167 0.048413 0.000000
0.393630 -0.066399 -0.107956 0.000000
-0.006158 -0.100576 0.040431 0.000000
-0.029166 0.074328 -0.081519 0.000000
-0.909204 0.415672 0.005772 2.000000
-0.617787 0.147611 0.003549 2.000000
-0.372734 -0.010686 0.105545 0.000000
0.619640 0.037124 0.115777 0.000000
0.410960 -0.068729 0.122634 0.000000
-0.824136 0.061311 0.075171 2.000000
-0.320396 -0.052524 0.090251 0.000000
-0.797994 0.199814 -0.001888 2.000000
0.110918 -0.045480 0.113902 0.000000
0.692226 -0.073818 -0.071180 0.000000
-0.023675 -0.018026 -0.360321 1.000000
0.115873 -0.023115 -0.166561 1.000000
0.367247 -0.103951 0.023021 0.000000
-0.104860 -0.013927 0.521565 1.000000
-0.191187 -0.035436 -0.096063 0.000000
-0.149242 -0.013204 -0.102652 0.000000
0.107355 -0.025713 0.144008 1.000000
0.042349 -0.030588 -0.124803 1.000000
-0.008435 0.002197 -0.579715 1.000000
0.647281 0.101916 0.066895 0.000000
-0.053460 -0.070175 0.100617 0.000000
-0.910570 0.087935 0.236469 2.000000
-0.733765 0.072426 0.035985 2.000000
0.062437 -0.050274 -0.305145 1.000000
0.500608 0.046365 0.111947 0.000000
-0.090343 0.115871 0.034164 0.000000
0.182540 0.066025 -0.087894 0.000000
0.772205 -0.097415 0.044155 0.000000
0.708404 0.082819 0.089233 0.000000
-0.017863 -0.031579 -0.450907 1.000000
0.214039 0.030428 0.117009 0.000000
-0.075477 -0.013820 0.096438 0.000000
-0.892946 0.090319 0.272253 2.000000
0.828400 -0.102638 -0.017906 0.000000
-0.571958 -0.042346 0.015174 0.000000
0.886415 0.018670 0.065288 0.000000
-0.695757 -0.004178 -0.028057 0.000000
0.552598 -0.089059 0.019379 0.000000
-0.902374 0.430833 0.010192 2.000000
-0.046175 -0.017195 0.636204 1.000000
0.331490 -0.019606 -0.103242 0.000000
0.025233 0.070444 0.099358 0.000000
0.563499 -0.070604 0.081385 0.000000
0.040661 -0.016365 -0.525717 1.000000
0.107141 -0.016017 0.117143 0.000000
-0.040309 -0.033400 -0.086474 0.000000
0.869836 -0.066586 0.069841 0.000000
0.025448 -0.020570 -0.537047 1.000000
0.832417 0.083730 -0.004915 0.000000
-0.812431 0.361487 -0.001995 2.000000
-0.742791 0.079069 -0.081466 2.000000
-0.402250 0.004822 0.104822 0.000000
-0.763683 0.054722 0.057895 0.000000
0.147613 0.071355 -0.083796 0.000000
0.078964 -0.021079 0.233281 1.000000
0.081883 -0.030079 0.104688 1.000000
0.532375 -0.024481 -0.100590 0.000000
0.384309 -0.055685 0.121857 0.000000
-0.465516 -0.063559 0.031432 0.000000
0.133015 -0.077113 0.282056 3.000000
-0.763308 0.077837 0.085537 2.000000
0.093374 -0.051265 -0.303538 1.000000
0.313490 0.049901 0.110500 0.000000
-0.081129 -0.016365 0.565358 1.000000
0.313223 -0.070845 0.239228 3.000000
-0.065165 0.011063 -0.723950 1.000000
-0.369707 -0.062354 0.071046 0.000000
0.538589 0.014759 0.119071 0.000000
0.088579 -0.002062 -0.104126 0.000000
0.033028 -0.102424 0.034512 0.000000
0.816668 -0.093130 0.046994 0.000000
-0.790039 0.090533 0.036173 0.000000
0.272590 -0.038784 -0.094671 0.000000
-0.079548 -0.094603 -0.028486 0.000000
-0.195633 -0.085121 -0.056449 0.000000
0.093776 -0.016579 -0.288270 1.000000
0.439084 0.085551 -0.072895 0.000000
0.129667 0.117666 -0.005826 0.000000
-0.048558 -0.041114 0.108572 0.000000
-0.041648 -0.001499 -0.517119 1.000000
-0.797405 0.391834 0.000924 2.000000
-0.241381 -0.001553 0.117946 0.000000
-0.890562 0.082230 -0.188872 2.000000
0.109846 -0.080461 0.077368 0.000000
-0.105663 0.015937 0.781698 1.000000
-0.827243 0.077248 0.110473 2.000000
-0.199597 0.123746 0.849249 1.000000
0.036242 -0.104326 0.049431 0.000000
-0.192580 -0.095594 0.052431 0.000000
-0.556798 0.007393 -0.067725 0.000000
0.220521 0.116487 -0.014665 0.000000
0.401023 -0.105692 0.005076 0.000000
-0.794994 0.351121 -0.002424 2.000000
0.954984 -0.061069 -0.037539 0.000000
-0.147742 0.110220 0.049485 0.000000
0.462333 -0.100147 0.041476 0.000000
0.365292 -0.093505 0.057467 0.000000
-0.326021 -0.074675 0.065529 0.000000
-0.033425 0.000108 -0.678550 1.000000
0.436432 -0.063586 -0.107956 0.000000
-0.114181 -0.089085 0.055699 0.000000
0.030376 0.106925 0.057493 0.000000
-0.670767 0.209430 -0.006951 2.000000
0.474868 0.090801 0.081385 0.000000
0.336204 -0.066184 0.232880 3.000000
0.134970 -0.068461 0.267539 1.000000
-0.026273 0.004822 0.630954 1.000000
-0.040443 0.004367 0.609660 1.000000
-0.421000 0.077730 -0.071636 0.000000
-0.433455 0.079551 -0.069654 0.000000
0.327017 -0.078880 0.232531 3.000000
-0.436347 0.091256 0.075412 0.000000
0.112391 -0.063452 -0.211559 1.000000
-0.890107 0.088953 0.263334 2.000000
-0.030130 -0.043766 0.112348 1.000000
-0.129582 -0.037337 -0.095260 0.000000
0.016877 -0.010794 0.402802 1.000000
-0.768156 0.080971 0.212470 2.000000
-0.148117 0.022152 0.827607 1.000000
-0.489327 -0.060426 0.015709 0.000000
-0.291763 -0.024427 -0.102117 0.000000
0.032974 -0.061283 -0.082376 1.000000
0.678539 0.119032 0.004647 0.000000
-0.011354 -0.041382 0.259664 1.000000
0.225315 -0.116593 -0.211104 3.000000
0.060429 -0.008704 -0.419301 1.000000
0.649397 0.052391 -0.100054 0.000000
-0.020809 -0.076148 -0.068154 0.000000
-0.263184 0.006750 0.117384 0.000000
-0.069477 -0.096880 0.015843 0.000000
-0.043416 -0.002946 0.519610 1.000000
0.218351 -0.043819 0.197309 1.000000
-0.595020 0.150879 -0.005397 2.000000
-0.032407 -0.024320 -0.551671 1.000000
0.079446 -0.029007 -0.104608 1.000000
-0.107619 0.086863 -0.071662 0.000000
0.512635 0.015000 -0.104179 0.000000
0.138827 -0.072640 -0.141490 1.000000
-0.114315 0.017223 0.824473 1.000000
0.778768 0.058552 0.096144 0.000000
-0.012238 -0.039721 0.279297 1.000000
-0.456730 0.101434 -0.053583 0.000000
-0.172893 -0.085523 -0.030414 0.000000
-0.062352 0.009804 0.743958 1.000000
-0.722676 0.068436 -0.021816 2.000000
-0.114047 -0.005651 -0.570099 1.000000
-0.245506 -0.055390 -0.083233 0.000000
-0.049335 -0.079362 0.078841 0.000000
0.093695 -0.015052 -0.321323 1.000000
0.267180 -0.017490 0.116955 0.000000
0.088606 -0.012588 -0.370821 1.000000
0.051750 0.065945 0.102813 0.000000
0.482582 0.107300 0.056556 0.000000
0.182299 -0.061229 -0.081278 0.000000
0.245350 -0.090773 -0.049083 0.000000
-0.824109 0.095488 0.246942 2.000000
-0.040121 -0.035784 -0.347679 1.000000
0.531250 0.084721 0.088805 0.000000
-0.652098 0.213153 -0.004326 2.000000
0.648674 0.117130 -0.009870 0.000000
0.194674 0.096586 0.073832 0.000000
-0.682847 0.104889 0.012281 0.000000
