0.067217 -0.033351 -0.205793 1.000000
-0.689357 0.096092 -0.044191 2.000000
0.465913 0.129089 0.038202 0.000000
-0.814889 0.047533 0.014398 2.000000
0.673727 0.087459 -0.079870 0.000000
0.244381 -0.071405 -0.093421 0.000000
-0.409962 -0.032234 0.078463 0.000000
0.316912 -0.130441 0.377918 3.000000
-0.800528 0.465788 -0.007116 2.000000
0.662524 -0.113482 0.008139 0.000000
0.049950 0.102574 -0.089062 0.000000
0.653164 0.007552 0.117746 0.000000
0.201578 -0.105324 -0.328392 3.000000
-0.135456 -0.081882 -0.075344 0.000000
-0.261519 0.033564 -0.120299 0.000000
-0.206898 -0.044080 -0.021616 0.000000
0.440824 -0.055479 -0.352029 3.000000
-0.741185 0.104977 0.208270 2.000000
0.308279 -0.115466 -0.402180 3.000000
-0.754791 0.109308 0.258114 2.000000
0.009522 -0.074786 0.219278 1.000000
0.091049 0.023561 0.127581 0.000000
-0.065021 -0.002786 -0.093086 0.000000
0.096833 -0.029999 -0.405030 1.000000
-0.325082 0.098495 -0.087051 0.000000
-0.139787 0.012665 0.781616 1.000000
0.843851 -0.026367 0.069159 0.000000
0.038383 -0.019940 -0.334064 1.000000
-0.005454 -0.134967 -0.226860 3.000000
0.131254 -0.060620 -0.126278 0.000000
-0.304658 -0.013207 0.111264 0.000000
-0.027694 -0.034581 -0.277849 1.000000
-0.264146 -0.089538 0.033452 0.000000
-0.170381 -0.021309 -0.105491 0.000000
-0.727774 0.105564 0.216680 2.000000
-0.093407 -0.007926 0.125820 0.000000
-0.207345 -0.044332 0.095702 0.000000
0.117117 0.129089 0.046416 0.000000
0.955106 -0.000606 -0.026925 0.000000
-0.688798 0.199441 -0.007116 2.000000
0.202388 0.134928 0.021159 0.000000
-0.012299 0.028954 0.126966 0.000000
-0.717939 0.330225 0.010374 2.000000
0.101945 -0.028602 -0.418413 1.000000
0.240861 -0.143489 0.347548 3.000000
0.155701 -0.019242 -0.280392 1.000000
0.247203 -0.116471 -0.304699 3.000000
-0.063512 0.001713 -0.573896 1.000000
0.342644 -0.061459 -0.101942 0.000000
0.559287 0.130542 -0.026506 0.000000
0.129717 -0.077552 -0.086576 0.000000
-0.154874 -0.003624 -0.613990 1.000000
0.638803 0.104586 0.068936 0.000000
0.008264 0.028563 0.126994 0.000000
-0.310665 0.074495 0.106291 0.000000
0.123654 -0.107643 0.034402 0.000000
-0.131433 -0.064783 -0.094985 0.000000
-0.830591 0.117187 0.246994 2.000000
-0.830982 0.395296 -0.004042 2.000000
-0.722074 0.484172 0.001713 2.000000
0.693453 0.035967 -0.104988 0.000000
0.281932 -0.149636 0.367078 3.000000
-0.677008 0.376689 0.010374 2.000000
0.129466 -0.033072 0.171166 1.000000
0.221778 -0.075959 -0.089677 0.000000
-0.857637 0.112828 -0.242282 2.000000
-0.812710 0.111766 0.280885 2.000000
-0.005733 -0.040029 -0.211102 1.000000
0.380167 0.034653 -0.123623 0.000000
0.434956 -0.145584 -0.340909 3.000000
0.320404 0.119729 -0.062632 0.000000
0.396512 -0.132704 -0.390725 3.000000
0.030281 -0.005021 0.553099 1.000000
0.339375 -0.023265 -0.065649 0.000000
-0.053091 -0.002897 -0.034245 0.000000
-0.703746 0.382053 0.010374 2.000000
0.111277 -0.041985 -0.295926 1.000000
-0.859481 0.107687 0.227073 2.000000
0.362761 -0.142120 0.355818 3.000000
-0.625767 -0.010748 -0.004461 0.000000
0.315515 -0.159219 0.347409 3.000000
0.414421 -0.092667 0.378030 3.000000
-0.880743 0.115818 0.321481 2.000000
0.739665 0.100674 -0.037765 0.000000
-0.150488 0.032195 -0.898777 1.000000
-0.161384 0.000455 0.746776 1.000000
0.050732 0.134397 -0.032820 0.000000
-0.628281 0.041247 0.067315 0.000000
0.298807 -0.053831 -0.338869 3.000000
-0.166944 -0.097696 -0.067493 0.000000
-0.387527 -0.065426 0.022640 0.000000
0.220577 0.119981 0.065778 0.000000
0.074285 -0.043885 0.323185 1.000000
-0.010930 -0.047545 -0.233957 1.000000
-0.089552 0.072008 0.114226 0.000000
-0.817432 0.111906 -0.280057 2.000000
0.671939 0.012106 0.114170 0.000000
-0.040965 -0.003009 -0.096690 0.000000
0.451580 -0.094930 0.069606 0.000000
0.325322 -0.110883 -0.021924 0.000000
0.402435 -0.055871 -0.393798 3.000000
0.121196 -0.061654 0.118556 0.000000
0.006504 0.005540 -0.575601 1.000000
-0.041915 -0.003009 -0.028350 0.000000
-0.012355 -0.111582 0.006044 0.000000
0.236027 -0.133291 0.351041 3.000000
-0.752416 0.102295 -0.082273 2.000000
0.230691 -0.060425 0.359395 3.000000
-0.555164 0.170439 -0.007116 2.000000
-0.278143 -0.043633 -0.096578 0.000000
-0.092402 -0.040644 0.357467 1.000000
0.904703 -0.058665 0.042477 0.000000
0.098397 -0.029160 0.460033 1.000000
-0.004672 -0.196574 0.238780 3.000000
-0.414348 0.044740 0.105900 0.000000
0.222896 -0.080513 0.324973 3.000000
0.429424 0.131575 0.030267 0.000000
-0.242325 0.039459 -0.121360 0.000000
0.016730 -0.031451 0.358081 1.000000
0.976368 -0.003037 -0.016420 0.000000
-0.098604 -0.007284 -0.121444 0.000000
-0.059014 -0.000578 0.607190 1.000000
0.064423 -0.114544 -0.124657 0.000000
0.157517 -0.098003 -0.056932 0.000000
0.391790 -0.064560 -0.369016 3.000000
0.291040 -0.034581 -0.116694 0.000000
0.172772 -0.028630 0.200447 1.000000
-0.205529 0.012302 -0.760281 1.000000
0.036651 -0.062157 -0.103703 0.000000
0.084819 -0.004210 0.126714 0.000000
0.308530 -0.088169 -0.113789 0.000000
0.138239 -0.054055 -0.106217 0.000000
-0.160770 -0.019270 -0.073360 0.000000
-0.128555 -0.010022 0.639376 1.000000
-0.175633 0.009983 0.846296 1.000000
-0.658512 0.126910 0.000875 0.000000
0.346640 -0.089174 0.275855 3.000000
-0.040769 -0.025752 -0.369267 1.000000
-0.330502 -0.037766 -0.089677 0.000000
0.742654 0.106849 -0.018152 0.000000
-0.773930 0.112912 0.217238 2.000000
0.232451 -0.125887 0.381634 3.000000
-0.669129 0.263478 -0.007116 2.000000
0.400758 -0.081072 -0.416178 3.000000
-0.018474 -0.030138 -0.307326 1.000000
-0.103801 -0.012285 0.611493 1.000000
-0.604728 0.122523 0.031385 0.000000
-0.033393 -0.003149 0.707046 1.000000
-0.053370 -0.032988 0.431674 1.000000
0.014523 -0.061710 0.325979 1.000000
0.319203 0.037363 0.125429 0.000000
-0.106232 -0.028965 0.436787 1.000000
-0.272556 0.114337 0.075222 0.000000
0.016646 -0.112839 -0.075148 0.000000
-0.117463 -0.005831 0.684890 1.000000
-0.698437 0.091929 0.057899 2.000000
0.299142 -0.122003 0.386077 3.000000
0.163664 -0.047936 -0.245775 1.000000
0.100856 0.009648 -0.126362 0.000000
0.026537 -0.118064 -0.236220 3.000000
-0.006292 0.052060 0.122328 0.000000
0.282770 -0.081044 -0.124657 0.000000
-0.714950 0.441424 0.010374 2.000000
-0.135149 -0.014436 0.572322 1.000000
-0.003554 -0.028350 0.458133 1.000000
-0.155601 0.006909 -0.722451 1.000000
0.539813 0.133755 0.005038 0.000000
-0.846517 0.083603 0.009564 2.000000
-0.618586 0.123557 -0.024299 0.000000
0.160982 -0.027959 -0.197188 1.000000
0.678142 0.109419 0.050412 0.000000
-0.269342 0.015291 -0.120327 0.000000
-0.807709 0.310556 -0.003595 2.000000
0.267431 -0.064113 0.353891 3.000000
-0.713469 0.231683 -0.007116 2.000000
0.161010 -0.079899 -0.357226 3.000000
0.016981 -0.069114 -0.231554 1.000000
0.720386 0.071003 -0.080261 0.000000
-0.810810 0.507390 0.010374 2.000000
0.406905 -0.096187 -0.306208 3.000000
-0.489310 -0.017957 0.072372 0.000000
-0.039596 -0.110409 -0.065733 0.000000
-0.874344 0.485290 0.004004 2.000000
0.263268 -0.059419 0.156638 1.000000
0.158467 -0.012201 -0.123484 0.000000
0.028241 -0.068862 0.214640 1.000000
-0.102180 0.024092 -0.810097 1.000000
0.024106 -0.147875 -0.271535 3.000000
0.120106 0.016018 -0.126473 0.000000
-0.010232 -0.148015 0.204135 1.000000
0.066406 0.137247 -0.011139 0.000000
-0.122716 -0.069589 -0.091297 0.000000
-0.195722 0.020712 -0.846083 1.000000
0.026872 -0.147847 -0.210348 3.000000
0.014886 -0.062213 -0.278017 1.000000
-0.132104 0.126183 -0.057435 0.000000
0.399473 -0.099792 0.390379 3.000000
0.772633 -0.013654 -0.088336 0.000000
-0.759429 0.040912 0.028228 2.000000
0.602985 -0.038883 -0.113230 0.000000
0.775343 -0.162711 0.001629 0.000000
0.205629 0.127189 -0.046957 0.000000
0.102867 -0.116192 -0.039861 0.000000
-0.766386 0.299073 -0.007116 2.000000
0.246365 -0.058972 -0.341412 3.000000
0.414281 -0.106357 -0.326939 3.000000
0.007091 -0.171428 0.213075 3.000000
0.496423 0.064744 0.114924 0.000000
-0.387415 0.133447 0.027613 0.000000
-0.672509 0.186477 -0.007116 2.000000
0.280926 -0.039973 -0.134464 1.000000
-0.066781 -0.044974 -0.124657 0.000000
-0.091591 0.009648 -0.753324 1.000000
-0.814777 0.120567 -0.317077 2.000000
0.018183 -0.168551 -0.260583 3.000000
0.270421 -0.059307 -0.359545 3.000000
-0.627164 0.325112 -0.007116 2.000000
-0.107433 0.105648 0.089052 0.000000
0.546882 -0.086464 -0.080010 0.000000
0.158551 -0.063219 -0.104736 0.000000
0.434900 -0.077105 0.289881 3.000000
-0.803993 0.475315 -0.007116 2.000000
0.339962 -0.127899 0.381802 3.000000
0.442724 -0.105212 -0.045868 0.000000
-0.759848 0.093466 -0.066906 2.000000
-0.818214 0.109196 -0.168885 2.000000
-0.364504 0.135990 -0.010552 0.000000
-0.158004 -0.090991 0.062007 0.000000
0.310151 -0.104150 -0.304699 3.000000
0.058388 -0.034441 0.400102 1.000000
0.365946 -0.088532 -0.034357 0.000000
-0.457934 0.125876 -0.040084 0.000000
0.440796 -0.033296 -0.117840 0.000000
0.761234 0.036833 0.086146 0.000000
0.812279 0.008865 0.079078 0.000000
0.109741 -0.082972 -0.337305 1.000000
-0.478861 0.132330 -0.014380 0.000000
-0.662395 0.138085 0.010374 2.000000
-0.543122 0.130039 0.018058 0.000000
-0.028001 -0.073724 0.091622 0.000000
-0.035601 -0.045589 0.272503 1.000000
0.261229 -0.147540 0.355427 3.000000
0.636903 -0.091661 -0.067493 0.000000
-0.089636 -0.108229 -0.038855 0.000000
0.019440 -0.050981 0.358528 1.000000
-0.780943 0.379846 0.010374 2.000000
0.270225 -0.035335 -0.135749 1.000000
0.162546 -0.106665 0.344419 3.000000
-0.148839 0.011911 -0.769221 1.000000
-0.069268 0.137359 -0.020415 0.000000
0.360665 0.084106 -0.101356 0.000000
0.011226 -0.044918 0.167366 1.000000
-0.017636 -0.000299 0.669020 1.000000
0.003598 -0.022734 0.377751 1.000000
0.264497 -0.019242 0.124759 0.000000
0.804708 -0.161342 0.026021 0.000000
-0.023950 -0.027931 -0.413524 1.000000
0.345494 -0.055396 0.380042 3.000000
0.279222 0.042840 0.124731 0.000000
-0.046832 -0.026646 0.397728 1.000000
0.087864 -0.115913 0.005653 0.000000
-0.393114 -0.054306 0.053122 0.000000
0.224293 -0.128262 -0.364071 3.000000
-0.011209 -0.059112 -0.358846 1.000000
0.772549 -0.085235 -0.051987 0.000000
-0.034483 -0.044890 0.208382 1.000000
0.007734 -0.145752 0.258840 3.000000
-0.808100 0.104307 -0.190650 2.000000
0.227478 -0.086017 -0.076545 0.000000
0.019161 0.009173 -0.126194 0.000000
0.022346 -0.084844 0.127078 0.000000
-0.033365 -0.040029 0.255152 1.000000
0.118290 -0.028294 0.228302 1.000000
-0.231317 0.021773 -0.852565 1.000000
-0.218241 0.139203 0.018840 0.000000
0.024441 -0.023377 0.350622 1.000000
0.037154 -0.170199 -0.258348 3.000000
-0.694358 0.246994 -0.007116 2.000000
-0.785860 0.097964 -0.050059 2.000000
0.435012 -0.109961 0.277672 3.000000
0.196157 -0.054027 0.206845 1.000000
0.136926 -0.027708 -0.393295 1.000000
-0.230423 -0.077244 -0.027623 0.000000
0.167408 -0.077635 0.340815 1.000000
-0.696230 0.105033 0.149401 2.000000
0.323366 -0.124909 -0.306348 3.000000
-0.730009 0.106542 -0.031423 2.000000
0.138379 -0.115354 0.030714 0.000000
-0.046413 0.011659 -0.647098 1.000000
-0.044150 -0.002981 0.103664 0.000000
-0.056444 -0.018041 -0.600299 1.000000
-0.032527 -0.003484 -0.637682 1.000000
-0.165771 -0.080234 -0.101663 0.000000
-0.813464 0.102015 0.113331 2.000000
0.289112 -0.106246 0.088158 0.000000
0.399054 -0.059167 -0.308052 3.000000
0.347450 -0.024997 0.123054 0.000000
0.352367 -0.074087 0.309383 3.000000
0.020334 -0.015498 -0.531819 1.000000
0.523469 0.102937 -0.082524 0.000000
0.008907 -0.119880 0.214277 1.000000
-0.781473 0.095506 -0.088699 2.000000
-0.020765 -0.179475 -0.268601 3.000000
-0.233999 -0.085878 0.059743 0.000000
-0.740151 0.173289 0.008949 2.000000
0.168190 -0.062828 0.110817 0.000000
-0.304239 0.145154 0.000316 0.000000
0.761150 -0.195428 -0.031172 0.000000
-0.618279 0.110397 0.048344 2.000000
-0.231876 -0.074618 -0.060508 0.000000
0.718738 -0.055004 -0.089956 0.000000
0.249466 -0.032346 0.141299 1.000000
-0.031913 0.006742 -0.596807 1.000000
0.038858 -0.035866 -0.345854 1.000000
-0.191168 -0.034245 0.008977 0.000000
-0.727131 0.262416 0.010374 2.000000
-0.654935 0.313378 0.010374 2.000000
-0.173957 -0.029887 0.118584 0.000000
-0.017691 -0.026255 -0.341943 1.000000
-0.066893 -0.109207 0.035716 0.000000
0.775595 -0.090544 0.009592 0.000000
0.032404 -0.043493 -0.153770 1.000000
0.630421 0.108330 -0.063833 0.000000
0.229601 -0.095796 -0.063526 0.000000
-0.165883 -0.019270 -0.601221 1.000000
0.015612 -0.027484 -0.444481 1.000000
0.221247 -0.047293 -0.256811 1.000000
-0.823327 0.116321 -0.331773 2.000000
-0.845120 0.380852 0.004451 2.000000
-0.763089 0.097405 0.115650 2.000000
0.498491 0.117410 0.065639 0.000000
-0.079242 -0.057771 0.139148 1.000000
0.202863 -0.043493 -0.290115 1.000000
0.159892 0.107324 -0.081351 0.000000
0.072022 -0.004099 -0.063414 0.000000
-0.008695 -0.089063 0.071506 0.000000
-0.055829 -0.041342 0.272140 1.000000
0.414616 -0.071964 -0.336522 3.000000
0.453508 0.131045 0.032530 0.000000
0.059701 -0.026115 0.357551 1.000000
-0.079466 -0.030306 0.402142 1.000000
-0.126516 0.112744 -0.077775 0.000000
-0.064881 0.003948 0.657760 1.000000
0.211971 -0.058273 0.359171 3.000000
-0.625124 0.096456 0.068628 2.000000
0.329066 -0.023377 -0.121584 0.000000
-0.129645 0.011017 -0.762516 1.000000
-0.570558 0.241992 0.010374 2.000000
0.024385 0.001908 -0.575712 1.000000
-0.822628 0.080195 -0.021113 2.000000
0.344628 -0.006697 0.126547 0.000000
0.049587 -0.141477 0.198100 1.000000
0.190821 0.137555 0.001546 0.000000
0.018406 -0.146590 0.251716 3.000000
-0.560975 0.109727 0.058263 0.000000
0.733518 0.111766 0.000707 0.000000
0.309704 0.111962 -0.073221 0.000000
0.790263 -0.193445 0.034905 0.000000
0.395897 -0.112616 -0.014576 0.000000
-0.801562 0.091622 0.027054 2.000000
-0.678712 0.397001 -0.007116 2.000000
0.719492 -0.111023 0.005653 0.000000
-0.037920 -0.024550 -0.443391 1.000000
-0.198292 -0.063973 0.095869 0.000000
0.323701 0.056083 0.119283 0.000000
0.636093 -0.072131 -0.088895 0.000000
0.628214 0.097573 0.080475 0.000000
0.351808 -0.066320 -0.372676 3.000000
-0.331703 0.135543 0.023143 0.000000
-0.502581 -0.030921 -0.049165 0.000000
0.154276 -0.061123 -0.368569 1.000000
0.871064 -0.061151 -0.048885 0.000000
0.229378 0.125485 -0.050562 0.000000
-0.701594 0.107575 -0.194785 2.000000
-0.033310 -0.030418 0.355874 1.000000
-0.061137 -0.091354 0.067818 0.000000
-0.763425 0.182705 0.006966 2.000000
-0.106930 0.021829 -0.765254 1.000000
0.188586 -0.033463 -0.311042 1.000000
0.198253 0.008474 -0.126334 0.000000
0.451105 -0.075987 0.093439 0.000000
-0.188514 0.019091 0.941263 1.000000
0.600554 -0.040699 0.114868 0.000000
-0.160099 0.026216 -0.899699 1.000000
-0.177729 -0.013794 0.598473 1.000000
-0.829194 0.529322 -0.004853 2.000000
0.661769 0.121517 0.020544 0.000000
-0.445557 0.156358 -0.007255 2.000000
0.373573 -0.049920 0.373169 3.000000
0.087976 0.032614 0.126351 0.000000
-0.181277 0.005596 0.764042 1.000000
0.190681 -0.032709 -0.141952 1.000000
0.092949 -0.116136 0.052200 0.000000
0.051990 -0.035447 -0.201379 1.000000
0.356782 -0.136141 0.303208 3.000000
-0.694442 0.246602 0.010374 2.000000
0.322332 -0.112448 0.290887 3.000000
0.588456 -0.100825 0.061280 0.000000
0.090434 0.136521 0.017192 0.000000
0.048916 -0.137119 -0.223116 3.000000
-0.564551 0.211538 0.010374 2.000000
0.094793 0.106262 0.085643 0.000000
-0.721962 0.110006 -0.220629 2.000000
-0.068010 -0.058301 -0.101328 0.000000
-0.035629 -0.003065 0.117690 0.000000
-0.089077 -0.071181 -0.120606 0.000000
-0.435918 -0.050367 0.039431 0.000000
-0.074772 0.107715 0.085895 0.000000
-0.224919 -0.055284 -0.050338 0.000000
0.014020 -0.025864 0.486100 1.000000
0.293610 -0.074199 0.093662 0.000000
-0.071419 -0.017677 -0.503545 1.000000
0.346165 -0.137677 -0.319815 3.000000
-0.612551 0.158900 0.010374 2.000000
-0.464695 0.201536 0.008698 2.000000
-0.069994 -0.042795 0.276247 1.000000
-0.106204 0.024539 -0.788779 1.000000
0.357340 -0.130329 -0.285477 3.000000
-0.704696 0.422509 0.010374 2.000000
0.134216 -0.110381 0.014426 0.000000
0.102979 -0.049724 0.242719 1.000000
0.627711 -0.103452 0.050440 0.000000
0.321997 -0.155671 -0.380443 3.000000
-0.619955 0.303068 0.010374 2.000000
0.128823 0.127720 -0.047432 0.000000
0.493769 0.038705 -0.122953 0.000000
-0.072118 0.007412 -0.619941 1.000000
0.676242 -0.093282 0.063879 0.000000
0.343650 -0.162404 0.351516 3.000000
-0.094749 -0.004043 -0.562832 1.000000
0.780540 -0.043661 0.081369 0.000000
0.301825 -0.085459 0.283036 3.000000
-0.804021 0.043818 -0.012620 2.000000
0.180260 -0.081016 -0.124657 0.000000
-0.319187 0.106877 -0.079982 0.000000
0.410565 -0.113929 0.289741 3.000000
-0.871606 0.125876 -0.342110 2.000000
-0.588775 0.294574 -0.007116 2.000000
0.583231 -0.074367 -0.093449 0.000000
-0.619145 -0.001277 -0.037793 0.000000
-0.828188 0.370793 -0.003484 2.000000
0.324009 -0.113510 -0.285952 3.000000
0.026593 -0.133040 -0.245579 3.000000
0.009969 -0.153100 -0.219679 3.000000
-0.608500 0.027920 -0.065872 0.000000
0.759781 0.062341 0.074356 0.000000
0.337978 -0.088588 0.297984 3.000000
0.294393 -0.131922 -0.388183 3.000000
0.304339 -0.097668 -0.290646 3.000000
-0.031605 -0.058860 -0.127982 0.000000
-0.101063 -0.016141 0.528484 1.000000
0.249494 -0.061207 -0.354627 3.000000
-0.027442 -0.048383 0.243837 1.000000
0.275757 -0.114935 0.280689 3.000000
-0.356737 0.128390 0.044516 0.000000
0.261983 0.092768 0.097378 0.000000
-0.252970 0.132274 -0.041397 0.000000
-0.207624 0.012888 0.840736 1.000000
-0.204607 0.030826 -0.938339 1.000000
-0.003554 -0.099372 -0.049696 0.000000
0.197471 0.094304 0.096652 0.000000
-0.083573 -0.031815 0.413458 1.000000
0.281876 -0.086967 0.285606 3.000000
0.108623 0.083212 0.106011 0.000000
0.152879 -0.050367 0.321145 1.000000
-0.051191 -0.051428 -0.124657 0.000000
0.238709 -0.134129 -0.339121 3.000000
-0.219890 -0.063414 0.105117 0.000000
-0.141519 -0.002506 0.669160 1.000000
0.596195 0.000679 0.125848 0.000000
0.113540 -0.115941 0.019902 0.000000
-0.840007 0.120735 0.000763 2.000000
0.200460 -0.083195 0.335171 3.000000
-0.141882 0.137415 0.027445 0.000000
-0.018585 -0.011335 -0.446576 1.000000
0.388242 -0.137119 -0.288634 3.000000
-0.146912 0.026719 -0.905706 1.000000
-0.235396 0.100870 0.093383 0.000000
0.018099 -0.056346 0.179660 1.000000
0.129187 -0.034134 0.410440 1.000000
0.159501 -0.004937 0.114198 0.000000
-0.677874 0.043901 -0.052573 0.000000
0.214961 -0.028630 -0.170897 1.000000
-0.012467 -0.015358 0.594729 1.000000
0.400395 -0.158716 0.371492 3.000000
-0.466986 -0.048606 -0.023796 0.000000
0.634752 0.028842 -0.115912 0.000000
-0.024509 -0.028071 -0.355857 1.000000
0.054504 -0.003931 0.125737 0.000000
-0.172337 0.115901 -0.074143 0.000000
0.027459 -0.006054 0.507306 1.000000
0.251114 -0.054334 0.108917 0.000000
-0.831904 0.102574 -0.133877 2.000000
-0.543038 0.232689 0.010374 2.000000
-0.050073 -0.032960 0.404740 1.000000
-0.845343 0.113471 -0.004881 2.000000
-0.067647 -0.078557 -0.082692 0.000000
-0.174572 0.007161 0.771502 1.000000
0.477760 0.095589 0.093522 0.000000
0.306323 -0.077412 0.375348 3.000000
0.186127 0.038118 -0.123428 0.000000
0.055287 -0.175955 0.231907 3.000000
-0.115899 -0.039833 -0.349375 1.000000
0.119324 -0.043689 -0.242143 1.000000
-0.803015 0.111263 -0.274022 2.000000
0.287520 -0.138572 0.388563 3.000000
-0.103410 0.000064 0.748676 1.000000
-0.599727 -0.004713 -0.042264 0.000000
-0.235536 -0.044387 0.107576 0.000000
-0.088239 0.005596 -0.621924 1.000000
0.047603 0.059156 -0.117030 0.000000
0.097112 -0.021058 -0.288215 1.000000
0.158048 -0.019438 -0.292769 1.000000
0.328060 -0.136644 -0.381477 3.000000
0.632768 0.127357 0.004172 0.000000
0.987488 -0.002730 0.007860 0.000000
0.033941 -0.175340 0.237243 3.000000
0.439985 -0.058441 0.349476 3.000000
-0.060243 -0.027484 0.461541 1.000000
-0.123470 0.079468 -0.108620 0.000000
0.154584 0.011547 0.128754 0.000000
-0.791029 0.097405 0.112354 2.000000
0.260251 0.006965 0.128279 0.000000
0.826361 0.078239 -0.025025 0.000000
0.422328 0.100032 0.089751 0.000000
-0.009729 -0.125747 0.210673 3.000000
-0.103242 0.014593 0.807907 1.000000
0.035645 -0.041929 0.318379 1.000000
0.196856 0.124591 -0.053579 0.000000
-0.049515 -0.050646 0.170831 1.000000
0.018099 -0.142260 -0.255582 3.000000
-0.360788 0.137331 0.002468 0.000000
-0.792007 0.115007 0.236824 2.000000
0.295063 -0.085403 -0.120271 0.000000
0.841085 0.000819 -0.068611 0.000000
-0.169794 -0.101300 0.033927 0.000000
-0.598973 0.050830 0.076060 0.000000
0.448758 -0.099596 0.061923 0.000000
0.185904 -0.017482 -0.122813 0.000000
-0.078404 -0.019940 0.539381 1.000000
0.258574 -0.064029 -0.324872 3.000000
0.749080 -0.034190 0.092517 0.000000
0.020865 -0.178525 0.246994 3.000000
0.494859 -0.079675 0.090449 0.000000
0.113149 -0.016336 -0.424448 1.000000
-0.652421 0.101541 0.130654 2.000000
-0.732076 0.098160 -0.036927 2.000000
0.101107 -0.116248 -0.087218 0.000000
-0.057645 -0.108285 0.083213 0.000000
-0.757362 0.389708 0.010374 2.000000
0.158188 0.135096 -0.021058 0.000000
-0.831681 0.096930 0.102184 2.000000
0.046402 -0.039861 -0.171037 1.000000
-0.089608 -0.020304 -0.477868 1.000000
-0.749147 0.247357 0.010374 2.000000
0.234071 -0.086408 -0.312718 3.000000
-0.084104 -0.054306 0.174854 1.000000
0.021899 -0.042320 -0.367954 1.000000
0.058192 -0.172686 0.251045 3.000000
-0.207205 -0.044248 -0.109570 0.000000
-0.152695 0.126155 -0.057966 0.000000
0.765201 0.073405 0.064018 0.000000
0.046150 -0.003847 0.074160 0.000000
0.378574 -0.056681 0.298207 3.000000
-0.817264 0.427427 -0.006529 2.000000
0.267459 -0.132173 -0.401258 3.000000
0.312190 -0.077161 -0.387624 3.000000
0.350216 -0.141533 0.279655 3.000000
0.307943 -0.108481 0.291502 3.000000
0.177326 -0.042292 -0.359572 1.000000
0.548838 -0.078166 0.092461 0.000000
-0.642055 0.027082 -0.055591 0.000000
-0.112323 -0.021673 0.517839 1.000000
0.264246 -0.108453 0.035688 0.000000
0.801467 0.093019 -0.011279 0.000000
-0.555387 0.058570 0.085783 0.000000
-0.217431 0.028088 -0.912076 1.000000
0.369997 -0.061375 0.032698 0.000000
0.203059 -0.046176 0.290496 1.000000
-0.081226 -0.094399 -0.059810 0.000000
-0.076560 -0.024914 -0.436658 1.000000
-0.330139 -0.057240 0.070668 0.000000
0.019328 -0.027093 0.473891 1.000000
-0.131601 0.061056 -0.116946 0.000000
0.187301 0.028032 -0.124769 0.000000
-0.398982 -0.032737 0.080503 0.000000
-0.770773 0.107715 0.148703 2.000000
-0.015177 -0.040755 -0.431992 1.000000
0.340633 -0.044304 -0.335628 3.000000
0.417382 -0.044304 0.329695 3.000000
-0.567820 0.140684 0.010374 2.000000
0.085321 -0.017594 0.482636 1.000000
-0.068346 -0.054362 0.154626 1.000000
-0.653790 0.099333 -0.132899 2.000000
-0.055354 0.017387 -0.126529 0.000000
-0.842214 0.062369 0.007664 2.000000
0.176320 -0.051233 0.234337 1.000000
0.008963 -0.162711 0.228386 3.000000
0.966086 -0.038185 0.026523 0.000000
-0.016071 -0.164304 0.174295 1.000000
-0.281524 0.136074 0.029764 0.000000
0.027291 -0.158576 -0.210851 3.000000
-0.037640 -0.023964 0.501020 1.000000
0.280172 -0.064085 -0.107502 0.000000
0.433336 -0.147903 0.295022 3.000000
0.064032 0.110258 0.080726 0.000000
-0.086562 -0.004993 -0.084396 0.000000
0.145922 -0.004797 -0.040587 0.000000
0.053219 0.094891 0.097266 0.000000
0.270924 -0.063582 0.113220 0.000000
0.436018 -0.082246 -0.084229 0.000000
-0.104723 -0.011112 -0.561044 1.000000
0.017820 -0.165421 0.253476 3.000000
0.431464 -0.082385 0.380657 3.000000
0.051766 -0.036062 0.209723 1.000000
-0.173007 -0.088085 -0.064503 0.000000
0.371981 -0.138432 0.306757 3.000000
-0.010092 -0.034944 -0.350045 1.000000
0.336777 0.082123 0.105145 0.000000
0.232954 -0.110381 0.091902 0.000000
0.792442 -0.192327 0.012386 0.000000
0.012399 -0.163438 -0.218394 3.000000
0.414896 -0.074422 0.373057 3.000000
0.332810 -0.076825 0.374957 3.000000
0.080292 -0.106888 -0.124657 0.000000
-0.788039 0.335422 0.009592 2.000000
-0.078767 0.053876 -0.119796 0.000000
0.241056 -0.113119 -0.316294 3.000000
-0.070888 -0.029887 0.446398 1.000000
-0.317762 0.123361 -0.057770 0.000000
0.018211 -0.011475 0.457546 1.000000
0.025587 -0.017202 0.579139 1.000000
-0.014534 0.088549 0.102770 0.000000
-0.845259 0.103552 0.179548 2.000000
0.180260 -0.070958 0.346682 1.000000
0.792358 0.094081 -0.019269 0.000000
0.742319 -0.182045 0.028703 0.000000
0.272069 -0.061626 0.133979 0.000000
0.026704 -0.041007 -0.354460 1.000000
-0.294125 -0.065705 -0.068499 0.000000
-0.784212 0.091762 0.045885 2.000000
0.121671 -0.109151 0.023003 0.000000
0.030560 -0.165421 0.223888 3.000000
0.028297 -0.040280 -0.304392 1.000000
0.283524 -0.031479 -0.358176 3.000000
-0.030180 -0.051736 -0.138543 0.000000
-0.017552 -0.056010 0.164098 1.000000
0.406961 0.081592 0.105033 0.000000
-0.527531 0.181112 0.010374 2.000000
0.102588 -0.116192 0.059408 0.000000
-0.079689 -0.024774 -0.447414 1.000000
-0.554018 0.130570 0.010123 0.000000
-0.776975 0.366966 0.010374 2.000000
0.237480 -0.091633 0.387083 3.000000
0.294337 -0.097892 -0.306655 3.000000
-0.066055 -0.018683 0.475595 1.000000
0.186462 -0.099736 0.333327 3.000000
0.099403 -0.046287 0.278929 1.000000
0.008488 -0.157067 0.195976 3.000000
-0.176304 0.008418 -0.734493 1.000000
0.085685 -0.075987 0.324135 1.000000
0.507487 -0.037682 0.118333 0.000000
-0.132690 0.024763 -0.802162 1.000000
0.264162 -0.090376 0.073266 0.000000
0.083701 -0.013375 0.465397 1.000000
-0.099917 -0.019577 0.541253 1.000000
0.034555 -0.130860 0.229532 1.000000
0.143687 -0.034637 -0.366418 1.000000
-0.800221 0.342742 -0.005411 2.000000
-0.504034 0.059212 -0.093002 0.000000
-0.045519 -0.037011 -0.277011 1.000000
-0.076923 -0.063554 0.099222 0.000000
0.361839 -0.082832 0.380684 3.000000
-0.148420 -0.024774 0.615209 1.000000
0.103594 -0.024886 -0.452779 1.000000
-0.764319 0.101093 -0.060368 2.000000
0.603515 -0.086017 0.080670 0.000000
-0.646721 0.167897 0.010374 2.000000
-0.365119 -0.029133 -0.088978 0.000000
0.077750 -0.115466 -0.022902 0.000000
0.784982 -0.142427 0.021718 0.000000
0.020139 0.133056 0.038929 0.000000
0.040339 0.025797 -0.125272 0.000000
0.050928 -0.114320 -0.121416 0.000000
0.077806 -0.004155 -0.018627 0.000000
-0.110562 -0.006557 -0.602562 1.000000
0.172549 -0.090376 0.127078 0.000000
0.797388 0.009536 0.083827 0.000000
0.482901 -0.102166 0.056391 0.000000
0.126420 0.132497 0.037783 0.000000
-0.106707 0.007776 0.715958 1.000000
-0.164765 0.018728 0.931232 1.000000
-0.875602 0.117075 -0.334874 2.000000
0.140614 0.135711 -0.017537 0.000000
0.323115 0.106709 -0.080038 0.000000
0.699907 -0.068080 0.086845 0.000000
0.364269 -0.065230 0.357914 3.000000
0.081913 -0.115661 0.118444 0.000000
-0.662675 0.047282 -0.057407 0.000000
-0.261911 -0.042432 -0.101216 0.000000
0.335184 -0.128318 0.404685 3.000000
0.155980 -0.102530 -0.355689 3.000000
0.000749 -0.046148 0.165858 1.000000
-0.430078 0.047226 0.104028 0.000000
-0.716682 0.304074 0.010374 2.000000
0.421881 -0.052183 0.312344 3.000000
-0.167643 0.003585 -0.673529 1.000000
0.424731 -0.038464 0.117662 0.000000
0.021675 -0.008122 -0.440569 1.000000
0.426267 0.133224 0.017695 0.000000
-0.790917 0.169238 -0.000550 2.000000
0.151454 -0.023936 0.127078 0.000000
0.390477 -0.093030 -0.285952 3.000000
-0.127829 -0.027400 0.120009 0.000000
0.029750 -0.091102 0.127078 0.000000
-0.139647 0.003724 -0.694707 1.000000
-0.107377 0.017163 -0.821245 1.000000
-0.020122 -0.149244 -0.280196 3.000000
0.237536 -0.112979 0.070305 0.000000
0.159557 -0.024970 -0.343759 1.000000
0.255780 -0.134213 0.304102 3.000000
0.223091 -0.082944 -0.330907 3.000000
-0.037165 -0.048299 0.111487 0.000000
-0.145040 -0.011391 -0.552551 1.000000
-0.099945 0.003780 -0.619969 1.000000
-0.245650 0.019175 0.918101 1.000000
0.589490 -0.085039 -0.081519 0.000000
0.053387 -0.022874 -0.466720 1.000000
0.215771 -0.079815 -0.361836 3.000000
0.055594 -0.027484 -0.261142 1.000000
-0.683266 0.329918 0.010374 2.000000
-0.721292 0.339529 0.010374 2.000000
-0.795974 0.112493 -0.198865 2.000000
-0.017831 -0.020751 -0.480048 1.000000
0.247454 -0.079424 0.127078 0.000000
-0.081226 -0.102502 0.101457 0.000000
-0.708356 0.377806 -0.007116 2.000000
0.080097 -0.041510 -0.355158 1.000000
0.198029 0.105843 0.084889 0.000000
-0.273505 0.121378 -0.063693 0.000000
0.345578 -0.102641 -0.076266 0.000000
0.054392 -0.104793 -0.037709 0.000000
0.795795 -0.168383 0.037112 0.000000
0.281820 -0.049500 0.345788 3.000000
-0.045603 -0.059670 -0.333393 1.000000
-0.142022 -0.015666 -0.071544 0.000000
-0.042725 -0.043661 0.292088 1.000000
0.254272 -0.141449 0.345006 3.000000
0.128097 -0.051987 -0.205319 1.000000
0.059813 -0.167042 0.187287 1.000000
0.821499 0.075669 -0.033770 0.000000
0.637266 0.111347 -0.057798 0.000000
-0.057030 -0.052015 0.358724 1.000000
0.068893 -0.089789 -0.124657 0.000000
0.047827 -0.021086 -0.124657 0.000000
0.004353 -0.112308 0.069355 0.000000
0.089959 -0.104625 -0.038967 0.000000
-0.827993 0.096372 -0.018459 2.000000
0.362062 -0.099987 0.058933 0.000000
-0.792649 0.084693 0.029848 2.000000
0.066099 -0.061850 0.110705 0.000000
-0.015931 -0.042124 0.311283 1.000000
0.717956 -0.068080 0.082822 0.000000
-0.834866 0.381969 0.006128 2.000000
-0.006152 -0.143405 -0.284192 3.000000
0.026816 0.137107 0.017164 0.000000
-0.788766 0.118192 -0.310930 2.000000
0.044139 -0.016867 -0.521398 1.000000
0.056963 0.028535 0.126938 0.000000
-0.011405 -0.049137 0.150128 1.000000
-0.093212 -0.020276 0.534603 1.000000
0.440013 -0.096355 -0.411931 3.000000
0.308418 -0.057379 -0.149775 1.000000
0.768861 -0.146087 0.008055 0.000000
-0.075834 -0.034944 0.381187 1.000000
-0.836905 0.422286 -0.004182 2.000000
-0.681869 0.159515 -0.007116 2.000000
0.060902 -0.061682 -0.110268 0.000000
0.104069 -0.015079 0.386552 1.000000
0.325378 -0.064895 -0.099120 0.000000
0.337922 -0.094930 -0.066068 0.000000
0.193866 -0.042516 -0.298385 1.000000
-0.214553 0.018756 0.900974 1.000000
-0.035098 0.003417 0.636443 1.000000
0.805183 -0.180034 -0.015805 0.000000
-0.099275 -0.107698 0.011185 0.000000
0.032739 -0.041147 0.343693 1.000000
-0.187089 0.020209 0.882338 1.000000
0.104376 -0.111303 -0.003120 0.000000
0.114267 0.071785 -0.111414 0.000000
-0.087317 -0.108034 -0.050003 0.000000
0.122425 -0.111275 -0.004601 0.000000
-0.538316 0.164237 0.010374 2.000000
-0.026576 -0.035531 -0.343228 1.000000
0.380139 -0.125049 0.408903 3.000000
0.081075 -0.051903 0.217490 1.000000
-0.001710 -0.003093 -0.495889 1.000000
0.347813 -0.071349 0.285299 3.000000
0.078141 -0.012061 -0.379214 1.000000
0.089764 -0.078669 -0.367451 1.000000
0.169531 -0.067717 0.127078 0.000000
0.360749 -0.053105 0.110705 0.000000
0.063780 -0.004015 -0.016978 0.000000
0.083394 -0.107587 -0.030250 0.000000
0.749080 -0.156397 0.003054 0.000000
-0.755518 0.025182 0.006239 2.000000
0.647157 0.079021 0.093606 0.000000
-0.720957 0.098244 0.045159 2.000000
0.150085 -0.018627 -0.288215 1.000000
0.018881 -0.123680 -0.224848 3.000000
-0.817655 0.113722 0.303599 2.000000
-0.028197 -0.004518 -0.501002 1.000000
0.310570 -0.079340 0.126994 0.000000
-0.718749 0.098691 -0.133877 2.000000
-0.165519 0.006071 0.805952 1.000000
-0.607243 0.124870 -0.022762 0.000000
-0.777618 0.090476 0.031553 2.000000
0.579264 -0.057184 0.109141 0.000000
-0.587350 0.086984 -0.068694 0.000000
0.239548 0.069103 0.114114 0.000000
0.360106 -0.041929 -0.365775 3.000000
-0.476793 -0.043773 -0.031702 0.000000
0.127454 -0.051764 -0.368262 1.000000
0.095771 -0.043717 0.305611 1.000000
-0.640882 0.142276 -0.007116 2.000000
0.317862 -0.061459 -0.345044 3.000000
0.319874 -0.109878 0.274095 3.000000
-0.610819 0.307622 0.010374 2.000000
-0.205305 0.000539 0.741691 1.000000
0.037210 0.130514 -0.042739 0.000000
-0.053873 -0.062157 0.095422 0.000000
-0.066194 -0.039470 0.305863 1.000000
0.137457 -0.045421 0.291725 1.000000
0.025754 -0.038353 -0.199284 1.000000
-0.060495 -0.040560 -0.344094 1.000000
0.488265 0.006490 0.128503 0.000000
0.214625 -0.046455 -0.124657 0.000000
0.039389 -0.005105 -0.458897 1.000000
-0.174795 -0.013654 -0.594572 1.000000
0.017568 -0.007088 -0.124657 0.000000
-0.625348 0.105089 -0.049556 2.000000
0.432442 -0.111023 -0.288690 3.000000
-0.066865 -0.039805 0.347269 1.000000
-0.760100 0.098858 -0.131195 2.000000
0.020949 -0.158800 -0.254827 3.000000
0.848014 -0.084872 0.031664 0.000000
0.165368 -0.044723 0.302119 1.000000
0.221415 0.103021 0.088354 0.000000
0.138099 -0.082078 0.351404 1.000000
-0.350199 0.124088 0.055636 0.000000
0.023519 -0.050367 0.227939 1.000000
-0.216230 0.010681 0.829672 1.000000
0.433951 -0.085598 -0.395531 3.000000
-0.511215 0.170551 0.010151 2.000000
0.835273 -0.016672 -0.070678 0.000000
-0.804384 0.117913 0.337267 2.000000
-0.211871 0.017666 -0.802525 1.000000
0.069787 -0.031954 0.427567 1.000000
-0.250120 -0.089119 0.042393 0.000000
-0.812598 0.119422 -0.284164 2.000000
0.345997 0.119981 0.063459 0.000000
-0.427396 -0.050339 -0.042180 0.000000
0.146230 -0.004797 -0.074087 0.000000
0.211161 -0.029943 0.170105 1.000000
-0.841068 0.096036 0.090533 2.000000
0.069284 -0.027540 -0.425174 1.000000
-0.680891 0.004367 0.005122 0.000000
0.364130 0.103776 -0.083446 0.000000
0.048860 -0.061039 -0.331633 1.000000
-0.033924 -0.058804 0.132805 0.000000
-0.142888 -0.102083 0.052088 0.000000
0.201326 -0.089538 0.073601 0.000000
0.202695 -0.059112 -0.368485 1.000000
0.427497 -0.060704 -0.354208 3.000000
0.743800 -0.060034 0.082347 0.000000
0.282351 -0.039163 0.159208 1.000000
0.013377 -0.001640 -0.501589 1.000000
0.062746 0.078658 -0.107866 0.000000
-0.326898 -0.079284 0.011995 0.000000
0.187776 0.111375 -0.075568 0.000000
0.730696 0.095897 -0.050869 0.000000
-0.824500 0.098663 -0.093337 2.000000
-0.191447 0.140935 -0.001751 0.000000
0.020586 -0.096718 0.194971 3.000000
0.043915 -0.003819 0.051501 0.000000
0.639166 -0.050702 -0.103619 0.000000
-0.183959 0.018979 -0.793417 1.000000
-0.344276 0.017051 -0.111190 0.000000
0.133461 -0.018208 -0.298385 1.000000
0.339543 -0.108676 0.003334 0.000000
-0.173622 0.007077 -0.702250 1.000000
-0.035070 -0.045477 -0.250944 1.000000
-0.845874 0.123557 0.332796 2.000000
0.227869 -0.093142 0.069131 0.000000
-0.185887 0.120595 -0.068080 0.000000
0.667525 0.061224 0.101653 0.000000
-0.667592 0.100088 -0.094566 2.000000
0.185010 -0.113705 0.095757 0.000000
0.152292 -0.025277 0.351069 1.000000
0.742989 -0.025137 0.096652 0.000000
-0.804915 0.109503 0.254985 2.000000
-0.231987 -0.076630 -0.073500 0.000000
-0.575364 0.125876 -0.025332 0.000000
0.490891 0.132246 0.020544 0.000000
0.271985 -0.082720 -0.303079 3.000000
-0.285827 0.129983 -0.044387 0.000000
0.017484 -0.126641 0.189690 1.000000
-0.717017 0.177815 0.010374 2.000000
-0.802847 0.113359 -0.207246 2.000000
-0.014171 0.123529 0.063236 0.000000
-0.734423 0.098691 0.134118 2.000000
0.336693 -0.135219 0.371437 3.000000
0.340018 -0.045393 0.334836 3.000000
0.693592 -0.030837 0.106430 0.000000
0.140474 0.097880 -0.092219 0.000000
0.424926 -0.028127 -0.119963 0.000000
-0.064658 -0.013347 0.125122 0.000000
-0.761078 0.111990 0.211371 2.000000
0.007203 0.125205 0.058570 0.000000
-0.052560 -0.108062 -0.016503 0.000000
0.409895 -0.094232 0.388200 3.000000
0.234016 -0.126921 -0.372425 3.000000
-0.021687 -0.100797 0.047841 0.000000
-0.014953 -0.111470 -0.036676 0.000000
-0.137412 0.022583 -0.783359 1.000000
0.842650 -0.048187 -0.061737 0.000000
0.181042 -0.005132 -0.027428 0.000000
0.205601 -0.053216 0.127078 0.000000
0.183221 -0.053328 0.212992 1.000000
0.181797 -0.092974 0.068740 0.000000
0.037293 -0.047405 0.137527 0.000000
-0.408733 0.012078 -0.102501 0.000000
-0.503252 -0.016867 0.070137 0.000000
0.786743 -0.179782 -0.015330 0.000000
-0.186865 0.086509 0.105648 0.000000
0.414477 -0.085989 0.304158 3.000000
0.001224 -0.048998 0.140237 1.000000
0.523189 0.133867 0.005373 0.000000
0.018518 -0.126222 0.217881 3.000000
-0.657450 0.011156 0.038984 0.000000
-0.188178 -0.096970 -0.003344 0.000000
0.155478 -0.067549 -0.124657 0.000000
-0.125538 -0.015386 -0.520001 1.000000
-0.377217 0.141382 -0.007367 2.000000
0.528163 -0.023936 -0.122171 0.000000
-0.002073 -0.043857 0.294212 1.000000
0.344712 -0.106916 0.020153 0.000000
0.196185 -0.115270 0.326314 3.000000
-0.047838 -0.006949 0.545108 1.000000
0.071687 -0.018404 -0.509663 1.000000
-0.024285 -0.163885 -0.264690 3.000000
-0.246879 -0.084006 -0.055395 0.000000
-0.125119 -0.000299 0.669663 1.000000
0.055510 -0.114516 0.060274 0.000000
0.324763 -0.063526 -0.365719 3.000000
0.544787 0.112884 -0.069002 0.000000
0.341862 -0.043801 -0.366976 3.000000
-0.013808 -0.080066 -0.081379 0.000000
0.038551 0.136185 -0.021449 0.000000
-0.494172 0.011072 -0.088643 0.000000
-0.857832 0.102630 -0.159358 2.000000
-0.009701 -0.076518 0.127078 0.000000
-0.570419 -0.026003 0.007133 0.000000
0.193811 -0.055982 -0.174417 1.000000
-0.191782 0.140237 0.009313 0.000000
-0.274120 0.070109 -0.108983 0.000000
0.423361 -0.141701 0.391944 3.000000
-0.671727 0.192037 0.010374 2.000000
-0.100672 0.015627 -0.705575 1.000000
-0.447038 0.132637 -0.019158 0.000000
0.600833 0.054630 0.115846 0.000000
-0.732049 0.106318 0.225257 2.000000
0.065345 -0.010329 0.489844 1.000000
-0.091033 -0.041174 0.333243 1.000000
0.366421 -0.111498 -0.021058 0.000000
-0.160406 -0.102166 -0.028713 0.000000
-0.111931 0.019650 -0.747177 1.000000
-0.070972 0.079636 -0.108089 0.000000
0.257261 -0.067549 0.357159 3.000000
-0.212877 -0.099708 -0.027623 0.000000
0.020306 0.066588 0.116070 0.000000
-0.339918 0.106290 -0.079395 0.000000
0.128600 0.134537 -0.027679 0.000000
0.897998 -0.040448 -0.048969 0.000000
0.245834 -0.112783 0.060274 0.000000
-0.097095 -0.018907 0.504177 1.000000
-0.164849 0.003054 0.731996 1.000000
-0.067061 -0.045198 -0.368094 1.000000
0.160926 -0.100686 0.052479 0.000000
-0.155154 0.021410 -0.126110 0.000000
0.250360 -0.063135 0.115902 0.000000
0.130975 -0.004658 -0.051875 0.000000
0.578314 -0.084341 -0.083251 0.000000
-0.192788 0.024372 -0.837422 1.000000
0.777690 -0.103284 -0.014240 0.000000
0.662496 -0.054557 -0.099093 0.000000
0.285117 -0.059056 0.162589 1.000000
0.050984 0.136577 -0.017537 0.000000
0.371031 -0.041985 0.115958 0.000000
0.351473 -0.036034 -0.124657 0.000000
0.118430 -0.054334 -0.136196 0.000000
0.222504 -0.005943 0.048791 0.000000
0.543837 -0.063554 -0.101803 0.000000
0.548670 0.086174 -0.098310 0.000000
-0.505347 0.162644 -0.007144 2.000000
0.764195 -0.094176 0.044712 0.000000
-0.697376 0.009340 -0.006278 0.000000
0.218258 -0.108006 -0.106301 0.000000
0.261927 -0.031815 0.350175 3.000000
-0.109501 0.122998 0.065974 0.000000
0.414086 -0.127396 -0.378404 3.000000
0.346388 -0.044918 0.326761 3.000000
0.032320 -0.150530 -0.262706 3.000000
0.720023 0.075780 0.079022 0.000000
0.197638 -0.045952 -0.266981 1.000000
-0.740039 0.369620 0.010374 2.000000
0.388130 -0.041119 -0.114320 0.000000
-0.074437 -0.012816 0.608922 1.000000
0.125163 -0.055200 0.187092 1.000000
-0.430470 0.165578 -0.007283 2.000000
0.257289 -0.128178 -0.401426 3.000000
-0.319829 0.068963 0.107911 0.000000
0.049335 -0.027959 0.120596 0.000000
-0.124979 0.011324 0.865630 1.000000
