0.799783 -0.080638 0.032647 0.000000
0.830722 -0.082085 0.003844 0.000000
-0.587949 0.213433 0.016775 2.000000
0.201215 0.046196 0.052239 0.000000
0.059382 -0.067201 -0.302078 1.000000
-0.571848 -0.026201 0.023000 0.000000
0.010183 -0.071772 0.270650 1.000000
0.092894 -0.004082 -0.055898 0.000000
0.825393 -0.116377 0.021484 0.000000
0.176087 -0.053052 0.191246 1.000000
-0.236158 0.031703 -0.101767 3.000000
0.086026 -0.073908 0.188284 1.000000
-0.211834 0.026214 0.104677 3.000000
-0.269096 -0.024272 0.073301 0.000000
0.055179 -0.058748 -0.330858 1.000000
0.296696 0.058852 0.034576 0.000000
0.555073 -0.041820 0.068478 0.000000
-0.017633 -0.047333 0.448314 1.000000
0.998762 -0.048366 0.011630 0.000000
0.123373 -0.076641 -0.078178 1.000000
-0.008399 -0.000591 0.073738 0.000000
-0.031253 -0.053672 0.327727 1.000000
-0.208205 -0.008538 -0.086470 3.000000
0.583623 -0.008561 -0.056404 0.000000
-0.280327 0.046334 -0.033963 0.000000
-0.073516 -0.058564 -0.483808 1.000000
-0.400133 -0.030657 -0.046550 0.000000
0.593477 -0.067522 0.051963 0.000000
0.342220 -0.086357 -0.017403 0.000000
-0.242635 -0.013706 0.128473 3.000000
0.668056 0.051939 -0.027509 0.000000
0.216925 -0.069107 -0.095634 1.000000
-0.598698 0.112301 0.014524 2.000000
-0.338599 0.026627 -0.089892 3.000000
0.484237 -0.050273 -0.046688 0.000000
0.337879 -0.083532 0.046014 0.000000
0.068179 -0.105857 0.103115 3.000000
-0.292730 0.075941 -0.013521 2.000000
-0.363153 0.105548 -0.013911 2.000000
0.003912 -0.090560 -0.024730 0.000000
0.135133 0.019116 -0.050799 0.000000
0.508400 0.060667 -0.012556 0.000000
-0.536706 0.145697 -0.001095 2.000000
0.297339 -0.059162 0.067605 0.000000
0.646833 0.050538 -0.029094 0.000000
-0.764602 0.223952 -0.146694 2.000000
0.808075 -0.089802 0.025503 0.000000
-0.507076 0.190395 0.008024 2.000000
-0.061434 -0.068234 0.357633 1.000000
-0.518560 0.057865 -0.002450 2.000000
-0.221734 -0.049124 0.629791 1.000000
0.061817 -0.049055 0.176041 1.000000
-0.224995 0.100173 -0.006860 2.000000
0.561205 0.057888 -0.018321 0.000000
0.064986 -0.091433 -0.108497 1.000000
-0.585836 0.098956 0.000375 2.000000
0.044223 -0.116492 -0.128480 3.000000
0.522181 0.058600 0.035081 0.000000
-0.034882 -0.046621 -0.403440 1.000000
0.469560 0.029429 0.064780 0.000000
-0.095750 -0.082406 0.044567 0.000000
-0.296520 0.128218 0.000261 2.000000
0.118320 -0.075998 -0.096668 1.000000
0.002006 -0.062538 0.094088 1.000000
-0.732331 0.221173 0.043419 2.000000
0.362571 -0.079351 0.047622 0.000000
-0.224903 0.014637 -0.100550 3.000000
0.200480 0.033472 0.062070 0.000000
-0.088078 -0.001992 0.073899 0.000000
0.281445 -0.061413 -0.050294 0.000000
0.666862 -0.031806 0.072061 0.000000
-0.057254 0.040477 0.057430 0.000000
0.949126 0.017187 0.027502 0.000000
-0.784700 0.221678 0.004625 2.000000
0.040295 0.055315 0.041926 0.000000
-0.404727 0.001384 -0.048571 0.000000
-0.401258 -0.012420 -0.075583 3.000000
0.065216 -0.050663 -0.068600 1.000000
-0.026430 -0.057738 -0.438376 1.000000
0.215363 -0.073265 -0.061824 1.000000
0.272441 -0.091686 -0.016645 0.000000
-0.034285 -0.057049 -0.450250 1.000000
0.335284 0.037744 -0.040992 0.000000
0.779524 0.062275 -0.005665 0.000000
0.067789 -0.126024 0.104218 3.000000
0.390662 -0.066420 -0.036811 0.000000
-0.073952 -0.062377 -0.440787 1.000000
-0.068072 -0.072553 -0.229359 1.000000
-0.204553 -0.064651 -0.036788 0.000000
-0.207194 -0.051467 0.632639 1.000000
0.972072 -0.048986 -0.015910 0.000000
-0.301596 0.014729 -0.115893 3.000000
-0.020940 -0.075401 -0.121911 1.000000
0.726397 -0.082797 0.028627 0.000000
-0.436837 0.016498 -0.081256 3.000000
-0.759848 0.236976 0.001639 2.000000
0.182265 -0.089756 -0.029461 0.000000
-0.047814 -0.076917 -0.047836 1.000000
0.064734 -0.049308 -0.129307 1.000000
0.088506 -0.119478 -0.121980 3.000000
-0.000957 0.007287 0.072842 0.000000
0.892141 0.032943 -0.028106 0.000000
-0.063318 -0.045886 0.473901 1.000000
-0.417497 0.041212 0.034185 0.000000
0.015144 -0.053374 0.238034 1.000000
-0.474345 0.036527 0.014800 0.000000
-0.666319 0.221058 -0.111184 2.000000
-0.648839 0.225698 -0.073355 2.000000
0.469950 -0.028521 0.072819 0.000000
-0.277640 0.011284 -0.054313 3.000000
0.336731 0.007218 -0.054589 0.000000
-0.074917 -0.072001 -0.044735 0.000000
-0.605038 0.003176 -0.004839 0.000000
-0.311680 -0.014166 0.074381 0.000000
-0.577567 0.118548 0.020680 2.000000
0.071257 -0.036239 -0.053647 0.000000
0.138280 -0.052087 0.238746 1.000000
-0.104845 -0.089549 0.004211 0.000000
-0.423722 0.016567 -0.095588 3.000000
-0.343997 -0.054981 0.058693 0.000000
0.546161 -0.027281 0.072957 0.000000
-0.104317 -0.045518 0.540166 1.000000
0.468641 0.022240 -0.049697 0.000000
-0.088859 -0.050594 0.444134 1.000000
0.037768 -0.072254 0.246670 1.000000
0.128909 0.048769 0.049345 0.000000
-0.397354 -0.011892 -0.051213 0.000000
0.598369 0.058462 0.035357 0.000000
0.590399 0.042797 -0.037661 0.000000
-0.243738 -0.059368 -0.040555 0.000000
0.012250 -0.073977 0.187319 1.000000
-0.030817 -0.065983 0.155094 1.000000
-0.637539 -0.019724 0.006003 0.000000
0.328508 0.063882 0.019692 0.000000
-0.760055 0.221196 -0.102732 2.000000
-0.370434 -0.009756 -0.109829 3.000000
0.708872 0.022470 -0.049605 0.000000
0.626988 0.065215 0.010849 0.000000
-0.288826 -0.086150 0.011217 0.000000
-0.700267 0.218601 0.109569 2.000000
0.756578 -0.030336 0.072589 0.000000
-0.130915 -0.059277 0.519747 1.000000
-0.004357 -0.049515 -0.320660 1.000000
0.202547 0.044152 -0.036306 0.000000
-0.201429 0.003382 0.073301 0.000000
-0.017357 -0.076802 -0.072459 1.000000
0.300050 -0.012351 0.074680 0.000000
0.733862 0.063814 -0.001945 0.000000
-0.280166 0.001867 0.136190 3.000000
-0.046068 -0.058450 -0.289032 1.000000
-0.366208 -0.076503 0.008575 0.000000
-0.244749 0.026834 -0.100665 3.000000
0.903694 0.031244 -0.026567 0.000000
0.743831 -0.084313 0.024010 0.000000
-0.209308 0.007563 -0.119844 3.000000
-0.075675 -0.073770 -0.171064 1.000000
-0.532043 0.043601 0.020473 2.000000
-0.038672 -0.072024 -0.066234 1.000000
0.003361 -0.047103 0.357817 1.000000
0.175375 -0.035756 -0.088928 1.000000
0.789539 -0.081304 -0.013199 0.000000
0.151579 -0.039110 -0.166631 1.000000
0.315025 0.010618 -0.053854 0.000000
0.151602 -0.039638 0.071096 1.000000
-0.195136 -0.077629 0.039216 0.000000
-0.140654 -0.015039 -0.056128 0.000000
-0.469958 0.144526 0.012985 2.000000
-0.311427 0.096016 -0.013521 2.000000
-0.175566 -0.052753 0.612863 1.000000
0.855620 -0.079351 -0.013544 0.000000
0.174938 -0.036790 -0.129766 1.000000
-0.171937 -0.048366 0.575515 1.000000
-0.390279 0.045668 0.036299 0.000000
-0.398318 0.032760 0.052216 0.000000
-0.313655 0.010089 0.072727 3.000000
0.259854 -0.037915 0.071602 0.000000
0.032095 -0.000982 0.073784 0.000000
-0.145592 -0.046988 0.567270 1.000000
0.623887 0.004692 0.073141 0.000000
-0.079947 -0.055303 -0.511600 1.000000
-0.693146 0.218003 0.128289 2.000000
0.606109 0.028602 0.065331 0.000000
-0.002014 -0.045082 -0.384468 1.000000
0.050194 -0.073609 -0.179700 1.000000
0.125670 -0.041476 -0.122163 1.000000
-0.522534 0.027844 0.003775 0.000000
0.179371 -0.090124 0.047875 0.000000
0.092204 -0.095269 0.016890 0.000000
-0.088193 -0.065317 -0.391611 1.000000
-0.176370 -0.057623 -0.482912 1.000000
-0.191897 -0.058771 0.059176 0.000000
0.803940 -0.085185 0.000812 0.000000
0.123098 -0.053994 0.069764 0.000000
0.042041 -0.070623 -0.051718 0.000000
0.016913 -0.053603 -0.200855 1.000000
0.695114 -0.019632 -0.055600 0.000000
-0.127171 0.008091 -0.054520 0.000000
0.061748 -0.067890 0.311190 1.000000
-0.010696 -0.071014 0.295318 1.000000
-0.065660 -0.071174 -0.280786 1.000000
-0.410377 0.004347 -0.066464 3.000000
-0.051397 -0.045725 -0.440764 1.000000
0.042155 0.025364 0.066824 0.000000
-0.008996 -0.073196 0.220256 1.000000
0.057866 -0.048229 0.341256 1.000000
-0.312139 0.028235 -0.089180 3.000000
-0.316572 -0.074712 0.039032 0.000000
-0.098483 -0.048022 -0.474299 1.000000
0.631789 -0.072644 -0.027945 0.000000
0.428675 -0.000591 0.073738 0.000000
-0.394528 0.088275 -0.012395 2.000000
-0.659221 0.234610 -0.000842 2.000000
-0.544515 0.057589 0.015259 2.000000
0.049942 -0.014832 0.074404 0.000000
-0.530527 0.078031 -0.002450 2.000000
0.216742 -0.055670 0.137798 1.000000
-0.145041 -0.058955 -0.431278 1.000000
-0.048204 -0.067224 -0.355343 1.000000
-0.158546 -0.054063 -0.485921 1.000000
0.041053 -0.076664 0.103276 1.000000
-0.791545 0.211067 0.005911 2.000000
-0.285909 0.051181 0.046749 0.000000
-0.228762 0.024858 -0.096668 3.000000
-0.024110 -0.049331 -0.353046 1.000000
-0.665584 0.217682 -0.096576 2.000000
-0.020504 -0.053833 -0.291283 1.000000
0.134214 -0.046138 -0.217277 1.000000
-0.305042 0.081683 0.031774 2.000000
0.826151 0.058944 0.021782 0.000000
0.143953 -0.039156 -0.118488 1.000000
0.160215 -0.075125 -0.098597 1.000000
-0.214338 0.007701 0.138969 3.000000
0.476152 0.001729 -0.055232 0.000000
0.025595 -0.052294 0.229191 1.000000
0.055500 -0.045610 -0.307798 1.000000
-0.604762 0.250803 0.007817 2.000000
0.134674 -0.040189 -0.127056 1.000000
0.088805 -0.069635 0.264425 1.000000
0.961575 -0.039569 -0.024500 0.000000
-0.358467 -0.020574 0.118941 3.000000
-0.737982 0.223516 -0.059619 2.000000
-0.362234 -0.040235 0.067238 0.000000
0.633374 -0.025237 -0.054957 0.000000
0.005130 -0.070830 0.298534 1.000000
0.841471 -0.060402 0.056373 0.000000
0.020542 -0.075607 -0.111161 1.000000
-0.127630 -0.061298 -0.467156 1.000000
0.479827 -0.007275 -0.056266 0.000000
-0.189485 -0.057485 0.551467 1.000000
0.146962 0.064204 0.017579 0.000000
-0.275802 0.111129 -0.006975 2.000000
-0.044116 -0.074666 -0.150208 1.000000
0.088621 -0.045082 -0.253178 1.000000
-0.036306 -0.060471 0.457134 1.000000
0.110189 -0.043336 0.147973 1.000000
-0.614294 0.178589 0.020680 2.000000
0.046772 -0.091479 0.038573 0.000000
0.135133 -0.072851 -0.154343 1.000000
-0.422091 0.117308 0.018498 2.000000
0.063769 -0.070118 0.284247 1.000000
-0.213947 0.076148 0.023827 2.000000
-0.543298 0.121764 -0.002450 2.000000
-0.108957 -0.070531 -0.291903 1.000000
-0.384101 -0.072507 0.014685 0.000000
-0.163485 -0.055900 -0.548672 1.000000
-0.202095 0.000902 0.101140 3.000000
0.520734 -0.040833 -0.050593 0.000000
-0.560272 0.102493 -0.002450 2.000000
0.238470 -0.023973 0.073347 0.000000
-0.325277 -0.008791 -0.072206 3.000000
-0.118512 -0.046965 0.592834 1.000000
0.068937 -0.070945 -0.250422 1.000000
0.005336 -0.057669 0.417283 1.000000
-0.042990 -0.032770 -0.053808 0.000000
-0.628122 0.227145 -0.004885 2.000000
0.199492 -0.059299 -0.051810 0.000000
0.847443 -0.079627 -0.014531 0.000000
0.404994 0.018381 -0.051075 0.000000
0.895770 0.040523 0.040387 0.000000
-0.637814 0.216717 0.046014 2.000000
-0.214705 -0.052064 -0.573777 1.000000
-0.329044 -0.010950 -0.112402 3.000000
-0.650677 0.248942 0.001271 2.000000
0.173744 -0.076710 -0.053969 1.000000
-0.100596 -0.014372 -0.056197 0.000000
-0.060952 -0.069268 0.222622 1.000000
-0.407506 0.013420 -0.102778 3.000000
-0.155905 0.028993 0.065125 0.000000
-0.148394 -0.065570 -0.404611 1.000000
0.121788 -0.060103 -0.240223 1.000000
-0.244427 -0.045564 -0.048847 0.000000
0.050011 -0.089986 0.048863 0.000000
-0.265903 0.096935 -0.004586 2.000000
0.185596 0.001430 0.073508 0.000000
0.115610 -0.073793 -0.159005 1.000000
0.607625 -0.007666 0.074542 0.000000
-0.027463 -0.067339 -0.096852 1.000000
-0.796805 0.222988 0.012733 2.000000
0.076241 -0.074091 0.181691 1.000000
-0.715426 0.221610 0.019394 2.000000
-0.686692 0.225905 0.075162 2.000000
-0.131696 0.052697 -0.026797 0.000000
0.095857 -0.071840 -0.209675 1.000000
-0.384376 -0.054430 0.054008 0.000000
0.151901 -0.068280 -0.181515 1.000000
-0.040808 -0.067339 0.370909 1.000000
0.160858 -0.075998 0.093491 1.000000
0.004578 -0.049239 0.329174 1.000000
-0.061067 -0.051237 -0.385042 1.000000
0.096936 -0.074758 -0.140309 1.000000
0.462003 -0.081304 -0.013475 0.000000
-0.715610 0.183275 0.006209 2.000000
-0.151082 -0.062010 0.431179 1.000000
0.429502 0.062918 -0.007802 0.000000
-0.019149 -0.072392 -0.234665 1.000000
-0.292570 -0.012834 -0.112700 3.000000
0.497903 0.052237 -0.027164 0.000000
-0.143709 -0.052110 -0.481212 1.000000
-0.289813 0.013305 -0.052912 0.000000
0.683446 0.005771 -0.054773 0.000000
-0.223755 0.126036 -0.003851 2.000000
0.089448 -0.047792 -0.057621 1.000000
-0.164702 -0.016118 0.074243 0.000000
-0.143226 -0.060012 0.510674 1.000000
0.871423 -0.082957 0.004257 0.000000
-0.647668 0.161523 0.008185 2.000000
-0.452571 0.041786 0.024424 2.000000
0.920622 0.002395 -0.034675 0.000000
0.583715 0.008344 -0.054474 0.000000
-0.576924 0.090572 -0.002450 2.000000
-0.061411 -0.077858 -0.043771 0.000000
0.941432 0.016544 -0.021675 0.000000
-0.682994 0.186789 0.019761 2.000000
0.149971 -0.075033 -0.106637 1.000000
-0.535764 0.165634 0.001225 2.000000
-0.007917 -0.056405 0.242651 1.000000
-0.226902 -0.008148 -0.092901 3.000000
-0.049123 -0.075699 0.117792 1.000000
-0.082979 -0.062010 -0.447954 1.000000
-0.628305 0.216487 0.024286 2.000000
-0.220011 -0.014464 0.110901 3.000000
0.841058 0.034712 0.056075 0.000000
-0.022571 -0.049790 0.363191 1.000000
0.061909 -0.095820 -0.094945 3.000000
0.170207 -0.055693 -0.179402 1.000000
-0.335728 -0.024019 0.073072 0.000000
-0.338691 0.003474 -0.059206 3.000000
0.865933 -0.020390 -0.049123 0.000000
-0.630166 -0.016876 -0.001807 0.000000
-0.428201 0.045117 0.005865 0.000000
0.066962 -0.109854 0.141128 3.000000
-0.077214 -0.058702 -0.337496 1.000000
-0.566152 0.210998 0.004142 2.000000
0.974438 -0.033483 -0.019653 0.000000
-0.095405 0.063676 0.021736 0.000000
-0.189394 0.024445 -0.048939 0.000000
0.020335 -0.072277 -0.231151 1.000000
-0.101124 -0.058450 0.394659 1.000000
0.026100 -0.057301 0.103299 1.000000
-0.608368 -0.008355 0.024401 0.000000
0.076540 -0.061780 0.316771 1.000000
-0.086286 -0.063664 0.337397 1.000000
0.440251 0.022607 0.067812 0.000000
-0.040624 -0.085897 0.054857 0.000000
0.153784 0.004623 -0.054888 0.000000
0.079893 -0.134936 0.141703 3.000000
-0.121911 -0.062814 -0.370388 1.000000
-0.124530 -0.068694 0.353475 1.000000
0.014478 -0.056727 -0.387936 1.000000
-0.025878 -0.066787 0.118619 1.000000
-0.591440 0.104560 0.012319 2.000000
-0.098782 0.024307 -0.048985 0.000000
0.836188 0.011513 -0.049444 0.000000
0.861822 0.046150 0.042110 0.000000
0.184057 -0.050617 -0.051902 0.000000
0.876407 -0.076825 -0.014807 0.000000
-0.317560 0.027936 -0.046412 0.000000
0.164074 -0.065685 -0.174119 1.000000
-0.290181 -0.023721 0.111912 3.000000
0.854655 0.055958 -0.001853 0.000000
-0.682236 0.179783 0.000651 2.000000
-0.714507 0.219841 -0.057047 2.000000
-0.173821 -0.059139 -0.509832 1.000000
-0.125724 -0.068602 -0.337221 1.000000
0.033955 0.059817 0.032578 0.000000
-0.449493 0.026053 -0.026935 0.000000
0.102977 -0.075998 0.119744 1.000000
0.447854 0.045691 -0.034583 0.000000
-0.066418 -0.055510 -0.341539 1.000000
0.204132 -0.045082 -0.132890 1.000000
-0.049398 -0.090537 0.029821 0.000000
-0.548787 0.146478 -0.002059 2.000000
0.677703 -0.064169 -0.037454 0.000000
0.101622 -0.002658 -0.055738 0.000000
-0.006791 -0.063732 -0.085230 1.000000
-0.636988 0.150613 0.014386 2.000000
0.975173 -0.017083 -0.019470 0.000000
-0.037202 -0.068786 -0.112976 1.000000
0.431294 0.025479 0.066778 0.000000
0.752122 0.065100 0.006738 0.000000
-0.777075 0.220599 0.210471 2.000000
0.120939 -0.075493 -0.108015 1.000000
0.046359 -0.082705 0.067398 0.000000
-0.288068 0.029383 0.118274 3.000000
-0.136956 -0.086839 0.003178 0.000000
0.217821 0.048401 0.049735 0.000000
-0.219253 0.001637 0.094157 3.000000
-0.067107 0.042613 -0.037753 0.000000
-0.116605 0.056303 0.040088 0.000000
0.030533 -0.057554 -0.065614 1.000000
-0.394414 0.012869 0.065492 0.000000
0.734689 -0.080959 -0.014164 0.000000
0.575905 0.041672 0.056626 0.000000
-0.284025 0.118755 0.029018 2.000000
-0.106453 -0.067499 -0.358444 1.000000
-0.220999 0.058944 0.034622 0.000000
-0.104570 -0.063549 -0.424434 1.000000
-0.700083 0.229488 -0.000957 2.000000
-0.706331 0.219382 -0.061480 2.000000
-0.017173 -0.069314 0.334871 1.000000
0.180336 -0.070348 0.154657 1.000000
0.421279 0.053018 -0.026291 0.000000
0.687764 -0.016646 0.074197 0.000000
0.708528 0.034597 0.061335 0.000000
0.739444 0.006185 0.072957 0.000000
-0.366277 0.000925 0.073118 0.000000
0.394429 -0.006953 0.074473 0.000000
-0.719101 0.188511 0.013376 2.000000
0.085934 -0.063181 0.300992 1.000000
-0.148073 -0.055303 0.574895 1.000000
-0.358352 0.051548 -0.013521 2.000000
-0.037960 -0.071404 -0.269784 1.000000
0.524271 -0.083761 0.026583 0.000000
0.054444 -0.075883 -0.102778 1.000000
-0.228211 0.058209 -0.017931 0.000000
-0.740393 0.219519 0.167083 2.000000
0.762183 -0.044576 -0.049260 0.000000
0.714729 0.061723 -0.010374 0.000000
0.330851 0.065398 0.008414 0.000000
0.373734 -0.047654 0.066388 0.000000
0.190098 -0.047310 -0.152804 1.000000
-0.603798 0.202201 0.019968 2.000000
0.945038 -0.065846 -0.012189 0.000000
-0.730172 0.223746 0.063402 2.000000
-0.305363 0.098336 0.031820 2.000000
-0.696913 0.219359 0.054926 2.000000
0.050103 -0.073678 0.195863 1.000000
-0.255636 0.058600 -0.017104 0.000000
0.937619 -0.073931 0.014984 0.000000
0.723411 -0.068969 0.050333 0.000000
-0.004540 -0.064858 0.076999 1.000000
-0.764786 0.222850 0.117539 2.000000
0.053686 -0.116699 0.101117 3.000000
0.131849 -0.057049 -0.228716 1.000000
-0.292845 -0.015590 0.074289 0.000000
0.716222 -0.009067 0.074703 0.000000
0.067375 -0.049744 -0.095359 1.000000
-0.047630 -0.064996 0.411793 1.000000
0.025985 -0.077606 -0.064994 1.000000
-0.735202 0.248230 0.008621 2.000000
-0.350612 0.005748 -0.054405 0.000000
0.315577 0.042912 -0.037569 0.000000
-0.119339 -0.061688 0.395210 1.000000
-0.484796 -0.004358 0.051297 0.000000
-0.018161 0.061172 0.029730 0.000000
0.008736 -0.074758 0.145653 1.000000
-0.461437 -0.040098 -0.025350 0.000000
-0.714921 0.225285 -0.101285 2.000000
-0.032654 -0.063801 -0.185512 1.000000
0.169058 0.050721 -0.028887 0.000000
0.160675 -0.076848 -0.056978 1.000000
-0.012350 -0.077399 0.072153 1.000000
0.069282 -0.007941 -0.056335 0.000000
0.006967 -0.096027 0.011377 0.000000
0.158929 0.035746 0.060577 0.000000
-0.046114 -0.076159 -0.079740 1.000000
-0.768714 0.224205 0.203696 2.000000
-0.415752 0.043785 -0.010627 0.000000
-0.752682 0.222896 -0.059481 2.000000
-0.574007 -0.013477 0.032601 0.000000
-0.060630 -0.070922 0.306137 1.000000
-0.144765 -0.062997 -0.442487 1.000000
-0.156364 -0.060012 -0.495384 1.000000
0.107318 -0.045266 0.082053 1.000000
-0.038557 -0.072782 -0.222859 1.000000
-0.291812 0.037491 -0.041152 0.000000
-0.024385 -0.067729 -0.344272 1.000000
0.675682 0.055430 -0.023443 0.000000
-0.380196 -0.065846 -0.022249 0.000000
-0.425812 0.040523 -0.013773 0.000000
-0.288091 -0.080224 -0.015565 0.000000
0.706897 0.042935 0.055799 0.000000
-0.176715 -0.024777 -0.055003 0.000000
0.109799 -0.074137 0.170988 1.000000
0.069419 -0.026316 -0.054842 0.000000
-0.130961 -0.057554 -0.523360 1.000000
0.399688 0.058094 0.036138 0.000000
0.006209 -0.067752 -0.338369 1.000000
0.063815 -0.048389 -0.174969 1.000000
-0.614065 0.227076 -0.010971 2.000000
-0.591923 -0.009296 0.002351 0.000000
-0.629844 0.150498 0.020680 2.000000
-0.608782 0.020104 0.011814 2.000000
0.126635 -0.049997 0.251448 1.000000
-0.327643 -0.047838 0.064711 0.000000
-0.710442 0.225514 -0.070897 2.000000
-0.344985 0.128011 -0.000291 2.000000
-0.039154 -0.070485 0.109546 1.000000
0.137545 0.042728 -0.037684 0.000000
-0.091041 -0.049515 -0.443980 1.000000
-0.531974 0.210722 0.009816 2.000000
-0.045494 0.057543 -0.019125 0.000000
0.192142 -0.044232 0.163546 1.000000
-0.639468 0.161178 -0.002450 2.000000
0.926502 -0.042624 -0.033389 0.000000
-0.477538 0.026420 -0.018574 0.000000
0.538237 -0.047769 -0.048112 0.000000
0.526063 0.015533 0.070338 0.000000
0.311856 0.064181 0.017717 0.000000
0.546345 -0.045725 -0.048847 0.000000
0.307560 -0.090491 0.030304 0.000000
-0.177381 -0.052822 -0.593576 1.000000
-0.026338 -0.077100 -0.056151 1.000000
0.870780 -0.002038 0.066434 0.000000
0.656687 -0.068832 0.050493 0.000000
-0.205931 -0.050824 -0.578325 1.000000
-0.251777 -0.067270 0.052101 0.000000
0.845950 0.041442 0.049437 0.000000
-0.210915 0.021459 -0.114078 3.000000
0.118825 -0.093316 -0.009088 0.000000
-0.543527 -0.030726 0.026055 0.000000
0.966123 -0.029762 0.042730 0.000000
0.341462 0.064686 0.014386 0.000000
-0.094234 -0.057646 0.524869 1.000000
-0.679664 0.226088 -0.044230 2.000000
0.023895 -0.095154 0.017372 0.000000
-0.065821 -0.067017 -0.360419 1.000000
-0.149083 -0.052386 0.610106 1.000000
-0.045310 -0.066672 -0.364714 1.000000
-0.553909 0.216051 0.011791 2.000000
0.357885 0.025570 0.066755 0.000000
0.798520 -0.059208 -0.039843 0.000000
0.022195 -0.059437 0.079733 1.000000
-0.675185 0.176682 0.018360 2.000000
0.516921 -0.043359 0.067927 0.000000
0.078928 -0.048688 0.094111 1.000000
0.286268 -0.087850 -0.029829 0.000000
0.850797 0.006414 -0.049582 0.000000
0.618191 0.053730 -0.025488 0.000000
0.357058 -0.005323 0.074289 0.000000
0.049712 -0.059759 0.355244 1.000000
0.108375 -0.072093 0.211298 1.000000
0.730991 0.060552 -0.012786 0.000000
-0.410308 0.063400 -0.011132 2.000000
0.107984 -0.044186 -0.233402 1.000000
-0.592795 0.125738 -0.002450 2.000000
0.827299 -0.022526 0.070729 0.000000
-0.072919 -0.066029 -0.277961 1.000000
-0.110197 -0.071611 -0.345168 1.000000
0.528314 -0.066994 0.052584 0.000000
0.562032 0.052995 -0.026314 0.000000
-0.050570 -0.069176 -0.322015 1.000000
-0.010076 -0.056038 0.256983 1.000000
0.789470 -0.085966 0.005612 0.000000
-0.112517 -0.063503 0.445420 1.000000
-0.397445 0.061930 0.030488 2.000000
0.325499 -0.053442 0.065630 0.000000
-0.101538 -0.070761 0.289944 1.000000
-0.754956 0.222689 0.055202 2.000000
0.728556 0.039145 0.058303 0.000000
-0.476183 0.129206 0.002557 2.000000
0.073301 -0.057508 0.325683 1.000000
-0.380357 0.016681 0.123419 3.000000
0.488256 0.035378 -0.042576 0.000000
-0.093476 -0.058082 -0.501563 1.000000
0.748149 0.013259 -0.052889 0.000000
0.034323 -0.064536 0.361147 1.000000
0.023275 -0.076963 -0.125126 1.000000
0.043442 -0.072782 -0.208871 1.000000
-0.377784 0.003405 -0.051856 3.000000
-0.024271 -0.076894 0.083706 1.000000
-0.743264 0.224343 0.118734 2.000000
-0.190519 0.055591 0.041673 0.000000
0.065078 -0.092053 -0.016369 0.000000
-0.442487 -0.035573 -0.034124 0.000000
-0.346294 0.129298 0.015374 2.000000
0.124131 -0.043658 -0.218242 1.000000
-0.167458 -0.000224 -0.055462 0.000000
0.381979 -0.069061 0.054283 0.000000
-0.036972 -0.071519 0.086072 1.000000
0.049368 -0.051467 -0.120257 1.000000
-0.596562 -0.023927 -0.001003 0.000000
-0.605681 0.233691 0.000375 2.000000
-0.038121 -0.014212 -0.056220 0.000000
0.182472 -0.092673 0.030671 0.000000
-0.298404 -0.019724 0.125326 3.000000
0.105733 -0.074459 -0.145684 1.000000
0.339028 0.020977 -0.050133 0.000000
0.792823 0.055843 -0.018344 0.000000
-0.058563 -0.069957 0.202249 1.000000
-0.239420 -0.018553 -0.100389 3.000000
0.716659 -0.084611 0.022081 0.000000
0.638036 0.060230 -0.013452 0.000000
0.024837 -0.073977 -0.167182 1.000000
0.103850 -0.045449 0.263461 1.000000
-0.265949 -0.052524 0.063333 0.000000
-0.095727 -0.055280 0.548894 1.000000
0.957188 -0.053144 -0.019791 0.000000
0.039399 -0.067591 -0.314068 1.000000
0.040938 -0.073310 -0.190611 1.000000
-0.263652 0.130102 0.008369 2.000000
-0.391497 -0.013408 -0.073883 3.000000
-0.421769 -0.034378 0.058211 0.000000
-0.230071 -0.005644 -0.116100 3.000000
0.820202 0.060414 0.003178 0.000000
-0.037340 -0.091433 -0.010788 0.000000
-0.179287 0.044129 -0.036421 0.000000
0.003728 0.058714 0.034875 0.000000
0.143448 -0.077100 0.077941 1.000000
0.814736 -0.117847 -0.006561 0.000000
0.151166 -0.039454 0.083132 1.000000
0.811290 -0.090514 -0.007503 0.000000
0.662108 0.064089 -0.000084 0.000000
-0.333937 0.024950 -0.047675 0.000000
-0.243922 -0.000224 -0.080888 3.000000
0.087128 0.030233 0.064229 0.000000
-0.260298 0.006231 0.082627 3.000000
0.141220 -0.064031 0.227514 1.000000
0.036482 -0.073931 -0.168744 1.000000
0.054467 -0.074367 0.172596 1.000000
-0.541322 0.005220 -0.019447 0.000000
-0.009364 -0.092558 -0.010213 0.000000
-0.707111 0.225239 -0.125517 2.000000
0.208381 -0.072208 -0.082106 1.000000
0.102380 -0.045105 0.116092 1.000000
-0.255176 0.006460 -0.056518 3.000000
0.057177 0.004439 -0.054911 0.000000
0.308640 -0.084887 0.050999 0.000000
-0.613720 0.198503 0.020060 2.000000
0.059635 -0.077215 -0.075858 1.000000
0.041972 -0.091754 -0.018528 0.000000
0.068386 -0.045266 -0.278788 1.000000
0.052285 -0.047631 0.276576 1.000000
-0.183330 -0.062056 0.494895 1.000000
0.057453 0.052490 -0.026889 0.000000
0.054421 -0.127149 0.098889 3.000000
-0.807187 0.208150 0.008437 2.000000
0.644077 -0.019219 -0.055646 0.000000
0.623290 -0.086541 0.009058 0.000000
-0.079143 -0.056428 -0.355251 1.000000
0.823739 -0.090652 0.025802 0.000000
-0.206115 0.018634 0.096615 3.000000
0.580086 -0.056750 -0.042393 0.000000
0.351477 -0.088769 -0.003231 0.000000
-0.459553 0.104997 0.017786 2.000000
-0.309613 -0.083095 0.015604 0.000000
0.267732 -0.007757 0.074565 0.000000
-0.010145 -0.059575 0.192073 1.000000
-0.294981 0.004646 -0.072436 3.000000
-0.303043 -0.003324 0.073991 0.000000
-0.613674 0.224756 0.019371 2.000000
-0.651044 0.225859 0.091056 2.000000
0.242811 0.060116 -0.013705 0.000000
0.219199 -0.046896 0.134536 1.000000
-0.050317 -0.076848 0.215180 1.000000
0.484099 0.064250 0.017326 0.000000
-0.213258 -0.085783 0.013835 0.000000
-0.147223 -0.066144 0.409588 1.000000
-0.087573 -0.049997 -0.049054 0.000000
0.257373 -0.060448 -0.064305 1.000000
-0.053395 -0.059575 0.312200 1.000000
-0.706078 0.184767 0.014111 2.000000
-0.019263 0.024904 0.066985 0.000000
-0.174602 -0.062630 -0.463458 1.000000
-0.258783 -0.051237 -0.045953 0.000000
0.403157 -0.058059 -0.041520 0.000000
0.318953 -0.085989 -0.024454 0.000000
0.316679 -0.074987 -0.041887 0.000000
0.341118 -0.025466 -0.054934 0.000000
0.185481 -0.036445 0.142828 1.000000
0.017831 0.055039 0.042248 0.000000
-0.045678 -0.076090 0.101760 1.000000
0.127691 -0.070968 0.203994 1.000000
-0.738165 0.223034 0.020129 2.000000
-0.461666 0.025869 0.042316 0.000000
-0.233540 0.054856 -0.024385 0.000000
0.677772 0.063170 0.024447 0.000000
0.029293 -0.045059 0.358689 1.000000
-0.065431 -0.049607 -0.412168 1.000000
0.900042 0.014247 -0.036604 0.000000
0.171286 -0.036744 -0.118695 1.000000
-0.104799 -0.067637 0.374216 1.000000
-0.011178 -0.063595 0.122041 1.000000
-0.001394 -0.072943 -0.210088 1.000000
0.852221 -0.045932 0.063218 0.000000
0.062506 0.044543 -0.035869 0.000000
-0.280718 -0.073770 0.044797 0.000000
0.294721 0.064732 0.004234 0.000000
-0.001738 -0.053121 0.291184 1.000000
-0.652951 0.217912 -0.001324 2.000000
-0.435413 0.063905 -0.008582 2.000000
0.638036 -0.085415 0.001501 0.000000
-0.297278 0.012524 0.071303 0.000000
0.843378 -0.050594 0.062139 0.000000
-0.112356 -0.048550 -0.482154 1.000000
0.044200 -0.049997 0.070017 0.000000
0.142368 -0.043083 0.217913 1.000000
-0.615833 0.129183 0.002167 2.000000
0.762275 -0.003922 0.074128 0.000000
0.332551 -0.091915 0.011814 0.000000
0.567085 0.036320 0.060186 0.000000
0.131987 0.036618 0.060002 0.000000
-0.227292 -0.047953 0.642814 1.000000
0.080812 -0.123222 -0.128319 3.000000
-0.189531 0.062872 -0.008100 0.000000
0.005773 -0.052524 -0.268751 1.000000
-0.133809 -0.054798 -0.044299 0.000000
0.210701 -0.044967 -0.124989 1.000000
-0.541621 0.054167 -0.002358 2.000000
-0.166172 -0.050847 -0.523016 1.000000
0.068110 -0.073977 0.186078 1.000000
-0.501586 0.059978 0.020680 2.000000
0.052652 -0.121614 0.146618 3.000000
-0.111070 -0.078524 0.049850 0.000000
-0.741611 0.220048 0.138694 2.000000
-0.693812 0.151394 0.010321 2.000000
-0.712991 0.220461 -0.003782 2.000000
-0.483785 0.134994 0.015673 2.000000
0.599724 -0.083440 0.027249 0.000000
-0.430061 0.079386 0.027203 2.000000
0.301428 0.005817 0.073003 0.000000
0.635670 -0.049446 0.065469 0.000000
0.896275 0.048149 -0.000406 0.000000
-0.607909 -0.001303 0.028880 0.000000
-0.029117 -0.059851 -0.244358 1.000000
0.798474 -0.099403 -0.010213 0.000000
-0.516424 0.197584 0.008162 2.000000
-0.197295 0.118112 -0.004632 2.000000
-0.076203 -0.024984 -0.054980 0.000000
0.865244 0.055981 0.008529 0.000000
0.087817 -0.076136 -0.098689 1.000000
-0.312897 0.022125 0.128610 3.000000
-0.093476 -0.067178 -0.361017 1.000000
-0.641122 0.226915 0.027157 2.000000
-0.104799 -0.058013 -0.384697 1.000000
-0.363704 0.001086 -0.113045 3.000000
0.036620 -0.075584 0.130080 1.000000
-0.073056 -0.082153 -0.036490 0.000000
0.656917 0.058025 0.036276 0.000000
0.364753 0.047781 0.050447 0.000000
0.110235 -0.042555 0.182220 1.000000
0.005933 -0.054315 -0.228532 1.000000
-0.261332 0.011697 -0.063409 3.000000
-0.187556 -0.055004 -0.563671 1.000000
-0.548856 0.185480 0.002374 2.000000
0.442411 -0.065800 -0.035663 0.000000
-0.007274 -0.064490 -0.073286 1.000000
-0.077696 0.021597 0.068179 0.000000
-0.349578 -0.006816 0.087634 3.000000
0.002213 -0.034378 0.072084 0.000000
0.871423 -0.074367 0.039009 0.000000
0.119400 -0.041315 0.195932 1.000000
0.093812 -0.045472 -0.130226 1.000000
-0.780382 0.223171 0.181140 2.000000
0.895402 0.022516 0.052492 0.000000
-0.168377 -0.055349 -0.488999 1.000000
0.666563 -0.076388 0.041926 0.000000
0.554820 -0.074528 0.044039 0.000000
0.606523 0.057451 0.037470 0.000000
-0.432404 -0.001028 0.091010 3.000000
-0.090352 -0.071014 0.268468 1.000000
-0.191369 0.097325 0.023918 2.000000
-0.228188 -0.083463 0.027088 0.000000
-0.216015 -0.055418 -0.561695 1.000000
0.173675 0.052857 0.044728 0.000000
0.164717 -0.090055 0.048426 0.000000
-0.091179 -0.087781 0.029270 0.000000
-0.289216 -0.041889 -0.050156 0.000000
-0.431646 0.017531 -0.092465 3.000000
0.100772 -0.053190 0.286567 1.000000
-0.126505 -0.045794 -0.543940 1.000000
-0.403670 -0.059506 -0.022111 0.000000
-0.127952 0.017761 0.069558 0.000000
-0.071150 -0.054200 0.375640 1.000000
-0.431761 -0.021033 0.061013 0.000000
-0.237215 -0.052524 0.063333 0.000000
-0.314804 0.061333 0.000031 0.000000
0.023344 -0.053557 -0.167688 1.000000
-0.035043 -0.073793 -0.184363 1.000000
0.182702 0.031680 0.063287 0.000000
0.124591 -0.041315 -0.135302 1.000000
-0.777304 0.236838 0.006761 2.000000
0.083040 -0.119018 0.130356 3.000000
-0.330537 0.045990 0.047760 0.000000
-0.638113 0.238629 0.019003 2.000000
0.493815 -0.068786 -0.032286 0.000000
-0.187763 0.052237 -0.027325 0.000000
-0.031207 -0.051972 -0.330744 1.000000
-0.633060 0.227076 0.022862 2.000000
-0.369653 0.038755 0.052492 0.000000
-0.755576 0.195356 0.010826 2.000000
-0.063295 -0.067385 -0.346546 1.000000
-0.408448 0.060690 0.029730 2.000000
0.266125 0.059082 -0.015818 0.000000
-0.210043 -0.006816 0.074473 0.000000
0.828448 -0.133190 0.002856 0.000000
-0.687083 0.217957 -0.001347 2.000000
0.077826 -0.071611 -0.232253 1.000000
-0.036444 -0.072736 0.242857 1.000000
0.004119 -0.055900 -0.190082 1.000000
-0.260505 -0.081924 0.030258 0.000000
-0.027119 -0.081051 -0.125058 1.000000
-0.456039 0.114506 0.001799 2.000000
-0.394597 0.120822 0.025641 2.000000
-0.265880 -0.014832 0.128656 3.000000
-0.445221 0.117653 0.003292 2.000000
-0.255130 -0.080316 -0.015358 0.000000
0.741924 0.029475 0.064757 0.000000
0.123189 0.056096 0.040318 0.000000
-0.034101 -0.061504 -0.050225 0.000000
0.044544 -0.048918 -0.254119 1.000000
0.209483 -0.032931 -0.059849 1.000000
-0.297967 0.006874 0.135937 3.000000
-0.621139 0.218715 -0.055324 2.000000
0.274118 0.049734 -0.029989 0.000000
0.200273 -0.043015 0.070936 0.000000
-0.003920 -0.070715 0.303357 1.000000
-0.040785 -0.054246 -0.316526 1.000000
0.155484 -0.051123 0.069856 0.000000
-0.741312 0.222965 -0.012326 2.000000
-0.743770 0.224664 -0.143777 2.000000
0.722217 0.062504 0.026973 0.000000
0.271109 0.025662 -0.048479 0.000000
0.749251 0.060667 -0.012556 0.000000
-0.302010 0.110119 0.017602 2.000000
-0.573846 0.148316 -0.002450 2.000000
-0.076846 -0.072874 0.199309 1.000000
0.757888 -0.085438 0.001708 0.000000
-0.561489 0.177303 0.000215 2.000000
-0.020205 -0.075722 -0.109416 1.000000
0.053295 -0.048297 0.254595 1.000000
-0.589098 0.156791 -0.002450 2.000000
-0.074136 -0.050594 0.532587 1.000000
0.538696 -0.086058 0.012503 0.000000
0.178338 -0.086518 0.062874 0.000000
-0.549982 0.114000 -0.002450 2.000000
0.022402 0.006782 0.072888 0.000000
0.461038 0.004095 -0.054957 0.000000
-0.627065 0.219014 -0.062628 2.000000
-0.358513 -0.019862 -0.078523 3.000000
-0.048319 -0.072461 0.255146 1.000000
-0.409940 -0.007711 -0.048732 0.000000
0.228157 -0.064399 0.114324 1.000000
0.796406 -0.084152 -0.006079 0.000000
0.577467 -0.055257 0.061610 0.000000
-0.222492 -0.075584 -0.024523 0.000000
-0.227108 0.005909 -0.074526 3.000000
-0.782955 0.221793 0.153715 2.000000
-0.200281 -0.053718 -0.542516 1.000000
0.869447 0.012157 -0.045379 0.000000
-0.241349 0.029108 -0.085413 3.000000
-0.781048 0.222735 0.162375 2.000000
-0.397652 -0.018162 0.103620 3.000000
-0.763707 0.221908 -0.077512 2.000000
-0.325484 -0.017266 0.073968 0.000000
-0.188038 0.119582 0.026652 2.000000
0.229857 0.033081 0.062345 0.000000
-0.581793 0.037262 0.010321 2.000000
0.083201 -0.108774 0.146802 3.000000
-0.546261 0.078399 0.020680 2.000000
-0.042508 -0.057990 0.304667 1.000000
-0.296750 0.002165 0.090115 3.000000
0.989850 -0.005897 0.009172 0.000000
0.607557 0.064112 0.000077 0.000000
0.062804 -0.105720 -0.081417 3.000000
0.846961 -0.091686 -0.007342 0.000000
-0.119775 -0.058335 0.530037 1.000000
0.964102 -0.063158 -0.007273 0.000000
-0.220861 0.093214 0.019876 2.000000
0.570071 -0.081189 0.031980 0.000000
0.780328 -0.076917 0.040663 0.000000
-0.538199 -0.001073 0.040020 0.000000
0.872204 -0.033460 0.065538 0.000000
-0.159052 -0.054729 -0.565301 1.000000
0.142483 -0.069865 0.202432 1.000000
-0.648954 0.230659 -0.000957 2.000000
0.653081 0.003497 0.073256 0.000000
0.971130 -0.013523 0.037998 0.000000
0.980548 -0.027120 0.035357 0.000000
0.045509 0.062160 -0.009432 0.000000
0.669090 -0.043313 0.067950 0.000000
-0.049169 -0.070026 -0.307476 1.000000
-0.413799 -0.014074 0.100979 3.000000
0.239825 -0.035940 0.090505 1.000000
0.313165 0.043647 0.055133 0.000000
-0.004908 -0.087735 -0.040440 0.000000
0.815861 -0.002061 0.071418 0.000000
-0.255475 -0.016118 -0.083851 3.000000
-0.014555 -0.075079 -0.132890 1.000000
-0.032654 -0.045817 0.429893 1.000000
-0.722592 0.224710 -0.159419 2.000000
0.077964 -0.045380 -0.240843 1.000000
-0.143387 -0.045449 0.624324 1.000000
0.499144 0.049113 0.048954 0.000000
-0.186408 -0.047310 0.610727 1.000000
-0.125609 -0.047608 -0.512611 1.000000
-0.008169 -0.069544 -0.312001 1.000000
0.083936 -0.065409 -0.278283 1.000000
-0.653020 0.218715 0.111636 2.000000
0.460740 0.064985 0.012480 0.000000
-0.063547 -0.079374 0.143310 1.000000
-0.580369 0.087081 0.019531 2.000000
0.150522 0.018886 0.069121 0.000000
-0.096531 -0.047792 -0.049513 0.000000
-0.649942 -0.014304 -0.002312 0.000000
0.205487 -0.037548 0.130517 1.000000
-0.327804 0.060414 0.013054 0.000000
-0.494948 0.000948 0.048518 0.000000
-0.592704 0.017302 0.011837 0.000000
0.178315 0.063147 0.024607 0.000000
-0.081187 -0.057669 -0.498876 1.000000
0.824934 -0.086081 0.009012 0.000000
-0.104041 -0.056635 -0.522373 1.000000
0.210356 0.006414 0.072934 0.000000
-0.434150 0.046265 0.026881 2.000000
0.634361 -0.062814 -0.038350 0.000000
-0.123060 0.057566 -0.019240 0.000000
0.535480 -0.002475 -0.055715 0.000000
0.340727 0.055453 0.041650 0.000000
-0.769656 0.221885 -0.095014 2.000000
-0.810632 0.226823 0.006784 2.000000
0.041191 -0.048780 0.279516 1.000000
-0.231932 0.127529 0.019738 2.000000
-0.032792 -0.050824 -0.347511 1.000000
0.081409 -0.078180 -0.058241 1.000000
-0.119591 0.036825 0.059888 0.000000
-0.389498 -0.000683 -0.111896 3.000000
0.222645 -0.064628 -0.102295 1.000000
-0.241831 0.035952 0.060485 0.000000
0.903625 0.043371 0.028512 0.000000
-0.540082 0.050974 0.012319 2.000000
0.689326 0.050652 -0.028979 0.000000
-0.150186 -0.044921 -0.597182 1.000000
-0.081302 -0.067316 0.375066 1.000000
0.086049 -0.045013 0.263621 1.000000
-0.131191 -0.059874 0.424587 1.000000
-0.331318 -0.017450 0.125762 3.000000
0.390202 -0.060287 0.058280 0.000000
0.139245 -0.076710 0.088208 1.000000
-0.577154 0.081247 -0.000796 2.000000
0.031429 -0.070026 0.317782 1.000000
-0.554047 0.085978 0.020680 2.000000
-0.239971 -0.024938 -0.054980 0.000000
0.294170 -0.033483 0.071464 0.000000
0.325063 0.062941 -0.007664 0.000000
-0.108451 -0.054591 -0.412650 1.000000
-0.005252 0.052857 0.044705 0.000000
-0.615305 0.087678 0.013261 2.000000
-0.302584 -0.008423 -0.114997 3.000000
-0.133878 -0.055395 -0.443635 1.000000
-0.302010 0.124038 0.012503 2.000000
0.232452 -0.010399 0.074863 0.000000
-0.468235 0.040546 0.023574 2.000000
-0.426225 0.100633 0.026032 2.000000
0.771393 -0.044393 0.067398 0.000000
0.810762 0.036159 -0.039177 0.000000
-0.497268 0.152313 0.003338 2.000000
-0.051397 -0.062240 0.447510 1.000000
-0.161234 0.045232 0.053433 0.000000
-0.591923 -0.000293 0.001708 0.000000
-0.481741 -0.047677 -0.005413 0.000000
0.753087 0.053845 -0.025350 0.000000
-0.156181 -0.063985 -0.407528 1.000000
0.573723 -0.021056 0.073669 0.000000
0.384299 -0.086150 -0.001508 0.000000
0.456950 -0.019012 -0.055669 0.000000
-0.070231 0.037170 0.059635 0.000000
0.528268 -0.061711 -0.039085 0.000000
0.073003 -0.078478 0.071303 1.000000
-0.120326 -0.065754 0.361652 1.000000
0.177763 -0.067913 0.167933 1.000000
0.346699 -0.078478 -0.034491 0.000000
-0.456406 0.033196 -0.016093 0.000000
0.018727 -0.071473 0.277908 1.000000
-0.011730 -0.045748 0.429181 1.000000
-0.353460 0.124727 -0.005528 2.000000
-0.026131 0.059151 -0.015680 0.000000
0.695527 0.043900 -0.036604 0.000000
-0.069680 0.064985 0.005406 0.000000
0.646695 0.007563 -0.054566 0.000000
-0.634668 0.216671 -0.017494 2.000000
-0.758079 0.220140 -0.166401 2.000000
-0.234780 0.000534 0.136971 3.000000
0.805801 -0.006701 -0.054268 0.000000
-0.335935 0.054534 -0.015289 0.000000
-0.089226 -0.048251 -0.460265 1.000000
0.169311 -0.069544 -0.051328 0.000000
0.218832 0.015120 0.070476 0.000000
0.065446 -0.073494 -0.184248 1.000000
-0.581793 0.062206 0.003522 2.000000
0.078239 -0.121224 -0.096829 3.000000
0.129184 -0.093408 0.026835 0.000000
0.146066 -0.089159 -0.035020 0.000000
-0.420185 0.025479 -0.034354 0.000000
0.760391 0.008367 -0.054474 0.000000
0.125900 -0.075975 0.111659 1.000000
0.589136 -0.036698 0.070315 0.000000
-0.032011 -0.074321 0.067077 0.000000
0.005520 -0.058725 0.151281 1.000000
0.354647 0.065421 0.008782 0.000000
0.270351 -0.029807 0.072681 0.000000
-0.046413 -0.057393 0.316105 1.000000
0.017877 -0.073196 -0.196973 1.000000
-0.656993 0.009814 0.002603 0.000000
0.778215 0.001660 0.072911 0.000000
-0.378381 0.013213 -0.108198 3.000000
0.845215 -0.067339 -0.032126 0.000000
-0.190060 0.125140 0.009540 2.000000
0.246716 -0.030267 0.072612 0.000000
-0.348522 0.053087 0.032693 0.000000
0.144528 -0.039937 0.099922 1.000000
-0.584848 0.180817 -0.001554 2.000000
0.872916 -0.007482 -0.048410 0.000000
-0.064328 -0.045174 -0.481626 1.000000
