-0.395169 0.214014 0.184295 2.000000
0.402455 -0.004561 0.063118 0.000000
0.422318 0.067718 -0.056849 0.000000
0.218392 -0.076599 -0.131306 0.000000
-0.586513 0.034966 -0.196503 2.000000
0.364424 -0.012634 -0.193379 0.000000
-0.440283 0.097193 -0.185813 2.000000
0.207041 0.011518 0.333186 1.000000
0.226640 -0.004561 -0.243332 1.000000
-0.512298 -0.009269 0.171911 2.000000
0.107817 -0.101124 0.211328 0.000000
0.137336 0.011518 0.380874 1.000000
-0.002032 0.011518 -0.443695 1.000000
-0.353640 0.009032 -0.336508 2.000000
-0.226876 -0.034850 -0.148617 0.000000
-0.043429 0.027201 -0.170173 0.000000
0.794800 -0.066437 0.023613 0.000000
-0.413492 -0.044066 -0.173913 2.000000
0.014289 0.011518 -0.411955 1.000000
0.122202 0.011518 0.370360 1.000000
0.287943 0.011518 0.130734 0.000000
0.098249 -0.004561 0.107528 0.000000
-0.353156 0.011518 -0.096156 2.000000
0.217182 -0.081086 -0.219797 1.000000
0.487558 0.046910 0.089689 0.000000
-0.463951 0.011518 -0.190652 2.000000
0.028653 0.017369 0.194853 0.000000
0.370275 0.045678 0.077393 0.000000
0.374234 -0.058474 -0.051328 0.000000
0.795416 0.070797 -0.021171 0.000000
-0.297814 0.069764 -0.185813 2.000000
-0.235763 -0.017781 0.182975 0.000000
0.092244 0.011518 0.280682 1.000000
-0.262202 0.011518 -0.110740 0.000000
-0.396709 0.011518 0.361825 2.000000
-0.004913 -0.004561 -0.442376 1.000000
-0.012832 -0.004561 0.400847 1.000000
-0.290423 -0.041405 -0.192917 0.000000
0.301295 0.073525 -0.010855 0.000000
-0.207718 0.042796 0.206467 0.000000
0.017831 -0.079480 -0.200176 0.000000
0.240300 -0.012634 -0.157174 0.000000
-0.159436 -0.001328 0.629518 1.000000
-0.053173 0.026321 0.204905 0.000000
0.315087 0.011518 -0.211482 0.000000
0.133508 0.011518 0.430563 1.000000
0.596065 0.046228 -0.079395 0.000000
-0.314817 -0.038106 -0.202508 0.000000
0.214872 0.011166 0.340753 1.000000
0.035780 -0.047894 0.238823 1.000000
0.271446 -0.038963 -0.139357 0.000000
-0.017957 -0.004561 0.296607 1.000000
0.164479 -0.059200 0.142282 0.000000
0.248944 0.011518 0.090041 0.000000
-0.152155 -0.055087 0.217641 0.000000
0.199079 -0.004561 0.266142 1.000000
0.221185 0.011518 0.249183 1.000000
0.321751 -0.028053 0.150311 0.000000
0.145100 -0.035686 0.142282 0.000000
-0.001702 0.003467 -0.174484 0.000000
-0.506293 -0.004561 0.110607 2.000000
0.122136 0.011518 0.336068 1.000000
0.763104 -0.011974 0.081463 0.000000
0.017831 -0.063313 0.193687 0.000000
0.087448 0.011518 0.238163 0.000000
0.135400 -0.004561 0.038042 0.000000
-0.447674 0.103154 0.184295 2.000000
-0.388284 0.003467 0.296365 2.000000
0.017831 -0.071628 0.202947 0.000000
0.084457 -0.003242 -0.492835 1.000000
-0.005331 -0.004561 -0.519824 1.000000
-0.054537 -0.004561 -0.461512 1.000000
-0.172392 -0.036104 -0.175694 0.000000
-0.569532 0.039431 0.219092 2.000000
0.316516 -0.004561 0.130536 0.000000
0.332046 0.011518 0.186978 0.000000
-0.308416 -0.003660 -0.227847 0.000000
-0.367608 0.037407 -0.145274 2.000000
-0.458122 0.011518 -0.212692 2.000000
0.042180 -0.076093 0.238823 1.000000
0.248636 -0.008433 -0.131306 0.000000
-0.191463 -0.044440 0.169975 0.000000
0.217710 -0.088345 0.142282 0.000000
-0.081812 0.011518 0.565730 1.000000
-0.404825 -0.040591 0.209238 2.000000
-0.425656 0.003467 0.395546 2.000000
0.103022 -0.040767 0.238823 1.000000
-0.057572 0.011518 0.615111 1.000000
-0.507921 0.011518 -0.314556 2.000000
0.043764 -0.029219 -0.227847 1.000000
0.055444 -0.101124 -0.136629 0.000000
0.818006 0.053618 -0.038944 0.000000
0.301207 -0.101124 -0.145560 0.000000
-0.019431 -0.004561 0.464789 1.000000
-0.307690 0.146464 0.191949 2.000000
-0.196236 0.011518 -0.104757 0.000000
-0.251776 0.029511 0.153830 0.000000
0.879903 -0.002142 -0.046357 0.000000
0.012926 -0.004561 -0.082871 0.000000
-0.020663 -0.090698 0.167380 0.000000
0.196285 -0.004561 0.138873 0.000000
-0.404649 0.003467 0.306505 2.000000
0.221999 -0.004561 -0.250701 1.000000
-0.146436 0.001356 0.460654 1.000000
-0.056186 0.011518 -0.537861 1.000000
0.093717 -0.004561 -0.062370 0.000000
-0.130027 -0.004561 0.460874 1.000000
-0.115290 -0.017979 0.142282 0.000000
-0.513222 0.003753 -0.187330 2.000000
-0.085969 0.011518 -0.372648 1.000000
-0.227360 -0.034718 -0.180357 0.000000
0.036439 -0.004561 0.359692 1.000000
-0.461509 0.011518 0.362287 2.000000
0.062087 0.011518 -0.345461 1.000000
-0.358853 0.157132 0.196788 2.000000
0.265463 -0.008543 0.142282 0.000000
-0.474663 -0.008059 0.143800 2.000000
-0.041361 0.011518 0.438218 1.000000
-0.073321 -0.076445 0.216079 0.000000
0.330132 -0.012634 -0.219005 0.000000
-0.500354 0.011518 0.283167 2.000000
-0.112892 -0.030011 -0.173231 0.000000
0.069588 0.011518 0.381622 1.000000
-0.432738 0.048581 -0.163398 2.000000
-0.143709 0.011518 0.024515 0.000000
0.453354 -0.035576 -0.079021 0.000000
-0.002164 0.011518 0.000341 0.000000
-0.068790 -0.004561 -0.114501 0.000000
-0.180333 0.003467 0.202881 0.000000
-0.072551 -0.004561 -0.440396 1.000000
-0.420508 0.003621 0.430651 2.000000
-0.161856 0.003467 -0.176970 0.000000
-0.457462 0.003467 0.173406 2.000000
-0.353728 -0.004561 -0.123915 2.000000
-0.141619 0.003467 -0.184823 0.000000
-0.030099 0.011518 -0.449194 1.000000
-0.366816 0.172706 -0.185813 2.000000
-0.509241 0.003467 0.347022 2.000000
-0.330214 0.011518 -0.204949 2.000000
0.733761 0.049571 -0.063118 0.000000
-0.291457 0.042884 0.187902 2.000000
0.411166 -0.008609 0.238823 1.000000
-0.485551 0.011518 -0.201694 2.000000
-0.095801 -0.033200 0.238823 1.000000
-0.345436 0.011518 -0.151411 2.000000
-0.211017 -0.012194 -0.219247 0.000000
-0.244385 -0.003880 -0.135551 0.000000
0.359673 -0.020575 -0.131306 0.000000
-0.235851 0.011518 0.002496 0.000000
0.409186 0.110346 0.004278 0.000000
0.057380 0.011518 -0.451570 1.000000
0.496291 -0.025502 0.095980 0.000000
-0.123011 0.011518 -0.135177 0.000000
-0.009642 -0.021410 -0.131306 0.000000
0.612892 0.066068 0.076645 0.000000
-0.440943 0.139447 0.196788 2.000000
0.095345 0.005513 0.191223 0.000000
-0.210115 0.011518 0.110739 0.000000
0.387894 -0.051633 -0.219797 1.000000
0.265991 0.030874 -0.051988 0.000000
0.095675 0.011518 -0.122288 0.000000
0.372650 -0.038985 -0.139357 0.000000
-0.334174 0.011518 -0.297003 2.000000
-0.236181 0.003467 0.194875 0.000000
-0.249906 0.011518 -0.026890 0.000000
0.004787 -0.041757 -0.131306 0.000000
0.537644 0.062153 -0.071499 0.000000
0.103308 -0.004561 0.293747 1.000000
-0.208466 -0.011622 0.207391 0.000000
-0.003110 0.011518 0.456585 1.000000
-0.163374 0.011518 -0.161221 0.000000
-0.333998 0.011518 -0.013275 0.000000
-0.201317 -0.004561 -0.069233 0.000000
0.352414 -0.004561 -0.096662 0.000000
-0.057022 0.030193 0.184031 0.000000
0.074757 -0.001812 -0.506824 1.000000
0.343176 -0.088499 0.142282 0.000000
0.898622 -0.035994 0.029596 0.000000
-0.403681 0.227586 0.184295 2.000000
0.117561 -0.005507 -0.227847 1.000000
0.072315 0.011518 0.405048 1.000000
0.476010 0.126360 -0.008018 0.000000
0.251496 -0.025854 0.150311 0.000000
-0.295416 0.011518 0.012593 0.000000
-0.077787 0.011518 -0.134056 0.000000
0.700415 -0.015559 0.090393 0.000000
-0.015339 -0.004561 -0.259544 1.000000
-0.090874 -0.056384 0.142282 0.000000
0.436769 -0.012634 -0.167204 0.000000
-0.357995 0.003203 0.142392 2.000000
0.439189 -0.004561 0.130932 0.000000
-0.101828 0.029797 0.170965 0.000000
-0.077853 -0.004561 0.448688 1.000000
0.305628 -0.035488 0.066967 0.000000
-0.474157 0.058084 0.184295 2.000000
0.038749 -0.073915 -0.139357 0.000000
0.170484 -0.012634 -0.198680 0.000000
0.079640 0.011518 -0.242277 1.000000
0.132519 -0.101124 0.231432 0.000000
0.234801 0.011518 0.087973 0.000000
0.062065 -0.072310 -0.131306 0.000000
-0.240272 0.020030 0.175100 0.000000
0.052629 -0.004561 0.022161 0.000000
-0.242494 0.011518 -0.163860 0.000000
-0.368752 0.011518 -0.049370 2.000000
0.016709 0.011518 0.566016 1.000000
-0.058144 -0.004561 0.520506 1.000000
-0.012876 -0.092810 -0.206863 0.000000
-0.573492 0.038925 -0.207303 2.000000
0.516175 0.129923 -0.011823 0.000000
0.117583 -0.012634 -0.141182 0.000000
-0.386502 -0.004561 0.064130 2.000000
-0.322824 0.061075 -0.185813 2.000000
0.237506 -0.093096 0.180841 0.000000
0.854102 -0.002428 0.063932 0.000000
0.015147 -0.004561 -0.279604 1.000000
0.223187 0.011518 -0.269662 1.000000
-0.363780 0.051441 -0.177586 2.000000
-0.144633 -0.004561 -0.020599 0.000000
0.269027 -0.012634 -0.175034 0.000000
-0.500970 0.003467 -0.197338 2.000000
-0.412392 -0.004561 0.039736 2.000000
0.040795 0.011518 -0.330965 1.000000
0.756153 0.068752 -0.038526 0.000000
0.017523 0.011518 0.323464 1.000000
0.249516 -0.039007 0.047435 0.000000
0.100888 -0.062741 0.230794 1.000000
0.206734 -0.093074 -0.140896 0.000000
-0.143643 -0.033200 0.142282 0.000000
-0.391979 0.003467 -0.312136 2.000000
0.301537 -0.077765 0.150311 0.000000
-0.286882 0.109423 -0.180599 2.000000
0.230665 0.011518 0.115953 0.000000
-0.146722 -0.004561 0.492746 1.000000
0.439981 -0.004561 0.097784 0.000000
0.291551 -0.101124 0.217069 0.000000
0.642235 -0.007443 -0.087050 0.000000
0.079310 0.003621 -0.227847 1.000000
0.701977 -0.057418 -0.056453 0.000000
0.355098 -0.041361 -0.131306 0.000000
-0.113310 -0.004561 0.299224 1.000000
-0.297682 0.076758 -0.173319 2.000000
-0.472573 0.003467 0.173604 2.000000
0.219205 -0.093074 -0.148661 0.000000
0.199035 -0.062147 -0.227847 1.000000
0.224264 0.011518 0.137443 0.000000
-0.253030 -0.027767 -0.163684 0.000000
-0.011314 -0.017033 -0.175122 0.000000
-0.446376 -0.000514 -0.131834 2.000000
-0.446024 -0.004561 0.127984 2.000000
-0.002230 -0.028735 -0.131306 0.000000
-0.053745 0.011518 0.484850 1.000000
0.420624 0.048207 -0.071807 0.000000
0.086591 -0.004561 0.124289 0.000000
-0.287894 0.011518 0.166192 0.000000
-0.025898 0.003467 -0.167820 0.000000
-0.181058 -0.035312 0.202485 0.000000
0.195779 -0.004561 -0.098972 0.000000
-0.438457 0.025903 0.188188 2.000000
0.151919 -0.030583 0.238823 1.000000
0.573959 -0.064567 0.072840 0.000000
-0.005507 -0.001086 -0.199120 0.000000
0.321311 -0.004561 0.078999 0.000000
0.172002 -0.027085 0.142282 0.000000
0.288009 -0.032496 -0.139357 0.000000
0.081422 0.011518 0.084762 0.000000
0.149522 -0.012744 0.032081 0.000000
-0.268031 0.043038 -0.203035 0.000000
-0.106140 0.009604 -0.355733 1.000000
0.399794 0.100140 -0.018642 0.000000
-0.483109 0.011518 0.415364 2.000000
-0.131655 -0.060630 0.192697 0.000000
-0.188581 -0.045210 0.198394 0.000000
0.791985 0.004347 0.078163 0.000000
0.621955 0.091496 0.057289 0.000000
-0.220849 -0.018749 -0.142150 0.000000
-0.367542 0.226332 0.196788 2.000000
-0.474619 0.003467 -0.359604 2.000000
0.444974 -0.011908 -0.176772 0.000000
-0.539662 -0.044308 0.194347 2.000000
-0.072947 0.011518 -0.069255 0.000000
-0.368026 -0.001790 -0.227165 2.000000
-0.366970 0.011518 -0.340379 2.000000
-0.209126 -0.004561 -0.071367 0.000000
0.401069 0.106981 -0.000847 0.000000
0.060745 0.011518 0.042793 0.000000
-0.270671 0.080674 0.190409 2.000000
-0.367300 0.011518 -0.211262 2.000000
-0.086079 -0.049917 0.142282 0.000000
0.145078 -0.012678 0.238823 1.000000
0.295642 0.068818 0.032983 0.000000
-0.312111 -0.011776 -0.226329 0.000000
-0.360349 0.022076 0.177762 0.000000
-0.230484 0.003467 -0.170811 0.000000
-0.264314 0.003467 -0.171933 0.000000
-0.335251 -0.004561 -0.124267 2.000000
-0.263654 0.026783 0.151124 0.000000
0.120751 -0.004561 -0.238141 1.000000
-0.441251 0.003467 0.413098 2.000000
-0.544149 0.043676 0.164322 2.000000
0.231347 -0.004561 0.016794 0.000000
0.626178 0.014245 -0.088656 0.000000
-0.080404 -0.012040 0.216827 0.000000
-0.289301 -0.004561 0.074006 0.000000
-0.356588 -0.014570 -0.223800 2.000000
0.615334 0.042928 0.091889 0.000000
0.708158 0.060415 -0.059379 0.000000
-0.380849 -0.002956 0.143118 2.000000
-0.097605 -0.069868 -0.219335 0.000000
0.243819 -0.101124 0.162034 0.000000
0.306024 -0.055724 -0.037756 0.000000
0.172266 -0.004561 0.082804 0.000000
0.262274 -0.056956 0.142282 0.000000
-0.105194 0.009802 -0.584295 1.000000
-0.030759 -0.004561 0.628837 1.000000
0.270346 0.063209 -0.020380 0.000000
0.325777 -0.013338 0.230794 1.000000
-0.004935 0.011518 0.432873 1.000000
0.020514 0.011518 -0.249469 1.000000
0.146640 0.011518 0.110717 0.000000
-0.558842 -0.044572 -0.181281 2.000000
-0.351067 -0.001218 0.192851 0.000000
0.089714 -0.068108 -0.227847 1.000000
-0.550594 0.051441 0.192851 2.000000
0.265485 -0.028845 -0.227847 1.000000
-0.361273 0.011518 -0.303514 2.000000
-0.450665 0.003467 -0.285521 2.000000
-0.385974 0.008438 -0.227209 2.000000
-0.452249 -0.000844 0.168391 2.000000
0.229632 -0.026580 -0.131306 0.000000
0.606052 -0.058122 0.077547 0.000000
0.270434 0.048559 0.051790 0.000000
0.254597 -0.033574 0.054319 0.000000
0.426585 -0.004561 0.125103 0.000000
-0.391144 0.033272 -0.217047 2.000000
0.829224 -0.002538 -0.058565 0.000000
-0.392595 -0.004561 0.020555 2.000000
0.463385 0.050693 0.086236 0.000000
-0.282769 0.011518 -0.051724 0.000000
0.571232 0.097127 -0.053396 0.000000
0.210077 -0.004561 0.277250 1.000000
-0.094086 0.011518 -0.227627 1.000000
0.067080 -0.020245 -0.227847 1.000000
-0.578727 -0.000756 -0.220588 2.000000
-0.471913 0.047701 -0.161287 2.000000
-0.033728 -0.015186 0.238823 1.000000
-0.009247 -0.004561 0.587110 1.000000
-0.528377 0.050517 -0.170129 2.000000
0.627872 -0.085199 0.037030 0.000000
0.115516 0.011518 0.332307 1.000000
-0.229846 -0.034036 0.184053 0.000000
-0.456230 0.003467 0.341193 2.000000
-0.405067 0.075681 -0.173319 2.000000
0.701493 -0.072112 0.048402 0.000000
0.125436 0.006789 -0.227847 1.000000
-0.420530 0.003467 0.162540 2.000000
0.211881 -0.030121 0.142282 0.000000
-0.544325 0.036131 0.155282 2.000000
-0.099981 -0.020553 -0.201804 0.000000
-0.389186 -0.015933 -0.135815 2.000000
-0.121735 0.006415 0.700896 1.000000
-0.538100 -0.009840 -0.133286 2.000000
-0.415999 -0.024600 -0.218367 2.000000
-0.468900 -0.002604 0.168677 2.000000
-0.040833 -0.004561 -0.410789 1.000000
0.483203 0.033052 -0.084432 0.000000
0.087360 -0.012634 -0.217509 0.000000
-0.005001 0.011518 -0.575342 1.000000
-0.402406 0.003467 -0.184361 2.000000
-0.090390 -0.004561 0.396865 1.000000
-0.490588 0.011518 0.155128 2.000000
-0.427151 0.210781 0.184295 2.000000
0.213002 -0.093096 0.190256 0.000000
-0.400932 0.114240 -0.185813 2.000000
-0.135372 -0.004561 0.515402 1.000000
-0.024270 -0.077897 0.238823 1.000000
0.067520 -0.004561 0.500973 1.000000
-0.129521 0.004809 0.385911 1.000000
-0.499519 0.003467 -0.139379 2.000000
0.088834 -0.004561 -0.230619 1.000000
-0.070286 0.011518 -0.037998 0.000000
0.054080 0.011518 0.423657 1.000000
0.230555 -0.004561 -0.299687 1.000000
-0.023346 -0.004561 0.505482 1.000000
-0.129016 -0.061355 0.178884 0.000000
-0.471847 0.011518 -0.396668 2.000000
-0.017561 -0.003638 0.628573 1.000000
0.028103 -0.004561 -0.021479 0.000000
-0.464127 0.011518 -0.288007 2.000000
0.011936 -0.099519 0.211966 0.000000
-0.415757 0.074031 0.196788 2.000000
-0.470286 0.003467 -0.158339 2.000000
0.125568 0.011518 -0.409359 1.000000
-0.433200 -0.004561 -0.068045 2.000000
0.213662 -0.066876 0.150311 0.000000
0.252376 -0.004561 -0.237130 1.000000
-0.044902 -0.004561 0.253824 1.000000
0.388444 -0.004561 0.091625 0.000000
0.209175 0.049659 -0.012285 0.000000
-0.481460 0.011518 0.216167 2.000000
0.071193 -0.012634 -0.204201 0.000000
0.825529 -0.061377 0.014022 0.000000
-0.315059 0.032304 -0.142216 2.000000
0.755691 0.064397 0.055661 0.000000
0.369175 -0.029131 -0.071675 0.000000
0.620701 0.075769 -0.055639 0.000000
-0.172370 -0.004561 -0.625757 1.000000
-0.394377 0.011518 0.073412 2.000000
0.153481 -0.022774 0.150311 0.000000
0.371947 -0.061971 -0.139357 0.000000
0.191182 -0.027085 -0.025945 0.000000
0.106959 -0.004561 0.286379 1.000000
0.795284 -0.067426 -0.008172 0.000000
-0.471166 0.011518 0.215749 2.000000
-0.478930 -0.004561 0.133352 2.000000
-0.002384 0.011518 -0.481815 1.000000
-0.052931 -0.004561 -0.650393 1.000000
-0.069956 0.011518 -0.404740 1.000000
-0.251534 -0.028163 0.146813 0.000000
-0.512188 -0.025018 -0.141094 2.000000
-0.383005 0.119211 0.184295 2.000000
-0.003044 -0.004561 0.377575 1.000000
0.342582 0.011518 0.212120 0.000000
0.261020 0.011518 0.158691 0.000000
-0.353750 0.003467 -0.136299 2.000000
-0.375812 0.051639 -0.178686 2.000000
-0.569532 0.020030 0.181413 2.000000
-0.513222 0.009252 -0.272521 2.000000
-0.437511 0.160872 0.196788 2.000000
-0.524044 0.004809 0.238647 2.000000
0.022142 0.011518 0.557349 1.000000
0.171518 -0.004561 -0.332087 1.000000
-0.367168 0.108389 -0.173319 2.000000
-0.049565 0.011518 -0.292516 1.000000
0.628356 -0.034762 -0.081133 0.000000
0.656401 0.086701 0.047105 0.000000
0.024408 -0.004561 0.570283 1.000000
0.567976 -0.055394 -0.070993 0.000000
0.070182 0.011518 0.060456 0.000000
-0.390462 0.070599 -0.185813 2.000000
-0.115290 0.034064 -0.195315 0.000000
-0.416109 0.090198 0.196788 2.000000
0.175257 -0.004561 -0.315392 1.000000
-0.353948 -0.011776 0.207259 0.000000
0.378435 -0.046508 -0.131306 0.000000
0.360025 -0.088895 0.142282 0.000000
-0.448575 0.050363 0.201100 2.000000
0.024364 -0.090148 0.150311 0.000000
0.601520 -0.083835 0.044289 0.000000
-0.325991 0.011518 0.105592 0.000000
0.017831 -0.022664 -0.209546 0.000000
-0.026470 0.003467 -0.183151 0.000000
0.024935 0.003467 -0.170877 0.000000
-0.380695 0.011518 0.299576 2.000000
-0.117951 -0.060476 -0.131306 0.000000
0.308950 -0.041383 0.230794 1.000000
-0.134625 -0.020883 -0.206665 0.000000
-0.195114 -0.043451 0.201891 0.000000
-0.477192 0.018579 -0.134034 2.000000
0.908300 -0.011578 -0.035227 0.000000
-0.365320 -0.025414 -0.217707 2.000000
0.194174 -0.002582 -0.358878 1.000000
-0.109153 0.008988 -0.555370 1.000000
0.282378 -0.101124 0.145383 0.000000
-0.116808 -0.004561 0.715545 1.000000
0.053706 -0.038501 -0.219797 1.000000
0.215928 -0.030165 -0.139357 0.000000
-0.419145 0.011518 0.245906 2.000000
0.126580 0.026365 0.005532 0.000000
0.013343 -0.011314 -0.188144 0.000000
-0.396291 0.003467 0.342623 2.000000
0.175103 -0.093074 -0.167996 0.000000
0.575851 0.112260 -0.040506 0.000000
-0.107283 0.011518 -0.126467 0.000000
0.349730 -0.093074 -0.174638 0.000000
0.198551 -0.093096 0.157371 0.000000
0.327382 -0.037666 -0.139357 0.000000
-0.464743 0.011518 -0.311059 2.000000
0.049219 0.011518 -0.378499 1.000000
-0.429593 0.218743 0.196788 2.000000
0.288581 0.036131 0.066197 0.000000
0.486283 -0.060146 -0.064658 0.000000
0.195867 -0.012612 0.173253 0.000000
0.599453 0.124600 -0.007270 0.000000
0.021460 0.011518 -0.234380 1.000000
-0.149890 0.025661 0.194787 0.000000
-0.416461 0.005029 0.142480 2.000000
-0.295482 0.017149 -0.134693 2.000000
0.314669 -0.068966 0.238823 1.000000
-0.176879 -0.034608 0.142282 0.000000
-0.376450 -0.001130 0.212670 2.000000
0.004259 -0.021498 0.142282 0.000000
-0.147536 0.030237 0.217289 0.000000
0.223363 -0.088477 0.230794 1.000000
-0.225117 -0.026316 -0.147649 0.000000
-0.387998 0.003467 0.261633 2.000000
-0.105920 0.003467 0.211438 0.000000
0.087338 -0.004561 0.255364 1.000000
-0.337957 0.119057 -0.173319 2.000000
-0.212601 0.011518 0.071520 0.000000
-0.252876 0.011518 0.152620 0.000000
0.396450 -0.004561 0.092285 0.000000
-0.115818 -0.004561 -0.433929 1.000000
0.822208 0.062417 0.034875 0.000000
-0.489774 0.011518 0.335518 2.000000
0.143033 0.011518 0.286049 1.000000
-0.096439 0.011518 -0.687413 1.000000
-0.283560 0.005161 0.237041 0.000000
-0.320448 0.000872 0.237943 0.000000
-0.211919 0.003467 -0.159219 0.000000
0.234933 -0.091292 -0.131306 0.000000
0.142263 0.003577 0.437228 1.000000
0.636692 -0.052425 -0.069739 0.000000
0.656687 -0.032299 0.090041 0.000000
-0.173646 0.010066 0.151234 0.000000
0.109665 -0.101124 -0.224944 0.000000
-0.017495 -0.004561 -0.114171 0.000000
-0.254833 0.003467 0.155392 0.000000
-0.419497 0.163291 -0.173319 2.000000
0.417677 -0.009137 -0.131306 0.000000
-0.330786 0.011606 0.211592 0.000000
-0.088345 -0.072375 -0.185021 0.000000
0.186475 0.003115 0.382766 1.000000
0.240674 -0.047168 -0.022029 0.000000
-0.542873 0.007976 0.212692 2.000000
-0.080646 -0.004561 0.309211 1.000000
0.204776 -0.061509 0.230794 1.000000
-0.351133 -0.044528 -0.178620 2.000000
-0.336571 -0.019123 0.189508 0.000000
-0.279381 -0.040151 0.205807 0.000000
0.040619 0.011518 0.144438 0.000000
-0.592430 -0.023236 -0.196173 2.000000
-0.348207 -0.023940 -0.140500 2.000000
-0.538408 0.046998 0.170569 2.000000
0.157022 -0.004561 0.370272 1.000000
-0.479326 0.031138 -0.218697 2.000000
-0.174240 -0.004561 0.107176 0.000000
-0.197490 -0.042813 0.144965 0.000000
0.506937 -0.002780 0.100775 0.000000
0.216984 -0.004561 0.108122 0.000000
0.585309 -0.061993 -0.063976 0.000000
0.297512 0.011518 -0.122046 0.000000
0.067894 0.011518 0.106912 0.000000
0.450583 0.075175 -0.053638 0.000000
0.299425 -0.012612 0.205301 0.000000
-0.183346 0.022648 0.226527 0.000000
-0.147250 0.004655 0.228199 0.000000
-0.070220 -0.033618 -0.131306 0.000000
0.222021 -0.093074 -0.199890 0.000000
0.925611 -0.020971 -0.023943 0.000000
-0.007047 0.011518 0.386703 1.000000
-0.157413 -0.004561 0.410899 1.000000
-0.340442 0.181482 -0.185813 2.000000
-0.068174 -0.004561 -0.038856 0.000000
0.794580 -0.058804 -0.031180 0.000000
0.051375 -0.001878 -0.188628 0.000000
0.206184 -0.004561 0.004432 0.000000
-0.211809 0.025507 0.185262 0.000000
0.138875 -0.004561 -0.296123 1.000000
-0.394971 -0.004561 0.101523 2.000000
0.135532 0.011518 -0.222150 1.000000
-0.172568 -0.004011 -0.421677 1.000000
-0.128818 0.004963 -0.581501 1.000000
-0.336725 0.003467 -0.239329 2.000000
0.464990 0.112964 -0.032191 0.000000
0.054300 -0.004561 -0.063272 0.000000
-0.361273 -0.031331 -0.146395 2.000000
-0.045474 -0.004561 -0.362112 1.000000
-0.546106 0.032084 -0.217949 2.000000
-0.294734 -0.011776 -0.135353 0.000000
-0.030033 -0.004561 -0.418774 1.000000
0.146288 -0.093096 0.153302 0.000000
0.025815 0.011518 -0.009337 0.000000
0.024210 0.011518 0.208424 0.000000
0.143627 0.012376 0.033423 0.000000
0.659656 0.103792 -0.016706 0.000000
-0.507789 0.003467 -0.132758 2.000000
-0.060498 -0.004561 -0.326192 1.000000
-0.493888 0.011518 -0.317657 2.000000
0.111930 -0.027085 -0.131306 0.000000
0.218941 -0.077567 0.150311 0.000000
-0.386458 -0.042043 -0.194743 2.000000
0.364490 -0.057616 0.238823 1.000000
0.878408 -0.018089 -0.042706 0.000000
-0.036764 -0.004561 -0.452714 1.000000
-0.150242 -0.028471 0.170173 0.000000
-0.032628 0.011518 0.409425 1.000000
-0.278699 0.011518 0.033687 0.000000
-0.117424 0.011518 0.028056 0.000000
0.698545 -0.035444 -0.072840 0.000000
0.205810 0.011518 0.158075 0.000000
-0.137770 0.003115 -0.545867 1.000000
0.155153 0.005931 0.238823 1.000000
0.631083 -0.028009 -0.083091 0.000000
-0.097803 -0.063819 -0.227847 1.000000
0.197253 0.003071 0.051174 0.000000
0.726326 -0.078776 -0.009975 0.000000
0.226948 -0.093096 0.206643 0.000000
-0.349835 0.082213 -0.173319 2.000000
0.250462 -0.004561 0.039406 0.000000
0.402807 -0.021124 0.150311 0.000000
-0.569532 -0.023896 -0.168502 2.000000
0.008878 -0.004561 -0.574726 1.000000
0.107311 -0.004561 -0.357096 1.000000
-0.170588 0.038199 -0.199252 0.000000
-0.321372 0.011518 0.175628 0.000000
-0.418177 0.011518 -0.107572 2.000000
0.338600 -0.064457 0.142282 0.000000
-0.159612 0.011518 -0.031928 0.000000
0.456566 0.038617 -0.081155 0.000000
0.148752 -0.012612 0.215111 0.000000
0.002103 -0.004561 0.365059 1.000000
0.291793 -0.093096 0.178554 0.000000
-0.140959 -0.004561 0.668738 1.000000
0.228444 -0.078930 0.230794 1.000000
0.017831 -0.018617 0.213593 0.000000
-0.428339 0.195757 -0.185813 2.000000
-0.365188 0.003467 -0.295947 2.000000
0.147366 0.011518 -0.055243 0.000000
-0.210577 0.011518 0.152246 0.000000
-0.362901 0.042884 0.186692 2.000000
0.310511 -0.044242 -0.219797 1.000000
0.461295 -0.006607 0.099038 0.000000
0.537270 0.072997 -0.063756 0.000000
0.026871 0.011518 -0.445829 1.000000
0.223825 -0.064941 0.238823 1.000000
-0.142895 0.002081 0.362265 1.000000
-0.192716 -0.004561 -0.060413 0.000000
0.309456 -0.038106 0.150311 0.000000
-0.311628 -0.004561 -0.055617 0.000000
0.324765 0.070445 -0.030278 0.000000
0.175015 -0.096659 -0.227847 1.000000
-0.078842 -0.004561 0.058697 0.000000
-0.189329 0.003467 -0.203915 0.000000
0.581702 -0.091930 0.008589 0.000000
-0.422950 0.099458 0.184295 2.000000
-0.162186 0.011518 0.170481 0.000000
0.146046 0.011518 -0.176332 0.000000
0.483533 -0.067492 -0.056893 0.000000
0.454256 0.022428 -0.085246 0.000000
-0.189659 -0.004561 0.012703 0.000000
-0.396841 0.045392 -0.155678 2.000000
0.024847 0.011518 -0.205719 1.000000
-0.569532 0.028389 0.227011 2.000000
-0.181542 0.011518 0.052230 0.000000
-0.136428 0.011518 0.210558 0.000000
-0.515532 -0.011622 0.207391 2.000000
0.434306 0.110434 0.034875 0.000000
0.402279 -0.072288 0.049238 0.000000
-0.049060 0.002653 -0.206005 0.000000
-0.441581 0.088790 -0.173319 2.000000
0.038947 0.011518 -0.406896 1.000000
-0.174438 0.011518 0.078735 0.000000
-0.077303 0.011518 0.087182 0.000000
0.415521 -0.004561 -0.064218 0.000000
0.571760 -0.041383 0.090129 0.000000
0.198793 -0.093096 0.227605 0.000000
0.101460 -0.047564 0.142282 0.000000
-0.522615 0.024891 -0.136629 2.000000
-0.067404 0.003467 -0.159263 0.000000
-0.281757 0.011518 -0.198416 0.000000
0.457534 -0.089313 0.014880 0.000000
-0.165705 -0.004561 -0.109354 0.000000
0.059315 -0.014702 -0.131306 0.000000
-0.086321 -0.004561 -0.315348 1.000000
-0.144655 -0.033288 0.196612 0.000000
-0.304215 0.003467 -0.246390 2.000000
0.220899 -0.101124 -0.198460 0.000000
-0.570104 -0.028977 -0.214495 2.000000
0.029841 -0.004561 0.069145 0.000000
0.337743 0.081246 -0.005312 0.000000
-0.069076 0.011518 0.123893 0.000000
-0.101564 0.011518 0.121210 0.000000
-0.129302 -0.004561 0.239527 1.000000
0.088900 0.011518 0.393390 1.000000
-0.351221 0.142065 -0.185813 2.000000
0.312821 -0.012612 0.230266 0.000000
0.746057 0.083841 0.008831 0.000000
-0.187811 0.011518 -0.140500 0.000000
-0.357797 -0.018749 0.186714 0.000000
0.093563 -0.071562 0.142282 0.000000
0.825463 -0.002956 0.070662 0.000000
-0.118567 0.011518 0.000539 0.000000
-0.305293 -0.013602 -0.204399 0.000000
-0.079986 0.011518 -0.383272 1.000000
-0.112232 0.008350 -0.298851 1.000000
0.343506 0.011518 -0.078691 0.000000
-0.435664 0.011518 -0.282222 2.000000
0.270324 -0.061267 -0.219797 1.000000
-0.117820 -0.064391 0.218037 0.000000
-0.465579 0.023968 0.147231 2.000000
-0.241372 -0.033838 -0.155238 0.000000
0.250044 -0.004561 -0.017850 0.000000
-0.364660 0.003467 -0.270938 2.000000
-0.049214 0.007690 0.671377 1.000000
-0.054515 -0.081526 -0.206115 0.000000
-0.312815 -0.022840 0.229761 0.000000
0.643665 0.026717 0.095166 0.000000
-0.339761 0.200971 0.194831 2.000000
0.509642 -0.060190 0.076403 0.000000
-0.535108 0.005051 0.168017 2.000000
0.213222 0.011518 -0.125279 0.000000
-0.423742 0.003467 -0.374825 2.000000
-0.485661 0.011518 -0.271268 2.000000
-0.003902 -0.004561 -0.418092 1.000000
-0.434058 -0.004561 -0.090371 2.000000
0.168394 -0.062543 -0.227847 1.000000
0.089098 0.010726 0.010349 0.000000
-0.370423 -0.004561 -0.012747 2.000000
-0.458716 0.003467 -0.443915 2.000000
-0.302873 0.124138 0.196788 2.000000
-0.353838 0.003467 0.255100 2.000000
-0.009642 0.011518 -0.210844 1.000000
-0.493140 0.011518 -0.399087 2.000000
0.813695 -0.053393 0.042463 0.000000
-0.079876 -0.074663 -0.200968 0.000000
-0.081658 0.011518 -0.586494 1.000000
0.450187 -0.006695 0.223866 0.000000
-0.310132 0.011518 0.014044 0.000000
-0.296120 -0.016087 0.176222 0.000000
-0.428845 -0.033200 -0.148749 2.000000
-0.437797 0.003467 -0.191685 2.000000
-0.199953 0.011518 0.105768 0.000000
0.703780 0.087668 -0.015276 0.000000
-0.418177 0.192524 -0.185813 2.000000
0.328702 -0.004561 0.008545 0.000000
0.017831 -0.080822 0.196106 0.000000
-0.075829 -0.004561 -0.522969 1.000000
0.430038 -0.019585 -0.139357 0.000000
-0.238622 0.006129 0.168171 0.000000
-0.569532 -0.004957 0.194259 2.000000
-0.427767 0.208911 0.196788 2.000000
-0.100047 -0.004561 -0.579323 1.000000
-0.027723 -0.088785 0.155458 0.000000
-0.273222 -0.022290 0.177520 0.000000
-0.390110 0.011518 0.006236 2.000000
0.644369 0.113206 0.016178 0.000000
-0.266711 -0.004561 -0.012483 0.000000
-0.124352 -0.004561 -0.249227 1.000000
-0.413404 0.044600 0.165510 2.000000
0.246525 -0.004561 0.119274 0.000000
-0.138342 0.003005 0.673269 1.000000
-0.134515 0.003467 -0.176134 0.000000
-0.148702 -0.004561 -0.248743 1.000000
-0.154113 -0.000228 0.573142 1.000000
0.161817 0.011518 -0.284487 1.000000
-0.029483 0.011518 -0.246742 1.000000
-0.299090 0.003467 0.162694 2.000000
-0.471364 0.003467 -0.438372 2.000000
0.777137 0.046140 0.067495 0.000000
0.263066 -0.090126 0.238823 1.000000
-0.107041 0.011518 -0.077811 0.000000
-0.323593 0.011518 0.085422 0.000000
-0.194322 0.034658 0.217927 0.000000
0.174993 -0.089357 0.150311 0.000000
0.100778 0.011518 0.077767 0.000000
-0.283670 -0.015867 -0.221688 0.000000
-0.123692 0.006019 -0.403750 1.000000
-0.212337 -0.004561 0.088853 0.000000
-0.134427 -0.059882 -0.227165 0.000000
0.080652 -0.004561 -0.441408 1.000000
-0.569532 0.038397 0.177124 2.000000
-0.364088 -0.004561 0.133659 2.000000
0.017831 -0.046882 -0.211284 0.000000
-0.030671 0.026453 -0.186010 0.000000
0.132739 -0.004561 -0.026253 0.000000
-0.308526 0.011518 0.200594 0.000000
-0.240404 -0.023588 -0.214737 0.000000
0.227652 -0.035224 -0.032983 0.000000
0.126668 -0.012634 -0.190916 0.000000
0.202708 0.033470 0.042595 0.000000
-0.569532 -0.022378 0.197822 2.000000
-0.069472 0.002015 -0.131306 0.000000
-0.005837 0.003467 0.186692 0.000000
0.334597 -0.073299 -0.219797 1.000000
0.023330 -0.004561 -0.295749 1.000000
-0.135064 -0.004561 0.289348 1.000000
0.491826 0.071853 -0.061534 0.000000
0.226662 0.054366 0.025724 0.000000
-0.512562 0.026013 -0.222040 2.000000
-0.085089 -0.004561 -0.089381 0.000000
-0.543335 -0.040107 0.210426 2.000000
-0.337781 0.011518 -0.275095 2.000000
0.200311 -0.031133 0.230794 1.000000
0.428983 0.011518 -0.108474 0.000000
-0.489466 0.016753 0.144240 2.000000
-0.479084 0.003467 -0.372120 2.000000
0.005601 0.011518 0.176288 0.000000
-0.282483 0.011518 0.095738 0.000000
0.251914 0.051375 0.042595 0.000000
-0.031463 -0.004561 -0.461072 1.000000
-0.413624 0.188389 0.196788 2.000000
-0.156995 -0.000822 -0.431707 1.000000
0.302967 -0.097253 0.238823 1.000000
0.058524 0.011518 -0.117031 0.000000
-0.374492 -0.038259 -0.155348 2.000000
0.011012 0.011518 -0.382194 1.000000
-0.377198 0.244039 -0.181237 2.000000
-0.194850 -0.016021 0.153764 0.000000
0.278793 -0.049675 0.150311 0.000000
0.216984 0.011518 -0.174528 0.000000
-0.476907 -0.044286 0.186560 2.000000
-0.424996 0.010198 0.168941 2.000000
-0.241020 -0.015230 0.177894 0.000000
0.062109 0.003599 0.535859 1.000000
-0.121185 0.006525 -0.705823 1.000000
0.020382 0.011518 0.192235 0.000000
0.171100 -0.101124 0.187462 0.000000
0.116769 -0.004561 0.030893 0.000000
-0.357643 0.187047 -0.185813 2.000000
0.063847 0.011518 0.019060 0.000000
-0.512496 -0.015471 0.234512 2.000000
0.653585 -0.073871 0.054649 0.000000
0.305474 -0.012634 -0.196305 0.000000
-0.557280 0.024825 -0.136607 2.000000
0.236934 0.058809 -0.007402 0.000000
-0.101828 0.011518 -0.165290 0.000000
-0.461311 0.038947 -0.211966 2.000000
0.351468 -0.093096 0.228815 0.000000
0.725205 0.055906 -0.060281 0.000000
0.231369 -0.013096 -0.139357 0.000000
0.134212 -0.004561 -0.009315 0.000000
0.050957 -0.058474 -0.131306 0.000000
-0.257297 0.011518 0.078053 0.000000
0.163027 -0.012634 -0.143052 0.000000
0.728438 0.039035 -0.069937 0.000000
0.009450 -0.072925 -0.131306 0.000000
-0.513222 0.007009 0.315744 2.000000
0.754767 -0.041273 -0.059599 0.000000
0.067058 -0.089950 0.142282 0.000000
0.262450 -0.003594 0.238823 1.000000
-0.562054 0.015433 0.237261 2.000000
-0.032496 0.011518 -0.494198 1.000000
0.148686 -0.024754 -0.007248 0.000000
-0.140168 0.024232 -0.149101 0.000000
0.163687 0.011518 -0.365565 1.000000
0.051221 -0.038919 0.238823 1.000000
-0.440063 -0.009247 0.237085 2.000000
0.238122 -0.101124 -0.145670 0.000000
-0.144501 -0.004561 -0.513291 1.000000
-0.077721 -0.030275 0.238823 1.000000
-0.385777 0.016005 0.171757 2.000000
0.137996 -0.089159 -0.227847 1.000000
-0.096747 -0.070088 0.174418 0.000000
0.076274 0.011518 -0.463140 1.000000
0.050561 -0.070330 -0.131306 0.000000
-0.394157 -0.004561 -0.055837 2.000000
0.350896 -0.004561 -0.080319 0.000000
-0.287256 0.039651 -0.208776 0.000000
0.368977 -0.017715 0.238823 1.000000
0.224748 0.011518 0.317635 1.000000
0.253673 0.000828 0.066219 0.000000
0.047569 -0.062037 -0.227847 1.000000
0.636802 0.000850 -0.087754 0.000000
0.045590 0.015015 0.190365 0.000000
0.037781 -0.004561 -0.016090 0.000000
-0.180201 0.003467 0.171669 0.000000
0.136940 0.011518 -0.382238 1.000000
0.333123 0.011518 0.142898 0.000000
0.208449 0.011518 -0.115447 0.000000
0.106321 -0.004561 -0.249469 1.000000
-0.160932 -0.001636 0.603453 1.000000
0.272832 0.011518 0.257608 1.000000
-0.452381 0.142175 0.184295 2.000000
0.153987 0.011518 -0.344845 1.000000
0.769989 -0.054339 0.055771 0.000000
-0.468218 0.003467 0.449304 2.000000
-0.358105 0.003467 0.189926 2.000000
-0.117028 -0.004561 -0.375331 1.000000
-0.379310 0.113184 0.196788 2.000000
-0.361075 0.001488 -0.218257 0.000000
-0.475763 0.042884 -0.185043 2.000000
-0.414943 0.011518 -0.300038 2.000000
0.179150 0.011518 0.370558 1.000000
-0.399590 0.011518 -0.132318 2.000000
-0.354806 -0.004561 -0.075898 0.000000
-0.446376 -0.021586 0.231652 2.000000
0.031468 -0.093096 0.185020 0.000000
-0.424226 -0.000008 -0.227385 2.000000
0.380481 0.011518 -0.214100 0.000000
-0.055900 0.011518 -0.513797 1.000000
0.322961 0.032898 -0.064526 0.000000
-0.023258 -0.004561 0.064856 0.000000
0.237132 -0.054471 -0.227847 1.000000
-0.069912 0.011518 -0.110608 0.000000
0.220767 -0.004561 0.086082 0.000000
-0.205650 0.011518 -0.011339 0.000000
-0.017539 -0.004561 -0.480055 1.000000
0.169714 0.011518 0.175826 0.000000
0.499810 -0.001988 -0.089337 0.000000
0.326349 0.050649 0.065889 0.000000
0.062219 0.011518 -0.013891 0.000000
0.461911 -0.074157 -0.047105 0.000000
0.098073 -0.101124 0.198724 0.000000
-0.132205 0.003467 0.178686 0.000000
-0.155543 -0.004561 -0.088876 0.000000
0.429884 -0.004561 -0.020534 0.000000
-0.236511 -0.040987 -0.179192 0.000000
-0.442131 0.002543 0.167929 2.000000
0.097303 -0.100860 0.142282 0.000000
0.529593 -0.022796 0.097784 0.000000
0.090506 -0.004561 -0.448226 1.000000
0.107421 0.011518 -0.099148 0.000000
0.999826 0.011034 0.015012 0.000000
0.181240 0.011518 -0.295881 1.000000
-0.169620 -0.040415 0.142282 0.000000
0.000278 0.011518 -0.435645 1.000000
0.113778 0.011518 -0.069827 0.000000
-0.064721 -0.002142 0.689150 1.000000
0.485601 -0.017869 -0.086676 0.000000
-0.216472 0.011518 0.011977 0.000000
-0.145931 0.040707 -0.176090 0.000000
0.676659 -0.079128 -0.029728 0.000000
0.215004 -0.012634 -0.160033 0.000000
-0.342994 0.003467 0.187550 2.000000
-0.510803 0.043412 0.217135 2.000000
0.103396 0.011518 0.098532 0.000000
-0.336593 0.055334 0.186516 2.000000
0.248504 -0.009269 -0.227847 1.000000
-0.104446 0.006151 0.157525 0.000000
0.021988 -0.004561 -0.481265 1.000000
0.209681 -0.060454 -0.219797 1.000000
0.179282 -0.054757 -0.227847 1.000000
0.163907 -0.004561 0.329315 1.000000
0.240410 0.011518 0.293109 1.000000
-0.325595 0.019788 0.206335 0.000000
0.263704 -0.004561 -0.053572 0.000000
-0.399480 -0.044110 -0.184757 2.000000
0.381625 0.098051 0.000319 0.000000
-0.027657 0.011518 0.585768 1.000000
-0.346205 0.003467 -0.180599 2.000000
0.238650 -0.004561 -0.108540 0.000000
0.164193 -0.071562 -0.131306 0.000000
0.102318 -0.004561 0.267924 1.000000
-0.176395 0.011518 -0.016508 0.000000
-0.067602 -0.004561 0.066197 0.000000
0.122994 0.011518 0.212758 0.000000
-0.099057 -0.004561 0.254000 1.000000
0.060503 0.011518 -0.056497 0.000000
0.120113 -0.004561 -0.290008 1.000000
0.191886 0.011518 -0.114787 0.000000
0.320520 0.047108 -0.056233 0.000000
0.144177 0.002829 0.034985 0.000000
-0.017451 -0.091578 -0.158801 0.000000
-0.119557 -0.004561 0.487797 1.000000
0.762752 0.041718 -0.061952 0.000000
-0.100223 -0.004561 0.413802 1.000000
0.842928 0.010726 0.066307 0.000000
0.223033 -0.087487 -0.139357 0.000000
0.017831 -0.038567 0.215309 0.000000
0.255455 -0.044088 -0.139357 0.000000
-0.116060 -0.004561 0.425416 1.000000
0.196285 0.011518 -0.227803 0.000000
-0.405265 0.131507 -0.185813 2.000000
0.068950 0.011518 -0.371856 1.000000
0.380129 -0.019541 0.150311 0.000000
0.053025 -0.093074 -0.202838 0.000000
-0.171974 -0.003902 -0.253671 1.000000
0.811012 0.018974 -0.061160 0.000000
0.816489 0.070687 0.008149 0.000000
0.348873 -0.093074 -0.214342 0.000000
0.098315 -0.012612 0.183195 0.000000
-0.047300 0.011518 -0.300852 1.000000
-0.522900 -0.016175 0.234226 2.000000
-0.070506 0.011518 0.077723 0.000000
0.288647 0.011518 0.141908 0.000000
-0.012216 -0.010896 -0.227847 1.000000
-0.585523 0.025969 -0.177762 2.000000
-0.057528 0.011518 0.451570 1.000000
0.199475 0.011518 -0.058697 0.000000
0.033228 -0.004561 -0.491757 1.000000
-0.415493 0.003467 -0.398449 2.000000
0.687877 -0.000184 -0.082695 0.000000
0.957242 0.018073 -0.018620 0.000000
0.285964 -0.093074 -0.171229 0.000000
-0.290027 -0.004561 -0.024691 0.000000
0.120751 -0.092216 0.150311 0.000000
0.173651 0.011518 0.325268 1.000000
-0.076467 -0.004561 -0.044685 0.000000
0.018183 0.011518 -0.150223 0.000000
0.614806 0.123082 0.006962 0.000000
0.149874 -0.062081 -0.227847 1.000000
-0.569532 0.000454 0.208248 2.000000
-0.263456 0.011518 -0.215595 0.000000
-0.157633 -0.000954 -0.587748 1.000000
0.128779 0.011518 0.313236 1.000000
-0.303709 -0.004561 0.063470 0.000000
-0.409224 0.003467 -0.250965 2.000000
0.407602 0.011518 -0.099742 0.000000
0.299777 -0.004561 0.055133 0.000000
0.179678 -0.054361 -0.219797 1.000000
-0.096527 0.003467 0.215749 0.000000
-0.417231 0.011518 0.409579 2.000000
0.197407 -0.018815 0.230794 1.000000
0.427223 0.011518 -0.224460 0.000000
-0.240712 -0.004561 0.027110 0.000000
0.444556 0.003203 -0.221974 0.000000
0.190324 -0.037512 -0.010261 0.000000
0.427729 -0.004561 0.040660 0.000000
-0.153365 -0.000074 0.364509 1.000000
0.842752 -0.056978 0.016002 0.000000
0.032590 -0.004561 -0.400385 1.000000
-0.044220 0.011518 0.071894 0.000000
-0.144633 0.030654 -0.205301 0.000000
-0.066986 0.011518 0.506098 1.000000
0.595361 0.071919 -0.060500 0.000000
-0.099739 0.010924 -0.507902 1.000000
-0.192848 0.011518 -0.025857 0.000000
0.666629 0.093651 -0.026538 0.000000
0.021284 -0.093096 0.220500 0.000000
0.663351 0.075131 -0.051218 0.000000
-0.264512 0.030039 0.227539 0.000000
-0.300541 0.030105 -0.218169 2.000000
0.445326 -0.011556 0.217927 0.000000
0.074097 0.011518 0.186582 0.000000
0.863692 -0.018155 -0.046621 0.000000
0.817610 -0.007509 -0.060962 0.000000
0.471237 0.107421 -0.040968 0.000000
-0.089225 0.019458 0.163200 0.000000
-0.373063 -0.036280 0.163728 2.000000
0.166657 0.011518 0.361385 1.000000
-0.045584 -0.073959 0.142282 0.000000
-0.038743 0.011518 -0.096684 0.000000
0.342780 -0.101124 -0.196173 0.000000
