0.037666 -0.083982 -0.041753 1.000000
0.971761 -0.008973 -0.007387 0.000000
-0.424763 -0.012000 -0.117341 3.000000
-0.257272 -0.080443 -0.042354 0.000000
0.269994 -0.091861 -0.020319 0.000000
0.834207 0.062052 0.019344 0.000000
-0.682709 0.228407 0.148729 2.000000
-0.745142 0.239936 -0.001556 2.000000
-0.232789 -0.087098 0.029093 0.000000
0.895706 -0.073053 -0.040440 0.000000
0.211656 -0.102434 0.015405 0.000000
-0.288767 -0.007482 0.020057 0.000000
-0.275702 0.006363 0.136087 3.000000
0.124227 -0.080844 0.091972 1.000000
-0.676655 0.225536 0.141562 2.000000
0.145105 -0.083759 -0.074450 1.000000
-0.071509 0.054395 -0.043334 0.000000
-0.690098 0.231211 -0.049811 2.000000
0.044945 -0.074166 0.124067 1.000000
0.454133 -0.033546 -0.071935 0.000000
-0.051966 -0.043339 -0.363068 1.000000
0.077330 -0.121842 -0.071067 1.000000
-0.118962 0.038414 -0.057623 0.000000
-0.164546 0.032939 -0.119433 3.000000
-0.220502 -0.032077 -0.117341 3.000000
0.163957 -0.084026 -0.079436 1.000000
-0.073601 -0.036239 -0.419447 1.000000
-0.592475 0.076586 -0.003025 2.000000
0.796859 0.068173 0.004231 0.000000
-0.710442 0.223443 0.206088 2.000000
-0.574625 0.092501 -0.004917 2.000000
-0.295445 0.055374 -0.004894 0.000000
0.162177 -0.061947 0.183006 1.000000
-0.678168 0.226649 0.172389 2.000000
-0.701494 0.225179 0.156475 2.000000
-0.124660 0.009145 -0.071312 0.000000
-0.034961 0.037835 0.056582 0.000000
0.520216 0.015978 0.067221 0.000000
-0.395182 0.016891 -0.111754 3.000000
-0.285829 0.002334 -0.060005 0.000000
0.689665 -0.007437 0.072029 0.000000
-0.060892 -0.083381 -0.038749 0.000000
-0.403351 -0.065998 0.013290 0.000000
-0.131093 0.036989 0.057338 0.000000
-0.046268 -0.035193 0.371775 1.000000
-0.126797 -0.017965 -0.585891 1.000000
0.158459 -0.079219 -0.122527 1.000000
-0.287832 -0.020191 -0.132321 3.000000
0.030922 -0.080510 -0.068752 1.000000
-0.392667 0.051012 0.036973 0.000000
-0.274856 -0.076681 -0.044691 0.000000
0.347384 -0.045698 -0.067439 0.000000
0.222518 -0.092818 -0.018227 0.000000
0.088859 -0.115855 0.075189 3.000000
0.112230 -0.069047 -0.200096 1.000000
-0.068437 -0.042471 -0.369901 1.000000
-0.622657 0.230098 -0.079703 2.000000
-0.413879 0.058246 0.008393 2.000000
-0.002865 -0.058652 -0.246014 1.000000
0.800287 0.018226 0.066397 0.000000
0.802713 -0.080688 0.041558 0.000000
-0.522742 0.108081 0.007281 2.000000
0.252343 0.046137 0.049148 0.000000
-0.269203 -0.008439 -0.033206 0.000000
0.081714 -0.076592 0.115187 1.000000
0.028719 -0.094154 -0.015311 0.000000
-0.296446 -0.064017 0.053399 0.000000
0.531679 0.056020 -0.041664 0.000000
0.461745 -0.078796 -0.044781 0.000000
-0.212067 0.034808 0.103479 3.000000
0.044967 -0.065864 0.197719 1.000000
0.275313 -0.005612 -0.073582 0.000000
-0.024344 -0.047190 -0.345417 1.000000
-0.020338 -0.033301 0.358888 1.000000
0.159239 -0.094198 -0.013798 0.000000
-0.209040 -0.031431 0.071161 0.000000
0.096894 -0.042671 0.209782 1.000000
0.061749 -0.102434 -0.016268 0.000000
-0.739978 0.227917 -0.107080 2.000000
-0.025880 -0.035148 -0.355077 1.000000
0.084074 -0.084227 0.051373 1.000000
0.366259 -0.089101 0.024753 0.000000
-0.116225 -0.030073 -0.465854 1.000000
-0.272875 0.029600 0.094175 3.000000
0.093066 -0.104437 0.099361 3.000000
0.304760 -0.085362 -0.034453 0.000000
-0.227425 -0.082134 0.039911 0.000000
0.237119 -0.094198 0.006079 0.000000
0.634243 -0.081289 -0.042555 0.000000
0.916072 0.033940 -0.006653 0.000000
0.184701 -0.022684 0.072029 0.000000
0.564665 0.040729 -0.055553 0.000000
-0.112062 -0.020636 0.566130 1.000000
-0.545712 0.044913 -0.004360 2.000000
-0.282980 -0.038465 -0.106145 3.000000
0.031167 0.001488 0.072029 0.000000
-0.079944 -0.017498 0.541469 1.000000
-0.468833 0.047206 0.029405 0.000000
-0.232210 0.006541 -0.139666 3.000000
-0.088424 -0.029851 0.437302 1.000000
0.070407 -0.059476 0.272327 1.000000
0.084319 -0.102434 -0.001289 0.000000
-0.064809 -0.093575 0.015026 0.000000
0.584274 0.068173 -0.012707 0.000000
0.998671 -0.051441 0.003274 0.000000
-0.506850 0.116049 0.007637 2.000000
0.182965 -0.093375 -0.041063 0.000000
-0.267800 -0.016073 0.133661 3.000000
0.053269 -0.056115 0.296989 1.000000
-0.183310 -0.027603 0.106996 3.000000
-0.350110 -0.074923 0.029917 0.000000
-0.271317 0.006763 0.070960 0.000000
-0.364845 -0.000114 0.040690 0.000000
0.023132 -0.048725 -0.238312 1.000000
-0.402816 -0.025666 0.056693 0.000000
0.065756 -0.009329 -0.073582 0.000000
0.014407 -0.075168 -0.108727 1.000000
0.966797 -0.019367 -0.023547 0.000000
-0.313563 0.059225 -0.035521 0.000000
0.235917 0.011126 0.069024 0.000000
0.088904 -0.076169 0.045586 0.000000
0.507908 -0.058319 -0.062698 0.000000
-0.445485 0.127223 0.005010 2.000000
0.173328 -0.048236 -0.066482 0.000000
0.631327 -0.074522 0.047055 0.000000
0.085565 -0.126160 -0.112244 3.000000
0.645595 0.015733 0.067310 0.000000
-0.320396 0.016690 0.078817 3.000000
0.109848 -0.065063 0.223649 1.000000
-0.119318 -0.025800 -0.506942 1.000000
0.627343 -0.035682 0.069603 0.000000
0.003122 -0.053511 -0.297941 1.000000
0.010623 -0.029628 0.385174 1.000000
0.345181 0.033629 0.060343 0.000000
-0.159382 0.018204 -0.067951 0.000000
0.060258 -0.069091 -0.069598 1.000000
-0.451450 -0.030964 -0.043935 0.000000
-0.506338 0.160899 0.007058 2.000000
0.014518 -0.076503 -0.058469 1.000000
-0.284494 -0.007704 -0.023168 0.000000
-0.482655 -0.010041 -0.042889 0.000000
-0.271206 0.021097 -0.084867 3.000000
-0.320997 -0.068424 -0.049588 0.000000
-0.669198 0.230366 -0.100848 2.000000
0.192848 -0.088500 0.046966 1.000000
0.042808 -0.035460 -0.350937 1.000000
-0.163122 -0.014204 0.584360 1.000000
0.133664 -0.049950 0.127785 1.000000
0.617105 0.059715 0.032054 0.000000
0.430317 0.030179 -0.063499 0.000000
0.038267 -0.065040 0.118458 1.000000
-0.033737 -0.090771 0.032677 0.000000
-0.213914 -0.028760 0.121730 3.000000
-0.044643 -0.031008 0.393410 1.000000
-0.579967 0.184247 0.006746 2.000000
-0.328631 -0.002474 -0.133545 3.000000
0.048506 -0.035282 0.320604 1.000000
-0.413678 -0.054268 -0.034564 0.000000
-0.508786 0.028732 -0.036300 0.000000
-0.726156 0.230900 0.020390 2.000000
-0.440855 -0.055759 0.001115 0.000000
0.470069 0.067527 -0.016624 0.000000
-0.737552 0.226982 -0.141535 2.000000
0.539291 -0.063594 0.056827 0.000000
0.018792 -0.030964 0.350007 1.000000
-0.362107 -0.019924 -0.076854 3.000000
-0.200248 -0.014359 0.115565 3.000000
0.649824 0.049165 0.046454 0.000000
0.674374 -0.023285 0.072029 0.000000
0.790360 0.063231 -0.025973 0.000000
0.189487 -0.067489 0.141139 1.000000
0.725456 0.055196 -0.042622 0.000000
0.908704 0.019005 0.032588 0.000000
0.342376 -0.029050 0.072029 0.000000
-0.045311 -0.049727 -0.311452 1.000000
0.550843 0.023613 0.064372 0.000000
-0.192791 -0.002741 0.139002 3.000000
-0.386991 0.087715 0.001583 0.000000
0.080245 -0.120552 0.093641 3.000000
-0.126508 -0.012757 -0.568418 1.000000
-0.101868 -0.031231 -0.442016 1.000000
-0.492115 0.172495 -0.004939 2.000000
-0.034739 0.063921 -0.024459 0.000000
-0.267222 0.029177 -0.122616 3.000000
0.061438 0.005762 0.071027 0.000000
-0.172537 0.016735 -0.135592 3.000000
-0.244163 0.042153 -0.054307 0.000000
0.849098 -0.045921 0.060009 0.000000
0.094691 -0.046745 -0.286211 1.000000
0.165404 -0.081979 -0.041798 0.000000
-0.172670 -0.091216 0.020168 0.000000
0.420546 -0.058608 -0.062587 0.000000
-0.038055 -0.038576 -0.425701 1.000000
-0.000684 -0.042293 0.292648 1.000000
-0.070551 0.068173 -0.011750 0.000000
0.777316 -0.036818 0.069180 0.000000
0.292763 0.023969 -0.065792 0.000000
-0.390441 -0.025911 0.092773 3.000000
0.208339 -0.084939 0.069536 1.000000
-0.249705 0.003447 -0.079792 0.000000
0.244686 -0.102434 -0.010815 0.000000
0.176377 -0.054201 0.129565 1.000000
0.273265 -0.075969 -0.047318 0.000000
-0.420267 0.093569 -0.009480 2.000000
0.480085 -0.044764 -0.067795 0.000000
-0.013171 -0.078595 -0.073115 1.000000
0.805784 -0.084605 0.034546 0.000000
0.172415 0.061139 -0.030491 0.000000
-0.420534 -0.035682 0.048547 0.000000
-0.667151 0.229898 0.117412 2.000000
0.683655 0.068173 -0.013686 0.000000
0.164091 -0.084182 0.076347 1.000000
0.895639 -0.031209 0.054779 0.000000
0.105797 -0.082646 0.047834 0.000000
0.658816 -0.086519 0.030384 0.000000
0.195029 -0.084627 0.079663 1.000000
0.248915 -0.027358 -0.073582 0.000000
-0.727447 0.223265 -0.219616 2.000000
0.149601 -0.050595 0.114363 1.000000
-0.622924 0.221151 -0.007832 2.000000
-0.069884 -0.031075 0.482419 1.000000
-0.075248 -0.044163 0.348538 1.000000
-0.509075 -0.028493 -0.013731 0.000000
-0.696776 0.240404 -0.004405 2.000000
0.090306 -0.043918 0.201347 1.000000
0.106465 -0.053533 -0.132410 1.000000
-0.533492 0.163993 -0.008567 2.000000
0.750051 0.059781 0.031920 0.000000
-0.471771 0.041508 -0.035944 0.000000
-0.524878 0.091677 0.006390 2.000000
0.575549 0.010926 0.069091 0.000000
-0.324424 -0.083381 0.024909 0.000000
0.767434 -0.094198 0.001560 0.000000
-0.316679 0.001377 0.067310 0.000000
0.658927 -0.062392 -0.059448 0.000000
-0.095146 -0.023263 0.479993 1.000000
-0.153952 -0.000938 0.089390 3.000000
-0.698089 0.226804 0.183540 2.000000
-0.072265 0.061785 -0.029089 0.000000
0.686727 0.044646 0.050505 0.000000
0.493707 -0.017008 0.072029 0.000000
-0.072466 -0.084249 -0.036857 0.000000
-0.159694 -0.016162 0.576925 1.000000
0.357756 -0.050818 0.063971 0.000000
0.110338 -0.110847 0.111692 3.000000
-0.343343 -0.004855 -0.044491 0.000000
-0.359013 0.032783 -0.059337 0.000000
-0.228805 0.034163 0.112315 3.000000
-0.139261 -0.016652 -0.073582 0.000000
0.185080 0.023657 0.064372 0.000000
0.323168 -0.026201 0.072029 0.000000
0.136825 0.008455 -0.071579 0.000000
-0.017355 -0.050172 -0.266713 1.000000
0.582494 -0.034837 -0.071468 0.000000
-0.145716 -0.017631 0.551730 1.000000
0.048639 -0.058875 0.151623 1.000000
-0.158359 -0.094198 0.009462 0.000000
0.821231 -0.068023 -0.052994 0.000000
0.026893 -0.034814 -0.310450 1.000000
-0.017088 -0.058630 0.220266 1.000000
0.021819 -0.068758 -0.164639 1.000000
-0.513594 0.037323 0.030340 0.000000
-0.227870 -0.029005 0.093285 3.000000
-0.431062 -0.029495 -0.050590 0.000000
0.558789 0.001510 0.072029 0.000000
0.742305 -0.016385 0.072029 0.000000
0.052156 -0.038442 0.345978 1.000000
-0.431796 0.027129 0.050461 0.000000
-0.323868 -0.027402 0.081666 3.000000
0.105953 -0.111626 -0.088272 1.000000
0.417407 -0.094198 0.012667 0.000000
-0.541550 0.017202 -0.030246 0.000000
-0.335509 -0.085228 0.016740 0.000000
-0.023276 -0.049326 0.323987 1.000000
0.530299 0.058780 0.034079 0.000000
0.527383 0.003759 0.071762 0.000000
-0.217409 0.040417 0.054267 0.000000
0.008130 -0.042427 -0.285521 1.000000
0.824548 -0.053155 0.060855 0.000000
-0.279018 0.068173 -0.008522 0.000000
0.431207 0.037924 0.056515 0.000000
-0.652750 0.231812 -0.070956 2.000000
0.186771 0.000731 0.072029 0.000000
-0.173427 -0.081645 -0.042243 0.000000
0.092843 -0.081623 -0.077255 1.000000
0.710409 -0.094065 -0.015511 0.000000
0.050865 -0.083047 0.037930 0.000000
0.452975 0.048742 -0.048386 0.000000
-0.415704 0.027018 -0.054129 0.000000
-0.456836 0.065569 -0.009858 2.000000
0.274423 0.019562 0.065885 0.000000
-0.325070 0.027374 0.108175 3.000000
0.016254 -0.068958 0.053955 0.000000
-0.278462 -0.016095 -0.134880 3.000000
0.101413 -0.045387 -0.272256 1.000000
0.095292 -0.094198 -0.004449 0.000000
0.534550 -0.003965 -0.073582 0.000000
0.956247 -0.042115 -0.034008 0.000000
-0.329633 0.014910 -0.078790 3.000000
-0.584908 0.005717 -0.013397 0.000000
0.404409 -0.054001 0.062769 0.000000
0.029164 0.064834 -0.022478 0.000000
0.846828 0.003736 0.060366 0.000000
-0.525613 0.190591 -0.008233 2.000000
0.839394 0.058535 0.024553 0.000000
0.039847 -0.053978 0.310967 1.000000
-0.049785 -0.028026 -0.416754 1.000000
0.126609 -0.047479 0.215881 1.000000
0.388272 0.004115 0.071650 0.000000
-0.151926 0.013085 0.068312 0.000000
0.162310 0.048608 -0.048498 0.000000
-0.673694 0.225914 0.164310 2.000000
-0.340940 -0.001962 0.070493 0.000000
0.232244 0.019829 0.065796 0.000000
0.247891 -0.067044 -0.045960 1.000000
-0.038611 -0.026779 -0.414305 1.000000
-0.376530 -0.003275 -0.024904 0.000000
-0.057531 -0.044919 -0.329570 1.000000
0.036353 -0.093130 0.039955 0.000000
0.917430 -0.088589 0.001939 0.000000
-0.437605 0.007053 -0.114692 3.000000
-0.487463 0.106701 0.007770 2.000000
-0.593611 0.104698 -0.004338 2.000000
-0.696687 0.231478 -0.034876 2.000000
-0.310179 -0.015828 0.072029 0.000000
-0.341518 -0.034792 -0.095951 3.000000
0.030477 -0.075301 -0.047897 0.000000
-0.156177 -0.017186 0.561568 1.000000
-0.680216 0.229653 -0.112578 2.000000
0.076239 0.065702 0.019055 0.000000
0.075927 -0.102434 0.001182 0.000000
-0.673761 0.232146 0.035170 2.000000
0.964727 -0.059276 -0.027197 0.000000
0.154898 -0.052932 0.184831 1.000000
0.740680 0.003024 -0.073582 0.000000
-0.041416 -0.040824 0.398418 1.000000
-0.110883 0.052103 0.043828 0.000000
-0.400457 -0.002340 -0.122883 3.000000
0.862942 -0.089680 -0.000487 0.000000
-0.151659 0.068173 0.007058 0.000000
0.020172 -0.078173 -0.085178 1.000000
0.456715 -0.008884 -0.073582 0.000000
-0.046357 -0.094109 -0.019540 0.000000
0.415070 -0.092529 -0.018872 0.000000
-0.662187 0.230699 0.096045 2.000000
-0.225822 -0.062147 -0.059671 0.000000
0.454044 -0.083448 -0.038615 0.000000
-0.343744 -0.059409 -0.053261 0.000000
-0.187628 0.020252 0.065641 0.000000
-0.600956 0.050122 -0.000354 2.000000
0.099899 -0.069114 0.051885 0.000000
0.014073 -0.048970 -0.349112 1.000000
-0.681863 0.229609 0.110624 2.000000
0.089594 -0.041558 -0.228942 1.000000
0.208985 -0.078595 -0.051191 0.000000
0.983135 -0.034948 0.017831 0.000000
-0.211599 0.058468 -0.036323 0.000000
-0.133029 -0.022150 0.533723 1.000000
0.055428 -0.062637 -0.121503 1.000000
-0.238954 -0.032121 0.119215 3.000000
-0.078008 0.023679 0.064350 0.000000
0.098341 -0.103524 -0.118387 3.000000
-0.645382 0.233749 -0.014933 2.000000
0.025091 -0.078796 -0.030446 1.000000
0.680116 0.040951 -0.055331 0.000000
0.095692 -0.049794 -0.164105 1.000000
-0.072733 -0.044252 -0.350403 1.000000
-0.348975 0.000375 0.045475 0.000000
0.244664 -0.094198 0.008393 0.000000
0.106042 0.050967 0.044830 0.000000
-0.173516 -0.025622 0.110201 3.000000
-0.191322 -0.079530 0.042582 0.000000
0.211611 -0.090904 -0.045203 0.000000
0.553314 -0.093174 0.015917 0.000000
0.586634 -0.062837 -0.059048 0.000000
0.796102 0.024948 -0.065436 0.000000
-0.222417 -0.010687 0.050060 0.000000
-0.048516 -0.048369 0.321517 1.000000
-0.122123 -0.058341 -0.062698 0.000000
0.027494 -0.085874 0.031809 0.000000
-0.112485 0.007542 -0.071913 0.000000
-0.240690 0.003736 -0.064724 0.000000
-0.710709 0.228830 -0.106791 2.000000
-0.021451 -0.091750 -0.020564 0.000000
0.030076 -0.006747 0.072029 0.000000
0.118240 -0.045787 -0.187809 1.000000
-0.660829 0.229119 0.039866 2.000000
0.894971 -0.032678 -0.056510 0.000000
0.070897 -0.110625 -0.108193 3.000000
0.560659 -0.067533 0.053310 0.000000
-0.670133 0.228540 -0.059181 2.000000
-0.621900 0.191860 -0.006764 2.000000
0.120287 -0.046767 -0.229432 1.000000
0.068471 -0.074367 0.131012 1.000000
0.141900 -0.070649 0.177531 1.000000
0.234759 0.062096 -0.028443 0.000000
0.975100 -0.073743 -0.008634 0.000000
0.171592 -0.100141 -0.029801 0.000000
-0.439542 -0.013625 0.053577 0.000000
-0.039435 0.011771 -0.070333 0.000000
0.066824 0.021698 -0.066660 0.000000
-0.475199 0.166129 0.000804 2.000000
0.258954 -0.076637 -0.046717 0.000000
-0.098374 -0.017320 -0.073582 0.000000
0.695319 -0.092195 -0.019585 0.000000
0.737430 -0.085540 0.032499 0.000000
-0.625773 0.034385 0.005856 0.000000
-0.029308 -0.048080 0.286817 1.000000
-0.026948 -0.026290 0.465191 1.000000
0.250896 -0.055603 -0.063722 0.000000
-0.536853 0.223532 -0.001022 2.000000
0.574436 -0.035349 0.069714 0.000000
-0.390886 0.063231 -0.013753 0.000000
-0.581169 0.008833 0.015382 0.000000
0.233713 -0.082313 -0.061274 1.000000
0.560859 0.068173 -0.001734 0.000000
-0.257339 0.068173 0.011376 0.000000
-0.613598 0.147744 0.003675 2.000000
0.613232 0.012417 0.068534 0.000000
-0.021963 -0.053244 0.287195 1.000000
-0.104027 -0.023352 0.486648 1.000000
-0.656600 0.167198 0.001961 2.000000
-0.759676 0.225313 -0.000154 2.000000
-0.717409 0.236442 -0.004182 2.000000
0.306630 0.004293 -0.073115 0.000000
0.221672 -0.060923 -0.060762 0.000000
-0.727269 0.226916 0.121330 2.000000
-0.245476 0.065435 0.019656 0.000000
-0.357967 -0.033790 -0.105589 3.000000
0.266966 -0.101632 0.005500 0.000000
-0.507028 -0.021638 -0.025438 0.000000
0.439487 -0.089969 0.022883 0.000000
0.045968 -0.102434 -0.001801 0.000000
0.034261 -0.068424 0.097514 1.000000
-0.337490 -0.047279 -0.063677 0.000000
0.805117 -0.015316 -0.073582 0.000000
-0.307130 -0.056093 -0.061719 0.000000
-0.044220 0.065635 -0.020742 0.000000
0.388427 0.065101 0.020324 0.000000
0.168075 -0.102144 0.024909 0.000000
-0.029130 -0.040579 -0.410232 1.000000
-0.471727 -0.038821 -0.024570 0.000000
-0.366759 -0.002229 0.083046 0.000000
-0.570596 0.208531 0.006435 2.000000
0.461411 0.068173 -0.013998 0.000000
0.665382 -0.038665 0.068490 0.000000
0.316780 -0.037953 0.068757 0.000000
-0.020850 -0.005345 -0.073582 0.000000
-0.595302 0.022233 0.014203 0.000000
-0.286363 0.002312 0.012289 0.000000
-0.343455 -0.031298 -0.068641 0.000000
0.385489 -0.080220 -0.043512 0.000000
0.059479 -0.015316 -0.073582 0.000000
-0.506204 0.171738 -0.008478 2.000000
0.303447 0.013374 -0.069754 0.000000
-0.219367 0.004382 -0.009079 0.000000
-0.005180 -0.027425 0.385842 1.000000
0.644237 0.054284 -0.043423 0.000000
-0.174139 -0.089391 -0.025683 0.000000
0.413824 -0.063972 0.056493 0.000000
-0.038389 -0.069982 0.051106 0.000000
0.151426 -0.089168 0.024597 0.000000
0.097851 -0.069247 -0.034675 1.000000
0.957649 -0.024553 0.028670 0.000000
0.710231 -0.027937 0.072029 0.000000
-0.582971 0.118386 -0.005673 2.000000
-0.540414 0.109105 -0.007810 2.000000
0.631683 0.067661 0.014804 0.000000
0.344201 0.042064 0.052798 0.000000
0.847607 -0.094198 0.000603 0.000000
-0.719078 0.223621 -0.206328 2.000000
0.797593 0.029155 0.062324 0.000000
0.289536 -0.029806 0.071762 0.000000
0.645684 -0.000315 0.072029 0.000000
-0.142044 -0.007259 -0.617697 1.000000
0.564020 -0.048525 0.064817 0.000000
0.181007 -0.063772 0.156987 1.000000
0.422949 -0.011444 0.072029 0.000000
0.159750 -0.048703 0.064750 0.000000
0.522242 -0.086875 -0.031159 0.000000
-0.365824 -0.003787 0.027446 0.000000
-0.580479 0.104809 -0.005162 2.000000
-0.123881 -0.016875 -0.540885 1.000000
0.356910 0.057578 0.036728 0.000000
-0.162120 -0.015717 0.130322 3.000000
0.007574 -0.037218 0.069024 0.000000
-0.727425 0.203812 -0.000955 2.000000
-0.528996 0.092656 -0.007743 2.000000
-0.705479 0.227606 0.092684 2.000000
0.046169 -0.063371 -0.223578 1.000000
-0.423249 0.015466 -0.057801 0.000000
-0.234391 -0.086007 -0.033028 0.000000
0.224677 0.068173 -0.003158 0.000000
0.499004 0.062564 -0.027419 0.000000
-0.019737 -0.086230 0.030985 0.000000
0.693338 -0.094198 0.010597 0.000000
0.655366 0.031625 -0.062965 0.000000
-0.043530 -0.051730 -0.292755 1.000000
-0.423516 0.119566 0.001449 2.000000
0.027517 -0.073832 0.122042 1.000000
0.769126 -0.037352 -0.070533 0.000000
0.734849 -0.052242 0.063437 0.000000
0.792341 -0.027269 0.072029 0.000000
-0.173828 0.034430 -0.124553 3.000000
-0.154041 -0.016251 0.072029 0.000000
-0.195329 -0.017231 -0.073582 0.000000
0.096672 -0.078863 -0.044736 0.000000
-0.689052 0.229364 0.038820 2.000000
-0.615802 0.209599 -0.007944 2.000000
0.854262 -0.045409 -0.061006 0.000000
0.275046 0.068173 0.002963 0.000000
-0.147564 -0.019367 -0.544291 1.000000
-0.214515 0.004538 0.066197 0.000000
-0.244986 -0.028827 -0.073582 0.000000
0.343066 0.060204 -0.032583 0.000000
0.459296 -0.002629 0.072029 0.000000
-0.441345 0.122126 -0.007053 2.000000
-0.001641 -0.077950 0.062591 1.000000
-0.152883 0.026105 -0.093347 3.000000
-0.088202 -0.094198 0.005633 0.000000
0.079978 -0.100809 0.027135 0.000000
0.313708 -0.004566 -0.073582 0.000000
0.100188 -0.128920 -0.076587 1.000000
-0.004000 -0.042471 -0.401440 1.000000
-0.351579 0.044312 -0.007209 2.000000
0.161375 -0.073120 -0.155113 1.000000
-0.499482 0.065969 0.006702 2.000000
-0.351579 -0.008105 0.129476 3.000000
-0.386012 0.020830 0.098538 3.000000
-0.260567 0.057222 -0.039283 0.000000
0.379970 -0.094198 0.007859 0.000000
-0.703609 0.224200 -0.185650 2.000000
0.043075 -0.077104 -0.100603 1.000000
0.882885 -0.141585 0.012333 0.000000
-0.390040 0.013418 -0.117920 3.000000
0.159706 -0.092662 -0.042288 0.000000
0.061593 -0.045854 0.217083 1.000000
-0.043575 -0.081623 -0.042488 0.000000
0.818226 -0.027291 -0.071824 0.000000
-0.388749 -0.054201 -0.043311 0.000000
-0.219657 0.004382 -0.038281 0.000000
-0.402683 -0.002006 -0.006519 0.000000
-0.304860 0.066036 -0.020074 0.000000
0.608558 -0.024999 -0.073582 0.000000
-0.032045 -0.023441 -0.430642 1.000000
-0.430616 0.079992 0.008104 2.000000
0.875095 -0.127941 0.013357 0.000000
-0.498659 0.055686 -0.000688 0.000000
0.010445 -0.037285 0.309119 1.000000
-0.713580 0.231323 -0.021677 2.000000
-0.745008 0.227339 -0.121236 2.000000
-0.600555 0.199984 -0.008100 2.000000
-0.646940 0.232881 -0.042154 2.000000
-0.059000 0.060494 0.030340 0.000000
-0.671402 0.152241 -0.001867 2.000000
-0.357344 0.066058 -0.004627 0.000000
0.006550 -0.101810 -0.002134 0.000000
0.505815 -0.094198 -0.014332 0.000000
0.009020 -0.061168 0.219798 1.000000
-0.237507 -0.031030 -0.096597 3.000000
-0.261524 -0.034280 -0.097064 3.000000
-0.688518 0.193729 -0.002847 2.000000
-0.326761 0.043355 0.052442 0.000000
0.277828 0.015043 -0.069131 0.000000
-0.623458 0.233816 -0.036412 2.000000
-0.074714 -0.037552 -0.409030 1.000000
0.431252 -0.009418 -0.073582 0.000000
0.018925 -0.094198 0.000136 0.000000
0.084074 -0.090370 -0.045938 0.000000
-0.314119 0.009501 0.131168 3.000000
0.254257 -0.012646 -0.073582 0.000000
0.726480 -0.069314 -0.053261 0.000000
-0.399767 -0.060121 0.029316 0.000000
0.103015 -0.070605 0.178844 1.000000
-0.445307 -0.022884 0.048613 0.000000
0.621044 -0.094198 -0.006141 0.000000
-0.307264 0.033718 -0.062498 0.000000
0.175598 -0.054401 -0.082663 1.000000
-0.255981 0.068173 0.003608 0.000000
0.672104 0.007364 -0.071980 0.000000
-0.337913 0.063187 -0.025082 0.000000
0.234292 -0.089902 0.030251 1.000000
-0.379512 -0.000582 0.046321 0.000000
-0.367093 -0.021949 0.121018 3.000000
-0.679437 0.225669 -0.178528 2.000000
-0.707949 0.224512 -0.222153 2.000000
0.166294 -0.082402 -0.095617 1.000000
0.720425 0.003714 -0.073337 0.000000
-0.002042 0.068173 0.005277 0.000000
-0.698979 0.228941 0.114541 2.000000
0.134621 -0.055225 0.062302 0.000000
-0.402794 -0.000470 0.060811 0.000000
0.286976 0.064367 0.021948 0.000000
0.090150 -0.082980 0.063482 1.000000
0.067759 -0.005256 0.072029 0.000000
-0.575871 0.121458 0.004699 2.000000
0.441245 0.066169 -0.019585 0.000000
0.055383 -0.067956 0.080976 1.000000
-0.265174 -0.084850 0.030340 0.000000
-0.183955 -0.072964 -0.050011 0.000000
0.428269 -0.094198 0.013357 0.000000
0.505615 0.037212 0.057138 0.000000
0.353839 0.032449 -0.062654 0.000000
0.319317 -0.028204 -0.073582 0.000000
0.236651 -0.083092 0.045408 0.000000
-0.198133 -0.004878 0.065106 0.000000
-0.708706 0.229319 -0.050434 2.000000
0.006572 -0.039800 -0.300835 1.000000
-0.389640 -0.020681 0.061434 0.000000
-0.162610 -0.022439 0.115899 3.000000
0.160107 -0.052131 -0.101026 1.000000
0.003812 -0.067979 -0.135682 1.000000
-0.302434 -0.006836 -0.066704 0.000000
-0.096526 -0.013714 -0.554463 1.000000
0.120488 -0.081623 0.083402 1.000000
0.817803 -0.094198 -0.012996 0.000000
0.081381 -0.077438 0.107307 1.000000
-0.030287 -0.043651 0.311590 1.000000
-0.025546 -0.052977 -0.064724 0.000000
-0.176232 0.021231 0.084137 3.000000
-0.119519 -0.019991 -0.519629 1.000000
0.110271 0.025037 -0.065414 0.000000
-0.142088 -0.094198 0.005789 0.000000
-0.341719 -0.061079 0.050817 0.000000
0.408526 -0.064996 -0.057134 0.000000
0.729061 0.024325 -0.065681 0.000000
0.189442 -0.070138 -0.054975 0.000000
0.066357 -0.079597 -0.086558 1.000000
-0.554927 -0.010064 -0.013909 0.000000
0.053670 0.036633 0.057650 0.000000
-0.679949 0.232324 0.022594 2.000000
0.647375 0.068173 -0.011371 0.000000
0.864389 -0.092462 0.011888 0.000000
-0.425542 -0.007526 0.057249 0.000000
-0.490713 0.037123 -0.036768 0.000000
-0.546246 0.096195 0.005300 2.000000
0.197678 -0.102434 -0.019340 0.000000
-0.165971 -0.011800 -0.099179 3.000000
0.045323 -0.040690 0.358732 1.000000
0.150714 -0.102434 0.015494 0.000000
-0.700448 0.226003 0.002406 2.000000
-0.662766 0.231990 0.052776 2.000000
-0.602581 0.230032 0.021748 2.000000
-0.057953 -0.030697 0.406809 1.000000
0.342421 -0.000804 0.072029 0.000000
-0.282624 -0.006013 -0.136950 3.000000
-0.736061 0.224890 0.208981 2.000000
-0.720169 0.226760 -0.123440 2.000000
-0.607811 0.162257 -0.006230 2.000000
0.771084 -0.067979 0.052909 0.000000
-0.392533 -0.002963 0.076502 3.000000
0.028095 0.059648 -0.033763 0.000000
-0.655576 0.233615 -0.007855 2.000000
-0.022564 0.060761 -0.031337 0.000000
-0.214137 -0.032032 0.112427 3.000000
-0.390152 0.026039 -0.057868 0.000000
0.485294 0.063565 -0.025238 0.000000
0.441846 -0.069292 -0.053283 0.000000
-0.056974 0.045403 -0.051369 0.000000
-0.717787 0.244254 0.000203 2.000000
-0.340005 -0.001695 -0.082841 0.000000
-0.738376 0.227672 0.106662 2.000000
-0.229049 -0.065241 0.055358 0.000000
0.688797 -0.039667 0.068111 0.000000
-0.261880 -0.092729 0.002451 0.000000
0.796992 0.057867 0.036104 0.000000
0.299174 0.041886 -0.054507 0.000000
-0.112374 -0.021504 0.503742 1.000000
-0.340049 0.045603 -0.050723 0.000000
-0.250350 -0.043272 0.066620 0.000000
-0.041193 0.002623 0.072029 0.000000
0.002143 -0.089591 -0.025260 0.000000
0.087368 0.000553 -0.073582 0.000000
-0.240423 -0.009819 -0.034097 0.000000
0.177134 -0.090214 0.028047 1.000000
-0.199491 0.010124 -0.114492 3.000000
0.105619 -0.062525 0.073364 1.000000
0.732534 0.059025 -0.035121 0.000000
-0.348752 -0.081845 0.015249 0.000000
-0.628155 0.019651 0.004164 0.000000
-0.159449 -0.005234 -0.085935 3.000000
-0.200114 -0.084071 -0.037257 0.000000
-0.724865 0.228963 0.066464 2.000000
0.113743 -0.074500 0.147616 1.000000
0.869575 0.037056 0.040422 0.000000
-0.693170 0.228429 0.137890 2.000000
0.699481 0.038948 -0.057134 0.000000
0.075104 -0.057829 0.133505 1.000000
-0.160718 -0.036684 -0.070778 0.000000
-0.355674 0.037835 0.054200 0.000000
-0.648944 0.228028 0.067243 2.000000
-0.567413 0.175389 -0.008411 2.000000
-0.034739 -0.032121 -0.467702 1.000000
-0.045022 -0.064929 -0.057178 0.000000
0.504591 -0.038376 0.068601 0.000000
-0.175297 -0.016363 0.112048 3.000000
0.044878 -0.073454 0.050861 1.000000
0.146418 -0.082758 0.082913 1.000000
-0.708261 0.230121 -0.068018 2.000000
-0.695351 0.229965 -0.085579 2.000000
0.868663 -0.080020 0.036705 0.000000
0.001519 -0.069670 -0.150038 1.000000
-0.712334 0.227784 -0.092590 2.000000
-0.021584 -0.042293 -0.313232 1.000000
0.740190 -0.059521 0.060455 0.000000
-0.222862 0.023368 0.085183 3.000000
0.556719 0.021543 -0.066704 0.000000
-0.069906 -0.091082 0.020457 0.000000
-0.288990 -0.068624 -0.051079 0.000000
0.022286 -0.064484 -0.140912 1.000000
0.144726 -0.073120 -0.049855 0.000000
-0.017266 -0.050172 0.265115 1.000000
-0.376018 -0.072207 0.018276 0.000000
-0.201205 -0.026067 -0.095640 3.000000
-0.280999 -0.091416 0.005678 0.000000
0.757974 0.064745 -0.022656 0.000000
-0.034071 -0.097670 0.013379 0.000000
-0.471237 0.049098 -0.009168 2.000000
-0.293976 0.002089 -0.040796 0.000000
0.873693 -0.025755 -0.061096 0.000000
0.273755 -0.017453 -0.073582 0.000000
0.044522 -0.050951 -0.331528 1.000000
-0.019158 0.046071 -0.050768 0.000000
-0.199625 0.010191 0.114897 3.000000
0.131683 -0.047902 0.144634 1.000000
-0.462312 -0.047813 0.010842 0.000000
-0.311559 -0.035660 0.094776 3.000000
0.012826 -0.076815 0.092951 1.000000
-0.210754 0.059626 0.032254 0.000000
0.942136 -0.049082 -0.039016 0.000000
-0.332370 -0.035504 -0.106657 3.000000
-0.111350 -0.011577 -0.568841 1.000000
-0.377398 -0.017987 0.064773 0.000000
0.123559 -0.055826 -0.104075 1.000000
-0.010989 0.032182 0.061189 0.000000
0.151515 -0.063082 0.029538 1.000000
0.137849 -0.094198 0.007192 0.000000
0.904720 0.044446 -0.006742 0.000000
0.740146 -0.001717 0.072029 0.000000
0.752432 0.019228 0.066019 0.000000
0.540671 0.012016 0.068690 0.000000
0.673061 0.068173 -0.002268 0.000000
0.041094 -0.060010 0.251761 1.000000
-0.199647 0.068173 -0.008122 0.000000
0.905366 0.038414 -0.019829 0.000000
-0.152215 0.000665 -0.136193 3.000000
-0.305973 0.032249 0.061523 0.000000
-0.659694 0.227672 0.144100 2.000000
0.020216 -0.052465 0.314550 1.000000
-0.127042 -0.022150 -0.512907 1.000000
0.131372 -0.077794 -0.125287 1.000000
-0.293330 0.009256 -0.077544 3.000000
0.782770 -0.090615 0.021437 0.000000
-0.739911 0.223132 -0.233282 2.000000
0.016655 -0.080777 -0.043022 0.000000
-0.295378 0.011326 0.076747 3.000000
0.161909 -0.067444 -0.054930 0.000000
-0.114533 -0.030519 0.454685 1.000000
0.512693 0.056465 0.039154 0.000000
0.100166 -0.113741 0.069491 3.000000
-0.685446 0.228362 -0.149771 2.000000
-0.317146 0.001355 -0.069687 0.000000
-0.060291 -0.024153 -0.073582 0.000000
0.265943 -0.075413 -0.031849 1.000000
0.058143 -0.050172 0.323320 1.000000
0.911531 -0.032455 -0.052259 0.000000
0.740279 0.046071 0.049214 0.000000
-0.080812 -0.041113 0.374958 1.000000
0.122847 -0.073320 0.161594 1.000000
-0.093677 -0.044808 0.066219 0.000000
0.135423 -0.067867 0.194246 1.000000
0.102481 -0.124091 -0.100915 3.000000
-0.297515 -0.024309 -0.082841 3.000000
0.041717 -0.034347 -0.320867 1.000000
0.471939 0.008833 -0.071445 0.000000
-0.032646 -0.078017 -0.045493 0.000000
0.970559 -0.012401 0.013891 0.000000
0.884733 -0.038643 0.057427 0.000000
-0.179014 0.011705 0.117791 3.000000
0.182965 -0.056716 -0.046205 1.000000
0.702597 -0.094198 -0.011282 0.000000
0.317447 0.056754 0.038508 0.000000
-0.720725 0.223065 0.220244 2.000000
-0.296246 -0.007126 0.047033 0.000000
0.210610 -0.075346 0.046321 0.000000
0.063663 -0.045120 -0.220684 1.000000
-0.162120 -0.000337 0.072029 0.000000
0.008642 -0.050662 -0.241317 1.000000
0.130415 -0.063149 0.215191 1.000000
-0.424585 -0.001094 -0.079480 3.000000
0.029297 -0.057540 -0.271410 1.000000
-0.270872 -0.033902 0.120439 3.000000
0.899668 -0.089123 -0.017559 0.000000
-0.182019 -0.013402 -0.087760 3.000000
0.197121 0.062831 0.025287 0.000000
-0.201472 -0.030986 0.111225 3.000000
-0.596237 0.082373 0.001538 2.000000
0.012671 -0.030029 -0.367964 1.000000
0.036041 0.034586 -0.061029 0.000000
-0.617382 0.178572 0.004854 2.000000
0.499962 0.059359 0.032833 0.000000
-0.513905 -0.013959 -0.029489 0.000000
-0.070774 -0.039644 -0.395942 1.000000
0.601390 -0.013603 0.072029 0.000000
-0.653462 0.229119 0.128719 2.000000
-0.155665 -0.022038 -0.073582 0.000000
-0.258808 0.014420 -0.069531 0.000000
0.668921 -0.016541 -0.073582 0.000000
-0.068281 -0.040089 0.387266 1.000000
-0.291282 -0.012000 -0.078056 3.000000
0.742527 -0.094198 -0.002290 0.000000
-0.018824 -0.055559 -0.239381 1.000000
-0.363576 -0.055158 -0.050701 0.000000
0.061682 -0.056850 -0.153599 1.000000
-0.050853 -0.022083 -0.452299 1.000000
-0.409694 -0.001672 0.069113 0.000000
0.378144 -0.085985 0.031564 0.000000
0.539692 0.026016 -0.065035 0.000000
-0.389484 0.003447 -0.064434 0.000000
-0.487530 0.075228 -0.009413 2.000000
0.354863 -0.087165 -0.030535 0.000000
-0.332148 -0.005412 -0.057490 0.000000
0.258286 -0.080065 -0.039127 1.000000
0.087568 -0.066532 -0.062587 1.000000
-0.123258 -0.022662 -0.073582 0.000000
0.059523 0.063076 0.024775 0.000000
0.049441 -0.038531 -0.070088 0.000000
-0.159115 0.037012 -0.058870 0.000000
-0.134788 -0.022061 -0.535076 1.000000
-0.366558 -0.002719 0.066486 0.000000
-0.099576 -0.023886 0.538776 1.000000
-0.332014 -0.015049 -0.074984 3.000000
-0.404864 -0.060233 -0.027152 0.000000
0.750340 -0.044741 -0.067795 0.000000
0.376853 -0.055358 -0.063811 0.000000
-0.044643 -0.092151 0.018120 0.000000
0.250763 -0.085117 -0.036612 1.000000
0.262515 0.012906 0.068356 0.000000
0.422126 0.012328 0.068579 0.000000
0.877677 -0.102345 -0.000154 0.000000
0.014718 -0.058652 0.191464 1.000000
0.046792 -0.054112 -0.187498 1.000000
0.599454 0.009568 0.069603 0.000000
0.060102 -0.057540 0.286216 1.000000
0.665671 -0.058719 -0.062565 0.000000
0.138405 -0.087855 -0.038259 1.000000
0.843890 0.006007 -0.061964 0.000000
0.224387 -0.082402 0.068512 1.000000
-0.438496 0.012662 -0.108861 3.000000
-0.352402 -0.004432 -0.077344 0.000000
0.140831 0.006162 0.070871 0.000000
0.242416 0.068173 0.000203 0.000000
0.551444 0.067394 -0.016891 0.000000
-0.258586 -0.010754 0.072029 0.000000
0.549908 0.005762 -0.072581 0.000000
0.516544 -0.055069 0.062369 0.000000
-0.730875 0.223889 -0.204369 2.000000
-0.207526 -0.011399 0.072273 0.000000
-0.652416 0.229898 -0.018160 2.000000
-0.418553 0.056220 -0.023925 0.000000
0.313797 -0.094198 -0.001044 0.000000
0.104195 -0.073632 -0.153087 1.000000
-0.644002 0.229297 -0.032939 2.000000
-0.264907 0.029132 -0.093948 3.000000
0.307075 -0.023173 -0.073582 0.000000
-0.034182 -0.012178 -0.073582 0.000000
0.419477 0.063076 0.024775 0.000000
-0.166438 0.009145 0.135931 3.000000
-0.566456 0.198025 0.006568 2.000000
0.137760 -0.051797 0.217283 1.000000
0.048995 -0.094198 -0.014287 0.000000
0.650402 0.058758 0.034146 0.000000
-0.020405 -0.008684 0.072029 0.000000
0.000852 -0.062191 -0.182690 1.000000
-0.060669 0.068173 -0.006653 0.000000
0.917697 -0.013135 0.042871 0.000000
0.872313 -0.012890 -0.059671 0.000000
-0.431952 0.013953 -0.088495 3.000000
0.093333 -0.066843 -0.212248 1.000000
-0.371633 -0.000337 0.057294 0.000000
-0.342275 -0.029806 0.083514 3.000000
0.046235 -0.048280 0.340681 1.000000
0.131127 -0.050150 -0.130295 1.000000
0.823479 -0.021215 0.069246 0.000000
0.050487 -0.038709 0.265627 1.000000
0.000896 -0.053733 0.293049 1.000000
-0.075559 -0.036372 0.390026 1.000000
-0.727247 0.230633 -0.029378 2.000000
-0.224331 0.008945 0.069847 0.000000
-0.198868 -0.013803 0.134929 3.000000
0.930317 -0.037018 0.043138 0.000000
-0.234035 0.047718 -0.049299 0.000000
0.116592 -0.062770 -0.062854 1.000000
-0.280376 0.049699 -0.005228 0.000000
-0.185135 -0.009952 -0.073582 0.000000
0.240569 -0.032811 0.070649 0.000000
0.084141 -0.056872 -0.278933 1.000000
-0.088113 -0.016407 0.514537 1.000000
0.114567 0.001644 0.072029 0.000000
-0.008741 0.005984 0.070938 0.000000
-0.084017 -0.024910 -0.073582 0.000000
0.847518 -0.071607 0.045186 0.000000
-0.339426 -0.017809 0.127540 3.000000
-0.539413 -0.008283 -0.022345 0.000000
-0.188184 -0.094198 0.000002 0.000000
0.126920 -0.063683 -0.047852 1.000000
-0.207793 0.064745 -0.022701 0.000000
0.011958 -0.029851 0.376494 1.000000
0.097028 -0.059899 0.100630 1.000000
0.138116 -0.054602 0.096935 1.000000
0.126497 -0.078484 0.115187 1.000000
0.713793 0.064456 -0.023302 0.000000
0.021752 -0.076526 0.049637 1.000000
0.006795 0.065324 -0.021432 0.000000
-0.316679 -0.006146 -0.081951 0.000000
-0.698645 0.231033 0.045720 2.000000
0.761402 0.068173 0.002963 0.000000
-0.436225 -0.005590 -0.081083 3.000000
0.864434 -0.081133 -0.037747 0.000000
-0.020048 0.018293 0.066375 0.000000
-0.402193 -0.017520 0.115276 3.000000
-0.027794 -0.042916 -0.386639 1.000000
0.521685 -0.039355 -0.069798 0.000000
-0.004357 -0.054557 -0.284453 1.000000
0.210187 -0.011043 -0.073582 0.000000
0.109581 0.055018 -0.042777 0.000000
0.409817 0.016668 -0.068530 0.000000
0.013472 -0.094198 -0.006631 0.000000
-0.158025 -0.015005 0.114341 3.000000
-0.020315 -0.093597 0.014960 0.000000
-0.335442 0.024748 0.112738 3.000000
0.097406 -0.046010 0.182828 1.000000
-0.008764 -0.069158 -0.150683 1.000000
-0.262815 0.003046 -0.000755 0.000000
-0.079210 -0.032344 -0.465142 1.000000
-0.308822 -0.023084 -0.128581 3.000000
0.087234 -0.050951 0.063927 0.000000
-0.222172 0.004293 0.019589 0.000000
0.620043 0.066192 0.017964 0.000000
-0.384120 0.063921 -0.005028 0.000000
0.290248 -0.042004 0.067265 0.000000
-0.655866 0.212559 -0.005673 2.000000
-0.155843 0.032293 0.096980 3.000000
0.158838 -0.068624 -0.173409 1.000000
-0.423071 0.060805 0.002784 0.000000
-0.434356 -0.007415 0.055869 0.000000
0.474654 -0.064039 0.056426 0.000000
-0.199157 -0.007126 0.081355 0.000000
0.406301 0.039838 0.054801 0.000000
0.614434 0.021676 0.065106 0.000000
0.032680 -0.050573 0.064060 0.000000
-0.010923 -0.047056 -0.353519 1.000000
0.114567 -0.124781 0.084827 3.000000
0.093578 -0.111337 -0.093236 1.000000
0.092465 -0.142475 0.086719 3.000000
-0.184378 -0.009707 0.625937 1.000000
-0.238242 0.021164 0.065285 0.000000
0.209675 -0.067556 -0.117452 1.000000
-0.578609 0.165128 0.006568 2.000000
-0.032958 -0.057183 -0.243476 1.000000
-0.032401 0.008166 -0.071690 0.000000
-0.698022 0.226137 0.129699 2.000000
-0.349709 -0.023040 -0.077678 3.000000
0.123693 -0.086319 -0.046850 1.000000
0.241170 0.053772 -0.043890 0.000000
-0.231275 -0.094198 -0.009391 0.000000
0.133086 -0.015495 0.072029 0.000000
0.084563 -0.056471 0.133037 1.000000
0.137871 -0.086853 0.044896 1.000000
-0.343811 0.026528 -0.102428 3.000000
-0.457615 0.117251 0.007637 2.000000
-0.153195 0.022277 -0.134836 3.000000
0.153340 -0.041113 0.067577 0.000000
0.187595 -0.102434 0.018209 0.000000
0.642946 -0.081689 -0.042199 0.000000
-0.362641 0.034474 0.056537 0.000000
-0.537521 0.119254 0.006902 2.000000
-0.493161 -0.037174 -0.002446 0.000000
-0.013705 -0.058207 -0.244945 1.000000
-0.395316 0.056398 -0.028421 0.000000
-0.353026 -0.004410 0.037462 0.000000
0.700683 -0.022573 -0.073582 0.000000
-0.565722 0.184826 -0.008300 2.000000
-0.240201 0.031981 -0.098978 3.000000
-0.019559 -0.056471 0.257481 1.000000
0.067425 -0.047167 0.065329 0.000000
0.000718 -0.045743 -0.374642 1.000000
-0.721660 0.230989 0.011421 2.000000
0.982511 -0.049705 0.018832 0.000000
-0.630292 0.190569 -0.006185 2.000000
0.035663 -0.065775 -0.195689 1.000000
0.096160 -0.044430 0.193223 1.000000
0.071187 -0.116612 -0.100915 3.000000
0.482400 0.037212 0.057138 0.000000
-0.270382 -0.006458 0.136087 3.000000
0.032413 -0.049594 -0.225314 1.000000
0.005815 -0.048792 0.344197 1.000000
-0.718433 0.225113 0.164532 2.000000
-0.375395 0.006563 -0.077099 3.000000
0.966041 -0.034347 0.028003 0.000000
-0.303057 0.001800 0.048970 0.000000
-0.392199 0.090186 -0.003759 2.000000
-0.185291 0.016779 0.138402 3.000000
-0.273543 -0.018766 0.072029 0.000000
-0.318927 -0.038954 0.066976 0.000000
0.367171 -0.083559 0.036817 0.000000
0.627143 -0.086853 0.029627 0.000000
-0.381427 -0.013736 -0.124241 3.000000
-0.300453 0.068173 0.001627 0.000000
-0.005425 -0.046811 0.358131 1.000000
-0.054170 0.068173 0.009172 0.000000
0.021373 -0.102434 0.020101 0.000000
0.498960 -0.077460 0.044429 0.000000
-0.575070 0.039972 0.016050 0.000000
-0.334997 -0.032811 -0.114893 3.000000
0.079288 -0.059298 -0.122928 1.000000
0.236317 0.019539 -0.067461 0.000000
-0.092231 -0.035037 0.428466 1.000000
0.598742 0.030980 -0.063188 0.000000
-0.236150 -0.010019 -0.006720 0.000000
0.463169 -0.084516 0.034747 0.000000
0.570808 0.063543 -0.025260 0.000000
-0.618940 0.232658 0.006123 2.000000
-0.683421 0.227027 -0.103519 2.000000
